0
0
0
-1
0
-1
0
1
0
0
0
0
0
0
1
0
0
0
0
0
0
-1
0
0
0
0
0
0
0
0
1
0
1
1
0
0
0
0
0
0
0
0
0
0
1
0
1
0
0
0
0
0
0
0
1
0
0
0
1
0
1
1
0
0
0
0
-1
0
0
1
0
0
0
0
0
0
0
0
0
0
0
0
0
-1
0
0
0
0
0
0
0
0
0
-1
0
1
0
0
0
0
0
0
0
-1
1
0
0
0
1
0
1
0
0
0
0
0
0
0
-1
0
1
0
0
0
1
0
0
0
0
-1
1
1
0
0
1
0
0
0
0
0
0
0
0
-1
0
0
0
0
1
0
0
0
0
0
0
-1
-1
1
0
0
1
0
0
-1
0
-1
1
0
1
0
0
0
0
1
-1
0
0
0
0
0
0
0
0
0
0
0
0
0
0
-1
0
0
0
0
1
0
0
0
0
0
0
0
0
-1
0
0
0
-1
0
0
1
0
-1
0
0
0
0
1
1
1
0
0
-1
0
0
-1
0
0
0
0
-1
0
0
0
0
0
0
1
0
0
0
0
0
1
0
0
0
0
0
0
0
-1
1
-1
0
-1
0
0
0
0
-1
0
0
0
0
0
0
0
0
0
1
0
0
0
0
0
0
0
0
0
0
0
0
0
0
-1
0
0
0
1
0
0
0
0
-1
0
-1
0
1
0
0
1
0
0
0
0
0
0
0
0
0
0
1
-1
0
-1
0
0
-1
0
0
0
0
-1
0
0
0
0
0
1
0
0
0
0
0
0
0
-1
0
0
0
0
0
0
-1
0
0
0
0
0
0
-1
0
-1
0
0
0
0
1
0
0
0
0
0
0
0
0
0
0
0
0
1
0
0
0
0
1
0
-1
0
1
0
0
0
0
0
0
0
-1
-1
0
0
0
1
0
-1
0
0
-1
0
0
0
-1
0
0
1
0
0
0
0
0
0
1
0
0
0
0
1
0
0
0
1
1
0
0
0
0
0
0
1
0
1
0
0
0
1
0
0
0
-1
1
1
0
-1
0
0
0
0
0
0
0
0
0
0
0
1
0
1
0
0
0
0
0
-1
0
1
0
0
-1
0
-1
0
0
-1
0
0
0
0
0
0
0
0
0
0
0
0
0
0
0
0
0
0
0
0
0
0
0
0
0
0
0
0
0
0
0
0
0
-1
0
0
0
0
0
0
0
-1
0
0
0
0
0
0
0
0
0
0
0
0
0
0
0
0
0
0
0
0
0
0
1
-1
0
0
0
0
0
0
0
1
0
0
0
0
0
-1
0
0
0
0
0
0
0
0
0
0
-1
-1
-1
-1
0
-1
0
0
0
0
0
0
-1
-1
0
-1
0
0
0
-1
0
0
0
0
0
0
0
1
0
0
0
0
0
0
0
0
0
0
1
1
0
0
0
0
0
0
0
0
0
0
0
1
0
0
0
0
0
1
1
0
0
0
0
0
-1
0
0
0
0
0
0
1
0
0
1
0
0
0
1
0
0
1
0
1
1
0
0
0
0
0
0
0
0
0
0
1
0
1
1
-1
0
0
0
0
0
0
0
0
0
0
0
1
0
0
1
0
0
0
1
0
0
0
-1
0
0
0
0
0
0
0
0
0
0
1
0
0
0
-1
-1
0
0
0
0
0
0
0
0
0
0
-1
0
1
0
0
0
0
0
0
0
-1
0
1
0
0
0
0
-1
0
-1
-1
0
0
0
0
1
0
0
0
0
0
0
0
0
1
1
0
1
-1
0
0
0
0
0
0
0
0
0
0
0
0
0
0
0
0
0
0
0
0
0
0
0
0
0
0
0
0
-1
1
0
1
0
0
1
0
0
0
0
0
1
-1
0
0
0
0
0
1
0
0
-1
0
0
0
0
1
0
0
1
-1
-1
0
0
0
0
0
0
0
0
0
0
0
-1
0
0
0
1
0
0
0
0
1
0
-1
-1
0
0
0
-1
0
0
0
0
0
-1
0
0
0
0
-1
0
0
0
0
0
0
0
0
0
0
0
0
0
0
-1
0
0
0
0
0
0
0
0
0
1
0
-1
0
0
0
0
0
0
0
0
0
0
0
0
0
0
0
0
0
0
0
-1
0
0
0
0
0
0
0
0
0
0
0
0
0
1
0
0
0
0
0
0
0
1
0
0
0
1
1
0
0
0
-1
1
1
0
0
0
0
0
0
0
1
0
0
0
1
0
0
0
0
0
-1
0
0
0
0
0
0
0
0
0
0
-1
-1
-1
0
0
0
0
-1
0
0
0
0
0
0
0
0
0
1
0
1
0
0
0
0
0
0
1
-1
0
1
-1
0
0
0
0
0
0
0
-1
0
0
0
-1
0
-1
0
0
0
0
0
-1
0
0
0
0
0
0
-1
0
0
0
0
0
0
0
0
-1
-1
0
0
0
0
0
1
0
0
0
0
0
-1
0
0
0
0
0
0
0
0
0
1
0
1
0
0
1
-1
1
0
0
0
-1
-1
0
0
0
-1
0
-1
0
0
0
-1
0
0
0
0
1
0
0
0
0
0
0
1
0
1
0
0
0
0
0
0
1
0
0
0
1
1
0
0
0
0
0
0
0
0
-1
1
0
0
0
0
0
0
0
1
0
0
-1
0
0
0
-1
-1
0
0
1
0
-1
0
0
0
0
0
0
-1
-1
0
0
-1
1
0
1
0
0
0
0
0
0
1
0
0
0
-1
0
0
0
0
0
1
-1
0
0
0
0
0
0
0
0
0
1
0
0
0
0
0
0
-1
0
0
-1
0
0
-1
0
0
0
0
0
0
0
0
1
0
0
-1
1
0
0
-1
-1
0
0
0
1
-1
0
0
0
-1
1
0
0
0
1
-1
0
0
0
0
0
0
0
0
0
0
0
-1
0
0
0
0
0
0
0
0
0
0
1
-1
0
0
-1
1
0
0
0
0
0
0
0
0
0
0
0
0
0
0
-1
0
0
0
0
0
0
0
-1
0
0
0
-1
0
0
-1
-1
0
0
0
0
0
1
1
-1
0
-1
0
0
0
0
0
0
0
0
1
0
0
0
0
-1
1
0
0
1
0
0
0
0
0
1
1
0
0
0
0
0
-1
0
-1
1
0
1
0
0
1
0
0
1
0
0
0
1
-1
-1
1
0
0
0
-1
0
0
1
0
0
0
0
0
0
-1
0
0
0
-1
0
0
1
1
-1
0
0
0
0
0
0
0
0
0
-1
1
0
0
1
0
0
0
0
1
-1
0
0
0
0
-1
1
0
0
-1
0
0
0
0
0
-1
0
-1
1
0
0
1
0
0
0
0
0
0
0
0
-1
0
0
0
1
0
1
0
0
0
0
-1
0
0
1
1
0
0
0
-1
-1
0
0
0
-1
0
0
1
0
1
0
0
1
0
0
1
0
0
0
0
0
0
0
0
0
0
0
-1
1
0
0
0
0
0
0
0
0
0
0
-1
0
-1
0
0
0
0
0
-1
0
0
0
1
0
0
0
0
0
0
0
0
0
-1
1
1
-1
0
0
0
0
0
0
0
0
0
0
0
0
0
-1
0
0
0
0
0
0
0
0
-1
0
0
0
0
-1
0
-1
0
0
0
0
0
-1
0
0
-1
0
0
0
1
0
0
0
0
0
0
1
0
0
0
0
0
1
0
0
0
1
1
0
0
0
0
0
0
0
0
1
1
1
0
0
-1
0
0
0
-1
-1
0
0
0
0
0
0
0
0
0
0
0
0
0
0
0
0
0
0
0
0
0
1
1
1
0
-1
0
0
0
0
0
0
1
-1
-1
0
0
0
0
0
1
0
-1
0
0
0
0
0
0
0
0
-1
0
0
0
0
1
0
0
0
0
0
-1
1
1
0
0
0
0
1
0
0
0
0
1
0
0
0
0
0
1
1
1
0
0
1
1
0
0
1
0
0
1
0
0
0
0
0
1
0
1
0
-1
0
0
0
0
-1
0
0
0
0
0
0
-1
0
-1
-1
-1
0
0
-1
1
-1
-1
0
0
-1
0
-1
-1
0
0
-1
0
-1
-1
-1
-1
0
0
0
0
0
0
-1
-1
0
0
0
0
-1
0
-1
0
-1
0
0
0
0
1
0
0
0
0
0
1
0
0
1
0
0
0
1
0
1
1
0
0
1
1
1
0
1
1
0
1
0
-1
0
1
0
0
1
0
0
0
0
0
-1
0
0
-1
0
0
0
0
0
1
0
-1
0
0
0
-1
-1
-1
0
0
-1
-1
-1
-1
0
0
0
0
-1
0
0
0
0
0
0
-1
0
0
0
0
0
0
0
0
0
1
0
0
0
0
0
1
0
0
1
0
1
-1
1
0
1
1
0
0
0
0
0
0
-1
0
0
0
0
1
0
0
0
0
0
0
0
0
0
1
0
1
1
0
0
0
0
1
1
1
1
0
1
1
1
0
0
1
0
0
1
0
0
1
1
0
-1
0
-1
0
-1
0
0
0
-1
0
-1
-1
-2
-2
-2
-2
-3
-2
-3
-3
-3
-3
-3
-2
-3
-2
-3
-2
-2
-2
-2
-2
-1
0
0
1
1
1
1
2
3
3
3
3
5
5
4
4
5
6
6
6
7
7
7
7
8
8
9
9
10
10
10
11
12
12
13
12
13
13
13
14
13
14
14
13
13
12
11
11
11
11
10
8
8
7
7
6
5
5
3
2
2
1
1
-1
-2
-3
-4
-5
-6
-7
-7
-9
-10
-11
-13
-14
-15
-17
-18
-19
-21
-23
-24
-26
-27
-28
-30
-30
-32
-32
-33
-34
-35
-35
-35
-35
-35
-34
-33
-33
-31
-30
-28
-26
-24
-21
-18
-16
-12
-10
-7
-3
-1
2
5
8
11
13
17
18
20
22
24
25
27
28
29
30
33
33
34
35
36
37
39
39
40
42
43
44
45
46
46
47
47
47
46
46
45
42
40
38
35
30
27
22
17
12
7
0
-5
-11
-16
-22
-27
-32
-36
-40
-43
-46
-48
-49
-50
-50
-51
-49
-47
-46
-43
-40
-37
-32
-29
-25
-20
-16
-12
-7
-4
-1
2
6
7
10
12
13
12
13
14
11
10
9
6
4
1
-2
-4
-7
-11
-13
-15
-18
-20
-23
-24
-25
-25
-26
-26
-26
-24
-24
-22
-20
-19
-16
-14
-11
-8
-6
-3
0
4
7
9
12
16
18
22
26
28
31
33
36
39
41
43
45
47
48
49
50
50
50
50
49
48
46
44
41
38
33
30
26
21
17
11
5
0
-5
-11
-17
-23
-28
-33
-39
-43
-49
-52
-56
-59
-62
-65
-66
-68
-68
-68
-67
-66
-63
-62
-58
-55
-50
-46
-40
-34
-28
-22
-16
-10
-4
2
9
14
19
23
28
33
35
37
39
40
42
40
40
39
38
36
35
33
30
28
24
22
20
17
15
13
12
10
7
6
5
3
3
1
1
0
0
0
-1
0
-1
-1
-1
-1
0
0
0
1
1
2
4
5
7
8
9
11
13
16
18
20
22
23
24
27
28
29
29
28
28
26
26
24
21
18
14
11
7
3
-2
-8
-14
-20
-26
-30
-35
-40
-44
-49
-52
-55
-58
-60
-63
-63
-64
-63
-62
-59
-58
-56
-53
-48
-44
-40
-35
-30
-26
-19
-14
-9
-3
2
5
10
15
18
21
25
28
31
32
32
33
32
33
31
30
29
28
26
24
23
22
20
18
17
14
14
13
13
12
10
11
9
10
9
8
9
8
8
7
7
7
7
5
4
2
-1
-2
-3
-6
-5
-7
-6
-6
-5
-5
-4
-3
-2
-1
3
5
8
11
14
17
20
23
25
27
28
28
30
31
33
33
31
31
29
27
26
22
19
15
12
9
6
2
-2
-5
-10
-13
-16
-17
-20
-22
-24
-25
-27
-27
-27
-26
-26
-25
-23
-20
-18
-15
-13
-10
-9
-7
-5
-3
-2
-1
1
2
3
4
4
4
2
1
-1
-2
-4
-5
-6
-9
-11
-12
-13
-15
-17
-20
-21
-22
-23
-23
-23
-23
-24
-24
-24
-23
-21
-20
-20
-19
-18
-15
-12
-12
-9
-8
-6
-4
-2
1
3
3
6
6
10
12
15
17
18
19
20
23
22
24
23
24
22
22
21
21
20
17
15
11
8
6
5
2
-1
-5
-8
-11
-11
-14
-18
-22
-25
-25
-25
-24
-26
-28
-29
-28
-27
-23
-22
-21
-22
-18
-13
-8
-4
-2
2
7
13
20
25
29
33
37
43
48
51
54
55
58
60
63
63
60
58
56
56
54
52
46
42
38
37
33
28
22
14
11
7
6
0
-3
-10
-10
-14
-15
-17
-22
-25
-27
-25
-26
-24
-29
-28
-32
-29
-28
-25
-28
-29
-30
-29
-26
-25
-23
-26
-27
-27
-25
-24
-23
-24
-25
-25
-23
-24
-23
-24
-22
-24
-22
-24
-22
-22
-18
-18
-18
-19
-19
-16
-14
-13
-12
-14
-15
-15
-11
-10
-9
-12
-14
-14
-12
-10
-7
-8
-8
-8
-7
-4
-3
0
1
5
5
8
11
13
17
18
22
21
23
24
28
29
32
29
28
25
27
26
27
25
21
18
14
13
13
11
8
4
-1
-1
-1
0
-2
-3
-7
-7
-6
-5
-4
-3
-4
-5
-2
-2
1
3
5
4
4
4
6
8
12
12
12
10
9
11
14
16
14
12
9
8
11
10
10
7
5
1
4
3
4
1
1
-2
-2
-2
-1
-2
-2
-3
-2
-2
-1
-1
-1
-2
-2
-3
-4
-3
-4
-5
-9
-7
-8
-6
-9
-10
-14
-14
-15
-13
-15
-18
-21
-24
-22
-22
-19
-21
-23
-25
-25
-22
-20
-17
-19
-19
-18
-16
-12
-8
-6
-5
-5
-4
-1
3
3
5
3
4
6
8
10
9
8
7
7
9
8
9
7
8
7
8
9
9
12
10
15
13
17
16
18
19
19
22
23
25
25
26
23
24
23
24
21
20
16
13
12
11
9
6
2
-4
-5
-11
-11
-17
-17
-21
-22
-26
-26
-28
-29
-29
-31
-31
-30
-32
-28
-29
-25
-26
-22
-21
-19
-17
-16
-11
-11
-4
-7
-2
-3
2
5
8
8
9
11
13
16
17
19
17
18
16
19
17
21
18
19
15
15
14
14
14
12
10
7
7
5
7
7
6
4
2
1
2
2
2
1
2
0
1
1
3
1
1
1
0
0
1
2
1
3
1
2
3
3
5
3
5
3
7
5
8
6
7
8
9
11
8
12
7
10
7
11
11
10
7
5
4
4
4
4
-2
-2
-9
-4
-9
-6
-11
-15
-16
-21
-18
-23
-20
-26
-25
-29
-30
-28
-32
-27
-34
-27
-33
-26
-29
-26
-26
-24
-22
-21
-17
-18
-13
-13
-8
-8
-6
-5
-1
2
3
5
5
8
8
11
11
13
11
12
12
15
13
12
13
11
12
10
13
11
10
7
7
6
6
6
5
3
5
2
1
3
3
1
-1
2
0
4
0
6
5
9
6
7
7
13
17
12
12
15
18
21
16
19
20
19
21
20
20
16
23
14
19
11
15
11
12
4
10
3
3
-1
-3
-4
-3
-8
-10
-14
-10
-14
-14
-18
-19
-15
-20
-15
-23
-21
-16
-13
-19
-19
-11
-15
-12
-13
-5
-7
-9
-7
-3
1
-1
6
0
4
8
8
8
7
15
9
8
11
16
14
7
15
12
10
9
10
12
6
1
3
7
1
1
0
-1
-2
-6
-8
-4
-8
-13
-12
-10
-14
-14
-19
-17
-17
-18
-18
-21
-18
-21
-15
-24
-13
-18
-17
-20
-13
-7
-15
-9
-11
-2
-6
2
-1
5
1
6
8
10
6
14
8
17
12
14
13
9
17
14
12
6
15
8
9
4
8
11
0
-3
5
3
0
2
-5
-1
-7
0
-3
1
-5
-3
-7
-3
6
0
-6
-5
5
-2
3
-1
4
4
-5
3
1
9
-3
1
3
3
9
-7
9
1
9
-5
3
3
4
8
-3
3
1
8
6
1
-3
6
9
2
-1
3
7
4
1
1
5
4
-2
6
2
6
-5
2
2
1
-5
-1
-3
0
-9
2
-7
-8
-1
-4
-9
-14
0
-4
-10
-12
-5
-5
-8
-10
-7
-4
-1
-12
-9
-1
5
-5
-10
1
7
-3
-9
6
6
-2
-12
7
6
-2
-5
-2
2
0
-7
-2
1
-4
-6
-7
-3
-11
-1
-6
-6
-18
0
-15
0
-4
-17
-8
-11
10
-24
-5
-1
0
-14
-6
1
4
-7
4
-4
1
4
1
7
6
6
0
9
11
15
2
16
11
14
11
17
12
14
18
9
18
23
8
16
13
23
6
20
13
10
11
18
6
8
16
9
4
1
20
4
-4
8
4
14
-17
5
8
5
0
-11
-1
-4
5
-8
1
-18
-6
-3
0
-20
-10
-2
-14
-22
-23
14
-28
-15
-22
-7
-26
-18
-10
-21
-14
-28
-10
-25
-8
-13
-17
-28
-9
1
-29
-7
-14
-2
-6
-6
-15
-4
9
-4
-11
1
15
2
-13
11
24
1
-1
5
24
11
5
10
14
25
-1
24
5
13
18
16
17
5
5
24
12
14
-14
21
20
-1
-5
2
31
-5
-15
5
6
8
-22
2
10
1
-12
-16
20
-9
-6
-15
-1
11
-22
3
-12
3
3
-26
4
-16
28
-41
4
2
1
-5
-12
12
-11
7
-26
24
1
-7
-1
3
14
-7
0
3
2
8
0
-4
-4
9
-5
-6
-12
-7
0
-24
-15
-8
-3
-30
-24
-25
-12
-5
-50
-15
-27
-9
-38
-20
-20
-15
-31
-18
-8
-15
0
-24
6
9
-4
3
10
29
8
10
21
34
36
11
31
27
51
12
30
43
34
30
5
43
30
26
19
18
20
13
17
13
8
-5
15
-6
-4
-5
-2
2
-21
-4
-6
-12
-10
-21
1
-11
-9
-17
-4
-4
-9
-9
4
-5
-3
-4
4
2
-1
5
-3
11
-13
10
1
6
-7
-1
17
-1
16
-1
15
10
23
22
17
30
22
32
30
34
38
31
42
19
37
31
35
25
16
22
19
7
-2
-1
1
-10
-40
-30
-25
-40
-59
-60
-57
-59
-86
-68
-90
-59
-103
-70
-104
-65
-91
-83
-71
-79
-59
-77
-49
-73
-43
-38
-43
-32
-43
-7
-6
-9
-11
-6
25
10
4
20
19
19
23
27
28
21
23
31
39
38
28
42
46
44
46
53
44
56
45
62
65
59
70
59
92
61
75
66
87
62
68
73
67
60
45
61
54
42
20
43
26
25
12
6
8
-3
-9
-20
-11
-37
-10
-25
-37
-30
-36
-7
-52
-17
-31
-13
-27
-13
-5
-8
-6
11
-1
23
0
25
21
31
32
16
36
27
36
17
34
16
15
10
10
-2
1
-11
-29
-24
-32
-39
-57
-48
-64
-70
-95
-88
-91
-97
-120
-125
-118
-126
-122
-141
-127
-130
-138
-138
-134
-131
-123
-125
-120
-105
-105
-108
-87
-76
-74
-63
-58
-28
-23
-12
4
15
37
27
60
67
83
87
95
119
121
136
130
147
157
148
160
155
178
161
174
163
169
165
156
160
145
141
129
125
109
101
91
80
72
51
49
30
22
16
-11
-8
-24
-24
-54
-47
-58
-56
-78
-79
-84
-73
-94
-84
-94
-73
-96
-69
-88
-63
-67
-61
-53
-39
-43
-36
-29
3
-18
-1
-5
22
22
23
37
28
51
34
52
49
52
55
53
63
58
45
53
57
47
44
21
37
19
13
1
-10
-18
-39
-54
-72
-79
-102
-116
-136
-159
-164
-181
-196
-205
-218
-230
-230
-244
-230
-232
-225
-219
-205
-188
-169
-146
-128
-95
-85
-47
-29
2
31
56
85
101
129
145
176
181
201
212
220
232
229
242
243
237
226
224
218
210
197
176
179
154
147
127
107
108
80
76
44
46
34
28
6
0
-2
-6
-18
-33
-30
-33
-28
-60
-32
-50
-36
-47
-51
-47
-38
-43
-55
-44
-48
-35
-46
-44
-32
-34
-42
-30
-32
-28
-41
-30
-33
-29
-37
-31
-35
-31
-30
-35
-24
-30
-33
-24
-20
-20
-21
-16
-12
-13
-12
-13
-21
-15
-21
-33
-35
-53
-64
-63
-80
-105
-122
-143
-165
-182
-209
-241
-266
-289
-327
-348
-367
-399
-414
-426
-436
-431
-429
-421
-409
-384
-353
-325
-284
-253
-210
-156
-114
-72
-10
49
90
147
188
242
291
328
367
405
442
461
506
516
525
539
525
535
535
514
516
492
474
460
440
438
410
374
345
361
332
334
284
300
317
279
287
271
287
278
250
264
294
290
271
276
308
272
316
298
292
311
293
291
309
295
261
251
256
202
205
173
162
105
101
62
35
9
-66
-63
-129
-165
-226
-179
-300
-310
-356
-383
-437
-471
-493
-546
-535
-599
-634
-597
-657
-678
-657
-689
-704
-706
-699
-723
-728
-788
-764
-769
-814
-827
-833
-813
-853
-838
-849
-890
-880
-892
-926
-957
-990
-998
-1008
-1037
-1044
-1015
-990
-963
-936
-866
-777
-708
-604
-540
-448
-325
-214
-142
-26
91
216
335
400
514
619
696
781
852
928
977
1015
1058
1111
1127
1128
1120
1111
1127
1111
1119
1111
1074
1038
1021
1024
979
964
911
886
862
833
834
822
818
809
790
829
822
774
845
783
813
778
786
762
810
738
657
743
661
689
615
652
610
588
524
455
519
426
347
277
298
188
161
71
20
41
-127
-160
-219
-211
-365
-353
-438
-469
-479
-565
-618
-620
-642
-745
-750
-753
-768
-837
-855
-833
-884
-905
-901
-937
-953
-955
-960
-1021
-947
-1013
-1030
-1020
-1056
-1077
-1092
-1095
-1140
-1094
-1097
-1136
-1107
-1177
-1180
-1205
-1240
-1288
-1293
-1314
-1336
-1271
-1221
-1179
-1117
-1039
-943
-853
-776
-671
-575
-446
-313
-210
-56
83
224
324
446
556
677
761
828
944
1012
1104
1190
1279
1332
1331
1378
1386
1411
1411
1409
1454
1411
1386
1412
1380
1349
1296
1231
1139
1117
1078
1031
987
895
920
876
789
807
793
769
702
683
718
677
633
580
623
549
521
512
549
479
495
425
476
532
379
430
445
395
364
343
363
338
200
212
177
108
-1
-48
-39
-192
-158
-313
-284
-316
-471
-547
-498
-600
-752
-767
-724
-886
-932
-972
-994
-1056
-1123
-1138
-1174
-1202
-1271
-1277
-1321
-1296
-1337
-1381
-1337
-1426
-1413
-1432
-1460
-1383
-1415
-1408
-1393
-1442
-1423
-1471
-1541
-1575
-1606
-1639
-1682
-1671
-1654
-1580
-1529
-1459
-1364
-1257
-1151
-1032
-888
-754
-612
-452
-310
-115
66
218
385
509
626
765
914
1001
1100
1207
1289
1398
1497
1556
1571
1615
1579
1590
1651
1644
1662
1679
1668
1667
1647
1609
1555
1499
1409
1382
1387
1366
1315
1272
1262
1159
1171
1130
1099
1047
1042
1012
992
989
877
905
899
774
721
773
811
660
699
695
678
733
570
599
628
643
449
501
648
485
330
373
377
278
125
30
53
43
-223
-295
-184
-331
-532
-571
-578
-623
-786
-875
-837
-849
-1008
-1055
-1013
-1034
-1209
-1255
-1249
-1214
-1374
-1485
-1344
-1395
-1488
-1498
-1472
-1459
-1535
-1536
-1514
-1443
-1449
-1474
-1421
-1424
-1432
-1441
-1478
-1510
-1516
-1573
-1631
-1558
-1529
-1486
-1413
-1363
-1246
-1125
-1012
-900
-756
-651
-547
-403
-229
-93
21
195
289
386
482
612
762
825
886
985
1100
1138
1233
1284
1264
1308
1294
1352
1392
1417
1428
1459
1437
1443
1458
1481
1462
1377
1413
1345
1344
1403
1368
1298
1294
1246
1218
1192
1175
1073
1057
1073
943
971
979
838
824
807
693
635
735
556
537
503
529
420
450
374
425
336
264
374
226
253
163
135
19
126
-76
-149
-50
-242
-299
-315
-360
-482
-497
-571
-681
-674
-759
-875
-880
-932
-1021
-1029
-1090
-1182
-1100
-1288
-1286
-1275
-1320
-1373
-1397
-1334
-1472
-1346
-1428
-1462
-1430
-1414
-1512
-1466
-1370
-1510
-1396
-1458
-1552
-1466
-1571
-1619
-1668
-1746
-1776
-1813
-1797
-1724
-1635
-1620
-1548
-1415
-1285
-1177
-1061
-955
-863
-691
-573
-398
-217
-106
57
186
322
456
621
744
879
986
1105
1246
1344
1443
1543
1574
1597
1694
1740
1774
1830
1866
1890
1897
1882
1909
1939
1854
1827
1825
1781
1786
1709
1730
1657
1640
1549
1527
1518
1437
1404
1392
1397
1266
1283
1289
1201
1135
1185
1029
1020
1068
847
932
897
783
831
718
731
590
655
504
515
482
336
317
283
108
85
16
-121
-151
-213
-310
-377
-415
-524
-603
-630
-732
-809
-824
-985
-952
-1023
-1141
-1162
-1143
-1385
-1349
-1378
-1517
-1476
-1437
-1624
-1586
-1534
-1671
-1651
-1672
-1692
-1704
-1722
-1736
-1640
-1651
-1701
-1664
-1608
-1759
-1684
-1732
-1790
-1761
-1780
-1843
-1821
-1717
-1721
-1643
-1505
-1479
-1329
-1182
-1071
-909
-821
-660
-534
-336
-221
-67
99
245
331
420
586
722
822
905
1010
1149
1265
1347
1444
1531
1524
1530
1625
1632
1683
1756
1765
1766
1776
1806
1838
1780
1743
1713
1684
1682
1687
1743
1640
1596
1678
1554
1504
1507
1419
1336
1322
1247
1181
1250
1048
1042
998
898
778
911
731
666
727
582
634
516
478
414
427
289
258
201
198
81
-13
-15
-174
-135
-305
-333
-330
-483
-511
-550
-571
-713
-746
-867
-823
-936
-1005
-1037
-1049
-1091
-1204
-1171
-1220
-1245
-1382
-1398
-1315
-1441
-1476
-1567
-1472
-1628
-1665
-1630
-1746
-1730
-1825
-1801
-1739
-1833
-1822
-1730
-1786
-1810
-1773
-1806
-1797
-1906
-1857
-1851
-1957
-1872
-1802
-1823
-1719
-1575
-1548
-1439
-1254
-1149
-982
-882
-759
-547
-373
-277
-95
108
204
360
487
604
778
926
1021
1134
1288
1380
1523
1665
1725
1681
1787
1911
1854
1974
2005
2109
2090
2141
2152
2167
2162
2102
2018
2064
2062
1985
2084
2078
1970
1953
1986
1862
1788
1761
1692
1538
1587
1498
1406
1417
1176
1245
1063
1035
1037
896
903
773
859
619
671
651
484
434
429
284
269
251
68
43
44
-138
-124
-151
-306
-324
-355
-434
-545
-574
-649
-695
-840
-874
-834
-931
-1006
-996
-1017
-1110
-1133
-1243
-1284
-1332
-1313
-1417
-1472
-1413
-1485
-1636
-1530
-1619
-1750
-1707
-1798
-1864
-1773
-1813
-1862
-1774
-1795
-1808
-1734
-1785
-1751
-1765
-1823
-1861
-1815
-1872
-1878
-1788
-1779
-1710
-1594
-1512
-1472
-1293
-1106
-990
-924
-795
-546
-454
-285
-91
74
215
358
470
586
764
869
1005
1117
1239
1353
1464
1527
1616
1649
1671
1736
1802
1825
1885
1958
1893
1983
1968
1904
1904
1955
1817
1857
1854
1845
1872
1823
1831
1733
1718
1604
1558
1539
1438
1352
1274
1278
1114
1048
995
955
788
728
747
733
711
570
607
595
537
327
436
399
294
161
225
166
100
12
-118
-154
-200
-443
-416
-418
-602
-646
-776
-725
-803
-939
-980
-962
-1009
-1233
-1106
-1063
-1324
-1324
-1243
-1384
-1349
-1393
-1449
-1432
-1437
-1438
-1473
-1503
-1473
-1560
-1568
-1598
-1560
-1535
-1654
-1635
-1584
-1626
-1634
-1593
-1548
-1494
-1485
-1582
-1477
-1368
-1595
-1559
-1473
-1496
-1617
-1470
-1417
-1347
-1266
-1221
-1128
-956
-857
-834
-640
-531
-417
-285
-119
-6
179
363
416
554
653
785
935
1036
1131
1176
1240
1387
1534
1503
1550
1553
1648
1673
1719
1808
1821
1837
1818
1842
1879
1975
1860
1997
1983
1967
2014
2061
2076
1959
2072
1868
1833
1842
1788
1626
1554
1516
1393
1341
1119
1148
1124
972
873
880
853
745
722
589
603
594
406
432
452
363
236
247
197
174
-30
-52
-20
-248
-207
-337
-341
-529
-398
-649
-689
-552
-883
-783
-890
-990
-1040
-967
-1231
-1239
-1170
-1309
-1355
-1348
-1269
-1480
-1357
-1548
-1550
-1434
-1694
-1628
-1639
-1567
-1666
-1657
-1588
-1613
-1681
-1589
-1575
-1650
-1493
-1484
-1559
-1462
-1424
-1510
-1538
-1535
-1587
-1626
-1534
-1608
-1499
-1403
-1352
-1271
-1167
-1103
-918
-779
-777
-542
-424
-292
-121
35
196
369
534
570
786
908
1071
1127
1312
1364
1444
1600
1668
1789
1774
1831
1933
1917
1943
2131
2066
2085
2143
2035
2066
2054
2124
2077
1994
2053
1979
1943
1973
1839
1726
1833
1492
1498
1469
1439
1229
1065
1076
874
746
745
709
527
503
586
390
293
422
417
30
171
224
-57
40
-23
-86
-287
-9
-540
-303
-252
-593
-622
-597
-528
-923
-579
-862
-981
-833
-1017
-1122
-987
-1085
-1274
-1186
-1229
-1385
-1174
-1377
-1415
-1265
-1450
-1511
-1408
-1418
-1631
-1445
-1595
-1533
-1546
-1622
-1575
-1600
-1525
-1754
-1462
-1667
-1503
-1597
-1611
-1402
-1529
-1447
-1475
-1428
-1546
-1463
-1546
-1611
-1478
-1550
-1559
-1595
-1313
-1402
-1221
-1179
-1215
-974
-840
-759
-594
-403
-220
-92
183
285
504
667
791
898
1075
1196
1322
1536
1626
1657
1698
1791
1895
1840
1919
2030
1967
2050
2142
2083
2116
2297
2034
2063
2103
2199
2291
2093
2282
2155
2085
2116
2031
2003
1933
1860
1797
1554
1796
1477
1339
1490
1010
1098
1089
941
886
832
705
630
858
239
562
716
128
384
498
104
151
295
-157
65
-136
-209
-251
-227
-502
-377
-576
-605
-597
-835
-651
-939
-836
-1035
-859
-1006
-1271
-1020
-1180
-1326
-1384
-1301
-1379
-1603
-1544
-1485
-1586
-1663
-1793
-1326
-1883
-1826
-1473
-1632
-1759
-1693
-1564
-1670
-1573
-1678
-1537
-1433
-1500
-1727
-1309
-1313
-1697
-1325
-1347
-1499
-1228
-1515
-1358
-1141
-1618
-1283
-1067
-1203
-1218
-929
-936
-898
-598
-663
-589
-265
-78
-189
143
270
447
677
593
884
1076
1105
1403
1448
1413
1621
1711
1775
1870
1822
1913
1967
1939
1933
2054
2085
1843
2104
2046
1999
2124
2073
2248
2021
2031
2085
2090
1879
1959
1881
1708
1683
1552
1191
1536
1341
827
943
1304
575
675
812
806
406
284
769
160
167
467
-184
35
314
-650
175
-154
-807
-96
-394
-676
-465
-409
-986
-494
-659
-1250
-441
-946
-1319
-834
-839
-1431
-1229
-626
-1973
-1095
-1288
-1780
-1339
-1506
-1630
-1881
-1232
-1889
-1988
-1250
-2207
-1516
-1908
-1618
-1705
-1763
-1554
-1978
-1185
-1819
-1956
-1166
-1921
-1743
-1469
-1474
-1916
-1315
-1603
-1735
-1531
-1425
-1776
-1732
-1332
-1623
-1451
-1119
-993
-1174
-761
-740
-480
-444
-317
93
39
278
539
732
880
920
1116
1102
1202
1594
1388
1879
1855
1809
1778
2171
2267
1981
2095
2295
2261
2032
2365
2370
2277
2066
2575
1953
2227
2488
2262
2409
1929
2554
1653
2231
1805
2008
1769
1601
1822
1291
1805
1041
1451
1195
1172
697
1003
1289
551
700
687
283
656
120
220
362
81
-114
-304
252
-290
-135
-517
-179
-494
-650
-380
-560
-817
-418
-1146
-1035
-455
-1298
-837
-1294
-1316
-753
-1309
-2009
-406
-1789
-1453
-1497
-1436
-1458
-1475
-1402
-2018
-1098
-1800
-1572
-1537
-1698
-1524
-1683
-1844
-1658
-1548
-1970
-2113
-1313
-2520
-1460
-1967
-2248
-1630
-2163
-2058
-1964
-2078
-2320
-1699
-2290
-1830
-1502
-1928
-1166
-1427
-1475
-865
-616
-696
-596
14
-17
267
257
517
956
942
671
1186
1574
1168
1842
1741
1586
1962
1773
2003
2085
2263
2091
1986
2433
2184
2104
2213
2142
2143
2209
2015
2127
2344
2411
2206
1769
2387
2021
1942
2032
1856
2121
1417
1784
1574
1787
1235
1180
1523
830
1439
807
1234
581
895
1141
-223
983
372
441
187
-37
338
-368
442
-451
-295
-69
-663
-346
-858
31
-1080
-953
-741
-822
-878
-1257
-821
-1303
-1117
-1432
-1025
-1577
-1325
-1601
-1424
-1588
-2073
-1389
-1583
-2589
-909
-2504
-2178
-1418
-2198
-2031
-2234
-1999
-2011
-1955
-2397
-2094
-1813
-2306
-2553
-2080
-2203
-2527
-2572
-2508
-2513
-2512
-2722
-2713
-2071
-2366
-1950
-1719
-1962
-1603
-1135
-871
-344
-832
-154
430
200
600
951
1160
1259
1297
1450
1890
2083
2142
2182
2281
2301
2151
2622
2733
2573
2485
2264
2594
2609
2534
2494
2379
2552
2401
2038
2320
2646
2491
2147
2291
2184
2290
2144
2002
1860
1804
2123
1240
1491
1809
1551
1229
826
1429
1016
798
1267
635
1067
1088
-5
1032
521
661
137
261
501
-151
109
-197
83
-607
-282
-232
-825
-537
-671
-1039
-669
-1340
-1203
-717
-1253
-1764
-1187
-1073
-2107
-1584
-1396
-1865
-1707
-1795
-2569
-1474
-1697
-2803
-1543
-2014
-2519
-1729
-2338
-2225
-1839
-2511
-2163
-2210
-1962
-2718
-2391
-1868
-3363
-2507
-2499
-3190
-2572
-2967
-2925
-2221
-2127
-2264
-2261
-1712
-1755
-1182
-863
-844
-559
-17
21
138
680
662
1273
1368
1080
1485
1868
2212
2268
2126
2045
2313
2686
2653
2723
2556
2547
2457
2576
2533
2495
2611
2365
2289
2063
2112
2260
2295
1994
1919
1871
1818
1622
1776
1724
1480
1841
1082
1847
1449
1073
1411
1318
1087
1114
1300
894
1527
789
914
1151
606
1299
731
701
1309
494
622
214
799
366
281
111
-372
296
-410
-765
-557
-609
-899
-733
-1505
-934
-1194
-1504
-1859
-1494
-1707
-1814
-1744
-1925
-2070
-2182
-2271
-1947
-1907
-2363
-2383
-2534
-2234
-2368
-2856
-2530
-2197
-3004
-2600
-2937
-2931
-2842
-3483
-3197
-3488
-3338
-3463
-3178
-2830
-2804
-2458
-2813
-2298
-1780
-1449
-1214
-1056
-683
-389
174
294
491
775
1252
1454
1291
1522
1912
2441
2644
2311
2121
2382
2959
3018
2869
2569
2609
2803
2485
2748
2712
2659
2418
2286
2106
1842
2013
2095
1997
1622
1499
1306
1482
1575
1170
1227
1178
1090
1081
1021
931
1023
871
896
858
1014
1069
1134
1174
811
835
1307
1333
1128
1028
1139
1230
773
723
810
1059
877
33
439
450
134
331
-444
-39
-541
-511
-542
-1051
-939
-1289
-1318
-1774
-1412
-1961
-1930
-2109
-2375
-2104
-2615
-2244
-2821
-2225
-2539
-3301
-2668
-2466
-2751
-2950
-2826
-3187
-2755
-3129
-3352
-3176
-3341
-3250
-3550
-2708
-2462
-1984
-2172
-2920
-1963
-1522
-610
-565
-677
-543
139
620
423
934
1249
1957
1607
1303
1576
2384
3159
2570
1890
1840
2564
3012
2989
2473
2054
2086
2145
2375
2341
2226
2035
1906
1482
1153
1273
1712
1837
1340
859
721
993
1068
775
552
775
923
714
352
306
684
733
524
399
667
1034
914
673
599
957
795
949
984
1157
1438
762
740
876
1006
1043
720
706
829
834
115
45
363
360
-197
-421
-484
-527
-433
-1185
-1354
-1399
-1370
-1236
-1573
-1963
-2344
-2167
-1863
-2259
-2408
-2181
-2282
-2689
-3042
-2998
-2480
-2282
-3140
-3384
-3364
-3448
-3103
-3474
-3577
-3277
-2771
-2365
-2341
-2497
-2469
-1773
-892
-863
-690
-280
387
858
696
416
1209
2175
2234
1946
1528
2266
3100
3000
2600
2149
2527
3148
3289
2875
2283
2002
2257
2554
2376
1970
1910
1740
1583
934
670
1084
1419
1249
592
232
272
463
272
209
31
252
181
-99
-354
-257
-41
-85
-166
-188
21
76
231
-20
50
174
616
606
434
657
615
824
370
424
573
943
878
253
380
282
130
218
370
-82
-361
-341
-394
-688
-997
-943
-633
-869
-1366
-1784
-1483
-1209
-1553
-2013
-2199
-1785
-1839
-2119
-2348
-2317
-2261
-2501
-2642
-2859
-2965
-2742
-3093
-3639
-3421
-2402
-1945
-1804
-2577
-2644
-1960
-832
-300
-510
-237
202
1055
1081
951
1491
2455
2890
2760
2230
2493
3496
4084
3731
2905
2890
3768
4300
4066
3011
2422
2796
3183
3215
2511
2415
2411
2144
1346
799
1094
1844
1756
850
28
-234
427
436
53
-563
-464
-201
-417
-957
-1339
-914
-591
-1040
-1512
-1357
-798
-559
-1075
-1555
-1260
-473
-286
-381
-673
-786
-509
-589
-410
-160
-197
7
-264
-659
-587
-305
-465
-355
-428
-1332
-829
-997
-1006
-893
-1512
-1794
-1291
-947
-1727
-1781
-2107
-2038
-1693
-1633
-2072
-2044
-1755
-2190
-2088
-2428
-2504
-2155
-2304
-2747
-3020
-3173
-2774
-1877
-1633
-1666
-2227
-1943
-1147
-221
110
64
131
686
1507
1882
1934
2095
2636
3356
3484
2849
3078
4011
4764
4382
3407
3189
4240
5117
4736
3546
2706
3145
3925
3882
3146
2609
2484
2411
1777
1306
1361
2068
1890
1036
-54
-416
423
691
317
-798
-799
-546
-624
-1165
-1801
-1401
-1052
-1278
-1967
-2048
-1662
-1433
-1670
-2194
-1912
-1212
-844
-1103
-1465
-1491
-1101
-853
-1003
-898
-676
-452
-913
-1038
-985
-939
-429
-649
-1040
-1000
-997
-1130
-1183
-1158
-1444
-1366
-1247
-1285
-1441
-1841
-1768
-1702
-1685
-1917
-1788
-1847
-2072
-2224
-2606
-2509
-2431
-2584
-2750
-2902
-3243
-3032
-2343
-1768
-1599
-2218
-2436
-1656
-286
190
320
-43
499
1306
1721
1709
2090
3106
3593
3499
2616
2965
4288
5189
4816
3744
3533
4588
5589
5268
4072
3420
3830
4612
4544
3808
3357
3236
3090
2420
1907
2114
2808
2654
1662
489
238
917
1199
641
-111
-285
-248
-470
-1156
-1531
-1118
-954
-1272
-1845
-2117
-1707
-1565
-1823
-2178
-1986
-1472
-1183
-1335
-1765
-1785
-1537
-1253
-1108
-1140
-1200
-1015
-1307
-1502
-1424
-1256
-847
-1004
-1238
-1822
-1616
-1479
-1606
-1599
-1811
-1789
-1857
-1905
-2035
-1869
-1965
-2134
-2211
-2378
-2314
-2083
-2296
-2789
-3109
-3111
-2817
-2808
-3198
-3537
-2995
-2437
-2051
-2510
-2773
-2194
-1275
-690
-789
-841
-299
695
1096
1005
909
1747
2594
3043
2555
2387
3212
4136
4432
3800
3316
3914
5125
5388
4704
3717
3765
4573
5131
4756
3991
3680
3849
3776
3214
2753
3175
3589
3219
2269
1362
1607
1991
2027
1210
801
751
744
301
-592
-677
-279
-203
-756
-1279
-1437
-1124
-1195
-1560
-1679
-1526
-1070
-1158
-1524
-1709
-1589
-1294
-1207
-1234
-1300
-1200
-1450
-1426
-1360
-1550
-1356
-1060
-1256
-1703
-1865
-1897
-1534
-1573
-2081
-2249
-2070
-2110
-2242
-2483
-2515
-2399
-2365
-2494
-2749
-2617
-2530
-2570
-2824
-3290
-3263
-2957
-3020
-3385
-3384
-2982
-2474
-2145
-2767
-2835
-2278
-1218
-665
-892
-1157
-578
493
942
659
665
1418
2225
2335
1741
1988
3057
3879
3749
2919
2714
3716
4749
4852
3994
3279
3617
4406
4725
4286
3791
3582
3721
3514
3112
3017
3447
3559
2996
2048
1613
2037
2346
1990
1343
1083
1013
911
301
-89
-42
157
-43
-622
-938
-883
-741
-936
-1189
-1225
-1093
-927
-1110
-1346
-1382
-1265
-1132
-1043
-1144
-1143
-983
-1057
-1163
-1354
-1276
-982
-847
-1135
-1575
-1906
-1411
-1171
-1439
-1722
-1884
-1787
-1923
-2059
-2181
-1905
-1813
-2127
-2463
-2547
-2228
-2068
-2171
-2742
-3018
-3077
-2903
-2812
-3018
-2675
-2383
-2007
-2435
-2686
-2265
-1083
-192
-585
-1124
-906
337
1162
916
500
935
1831
2260
1740
1580
2309
3290
3437
2702
2132
2814
3971
4416
3607
2538
2561
3372
4117
3794
3218
2849
2932
2807
2369
2205
2824
3210
2676
1639
809
1320
2003
1950
1150
537
404
541
177
-337
-325
-75
-134
-853
-1229
-1098
-690
-781
-1217
-1414
-1107
-795
-937
-1245
-1399
-1178
-1061
-926
-1017
-989
-934
-1010
-1071
-1107
-1050
-971
-776
-832
-1183
-1283
-1308
-1027
-1010
-1192
-1282
-1465
-1325
-1425
-1482
-1710
-1611
-1430
-1496
-1638
-1695
-1868
-1979
-2000
-2272
-2391
-2484
-2709
-2734
-2395
-2075
-1674
-1965
-2283
-2080
-1279
-534
-280
-420
-375
272
907
1108
971
1416
1985
2334
1925
1664
2159
3191
3597
2957
2144
2411
3515
4081
3583
2651
2363
2806
3455
3277
2868
2583
2463
2366
1961
1615
1858
2321
2187
1440
458
293
761
1217
842
217
-81
-238
-383
-895
-903
-595
-383
-839
-1466
-1612
-1102
-706
-959
-1283
-1279
-899
-783
-950
-1179
-965
-689
-782
-984
-963
-667
-472
-688
-1126
-1108
-864
-623
-829
-1146
-1463
-1486
-1403
-1428
-1382
-1538
-1695
-1814
-1798
-1999
-1951
-1899
-1812
-1991
-2175
-2207
-2195
-2017
-2122
-2385
-2721
-2562
-2472
-2221
-1888
-1653
-1480
-1907
-1851
-1164
-45
449
135
-157
323
1348
1981
1798
1940
2384
2812
2769
2450
2818
3784
4330
3824
2954
2749
3650
4482
4458
3556
2806
2805
3438
3650
3190
2846
2678
2505
2103
1673
1675
2247
2267
1554
602
254
614
918
701
112
-226
-352
-445
-861
-1138
-987
-776
-1018
-1641
-1937
-1641
-1163
-1216
-1719
-1886
-1466
-1106
-1145
-1522
-1634
-1205
-1023
-1217
-1390
-1326
-909
-941
-1309
-1459
-1235
-976
-1042
-1255
-1501
-1591
-1588
-1674
-1670
-1831
-1967
-1960
-2030
-2231
-2422
-2466
-2346
-2133
-2378
-2585
-2630
-2528
-2534
-2720
-2794
-2803
-2823
-2579
-2103
-1557
-1413
-1766
-1905
-1329
-63
590
563
439
941
1580
1988
1925
2457
3415
3829
3469
2766
3151
4422
5213
4755
3752
3511
4372
5044
4839
3971
3567
3744
4061
3895
3364
3123
3111
2898
2259
1647
1650
2226
2307
1692
634
148
218
506
456
84
-154
-489
-780
-1206
-1475
-1263
-983
-1035
-1499
-2015
-2034
-1619
-1360
-1445
-1667
-1684
-1464
-1339
-1427
-1466
-1277
-1243
-1291
-1357
-1248
-1083
-1136
-1365
-1485
-1358
-1207
-1221
-1492
-1633
-1789
-1883
-2022
-1995
-1972
-2190
-2405
-2664
-2505
-2431
-2572
-2854
-2881
-2998
-3128
-3133
-3219
-3293
-3537
-3701
-3806
-3617
-2821
-2314
-1913
-2380
-2957
-2322
-876
330
347
-103
81
1161
1984
2176
2351
3285
3977
4025
3447
3369
4596
5739
5831
4997
4247
4739
5794
6144
5416
4376
4204
4662
4997
4501
3811
3529
3487
3109
2346
1953
2353
2758
2202
1108
206
307
682
663
171
-324
-489
-757
-1097
-1537
-1454
-1083
-1036
-1455
-1855
-1863
-1422
-1224
-1479
-1487
-1280
-982
-1060
-1169
-1092
-860
-802
-1053
-1046
-836
-634
-828
-1264
-1454
-1297
-1183
-1230
-1516
-1917
-2113
-2279
-2383
-2436
-2597
-2793
-2943
-3155
-3317
-3397
-3466
-3421
-3495
-3612
-3810
-3893
-3872
-3846
-3895
-4019
-4094
-3863
-3114
-2359
-1961
-2484
-2695
-1962
-623
386
472
351
982
1875
2299
2287
2711
3941
4814
4749
3965
3850
4959
5945
5995
5373
4847
5278
5902
5870
5247
4548
4464
4713
4711
4163
3607
3343
3055
2473
1704
1381
1660
1702
1237
349
-344
-446
-447
-454
-705
-836
-1047
-1301
-1657
-1975
-1928
-1590
-1424
-1513
-1705
-1827
-1433
-1268
-1186
-1140
-851
-452
-407
-437
-496
-279
-227
-443
-509
-290
-14
33
-379
-808
-1035
-1114
-1032
-971
-1042
-1443
-1941
-2355
-2469
-2515
-2735
-2987
-3281
-3417
-3480
-3688
-3893
-3941
-4117
-4193
-4333
-4464
-4511
-4459
-4568
-4338
-3683
-2991
-2428
-2615
-2696
-2012
-831
24
404
590
1295
2158
2701
2772
3296
4233
4914
5041
4785
4983
5877
6424
6085
5459
5244
5999
6688
6474
5491
4583
4323
4508
4650
4250
3827
3259
2489
1716
969
861
1162
1185
565
-466
-1319
-1526
-1434
-1472
-1623
-1798
-2042
-2351
-2769
-2996
-2676
-2222
-2178
-2244
-2210
-1925
-1477
-1404
-1445
-1205
-686
-315
-155
-36
-6
120
-16
-161
122
489
643
432
-36
-347
-510
-627
-772
-871
-983
-1378
-1881
-2336
-2595
-2752
-2998
-3328
-3470
-3691
-3951
-4290
-4555
-4497
-4579
-4777
-4976
-5130
-4987
-4979
-4493
-3569
-2834
-2394
-2854
-2613
-1586
-155
797
927
1291
2222
3103
3550
3724
4445
5582
6131
5864
5449
5892
7140
7622
7104
6234
5945
6597
6897
6619
5829
5077
4720
4316
3842
3358
3107
2778
2049
1018
-23
-326
-64
-93
-460
-1249
-1914
-2013
-2167
-2340
-2498
-2386
-2197
-2284
-2572
-2793
-2468
-1998
-1935
-1969
-1833
-1263
-733
-686
-817
-678
-402
-158
4
233
513
408
13
-388
-458
-281
-186
-246
-489
-918
-1389
-1849
-2075
-2173
-2386
-2616
-2957
-3217
-3575
-4056
-4319
-4456
-4450
-4507
-4686
-4805
-5027
-5126
-5271
-5230
-5063
-4968
-4949
-4677
-3706
-2781
-1956
-1965
-1889
-1035
33
1160
1850
2430
3343
4107
4522
4697
5440
6469
7134
7023
6626
6895
7701
8185
7837
7104
6579
6779
7003
6787
6273
5427
4793
4191
3534
3045
2628
2278
1672
813
-109
-645
-649
-748
-1102
-1663
-2152
-2340
-2535
-2820
-2818
-2585
-2343
-2436
-2726
-2658
-2293
-1823
-1712
-1592
-1341
-923
-519
-417
-264
-15
279
317
282
271
309
459
297
128
-151
-423
-726
-838
-1131
-1395
-1757
-2228
-2530
-2933
-3285
-3706
-3905
-4245
-4500
-4736
-4999
-5069
-5225
-5452
-5569
-5648
-5641
-5595
-5575
-5631
-5570
-5653
-5333
-4315
-3354
-2259
-1922
-1765
-1064
-354
677
1627
2682
3767
4441
4847
5005
5785
6671
7282
7459
7365
7429
7882
8209
8063
7955
7398
7137
6945
6602
6400
5729
5106
4263
3636
2999
2397
2007
1267
566
-137
-645
-810
-1060
-1467
-1910
-2151
-2410
-2648
-2837
-2664
-2300
-2120
-2055
-2234
-2113
-1837
-1452
-1121
-691
-227
-69
86
233
548
878
1067
1101
1058
901
788
703
623
490
107
-307
-602
-801
-1154
-1575
-2060
-2513
-2934
-3399
-3843
-4142
-4410
-4703
-5065
-5391
-5545
-5707
-5759
-5831
-5836
-5859
-5949
-6080
-5989
-5749
-5424
-5268
-4957
-4151
-3449
-2250
-1771
-1482
-546
15
1047
1863
2554
3358
3987
4691
5169
6038
6588
6928
6934
6649
6624
7007
7582
7647
7575
6730
6178
5821
5473
5507
4989
4539
3774
3027
2514
2115
1827
1178
463
-213
-450
-435
-491
-712
-1045
-1388
-1654
-1884
-2091
-1838
-1560
-1286
-1088
-1279
-1356
-1235
-1028
-659
-208
32
36
95
207
586
1007
1053
825
476
153
135
231
184
111
-365
-1018
-1386
-1568
-1615
-1774
-2184
-2755
-3095
-3216
-3360
-3629
-3963
-4187
-4095
-3988
-4036
-4138
-4141
-4029
-3887
-3877
-3940
-3837
-3774
-3601
-3379
-3268
-3090
-2728
-2295
-1607
-833
-523
-72
218
438
1096
1588
2133
2609
2887
3184
3436
3856
4234
4514
4436
4162
3908
3886
4183
4401
4449
4073
3626
3255
3134
3054
2614
2126
1521
1218
1206
1151
939
465
-47
-530
-668
-581
-355
-85
-82
-326
-522
-562
-467
-276
-217
-183
-19
147
149
41
13
214
528
697
533
299
190
294
507
653
659
462
141
-106
-243
-180
-5
-11
-316
-787
-1003
-983
-925
-897
-1155
-1562
-1627
-1740
-1766
-1728
-1815
-1793
-1840
-1941
-2031
-1946
-1804
-1716
-1695
-1712
-1686
-1531
-1446
-1491
-1250
-1054
-954
-894
-1123
-1172
-951
-771
-703
-789
-812
-746
-510
-279
-168
23
62
89
189
413
622
745
736
643
758
947
1255
1475
1467
1287
1134
1131
1318
1543
1626
1634
1549
1554
1525
1533
1555
1465
1475
1357
1322
1406
1494
1666
1600
1389
1084
903
902
962
1010
892
791
635
527
508
575
622
455
288
28
-20
71
11
-135
-376
-474
-564
-602
-623
-717
-846
-936
-1121
-1195
-1138
-1130
-1063
-1074
-992
-967
-921
-895
-927
-892
-830
-741
-599
-541
-541
-446
-446
-449
-400
-399
-442
-439
-451
-374
-292
-291
-385
-545
-675
-756
-663
-670
-690
-954
-1333
-1561
-1577
-1444
-1531
-1710
-1897
-1883
-1700
-1401
-1145
-1009
-926
-899
-790
-610
-224
162
404
581
715
965
1241
1625
1785
1870
1981
2037
2265
2400
2547
2527
2489
2450
2403
2406
2406
2290
1957
1577
1193
1074
1093
1090
1043
814
568
216
19
55
15
-69
-320
-570
-714
-683
-599
-674
-735
-833
-902
-910
-834
-703
-683
-587
-602
-541
-402
-224
-76
-80
-73
-7
52
85
185
174
231
366
479
602
474
296
183
93
-18
-115
-213
-255
-209
-297
-473
-615
-725
-855
-1010
-1199
-1186
-1174
-1226
-1379
-1555
-1529
-1496
-1608
-1742
-1828
-1947
-1978
-2014
-2078
-2133
-2165
-2242
-2335
-2284
-2017
-1516
-1109
-734
-548
-362
-108
210
577
841
1139
1303
1556
1850
2251
2632
2899
3017
2865
2708
2624
2732
2859
2887
2681
2422
2293
2172
2131
1883
1553
1190
802
612
501
382
206
-75
-312
-346
-274
-133
-106
-320
-513
-601
-548
-407
-307
-186
-189
-33
106
165
256
206
248
307
405
534
500
453
529
585
724
794
616
377
95
-113
-103
-155
-261
-459
-762
-1021
-1119
-1084
-1371
-1544
-1740
-2101
-2070
-2083
-2057
-2018
-2045
-2247
-2283
-2174
-2113
-1939
-1931
-2032
-1947
-1801
-1751
-1595
-1664
-1697
-1662
-1637
-1697
-1752
-1889
-1920
-1747
-1470
-938
-590
-194
54
247
677
1023
1502
1776
1943
2081
2174
2575
2832
3243
3415
3450
3420
3259
3139
3008
2995
2826
2704
2435
2328
2225
2147
1893
1457
1012
547
287
72
-4
-129
-242
-359
-427
-452
-428
-347
-289
-207
-234
-297
-168
5
330
584
733
899
954
1044
1044
1134
1206
1359
1398
1357
1254
1168
1173
1033
936
688
394
-114
-515
-819
-1090
-1231
-1558
-1875
-2274
-2625
-2856
-3003
-3090
-3161
-3376
-3630
-3737
-3740
-3705
-3605
-3532
-3425
-3360
-3216
-3098
-2997
-2807
-2772
-2662
-2611
-2617
-2519
-2427
-2331
-2157
-1999
-1685
-1164
-388
260
820
1200
1608
2173
2685
3151
3274
3470
3458
3652
3895
4127
4421
4512
4422
4130
3780
3393
3193
2759
2351
1920
1662
1674
1614
1372
838
254
-249
-540
-763
-879
-1151
-1313
-1351
-1194
-773
-400
-21
119
256
307
421
620
811
1081
1403
1806
2224
2628
2906
3003
3044
3037
3013
2900
2603
2297
2098
2064
2045
1853
1445
859
189
-482
-1145
-1768
-2396
-3048
-3584
-3931
-4093
-4178
-4258
-4412
-4714
-4975
-5251
-5432
-5550
-5547
-5433
-5264
-4956
-4665
-4264
-3877
-3514
-3265
-3164
-3113
-3117
-3097
-3018
-2870
-2418
-1706
-632
556
1441
2175
2567
3158
3741
4180
4422
4328
4298
4350
4626
5007
5364
5566
5501
5046
4502
3847
3299
2776
2061
1393
816
619
564
449
135
-322
-775
-1151
-1560
-1945
-2389
-2601
-2472
-2144
-1545
-871
-272
294
740
1041
1450
1647
1852
1951
2107
2521
2990
3487
3767
3828
3873
3887
3847
3625
3149
2581
2003
1635
1476
1294
1026
505
-128
-881
-1655
-2369
-3099
-3780
-4392
-4907
-5227
-5346
-5358
-5273
-5220
-5260
-5358
-5532
-5684
-5754
-5666
-5408
-5092
-4746
-4441
-4099
-3659
-3231
-2871
-2670
-2645
-2742
-2750
-2350
-1562
-322
890
1814
2645
3298
4232
4991
5540
5723
5435
5146
4813
4846
5128
5389
5589
5454
5001
4542
3969
3572
2968
2094
1113
160
-259
-417
-566
-797
-1201
-1497
-1641
-1918
-2146
-2481
-2638
-2578
-2394
-1927
-1264
-424
316
995
1619
2272
2720
2989
3049
3128
3478
3773
4014
4019
3964
4023
4169
4136
3983
3392
2751
2162
1654
1273
657
23
-772
-1475
-2081
-2718
-3369
-4037
-4703
-5178
-5573
-5858
-6073
-6270
-6245
-6198
-6052
-6049
-6056
-6041
-5970
-5697
-5332
-4902
-4512
-4147
-3782
-3283
-2848
-2542
-2393
-2312
-2188
-1732
-1057
-27
1021
1925
2903
3730
4839
5640
6194
6333
6059
5824
5558
5315
5324
5144
5005
4877
4433
4296
3868
3540
3076
2190
1329
389
-328
-714
-1132
-1456
-1830
-2052
-1933
-1882
-1728
-1790
-1840
-1736
-1568
-1262
-805
-330
294
1045
1684
2415
2959
3421
3769
3999
4206
4180
4032
3740
3438
3360
3415
3367
3167
2699
2235
1898
1517
1116
354
-566
-1487
-2297
-2845
-3476
-4171
-4786
-5331
-5666
-5932
-6212
-6392
-6513
-6492
-6361
-6310
-6267
-6249
-6149
-5864
-5569
-5212
-4908
-4531
-4011
-3493
-2976
-2584
-2292
-2034
-1899
-1537
-1066
-352
525
1232
2125
3026
4199
5271
6031
6493
6620
6634
6473
6037
5565
5044
4636
4385
3916
3735
3534
3449
3329
2821
2133
1408
777
269
-394
-1218
-1868
-2369
-2369
-2190
-1898
-1540
-1263
-913
-512
50
639
1052
1321
1547
1898
2412
2861
3236
3496
3787
4121
4186
4144
3905
3819
3812
3596
3162
2518
1948
1642
1421
968
354
-445
-1065
-1597
-2141
-2854
-3693
-4360
-4873
-5171
-5606
-6053
-6305
-6437
-6372
-6323
-6318
-6316
-6217
-6060
-5880
-5686
-5569
-5398
-5156
-4838
-4428
-4056
-3664
-3342
-2917
-2479
-2230
-1751
-1157
-161
716
1476
2149
3022
4195
5175
5897
6230
6331
6369
6311
5964
5704
5336
5050
4490
3919
3425
3089
2960
2528
1971
1393
983
663
352
-393
-1000
-1619
-1983
-2107
-2197
-2122
-1929
-1501
-1013
-264
453
1222
1796
2335
2752
3145
3347
3320
3384
3509
3795
3952
4001
3924
3971
4031
4071
3964
3526
2946
2337
1732
1122
380
-389
-1012
-1659
-2357
-3082
-3697
-4204
-4600
-5004
-5378
-5641
-5854
-6036
-6204
-6276
-6273
-6183
-6147
-6118
-6032
-5832
-5524
-5168
-4905
-4687
-4345
-3955
-3541
-3232
-2943
-2733
-2360
-1845
-1159
-281
429
1283
2139
3281
4454
5424
6047
6404
6550
6582
6309
5919
5559
5108
4757
4088
3482
2964
2691
2543
2209
1607
1088
646
445
93
-488
-1135
-1814
-2195
-2503
-2531
-2555
-2301
-1934
-1218
-477
369
1204
1893
2713
3135
3445
3442
3391
3376
3345
3292
3279
3299
3490
3660
3815
3952
3949
3867
3579
3117
2470
1724
926
90
-831
-1694
-2554
-3215
-3737
-4253
-4700
-5065
-5231
-5301
-5388
-5618
-5831
-6019
-6092
-6199
-6230
-6278
-6291
-6166
-6033
-5740
-5433
-5035
-4656
-4235
-3758
-3307
-2962
-2582
-2132
-1375
-443
399
1226
2060
3196
4395
5469
6127
6579
6807
6942
6781
6486
6079
5639
5107
4366
3644
3065
2779
2396
1992
1338
871
532
332
-43
-567
-1147
-1669
-2041
-2345
-2521
-2638
-2484
-2189
-1655
-1059
-312
505
1456
2326
2955
3325
3538
3637
3660
3538
3327
3210
3138
3158
3261
3403
3579
3741
3726
3639
3422
3029
2383
1513
603
-346
-1292
-2299
-3267
-4025
-4640
-5080
-5392
-5571
-5645
-5690
-5769
-5850
-5905
-5993
-6124
-6341
-6516
-6662
-6806
-6824
-6670
-6353
-5914
-5444
-4938
-4314
-3629
-2894
-2136
-1270
-376
424
1205
2013
3115
4222
5249
5930
6571
6980
7336
7345
7178
6841
6381
5839
5044
4207
3389
2900
2433
1988
1303
701
238
22
-187
-511
-990
-1462
-1802
-2011
-2029
-2010
-1912
-1824
-1449
-898
-184
488
1183
1870
2502
3074
3391
3572
3632
3637
3551
3473
3342
3263
3238
3278
3350
3418
3500
3522
3439
3149
2714
2055
1324
477
-520
-1591
-2617
-3496
-4240
-4854
-5382
-5727
-5834
-5793
-5767
-5734
-5770
-5831
-5949
-6167
-6416
-6711
-6942
-7085
-7130
-7037
-6776
-6381
-5766
-5082
-4401
-3587
-2717
-1592
-535
478
1438
2451
3513
4495
5270
5885
6409
6835
7100
7059
6998
6730
6366
5677
4921
4146
3544
2954
2329
1588
899
431
144
-110
-466
-911
-1395
-1705
-1906
-1878
-1931
-1869
-1722
-1377
-818
-159
500
1114
1663
2126
2544
2853
3052
3070
3048
2980
3017
3043
3053
3073
3119
3192
3234
3201
3098
3003
2840
2574
2075
1487
812
117
-616
-1446
-2243
-3000
-3675
-4293
-4736
-5031
-5256
-5399
-5515
-5548
-5539
-5546
-5616
-5760
-6048
-6309
-6520
-6621
-6686
-6661
-6534
-6269
-5809
-5227
-4471
-3471
-2202
-1013
139
1141
2349
3611
4766
5505
5964
6327
6696
6886
6801
6521
6217
5915
5392
4772
4161
3732
3288
2722
1899
1193
597
254
-146
-597
-1123
-1575
-1867
-1984
-1882
-1779
-1611
-1504
-1196
-679
-37
603
1114
1554
1923
2225
2465
2598
2614
2600
2533
2525
2513
2610
2811
3051
3285
3349
3356
3227
3146
3009
2691
2135
1447
729
62
-637
-1370
-2087
-2770
-3304
-3725
-3958
-4208
-4409
-4668
-4912
-5094
-5258
-5389
-5604
-5860
-6188
-6451
-6632
-6715
-6750
-6674
-6505
-6236
-5833
-5375
-4636
-3594
-2417
-1310
-353
748
2024
3395
4490
5280
5838
6326
6716
6840
6721
6431
6205
5771
5267
4616
4105
3649
3181
2531
1812
1216
768
511
113
-406
-969
-1440
-1734
-1775
-1769
-1764
-1800
-1656
-1348
-760
-61
525
1004
1358
1749
2085
2326
2332
2264
2166
2121
2062
2082
2193
2447
2715
2955
3091
3182
3334
3343
3140
2653
2008
1345
721
24
-813
-1612
-2293
-2833
-3231
-3532
-3758
-3942
-4154
-4336
-4460
-4580
-4724
-4965
-5344
-5742
-6073
-6350
-6562
-6717
-6809
-6713
-6549
-6176
-5646
-4855
-3808
-2706
-1664
-793
338
1623
2944
3919
4655
5197
5764
6188
6394
6330
6201
6098
5731
5265
4625
4185
3780
3365
2793
2180
1589
1269
1052
852
419
-165
-662
-976
-1048
-1167
-1340
-1488
-1459
-1255
-822
-380
28
347
700
980
1248
1440
1579
1612
1591
1539
1523
1674
1884
2130
2360
2561
2718
2922
3127
3212
3075
2733
2289
1769
1175
530
-139
-797
-1424
-1982
-2431
-2764
-2956
-3105
-3321
-3539
-3722
-3916
-4181
-4539
-4980
-5475
-5949
-6411
-6740
-6997
-7114
-7112
-6934
-6611
-6054
-5135
-4115
-3030
-2105
-1082
137
1526
2727
3611
4257
4869
5410
5727
5799
5693
5632
5418
5099
4600
4192
3873
3627
3202
2654
2056
1695
1500
1253
877
296
-159
-462
-579
-635
-741
-852
-935
-901
-690
-447
-192
-40
38
170
354
576
749
842
890
955
1126
1256
1390
1585
1809
2012
2194
2368
2523
2687
2697
2491
2142
1796
1488
1112
583
-23
-591
-1094
-1483
-1790
-2076
-2330
-2641
-2905
-3135
-3293
-3523
-3931
-4351
-4780
-5153
-5533
-5886
-6202
-6408
-6538
-6559
-6431
-5957
-5185
-4278
-3286
-2367
-1234
90
1484
2701
3549
4192
4760
5193
5377
5302
5100
4898
4586
4175
3790
3438
3195
2918
2555
2169
1818
1665
1572
1432
1129
753
463
324
319
221
29
-149
-263
-179
-26
129
245
299
351
422
585
751
828
826
739
711
818
941
1038
1138
1210
1289
1367
1446
1543
1636
1562
1289
970
686
420
62
-365
-833
-1218
-1515
-1739
-1912
-2093
-2299
-2484
-2683
-2807
-2962
-3198
-3563
-3928
-4245
-4541
-4817
-5128
-5351
-5455
-5468
-5449
-5301
-4877
-4152
-3333
-2556
-1716
-593
696
1881
2799
3486
4145
4671
4968
4976
4790
4547
4240
3799
3261
2774
2423
2140
1827
1448
1064
882
871
935
884
634
411
369
532
690
688
507
369
385
534
703
806
789
760
779
872
1096
1244
1284
1233
1226
1278
1400
1471
1505
1501
1480
1436
1415
1420
1404
1296
1036
722
462
231
-56
-407
-763
-1104
-1383
-1611
-1785
-1920
-2095
-2326
-2521
-2671
-2795
-2936
-3181
-3441
-3731
-3963
-4174
-4424
-4603
-4787
-4857
-4899
-4852
-4615
-4120
-3425
-2764
-2056
-1202
-66
1065
1980
2659
3261
3824
4225
4358
4274
4099
3867
3513
3037
2553
2131
1811
1504
1104
682
417
354
431
475
428
332
343
524
768
859
790
667
660
715
768
804
815
806
769
749
801
921
1034
1046
1016
1083
1237
1418
1530
1575
1600
1622
1602
1540
1417
1241
1003
715
435
186
-59
-323
-573
-792
-983
-1124
-1249
-1373
-1530
-1723
-1909
-2093
-2310
-2542
-2770
-3048
-3278
-3513
-3712
-3889
-4037
-4148
-4203
-4251
-4248
-4093
-3748
-3246
-2739
-2180
-1550
-693
270
1163
1831
2440
3002
3466
3732
3778
3690
3531
3288
2883
2462
2003
1677
1370
1055
715
420
264
264
301
328
321
334
419
545
681
734
718
631
560
535
558
553
501
387
284
267
400
562
638
667
755
967
1220
1443
1566
1636
1705
1768
1781
1677
1511
1271
978
693
410
168
-67
-296
-503
-689
-819
-933
-1052
-1198
-1361
-1556
-1797
-2046
-2292
-2493
-2711
-2937
-3124
-3286
-3413
-3546
-3631
-3631
-3581
-3525
-3475
-3292
-2928
-2421
-1870
-1378
-802
-21
851
1600
2150
2629
3110
3470
3623
3590
3489
3327
2997
2558
2057
1622
1264
909
508
101
-195
-311
-304
-317
-365
-356
-209
13
217
367
472
525
545
588
593
538
448
362
317
294
371
497
648
782
930
1123
1353
1529
1612
1634
1627
1609
1535
1392
1185
984
767
532
303
94
-125
-338
-501
-634
-759
-901
-1086
-1290
-1497
-1723
-1928
-2142
-2389
-2629
-2857
-3047
-3166
-3233
-3289
-3342
-3378
-3374
-3297
-3160
-2985
-2807
-2613
-2279
-1821
-1292
-782
-237
460
1210
1871
2404
2898
3377
3739
3878
3802
3669
3490
3176
2714
2138
1595
1125
714
288
-130
-434
-561
-567
-496
-454
-370
-169
97
364
513
590
643
737
808
781
721
647
561
538
550
650
772
859
964
1085
1329
1581
1724
1758
1756
1738
1700
1600
1389
1076
782
480
188
-76
-306
-528
-731
-877
-963
-1020
-1115
-1225
-1383
-1570
-1833
-2085
-2329
-2583
-2849
-3108
-3294
-3373
-3377
-3342
-3277
-3203
-3065
-2878
-2687
-2493
-2320
-2156
-1925
-1616
-1240
-821
-394
104
711
1373
2017
2565
3054
3501
3834
4000
3976
3845
3639
3271
2757
2159
1590
1059
567
98
-326
-597
-718
-742
-727
-673
-531
-311
-58
133
233
318
385
439
419
343
261
213
208
228
309
450
653
814
962
1120
1339
1546
1669
1665
1609
1542
1442
1285
1058
790
524
280
31
-217
-441
-649
-809
-976
-1088
-1183
-1283
-1406
-1551
-1719
-1890
-2089
-2323
-2560
-2769
-2953
-3079
-3163
-3193
-3139
-3038
-2887
-2707
-2477
-2205
-1924
-1687
-1489
-1320
-1101
-806
-482
-157
176
580
1105
1704
2278
2781
3246
3635
3926
4062
4019
3859
3605
3199
2641
2004
1418
924
485
40
-344
-575
-627
-523
-396
-267
-123
57
249
373
392
358
273
200
93
-3
-35
-32
48
138
278
437
611
794
947
1088
1213
1273
1271
1215
1130
1021
877
681
465
237
20
-167
-340
-516
-657
-790
-918
-1023
-1130
-1228
-1355
-1532
-1728
-1903
-2088
-2278
-2440
-2608
-2758
-2853
-2848
-2783
-2689
-2564
-2420
-2226
-2009
-1770
-1541
-1323
-1130
-956
-777
-556
-306
-50
225
522
867
1274
1711
2132
2534
2883
3183
3419
3536
3516
3352
3091
2747
2339
1865
1342
829
353
-52
-362
-532
-593
-554
-446
-296
-118
83
286
440
527
540
496
434
336
235
154
126
139
171
230
346
499
679
827
937
1043
1113
1143
1088
967
801
618
400
163
-84
-303
-488
-650
-799
-907
-975
-1036
-1074
-1150
-1240
-1355
-1485
-1626
-1802
-2019
-2218
-2374
-2483
-2535
-2543
-2508
-2426
-2291
-2131
-1920
-1699
-1486
-1275
-1101
-924
-749
-599
-457
-339
-203
-55
113
299
517
771
1072
1395
1709
2019
2278
2493
2666
2767
2782
2707
2532
2290
1982
1656
1282
912
578
292
67
-106
-177
-190
-119
-31
89
236
423
579
672
703
664
636
578
506
414
322
274
251
294
350
429
547
666
769
851
883
888
829
715
535
333
124
-91
-313
-534
-721
-863
-950
-1024
-1074
-1123
-1151
-1192
-1262
-1369
-1478
-1605
-1779
-1970
-2154
-2279
-2345
-2377
-2377
-2324
-2192
-1977
-1743
-1510
-1274
-1030
-776
-563
-398
-245
-112
12
100
166
236
316
400
494
594
722
848
981
1126
1261
1405
1550
1670
1733
1747
1723
1699
1647
1529
1354
1156
960
793
631
484
376
315
289
282
307
355
423
473
505
537
568
582
580
560
537
532
534
536
535
548
592
620
653
656
659
656
626
559
445
318
171
24
-164
-359
-548
-714
-868
-1009
-1160
-1291
-1401
-1497
-1578
-1668
-1739
-1800
-1865
-1919
-1975
-1996
-1998
-1986
-1953
-1905
-1817
-1672
-1500
-1314
-1119
-903
-678
-445
-218
-2
185
329
445
535
608
670
703
721
723
748
778
825
870
911
973
1025
1054
1052
1042
1012
974
904
830
765
723
695
661
640
618
619
654
671
685
694
693
682
649
617
579
541
512
487
464
465
491
542
603
672
723
758
787
793
788
750
680
583
487
377
256
128
0
-126
-237
-348
-473
-597
-728
-847
-966
-1088
-1205
-1302
-1397
-1493
-1572
-1638
-1675
-1684
-1691
-1700
-1687
-1646
-1567
-1486
-1384
-1271
-1158
-1020
-867
-717
-564
-413
-258
-106
29
150
261
373
460
523
558
589
606
598
578
552
519
481
444
388
320
278
242
207
165
142
141
157
177
202
236
295
368
442
510
571
642
699
757
799
831
846
845
852
845
826
814
805
795
787
787
784
778
784
782
772
737
699
663
615
546
456
360
255
159
44
-59
-157
-242
-317
-398
-478
-550
-597
-655
-714
-773
-819
-866
-903
-954
-984
-1002
-998
-980
-953
-904
-843
-771
-699
-626
-555
-480
-411
-347
-306
-263
-220
-185
-150
-137
-111
-100
-94
-91
-95
-106
-135
-160
-220
-280
-343
-404
-458
-509
-552
-577
-593
-600
-574
-532
-486
-428
-366
-294
-210
-124
-39
36
113
185
266
335
407
475
549
607
667
736
807
878
947
1012
1064
1112
1137
1161
1163
1156
1128
1082
1012
931
838
743
634
522
409
297
200
106
35
-16
-65
-113
-145
-162
-168
-171
-181
-195
-198
-201
-212
-221
-239
-248
-261
-263
-269
-272
-268
-265
-243
-216
-175
-141
-101
-58
-25
14
30
34
36
25
-11
-48
-93
-145
-205
-267
-324
-391
-438
-479
-517
-538
-560
-572
-574
-559
-551
-548
-547
-546
-529
-520
-519
-525
-526
-518
-504
-484
-468
-446
-424
-400
-360
-319
-267
-205
-140
-67
14
115
233
340
443
536
625
699
749
791
796
789
752
703
641
552
466
378
287
199
129
70
29
2
-11
-7
3
32
72
109
149
189
221
251
284
312
339
350
366
380
394
412
421
421
420
409
391
371
343
309
270
233
189
143
103
60
17
-39
-95
-145
-187
-228
-278
-321
-372
-406
-437
-469
-491
-517
-531
-542
-545
-540
-529
-518
-510
-491
-471
-445
-412
-391
-370
-348
-325
-309
-293
-274
-259
-232
-209
-180
-137
-89
-32
23
72
121
161
194
218
233
227
221
200
161
117
72
21
-32
-85
-136
-174
-203
-217
-223
-207
-180
-143
-94
-38
22
93
166
227
298
359
420
476
516
556
590
627
654
676
688
700
705
708
693
662
620
565
503
425
337
253
168
78
-4
-89
-158
-224
-281
-338
-387
-421
-456
-480
-510
-527
-540
-545
-547
-546
-531
-514
-490
-471
-444
-414
-381
-348
-321
-293
-267
-245
-235
-218
-204
-193
-184
-179
-173
-162
-146
-133
-110
-75
-46
-7
30
65
102
139
161
186
193
195
190
176
150
114
79
37
9
-21
-41
-57
-55
-45
-28
2
42
91
133
181
228
271
313
354
389
404
429
454
479
507
521
538
550
568
578
576
570
547
514
468
414
344
266
183
104
16
-71
-144
-207
-263
-316
-352
-388
-417
-435
-446
-460
-467
-470
-475
-475
-470
-465
-458
-448
-441
-432
-414
-392
-379
-360
-336
-315
-290
-270
-249
-229
-209
-184
-165
-140
-118
-90
-63
-35
-6
21
47
63
81
80
78
71
55
37
11
-17
-42
-66
-90
-111
-124
-129
-120
-104
-80
-51
-11
41
95
151
213
275
327
374
419
456
492
515
534
550
571
590
601
612
613
616
607
589
564
531
488
433
373
303
225
151
75
3
-64
-123
-180
-231
-271
-300
-322
-347
-359
-375
-377
-379
-380
-381
-377
-367
-355
-340
-332
-311
-296
-277
-261
-240
-223
-211
-205
-193
-188
-182
-176
-178
-180
-186
-194
-206
-218
-235
-252
-267
-276
-286
-298
-306
-314
-320
-325
-321
-322
-319
-307
-296
-280
-250
-221
-189
-150
-101
-51
4
62
122
181
246
311
362
416
464
511
553
590
624
639
660
672
685
686
688
677
661
645
616
586
542
498
441
381
314
250
189
129
75
28
-8
-41
-63
-75
-83
-89
-91
-93
-94
-94
-98
-108
-119
-130
-145
-162
-173
-187
-200
-211
-219
-228
-232
-237
-240
-246
-251
-254
-257
-263
-272
-279
-288
-293
-307
-318
-330
-339
-343
-349
-354
-357
-354
-357
-359
-365
-363
-362
-362
-358
-350
-335
-319
-295
-267
-231
-192
-149
-103
-55
-7
41
93
151
206
254
308
357
412
460
504
544
585
618
645
660
665
662
653
634
602
552
503
448
394
334
271
212
154
103
51
4
-48
-92
-134
-171
-200
-227
-250
-271
-283
-292
-288
-277
-263
-249
-229
-204
-179
-153
-127
-99
-76
-52
-37
-27
-21
-19
-23
-31
-47
-60
-73
-88
-108
-128
-145
-161
-168
-177
-183
-196
-204
-214
-223
-235
-251
-266
-284
-292
-302
-300
-299
-287
-271
-245
-213
-181
-143
-101
-51
-9
35
76
118
163
204
241
276
318
362
406
447
482
515
550
579
602
613
615
605
587
558
519
474
422
364
302
236
166
99
39
-15
-66
-113
-158
-197
-226
-253
-271
-288
-299
-309
-310
-305
-294
-276
-254
-226
-198
-164
-132
-100
-72
-45
-24
-10
-3
-7
-14
-26
-38
-56
-73
-97
-118
-137
-148
-154
-161
-167
-173
-178
-177
-177
-178
-182
-188
-197
-203
-207
-213
-216
-226
-227
-232
-229
-229
-226
-217
-205
-184
-159
-127
-96
-61
-24
19
61
106
146
184
222
261
300
332
363
385
411
427
444
448
448
439
425
404
376
346
304
265
217
174
127
82
35
-9
-48
-84
-104
-124
-135
-148
-155
-159
-158
-154
-151
-146
-143
-133
-121
-103
-84
-64
-42
-18
9
34
59
75
91
98
102
97
87
73
53
36
13
-8
-31
-44
-59
-65
-77
-84
-93
-98
-103
-114
-125
-142
-155
-175
-188
-210
-224
-239
-247
-252
-256
-250
-246
-230
-219
-199
-182
-159
-134
-109
-80
-53
-21
7
38
65
97
128
157
182
202
223
239
256
263
269
270
273
273
269
262
249
237
220
205
185
163
140
118
97
72
51
27
9
-9
-28
-47
-67
-84
-97
-108
-117
-125
-130
-132
-126
-119
-105
-93
-75
-53
-29
-2
21
42
58
72
82
88
87
81
71
64
54
44
31
17
4
-9
-19
-32
-45
-60
-76
-90
-109
-125
-144
-162
-183
-204
-222
-239
-247
-255
-255
-257
-249
-239
-224
-204
-182
-155
-128
-100
-72
-41
-10
22
51
79
103
129
154
178
199
217
231
246
258
266
272
273
272
270
265
255
241
224
206
185
164
142
119
96
76
56
36
17
-4
-22
-41
-59
-78
-96
-110
-122
-129
-134
-137
-135
-130
-120
-107
-89
-71
-50
-31
-13
1
13
21
24
26
22
16
5
-5
-16
-26
-37
-51
-64
-78
-90
-102
-115
-129
-144
-157
-168
-178
-187
-193
-196
-195
-189
-180
-169
-154
-136
-114
-93
-73
-53
-36
-19
-3
11
22
32
38
43
49
56
63
73
83
99
118
141
169
198
229
257
285
309
327
341
350
353
349
340
327
311
291
270
245
218
188
159
128
97
66
35
5
-25
-52
-76
-97
-115
-131
-142
-150
-152
-154
-155
-153
-150
-145
-141
-140
-139
-138
-140
-142
-144
-147
-150
-157
-161
-166
-167
-171
-175
-183
-191
-197
-205
-211
-222
-231
-241
-248
-253
-255
-253
-249
-241
-230
-214
-194
-172
-149
-127
-104
-79
-55
-32
-11
9
26
46
65
84
101
117
134
152
169
186
201
213
225
237
249
260
268
276
283
289
294
299
301
301
299
294
290
280
270
257
242
228
210
191
171
153
136
119
102
86
72
59
48
34
22
9
-4
-18
-32
-46
-60
-74
-89
-101
-112
-122
-134
-145
-159
-165
-171
-176
-181
-187
-189
-189
-186
-183
-182
-181
-179
-176
-175
-174
-174
-175
-179
-182
-182
-180
-178
-175
-170
-160
-146
-130
-116
-102
-89
-75
-64
-54
-47
-43
-39
-39
-36
-34
-29
-23
-15
-8
4
20
33
50
65
81
96
110
124
134
145
153
160
166
172
178
181
186
186
189
188
188
185
180
173
165
156
147
136
123
110
100
89
77
63
53
43
36
26
17
8
2
-5
-15
-23
-30
-36
-44
-49
-54
-56
-58
-62
-64
-68
-68
-71
-75
-80
-84
-87
-91
-98
-103
-108
-113
-118
-122
-124
-123
-123
-124
-120
-115
-106
-100
-94
-89
-83
-75
-69
-63
-59
-54
-52
-47
-43
-39
-35
-32
-27
-24
-14
-6
5
15
27
38
49
64
74
86
94
103
111
118
124
125
128
127
128
125
122
118
116
113
106
102
96
93
88
82
78
76
75
72
69
64
60
54
47
36
27
16
5
-5
-15
-21
-28
-34
-41
-46
-52
-54
-59
-65
-70
-75
-78
-82
-86
-92
-97
-103
-106
-109
-111
-110
-109
-106
-102
-94
-87
-77
-70
-63
-56
-48
-40
-34
-28
-26
-22
-19
-16
-13
-11
-9
-8
-7
-6
-2
0
1
1
0
1
2
3
3
2
4
7
12
17
23
29
35
43
52
61
68
75
81
87
92
95
97
96
93
87
84
80
76
70
64
59
56
53
51
47
42
39
35
33
30
27
24
20
16
13
10
5
-2
-9
-17
-22
-27
-33
-39
-44
-48
-54
-57
-60
-62
-64
-65
-66
-64
-60
-58
-56
-54
-51
-48
-46
-43
-41
-39
-36
-33
-29
-26
-22
-18
-16
-13
-10
-6
-4
-2
-1
0
2
2
1
1
0
-2
-2
0
-1
-1
-1
-1
-2
-1
1
3
5
7
11
15
19
20
20
18
16
14
13
13
14
14
15
18
20
22
24
25
24
25
26
28
29
29
29
27
26
23
21
18
15
11
9
6
3
2
0
-3
-6
-10
-11
-12
-14
-15
-18
-18
-19
-20
-20
-18
-20
-21
-22
-22
-22
-22
-21
-21
-19
-17
-14
-9
-5
-2
2
4
7
9
11
10
8
6
4
3
0
0
-2
-4
-4
-6
-7
-9
-12
-17
-20
-22
-22
-23
-22
-20
-19
-17
-13
-9
-6
-3
-1
1
3
5
6
5
4
3
2
1
1
1
3
4
6
7
8
9
10
10
9
8
7
5
4
2
0
-1
-3
-2
-1
-2
0
2
4
7
9
11
11
13
15
14
13
12
10
8
8
7
6
8
8
9
11
14
16
16
17
16
15
14
12
10
8
6
4
3
1
1
0
-1
-3
-5
-5
-5
-6
-5
-5
-4
-4
-4
-6
-7
-9
-12
-15
-17
-19
-20
-20
-19
-19
-17
-16
-14
-12
-12
-10
-11
-10
-11
-11
-10
-10
-9
-7
-5
-1
2
4
9
10
12
13
14
14
12
11
10
9
8
7
6
7
7
7
8
8
8
10
10
9
9
8
6
4
2
0
-1
-3
-4
-4
-4
-3
-1
0
0
2
3
4
3
2
2
3
2
1
-1
-1
-3
-4
-5
-6
-9
-9
-10
-11
-12
-13
-13
-15
-15
-17
-18
-19
-21
-22
-22
-22
-21
-21
-19
-16
-14
-10
-7
-4
-2
1
3
5
6
8
9
10
10
11
13
13
14
15
15
16
16
17
18
18
19
20
21
22
23
24
24
25
25
26
26
24
24
22
20
17
15
12
9
6
4
1
0
-3
-4
-3
-4
-3
-2
-3
-1
-2
-3
-4
-5
-7
-10
-12
-14
-16
-16
-16
-18
-17
-17
-16
-16
-16
-15
-15
-16
-16
-17
-17
-18
-19
-19
-19
-18
-18
-17
-17
-16
-17
-16
-15
-15
-14
-13
-13
-12
-11
-9
-8
-7
-6
-5
-4
-3
-2
0
1
3
6
8
10
12
15
16
17
17
19
20
21
23
24
26
26
27
28
27
27
26
24
22
21
20
19
17
18
17
17
16
16
14
13
12
10
7
5
3
2
0
-1
-3
-4
-5
-6
-6
-7
-7
-8
-8
-10
-11
-13
-16
-18
-18
-20
-22
-22
-23
-22
-22
-22
-21
-20
-20
-21
-19
-19
-20
-19
-20
-20
-20
-20
-19
-17
-16
-14
-12
-11
-7
-6
-3
-2
-1
1
1
3
5
7
8
9
12
12
14
16
16
16
16
17
16
16
17
16
15
14
13
11
10
10
8
9
8
9
10
11
13
13
14
14
13
12
12
11
9
9
8
8
7
6
5
4
2
2
0
-2
-2
-3
-3
-3
-3
-4
-5
-6
-8
-8
-9
-10
-12
-11
-11
-9
-8
-8
-9
-8
-9
-9
-10
-10
-11
-13
-13
-12
-12
-12
-10
-10
-8
-8
-7
-6
-5
-3
-2
0
0
1
2
1
2
2
1
1
1
2
1
2
3
4
4
5
4
4
5
4
4
4
4
4
4
5
5
5
6
5
5
4
4
2
2
1
1
2
3
4
4
5
6
6
6
5
6
5
5
4
4
5
4
4
4
2
2
1
0
-1
0
-1
-1
-1
0
-2
-1
-1
-2
-2
-3
-3
-3
-4
-5
-5
-5
-6
-6
-6
-6
-7
-8
-9
-9
-9
-10
-9
-8
-8
-7
-6
-6
-3
-4
-4
-4
-4
-4
-4
-4
-3
-3
-2
-1
0
1
1
1
2
2
2
2
2
2
2
2
3
4
4
4
4
5
4
4
4
5
5
5
5
6
7
5
6
5
5
4
4
4
4
4
3
4
4
3
4
4
4
2
3
3
2
3
2
2
1
2
1
2
2
1
1
1
1
1
0
1
0
0
0
-1
-2
-2
-2
-3
-3
-2
-3
-2
-2
-1
-2
-2
-1
-2
-2
-2
-4
-4
-4
-3
-4
-4
-4
-3
-3
-3
-4
-2
-3
-2
-3
-3
-2
-2
-2
-3
-2
-1
-1
-1
-1
-1
-1
-1
-1
-2
-1
-2
-3
-2
-2
-2
-2
-1
-1
-2
0
-1
-1
0
0
1
1
1
0
1
1
1
1
1
0
1
0
1
1
0
1
0
1
0
1
1
1
2
2
1
2
2
2
3
3
3
3
2
3
3
2
2
2
2
2
1
1
1
0
0
1
1
1
1
2
2
3
2
3
1
1
2
1
1
2
0
0
0
0
0
0
0
0
0
-1
0
-1
0
0
-1
-1
-1
-1
-1
-1
-1
-2
-1
-2
-1
-2
-2
-1
-2
-2
-1
-2
-1
-2
-2
-1
-1
-1
-2
-2
-2
-3
-2
-2
-2
-3
-1
-1
-2
-1
-1
-1
-1
-1
0
-1
-1
-1
-1
-1
-2
-1
-2
-1
-1
0
-1
0
0
0
0
0
0
0
1
0
0
1
0
0
0
1
1
1
0
1
1
1
1
2
1
2
1
2
1
1
1
1
2
1
1
1
1
1
2
1
1
1
2
1
1
1
1
0
1
1
1
1
1
1
1
1
0
0
1
0
0
-1
-1
0
0
0
0
0
0
0
0
0
-1
0
0
-1
0
0
-1
0
0
0
0
-1
0
0
0
0
-1
-1
0
0
0
0
0
1
-1
-1
0
0
0
0
0
1
0
-1
0
0
0
0
0
0
0
-1
-1
0
0
0
0
1
0
0
0
0
0
-1
1
1
0
0
0
0
1
0
0
0
0
0
0
0
0
0
0
0
0
1
0
0
1
0
0
0
1
0
0
0
0
0
0
0
0
1
0
1
0
-1
0
0
0
0
-1
0
0
0
0
0
0
-1
0
0
-1
0
0
0
-1
1
0
0
0
0
-1
0
0
-1
0
0
0
0
0
-1
0
-1
0
0
0
0
0
0
0
0
0
1
0
0
0
0
0
0
0
0
0
0
0
1
0
0
0
0
0
0
0
0
0
-1
0
0
1
0
0
0
0
0
0
0
1
0
0
0
0
0
0
-1
0
1
0
0
0
0
0
0
0
0
-1
0
0
0
0
0
0
0
0
1
0
-1
0
1
0
0
-1
0
0
0
0
-1
0
0
0
0
1
0
0
0
0
0
0
0
0
-1
0
0
0
0
0
0
0
0
0
1
0
0
0
0
0
1
0
0
1
0
1
-1
0
0
0
0
0
0
0
0
-1
0
-1
-1
0
0
0
0
0
0
0
0
0
0
-1
0
-1
0
0
0
0
0
0
-1
0
0
0
0
0
0
0
0
0
0
0
0
0
0
0
0
0
1
1
0
-1
0
0
0
0
0
0
0
0
0
0
0
0
0
0
0
0
1
0
0
0
0
0
1
0
0
0
0
0
0
0
-1
-1
0
0
0
0
0
-1
-1
0
0
0
-1
1
0
0
-1
0
0
0
0
0
0
0
0
0
0
0
0
0
0
0
0
1
0
0
-1
0
0
0
0
0
0
1
0
0
-1
-1
0
0
0
0
-1
0
0
0
0
0
1
0
0
1
0
1
0
0
0
0
0
0
-1
0
0
0
0
0
0
1
0
0
0
0
0
0
-1
-1
0
-1
0
0
0
0
0
0
0
0
0
0
0
0
0
0
-1
0
0
0
0
1
0
0
0
0
0
0
0
0
0
0
-1
1
-1
0
0
0
0
0
0
0
0
1
0
1
0
0
0
1
-1
0
0
0
0
0
0
0
0
0
0
-1
0
0
0
0
1
1
0
1
0
0
0
0
0
0
0
0
0
0
-1
-1
-1
-1
0
0
0
0
0
-1
0
0
0
0
0
-1
0
-1
0
1
0
0
1
0
0
-1
0
-1
0
0
0
-1
0
1
-1
0
0
0
0
-1
0
1
0
-1
1
1
0
1
-1
0
0
1
0
0
-1
1
0
0
1
0
0
0
0
1
0
0
0
0
1
0
-1
0
-1
0
1
0
1
-1
0
1
0
0
0
0
0
-1
0
0
0
0
0
0
0
0
0
0
-1
0
1
0
1
0
-1
0
0
1
0
0
0
0
0
0
-1
0
-1
0
0
0
0
0
0
0
1
0
1
0
0
0
0
0
-1
0
0
0
0
0
-1
0
0
0
0
0
0
1
0
0
0
0
1
0
0
0
0
0
0
0
0
0
-1
0
1
0
0
0
0
0
0
0
0
0
0
0
0
0
0
0
-1
1
0
0
0
-1
0
0
0
1
0
0
0
-1
0
0
0
0
1
1
0
1
0
0
-1
0
-1
0
0
0
0
0
0
0
0
0
0
0
0
0
1
0
0
0
0
0
0
0
0
0
0
0
0
0
0
0
0
0
0
1
0
0
0
1
0
0
0
0
0
0
0
0
1
1
0
0
1
0
0
0
0
0
1
0
0
-1
1
0
-1
-1
0
0
0
0
0
1
0
1
0
0
0
1
0
-1
0
-1
0
0
-1
0
0
0
-1
0
0
0
0
0
0
0
0
1
-1
0
0
0
0
-1
0
0
0
0
0
1
0
0
0
0
0
0
0
0
1
1
0
0
0
0
0
0
0
0
0
1
0
-1
0
0
0
0
0
0
0
0
0
0
1
0
1
1
1
0
0
0
0
0
0
0
0
0
0
0
0
-1
0
0
0
-1
0
-1
0
0
0
0
0
0
0
-1
1
0
1
0
0
0
0
1
1
0
-1
0
1
-1
0
0
0
0
0
0
0
0
0
0
0
0
0
1
-1
0
0
0
0
0
0
0
-1
0
-1
0
0
0
0
0
-1
0
1
0
0
0
1
0
0
0
0
0
0
0
0
0
0
0
0
0
0
1
0
1
0
-1
-1
-1
0
0
0
0
0
0
0
-1
0
0
1
-1
0
1
0
0
0
0
0
0
0
-1
0
0
0
0
0
0
0
0
0
0
0
0
0
0
0
0
0
0
0
0
0
0
1
0
1
0
0
0
1
0
0
-1
1
0
-1
0
0
-1
0
0
0
0
-1
0
0
0
0
1
0
0
0
1
0
0
1
-1
0
0
0
0
0
0
-1
0
1
0
0
0
1
-1
0
0
0
-1
0
0
0
-1
0
1
0
-1
0
0
-1
-1
0
0
0
0
-1
-1
-1
0
0
0
0
0
0
0
0
0
1
0
-1
0
1
0
1
0
0
0
-1
0
0
0
0
0
0
-1
1
0
0
0
0
1
0
0
0
-1
0
1
0
0
0
0
0
0
0
0
0
0
-1
1
-1
0
1
0
0
0
0
0
0
0
0
0
0
0
0
0
0
0
1
0
0
0
0
-1
1
0
0
0
0
0
0
0
0
0
0
0
0
-1
0
0
0
-1
0
0
1
1
0
0
0
0
-1
0
1
0
-1
0
0
0
0
-1
0
0
0
0
0
-1
-1
0
0
0
0
1
0
0
0
0
-1
0
0
0
0
0
0
0
0
1
0
-1
0
0
-1
0
0
0
0
0
0
0
0
0
0
0
1
0
0
0
0
-1
-1
0
-1
0
0
0
-1
0
0
0
0
1
1
-1
0
0
-1
-1
0
0
-1
0
0
-1
0
0
-1
1
-1
0
0
-1
0
0
0
0
0
0
0
1
0
0
-1
1
1
0
0
0
0
0
0
0
0
0
1
0
0
0
0
0
0
-1
0
0
-1
0
0
1
0
0
1
0
0
0
1
0
0
0
0
0
0
1
-1
0
0
0
1
0
-1
0
0
0
0
0
-1
0
0
0
0
1
0
0
1
0
0
0
1
0
0
0
0
0
1
0
0
0
0
0
0
0
1
0
0
0
0
-1
0
0
-1
-1
0
-1
0
0
0
1
1
0
0
0
-1
1
0
0
0
0
1
0
1
0
0
1
1
0
0
0
0
0
-1
0
0
0
-1
0
0
1
0
0
0
0
1
0
1
0
0
0
0
-1
0
0
0
0
0
-1
0
0
0
1
1
0
0
-1
0
0
1
0
0
-1
1
0
0
0
0
-1
0
0
0
0
0
0
0
0
0
0
0
1
0
0
0
-1
0
1
0
0
1
-1
0
-1
-1
0
0
0
0
0
0
0
0
-1
0
-1
1
0
1
1
0
0
0
0
0
0
0
0
0
0
0
0
0
0
1
0
-1
0
0
0
0
0
0
-1
0
0
-1
0
0
0
0
0
0
0
1
1
0
0
0
0
0
0
0
-1
0
0
0
0
0
0
-1
-1
0
0
0
0
0
1
0
1
-1
0
0
-1
0
0
0
1
0
0
0
0
0
0
0
1
0
1
0
0
0
-1
-1
0
0
0
0
1
0
-1
0
0
0
0
1
0
-1
0
0
0
0
0
1
0
0
0
0
0
0
0
0
0
0
1
0
0
0
0
0
0
0
0
0
0
0
0
0
-1
-1
0
0
0
0
0
0
-1
0
0
-1
0
0
0
0
0
0
0
0
0
0
0
0
0
0
0
0
0
-1
0
0
1
0
0
-1
1
0
0
0
0
0
0
0
0
0
0
-1
1
0
0
-1
0
0
0
1
0
-1
0
0
0
0
0
0
0
1
-1
0
0
0
-1
-1
0
0
0
1
0
0
