0
0
-1
1
0
0
0
0
0
0
-1
0
0
0
0
0
0
0
0
0
0
0
0
0
0
0
0
0
0
0
0
-1
0
-1
0
-1
0
0
0
0
0
-1
0
-1
1
0
0
0
0
0
-1
0
-1
0
-1
0
0
0
0
-1
0
-1
0
1
0
0
0
0
0
0
1
0
0
0
0
0
0
-1
0
0
0
0
0
0
0
0
1
0
1
1
0
0
0
0
0
0
0
0
0
0
1
0
1
0
0
0
0
0
0
0
1
0
0
0
1
0
1
1
0
0
0
0
-1
0
0
1
0
0
0
0
0
0
0
0
0
0
0
0
0
-1
0
0
0
0
0
0
0
0
0
-1
0
1
0
0
0
0
0
0
0
-1
1
0
0
0
1
0
1
0
0
0
0
0
0
0
-1
0
1
0
0
0
1
0
0
0
0
-1
1
1
0
0
1
0
0
0
0
0
0
0
0
-1
0
0
0
0
1
0
0
0
0
0
0
-1
-1
1
0
0
1
0
0
-1
0
-1
1
0
1
0
0
0
0
1
-1
0
0
0
0
0
0
0
0
0
0
0
0
0
0
-1
0
0
0
0
1
0
0
0
0
0
0
0
0
-1
0
0
0
-1
0
0
1
0
-1
0
0
0
0
1
1
1
0
0
-1
0
0
-1
0
0
0
0
-1
0
0
0
0
0
0
1
0
0
0
0
0
1
0
0
0
0
0
0
0
-1
1
-1
0
-1
0
0
0
0
-1
0
0
0
0
0
0
0
0
0
1
0
0
0
0
0
0
0
0
0
0
0
0
0
0
-1
0
0
0
1
0
0
0
0
-1
0
-1
0
1
0
0
1
0
0
0
0
0
0
0
0
0
0
1
-1
0
-1
0
0
-1
0
0
0
0
-1
0
0
0
0
0
1
0
0
0
0
0
0
0
-1
0
0
0
0
0
0
-1
0
0
0
0
0
0
-1
0
-1
0
0
0
0
1
0
0
0
0
0
0
0
0
0
0
0
0
1
0
0
0
0
1
0
-1
0
1
0
0
0
0
0
0
0
-1
-1
0
0
0
1
0
-1
0
0
-1
0
0
0
-1
0
0
1
0
0
0
0
0
0
1
0
0
0
0
1
0
0
0
1
1
0
0
0
0
0
0
1
0
1
0
0
0
1
0
0
0
-1
1
1
0
-1
0
0
0
0
0
0
0
0
0
0
0
1
0
1
0
0
0
0
0
-1
0
1
0
0
-1
0
-1
0
0
-1
0
0
0
0
0
0
0
0
0
0
0
0
0
0
0
0
0
0
0
0
0
0
0
0
0
0
0
0
0
0
0
0
0
-1
0
0
0
0
0
0
0
-1
0
0
0
0
0
0
0
0
0
0
0
0
0
0
0
0
0
0
0
0
0
0
1
-1
0
0
0
0
0
0
0
1
0
0
0
0
0
-1
0
0
0
0
0
0
0
0
0
0
-1
-1
-1
-1
0
-1
0
0
0
0
0
0
-1
-1
0
-1
0
0
0
-1
0
0
0
0
0
0
0
1
0
0
0
0
0
0
0
0
0
0
1
1
0
0
0
0
0
0
0
0
0
0
0
1
0
0
0
0
0
1
1
0
0
0
0
0
-1
0
0
0
0
0
0
1
0
0
1
0
0
0
1
0
0
1
0
1
1
0
0
0
0
0
0
0
0
0
0
1
0
1
1
-1
0
0
0
0
0
0
0
0
0
0
0
1
0
0
1
0
0
0
1
0
0
0
-1
0
0
0
0
0
0
0
0
0
0
1
0
0
0
-1
-1
0
0
0
0
0
0
0
0
0
0
-1
0
1
0
0
0
0
0
0
0
-1
0
1
0
0
0
0
-1
0
-1
-1
0
0
0
0
1
0
0
0
0
0
0
0
0
1
1
0
1
-1
0
0
0
0
0
0
0
0
0
0
0
0
0
0
0
0
0
0
0
0
0
0
0
0
0
0
0
0
-1
1
0
1
0
0
1
0
0
0
0
0
1
-1
0
0
0
0
0
1
0
0
0
0
0
0
0
1
0
0
1
-1
-1
0
0
0
0
0
0
0
0
0
0
0
-1
0
0
0
1
0
0
0
0
1
0
-1
-1
0
0
0
-1
0
0
0
0
0
-1
0
0
0
0
-1
0
0
0
0
0
0
0
0
0
0
0
0
0
0
-1
0
0
0
0
0
0
0
0
0
1
0
-1
0
0
0
0
0
0
0
0
0
0
0
0
0
0
0
0
0
0
0
-1
0
0
0
0
0
0
0
0
0
0
0
0
0
1
0
0
0
0
0
0
0
1
0
0
0
1
1
0
0
0
-1
1
1
0
0
0
0
0
0
0
1
0
0
0
1
0
0
0
0
0
-1
0
0
0
0
0
0
0
0
0
0
-1
-1
-1
0
0
0
0
-1
0
0
0
0
0
0
0
0
0
1
0
1
0
0
0
0
0
0
1
-1
0
1
-1
0
0
0
0
0
0
0
-1
0
0
0
-1
0
-1
0
0
0
0
0
-1
0
0
0
0
0
0
-1
0
0
0
0
0
0
0
0
-1
-1
0
0
0
0
0
1
0
0
0
0
0
-1
0
0
0
0
0
0
0
0
0
1
0
1
0
0
1
-1
1
0
0
0
-1
-1
0
0
0
-1
0
-1
0
0
0
-1
0
0
0
0
1
0
0
0
0
0
0
1
0
1
0
0
0
0
0
0
1
0
0
0
1
1
0
0
0
0
0
0
0
0
-1
1
0
0
0
0
0
0
0
1
0
0
-1
0
0
0
-1
-1
0
0
1
0
-1
0
0
0
0
0
0
-1
-1
0
0
-1
1
0
1
0
0
0
0
0
0
1
0
0
0
0
0
0
0
0
0
1
-1
-1
0
0
0
0
0
0
0
0
0
0
0
0
0
0
0
-1
0
0
-1
0
0
-1
0
0
0
0
0
0
0
0
1
0
0
0
1
0
0
-1
-1
0
0
0
0
-1
0
0
0
0
1
0
0
0
0
-1
0
0
0
0
0
0
1
1
0
0
0
-1
0
0
0
0
0
0
0
1
0
0
1
-1
0
0
-1
1
0
-1
-1
0
0
0
0
0
0
0
0
0
0
-1
-1
0
0
0
0
0
0
0
0
0
0
0
-1
-1
0
-1
0
0
0
1
0
0
1
1
-1
0
-1
0
0
0
1
0
0
0
0
1
0
0
0
0
-1
0
0
0
1
0
0
0
0
0
0
0
0
-1
0
0
0
0
1
0
1
0
0
-1
0
0
0
0
1
0
0
0
1
0
0
1
0
0
0
-1
-1
0
1
0
0
0
0
1
0
-1
0
0
0
-1
0
0
1
1
0
0
0
0
0
0
0
-1
-1
0
-1
1
0
0
1
0
0
0
0
0
-1
0
0
0
0
-1
1
1
1
0
0
0
0
-1
-1
-2
-1
-1
1
0
1
1
1
1
0
0
0
-1
0
-1
-1
1
2
1
2
1
-1
-2
-4
-3
-3
-2
0
2
4
4
3
3
1
0
-3
-3
-4
-3
-3
0
1
3
3
4
1
1
-1
-2
-2
-2
-2
-1
-1
2
2
3
3
2
0
-2
-3
-5
-3
-4
-1
-1
2
2
4
3
4
2
3
1
-2
-2
-6
-5
-4
-4
0
2
5
6
4
5
-3
-2
-8
-7
-7
-5
1
2
10
7
12
8
2
-4
-8
-12
-12
-9
-3
1
7
10
10
11
6
6
0
-1
-5
-5
-8
-7
-7
-5
0
-1
8
4
9
3
0
-6
-11
-12
-16
-4
-1
10
20
19
26
12
8
-12
-17
-26
-26
-14
-7
14
23
31
29
16
0
-23
-33
-44
-33
-22
5
23
44
47
37
20
-8
-30
-46
-46
-37
-8
12
42
50
54
36
13
-12
-40
-48
-58
-38
-24
4
25
36
44
33
22
3
-15
-21
-32
-20
-20
-2
8
17
24
19
16
2
-5
-16
-17
-19
-8
-7
10
7
15
5
2
-3
-11
-4
-9
8
6
16
16
8
7
-8
-15
-16
-19
-9
-3
13
17
20
20
-2
-1
-28
-26
-31
-15
0
17
36
31
34
8
-4
-27
-27
-34
-13
-2
15
22
20
17
2
0
-15
-9
-12
0
2
11
7
7
-6
-11
-14
-19
-7
-3
14
15
27
15
14
0
-13
-18
-20
-18
-7
7
11
21
13
10
-5
-11
-22
-21
-10
-6
12
15
24
13
15
-2
-13
-8
-21
-2
-4
8
11
10
1
-2
-13
-18
-9
-8
3
16
17
16
11
-2
-10
-14
-10
-4
4
17
11
14
-3
-8
-22
-19
-18
-6
8
16
27
17
12
-6
-17
-26
-21
-12
7
18
34
25
26
-3
-8
-37
-28
-27
-10
6
23
24
18
10
-13
-9
-29
-5
-10
15
10
30
8
23
-4
-13
-14
-30
-9
-21
16
-2
28
11
14
-2
-11
-16
-26
-1
-15
20
13
25
17
8
-7
-24
-19
-20
-8
11
12
20
16
7
-8
-10
-16
-22
2
-4
16
15
30
12
9
-2
-23
-20
-27
-19
-10
2
7
26
19
18
14
-7
-11
-16
-26
-9
-11
9
10
13
19
2
14
-3
6
-1
-2
6
-13
-1
-10
-9
-5
0
-5
1
9
-2
10
-10
-1
-3
-17
3
-6
1
3
19
8
12
17
1
4
-7
-6
-32
3
-22
11
14
23
24
11
7
-32
-29
-39
-36
-13
13
11
54
35
38
16
-5
-35
-34
-40
-41
8
1
33
49
22
18
5
-30
-19
-18
-31
5
4
5
24
-4
23
-7
1
14
-22
9
-2
-8
-9
0
-13
3
4
4
4
10
2
19
-15
5
-9
-24
8
-33
10
-21
16
0
24
5
23
7
0
-5
-22
-6
-11
7
6
13
2
31
-12
22
-15
-20
-7
-24
-4
-23
11
-19
35
-5
23
13
-5
24
-25
18
-27
-1
-2
-10
13
-15
13
2
2
11
-12
5
-8
-12
14
-21
16
-3
0
-1
1
7
-11
21
-17
7
8
-6
10
-4
2
6
-6
11
-16
-2
-12
-12
12
-6
15
6
13
3
3
-1
-8
-9
-13
-2
-7
10
12
11
9
12
-19
-4
-10
-30
6
-14
1
3
12
18
-4
24
-21
-4
2
-23
20
-9
22
-9
27
-18
-10
7
-33
19
-28
34
-3
14
13
-5
-6
-3
-25
1
5
-9
13
13
-2
9
9
-11
12
-34
9
-32
8
5
0
27
-12
21
-1
-3
3
-9
-12
-8
12
-23
29
-15
21
-7
6
13
-18
14
-17
-2
-10
-1
2
-1
2
13
-1
5
-5
1
-22
18
-29
13
3
-4
1
13
-13
-3
17
-19
7
1
11
-11
8
-9
-1
0
13
1
21
-5
12
-9
-7
-9
-19
-7
-14
16
-7
32
-8
13
7
-16
5
-22
0
2
2
24
12
3
0
-8
-1
-36
14
-20
8
19
-6
26
-13
-1
-19
2
-22
3
15
-14
35
-6
15
14
-17
16
-42
0
-15
-19
22
-5
20
17
15
-2
18
1
-43
28
-31
-13
8
-32
14
3
14
23
12
9
6
-9
-23
6
-48
1
-4
-3
24
-6
23
23
-19
16
-8
-3
16
-20
3
-4
-16
1
6
3
12
2
10
19
-19
-23
6
-46
-13
-1
0
36
10
31
9
2
-16
6
-32
-5
1
-15
48
-23
72
-56
73
-35
-30
12
-60
4
-49
41
-21
23
18
3
27
-15
22
-26
-8
-3
-21
14
7
26
27
8
-7
-28
10
-29
8
-18
-11
-1
7
17
-14
32
-30
21
-10
3
18
-10
18
5
-22
-19
-2
-15
-2
12
39
1
32
1
-34
4
-49
-4
-18
14
17
9
32
-7
9
-6
-5
-25
-12
-7
-22
13
28
-11
27
37
-12
27
-6
-33
3
-26
-42
27
-21
26
25
14
19
-27
16
-45
20
-48
3
20
-27
57
-17
37
-11
24
-17
-16
-11
-11
-22
5
-2
16
37
5
32
-13
-9
-23
-13
-51
12
-33
32
17
25
28
-8
28
-47
25
-7
-23
20
-21
-5
-7
-16
0
-19
44
0
31
-1
16
-11
-28
-4
-30
42
-71
68
-4
-19
6
3
0
-10
2
11
-15
2
22
-37
49
-46
51
-6
9
-24
14
-19
8
15
-40
38
-38
14
0
38
-45
50
-31
17
-4
-40
-7
-16
32
-19
69
-21
18
7
-27
-8
-2
-41
-4
-6
14
14
13
15
-2
10
10
-1
-24
30
-54
29
-9
-38
12
-9
-21
46
10
14
28
-8
17
7
-45
-17
-34
-24
11
19
21
52
-6
16
31
-64
14
-60
-3
-46
-9
18
11
57
-10
38
12
6
-9
23
-52
-27
2
-17
3
25
12
8
-5
7
11
-12
-35
28
-18
-23
22
-35
9
5
18
-17
25
-5
-8
40
-3
-8
7
-4
2
-22
1
-27
24
-15
30
23
8
7
-4
-11
-37
-30
-45
63
-36
37
26
-19
39
-28
19
-20
-13
8
-12
5
-24
20
-20
5
-6
-8
47
-37
64
14
-49
85
-77
2
27
-64
30
-22
-11
25
4
-1
14
28
-43
33
-30
-31
17
-52
34
-5
35
7
33
-8
0
-4
23
-41
-15
38
-68
69
-27
-33
82
-73
31
12
-44
47
-48
17
-4
11
-23
27
-2
-30
46
-72
45
-27
9
65
-28
34
-31
-6
2
-29
5
-9
16
21
-10
4
19
-28
12
-1
-44
20
-34
21
-22
5
26
-13
37
13
10
-28
24
-4
-14
6
-48
18
-12
6
16
-7
33
-21
42
4
-30
-31
-9
-20
-1
13
-7
15
35
-22
40
-10
-17
42
-63
28
-61
20
-5
-6
31
5
7
52
18
-33
3
-7
-63
5
-48
0
6
39
29
-2
73
-71
43
-25
-51
3
-4
14
-13
51
-29
31
-17
-24
48
-54
5
18
-15
45
-35
26
9
-9
-19
-18
38
-56
36
-3
-1
33
-24
2
-31
8
-24
-9
14
-10
46
0
35
-7
-17
-21
-31
-11
11
-5
28
43
48
7
-11
-9
-83
19
-56
39
-19
7
46
-4
40
-19
24
-24
-29
27
-36
-2
-5
-25
67
-38
39
-47
28
-16
-29
-8
-43
32
-45
43
6
41
-4
57
-48
-5
41
-61
53
-11
31
18
-13
52
-54
-15
-18
-38
-53
-20
5
5
55
10
53
-12
-12
15
-73
42
-54
44
10
32
35
-9
55
-36
27
-38
2
-21
5
-39
-1
-45
-27
-10
-30
55
-37
73
0
-42
13
10
15
-10
55
-5
4
46
-32
10
-44
32
-28
13
9
4
8
-36
-8
-69
27
-32
-4
-9
23
29
-3
57
-1
-3
-5
-18
53
9
-19
11
-22
2
0
8
-7
55
-19
14
16
-101
-41
-46
-63
-20
11
6
122
29
90
-9
23
-42
-50
-14
-53
45
4
133
-31
98
-23
-18
18
-135
14
-114
-15
14
-12
13
3
53
8
42
17
-10
-38
-23
16
-52
-35
2
-13
38
12
48
47
29
22
15
-11
-61
-2
-35
-23
55
-15
33
40
8
-31
20
-32
-53
-19
-76
57
-38
12
22
-27
44
-37
26
-57
54
-43
65
23
-5
52
-22
55
-41
6
9
7
11
-29
14
1
-48
-48
46
-3
-19
27
-9
19
-131
31
-49
7
-9
59
77
28
22
17
5
-30
-17
-37
-32
8
-4
11
31
-29
30
-16
30
-3
29
33
15
7
-46
0
-45
-32
-34
70
-23
-4
50
-35
-10
-37
24
-19
-30
34
-32
85
-53
58
-13
18
35
-49
88
-92
5
9
-11
-14
-20
40
-10
-38
38
-35
-5
17
30
14
-19
20
-9
-65
-8
13
38
26
13
28
-37
17
-20
1
-2
11
-20
-42
-3
-40
-82
-21
58
32
48
72
-23
43
-79
1
-11
-28
31
-8
35
13
35
-26
32
-33
54
-19
23
18
-6
-30
5
-60
-16
-39
-31
18
-38
44
-37
-3
59
22
-19
32
-21
7
23
-16
52
-40
32
35
-27
52
-64
54
-44
35
-47
-2
-11
-84
39
-26
5
1
-1
80
-86
15
1
-97
52
-31
161
-29
77
18
-55
-15
-62
4
14
-28
97
4
41
-3
-71
-37
-78
-48
-92
144
22
93
8
43
-67
-72
-55
-59
44
-9
173
64
9
73
-72
-25
-81
-66
27
-99
121
-25
81
-4
17
-2
-81
36
-131
73
-63
55
92
-80
126
-46
3
4
-41
2
-52
52
-58
102
-28
-6
-19
-40
-7
-40
32
-25
42
60
32
10
50
-118
33
-14
15
43
10
6
-95
1
-35
-82
-46
15
38
14
85
67
-54
69
-96
15
-36
-30
39
-9
-1
-20
37
-31
78
-52
60
0
-30
16
-70
16
-93
-37
59
27
55
94
5
87
58
-106
74
-98
-103
19
-63
26
40
46
12
74
-96
46
-23
-18
24
-82
108
-76
90
-37
147
4
35
-1
-69
-63
-71
-68
-114
2
-29
10
39
80
-10
86
-102
24
-30
-5
11
-16
5
-85
4
-85
11
-43
46
-8
29
-50
39
-14
12
55
-20
87
-7
60
-114
78
-97
29
-89
33
0
62
120
74
103
4
91
-96
52
-84
-83
34
-82
70
28
74
41
-48
-8
-56
60
-15
81
17
40
35
5
25
-128
-69
-204
-50
-19
-40
75
-29
37
31
1
61
-52
31
-9
-2
13
-21
-28
-35
103
19
91
20
9
11
-147
-27
-148
-65
5
-34
42
87
16
52
71
-74
-18
-40
-3
27
23
62
64
-9
-20
-50
-77
-103
-75
-99
-18
19
-2
160
15
166
5
39
2
-12
-75
-56
50
-166
26
1
18
-3
55
146
82
155
53
91
96
-31
98
-19
-9
-13
-6
-2
-18
-67
57
55
-38
16
-51
-44
-129
-93
-188
-174
-168
-110
-41
-90
-75
-87
-59
-135
-168
-181
-135
-93
4
18
-7
80
-1
124
98
171
128
100
188
67
58
-62
-130
-163
-189
-51
-13
58
56
23
-6
11
28
-59
-7
-89
47
68
46
180
89
158
159
127
165
74
55
67
9
56
46
21
-101
-90
-133
-104
-53
-33
29
43
104
168
191
190
168
133
147
134
211
135
232
178
240
236
159
143
10
44
4
-48
-83
-35
-112
-100
-119
-79
-46
-151
-22
-75
-166
-69
-139
-146
-129
-112
-45
-13
-20
47
37
-84
-1
-56
-140
-129
-209
-138
-212
-250
-178
-228
-184
-167
-137
-111
-148
-121
-161
-198
-183
-263
-219
-177
-126
-106
-25
27
-8
53
22
54
37
8
38
-5
69
37
64
70
6
60
49
40
69
65
10
56
60
40
99
92
153
146
200
225
235
287
264
231
190
208
167
178
172
129
97
118
102
80
47
-2
11
-25
9
17
48
19
61
26
15
78
102
171
201
281
306
354
400
356
332
305
250
246
177
127
45
2
-57
-107
-212
-249
-295
-365
-344
-408
-418
-476
-432
-445
-438
-414
-393
-360
-338
-207
-181
-123
-96
-57
-80
-81
-87
-209
-271
-348
-419
-472
-521
-532
-545
-533
-489
-493
-466
-386
-284
-130
26
177
362
525
677
793
861
876
831
744
649
477
307
124
-77
-218
-420
-480
-550
-555
-462
-369
-220
-93
73
219
353
478
591
671
765
852
980
1069
1187
1254
1266
1268
1204
1114
898
672
363
55
-263
-496
-746
-935
-982
-1027
-934
-837
-616
-383
-125
110
298
463
620
764
790
839
769
705
599
510
357
206
57
-153
-318
-551
-712
-950
-1186
-1478
-1797
-2101
-2458
-2791
-3125
-3386
-3653
-3900
-4091
-4102
-4074
-3989
-3894
-3795
-3405
-2672
-1485
-240
1055
2308
3770
5272
6641
7553
7866
7746
7185
6410
5260
3873
2322
775
-569
-1644
-2401
-2826
-2959
-2905
-2832
-2772
-2699
-2638
-2641
-2691
-2845
-2893
-2625
-2113
-1227
-130
1286
2864
4442
5910
7088
7879
8159
7905
7024
5635
3861
1887
-64
-1821
-3197
-4140
-4508
-4376
-3744
-2848
-1845
-810
131
933
1489
1765
1975
2078
2105
2116
2093
2147
2127
2063
1890
1602
1202
578
-233
-1279
-2331
-3369
-4362
-5260
-5990
-6519
-6870
-7021
-7145
-7435
-7745
-7945
-7885
-7767
-7787
-7968
-8359
-8025
-6605
-3882
-1043
1721
4292
7241
10349
13051
14693
14779
13853
12016
9933
7243
4481
1396
-1385
-3738
-5209
-5906
-5878
-5180
-4236
-3235
-2710
-2350
-2304
-2367
-2846
-3814
-4783
-5213
-4628
-3374
-1425
1085
4109
7225
10115
12441
13907
14366
13638
11815
8982
5627
2037
-1460
-4496
-6820
-8155
-8481
-7803
-6309
-4319
-2143
-39
1838
3289
4303
4745
4729
4593
4484
4378
4277
4292
4389
4574
4653
4471
3896
2908
1452
-337
-2141
-3891
-5482
-7094
-8461
-9294
-9627
-9641
-9537
-9393
-9284
-9214
-9319
-9499
-9627
-9585
-9390
-9112
-8868
-8823
-8117
-6058
-2411
1610
5158
8160
11176
14438
17125
18629
17964
15848
12763
9492
6038
2418
-1397
-5004
-7760
-9286
-9475
-8909
-7593
-6019
-4378
-3143
-2276
-1729
-1379
-1525
-2275
-3105
-3288
-2192
-66
2768
5988
9391
12617
15266
17016
17381
16174
13376
9270
4239
-1122
-6286
-10807
-14239
-16130
-16264
-14610
-11278
-6779
-1854
2901
7159
10643
12974
13976
13593
12189
10242
8182
6241
4525
3138
2082
1494
1232
1102
651
-315
-1879
-3759
-5685
-7492
-9110
-10603
-11716
-12159
-11732
-10687
-9326
-8094
-7167
-6388
-5624
-5143
-5100
-5455
-5863
-6011
-5979
-5899
-6214
-6544
-5741
-3083
717
4039
6508
8605
11101
13748
15697
15815
13951
10965
7807
4846
1599
-1970
-5816
-8856
-10500
-10525
-9602
-8080
-6024
-3589
-1188
622
1912
2647
3014
2555
1654
953
1344
2710
4532
6546
8692
10812
12465
13253
12667
10692
7430
3317
-1353
-6085
-10469
-13988
-16017
-16130
-14417
-11032
-6184
-459
5410
10706
15056
17916
19182
18725
16729
13435
9450
5566
2070
-790
-2969
-4182
-4594
-4139
-3267
-2521
-2367
-2847
-3782
-5128
-6627
-8081
-9323
-10410
-10826
-10374
-9179
-7587
-6037
-4835
-4009
-3376
-2847
-2904
-3655
-4717
-5620
-6164
-6725
-7528
-9047
-9832
-8547
-4851
-436
3035
5713
8567
12506
16419
18745
18211
15371
11725
8062
4354
-52
-5084
-9927
-13075
-13909
-12882
-10818
-7947
-4281
-280
3306
5727
7149
7731
7390
5761
3538
1778
1284
1858
3021
4600
6419
8381
9935
10531
9419
6803
3262
-719
-5038
-9350
-12979
-15287
-15503
-13347
-9168
-3810
2101
8173
13827
18198
20667
21063
19425
15981
11221
5887
904
-3142
-6079
-8031
-8759
-8107
-6250
-3833
-1754
-603
-563
-1379
-2831
-4591
-6457
-8185
-9655
-10334
-9829
-8161
-5919
-3766
-2064
-1024
-432
-199
-480
-1826
-4050
-6416
-8121
-9167
-10126
-11593
-13604
-14314
-11812
-6141
-16
4668
8341
12628
17747
22264
24091
22067
17108
11226
5694
241
-5822
-12227
-17385
-19608
-18509
-15022
-10442
-5228
563
6166
10479
12694
13101
12046
9527
5606
1371
-1565
-2376
-1700
-178
2099
5136
8315
10597
11190
9741
6629
2642
-1640
-6310
-11058
-14813
-16048
-14173
-10043
-4868
840
7026
12957
17599
20304
20770
18906
14970
9908
4449
-796
-5077
-7854
-9143
-9141
-7843
-5361
-2406
187
1739
1881
743
-1184
-3340
-5528
-7572
-9045
-9392
-8640
-7013
-4728
-2146
206
1507
1678
1130
212
-1261
-3352
-5870
-8474
-10576
-11834
-12224
-12320
-12667
-13397
-13102
-10044
-3829
3157
8414
11772
15261
19642
23419
24271
21069
14918
7832
1352
-4545
-10149
-15525
-19386
-20343
-17628
-12237
-5857
303
6141
11335
14842
15787
14336
11340
7174
2014
-3073
-6126
-6473
-4887
-2442
884
5192
9526
12458
13089
11272
7495
2844
-2034
-7119
-12165
-15768
-16225
-13245
-8239
-2466
3642
9602
14700
18302
19847
18721
14994
9676
4015
-1297
-5768
-8738
-9747
-9151
-7294
-4432
-929
2384
4491
4901
3586
1154
-1721
-4640
-7459
-9544
-10045
-9005
-6985
-4429
-1331
1864
3903
4174
3072
1175
-1224
-4057
-7091
-10046
-12558
-14211
-14608
-13752
-12134
-10332
-9380
-9090
-7684
-3079
3926
9980
13186
14736
16995
20009
22157
21096
16241
8625
1098
-4674
-8802
-12672
-16464
-18696
-17667
-12936
-6329
136
5281
9691
13067
14566
13476
10576
6465
1538
-3328
-6508
-6982
-5380
-2597
891
5266
9743
13116
14119
12402
8304
3122
-1973
-6796
-11483
-15503
-16770
-14185
-8539
-2200
3917
9418
13960
16997
18128
16926
13018
7065
938
-3773
-6991
-8539
-8447
-6615
-3643
214
4039
7151
8535
7866
5253
1210
-3239
-7425
-10936
-13543
-14274
-12690
-9180
-5109
-926
3102
6255
7430
6472
4099
773
-3310
-7588
-11174
-13845
-15569
-15984
-14749
-12110
-8743
-5607
-3813
-3454
-2832
422
6015
10718
12508
12196
12618
14701
17118
16878
12747
5471
-1295
-5515
-7788
-10198
-13497
-15642
-14724
-10091
-3890
1949
5881
8922
11166
12260
11120
8153
4154
-171
-3780
-5742
-5280
-3337
-420
2972
7143
10841
13076
12719
9813
4988
-556
-5333
-9344
-12701
-15210
-15270
-12042
-5889
1034
7038
11415
14577
16672
16998
14893
10205
4261
-1368
-5075
-6807
-6897
-5710
-3307
-82
3371
6631
8724
8769
6309
2099
-2940
-7663
-11667
-14529
-15984
-15526
-12810
-8087
-2283
3182
7554
10340
11325
10113
7069
2713
-2465
-7988
-12818
-15937
-17246
-17054
-15378
-12317
-8389
-4576
-1634
-523
-1215
-1884
-26
4005
7159
7861
7441
8895
12434
15975
16250
12437
6076
764
-2411
-4516
-7635
-11631
-14365
-13720
-9510
-4005
747
3699
6174
8225
9547
8737
6232
2755
-521
-3001
-3956
-2920
-571
2475
5607
8947
11319
12016
10407
6898
1732
-3857
-8625
-11904
-13816
-14427
-12786
-8734
-2435
4650
11134
15411
17531
17789
16238
12257
6374
236
-4716
-7902
-9068
-7810
-4659
-290
4197
8181
10657
11112
9094
4914
-924
-7445
-13327
-17604
-19691
-19270
-16006
-10361
-3092
4443
11202
15939
17912
16966
13326
7365
-447
-8624
-15812
-20971
-23642
-23487
-20762
-16177
-10645
-4620
755
4204
4489
1776
-1531
-2093
719
3958
5370
5497
7719
12672
18151
20034
16679
9744
3261
-1370
-5010
-9566
-14947
-18660
-18388
-13781
-7435
-1590
2587
6493
9954
12347
12080
9501
5746
2185
-484
-1789
-1236
467
2976
5683
8756
10875
11065
8785
4474
-1224
-7143
-11797
-14765
-16165
-16114
-13673
-8672
-1680
5983
12959
17771
19861
19777
17693
13365
6899
32
-5644
-9335
-10963
-9876
-6250
-1295
3495
7483
10325
11162
9474
5208
-654
-7070
-12657
-16721
-18418
-17441
-13730
-8122
-1418
5711
12401
17228
18944
17529
13330
7001
-869
-8755
-15632
-20891
-24124
-24233
-20992
-15640
-9624
-4002
856
4173
5245
3227
-1565
-6679
-8097
-4719
278
3893
6244
10178
16155
21939
23524
19464
11058
2312
-4480
-9531
-14356
-19096
-21744
-20345
-14331
-6168
1843
7871
12577
15540
16501
14621
10811
6411
2006
-1938
-4716
-4826
-2340
1737
5588
8617
10076
10045
8084
4022
-1917
-8241
-13079
-15667
-15863
-14075
-10073
-4353
2453
8996
14210
16800
16522
14150
10817
6873
2272
-2139
-5207
-6243
-5624
-3496
-337
2975
5405
6557
6299
4523
1582
-1906
-5489
-8899
-11419
-12169
-10776
-7455
-2965
1655
5750
9163
11694
12844
11987
8974
4270
-1435
-7067
-11626
-14737
-16622
-17577
-17150
-14624
-10329
-5677
-1970
359
1546
1889
1373
-651
-5160
-11002
-14341
-11238
-2942
5722
11035
14049
17840
23003
26534
23986
14780
2383
-7667
-13729
-17173
-20280
-22469
-21398
-15535
-6069
3707
11057
14992
16760
16803
14953
10468
4799
-315
-3800
-5488
-4905
-1905
2379
6719
10048
11748
10734
7112
1442
-5217
-11875
-16915
-18987
-17782
-13786
-7927
-905
6302
12641
16652
17561
15378
11332
6682
2076
-2137
-5348
-6529
-5306
-2418
949
4416
7682
9659
9305
6632
2744
-1398
-5295
-8688
-11298
-12662
-12196
-9703
-5601
-569
4228
7828
10083
11364
11635
10185
6711
1807
-3593
-8627
-12696
-15394
-16676
-16603
-15147
-12317
-8143
-3431
543
3016
4171
4292
3387
1141
-2745
-8208
-13408
-14638
-9471
-221
8425
13975
17532
21101
24257
24293
18547
7702
-4498
-13844
-19094
-21115
-21243
-19130
-14068
-6148
2777
10421
15460
17350
16436
12838
7584
2084
-1805
-3838
-4717
-4880
-3099
1306
6695
10485
11167
9039
4765
-542
-6364
-11943
-16538
-18711
-17411
-12755
-5925
1324
7740
12557
15469
15869
13644
9358
4608
726
-1897
-3509
-3731
-1904
1566
4868
6648
7244
7114
6033
3319
-626
-4782
-8025
-9819
-10080
-9200
-7524
-5180
-2162
1502
5312
8320
9590
9211
7878
6270
4343
1644
-2091
-6356
-10024
-12149
-12614
-12086
-11288
-10379
-8551
-5237
-1374
1331
2185
1617
513
-781
-2623
-6320
-12101
-16474
-14587
-5596
5278
12884
16177
18216
20897
22938
20411
11613
-795
-11480
-16973
-18158
-17074
-14937
-10718
-4306
3189
9125
12351
12638
11026
8032
3757
-1320
-5369
-5994
-3565
-232
2325
5128
8481
11357
11858
9533
4591
-1918
-8327
-13357
-16416
-17179
-14893
-9956
-3560
2566
7800
11598
13546
13149
10503
6381
2134
-868
-1939
-1629
-895
389
2499
4731
5798
5582
4660
3271
1167
-1220
-3259
-4551
-5012
-4752
-3999
-2813
-1178
636
2198
3368
4363
5025
5177
4772
3970
2751
1308
-520
-2718
-5169
-7450
-9092
-10051
-10381
-10161
-8999
-6847
-3929
-1192
798
1710
1630
583
-1600
-5188
-10081
-15657
-19509
-18020
-9640
2260
12203
17760
20326
22217
23054
20493
12669
1606
-8498
-14341
-15852
-14316
-11108
-6915
-2334
1795
4459
5107
4423
3085
1517
-560
-2540
-3019
-373
4362
8511
10318
10671
10810
10270
7976
3741
-1493
-7017
-11655
-14631
-15385
-13857
-10066
-4843
395
4460
7137
8768
9315
8405
5958
2992
851
318
952
1923
2561
3032
3713
4328
3907
2477
1199
778
574
-79
-833
-1006
-545
46
427
439
308
178
210
368
713
1131
1371
1308
1150
1116
1063
545
-810
-2804
-4882
-6509
-7602
-8235
-8446
-8020
-6715
-4724
-2796
-1718
-1762
-2696
-4278
-6662
-9893
-13878
-17513
-17819
-11846
-396
11511
19415
22494
23074
22646
20619
14801
5158
-5323
-12528
-14972
-13958
-11116
-7479
-3402
78
2001
1846
773
98
605
1328
1392
1299
2995
7146
11593
13153
11251
8054
5249
2789
-183
-3578
-6970
-9576
-11068
-11315
-10355
-7839
-4117
-462
1864
2715
3171
3931
4993
5524
5181
4489
4468
5204
6061
6174
5348
4173
3200
2122
856
61
228
749
754
354
-10
-98
-56
-195
-576
-727
-526
-449
-629
-578
-33
484
485
62
-390
-461
14
366
-368
-2279
-4415
-5856
-6591
-7231
-7919
-8241
-7604
-6115
-4780
-4508
-5324
-6492
-7509
-8575
-10184
-12334
-14159
-12909
-6139
5085
15830
21902
22849
21491
19814
17278
11865
3492
-4994
-10361
-11839
-10970
-9055
-6780
-4282
-2416
-1924
-2775
-3388
-2468
202
3021
4519
5055
6490
9479
11925
11513
8206
4358
1480
-329
-1741
-2853
-3860
-5004
-6404
-7770
-8321
-7280
-4824
-2415
-996
-219
1143
3481
6146
7807
7922
7177
6616
6505
6411
5860
4724
3548
2789
2173
1460
910
806
425
-634
-1904
-2544
-2353
-1706
-952
-85
997
1841
1822
838
-352
-1309
-2081
-2823
-3130
-2556
-984
1030
2444
2431
939
-1245
-3655
-6319
-8923
-10828
-11442
-10703
-9224
-8034
-7437
-6933
-6156
-5520
-5720
-6821
-8560
-8892
-5189
3116
12657
19069
20712
19107
16684
14053
10074
3749
-3315
-8483
-10405
-9805
-7969
-5765
-3737
-2262
-1983
-3053
-4449
-4354
-2041
1344
4029
5325
6446
8585
11063
11579
9138
5362
2266
398
-780
-1446
-1753
-2256
-3598
-5662
-7642
-8287
-7215
-5393
-3962
-3021
-1625
701
3761
6399
7830
8012
7774
7715
7836
7821
7340
6478
5385
4046
2232
250
-1307
-2343
-3325
-4299
-4575
-3605
-1699
382
2106
3271
3544
2686
862
-1151
-2425
-2925
-3075
-3026
-2300
-671
1433
2865
2659
672
-2108
-4485
-6247
-7636
-8823
-9560
-9461
-8549
-7625
-7597
-8289
-8718
-8214
-7123
-6342
-6734
-7758
-6411
-243
9184
16777
19323
17506
14516
12205
9924
5878
324
-4364
-6368
-6128
-5195
-4253
-3447
-2937
-3147
-4341
-6018
-6605
-4762
-702
3591
6263
7124
7699
8794
9508
8312
5711
3384
2324
2203
2502
2944
2807
1200
-2261
-6753
-10449
-11622
-10411
-8097
-5751
-3271
-392
2749
5560
7365
7982
7753
7249
7058
7677
8966
10177
10376
8980
5819
1694
-2078
-4869
-6826
-8078
-7963
-5932
-2399
1325
4053
5318
5266
3802
1075
-1823
-3504
-3526
-2698
-1793
-970
-132
704
1205
702
-1052
-3382
-5019
-5463
-5298
-5477
-6263
-7213
-7908
-8646
-9969
-11516
-12325
-11497
-9109
-6452
-5038
-5158
-4503
-162
7685
14912
17494
15375
11837
9638
8548
6568
2925
-876
-2810
-2959
-2626
-2749
-3142
-3736
-4780
-6350
-7694
-7523
-5070
-689
3699
6447
7190
7129
7259
7367
6537
4963
3893
4045
4885
5639
5867
5022
2487
-1876
-7124
-11324
-12788
-11413
-8689
-5775
-2985
-344
1923
3409
4151
4315
4642
5516
7083
9131
11341
12846
12616
10410
6549
1762
-2757
-5780
-6953
-6767
-5512
-3236
-653
1229
1793
1483
822
92
-868
-1731
-1696
-352
1429
2188
1310
-581
-2218
-3076
-3143
-2982
-2898
-2689
-2160
-1767
-2323
-4300
-7227
-10000
-11813
-12576
-12661
-12027
-10442
-7862
-5284
-3962
-4731
-5651
-3052
4096
12314
16684
16243
13365
11178
10119
8602
5386
1612
-740
-1513
-1672
-2242
-3101
-4394
-6051
-7843
-8914
-8229
-5268
-658
3600
6086
6496
5967
5502
5140
4563
4156
4790
6456
8098
8868
8539
6905
3399
-1774
-7528
-11861
-13171
-11561
-8527
-5644
-3119
-1052
379
851
731
724
1759
4304
7675
10955
13284
14428
14077
11887
7921
3023
-1235
-3813
-4714
-4671
-3968
-2810
-1704
-1376
-2254
-3371
-3654
-2822
-1738
-870
-51
985
1769
1447
14
-2083
-3649
-3987
-2999
-1351
-50
476
141
-828
-2638
-5404
-8678
-11303
-12554
-12520
-11928
-11439
-10659
-9310
-7779
-7433
-8272
-7498
-2274
6911
15396
19075
17791
14647
12198
10408
8107
5100
2777
1681
1313
461
-1054
-2985
-5263
-7786
-10181
-11026
-9304
-4980
177
3747
4633
3788
3007
3080
3474
4021
5478
8172
10964
12406
12169
10503
7272
2250
-3785
-9085
-11701
-11060
-8587
-6206
-4842
-4125
-3781
-3597
-3354
-2650
-1078
1745
5891
10344
13796
15189
14537
12217
8843
5255
2242
415
-264
-475
-1077
-2089
-3029
-3712
-4646
-5698
-6150
-5361
-3410
-1088
754
1368
700
-929
-2886
-4383
-4731
-3841
-2183
-266
1384
2228
2017
836
-1225
-4051
-6942
-9226
-10485
-10663
-10167
-9946
-10478
-11394
-12006
-12113
-11722
-9209
-3271
5597
13755
18010
17828
15205
12605
10475
8694
6956
6194
6280
6129
4559
1506
-2021
-5525
-8704
-11088
-11582
-9642
-5570
-1023
1935
1773
-612
-2588
-2452
-487
2313
5935
10089
13666
15327
14745
12287
8374
3376
-2073
-6343
-7885
-6620
-4670
-3971
-5008
-7009
-8816
-9377
-7933
-4682
-215
4276
7875
10413
11959
12029
10105
7207
4986
4205
4568
5584
6173
5221
2518
-1230
-4807
-7290
-7767
-6502
-4440
-2559
-1339
-876
-915
-1182
-2238
-4206
-6152
-6396
-4579
-1732
651
1531
978
-279
-1342
-2077
-2646
-3409
-4427
-5464
-6332
-7194
-8174
-9087
-10015
-10915
-11805
-12327
-11519
-7781
-839
6850
11888
12977
11562
9854
9202
9413
9753
9845
9910
9556
8147
5475
2208
-1219
-4605
-7218
-8343
-7532
-5453
-3143
-1858
-2281
-4186
-6340
-7049
-5386
-1730
2927
7615
11198
12953
12791
11612
9838
7463
4642
1919
15
-595
-485
-1177
-3524
-6630
-9028
-9955
-9075
-6504
-2680
1247
4207
5574
5771
5735
5861
5889
5716
5688
6109
6964
7607
7297
5488
2552
-789
-3682
-5524
-5920
-4946
-3358
-2078
-1920
-2736
-3706
-4006
-3761
-3791
-4284
-4766
-4736
-4191
-3480
-2885
-2808
-3003
-3164
-3051
-2736
-2489
-2662
-3673
-4995
-6127
-6732
-6985
-7122
-7483
-8490
-8597
-6028
-502
5159
7952
7513
5640
4991
5809
7447
8743
9899
10426
9508
7054
4083
2104
724
-571
-2521
-4125
-4540
-3290
-1708
-1762
-4021
-7429
-9398
-8957
-6107
-1979
2800
7140
9673
9804
8318
7058
6542
6440
5908
5183
4840
4921
4464
2408
-1002
-4727
-7493
-8736
-8031
-5596
-2121
1326
3714
4650
4323
3407
2731
2831
3720
5007
6109
6880
7085
6350
4624
2337
113
-1806
-3363
-4235
-4213
-3565
-3009
-2935
-3091
-3393
-3915
-4775
-5533
-5706
-5470
-5487
-6072
-6631
-6718
-5988
-4910
-3881
-3301
-3272
-3533
-4005
-4242
-4607
-5216
-6483
-6995
-4698
366
5928
8699
8331
5728
3086
1615
1773
3293
5625
7879
8443
7178
4430
1897
-356
-1890
-2810
-2916
-1911
-402
1127
1265
-317
-3389
-5907
-6760
-5745
-3476
-497
2904
5544
6699
6324
5759
5402
5227
4799
4194
3969
4242
4740
4351
2975
922
-1152
-2880
-3928
-4022
-3522
-2495
-1416
-405
449
1475
2723
3868
4737
5325
5750
5956
5986
5466
4478
3245
2166
1013
-445
-1851
-2902
-3602
-4357
-5402
-6542
-7124
-6867
-6138
-5597
-5361
-5235
-5253
-5542
-6011
-6224
-6129
-5696
-5421
-5426
-5492
-5379
-4989
-4874
-5385
-6216
-5084
-1005
4645
8165
8101
5872
3926
3883
4953
6428
7437
8558
8663
7268
4140
767
-1786
-3236
-3381
-2785
-1535
-526
102
-836
-3145
-6198
-8143
-7852
-5622
-2246
1404
5048
7426
7751
6128
4392
3789
4202
4779
4957
5281
5882
6432
5852
3889
1098
-1729
-3675
-4369
-3576
-2142
-867
-258
-35
-4
7
220
752
1939
3362
4849
6038
6945
7268
6603
5283
3879
2870
1920
981
-26
-951
-1974
-3324
-4823
-6371
-7621
-8748
-9552
-9820
-9500
-9014
-8855
-8763
-8656
-8174
-7487
-6649
-5857
-5248
-4808
-4958
-5499
-5445
-2871
2148
7384
9659
8564
6263
5110
5633
6554
7109
7226
7485
7087
5593
3046
680
-1080
-2153
-2510
-2368
-1816
-1562
-1922
-3497
-5778
-7883
-8282
-6619
-3907
-1335
596
2366
3507
3853
3878
4576
6127
7583
8100
7658
7184
7007
6566
5131
2954
1041
-353
-1306
-2155
-2603
-2613
-2489
-2287
-2020
-1486
-770
125
1171
2389
3501
4537
5528
6493
7199
7171
6577
5544
4301
2875
1451
231
-769
-1665
-2729
-4031
-5449
-6676
-7702
-8374
-8666
-8942
-9302
-9930
-10463
-10986
-11505
-11672
-11494
-10754
-10065
-9398
-8935
-6714
-1971
4341
9216
10393
9371
7694
7742
8731
10379
11295
11751
11303
9392
6559
3245
1320
-281
-1212
-2520
-3424
-4076
-4660
-5491
-7201
-8553
-9394
-8469
-6882
-4606
-2259
92
1912
2467
2892
3806
5958
7834
8956
8858
8107
7119
5990
5160
4427
4110
3359
2169
521
-832
-1533
-2159
-2684
-3190
-2998
-2177
-1030
-105
514
1249
2203
3336
4422
5457
6214
6655
6618
6228
5759
5123
4319
3034
1475
-176
-1787
-3208
-4486
-5793
-7403
-9025
-10485
-11509
-12311
-12871
-13229
-13407
-13230
-12543
-11697
-10998
-10785
-10307
-7566
-2409
3872
7538
8014
6799
6421
7793
9723
11597
12514
12980
11900
9905
7162
5188
3983
2808
1654
-32
-1408
-3250
-4800
-6599
-8182
-9506
-10124
-9334
-7758
-5401
-3372
-1509
-431
109
779
2230
4578
6568
7756
7779
7816
7902
8117
8059
7398
6404
4558
2388
29
-1439
-2237
-2661
-3313
-4006
-4077
-3517
-2157
-972
258
1334
2698
4238
5567
6393
6521
6576
6687
6876
6515
5610
4065
2228
388
-1287
-2416
-3055
-3209
-3825
-5299
-7302
-9094
-10483
-11763
-12895
-13808
-14218
-13973
-13413
-13005
-13230
-12443
-9177
-3658
1897
4525
4588
3496
3788
5641
8422
11106
13179
14217
13150
10932
8272
6954
5959
5036
3799
2506
1290
-504
-2664
-5445
-7556
-8947
-8972
-8519
-7710
-6668
-5370
-3868
-3240
-2958
-2544
-714
1646
3757
4995
5834
7191
8539
9626
9531
9024
8312
7225
5466
3187
1487
473
55
-641
-1284
-2033
-2750
-3303
-3716
-3417
-2541
-890
779
2078
2478
2467
2643
3427
4923
6329
7135
6707
5413
3712
1984
616
-183
-588
-1458
-3118
-5303
-7526
-9692
-11812
-13632
-15047
-15817
-16003
-15800
-15865
-15130
-12142
-7124
-2215
-13
348
329
2141
5455
9148
12135
13974
14776
13783
11770
9267
7974
7125
6461
5306
3766
2347
569
-1272
-3908
-6278
-7839
-7510
-6288
-5492
-5390
-5685
-5242
-4791
-4094
-3203
-1480
495
1928
2595
2941
4160
5922
7895
8804
9043
8739
7884
6617
5033
4064
3341
2706
1698
684
-190
-1015
-1881
-2973
-3624
-3606
-2707
-1501
-434
313
696
1154
1798
2929
4065
4694
4410
3363
2116
998
566
502
494
-83
-1073
-2364
-4245
-6722
-9421
-11589
-13132
-14142
-14892
-15525
-15254
-12669
-8273
-4025
-2465
-2642
-2810
-1271
1966
5601
8777
10646
11841
11505
10220
8336
7479
7344
7298
6929
5828
4804
3292
1801
-657
-3299
-5528
-6547
-6339
-6127
-5843
-5954
-5533
-5185
-4777
-4120
-2946
-1078
304
1361
2106
3918
6411
8822
10113
9957
9015
7237
5570
4099
3570
3515
3559
2928
1318
-594
-2451
-3292
-3539
-2847
-1773
-637
388
610
309
-405
-355
267
1098
1591
2005
2695
2743
2042
418
-815
-1400
-1399
-1411
-1930
-2880
-4405
-6154
-8074
-9786
-11305
-12834
-14129
-13459
-10062
-5165
-2080
-2214
-3915
-4619
-2661
860
4444
6956
8547
9016
8458
7525
7181
7965
8469
8474
7589
6574
5261
3217
574
-2448
-4756
-6036
-5990
-5777
-5748
-6049
-6356
-6452
-6550
-5791
-3977
-1482
539
1692
2434
3835
6062
7995
8976
8857
8603
8269
7857
7223
6250
5125
3864
2888
1875
1063
227
-687
-1656
-2351
-2418
-2283
-2079
-2150
-2346
-2795
-2928
-2621
-1963
-939
377
1681
2064
1501
591
285
648
1111
881
-345
-2264
-4538
-6678
-8553
-10127
-11816
-12475
-10694
-6984
-3376
-2883
-4484
-6307
-5829
-2712
1316
4752
6929
8232
7895
6723
5144
5218
6150
7171
7447
6714
5811
4531
3224
848
-1689
-3937
-4688
-4665
-4854
-4990
-5195
-4833
-4964
-5267
-5285
-4257
-2532
-887
643
2055
4022
5612
6773
7212
7571
7942
7757
7101
6053
5621
5293
4981
3872
2344
815
-435
-932
-1231
-1214
-1361
-1471
-1736
-2214
-2971
-3834
-4018
-3459
-1971
-492
456
776
462
70
-360
-395
-52
58
-622
-2257
-4201
-5945
-7326
-8945
-10089
-9076
-5838
-1778
-485
-1627
-3798
-4525
-3056
-473
2507
4664
6303
6122
4954
3244
3054
4271
5352
5979
5465
5063
4100
3057
1167
-1111
-3028
-3962
-3656
-3817
-3960
-4555
-4591
-4599
-4799
-4701
-4016
-1844
466
2232
2881
3646
4884
5906
6417
6431
6822
6854
6600
5701
4450
3515
2856
2565
1866
1069
186
-655
-1593
-2342
-2687
-2956
-2847
-2901
-3102
-3750
-4091
-3632
-2731
-1752
-1110
-392
-59
5
-338
-513
-416
-443
-904
-1941
-3142
-4400
-5640
-6654
-5840
-3418
-390
539
-762
-2404
-2692
-1025
1037
3048
4504
5793
5657
4363
2493
1660
2431
3359
4387
4568
4541
3788
2395
449
-1586
-3070
-4009
-4280
-4834
-5086
-5437
-5574
-5805
-6071
-5399
-3572
-628
1927
3223
3181
3082
3710
5018
6691
8021
8820
8494
7296
5728
4563
3954
3662
3310
2630
1904
793
-453
-1925
-3326
-4358
-5065
-5316
-5452
-5647
-6060
-6262
-6030
-5235
-4115
-2935
-1781
-1290
-1308
-1445
-1204
-589
-439
-812
-1778
-2952
-4378
-5383
-4204
-1175
2429
3421
1777
-624
-1564
-111
2182
4559
6082
7029
6546
5120
3687
3518
4478
4989
5249
4832
4558
3635
1984
-69
-2268
-3660
-4574
-4885
-5343
-5476
-5655
-5760
-6037
-6139
-4904
-2997
-773
290
454
373
1091
3129
5447
7321
7632
7134
6114
5308
4940
4805
4998
4900
4836
4160
3253
1837
349
-823
-1958
-2673
-3664
-4240
-4800
-5128
-5544
-5957
-6087
-6211
-5877
-5509
-4860
-4617
-4743
-5108
-5290
-4929
-4445
-4384
-5056
-6015
-5727
-3101
1058
4557
4938
3390
1736
1930
3621
5701
7576
8711
9103
7965
6320
4773
4932
5504
5624
4874
3594
2814
1852
804
-1088
-2975
-4704
-5419
-5618
-5585
-5216
-4937
-4363
-4194
-3597
-2453
-810
560
1036
1135
1402
2561
3737
4548
4579
3997
3427
2671
2477
2766
3568
4140
4022
3296
2281
1373
138
-869
-1814
-2192
-2244
-2240
-2203
-2673
-3443
-4535
-5167
-5300
-4784
-3988
-3456
-3578
-4732
-6000
-7047
-7223
-7177
-7112
-7551
-7350
-5094
-1636
1696
2078
1111
-68
590
3041
6205
9304
10948
11354
9518
7421
5656
6141
7381
8189
8078
6699
5066
2515
290
-2161
-3719
-4485
-4310
-3833
-3894
-3830
-4049
-3846
-3893
-3484
-2371
-806
833
1474
1481
1076
1312
1957
2752
3203
3017
2572
1605
1101
994
1425
1837
1723
1197
102
-876
-1810
-2134
-2287
-2270
-2303
-2495
-2424
-2517
-2508
-2751
-2865
-3045
-3235
-3395
-3509
-3550
-4312
-5377
-6717
-7307
-7502
-6644
-4374
-1423
1347
1473
347
-1166
-803
1330
4213
7022
8854
10058
9321
7787
5635
5400
6347
7432
7580
6322
4918
2999
1472
-411
-1753
-2902
-3390
-3604
-3750
-3137
-2481
-1722
-1973
-2438
-2412
-1618
-500
76
532
1097
2106
2806
2842
2545
2336
2564
2505
2200
1783
1627
1649
1051
-69
-1510
-2457
-3139
-3568
-4072
-4539
-4820
-5062
-4875
-4955
-5103
-5448
-5558
-5551
-5714
-5995
-6406
-6396
-6545
-6545
-6893
-6117
-3317
670
4124
4573
3691
2552
3019
4781
7137
9454
10840
11376
10226
8726
7071
6815
6792
6620
6371
5722
5020
3312
1577
-367
-1838
-2943
-3404
-3481
-3618
-3575
-3749
-3743
-3956
-3764
-3098
-2251
-1345
-704
-13
678
1650
2534
3143
3504
3503
3396
2817
2406
1951
1586
1158
539
-39
-809
-1293
-1974
-2512
-3312
-4209
-4863
-5161
-4931
-5063
-5662
-6621
-7277
-7801
-8313
-8568
-8504
-7977
-7872
-8152
-7497
-5171
-1405
933
1216
569
860
2730
4816
6730
8106
9703
10268
9941
8827
8385
9124
9357
9086
7874
7270
6503
5348
3705
2020
934
-91
-661
-1705
-2097
-2212
-2128
-2379
-3168
-3298
-3226
-2800
-2915
-2897
-2680
-1867
-563
536
1669
2129
2770
2909
2987
3000
2799
2602
2093
2145
2127
2070
1227
68
-1141
-2203
-2876
-3823
-4652
-5651
-6339
-6993
-7602
-8172
-8851
-9520
-10165
-10453
-10656
-10877
-10290
-8006
-4257
-630
927
977
759
1960
4301
6847
9022
10707
11849
11740
10808
9403
8912
8315
7539
6483
5715
5504
4623
3041
596
-1372
-2708
-3066
-3232
-3424
-3281
-3165
-3024
-3583
-3937
-3567
-2534
-1427
-908
-637
-421
399
1520
2535
3044
3141
3339
3188
3103
3046
3106
2914
2352
1828
1336
1197
912
653
-191
-1083
-1698
-1930
-1722
-1965
-2270
-3038
-3890
-4920
-5950
-6803
-7200
-7501
-8289
-9432
-10272
-8996
-6222
-3101
-1726
-1986
-2593
-2540
-1460
63
2227
4537
6834
7760
7736
7115
7096
7500
7506
7484
7643
8552
8723
7934
6042
4105
2447
1075
-95
-1246
-1653
-1735
-1708
-2495
-3595
-4485
-4895
-4912
-4730
-4062
-3295
-2358
-1692
-1202
-850
-455
75
427
953
1424
1948
1962
1618
1307
1251
1768
2198
2356
1591
588
-330
-855
-967
-984
-773
-997
-1441
-2332
-3505
-4615
-5276
-5270
-5200
-5094
-5273
-5426
-5281
-4423
-2797
-1161
31
374
191
-204
254
1676
3393
4764
5497
5770
5404
4844
4324
4077
4240
4696
4997
4920
4630
4114
3263
1947
687
-84
-485
-545
-334
-93
-217
-895
-1756
-2398
-2464
-2099
-1624
-1305
-1083
-630
-200
80
132
233
397
438
363
123
48
48
98
51
17
69
-18
-489
-1436
-2230
-2626
-2431
-1992
-1660
-1545
-1931
-2532
-3345
-3834
-3964
-3753
-3454
-3254
-3075
-3255
-3671
-4273
-4236
-3694
-2464
-955
406
1353
1677
1755
1617
1859
2416
3563
4782
5893
6531
6525
6104
5310
4762
4344
4508
4846
4998
4726
3984
3081
1804
457
-735
-1267
-1403
-1265
-1249
-1514
-1698
-2032
-2238
-2539
-2521
-2130
-1471
-1020
-748
-311
-11
432
635
811
939
1139
1443
1578
1525
1353
1343
1243
1056
620
37
-520
-1060
-1515
-2117
-2635
-2920
-3058
-3377
-3884
-4492
-4981
-5351
-5626
-5665
-5599
-5401
-5175
-4947
-4770
-4652
-4390
-3869
-3152
-2034
-585
975
1986
2601
2813
3139
3769
4723
5880
6687
7358
7552
7381
6502
5536
4810
4639
4788
4864
4809
4122
3105
1570
96
-1111
-1597
-1587
-1504
-1427
-1482
-1413
-1599
-1935
-2330
-2236
-1760
-1038
-352
127
600
794
880
864
994
1256
1469
1436
1166
1034
995
1028
801
363
-165
-686
-1052
-1369
-1527
-1655
-1823
-2012
-2389
-2760
-3006
-3119
-3246
-3340
-3378
-3353
-3112
-2950
-2768
-2698
-2634
-2660
-2714
-2735
-2815
-2807
-2684
-2167
-1437
-652
-39
423
820
1087
1270
1431
1767
2324
2941
3461
3652
3677
3548
3336
3041
2876
3017
3295
3430
3279
2817
2188
1730
1304
926
696
511
477
452
476
545
416
173
16
66
231
537
799
1043
1144
1139
1069
803
623
590
626
498
202
-194
-670
-1012
-1355
-1706
-2202
-2495
-2499
-2465
-2564
-2756
-2668
-2460
-2225
-2149
-2051
-1862
-1556
-1152
-1015
-965
-874
-522
-20
466
790
866
665
145
-202
-602
-878
-1104
-1427
-1715
-1951
-1845
-1636
-1448
-1380
-1507
-1683
-1719
-1488
-1042
-546
-68
510
887
1035
1176
1317
1654
2095
2596
2996
3364
3545
3296
2823
2160
1802
1697
1852
2105
2336
2435
2204
1819
1314
977
949
1171
1204
1203
1057
735
203
-371
-590
-552
-247
-10
1
-344
-773
-1184
-1521
-1597
-1529
-1376
-1173
-1089
-866
-796
-912
-1077
-1063
-820
-412
-18
210
423
290
231
-199
-363
-277
-101
-65
-142
-243
-170
-78
-323
-502
-783
-968
-1225
-1602
-1867
-1949
-2098
-2301
-2725
-3045
-3129
-2988
-2681
-2152
-1621
-1180
-1023
-973
-622
-134
436
824
1111
1410
1955
2275
2382
2403
2423
2622
2666
2656
2601
2628
2654
2425
1966
1608
1316
1049
808
542
261
19
-41
-52
-103
-238
-264
-210
-118
30
246
178
267
189
283
470
477
672
571
446
140
-4
-17
-49
-45
-39
-49
-74
-351
-513
-398
-486
-238
-76
-273
-254
-276
-329
-281
-352
-224
-277
-230
-221
-432
-588
-846
-1102
-1166
-1215
-1146
-1040
-1131
-1345
-1535
-1543
-1302
-1185
-1313
-1158
-1111
-1060
-1050
-988
-786
-384
-21
10
-80
-244
-156
-28
125
390
657
798
736
577
329
270
231
289
345
422
446
454
467
309
398
425
581
755
753
732
758
840
862
895
796
694
671
569
477
387
302
536
581
823
751
471
401
116
134
363
571
920
958
938
533
103
26
113
483
600
637
532
299
-28
-63
-154
14
26
-21
117
100
123
-18
-151
-319
-276
-361
-434
-271
-1
-32
-65
-274
-262
-392
-559
-668
-773
-690
-689
-634
-797
-959
-1278
-1470
-1591
-1752
-1880
-1710
-1622
-1459
-1461
-1612
-1697
-1692
-1622
-1368
-1165
-855
-525
-366
-141
-113
91
82
344
512
914
1125
1201
1218
1131
1093
961
1101
1317
1434
1334
1294
1171
1187
1101
1038
1148
923
1022
844
735
489
231
410
305
244
496
608
440
496
230
252
137
68
397
88
120
30
-68
-69
3
65
438
550
541
773
398
666
578
922
1003
938
1065
899
640
226
-42
-288
-419
-415
-623
-690
-934
-1423
-1737
-2360
-2390
-2377
-2181
-2135
-2179
-2300
-2300
-2374
-2194
-2078
-1802
-1503
-1178
-587
-352
-308
-28
148
365
547
745
966
1267
1380
1357
1335
1415
1449
1269
1135
711
523
317
342
609
588
626
442
62
-119
-70
-69
-91
-71
22
-48
-9
158
122
293
186
392
413
480
829
961
991
889
883
793
871
1051
1112
1304
1164
1261
919
599
360
433
688
597
605
361
206
-79
-98
-341
-379
-723
-823
-1005
-1183
-1222
-1259
-1423
-1594
-1585
-1655
-1498
-1274
-1070
-896
-826
-919
-831
-734
-645
-345
-136
-306
-143
-46
105
53
66
4
0
-204
-111
15
-230
16
-244
-319
-383
-299
-253
-391
-422
-495
-431
-326
-292
-146
49
-48
113
200
397
393
540
721
596
742
755
838
860
1042
907
947
831
889
947
898
938
762
763
664
688
628
818
864
714
706
495
204
195
68
191
62
101
125
-40
-115
-240
-398
-464
-378
-327
-210
-294
-85
-98
-197
-224
-517
-510
-499
-381
-324
-159
-198
-427
-185
-601
-594
-710
-707
-717
-809
-604
-610
-652
-692
-689
-1025
-1049
-1140
-673
-593
-559
-216
-350
-410
-403
-351
-173
-106
98
328
455
424
423
350
216
137
174
568
519
726
634
510
137
11
191
342
521
541
749
514
186
291
258
380
353
610
609
703
643
535
666
369
419
402
713
502
599
574
405
275
303
472
256
259
-46
-254
-452
-684
-289
-161
-225
-181
-400
-671
-817
-829
-896
-523
-549
-451
-407
-682
-564
-747
-557
-593
-539
-333
-258
-313
-287
-251
-413
-132
-225
-33
-5
4
29
-226
-2
-9
188
255
238
254
171
144
-125
-90
-85
27
-90
79
76
18
-28
-295
-87
-127
91
161
193
193
36
119
160
343
287
503
344
401
420
473
663
701
768
633
466
284
453
420
583
614
571
387
81
56
-227
8
-20
-124
-82
-184
-199
-369
-418
-461
-353
-469
-236
-392
-257
-116
-273
-29
-349
-141
-223
-154
-94
-57
91
112
266
-73
-90
-218
-192
-83
-25
98
-124
133
-41
-10
-227
-271
-349
-519
-374
-538
-233
-250
-170
-311
-308
-455
-403
-367
-377
-239
-165
-9
37
66
-58
99
106
260
286
545
500
614
633
399
394
181
422
148
181
158
326
237
-5
-1
-184
-210
-354
-253
-205
-74
-237
-107
-125
-143
234
-67
135
172
170
254
232
529
277
685
373
660
512
306
533
299
320
195
339
130
191
71
-65
-126
-165
-20
-138
-300
-343
-277
-482
-490
-372
-365
-353
-376
-243
-467
-607
-465
-570
-436
-470
-330
-331
-268
-295
-323
-379
-353
-56
-110
73
119
278
150
-17
18
42
176
251
529
552
595
473
379
108
112
-73
62
159
5
82
-40
-136
-345
-318
-328
-270
-308
-92
-123
-224
-115
-43
-97
257
171
360
419
426
632
583
614
632
612
526
498
477
580
599
479
387
388
186
164
-147
-165
-95
-110
14
-160
-306
-586
-654
-725
-877
-708
-556
-312
-380
-375
-438
-438
-390
-405
-318
-272
50
66
1
-43
-181
-169
-212
-303
-138
99
-1
166
13
-44
115
-64
-51
-17
-178
-56
-25
-87
0
114
139
173
56
111
-74
-29
32
43
322
489
446
187
135
-160
88
63
234
325
429
416
307
244
-34
243
203
342
338
428
383
238
187
80
333
153
163
75
-107
-39
-161
-142
-412
-308
-192
-212
-365
-502
-342
-478
-256
-465
-281
-273
-336
-276
-286
43
-78
54
-101
-35
-130
-58
57
-27
118
163
85
-59
-43
-205
-159
26
44
80
-8
-82
-11
-106
-215
-198
-95
-42
66
64
126
65
7
-81
51
38
144
411
358
352
257
182
228
242
222
425
340
415
406
271
225
93
45
86
39
124
30
-1
-17
-310
-207
-263
-273
-123
-347
-244
-221
-260
-451
-271
-228
-203
-76
-175
-97
-69
-47
-195
27
-83
67
85
117
126
162
213
167
145
20
158
-28
41
-65
62
134
-40
-25
-40
-180
-123
-250
-214
-130
8
30
94
-83
45
36
-73
177
-73
202
-23
172
108
167
60
16
41
-57
100
62
204
24
-4
139
16
95
22
38
64
-56
-25
52
61
-162
-8
-34
-32
24
-126
-107
-54
-246
-175
-163
-221
-120
-171
-123
-212
-97
-151
-20
-167
68
73
27
121
103
204
67
203
36
94
28
61
168
186
229
135
84
26
-135
-84
-15
122
59
199
95
0
-22
-216
34
-2
63
40
-40
-168
-85
-111
-64
36
55
125
-43
-43
20
-62
105
88
9
154
-90
130
132
-23
90
38
-50
-122
-73
-21
-23
-66
-101
-143
-156
-154
-290
-39
-46
34
131
-117
-147
-92
-46
-19
111
-17
201
67
-34
81
-9
-56
25
-19
-81
34
49
82
-33
46
-62
-127
-82
-72
-45
53
124
150
160
91
47
36
40
8
297
43
161
251
77
100
-12
47
-41
133
-49
54
-17
-71
-32
-181
-111
-270
-54
-96
-83
-10
-14
-31
-93
-26
-111
3
-16
-7
33
-171
-56
-173
-12
-62
-6
81
-124
38
-108
45
-37
41
-85
165
60
50
151
-101
22
22
170
120
244
80
221
118
193
21
110
196
-106
92
-7
40
-56
-54
-153
-120
-129
-136
-166
-179
-112
-9
-81
-132
59
-157
-59
0
-30
22
49
119
36
38
33
-4
-10
-10
57
27
-22
-70
72
-48
-14
-4
-27
-30
-71
-30
-3
90
-154
114
-102
-28
-22
-76
-2
-99
-32
-21
10
-90
-78
-72
-25
-85
-141
-98
29
19
88
73
105
103
114
-13
44
214
215
215
216
167
166
152
123
151
54
106
179
40
30
26
-63
-17
-190
-92
-24
-123
-104
-57
-25
-44
-54
-101
-91
-51
-116
28
-63
-45
12
56
62
-100
36
16
-99
-114
-4
42
-27
107
49
-39
-22
-81
-43
-178
-8
-156
-35
-158
-91
-20
-120
65
-249
138
-72
50
-59
-57
32
-94
-15
17
107
10
151
37
-21
52
49
69
101
108
127
128
19
32
21
21
75
-26
88
241
66
53
55
78
-24
-49
26
93
-56
108
44
2
73
-122
80
-43
-56
-34
-74
-56
-32
-8
-122
-55
-113
-60
0
-122
-11
-30
-9
-49
31
-31
-22
16
0
14
38
57
40
32
-72
-21
-108
-72
-111
-93
-17
19
-95
-141
-30
-69
-113
-106
-41
19
74
-34
88
94
16
88
94
20
106
158
25
173
115
154
30
102
89
-36
-4
87
-58
-46
65
-139
33
-74
-100
-67
-118
-7
64
-93
-51
-62
-35
12
-121
58
84
28
8
54
24
5
-20
42
19
50
13
29
67
-128
23
41
-19
0
40
47
18
-54
1
-46
-36
-52
-51
20
-22
-75
16
-2
-71
6
-87
-4
79
-9
15
23
-43
11
69
76
-105
99
-15
59
140
28
124
-9
96
8
5
-12
87
71
-93
74
6
7
-130
-24
17
-139
85
-161
102
-99
-59
-45
-133
-125
-140
-10
-180
148
-91
-6
-31
39
-49
-60
40
-4
54
68
48
69
53
17
26
56
56
13
105
-55
118
-87
47
-3
-33
18
-62
108
-147
-13
25
-91
-27
78
22
39
67
-7
1
-29
0
51
-8
33
126
95
71
-32
37
-74
-51
-14
107
24
-17
108
-5
19
-54
16
-1
-50
-68
-12
-6
-156
10
22
-81
-36
21
-73
-9
-87
-19
5
-109
-27
-40
22
-62
-12
-69
59
-37
-6
61
-40
-2
-71
29
-107
92
19
-22
42
-3
-42
-14
18
-122
-2
0
3
-31
97
33
22
7
73
82
-16
147
49
48
89
121
25
-11
112
60
-74
19
69
10
21
-54
79
-83
-28
29
-38
15
18
-9
-30
-2
-31
45
-66
10
53
-29
-46
-26
62
-40
7
-102
34
26
-67
-14
-8
79
-77
36
3
-34
-8
-8
1
-24
43
-32
0
-29
-42
71
-75
30
7
10
-83
-38
-30
-3
32
-84
71
-91
75
-100
-54
22
-37
-40
-9
85
-69
50
-78
86
-51
2
19
2
84
-72
94
34
-41
8
49
-18
76
115
-14
113
20
-20
112
-65
9
3
24
-36
9
17
-82
11
-113
48
1
-64
-12
31
-74
-29
18
-16
43
-32
38
66
-12
16
-16
-19
50
-37
20
83
-48
-40
11
-71
3
-74
7
61
-90
62
-103
-59
-61
-66
17
-74
53
29
54
18
36
-52
39
-37
17
56
-50
21
25
75
-41
76
-19
42
-61
-45
86
-44
-15
53
-30
-19
61
-86
31
-52
52
42
-9
81
37
48
-37
91
-8
-2
64
-12
57
-51
-7
24
0
-10
8
24
1
-28
-68
20
-37
-64
25
27
-69
9
47
-46
27
-83
11
-3
-67
29
-64
48
-46
-2
55
-43
-6
-57
-5
-76
8
75
0
77
-5
20
-65
-13
-8
27
15
40
84
-16
32
-22
30
-30
-44
40
17
2
-30
51
-36
-27
-70
-16
-90
0
-40
61
-41
-26
47
-24
34
-90
80
15
17
-44
103
-75
33
41
-37
73
-61
93
-27
40
-35
40
-32
-37
55
19
35
1
14
1
11
-28
29
-12
0
-17
-20
1
-74
55
-12
0
-33
6
19
-48
14
-17
37
-42
70
-25
34
-14
25
71
-59
62
-26
4
-27
-10
19
19
2
-5
39
-5
-50
-19
-57
-7
-75
42
18
-14
14
11
7
-62
18
-52
37
-23
17
10
-15
-5
-6
21
-37
3
-13
6
6
-6
24
4
-14
15
-38
24
-1
26
14
24
26
6
-1
-4
3
-6
-5
16
38
-8
25
-2
28
-31
29
-29
13
-33
-12
45
-100
90
-27
29
21
-3
13
-25
-12
-26
65
-38
62
16
74
-70
26
-54
-27
19
-86
87
-41
18
-50
-32
-56
-13
-18
10
17
10
34
5
-35
-22
-23
-17
4
-41
67
31
57
19
-2
44
-80
1
-47
37
-11
-10
32
10
20
-83
48
-5
-75
49
-35
-18
21
25
-10
42
-23
28
0
-45
26
14
66
-5
28
2
31
-42
7
20
-29
-17
14
-7
-18
-24
-37
57
-96
8
57
-20
10
-1
-17
-4
-22
-6
77
-76
82
-29
47
-23
-17
-22
-16
51
-48
83
-32
40
14
-21
4
1
-45
14
-11
-5
21
16
-2
16
-36
40
-11
-41
1
-16
55
-34
46
-37
5
-48
-21
-9
8
25
5
29
-1
-2
-16
-14
-36
-4
-1
1
-18
48
-21
1
4
10
-14
-12
17
15
-44
-26
25
-7
58
-8
39
-22
-2
5
16
8
-49
29
-7
24
1
5
15
31
-21
5
20
-24
16
-4
15
-26
30
16
-44
17
-43
31
-14
-9
-13
40
-8
-20
36
-49
14
-23
-19
12
-20
0
4
37
12
9
-5
57
-25
21
12
-21
22
-35
-12
-25
-7
2
-3
-7
2
-17
-11
-2
-19
-23
-4
-26
-8
-18
14
9
-20
19
-3
-26
15
-43
21
22
-9
24
-19
16
20
1
20
11
-4
3
-6
20
20
1
0
22
5
6
10
0
17
-55
35
-35
7
-2
23
2
-2
17
-21
15
-23
-17
-29
25
-3
26
-15
6
33
-24
-4
6
25
-6
-15
16
9
-13
-35
48
-45
10
6
-40
34
-72
41
-19
-41
36
11
6
-37
46
-33
6
11
5
41
-19
33
-9
-11
-13
1
-5
-1
11
0
15
-8
-32
-10
0
-14
-24
22
4
-1
18
-16
16
-15
10
10
-17
27
-13
29
-14
27
-16
-3
24
-38
34
-44
18
-3
3
8
-5
4
0
10
-46
57
-13
3
19
-23
26
-52
42
-20
-10
47
-31
36
-37
13
-2
-8
-25
27
-4
-20
23
-17
33
-25
-2
-24
8
-10
3
9
-19
2
-19
-10
31
-23
31
14
-11
8
8
6
-7
-14
-15
11
-40
55
-16
-8
12
-35
5
-22
-4
-16
39
-3
13
-17
-12
19
-25
-10
30
-11
46
-28
42
9
-15
-4
-8
-8
1
33
22
6
5
23
-23
7
-33
29
-42
9
-7
14
21
-27
31
0
14
-35
24
-23
19
-37
8
14
3
-8
24
-10
3
-12
-12
9
-31
6
-13
21
-35
26
-13
7
-6
-14
21
-17
21
-39
46
-20
9
-11
19
8
-20
-10
31
-19
7
43
-53
-3
6
1
-11
-30
33
-38
38
-17
35
-21
2
3
-12
0
-38
52
-33
40
-25
29
21
6
1
-26
13
-23
5
-4
-2
21
-6
16
-41
2
-2
-17
-8
-6
30
-26
19
-14
22
-9
-22
31
-11
16
-24
21
24
-19
15
28
-6
-19
15
10
-4
-5
-12
8
-40
7
-17
26
-35
24
19
-13
15
-28
32
-38
11
9
-8
31
-3
9
-13
4
-31
23
-7
2
-1
28
0
2
22
-37
35
-62
46
-20
-4
18
-28
18
-31
12
-18
36
-33
4
8
-28
-10
-22
3
-9
16
0
35
-9
-5
7
12
-8
-3
24
15
-6
2
-6
-9
25
5
-4
13
-8
9
-8
-4
-5
9
-6
-20
-1
11
-5
-4
2
-8
20
-13
-4
11
-11
25
-32
25
-4
-8
12
-5
13
-24
30
-21
10
-9
-15
21
-13
3
5
-6
-5
31
-25
20
-2
-21
22
-14
-11
-1
13
-25
4
9
-8
-18
11
-12
3
-1
-17
15
-7
-3
9
-4
3
-3
-17
30
-12
22
-15
-13
25
-24
1
8
16
-4
17
-3
14
-14
-2
6
-8
8
-14
32
-7
-20
21
0
-18
15
-25
5
15
-22
24
6
-18
-13
18
-21
0
-26
17
11
-18
22
-19
24
-7
14
3
15
-4
-1
13
1
9
-5
-3
8
-6
-8
13
-23
5
-6
6
-24
8
5
-12
-23
7
2
-13
-11
13
10
-10
8
2
-4
-10
10
-14
16
0
-5
26
-13
-9
21
8
-1
-7
11
-13
-15
-22
17
-7
-12
35
-4
1
2
24
-36
8
0
-18
15
-13
10
1
20
-16
33
-11
-6
1
-18
21
-18
18
3
27
-10
-11
7
-14
-4
-12
18
17
-17
31
-28
16
-17
2
0
-14
22
3
7
-5
8
-6
-11
-5
-8
11
-11
-2
2
-23
1
-7
2
-21
11
0
5
14
-14
1
2
-2
0
3
2
-1
-2
-2
-9
-7
0
-1
-11
15
-7
-2
10
-15
18
-11
0
16
0
1
-8
5
0
-10
3
5
-9
12
12
10
6
2
-1
2
0
0
8
10
0
-12
7
-18
20
-15
3
-15
-6
3
-14
3
3
-2
-7
5
-5
0
0
7
-6
4
-13
19
3
-16
31
-11
-5
3
7
-3
2
-4
5
6
-9
-8
13
3
-3
-2
1
6
-6
4
0
-11
3
1
-3
1
17
-2
1
-8
-8
20
-7
4
-4
14
-15
10
-14
0
13
-9
7
-13
3
-10
11
-10
3
15
-8
7
-9
-7
5
-13
11
-5
11
-8
3
9
4
-4
-20
11
-6
2
-13
-3
9
4
3
8
-2
-10
-9
-5
9
-20
3
6
1
-12
18
-5
-7
11
-15
14
-8
-2
13
-6
2
-1
7
-5
-6
7
1
-1
1
3
-8
-3
-4
-2
7
6
11
14
-5
16
-9
-9
-2
11
-6
4
-16
12
-2
-4
3
-1
10
-8
6
-14
3
-5
-2
-5
2
1
0
5
3
-5
3
2
5
5
6
10
-9
11
-17
-8
4
0
3
7
0
10
-3
-13
-2
-14
10
0
4
7
12
-9
6
6
-5
1
3
-2
-1
-3
0
1
-9
3
-11
-6
5
-5
-9
1
-1
-3
-6
10
2
-4
-1
3
8
-12
20
-14
3
6
-1
9
9
0
4
-2
-6
-6
-9
-1
-10
-6
7
-9
-1
1
-6
-1
-6
5
-5
15
-7
-3
18
-19
0
16
-12
2
7
6
2
11
-1
6
-2
0
-1
2
-4
6
8
4
2
16
-8
3
-5
4
0
-8
0
1
-3
-3
4
-11
3
-7
6
-10
-3
-2
8
-2
0
5
0
9
-3
3
-5
-1
-7
0
-9
4
-5
7
1
-3
-5
-10
3
-11
-1
1
0
1
-4
7
-8
5
-2
-2
2
-8
11
1
7
0
11
-3
-4
-3
-4
4
-5
2
7
-2
-1
3
0
3
-4
6
4
-8
-2
2
0
-4
6
4
0
-5
16
0
6
4
-3
4
7
-4
-3
3
-7
-4
-14
13
-2
-7
7
9
3
-4
5
-7
3
-6
2
8
-4
5
3
0
-8
-3
-5
-10
7
-2
8
2
-3
-4
5
2
3
-5
6
-3
-5
2
-2
-2
5
1
-4
2
-10
1
-8
2
3
-6
3
-3
1
-8
7
-4
9
-4
0
4
0
-10
9
-8
5
7
-6
12
1
0
4
6
-8
5
-8
-6
4
3
-11
8
7
-6
1
0
-1
-1
-8
-2
3
-4
-1
2
0
-1
4
2
-4
5
0
6
-4
-1
-4
5
-1
-12
6
-5
5
-3
7
-4
-2
7
4
-4
0
-6
8
1
-4
10
-5
9
-11
13
-5
7
-5
-3
10
-4
-2
0
1
0
3
-2
2
1
4
-2
-5
5
-4
6
-3
-3
-3
0
5
-6
6
1
-6
7
-5
-2
-9
10
-8
1
4
-8
2
-6
0
-2
-6
-1
9
0
4
-2
-2
3
1
-4
7
7
3
-2
5
3
7
-2
-1
7
2
1
-1
-5
0
-4
-10
2
0
-7
3
0
-3
1
0
-4
6
-4
-5
2
-12
11
-5
7
-6
8
-6
5
-2
-2
4
-8
11
-7
1
-3
-1
-5
-1
-2
-5
10
-4
6
-5
8
-2
3
1
1
1
-3
6
2
3
6
3
4
0
1
-7
0
-4
0
-1
-11
9
-3
4
-2
0
-2
1
-2
-4
-1
-6
12
-14
10
-4
4
8
3
4
-7
10
0
4
-1
0
-3
4
9
2
0
-2
-4
1
3
-5
-2
2
-7
4
0
-7
-6
-3
-6
-1
5
2
8
4
1
4
0
4
-2
-5
1
1
-6
-7
-5
1
3
0
0
-5
0
1
-6
-2
-2
-4
2
-2
5
-2
7
0
-2
0
-8
2
-5
-3
2
-1
1
-3
-3
-3
8
1
-3
5
1
0
4
4
-6
5
-5
4
0
5
0
1
1
-3
-2
-2
-1
0
-1
-4
-3
3
3
-3
3
-6
3
-4
-1
-2
-1
6
4
0
4
-2
1
4
5
2
-1
5
-2
6
-7
4
-5
4
-1
3
-3
3
-3
3
-2
-4
1
-8
-2
-3
3
-5
2
-2
3
3
-1
0
-5
10
-5
0
-1
0
0
2
2
-2
6
-5
1
1
1
2
2
1
0
-2
-2
3
-5
5
-3
4
-5
3
-5
0
1
-7
4
-3
1
-2
4
0
2
-2
0
-2
1
-1
2
3
-3
3
-1
2
-4
0
-3
0
1
-6
2
-2
4
-5
3
-2
0
0
-1
0
-5
4
-3
0
1
-1
2
0
3
-4
4
-1
0
0
-2
1
0
0
-3
1
0
0
0
2
-2
1
-1
0
0
2
0
0
1
2
1
3
1
2
1
0
1
-2
3
-1
3
-1
0
-1
0
-2
0
0
0
0
0
0
-2
1
-3
1
-3
1
-3
1
-2
0
-2
2
0
0
1
-1
0
-1
1
-1
0
2
0
5
-1
4
0
1
0
-2
2
-3
3
-4
1
-1
0
0
-1
1
-2
-1
0
-3
1
-4
1
-3
1
-1
-1
4
-2
4
-3
6
-5
5
-3
3
-2
2
1
-2
4
-2
3
-1
3
0
0
1
-2
1
-2
1
-1
1
0
1
0
1
-2
1
-1
1
-2
1
-2
0
-1
-1
0
-1
2
-1
2
-2
1
-2
2
-2
1
0
0
2
-1
2
-1
3
0
3
1
1
1
1
0
1
1
0
0
1
-2
0
-1
1
-2
1
-2
0
-2
-2
0
-2
-1
-2
0
-1
0
-2
0
0
1
0
1
1
1
0
0
-1
-1
1
-3
1
-2
1
-2
-1
-1
-1
0
-2
0
-2
1
-2
0
-1
2
0
2
0
1
0
2
1
2
1
1
1
-1
2
0
1
1
1
1
1
0
1
0
0
-1
0
-1
0
0
1
0
0
0
0
0
0
0
0
0
0
0
-1
0
0
-1
0
1
0
1
1
1
0
0
-1
0
-1
0
1
0
1
0
0
0
0
0
-1
0
-1
0
-1
0
0
-1
0
-1
0
0
-1
0
0
0
0
-1
0
0
0
0
1
1
1
0
0
0
0
0
-1
-1
0
1
0
0
0
0
-1
0
0
0
0
-1
1
-1
0
-1
0
-1
0
-1
1
0
-1
1
-1
1
0
0
0
1
0
0
1
0
0
0
1
0
1
0
0
0
1
0
0
0
-1
0
0
0
-1
-1
0
0
1
0
0
-1
1
0
-1
1
-1
1
-1
1
0
1
-1
0
0
0
0
0
1
-1
1
-1
1
0
0
0
0
1
1
1
0
0
-1
1
-1
1
0
1
0
0
1
1
1
0
0
-1
1
1
0
-1
0
0
0
0
0
0
0
0
0
0
0
1
0
1
0
0
0
0
0
-1
1
1
1
0
-1
0
0
0
0
-1
0
0
0
0
0
0
0
0
0
0
0
0
0
0
0
0
1
0
0
0
0
0
0
0
0
0
-1
0
0
0
1
0
0
0
0
0
0
0
0
0
0
-1
0
0
1
0
-1
0
0
0
0
0
0
0
1
0
0
0
0
0
0
0
0
0
1
-1
0
0
0
0
0
0
-1
1
0
0
0
0
0
-1
0
0
0
0
0
0
0
0
0
0
-1
-1
-1
-1
0
-1
0
0
0
0
0
0
-1
-1
0
-1
0
0
0
-1
0
0
0
0
0
0
0
1
0
0
0
0
0
0
0
0
0
0
1
1
0
0
0
0
0
0
1
0
0
0
0
1
0
0
0
0
0
1
1
0
0
0
-1
0
-1
0
0
0
0
-1
0
0
0
0
1
0
0
0
1
0
1
1
0
1
1
0
0
0
0
0
0
0
0
0
0
0
0
0
0
-1
0
0
0
0
0
0
0
0
0
0
0
1
0
0
1
0
0
0
1
0
0
0
-1
-1
0
0
0
0
0
0
0
0
-1
0
0
0
0
-1
-1
0
0
0
0
0
0
0
0
0
0
-1
0
1
0
0
0
0
0
0
0
-1
0
1
0
0
0
0
-1
0
-1
-1
0
0
0
0
1
0
0
0
0
0
0
0
0
1
1
0
0
-1
0
0
0
0
-1
0
0
0
0
0
0
0
1
0
0
0
0
0
0
0
0
0
0
0
0
0
0
0
-1
0
0
0
0
0
1
0
0
0
0
0
0
-1
0
0
0
0
1
1
0
0
0
0
0
0
0
1
0
0
1
-1
-1
0
0
0
0
0
0
0
0
0
0
0
-1
0
0
0
1
0
0
0
1
1
0
-1
0
1
0
0
-1
0
0
0
0
0
-1
0
0
0
0
-1
0
0
0
0
0
0
0
0
0
0
0
0
0
0
0
0
0
0
0
0
0
0
0
0
1
0
-1
0
0
0
0
0
0
0
0
1
0
0
0
0
0
0
0
0
0
0
-1
0
0
-1
0
0
0
0
0
0
0
0
0
0
1
0
0
0
0
0
1
0
1
0
0
0
1
1
0
0
0
-1
1
1
-1
0
0
0
0
-1
0
0
0
0
0
0
0
0
0
0
0
0
0
0
0
0
1
0
0
0
1
0
-1
-1
-1
0
0
0
0
-1
0
0
0
0
0
0
0
0
0
1
0
1
0
0
0
0
0
0
1
-1
0
1
-1
0
0
0
0
0
0
0
-1
0
0
0
-1
0
-1
0
0
0
0
0
-1
0
0
1
0
0
0
-1
0
0
0
0
0
0
0
0
-1
-1
0
0
0
0
0
1
0
0
1
0
0
-1
0
0
0
0
0
0
0
0
0
1
0
1
0
0
1
-1
1
0
0
0
-1
-1
0
0
0
-1
0
-1
0
0
0
-1
0
0
0
0
1
0
0
0
0
0
0
1
0
1
0
0
0
0
0
0
1
0
0
0
1
1
0
0
0
0
0
0
0
0
-1
1
0
0
0
0
0
0
0
1
0
0
-1
0
0
0
-1
-1
0
0
1
0
-1
0
0
0
0
0
0
-1
-1
0
0
-1
1
0
1
0
0
0
0
0
0
1
0
0
0
-1
0
0
0
0
0
1
-1
0
0
0
0
0
0
0
0
0
1
0
0
0
0
0
0
-1
0
0
-1
0
0
-1
0
0
0
0
0
0
0
0
1
0
0
-1
1
0
0
-1
-1
0
0
0
1
-1
0
0
0
-1
1
0
0
0
1
-1
0
0
0
0
0
0
0
0
0
0
0
-1
0
0
0
0
0
0
0
0
0
0
1
-1
0
0
-1
1
0
0
-1
0
0
0
0
0
0
0
0
0
0
0
-1
0
0
0
0
0
0
0
-1
0
0
0
-1
0
0
-1
-1
0
0
0
0
0
1
1
-1
0
-1
0
0
0
0
0
0
0
0
1
0
0
0
0
-1
1
0
0
1
0
0
0
0
0
1
1
0
0
0
0
0
-1
0
-1
1
0
1
0
0
1
0
0
1
0
0
0
1
-1
-1
1
0
0
0
-1
0
0
1
0
0
0
0
0
0
-1
0
0
0
-1
0
0
1
1
-1
0
0
0
0
0
0
0
0
0
-1
1
0
0
1
0
0
0
0
1
-1
0
0
0
0
-1
1
0
0
-1
0
0
0
0
0
-1
0
-1
1
0
0
1
0
0
0
0
0
0
0
0
-1
0
0
0
1
0
1
0
0
0
0
-1
0
0
1
1
0
0
0
-1
-1
0
0
0
-1
0
0
1
0
1
0
0
1
0
0
1
0
0
0
0
0
0
0
0
0
0
0
-1
1
0
0
0
0
0
0
0
0
0
0
-1
0
-1
0
0
0
0
0
-1
0
0
0
1
0
0
0
0
0
0
0
0
0
-1
1
1
-1
0
0
0
0
0
0
0
0
0
0
0
0
0
-1
0
0
0
0
0
0
0
0
-1
0
0
0
0
-1
0
-1
0
0
0
0
0
-1
0
0
-1
0
0
0
1
0
0
0
0
0
0
1
0
0
0
0
0
1
0
0
0
1
1
0
0
0
0
0
0
0
0
1
1
1
0
0
-1
0
0
0
-1
-1
0
0
0
0
0
0
0
0
0
0
0
0
0
0
0
0
0
0
0
0
0
1
1
1
0
-1
0
0
0
0
0
0
1
-1
-1
0
0
0
0
0
1
0
-1
0
0
0
0
0
0
0
0
-1
0
0
0
0
1
0
0
0
0
0
-1
1
1
0
0
0
0
1
0
0
0
0
0
0
0
0
0
0
0
0
1
0
0
0
0
0
0
1
0
0
0
0
0
0
0
0
0
0
1
0
-1
0
0
0
0
-1
0
0
0
0
0
0
-1
0
0
-1
0
0
0
-1
1
0
0
0
0
0
0
0
0
0
0
0
0
0
-1
0
-1
0
0
0
0
0
0
0
0
0
1
0
0
0
0
0
0
0
0
0
0
0
1
0
0
0
0
0
0
0
0
0
-1
0
0
1
0
0
0
0
0
0
0
1
0
0
0
0
0
0
-1
0
1
0
0
0
0
0
0
0
0
-1
0
0
0
0
0
0
0
0
1
0
-1
0
1
0
0
-1
0
0
0
0
-1
0
0
0
0
1
0
0
0
0
0
0
0
0
-1
0
0
0
0
0
0
0
0
0
1
0
0
0
0
0
1
0
0
1
0
1
-1
0
0
0
0
0
0
0
0
-1
0
-1
-1
0
0
0
0
0
0
0
0
0
0
-1
0
-1
0
0
0
0
0
0
-1
0
0
0
0
0
0
0
0
0
0
0
0
0
0
0
0
0
1
1
0
-1
0
0
0
0
0
0
0
0
0
0
0
0
0
0
