0
0
1
0
1
0
0
0
0
0
0
1
-1
0
1
-1
0
0
0
0
0
0
0
-1
0
0
0
-1
0
-1
0
0
0
0
0
-1
0
0
0
0
0
0
-1
0
0
0
0
0
0
0
0
-1
-1
0
0
0
0
0
1
0
0
0
0
0
-1
0
0
0
0
0
0
0
0
0
1
0
1
0
0
1
-1
1
0
0
0
-1
-1
0
0
0
-1
0
-1
0
0
0
-1
0
0
0
0
1
0
0
0
0
0
0
1
0
1
0
0
0
0
0
0
1
0
0
0
1
1
0
0
0
0
0
0
0
0
-1
1
0
0
0
0
0
0
0
1
0
0
-1
0
0
0
-1
-1
0
0
1
0
-1
0
0
0
0
0
0
-1
-1
0
0
-1
1
0
1
0
0
0
0
0
0
1
0
0
0
-1
0
0
0
0
0
1
-1
0
0
0
0
0
0
0
0
0
1
0
0
0
0
0
0
-1
0
0
-1
0
0
-1
0
0
0
0
0
0
0
0
1
0
0
-1
1
0
0
-1
-1
0
0
0
1
-1
0
0
0
-1
1
0
0
0
1
-1
0
0
0
0
0
0
0
0
0
0
0
-1
0
0
0
0
0
0
0
0
0
0
1
-1
0
0
-1
1
0
0
0
0
0
0
0
0
0
0
0
0
0
0
-1
0
0
0
0
0
0
0
-1
0
0
0
-1
0
0
-1
-1
0
0
0
0
0
1
1
-1
0
-1
0
0
0
0
0
0
0
0
1
0
0
0
0
-1
1
0
0
1
0
0
0
0
0
1
1
0
0
0
0
0
-1
0
-1
1
0
1
0
0
1
0
0
1
0
0
0
1
-1
-1
1
0
0
0
-1
0
0
1
0
0
0
0
0
0
-1
0
0
0
-1
0
0
1
1
-1
0
0
0
0
0
0
0
0
0
-1
1
0
0
1
0
0
0
0
1
-1
0
0
0
0
-1
1
0
0
-1
0
0
0
0
0
-1
0
-1
1
0
0
1
0
0
0
0
0
0
0
0
-1
0
0
0
1
0
1
0
0
0
0
-1
0
0
1
1
0
0
0
-1
-1
0
0
0
-1
0
0
1
0
1
0
0
1
0
0
1
0
0
0
0
0
0
0
0
0
0
0
-1
1
0
0
0
0
0
0
0
0
0
0
-1
0
-1
0
0
0
0
0
-1
0
0
0
1
0
0
0
0
0
0
0
0
0
-1
1
1
-1
0
0
0
0
0
0
0
0
0
0
0
0
0
-1
0
0
0
0
0
0
0
0
-1
0
0
0
0
-1
0
-1
0
0
0
0
0
-1
0
0
-1
0
0
0
1
0
0
0
0
0
0
1
0
0
0
0
0
1
0
0
0
1
1
0
0
0
0
0
0
0
0
1
1
1
0
0
-1
0
0
0
-1
-1
0
0
0
0
0
0
0
0
0
0
0
0
0
0
0
0
0
0
0
0
0
1
1
1
0
-1
0
0
0
0
0
0
1
-1
-1
0
0
0
0
0
1
0
-1
0
0
0
0
0
0
0
0
-1
0
0
0
0
1
0
0
0
0
0
-1
1
1
0
0
0
0
1
0
0
0
0
0
0
0
-1
0
0
0
1
1
0
0
0
0
0
0
0
0
-1
0
1
0
0
0
0
1
0
0
1
-1
-1
0
0
0
-1
0
0
1
0
0
0
-1
1
0
-1
-1
0
-1
0
1
-1
1
-1
1
0
0
0
0
0
0
1
-1
1
-1
-1
1
-1
0
0
0
0
0
-1
0
2
-1
0
0
-1
1
0
-1
0
0
0
1
-2
1
0
-1
1
-1
0
0
1
-1
1
-1
-1
1
0
0
0
0
0
0
-1
0
1
0
1
-1
0
0
0
-1
0
0
-1
2
-1
2
-1
0
1
0
0
-2
1
-2
1
-1
0
1
-2
3
-1
0
0
1
1
0
-1
0
1
-2
1
-1
0
0
-1
0
2
-1
-1
2
-1
1
-1
0
0
-1
0
1
0
0
0
1
0
-1
1
0
0
-1
0
0
0
-1
1
1
-2
2
-1
0
2
-2
2
0
0
0
2
-3
1
0
-1
2
-4
1
1
0
0
0
-1
0
2
-2
2
-2
0
1
0
-1
0
1
-1
1
-3
1
0
-1
2
-1
0
-1
2
0
0
1
0
1
0
-2
2
0
-1
2
-1
1
-2
1
0
1
-1
0
2
-2
2
-2
2
-1
-1
0
0
1
-4
4
-2
2
-2
0
2
-1
1
-2
3
-3
2
-2
-1
1
-1
2
-2
0
-2
3
-3
2
-1
-1
5
-5
2
-2
1
0
-1
0
1
2
-3
1
-1
1
1
-2
1
-1
1
1
-3
3
-2
0
2
-2
2
-1
0
1
2
-2
0
0
-2
1
-1
-1
3
-2
0
2
-2
2
-1
-1
1
2
-4
4
-2
-2
7
-9
5
-1
-2
2
-1
-1
2
0
-4
5
-2
0
1
-4
4
1
-2
0
-2
3
-2
0
-1
-2
5
-5
1
0
0
1
-2
0
1
0
-1
-1
1
1
-3
2
1
1
-3
3
0
-1
6
-10
7
0
-3
3
-4
2
0
-1
-1
2
1
-3
0
3
0
2
-4
-2
8
-3
2
-8
3
5
-3
1
-9
10
0
0
-4
-3
7
-1
2
-7
6
-2
4
-2
-4
8
-11
11
-4
-1
3
-7
7
0
-2
-7
6
-3
2
1
-10
7
2
-2
-3
2
-4
6
2
-12
8
-3
-1
6
-7
2
2
0
1
-2
-2
3
0
-2
2
-2
0
3
-3
1
4
-7
4
1
-4
7
-5
-2
6
0
-1
1
-4
3
6
-8
0
0
0
7
-6
-2
2
-2
6
-3
-2
1
0
2
3
-4
-1
3
-2
5
-6
0
1
0
3
-3
0
2
-1
1
1
-4
5
-2
-1
-1
-1
2
3
-1
-9
6
1
6
-5
-6
3
2
5
-7
3
-2
0
0
1
2
-3
-2
-2
7
2
-6
-4
2
3
5
-5
-6
4
0
5
0
-6
0
3
3
0
-3
-7
6
3
-1
-1
-5
2
4
-2
-1
0
-4
5
0
-2
3
-8
3
3
0
4
-9
-2
4
4
3
-7
-4
2
5
2
-6
-1
3
-2
4
-1
-2
3
-5
-1
6
2
-6
1
-2
2
8
-8
-1
2
-2
4
0
-3
1
3
-3
2
4
-4
0
0
-4
7
1
-4
4
-3
6
-2
-1
2
-4
5
-6
2
1
-1
1
-4
0
2
2
-2
-3
-3
5
2
1
-6
-3
1
6
1
-6
-2
-4
12
-1
-3
-5
1
5
1
-1
-6
10
-5
1
1
-1
3
-1
-1
0
6
-6
5
2
-1
3
-6
4
6
-3
0
-4
1
7
-3
3
-6
2
1
0
1
-3
2
-2
2
-2
1
1
1
-1
-2
1
-3
2
1
-2
0
-5
-3
7
0
-4
-2
-5
4
4
-4
-2
-1
0
1
5
-3
-5
2
-3
10
-4
-7
2
1
8
-5
-3
2
4
2
-1
-2
4
2
-1
3
-4
6
0
1
1
-5
7
-2
1
1
-5
4
-4
-9
0
-4
-8
-3
-15
-7
-4
-14
-8
-13
-12
-10
-8
-13
-12
-13
-15
-5
-12
-12
-12
-12
-5
-8
-6
-8
-10
-5
1
0
3
-7
0
12
8
13
3
13
21
19
21
16
29
31
27
26
27
34
37
30
28
30
34
32
26
21
20
24
16
11
5
8
3
-2
-3
-17
-10
-14
-21
-18
-29
-32
-23
-31
-35
-33
-35
-34
-30
-36
-34
-25
-30
-24
-28
-17
-20
-12
-11
-20
1
-10
-4
2
-7
1
3
-2
5
9
5
6
5
9
6
14
4
1
11
2
15
11
4
8
14
14
14
18
4
22
19
7
27
10
21
21
8
24
16
13
17
14
13
18
8
7
9
1
9
0
-2
-3
-6
-4
-5
-5
-8
-6
-11
-5
-9
-5
-3
-12
1
-12
0
4
-5
8
-5
3
5
0
4
-5
2
-6
2
-8
-12
-5
-19
-9
-24
-23
-23
-37
-28
-38
-34
-34
-40
-39
-36
-39
-36
-36
-40
-27
-26
-26
-20
-20
-6
1
-6
12
4
21
34
18
45
35
51
57
44
60
51
65
63
56
63
56
66
64
55
57
54
51
51
36
39
35
29
28
13
14
6
8
-3
-5
-3
-24
-11
-30
-38
-27
-52
-50
-51
-72
-58
-68
-81
-67
-89
-77
-85
-96
-77
-108
-90
-111
-122
-100
-114
-95
-89
-88
-74
-59
-57
-38
-12
6
41
56
63
92
111
140
164
169
183
190
199
202
213
227
248
240
206
161
121
117
105
107
67
47
-9
-69
-95
-145
-126
-126
-121
-109
-116
-137
-157
-158
-139
-97
-77
-78
-59
-39
-32
-26
-72
-71
-57
-47
-2
-30
-3
-17
-39
-46
-140
-142
-159
-148
-104
-132
-143
-150
-191
-203
-182
-168
-74
-64
-98
-69
-42
90
101
24
-81
-58
78
217
308
216
270
261
370
434
352
362
378
576
781
853
693
513
405
402
561
509
519
460
306
252
62
-3
-24
-12
7
84
22
-62
-219
-414
-358
-417
-356
-446
-533
-486
-626
-716
-934
-1079
-994
-958
-940
-920
-1115
-1073
-1128
-1197
-1085
-1218
-1025
-902
-763
-606
-650
-597
-487
-315
-125
59
131
259
319
419
634
796
930
917
874
887
984
1060
1097
1188
1266
1434
1484
1445
1356
1330
1390
1556
1725
1733
1754
1581
1496
1376
1242
1122
1038
927
799
616
357
296
171
161
90
-47
-155
-389
-658
-879
-1086
-1144
-1166
-1352
-1491
-1733
-1983
-2217
-2566
-2789
-2895
-2908
-2881
-2998
-3113
-3294
-3375
-3442
-3423
-3219
-2829
-2225
-1758
-1433
-1426
-1276
-963
-307
408
847
1317
1424
1781
2057
2189
2659
2789
3255
3470
3349
3277
2912
2953
3065
3244
3294
3219
3040
2866
2791
2545
2513
2241
2203
2104
1945
1864
1447
1264
892
671
434
82
-122
-295
-290
-299
-367
-548
-596
-766
-928
-1206
-1726
-1866
-2011
-1917
-1856
-2130
-2332
-2702
-3041
-3417
-3850
-4227
-4442
-4642
-4755
-4814
-4921
-4933
-5161
-5480
-5336
-4622
-3339
-1908
-1521
-1373
-1442
-979
384
1286
2264
2753
3276
3998
4245
4374
4501
5083
5893
6325
5949
5104
4440
4278
4540
4519
4371
3939
3674
3479
2942
2385
1581
1084
923
787
585
397
-95
-55
-184
-459
-677
-1454
-1484
-1516
-1242
-984
-1026
-847
-674
-525
-581
-840
-1264
-1423
-1693
-1720
-1792
-1843
-1711
-1962
-2111
-2675
-3238
-3810
-4492
-4952
-5318
-5400
-5307
-5345
-5706
-6241
-6674
-5765
-4439
-2428
-1436
-1636
-1332
-1501
171
1305
2124
3132
3454
4660
5045
5113
5116
5764
6844
7668
7432
6109
5380
4738
5260
5292
5057
4975
4386
4578
3657
2882
1722
802
556
-5
-353
-1021
-1284
-1343
-965
-1298
-1639
-2402
-2882
-2484
-2526
-1927
-2002
-1658
-1045
-755
-348
-504
-521
-544
-654
-939
-1181
-1313
-1196
-1064
-1268
-1520
-2094
-2709
-3509
-4433
-5067
-5498
-5515
-5675
-6216
-6933
-7839
-7206
-5932
-3738
-1985
-1985
-1573
-1877
-682
695
1365
2451
2957
4212
5149
5443
5536
6176
7426
8579
8692
7238
6041
5064
5335
5692
5526
5647
5123
5404
4832
3893
2765
1371
883
153
-500
-1399
-2019
-2234
-1727
-1646
-1878
-2437
-3288
-3038
-3092
-2701
-2586
-2498
-1733
-1176
-557
-338
-251
-24
35
-216
-624
-965
-1002
-869
-1082
-1353
-1793
-2230
-2787
-3787
-4684
-5447
-5722
-5943
-6554
-7437
-8500
-8563
-7346
-5381
-3056
-2224
-1906
-1730
-1308
243
944
1735
2423
3294
4712
5439
5851
6539
7806
9247
9899
8858
7275
6016
5585
6033
5977
6002
5749
5649
5635
4781
3854
2406
1379
513
-435
-1403
-2345
-2866
-2795
-2458
-2548
-2776
-3520
-3678
-3536
-3322
-3034
-3089
-2693
-2128
-1446
-893
-561
-171
193
286
100
-196
-395
-379
-556
-925
-1297
-1694
-2063
-2758
-3715
-4489
-5060
-5304
-6035
-6964
-8316
-8964
-8136
-6704
-4103
-2964
-2240
-1821
-1554
-2
699
1352
1840
2341
3578
4517
5076
5895
7177
8751
9924
9439
8069
6740
5817
6039
5860
5838
5599
5350
5526
5031
4535
3440
2365
1339
338
-891
-1942
-2915
-3253
-2915
-2970
-2843
-3473
-3667
-3393
-3070
-2642
-2771
-2778
-2494
-2020
-1451
-1031
-562
35
461
570
471
333
318
164
-395
-997
-1597
-2040
-2537
-3416
-4203
-4798
-5176
-5633
-6638
-7989
-9206
-9071
-8116
-6015
-4385
-3750
-2826
-2514
-904
386
934
1587
1730
2637
3609
4240
5037
6358
8112
9743
10169
9181
8075
7042
7039
6959
6595
6256
5571
5747
5439
5182
4477
3428
2565
1430
239
-1157
-2275
-3058
-2933
-3017
-3053
-3497
-3944
-3535
-3148
-2500
-2544
-2685
-2626
-2306
-1698
-1326
-841
-319
180
464
499
466
559
571
122
-505
-1289
-1913
-2472
-3382
-4312
-5089
-5611
-5973
-6846
-8017
-9432
-10004
-9257
-8014
-5843
-5080
-4314
-3470
-2610
-462
537
1390
1873
2306
3259
4084
4765
5785
7550
9190
10556
10301
9338
8629
8178
8495
8046
7487
6582
6053
5965
5519
5147
4177
3278
2334
1264
-108
-1253
-2451
-2977
-3134
-3720
-3974
-4734
-4713
-4160
-3569
-2995
-3049
-3000
-2766
-2213
-1691
-1251
-889
-489
-85
133
433
541
726
552
85
-370
-985
-1539
-2373
-3464
-4371
-5073
-5619
-6124
-7271
-8238
-9372
-9415
-8519
-7259
-5309
-4799
-3827
-3167
-2002
-33
875
1816
2224
2769
3687
4505
5196
6294
7790
8967
9914
9355
8722
8324
8038
8284
7549
6885
5907
5373
5072
4618
4196
3280
2501
1537
624
-417
-1238
-2211
-2706
-3184
-3898
-4186
-4876
-4584
-4035
-3430
-2842
-2870
-2684
-2326
-1769
-1198
-796
-584
-249
45
429
840
909
942
546
128
-171
-785
-1274
-2242
-3157
-3855
-4651
-5193
-5997
-7023
-7748
-8739
-8852
-8157
-7211
-5252
-4660
-3784
-2943
-1972
142
1165
1999
2524
2856
3842
4718
5214
6193
7099
8088
8904
8542
8198
7919
7737
8012
7370
6688
5803
4996
4789
4196
3704
2857
1835
1126
406
-348
-888
-1885
-2386
-2849
-3494
-3739
-4408
-4259
-3764
-3290
-2802
-2893
-2743
-2243
-1587
-881
-599
-494
-263
96
601
966
856
597
48
-396
-713
-1333
-1866
-2748
-3458
-4076
-4803
-5498
-6308
-7217
-7875
-8807
-9161
-8657
-7730
-5716
-4869
-3912
-2967
-1791
515
1834
2747
3244
3630
4646
5568
5994
6554
7243
8076
8940
8796
8438
8244
8155
8516
7971
7243
6182
5298
4899
4157
3412
2250
1130
326
-181
-878
-1329
-2242
-2715
-2889
-3463
-3637
-4330
-4296
-3810
-3379
-3021
-3055
-2851
-2120
-1205
-532
-211
-217
98
579
1093
1370
1108
718
165
-297
-649
-1271
-1895
-2721
-3531
-4191
-4965
-5686
-6362
-7151
-7741
-8667
-9166
-8826
-7985
-6041
-5147
-4228
-3311
-2129
188
1728
2736
3342
3903
4806
5959
6136
6504
7022
7471
8513
8234
8022
7866
7824
8321
7922
7282
6266
5462
4955
4277
3295
2028
792
-40
-459
-1120
-1577
-2438
-2828
-2862
-3228
-3444
-4044
-4108
-3684
-3232
-3048
-3027
-2819
-2027
-992
-351
-2
4
401
919
1390
1584
1205
842
291
-118
-518
-1085
-1738
-2549
-3399
-4253
-4955
-5716
-6176
-6788
-7337
-8084
-8659
-8313
-7568
-5871
-5043
-4384
-3551
-2568
-350
1207
2298
3144
3774
4842
5968
6173
6442
6805
7068
7863
7526
7146
7060
7034
7624
7467
6926
6185
5551
5252
4707
3688
2393
1080
266
-92
-776
-1244
-2113
-2568
-2517
-2893
-3046
-3564
-3749
-3360
-3083
-2979
-2985
-2847
-2114
-1100
-473
-112
-36
284
843
1297
1384
1029
566
50
-296
-665
-1194
-1800
-2627
-3524
-4348
-5144
-5785
-6232
-6833
-7347
-8071
-8524
-8020
-7224
-5552
-4789
-4205
-3395
-2526
-429
935
2029
2866
3527
4670
5731
6145
6527
6946
7217
7793
7420
7002
6943
6850
7398
7175
6674
6090
5503
5415
4879
4024
2776
1508
706
291
-395
-860
-1722
-2232
-2210
-2747
-2797
-3332
-3419
-2997
-2832
-2709
-2789
-2684
-2018
-1098
-612
-240
-315
-70
436
730
923
468
14
-472
-804
-1009
-1459
-2032
-2914
-3792
-4659
-5328
-5991
-6492
-7085
-7714
-8256
-8681
-7982
-7084
-5336
-4374
-3769
-2835
-2059
-26
1251
2332
3039
3602
4580
5505
6122
6427
6966
7129
7513
7322
6818
6817
6671
6935
6705
6117
5514
5046
4953
4505
3859
2628
1540
811
271
-175
-816
-1512
-1987
-2145
-2477
-2663
-3007
-2959
-2553
-2345
-2238
-2434
-2265
-1620
-787
-162
18
-10
131
488
811
885
471
-71
-595
-910
-1065
-1408
-1964
-2821
-3647
-4428
-5065
-5706
-6349
-7043
-7650
-8362
-8625
-8086
-7133
-5327
-4401
-3649
-2791
-1866
82
1532
2451
3110
3582
4375
5450
5965
6347
6825
6930
7334
7197
6762
6738
6553
6645
6313
5662
5046
4650
4590
4231
3557
2442
1344
590
149
-450
-941
-1715
-2278
-2438
-2811
-2823
-2948
-2804
-2386
-2177
-2172
-2280
-2090
-1400
-504
101
247
219
376
845
1295
1390
978
278
-302
-718
-845
-1180
-1789
-2561
-3445
-4071
-4654
-5338
-5946
-6740
-7426
-8078
-8665
-8252
-7512
-5899
-4719
-4100
-3081
-2232
-259
1361
2286
2931
3204
3914
4873
5417
5694
6055
6275
6745
6850
6461
6441
6275
6451
6262
5594
5118
4615
4732
4495
3873
2930
1805
1114
718
136
-441
-1227
-2013
-2226
-2629
-2713
-2747
-2763
-2327
-2178
-2162
-2195
-2064
-1385
-561
-47
33
-52
69
595
1093
1197
815
104
-497
-949
-1192
-1554
-2173
-2858
-3682
-4279
-4747
-5332
-5752
-6348
-6983
-7545
-8350
-8161
-7566
-6143
-4701
-4196
-3133
-2286
-293
1785
2919
3726
3964
4557
5450
5937
5937
6047
6135
6543
6742
6200
6004
5829
6045
6160
5540
5054
4492
4557
4480
3951
3048
1845
1060
575
146
-490
-1182
-2038
-2256
-2410
-2492
-2344
-2471
-2086
-1777
-1741
-1629
-1576
-1027
-240
139
158
-125
-77
410
972
1101
700
20
-533
-804
-1097
-1435
-2200
-2981
-3798
-4521
-4993
-5607
-5998
-6387
-6950
-7361
-8190
-8426
-7775
-6858
-5128
-4598
-3975
-2967
-1554
966
2492
3435
3898
4373
5323
6131
6170
6108
6230
6507
7003
6568
6053
5948
6023
6529
6086
5386
4736
4436
4631
4207
3411
2133
1082
433
-22
-678
-1385
-2158
-2548
-2466
-2599
-2428
-2517
-2316
-1852
-1776
-1658
-1656
-1348
-610
-162
-86
-268
-367
107
749
1051
929
389
-98
-301
-546
-794
-1407
-2190
-2973
-3801
-4364
-4956
-5417
-5749
-6215
-6721
-7293
-7974
-7698
-6984
-5908
-4710
-4528
-3673
-2569
-733
1409
2545
3243
3713
4433
5303
5842
5682
5741
6006
6320
6443
5792
5487
5694
6118
6390
5730
4983
4580
4695
4875
4358
3334
2199
1398
909
358
-448
-1080
-1713
-1919
-2030
-2390
-2348
-2404
-2123
-1823
-1975
-1964
-1843
-1324
-612
-274
-286
-365
-222
302
778
795
495
-102
-488
-755
-1118
-1531
-2288
-2993
-3675
-4302
-4716
-5134
-5382
-5585
-5909
-6382
-6824
-7335
-6940
-6336
-5540
-4585
-4530
-3392
-2153
-254
1776
2665
3501
4059
4921
5778
6169
5970
5999
6078
6102
6008
5185
5122
5283
5581
5687
4852
4509
4377
4821
4975
4364
3371
2301
1717
1187
685
-162
-765
-1476
-1840
-2072
-2340
-2124
-2178
-1929
-1922
-2004
-1903
-1593
-961
-393
-121
-281
-305
-234
241
543
373
-21
-675
-971
-1231
-1488
-1987
-2633
-3283
-3882
-4333
-4786
-5052
-5323
-5481
-5791
-6208
-6544
-7051
-6786
-6401
-5746
-4848
-4729
-3709
-2534
-740
1306
2380
3312
4030
5024
5972
6577
6402
6342
6352
6183
6133
5312
5071
5137
5261
5386
4804
4557
4618
5037
5201
4700
3745
2756
2062
1443
941
-16
-733
-1596
-2207
-2227
-2434
-2098
-2140
-2168
-2033
-2068
-1772
-1415
-923
-467
-304
-517
-592
-525
-175
159
-84
-481
-963
-1234
-1190
-1368
-1690
-2157
-2719
-3124
-3584
-3971
-4277
-4616
-4885
-5189
-5610
-5822
-6256
-6354
-5887
-5500
-4485
-4137
-3746
-2555
-1374
630
1950
2617
3482
4298
5342
6175
6145
5946
6080
5894
5886
5202
4452
4497
4469
4791
4454
4044
4082
4380
4862
4664
3987
3114
2434
1872
1430
490
-435
-1260
-2033
-2000
-2296
-2307
-2269
-2397
-2035
-1923
-1687
-1326
-890
-448
-226
-399
-577
-457
-240
55
-161
-589
-973
-1211
-1164
-1305
-1523
-1844
-2192
-2525
-2932
-3400
-3726
-4032
-4452
-4744
-5298
-5618
-5867
-6326
-6074
-5709
-5003
-4043
-3878
-3130
-2054
-618
1218
2145
2805
3591
4444
5416
5964
5790
5740
5821
5602
5387
4527
4072
4263
4269
4425
3853
3587
3872
4343
4743
4410
3742
3035
2590
2114
1541
628
-267
-1073
-1685
-1931
-2374
-2417
-2520
-2553
-2203
-2181
-1754
-1286
-897
-390
-275
-341
-258
-113
51
167
-256
-639
-968
-1252
-1266
-1544
-1686
-1975
-2283
-2487
-2851
-2986
-3164
-3485
-3778
-4222
-4632
-4874
-5232
-5652
-5646
-5374
-4915
-4115
-4013
-3335
-2122
-934
877
1628
2324
3291
4165
5251
5679
5582
5472
5594
5384
5064
4403
3789
4011
3880
3816
3380
3034
3539
4009
4417
4096
3473
3044
2772
2506
1939
1036
129
-545
-1243
-1549
-2031
-2336
-2326
-2508
-2338
-2230
-1984
-1466
-936
-545
-271
-205
-91
216
294
294
-110
-546
-789
-1111
-1238
-1622
-1895
-2091
-2367
-2430
-2639
-2690
-2729
-2945
-3234
-3577
-3934
-4135
-4364
-4914
-5312
-5397
-5292
-4608
-4198
-3894
-2846
-2011
-455
836
1567
2684
3512
4525
5209
5356
5232
5286
5255
5000
4708
3931
3744
3621
3448
3448
3080
3305
3529
3845
3921
3674
3487
3185
2951
2503
1974
1179
454
-447
-1065
-1511
-2040
-2240
-2745
-2891
-2804
-2658
-2174
-1752
-1268
-711
-285
-9
346
435
602
563
133
-60
-620
-901
-1213
-1705
-1881
-2226
-2404
-2462
-2555
-2605
-2599
-2870
-2972
-3059
-3263
-3398
-4027
-4721
-5128
-5113
-4845
-4355
-4371
-4059
-3165
-2105
-371
626
1542
2537
3461
4515
5029
5186
5157
5382
5231
4929
4259
3519
3545
3349
3363
2956
2540
2757
3093
3651
3686
3524
3240
3159
3099
2738
2265
1333
638
-197
-822
-1408
-2104
-2438
-2932
-2919
-2908
-2687
-2192
-1778
-1060
-538
-57
254
498
587
676
602
246
-38
-672
-1053
-1393
-1741
-1828
-2172
-2372
-2506
-2573
-2461
-2468
-2563
-2677
-2777
-3006
-3328
-3937
-4553
-4847
-4880
-4779
-4584
-4682
-4256
-3281
-2138
-572
374
1293
2327
3354
4389
5025
5246
5277
5470
5247
4908
4326
3649
3636
3311
3079
2662
2237
2552
2925
3453
3524
3345
3208
3236
3289
3076
2501
1555
808
-59
-734
-1427
-2275
-2747
-3203
-3294
-3240
-3060
-2531
-1908
-1122
-546
-145
151
508
883
1077
939
463
49
-371
-570
-875
-1367
-1656
-2036
-2132
-2132
-2284
-2275
-2272
-2351
-2392
-2615
-2888
-3147
-3522
-4011
-4538
-4803
-5012
-4719
-4577
-4372
-3582
-2925
-1533
-423
465
1611
2553
3725
4486
4956
5055
5313
5438
5187
4850
3985
3687
3313
2961
2629
2087
2181
2357
2838
3007
3017
3104
3138
3376
3208
2883
2155
1402
675
-111
-794
-1648
-2275
-2882
-3165
-3238
-3098
-2651
-2170
-1492
-919
-315
207
687
1155
1418
1478
1237
888
515
175
-230
-745
-1254
-1725
-2006
-2205
-2373
-2504
-2574
-2597
-2671
-2798
-3025
-3187
-3469
-3821
-4440
-4951
-5150
-5241
-4801
-4779
-4520
-3850
-3075
-1697
-612
403
1427
2516
3556
4344
4926
5152
5609
5601
5359
4910
4145
3936
3505
3147
2643
2118
2153
2380
2777
2838
2914
2873
3063
3228
2973
2713
2011
1453
809
80
-632
-1412
-1950
-2443
-2663
-2881
-2850
-2552
-2034
-1322
-773
-291
125
721
1155
1466
1514
1145
965
604
213
-164
-840
-1301
-1665
-2021
-2285
-2512
-2673
-2608
-2653
-2926
-3086
-3314
-3332
-3428
-3885
-4496
-5065
-5085
-4977
-4644
-4482
-4504
-3819
-2999
-1778
-557
226
1200
2199
3230
4138
4746
4978
5355
5569
5331
5081
4324
3945
3723
3300
2938
2286
2016
2090
2435
2659
2593
2507
2521
2798
2852
2726
2244
1653
1232
681
189
-594
-1316
-1879
-2219
-2431
-2580
-2406
-2142
-1443
-946
-479
-30
436
1150
1516
1647
1310
1029
840
479
141
-661
-1383
-1923
-2332
-2585
-2900
-3165
-3321
-3319
-3416
-3569
-3693
-3636
-3618
-3659
-4082
-4637
-4679
-4568
-4170
-3896
-4108
-3824
-3154
-2137
-830
-98
580
1491
2516
3681
4498
4829
5119
5460
5535
5483
4960
4340
4077
3602
3167
2510
1834
1656
1817
2042
2005
1871
1680
2000
2396
2535
2481
1907
1519
1200
907
512
-151
-789
-1294
-1556
-1773
-1800
-1721
-1375
-936
-663
-335
-40
473
1028
1286
1284
1101
885
737
486
-59
-605
-1268
-1760
-2174
-2654
-3018
-3394
-3575
-3758
-3844
-3999
-4035
-3951
-3919
-3876
-4010
-4195
-4242
-4025
-3860
-3594
-3499
-3398
-2781
-2099
-1147
-348
257
1108
2081
3101
3905
4409
4661
5190
5423
5379
5102
4382
4111
3681
3199
2613
1813
1479
1466
1602
1561
1488
1427
1723
2243
2482
2651
2379
2186
2116
1886
1631
1026
424
-108
-528
-888
-1206
-1412
-1482
-1382
-1318
-1160
-972
-587
-148
124
318
257
287
348
195
-62
-579
-1150
-1614
-2110
-2563
-2937
-3370
-3671
-3882
-4041
-4021
-3971
-3798
-3617
-3458
-3363
-3271
-3330
-3186
-3014
-2930
-2634
-2793
-2528
-2104
-1558
-654
-201
380
1056
1862
2800
3468
3855
4203
4584
4681
4730
4312
3803
3648
3227
2869
2207
1536
1324
1405
1578
1564
1549
1515
1958
2507
2879
3124
2979
2931
2878
2776
2518
2019
1388
702
171
-415
-917
-1373
-1659
-1778
-1877
-1884
-1829
-1488
-1080
-643
-398
-359
-283
-196
-124
-259
-565
-1111
-1548
-1972
-2424
-2741
-3158
-3415
-3614
-3721
-3776
-3753
-3668
-3435
-3115
-2983
-2866
-3023
-2998
-2749
-2556
-2286
-2360
-2398
-2134
-1623
-911
-374
14
494
1266
2010
2660
3054
3283
3849
4146
4180
3884
3396
3391
3392
3197
2616
1911
1653
1819
2186
2176
2075
2005
2326
2928
3233
3455
3306
3272
3250
3046
2732
2133
1541
842
218
-525
-1232
-1766
-2211
-2341
-2545
-2685
-2651
-2389
-1892
-1417
-1137
-1057
-855
-574
-283
-216
-434
-747
-1054
-1237
-1519
-1805
-2169
-2534
-2699
-2884
-2969
-3003
-3054
-2960
-2791
-2666
-2573
-2593
-2652
-2573
-2398
-2300
-2195
-2304
-2281
-1865
-1449
-915
-585
-313
232
910
1584
2081
2439
2763
3367
3702
3776
3753
3538
3741
3729
3481
3107
2691
2667
2795
2873
2714
2599
2565
2825
3104
3122
3107
2865
2735
2566
2211
1789
1196
609
-15
-664
-1328
-1869
-2287
-2595
-2837
-3079
-3139
-3018
-2669
-2286
-1969
-1700
-1399
-944
-526
-203
-81
-104
-135
-160
-266
-492
-792
-1167
-1494
-1741
-1977
-2189
-2312
-2516
-2593
-2564
-2572
-2470
-2473
-2508
-2586
-2535
-2441
-2328
-2210
-2279
-2110
-1857
-1457
-994
-625
-218
258
945
1497
2127
2496
2974
3551
3809
4119
4001
4029
4112
3998
3851
3398
3102
2914
2902
2787
2549
2382
2196
2356
2344
2283
2194
1897
1777
1474
1080
687
168
-369
-940
-1573
-2146
-2513
-2845
-3015
-3171
-3295
-3130
-2891
-2447
-1975
-1527
-1046
-596
-124
270
590
783
847
775
576
297
4
-308
-686
-1073
-1417
-1706
-1875
-2005
-2168
-2194
-2201
-2150
-2125
-2184
-2218
-2353
-2315
-2302
-2321
-2288
-2432
-2329
-2103
-1783
-1295
-928
-474
81
760
1426
2031
2495
2973
3531
3804
4027
3936
3789
3822
3636
3432
2979
2492
2228
2105
2034
1842
1657
1487
1572
1688
1733
1677
1508
1373
1176
974
566
101
-339
-893
-1319
-1840
-2255
-2530
-2654
-2661
-2622
-2418
-2182
-1704
-1234
-715
-193
185
615
897
1160
1272
1247
1077
781
502
128
-182
-583
-940
-1257
-1495
-1583
-1704
-1733
-1787
-1785
-1732
-1722
-1743
-1821
-1960
-2158
-2252
-2372
-2389
-2410
-2548
-2489
-2357
-1934
-1454
-1019
-546
-67
638
1276
1900
2317
2709
3121
3312
3440
3240
3106
3001
2817
2544
2028
1674
1428
1481
1481
1337
1209
1041
1246
1393
1526
1453
1245
1121
930
882
627
265
-158
-630
-972
-1245
-1443
-1623
-1669
-1677
-1605
-1401
-1211
-856
-454
-88
202
386
576
791
1004
1078
992
739
481
258
37
-159
-449
-712
-933
-1093
-1143
-1155
-1144
-1127
-1110
-1132
-1172
-1262
-1415
-1567
-1841
-2111
-2391
-2659
-2787
-2898
-2941
-2891
-2729
-2387
-1952
-1441
-906
-303
323
905
1484
1893
2295
2600
2750
2810
2678
2566
2367
2127
1803
1439
1193
1017
1000
926
889
879
957
1167
1334
1512
1567
1606
1592
1493
1436
1274
1071
794
403
46
-259
-494
-648
-799
-949
-1028
-1002
-875
-669
-440
-218
13
239
488
697
876
1039
1108
1115
1017
836
716
558
383
140
-169
-400
-582
-686
-800
-978
-1184
-1360
-1506
-1651
-1816
-2088
-2390
-2733
-3049
-3231
-3424
-3491
-3578
-3642
-3521
-3293
-2879
-2421
-1956
-1442
-870
-277
302
813
1270
1726
2036
2210
2220
2160
2175
2075
1882
1548
1209
1073
1043
1095
1068
1072
1198
1455
1797
2064
2322
2504
2667
2726
2678
2562
2363
2100
1673
1162
610
142
-236
-584
-908
-1199
-1348
-1354
-1213
-984
-717
-414
-81
270
600
931
1172
1390
1491
1477
1370
1166
978
716
454
87
-261
-555
-810
-989
-1227
-1429
-1656
-1848
-2010
-2172
-2356
-2582
-2817
-3109
-3370
-3576
-3711
-3747
-3837
-3896
-3851
-3626
-3226
-2798
-2325
-1870
-1270
-611
40
636
1115
1660
2078
2413
2519
2494
2553
2515
2438
2154
1867
1697
1644
1741
1724
1767
1839
2039
2358
2622
2883
3013
3108
3115
3069
2951
2699
2339
1830
1306
748
277
-202
-687
-1090
-1455
-1639
-1726
-1669
-1508
-1237
-942
-625
-223
171
631
1000
1241
1393
1445
1435
1380
1188
883
519
115
-259
-603
-956
-1282
-1567
-1854
-2091
-2318
-2507
-2660
-2813
-2963
-3145
-3330
-3544
-3734
-3843
-3872
-3868
-3943
-3982
-3895
-3578
-3055
-2542
-2063
-1585
-976
-188
578
1248
1763
2238
2681
3029
3225
3262
3279
3204
3097
2813
2481
2217
2104
2087
2010
1950
1865
1946
2173
2398
2606
2655
2649
2625
2558
2447
2214
1854
1394
910
371
-129
-602
-1006
-1340
-1622
-1792
-1856
-1712
-1440
-1066
-690
-271
156
639
1111
1444
1688
1754
1731
1630
1407
1067
646
185
-277
-783
-1235
-1639
-1950
-2148
-2334
-2455
-2557
-2613
-2643
-2673
-2714
-2745
-2815
-2941
-3142
-3365
-3466
-3519
-3494
-3534
-3585
-3419
-3091
-2540
-1964
-1420
-805
-116
650
1370
1958
2436
2895
3231
3409
3372
3190
3063
2900
2672
2274
1801
1440
1276
1269
1247
1248
1242
1407
1690
1980
2277
2418
2523
2527
2481
2377
2159
1869
1441
994
506
81
-325
-692
-959
-1189
-1256
-1265
-1151
-922
-655
-328
-36
239
538
812
1015
1080
1012
854
661
432
131
-221
-610
-969
-1287
-1541
-1731
-1864
-1908
-1886
-1848
-1801
-1766
-1711
-1639
-1607
-1614
-1703
-1827
-1980
-2156
-2356
-2521
-2642
-2738
-2741
-2745
-2640
-2384
-2038
-1587
-1148
-738
-282
191
666
1103
1423
1660
1818
1876
1864
1801
1703
1607
1470
1236
1045
920
930
1033
1119
1209
1366
1623
1946
2271
2542
2751
2911
3009
3019
2971
2817
2577
2209
1770
1311
865
439
-15
-432
-820
-1083
-1251
-1355
-1367
-1347
-1246
-1083
-852
-593
-311
-81
111
258
331
402
405
358
218
26
-157
-306
-403
-490
-556
-602
-634
-633
-585
-517
-440
-412
-494
-625
-812
-993
-1223
-1548
-1945
-2378
-2736
-3025
-3235
-3433
-3587
-3622
-3506
-3221
-2886
-2503
-2106
-1638
-1118
-614
-136
235
630
952
1213
1385
1419
1515
1582
1644
1625
1527
1502
1567
1744
1908
2070
2233
2444
2750
3008
3255
3423
3523
3538
3430
3211
2905
2587
2143
1641
1022
373
-163
-629
-975
-1302
-1573
-1759
-1816
-1716
-1546
-1258
-978
-665
-354
-64
276
569
867
1068
1155
1170
1095
1042
970
862
712
509
320
159
52
-30
-107
-195
-306
-418
-541
-685
-857
-1132
-1464
-1853
-2248
-2619
-3032
-3463
-3872
-4200
-4408
-4503
-4570
-4551
-4410
-4131
-3688
-3209
-2720
-2187
-1629
-1028
-451
30
476
861
1198
1470
1607
1722
1812
1887
1947
1932
1919
1969
2095
2262
2459
2620
2802
3038
3243
3465
3614
3680
3675
3543
3342
3075
2740
2344
1869
1343
811
308
-122
-486
-764
-958
-1076
-1132
-1082
-930
-676
-386
-124
130
361
615
861
1050
1159
1183
1131
1032
895
717
555
354
144
-53
-265
-409
-514
-594
-655
-747
-850
-944
-1047
-1179
-1353
-1609
-1908
-2223
-2576
-2907
-3261
-3600
-3898
-4173
-4361
-4474
-4493
-4429
-4288
-4072
-3755
-3359
-2899
-2391
-1880
-1331
-794
-272
212
643
1044
1384
1657
1836
1987
2105
2222
2320
2362
2419
2494
2638
2807
2978
3147
3305
3504
3661
3799
3867
3845
3776
3607
3362
3036
2647
2195
1711
1193
670
209
-210
-541
-808
-1019
-1124
-1130
-1035
-860
-648
-405
-153
113
363
574
736
820
863
843
766
647
474
297
106
-86
-282
-455
-595
-692
-748
-811
-857
-902
-961
-1010
-1113
-1258
-1446
-1717
-2016
-2359
-2726
-3101
-3486
-3867
-4197
-4477
-4666
-4759
-4774
-4680
-4524
-4252
-3887
-3412
-2852
-2273
-1680
-1102
-501
96
685
1182
1591
1934
2212
2477
2684
2834
2937
3000
3054
3098
3142
3182
3240
3317
3361
3405
3391
3383
3378
3334
3251
3066
2838
2572
2300
2015
1670
1307
922
569
268
-6
-227
-401
-501
-543
-537
-491
-407
-233
-28
184
360
486
632
773
892
918
851
727
589
474
306
121
-106
-334
-510
-674
-807
-914
-1019
-1092
-1167
-1239
-1296
-1361
-1439
-1572
-1754
-1979
-2226
-2489
-2785
-3122
-3460
-3778
-4035
-4223
-4372
-4458
-4470
-4376
-4178
-3890
-3542
-3140
-2660
-2141
-1572
-1023
-485
32
526
994
1373
1715
1973
2212
2411
2523
2616
2643
2695
2739
2762
2755
2736
2744
2783
2845
2867
2875
2867
2874
2884
2866
2808
2702
2571
2406
2217
1991
1739
1469
1180
902
636
399
204
24
-88
-170
-196
-162
-118
-21
87
215
349
464
551
608
636
617
564
468
328
180
-6
-194
-382
-582
-756
-929
-1080
-1216
-1341
-1453
-1552
-1638
-1737
-1856
-1999
-2161
-2321
-2505
-2699
-2917
-3130
-3319
-3498
-3625
-3740
-3782
-3758
-3702
-3568
-3422
-3201
-2915
-2601
-2247
-1913
-1557
-1180
-793
-408
-64
272
590
913
1211
1468
1703
1934
2173
2385
2573
2706
2833
2962
3076
3174
3223
3245
3249
3241
3226
3180
3125
3037
2944
2841
2721
2598
2446
2294
2119
1949
1754
1551
1343
1125
941
754
592
436
292
183
103
65
43
35
38
60
94
134
158
150
129
71
-4
-116
-273
-445
-652
-866
-1101
-1336
-1551
-1752
-1922
-2089
-2219
-2313
-2372
-2387
-2409
-2422
-2427
-2428
-2420
-2432
-2462
-2508
-2547
-2598
-2642
-2694
-2745
-2761
-2774
-2748
-2713
-2647
-2545
-2422
-2259
-2086
-1871
-1634
-1371
-1077
-779
-457
-119
222
574
925
1267
1612
1931
2244
2535
2797
3036
3227
3393
3514
3602
3652
3648
3619
3546
3444
3330
3174
3024
2846
2658
2482
2280
2110
1940
1771
1610
1437
1268
1112
957
792
627
429
244
60
-129
-292
-469
-625
-761
-882
-962
-1012
-1042
-1042
-1034
-1017
-964
-913
-842
-785
-761
-737
-745
-749
-765
-814
-877
-961
-1042
-1115
-1181
-1248
-1306
-1361
-1411
-1446
-1485
-1513
-1534
-1572
-1610
-1657
-1717
-1757
-1809
-1859
-1900
-1951
-1966
-1966
-1936
-1888
-1826
-1737
-1626
-1481
-1321
-1137
-940
-720
-476
-219
57
342
641
941
1249
1543
1836
2116
2369
2607
2789
2945
3052
3104
3125
3075
2999
2882
2730
2557
2354
2149
1933
1728
1517
1313
1131
953
812
667
537
419
297
194
78
-27
-145
-263
-383
-515
-627
-751
-848
-944
-1015
-1064
-1088
-1076
-1046
-967
-878
-757
-628
-497
-352
-223
-98
-5
64
97
92
71
7
-68
-175
-304
-430
-566
-684
-791
-897
-977
-1044
-1091
-1107
-1123
-1116
-1108
-1095
-1069
-1051
-1027
-1011
-997
-985
-971
-961
-952
-939
-934
-909
-893
-874
-846
-826
-782
-734
-686
-620
-560
-478
-383
-288
-169
-56
78
222
368
534
691
856
1014
1159
1304
1426
1534
1614
1665
1690
1691
1663
1611
1536
1432
1329
1207
1090
977
858
763
668
595
533
476
442
413
394
382
369
357
349
337
326
304
279
251
221
194
157
134
102
88
89
90
122
151
206
275
351
441
522
607
670
730
760
759
737
665
580
458
309
148
-40
-227
-415
-598
-760
-913
-1046
-1150
-1236
-1294
-1343
-1379
-1400
-1425
-1441
-1474
-1513
-1553
-1615
-1671
-1749
-1826
-1890
-1962
-2005
-2047
-2068
-2050
-2015
-1942
-1848
-1734
-1583
-1409
-1217
-1002
-791
-562
-321
-92
148
367
582
792
969
1141
1278
1402
1508
1585
1642
1677
1696
1701
1700
1677
1654
1626
1592
1566
1524
1492
1457
1421
1392
1350
1320
1282
1247
1209
1169
1137
1098
1069
1031
995
967
937
919
893
869
846
820
800
775
746
711
668
621
565
500
421
334
232
120
1
-135
-274
-421
-574
-726
-888
-1043
-1194
-1336
-1468
-1591
-1697
-1789
-1857
-1915
-1955
-1982
-2004
-2008
-2018
-2016
-2013
-2007
-1990
-1977
-1950
-1916
-1868
-1802
-1731
-1637
-1532
-1411
-1277
-1133
-984
-829
-673
-527
-380
-252
-132
-23
66
152
224
293
365
441
523
620
729
855
1000
1151
1318
1485
1648
1811
1952
2081
2175
2244
2287
2293
2277
2225
2152
2061
1954
1842
1723
1610
1499
1402
1314
1236
1173
1116
1071
1022
973
921
859
787
699
598
483
357
219
72
-83
-240
-396
-550
-696
-839
-968
-1081
-1181
-1264
-1335
-1388
-1427
-1450
-1464
-1468
-1463
-1456
-1439
-1421
-1402
-1379
-1359
-1332
-1305
-1272
-1231
-1190
-1132
-1071
-1000
-917
-835
-738
-648
-555
-465
-386
-307
-248
-196
-159
-139
-126
-131
-140
-164
-194
-226
-260
-289
-316
-336
-351
-355
-346
-328
-302
-269
-225
-171
-106
-33
47
136
235
344
460
579
701
828
954
1077
1194
1301
1401
1487
1560
1617
1652
1675
1678
1664
1632
1576
1507
1421
1321
1209
1079
943
800
656
513
365
226
95
-24
-131
-228
-317
-391
-456
-514
-565
-616
-661
-703
-741
-778
-810
-839
-855
-860
-854
-831
-795
-742
-672
-586
-487
-382
-269
-156
-45
58
152
229
288
329
347
351
333
298
251
190
128
59
-12
-78
-140
-193
-239
-277
-304
-327
-339
-350
-358
-365
-375
-388
-407
-431
-462
-497
-536
-576
-613
-650
-677
-695
-701
-696
-681
-652
-613
-561
-499
-435
-362
-288
-213
-134
-63
9
77
140
203
260
313
368
417
470
520
567
615
660
702
739
767
785
791
786
767
733
683
623
552
476
398
316
239
166
105
54
15
-13
-29
-35
-28
-14
5
27
49
74
98
116
133
143
150
155
157
159
155
153
152
153
155
157
162
168
176
183
190
192
192
186
173
151
119
78
25
-34
-101
-172
-248
-324
-395
-459
-514
-558
-593
-612
-617
-609
-589
-560
-520
-472
-419
-363
-305
-248
-193
-142
-93
-51
-15
16
41
62
79
88
96
99
98
93
82
67
45
16
-18
-60
-107
-161
-219
-282
-349
-416
-482
-547
-605
-658
-700
-732
-748
-748
-732
-697
-643
-570
-480
-373
-253
-121
19
164
309
453
592
722
839
942
1027
1094
1141
1168
1175
1160
1126
1076
1011
935
846
751
650
549
449
351
259
172
92
19
-45
-102
-150
-191
-226
-255
-275
-288
-293
-293
-288
-275
-255
-230
-202
-168
-132
-95
-52
-9
35
79
123
167
211
252
292
328
360
389
410
426
432
427
413
386
350
297
233
157
70
-27
-131
-240
-350
-458
-560
-655
-741
-812
-872
-916
-945
-962
-965
-959
-941
-915
-885
-851
-815
-776
-737
-699
-660
-624
-588
-551
-513
-473
-432
-386
-338
-283
-222
-155
-82
-5
76
161
247
331
412
488
557
618
670
711
740
758
765
762
749
731
704
671
635
598
560
525
491
461
436
415
399
389
382
378
377
377
379
377
374
367
357
342
321
295
264
228
185
143
95
47
-3
-52
-100
-148
-193
-237
-277
-315
-346
-375
-400
-419
-435
-445
-451
-451
-449
-443
-434
-422
-408
-391
-373
-354
-335
-315
-295
-274
-255
-235
-217
-198
-182
-164
-146
-127
-109
-88
-67
-47
-26
-7
9
24
34
38
39
33
23
9
-10
-32
-55
-76
-95
-111
-123
-129
-130
-123
-111
-92
-68
-40
-10
24
60
96
133
171
207
242
278
312
346
377
405
431
452
470
484
489
490
485
473
455
432
405
373
336
297
258
218
178
137
99
63
28
-5
-37
-67
-97
-126
-155
-187
-218
-253
-291
-330
-372
-413
-455
-495
-531
-559
-580
-589
-587
-573
-544
-505
-455
-398
-334
-269
-203
-141
-85
-34
7
41
68
88
102
114
123
133
142
156
170
187
207
227
246
264
278
289
293
292
281
263
238
208
172
133
90
47
6
-32
-66
-93
-113
-127
-132
-130
-120
-103
-80
-53
-21
13
48
84
119
154
185
213
238
259
273
283
285
281
271
254
232
205
172
138
100
60
21
-20
-59
-98
-134
-170
-203
-237
-267
-297
-326
-353
-379
-403
-424
-443
-457
-467
-473
-473
-466
-452
-430
-402
-367
-327
-282
-231
-181
-127
-74
-24
24
71
111
148
181
208
233
252
268
280
289
295
298
298
296
292
284
274
260
245
229
211
193
176
161
148
136
130
126
126
129
135
143
152
161
172
179
187
192
195
196
194
191
185
178
171
162
154
144
135
125
115
105
93
81
66
50
31
12
-11
-35
-62
-92
-121
-153
-185
-217
-251
-282
-311
-336
-357
-372
-381
-384
-380
-370
-353
-333
-310
-286
-261
-238
-218
-200
-187
-176
-168
-163
-158
-156
-151
-145
-138
-128
-116
-101
-85
-66
-47
-29
-9
7
24
36
48
57
64
70
74
78
81
84
88
92
96
100
106
109
115
118
120
121
122
120
116
112
107
101
95
88
81
76
72
70
71
74
81
92
106
125
145
167
191
214
235
252
264
270
269
261
245
223
196
166
133
99
68
37
10
-14
-34
-53
-68
-85
-102
-119
-137
-158
-178
-201
-220
-238
-252
-261
-264
-260
-250
-232
-209
-184
-156
-127
-99
-75
-52
-33
-19
-8
2
9
15
20
26
32
38
47
54
62
69
75
79
79
79
73
64
51
36
17
-5
-27
-49
-70
-89
-106
-119
-125
-131
-131
-127
-123
-114
-106
-96
-86
-76
-66
-56
-47
-37
-25
-11
5
20
37
57
76
94
113
126
138
147
151
152
149
142
136
127
118
113
107
109
112
120
132
146
163
179
194
207
213
214
206
192
170
141
105
66
24
-17
-56
-91
-120
-145
-163
-175
-182
-181
-180
-178
-173
-172
-165
-166
-167
-171
-181
-189
-202
-214
-224
-238
-246
-251
-249
-239
-227
-209
-184
-157
-124
-95
-67
-43
-26
-10
-2
3
0
-7
-14
-23
-28
-31
-32
-25
-16
3
23
48
77
104
132
155
178
193
201
202
195
185
171
153
138
124
112
111
111
123
138
155
179
200
226
248
267
283
294
298
297
291
275
258
234
207
182
152
128
107
89
70
60
44
33
25
7
-9
-35
-66
-97
-134
-174
-211
-253
-288
-315
-335
-342
-338
-327
-302
-269
-234
-191
-151
-123
-95
-91
-92
-103
-138
-169
-219
-267
-304
-339
-350
-352
-335
-304
-257
-198
-133
-65
-10
42
78
101
112
105
85
49
12
-32
-63
-96
-118
-122
-122
-91
-52
3
71
132
205
267
322
368
386
389
375
343
303
254
197
148
101
69
57
49
66
87
122
170
209
255
288
309
320
314
295
257
207
146
80
12
-53
-114
-165
-203
-226
-236
-230
-209
-182
-141
-104
-60
-20
10
33
38
34
15
-13
-51
-97
-146
-194
-232
-263
-281
-294
-293
-280
-259
-226
-196
-167
-137
-113
-90
-73
-67
-61
-63
-62
-59
-62
-59
-60
-57
-51
-47
-38
-37
-35
-34
-31
-29
-25
-20
-14
2
22
48
79
109
145
179
211
240
260
272
276
270
255
236
208
182
155
132
117
105
103
106
113
121
131
138
144
146
141
132
121
108
96
84
72
60
51
40
34
24
13
0
-19
-34
-53
-73
-94
-118
-137
-158
-176
-189
-205
-214
-221
-226
-221
-221
-214
-206
-202
-192
-186
-181
-173
-171
-165
-159
-158
-150
-145
-139
-129
-124
-114
-104
-94
-76
-62
-45
-28
-12
7
24
40
51
60
68
75
78
81
80
78
80
75
79
77
75
79
77
85
92
97
109
120
134
152
166
183
198
207
220
225
226
227
217
209
194
176
157
136
116
95
78
67
55
49
47
43
41
40
36
32
20
5
-11
-35
-54
-80
-106
-128
-152
-169
-182
-194
-200
-206
-210
-209
-208
-209
-206
-208
-209
-207
-208
-202
-200
-198
-191
-188
-179
-168
-157
-144
-130
-118
-101
-84
-71
-53
-43
-33
-22
-16
-2
5
15
29
40
60
81
101
124
143
160
179
189
200
203
200
200
191
186
182
172
170
167
167
174
180
186
196
204
215
226
231
238
239
235
233
224
213
196
175
151
126
98
68
40
10
-17
-44
-69
-88
-110
-128
-144
-158
-171
-181
-192
-201
-209
-217
-224
-233
-243
-250
-260
-269
-275
-283
-285
-286
-284
-280
-272
-264
-252
-237
-225
-206
-189
-172
-149
-131
-108
-86
-69
-47
-31
-19
-6
2
7
12
12
16
18
22
33
40
52
70
86
107
129
147
166
183
195
207
213
216
218
213
210
206
199
198
194
194
197
202
210
219
228
236
244
247
247
242
231
217
196
173
148
121
96
71
49
30
15
2
-8
-16
-23
-30
-38
-48
-59
-75
-92
-113
-137
-162
-188
-215
-240
-264
-284
-299
-310
-315
-313
-308
-295
-279
-261
-239
-222
-203
-188
-176
-165
-162
-156
-155
-151
-145
-138
-125
-108
-88
-63
-35
-6
25
58
86
114
135
152
164
167
167
159
147
133
115
99
84
72
66
65
68
81
98
118
144
167
193
218
235
250
257
258
254
243
227
208
182
157
132
106
82
62
44
32
23
16
15
11
11
9
5
0
-9
-21
-33
-49
-65
-81
-98
-116
-133
-150
-166
-180
-194
-204
-213
-220
-223
-226
-222
-219
-216
-208
-203
-194
-186
-178
-168
-160
-151
-141
-132
-122
-113
-104
-96
-87
-79
-69
-60
-50
-37
-25
-11
4
20
36
52
68
84
98
112
124
134
146
154
162
171
176
185
190
194
199
200
200
195
189
182
170
161
148
135
124
114
106
99
96
92
92
90
89
89
86
83
78
72
66
57
48
38
27
17
5
-5
-16
-28
-39
-50
-62
-74
-84
-96
-106
-116
-126
-135
-145
-153
-161
-170
-178
-187
-194
-201
-209
-214
-218
-221
-222
-224
-221
-217
-210
-201
-189
-174
-159
-139
-118
-97
-73
-50
-26
-5
18
39
57
74
89
102
113
121
130
135
141
145
148
151
155
158
162
166
170
173
177
177
177
177
173
169
161
152
141
127
115
100
86
76
63
53
46
40
37
34
32
32
31
27
25
21
15
10
2
-6
-15
-25
-33
-44
-53
-63
-73
-82
-92
-100
-109
-115
-124
-131
-138
-147
-154
-162
-170
-179
-190
-197
-206
-212
-217
-220
-220
-216
-210
-200
-188
-172
-155
-137
-118
-97
-77
-55
-33
-12
11
33
55
78
100
123
143
163
179
194
206
217
224
228
230
231
229
226
221
217
212
205
200
193
185
179
171
163
154
145
136
124
114
102
92
80
69
57
47
37
28
18
8
-1
-10
-20
-28
-38
-47
-57
-68
-78
-88
-99
-111
-122
-135
-146
-159
-170
-182
-191
-199
-205
-208
-211
-211
-208
-206
-201
-196
-191
-186
-182
-176
-174
-170
-166
-162
-157
-151
-145
-136
-124
-112
-98
-82
-65
-48
-29
-10
9
28
47
65
82
99
114
128
142
154
166
177
186
195
201
208
214
218
222
224
227
227
227
225
223
221
216
211
204
195
186
176
164
152
140
126
112
99
85
70
57
43
29
16
3
-10
-24
-39
-55
-71
-87
-106
-123
-140
-158
-175
-190
-204
-215
-225
-232
-236
-237
-237
-234
-230
-225
-216
-210
-203
-196
-188
-181
-175
-167
-160
-152
-144
-134
-123
-112
-100
-87
-72
-57
-42
-26
-11
4
19
32
46
59
70
80
91
103
112
123
134
145
158
169
181
192
203
210
218
222
225
225
224
221
215
209
201
193
185
175
166
156
146
134
124
112
99
86
72
57
41
25
9
-7
-22
-38
-52
-64
-77
-88
-98
-105
-114
-120
-128
-135
-143
-150
-157
-164
-171
-177
-183
-187
-189
-190
-190
-188
-183
-178
-172
-164
-158
-149
-141
-133
-126
-119
-112
-105
-97
-90
-83
-72
-63
-52
-42
-30
-17
-3
10
23
37
51
64
77
89
101
112
122
132
139
148
154
159
165
168
170
172
174
174
172
172
169
166
163
157
153
145
138
129
119
109
98
86
74
61
49
36
25
12
1
-10
-21
-31
-41
-49
-58
-67
-74
-83
-92
-98
-105
-112
-117
-123
-127
-132
-134
-135
-135
-134
-131
-127
-123
-117
-112
-104
-97
-90
-82
-73
-64
-56
-48
-39
-31
-23
-18
-10
-6
-1
5
9
13
17
19
21
24
26
28
30
32
33
36
37
40
42
47
49
53
57
60
64
67
69
72
74
76
76
77
77
77
77
75
74
72
68
66
61
57
52
45
38
31
23
14
5
-3
-12
-21
-31
-38
-47
-57
-65
-72
-79
-86
-91
-95
-99
-102
-102
-102
-99
-97
-92
-88
-82
-75
-69
-62
-56
-49
-44
-37
-32
-26
-21
-15
-10
-4
2
7
14
20
27
34
40
46
53
59
64
70
75
79
83
85
88
88
89
89
87
86
83
80
76
73
70
67
62
59
55
53
49
46
42
39
35
31
26
21
15
9
2
-6
-14
-24
-33
-41
-51
-59
-68
-77
-84
-91
-98
-104
-109
-114
-117
-119
-121
-122
-120
-119
-117
-114
-109
-105
-99
-93
-87
-80
-73
-65
-58
-50
-42
-36
-27
-19
-11
-3
5
12
21
27
34
42
49
56
62
68
75
79
84
90
95
99
103
107
111
114
117
119
122
123
124
124
123
120
117
113
108
102
94
88
79
70
61
52
42
34
24
14
5
-3
-11
-20
-28
-37
-44
-51
-57
-64
-69
-76
-81
-84
-88
-92
-95
-96
-99
-101
-102
-104
-105
-106
-107
-107
-106
-106
-105
-103
-102
-98
-94
-89
-84
-79
-72
-65
-58
-50
-43
-35
-29
-20
-14
-7
1
8
15
22
31
36
43
50
57
63
70
76
81
87
93
97
101
104
107
109
111
113
114
115
115
114
113
111
108
105
101
96
90
84
77
69
61
52
43
34
24
15
6
-4
-13
-22
-30
-39
-46
-54
-62
-68
-75
-80
-86
-90
-95
-99
-102
-105
-107
-109
-110
-109
-110
-108
-107
-104
-100
-97
-93
-87
-80
-74
-68
-62
-56
-49
-43
-37
-31
-27
-21
-15
-10
-5
1
6
11
16
23
27
32
38
43
47
51
55
59
63
66
69
71
74
76
79
81
84
86
87
90
91
93
93
93
93
92
91
89
87
83
79
74
69
63
57
51
44
37
30
23
16
10
3
-5
-10
-18
-23
-31
-36
-43
-49
-55
-61
-68
-73
-79
-85
-89
-94
-98
-101
-105
-107
-109
-110
-111
-111
-110
-108
-107
-104
-100
-97
-91
-86
-80
-74
-68
-61
-54
-46
-38
-30
-22
-14
-8
0
7
14
20
26
32
36
41
46
49
53
56
59
61
63
65
67
69
70
71
72
73
73
74
73
74
74
74
74
73
73
73
71
71
69
68
67
66
63
61
58
56
53
49
46
42
38
35
30
25
20
14
8
2
-3
-9
-16
-23
-27
-34
-41
-47
-52
-58
-63
-68
-72
-76
-80
-83
-84
-86
-88
-88
-88
-88
-87
-86
-83
-82
-79
-77
-73
-70
-66
-62
-59
-53
-49
-45
-39
-35
-30
-24
-18
-12
-7
-2
4
8
13
17
21
26
28
31
35
37
39
41
42
43
44
46
47
47
49
49
50
52
52
53
55
54
55
56
57
56
57
56
56
56
53
53
51
49
46
43
40
37
34
30
25
21
18
13
10
5
2
-2
-6
-9
-13
-17
-20
-24
-28
-31
-35
-38
-42
-44
-47
-50
-51
-54
-56
-57
-57
-58
-59
-59
-59
-59
-57
-56
-54
-53
-51
-49
-46
-44
-40
-37
-33
-29
-25
-22
-18
-13
-9
-5
-2
3
7
10
14
18
21
24
28
31
33
36
38
40
42
43
45
45
45
45
45
45
45
45
44
44
42
41
39
38
37
35
34
32
30
29
26
25
24
21
19
17
14
11
9
7
3
1
-1
-5
-8
-11
-13
-17
-19
-22
-25
-28
-31
-34
-35
-38
-41
-41
-43
-45
-46
-48
-49
-49
-48
-49
-49
-48
-46
-46
-44
-41
-40
-38
-35
-33
-30
-28
-24
-22
-18
-14
-12
-10
-6
-4
0
4
6
10
12
15
19
22
24
26
30
32
34
37
39
40
42
44
45
46
47
47
48
47
47
48
47
46
45
43
42
41
39
37
35
33
31
28
26
23
21
18
15
13
10
7
4
1
-2
-4
-8
-10
-14
-17
-19
-21
-25
-27
-28
-30
-32
-34
-35
-37
-37
-37
-38
-38
-39
-38
-37
-37
-37
-35
-35
-33
-32
-31
-29
-28
-26
-24
-23
-21
-19
-18
-16
-14
-12
-11
-9
-7
-5
-5
-2
-1
0
2
3
5
6
7
9
9
12
12
13
15
15
17
18
19
21
21
22
23
22
24
24
25
25
26
26
26
26
25
24
23
23
22
21
21
19
18
17
16
14
13
11
10
8
7
5
4
2
0
-2
-3
-5
-6
-8
-9
-10
-11
-13
-14
-14
-16
-16
-17
-17
-17
-17
-18
-18
-18
-17
-17
-17
-17
-16
-16
-15
-14
-14
-12
-12
-11
-11
-9
-9
-8
-7
-6
-4
-3
-3
-2
-1
1
1
1
2
4
4
5
5
6
7
7
8
7
8
8
8
8
7
8
8
8
8
7
8
8
8
7
7
7
7
7
7
7
6
6
6
5
6
4
4
4
3
2
2
2
1
0
1
-1
-2
-2
-3
-3
-4
-4
-5
-5
-5
-6
-6
-7
-7
-7
-8
-7
-7
-7
-7
-8
-8
-7
-7
-7
-6
-7
-7
-6
-6
-5
-5
-4
-4
-3
-3
-2
-2
-2
-2
-1
-1
0
0
1
1
2
2
2
2
3
3
4
3
4
4
4
4
5
5
5
5
5
5
6
5
6
6
5
6
6
6
6
5
4
5
5
4
4
4
4
3
3
3
2
2
2
1
0
0
0
0
-2
-2
-2
-3
-4
-4
-4
-4
-5
-5
-6
-5
-6
-5
-6
-6
-7
-6
-5
-6
-6
-6
-5
-5
-5
-5
-5
-5
-5
-4
-4
-3
-3
-2
-3
-2
-1
0
-1
1
0
0
0
1
2
3
3
4
4
4
5
4
5
6
6
5
6
7
6
7
6
7
7
6
7
6
6
6
5
5
5
5
5
4
4
3
3
3
2
1
1
0
0
-1
-1
-2
-2
-2
-2
-3
-3
-4
-5
-5
-4
-5
-5
-7
-5
-6
-7
-7
-6
-7
-6
-6
-6
-6
-6
-5
-5
-5
-4
-3
-4
-4
-3
-2
-2
-2
-1
-2
-2
-1
-1
0
0
0
0
1
2
2
2
2
3
2
3
3
2
3
3
3
3
3
4
4
4
3
4
4
3
3
4
4
4
4
3
3
3
3
4
4
3
3
3
3
3
2
3
2
1
1
2
1
1
0
0
-1
-1
-1
-1
-2
-2
-3
-3
-4
-3
-3
-3
-4
-4
-4
-4
-5
-4
-5
-4
-4
-5
-4
-4
-4
-4
-3
-4
-4
-3
-3
-3
-2
-3
-2
-1
-1
-1
-1
0
0
0
1
1
1
2
2
2
3
3
3
4
4
3
3
4
3
4
4
3
4
3
4
4
4
3
4
3
3
3
2
2
2
2
1
2
1
2
2
1
1
1
0
-1
0
0
-1
-2
-1
-1
-1
-1
-3
-2
-2
-2
-2
-2
-3
-4
-3
-3
-3
-4
-3
-3
-3
-3
-3
-4
-3
-3
-3
-2
-3
-3
-3
-2
-2
-2
-3
-2
-1
-3
-1
-1
-1
-1
-1
0
0
0
0
0
1
1
1
1
1
1
0
1
2
1
1
2
2
1
3
2
2
2
3
3
2
3
3
2
2
3
3
2
3
3
2
3
2
1
3
2
2
2
1
2
1
1
1
1
1
1
1
0
0
-1
0
0
-1
-2
-1
-1
-2
-2
-2
-2
-2
-2
-3
-3
-3
-3
-3
-3
-4
-3
-4
-4
-3
-3
-2
-2
-3
-2
-3
-2
-2
-1
-2
-1
-1
-1
-1
-1
1
-1
0
0
1
2
1
1
2
1
2
3
3
2
3
3
3
3
4
3
3
3
3
3
3
3
2
2
2
3
2
3
2
2
2
1
2
1
1
1
0
0
0
0
-1
-1
0
-1
-2
-1
-2
-2
-2
-2
-1
-2
-2
-2
-2
-3
-2
-3
-2
-3
-3
-2
-3
-2
-3
-3
-2
-2
-2
-2
-2
-2
-2
-3
-2
-2
-2
-2
-2
-1
0
0
0
-1
0
1
0
1
1
1
1
1
1
1
1
1
2
2
1
2
2
2
3
3
3
3
2
2
3
3
2
2
1
3
2
2
1
2
1
2
1
1
1
1
1
1
1
1
1
1
1
0
0
0
0
1
1
0
0
1
-1
0
-1
-1
0
-1
0
-1
-1
0
-1
-1
-2
-1
-2
-1
-2
-1
-1
-2
-2
-1
-1
-2
-1
-2
-1
-1
-2
-2
-1
-1
-1
-1
-2
-3
-1
-2
-1
-2
-1
-2
-2
-1
-1
-2
0
-1
0
-1
-1
-1
0
0
0
0
0
0
0
0
1
1
0
1
0
1
1
1
1
0
0
1
2
1
1
1
2
1
3
0
1
1
1
1
1
1
2
2
2
2
1
2
1
2
2
1
2
1
1
0
0
0
0
0
0
0
1
0
0
0
0
0
0
0
-1
-1
0
0
-1
0
0
0
0
-1
-1
-1
-1
-1
-1
-1
-1
-1
0
-1
-1
-1
-1
-1
-1
-1
-1
0
-1
-1
0
-1
-1
-1
0
-1
-1
0
-1
-1
-1
0
0
-1
0
0
0
0
0
0
1
1
0
0
1
1
1
0
0
1
0
0
1
1
1
1
1
0
2
1
1
1
1
1
1
1
1
1
1
0
1
1
1
0
1
1
0
1
0
0
0
0
0
1
0
0
0
1
-1
0
-1
-1
-1
-1
-1
-1
0
0
0
-1
-1
0
-1
0
-1
-1
-1
-1
-1
-1
-1
-1
-1
-1
-1
-1
-2
-1
0
-1
-1
0
0
0
-1
-1
-1
0
0
-1
-1
0
0
0
0
-1
0
1
0
1
0
0
0
0
0
0
0
1
-1
0
1
0
0
1
1
1
1
-1
1
1
1
1
1
1
1
0
0
2
1
1
0
0
1
0
1
1
0
1
0
1
0
0
0
0
0
1
0
1
0
0
0
1
0
0
0
-1
-1
-1
0
0
0
0
0
0
-1
0
0
-1
-1
-1
-1
0
-1
-1
0
0
-1
0
0
0
1
0
0
0
0
0
0
-1
0
1
0
0
0
0
0
0
0
0
0
0
0
0
0
0
1
0
0
0
0
0
0
0
-1
0
0
1
1
0
0
1
-1
0
0
0
0
0
0
1
0
0
-1
0
0
0
0
-1
0
1
0
0
0
0
0
-1
0
0
0
0
0
0
0
1
0
0
0
0
0
-1
0
0
0
0
0
1
0
0
0
0
0
0
0
1
0
-1
0
-1
1
0
0
0
0
-1
0
-1
0
0
0
0
-1
1
0
0
0
1
0
-1
0
1
1
0
-1
0
0
1
0
0
0
0
0
-1
0
0
0
0
1
0
0
0
-1
0
0
0
0
0
1
1
0
0
0
-1
-1
0
0
0
1
0
0
0
0
0
0
1
0
0
-1
0
0
1
0
0
0
0
0
1
0
0
-1
0
0
0
0
0
0
0
0
1
0
0
0
0
0
0
0
0
1
0
0
0
0
0
0
-1
0
0
0
0
1
0
0
1
0
0
0
1
-1
0
-1
0
0
0
1
0
0
0
0
0
0
1
0
0
0
0
0
0
0
0
0
-1
0
0
0
1
0
0
0
1
0
0
0
0
0
0
0
0
0
0
1
0
1
0
-1
0
0
-1
0
0
0
-1
0
0
0
-1
0
-1
1
-1
1
0
0
0
0
0
1
0
1
0
0
0
0
0
0
0
0
0
0
0
1
0
0
-1
0
0
0
0
0
0
0
0
0
0
-1
0
0
1
0
0
-1
0
0
0
0
0
0
0
0
-1
0
1
0
0
0
0
1
0
0
0
0
0
-1
0
0
-1
0
0
0
0
0
0
0
0
0
0
0
1
0
1
1
0
0
-1
1
0
0
0
0
0
0
0
0
0
0
0
0
1
0
0
0
0
1
0
0
1
0
0
0
0
1
0
0
-1
0
0
1
1
0
0
-1
0
-1
-1
0
0
0
1
1
0
-1
0
1
0
0
0
0
1
0
1
-1
0
1
0
0
0
-1
0
0
0
1
0
-1
0
-1
-1
0
0
1
0
0
0
1
1
0
0
1
1
-1
0
-1
0
0
0
1
0
0
0
0
-1
0
0
-1
0
0
-1
-1
1
0
0
0
0
-1
0
1
0
0
0
-1
1
0
1
0
1
-1
0
0
0
-1
0
0
0
0
0
0
0
0
0
0
0
0
0
0
0
0
0
1
0
0
0
0
1
0
0
0
0
0
0
0
0
-1
