0
0
0
0
0
0
0
0
1
0
0
0
0
0
0
0
0
0
0
0
0
0
-1
-1
0
0
0
0
0
0
-1
0
0
-1
0
0
0
0
0
0
0
0
0
0
0
0
0
0
0
0
0
-1
0
0
1
0
0
-1
1
0
0
0
0
0
0
0
0
0
0
-1
1
0
0
-1
0
0
0
1
0
-1
0
0
0
0
0
0
0
1
-1
0
-1
0
-1
-1
0
0
0
1
0
0
0
0
0
1
0
-1
-1
0
0
0
0
0
0
0
-1
0
-1
0
1
0
0
0
0
1
0
0
0
0
0
-1
-1
0
0
0
0
-1
0
1
0
1
0
0
0
0
-1
0
0
0
-1
0
0
0
0
0
0
0
0
-1
0
0
0
1
0
1
0
-1
0
1
0
0
-1
0
0
0
0
0
0
1
0
1
0
0
0
0
0
1
0
1
0
0
0
1
0
0
0
0
0
-1
0
0
0
0
0
0
0
0
0
-1
0
0
0
0
0
0
0
0
0
0
1
0
1
0
0
1
0
0
1
0
0
1
0
0
1
0
0
0
0
0
0
0
0
0
0
0
1
0
0
-1
0
0
-1
0
-1
0
0
1
1
0
0
0
-1
0
0
0
0
0
0
1
0
0
-1
0
0
0
0
-1
0
1
0
0
0
0
0
-1
0
0
0
0
0
0
0
1
0
0
0
0
0
-1
0
0
0
0
0
1
0
0
0
0
0
0
0
1
0
-1
0
-1
1
0
0
0
0
-1
0
-1
0
0
0
0
-1
1
0
0
0
1
0
-1
0
1
1
0
-1
0
0
0
0
0
0
0
0
-1
0
0
0
0
1
-1
0
0
-1
0
0
0
0
0
1
1
0
0
0
-1
-1
0
0
0
1
0
0
0
0
0
0
1
0
0
-1
0
0
1
0
0
0
0
0
1
0
0
-1
0
0
0
0
0
0
0
0
1
0
0
0
0
0
0
0
0
1
0
0
0
0
0
0
-1
0
0
0
0
1
0
0
1
0
0
0
1
-1
0
-1
0
0
0
1
0
0
0
0
0
0
1
0
0
0
0
0
0
0
0
0
-1
0
0
0
1
0
0
0
1
0
0
0
0
0
0
0
0
0
0
1
0
1
0
-1
0
0
-1
0
0
0
-1
0
0
0
-1
0
-1
1
-1
1
0
0
0
0
0
1
0
1
0
0
0
0
0
0
0
0
0
0
0
1
0
0
-1
0
0
0
0
0
0
0
0
0
0
-1
0
0
1
0
0
-1
0
0
0
0
0
0
0
0
-1
0
1
0
0
0
0
1
0
0
0
0
0
-1
0
0
-1
0
0
0
0
0
0
0
0
0
0
0
1
1
1
1
0
0
-1
1
0
0
0
0
0
0
0
0
0
0
0
0
1
0
0
1
0
1
0
0
1
0
0
0
0
1
0
0
-1
0
0
1
1
0
0
-1
0
-1
-1
0
0
0
1
1
0
-1
0
1
0
0
0
0
1
0
1
-1
0
1
0
0
0
-1
0
0
0
1
0
-1
0
-1
-1
0
0
1
0
0
0
1
1
0
0
1
1
-1
0
-1
0
0
0
1
0
0
0
0
-1
0
0
-1
0
0
-1
-1
1
0
0
0
0
-1
0
1
0
0
0
-1
1
0
1
0
1
-1
0
0
0
-1
0
0
0
0
0
0
0
0
0
0
0
0
0
0
0
0
0
1
0
0
0
0
1
0
0
0
0
0
0
0
0
0
0
0
0
0
0
0
0
0
0
0
0
1
0
0
0
0
-1
0
0
1
0
0
0
0
0
-1
0
0
0
0
0
0
-1
0
0
-1
0
0
0
-1
0
0
0
0
-1
0
0
0
0
0
0
0
0
0
0
0
0
0
0
0
-1
0
0
0
-1
0
-1
0
-1
0
0
0
0
1
0
0
0
0
-1
1
0
0
0
0
0
1
0
0
0
0
0
0
1
0
0
0
0
-1
0
-1
0
0
0
0
0
0
0
0
0
0
0
0
0
0
0
0
0
1
0
1
1
0
1
0
0
0
0
0
1
0
1
0
0
0
1
0
0
-1
0
0
1
0
-1
0
0
0
0
-1
-1
1
0
0
1
0
0
1
0
0
0
-1
1
0
0
0
0
0
0
-1
0
0
0
0
0
0
0
0
0
0
0
0
0
0
0
0
0
0
0
0
-1
0
-1
0
-1
0
0
0
0
0
-1
0
-1
1
0
0
0
0
0
-1
0
-1
0
-1
0
0
0
0
-1
0
-1
0
1
0
0
0
0
0
0
1
0
0
0
0
0
0
-1
0
0
0
0
0
0
0
0
1
0
1
1
0
0
0
0
0
0
0
0
0
0
1
0
1
0
0
0
0
0
0
0
1
0
0
0
1
0
1
1
0
0
0
0
-1
0
0
1
0
0
0
0
0
0
0
0
0
0
0
0
0
-1
0
0
0
0
0
0
0
0
0
-1
0
1
0
0
0
0
0
0
0
-1
1
0
0
0
1
0
1
0
0
0
0
0
0
0
-1
0
1
0
0
0
1
0
0
0
0
-1
1
1
0
0
1
0
0
0
0
0
0
0
0
-1
0
0
0
0
1
0
0
0
0
0
0
-1
-1
1
0
0
1
0
0
-1
0
-1
1
0
1
0
0
0
0
1
-1
0
0
0
0
0
0
0
0
0
0
0
0
0
0
-1
0
0
0
0
1
0
0
0
0
0
0
0
0
-1
0
0
0
-1
0
0
1
0
-1
0
0
0
0
1
1
1
0
0
-1
0
0
-1
0
0
0
0
-1
0
0
0
0
0
0
1
0
0
0
0
0
1
0
0
0
0
0
0
0
-1
1
-1
0
-1
0
0
0
0
-1
0
0
0
0
0
0
0
0
0
1
0
0
0
0
0
0
0
0
0
0
0
0
0
0
-1
0
0
0
1
0
0
0
0
-1
0
-1
0
1
0
0
1
0
0
0
0
0
0
0
0
0
0
1
-1
0
-1
0
0
-1
0
0
0
0
-1
0
0
0
0
0
1
0
0
0
0
0
0
0
-1
0
0
0
0
0
0
-1
0
0
0
0
0
0
-1
0
-1
0
0
0
0
1
0
0
0
0
0
0
0
0
0
0
0
0
1
0
0
0
0
1
0
-1
0
1
0
0
0
0
0
0
0
-1
-1
0
0
0
1
0
-1
0
0
-1
0
0
0
-1
0
0
1
0
0
0
0
0
0
1
0
0
0
0
1
0
0
0
1
1
0
0
0
0
0
0
1
0
1
0
0
0
1
0
0
0
-1
1
1
0
-1
0
0
0
0
0
0
0
0
0
0
0
1
0
1
0
0
0
0
0
-1
0
1
0
0
-1
0
-1
0
0
-1
0
0
0
0
0
0
0
0
0
0
0
0
0
0
0
0
0
0
0
0
0
0
0
0
0
0
0
0
0
0
0
0
0
-1
0
0
0
0
0
0
0
-1
0
0
0
0
0
0
0
0
0
0
0
0
0
0
0
0
0
0
0
0
0
0
1
-1
0
0
0
0
0
0
0
1
0
0
0
0
0
-1
0
0
0
0
0
0
0
0
0
0
-1
-1
-1
-1
0
-1
0
0
0
0
0
0
-1
-1
0
-1
0
0
0
-1
0
0
0
0
0
0
0
1
0
0
0
0
0
0
0
0
0
0
1
1
0
0
0
0
0
0
0
0
0
0
0
1
0
0
0
0
0
0
1
0
-1
0
0
0
-1
0
0
1
-1
-1
2
0
0
0
1
0
0
0
1
0
0
0
1
0
2
0
-1
0
-1
2
-2
1
0
0
1
-1
1
2
1
-3
3
-1
2
-1
-1
2
0
0
-2
0
1
2
-3
0
3
1
-5
3
1
-1
2
-2
-1
1
0
-1
3
-3
2
-1
0
1
-2
3
-1
-2
4
1
-8
6
-1
-1
0
-3
3
0
0
-3
4
-1
-1
0
-1
4
-5
3
-1
1
2
-6
7
-3
3
-5
6
-3
-1
3
-5
2
2
-2
-2
4
0
0
-2
0
0
5
-7
1
5
1
-5
3
1
-1
3
-6
5
-2
1
0
1
-4
1
7
-10
7
-7
12
-4
-10
12
-5
4
-6
-1
7
-1
-7
5
1
-2
1
-4
7
-4
-2
9
-8
5
-2
0
6
-9
8
-3
-3
7
-7
5
-3
-3
10
-7
-2
5
-7
10
-6
-7
8
6
-11
5
-2
2
4
-14
11
0
0
-8
10
-8
7
-7
2
1
0
0
-8
14
-9
2
1
-3
4
8
-18
3
17
-15
4
-3
-1
19
-26
4
16
-9
-6
8
-8
10
-2
-16
22
-10
2
-11
19
-13
-6
17
-14
4
3
-2
-5
10
-11
4
8
-10
-2
9
-5
5
-16
21
-9
-4
9
-19
31
-27
11
-4
6
1
-21
29
-11
-12
15
-2
-8
16
-24
25
-13
0
0
0
11
-29
40
-32
10
6
-9
13
-25
25
-4
-13
13
-7
3
1
-3
2
-7
20
-20
-4
33
-43
36
-13
-21
44
-36
8
1
10
-13
0
11
-17
18
-15
12
-11
-3
30
-39
19
8
-18
15
-2
-21
33
-21
-3
25
-56
83
-59
-1
32
-8
-20
12
12
-36
49
-49
30
-3
-18
25
-21
9
12
-35
38
-20
-3
16
-18
22
-21
14
-4
2
-10
14
6
-40
52
-34
6
17
-30
35
-34
27
-8
-18
19
15
-38
17
23
-42
42
-42
30
5
-34
33
-10
-7
2
11
-11
8
-15
23
-12
-17
36
-31
12
2
5
-27
47
-53
28
21
-61
63
-34
11
-8
22
-35
17
36
-67
22
54
-72
14
47
-43
-8
38
-21
-11
38
-61
64
-29
-11
21
-17
18
-19
20
-25
14
5
4
-32
21
29
-50
10
37
-41
8
20
-20
5
0
-3
31
-51
11
62
-85
33
16
-7
-28
32
13
-64
55
25
-95
76
7
-61
60
-40
23
6
-33
28
13
-44
29
14
-40
22
27
-65
51
4
-41
25
2
4
-21
24
-21
19
-1
-29
40
-24
6
-16
44
-63
44
21
-83
87
-49
26
-33
31
3
-55
101
-124
100
-35
-26
46
-31
23
-41
75
-106
130
-138
122
-67
-14
74
-84
72
-76
82
-60
39
-60
79
-32
-65
125
-112
84
-96
113
-63
-44
110
-79
4
22
30
-117
150
-86
-37
111
-77
-23
82
-62
21
-15
9
25
-49
47
-60
86
-64
-21
96
-98
43
18
-63
76
-38
-36
63
9
-100
101
-26
-39
62
-65
31
56
-122
86
8
-40
-3
22
33
-94
88
-28
-17
8
19
7
-83
117
-60
-13
7
66
-91
-1
131
-158
70
24
-56
63
-84
104
-109
87
-25
-42
45
11
-52
34
4
-16
-3
28
-48
64
-65
16
79
-159
155
-78
-4
35
-11
-41
79
-86
58
6
-91
129
-85
21
-19
38
6
-96
142
-126
106
-84
13
114
-224
234
-136
4
69
-39
-38
58
-2
-43
42
-64
121
-115
39
-27
100
-100
-50
207
-213
84
56
-112
88
-44
28
-27
28
-45
56
1
-113
155
-54
-99
162
-86
-50
128
-90
-5
31
52
-131
95
11
-65
51
-43
50
-15
-57
85
-23
-81
127
-60
-56
90
-5
-84
38
121
-239
201
-43
-104
156
-121
67
-49
88
-140
134
-81
67
-90
40
87
-128
29
17
125
-261
160
71
-142
19
66
-1
-76
46
25
-19
-60
125
-119
64
-19
14
-26
4
58
-112
101
-43
60
-238
426
-355
14
276
-258
51
33
103
-261
248
-112
37
-63
39
116
-260
208
-14
-66
-78
267
-264
85
36
31
-145
100
97
-254
258
-157
46
17
-19
-20
41
-22
-18
50
-60
38
32
-113
118
-22
-82
68
35
-59
-72
211
-147
-82
198
-70
-98
68
85
-139
11
143
-162
53
54
-33
-107
241
-230
60
107
-106
3
-19
172
-244
124
20
-22
-51
21
120
-142
-70
290
-247
35
65
-23
16
-100
157
-115
51
-21
-39
161
-207
28
221
-240
16
187
-178
47
4
52
-62
-33
92
-18
-83
82
-13
-55
107
-132
104
-10
-163
306
-250
-20
289
-310
136
5
25
-161
224
-154
17
42
-14
29
-162
313
-272
41
181
-201
25
140
-109
-112
267
-217
82
-45
75
-47
-72
156
-142
93
-105
188
-265
227
-51
-139
198
-84
-25
-25
178
-225
58
110
-84
-14
4
69
-19
-86
62
101
-235
178
3
-126
105
-67
159
-322
348
-154
-103
221
-161
57
-35
60
-6
-123
117
66
-189
82
118
-108
-64
147
-69
-30
31
4
12
-70
74
4
-51
-5
61
-24
-102
218
-153
-76
238
-123
-108
116
110
-238
130
-2
-6
-2
-86
208
-189
37
107
-90
-60
160
-110
-40
142
-124
61
-18
13
18
-66
72
-79
93
-110
105
-59
18
19
-44
68
-84
32
23
7
-65
86
-104
134
-137
93
-17
-97
219
-257
145
23
-56
-32
38
120
-256
182
5
-114
38
90
-93
8
24
-9
69
-213
277
-187
7
139
-187
158
-56
-42
12
98
-108
-26
103
8
-116
76
58
-107
-2
141
-198
126
1
-73
132
-185
154
-48
2
-66
102
-20
-145
295
-300
182
-35
-98
176
-163
44
89
-87
-7
76
-91
29
19
1
-66
65
22
-22
-76
92
53
-204
204
-132
93
-86
60
47
-169
197
-114
47
-42
62
-72
61
-87
92
-9
-107
176
-143
38
13
-27
51
-83
65
28
-88
57
38
-89
10
72
-35
-3
-35
31
46
-86
2
118
-98
-50
155
-119
35
-46
111
-111
-6
229
-353
253
-21
-166
182
-123
75
-96
133
-71
-20
37
32
-60
-13
112
-129
77
-90
166
-171
62
51
-110
145
-203
251
-231
125
35
-123
58
23
-10
-41
55
-8
-41
19
68
-157
225
-237
169
-63
-63
167
-227
220
-149
87
-65
69
-39
-64
155
-122
51
-91
186
-207
90
89
-149
58
31
-49
47
-66
70
14
-158
225
-165
82
-53
65
-39
-113
325
-394
247
-4
-130
92
-27
61
-165
220
-168
69
-9
-76
219
-314
247
-10
-243
360
-274
75
37
-10
-25
-3
33
50
-143
94
91
-280
342
-229
47
-23
161
-212
3
244
-270
144
-69
93
-111
32
132
-286
354
-307
111
141
-339
390
-220
-103
368
-358
94
162
-167
-24
134
-51
-89
154
-146
134
-149
140
-87
-21
167
-281
317
-249
124
-17
-74
139
-147
119
-130
127
-70
-33
184
-231
161
-106
76
7
-126
196
-175
142
-84
14
-25
-5
132
-199
131
-28
-9
-3
25
13
-73
92
-111
102
-54
10
-26
134
-225
221
-98
-28
92
-114
101
-62
49
-54
45
1
-56
87
-65
43
-36
47
-107
93
-20
-69
152
-128
-6
177
-244
153
48
-269
317
-233
52
130
-179
111
-2
-49
39
-42
26
38
-90
-24
207
-180
-49
258
-238
16
144
-105
-7
29
44
-44
-51
127
-130
104
-81
25
27
-17
40
-125
158
-92
16
34
-85
94
-72
60
-77
67
9
-112
171
-101
-46
148
-87
-166
344
-264
45
125
-169
161
-128
66
26
-96
56
14
1
-103
116
23
-172
163
-24
-38
4
14
-8
121
-199
28
261
-376
154
138
-278
187
88
-233
135
28
-78
-53
143
-47
-115
165
-85
70
-134
150
-38
-127
172
-188
210
-87
-58
70
-21
0
-58
117
-40
-72
74
22
-118
114
-88
81
-66
64
-50
-52
225
-311
290
-180
70
22
-75
59
-72
111
-157
239
-231
100
88
-182
149
-36
-59
26
69
-143
163
-173
114
2
-120
281
-339
139
124
-191
145
-117
-19
167
-195
114
-76
48
78
-197
264
-204
100
21
-105
160
-156
115
-113
56
37
-122
190
-231
205
-57
-116
202
-125
-83
217
-99
-142
220
-109
-43
40
64
-157
86
116
-198
71
95
-89
-39
186
-239
198
-125
-34
190
-190
30
62
-29
-88
243
-200
-29
177
-125
-49
184
-241
102
67
-158
105
-3
-48
43
12
-71
154
-220
177
-38
-100
165
-67
-18
23
7
68
-15
-167
80
100
-212
154
-47
-9
14
133
-248
218
-37
-83
129
-206
231
-248
318
-260
54
172
-251
161
-91
29
42
-7
-12
-81
108
18
-126
111
-68
77
-90
75
-30
-104
135
-40
-85
85
65
-47
-119
205
-86
-50
145
-158
107
-99
99
-20
-122
145
-93
80
38
-115
168
-253
176
-5
-185
138
168
-405
307
127
-364
286
-144
71
-24
-91
100
62
-157
135
-181
242
-129
-62
160
-183
162
-236
276
-49
-175
261
-175
107
-202
173
18
-279
239
-68
-29
36
-2
8
-2
23
31
-152
138
1
-181
149
56
-134
19
247
-202
-57
60
74
-224
145
138
-255
118
27
21
-148
118
6
12
5
-53
114
-133
14
64
-109
-23
218
-151
-89
184
-1
-165
67
177
-209
-41
247
-108
-338
468
-315
-33
253
-238
268
-269
340
-251
-53
265
-370
304
-235
170
-84
-16
93
-61
52
-132
136
185
-374
164
199
-426
273
-71
40
-85
197
-85
-172
522
-512
205
201
-207
155
-68
77
-64
80
49
-14
19
-53
17
33
-192
270
13
-298
313
-104
-103
52
94
-96
2
55
-299
316
-165
-195
63
44
-182
-5
89
-123
9
153
-223
-72
206
-273
259
-183
90
239
-64
146
-84
333
-290
325
-91
-181
350
-160
64
-145
178
-192
95
75
-349
444
-179
-197
246
-302
103
-113
1
124
-183
238
-6
-51
-62
-13
159
-312
337
-148
-7
134
-209
185
-207
170
-309
-12
262
-369
184
-26
-126
134
-138
180
-135
-108
261
-148
-10
37
-15
113
-138
179
36
-15
114
-76
51
-42
190
-309
121
41
-298
292
-211
102
-121
-16
191
-272
131
25
-119
-86
97
57
13
-63
217
-111
-11
288
-331
322
-9
-90
107
68
30
-60
102
-92
112
-23
70
-31
38
-115
21
71
-205
90
-53
74
8
-27
-32
2
23
-142
169
-206
40
-11
-111
112
-212
52
-26
46
-64
80
-112
-13
17
-64
99
-67
86
28
55
-32
52
-27
-44
142
-121
126
-105
93
16
-228
272
-208
59
-7
-86
-11
-71
3
-111
155
1
10
71
-123
91
-33
-24
75
-138
99
32
23
37
-17
136
41
43
96
-49
180
-102
105
46
-27
159
-20
114
-72
63
135
-5
39
70
-35
149
-10
6
100
-89
89
-14
1
110
-113
11
119
-229
-101
-76
-216
-57
-193
-142
-202
-244
-178
-246
-153
-237
-210
-10
-257
-30
-11
-220
94
-131
-71
64
-46
13
61
28
-11
99
29
-83
43
-29
-36
-65
-46
0
-123
-124
-176
-106
-88
-170
-90
-63
-126
97
-73
-75
59
7
123
22
127
-7
89
14
-128
35
-188
-79
-91
-126
-286
-263
-222
-330
-320
-378
-283
-299
-230
-214
-107
-37
36
58
205
165
159
399
230
419
291
304
473
268
443
380
455
401
380
544
420
419
517
541
616
723
788
751
773
748
776
779
785
895
840
911
884
830
763
606
545
461
527
385
337
345
76
-10
-107
-204
-271
-427
-443
-514
-656
-744
-922
-995
-1034
-1072
-998
-1002
-1008
-1046
-1138
-1386
-1474
-1467
-1551
-1584
-1658
-1573
-1623
-1664
-1876
-2023
-2033
-2002
-1915
-1895
-1757
-1634
-1644
-1664
-1614
-1646
-1688
-1669
-1748
-1748
-1353
-611
-23
397
593
1046
1809
2077
2260
2350
2591
3024
3321
3530
3597
3681
3674
3500
3130
3027
3044
2931
2645
2210
2166
2053
1760
1458
1497
1539
1372
1044
834
615
389
294
105
219
246
109
66
-16
-109
-296
-346
-271
-64
273
446
396
234
145
49
-150
-259
-225
-175
-239
-352
-624
-993
-1509
-2014
-2144
-2254
-2280
-2648
-2971
-3192
-3675
-4160
-4686
-4887
-5190
-5333
-5435
-5742
-5860
-6194
-6557
-7007
-5552
-3568
-2038
-1253
-1076
902
2245
3182
3179
3631
4923
6117
7232
7083
7467
7455
7222
6569
5284
5220
5017
4381
2755
1248
741
109
-914
-1898
-2355
-2353
-2642
-3257
-3677
-3690
-3028
-2662
-1890
-1193
-134
691
1156
1683
2110
2963
3234
3736
4366
5104
5367
4718
4144
3493
3103
2603
2092
1825
1446
1121
668
96
-589
-1195
-1813
-1954
-1769
-1344
-1130
-1279
-1388
-1452
-1516
-1791
-1854
-1698
-1334
-1180
-1182
-1297
-1720
-2247
-2993
-3546
-3933
-4319
-4639
-5152
-5430
-5934
-6396
-7135
-7536
-7735
-8033
-8190
-8142
-5679
-3371
-1561
-1273
-803
1705
3085
4427
4327
5109
6753
8109
8863
8114
8218
7978
7880
6671
5274
5098
4687
4039
1934
184
-638
-1225
-1825
-2562
-2787
-2583
-2715
-3392
-3899
-3836
-3058
-2445
-1833
-1048
472
2071
3010
3201
3427
4267
4908
5580
5839
6410
6345
5568
4650
3658
3195
2547
2311
1987
1647
1148
360
-99
-835
-1335
-1652
-1371
-602
72
343
-156
-931
-1686
-1846
-1749
-1648
-1472
-1293
-1359
-2086
-3034
-4023
-4822
-5634
-6138
-6227
-6334
-6881
-7731
-8454
-9013
-9419
-9598
-9398
-9293
-9169
-8938
-6594
-3614
-1241
-435
-61
2505
4852
6756
6833
6840
8192
9856
11029
10186
9409
8922
8782
7678
5756
4951
4312
3720
1516
-856
-2169
-2715
-3223
-4067
-4270
-3908
-3513
-4237
-4805
-4736
-3896
-2757
-1901
-938
114
1180
1974
2841
3814
4624
5075
5913
6792
7580
7296
6159
5051
4202
4006
3474
2963
2400
1990
1483
580
-33
-443
-466
-510
-212
442
934
1009
529
161
-13
-185
-544
-816
-1077
-1265
-1722
-2395
-3319
-4171
-4960
-5907
-6461
-7274
-7835
-8554
-9254
-9658
-9996
-10059
-10429
-10403
-10317
-10025
-9747
-9866
-7370
-3609
48
1507
1352
3756
6295
8507
8512
8215
9580
11467
12756
11487
10084
9073
8808
7678
5195
3569
2683
2543
663
-2425
-4741
-5467
-5283
-5601
-5613
-4908
-3872
-3971
-4379
-4411
-3040
-1263
310
1759
2992
4433
4906
5294
5308
5669
6447
6924
7590
7724
7467
6150
4101
2484
1853
1832
1345
844
232
-76
-571
-1016
-1144
-1084
-712
-133
1084
2119
2498
2061
1534
1534
1807
1850
1319
638
-79
-721
-1671
-2806
-4132
-5461
-6497
-7429
-8174
-9291
-10270
-11237
-11993
-12175
-12090
-11889
-12204
-11996
-11344
-10477
-10193
-9949
-6216
-1445
2728
3593
3688
6613
9422
11492
10595
10444
12268
14421
14917
12217
10020
8765
8464
6679
3250
1130
264
158
-2008
-5695
-8225
-8515
-7858
-7520
-6849
-5429
-3942
-3971
-4224
-3589
-1344
1303
3311
4769
5999
7323
7661
7260
6302
6039
6506
6883
7182
6991
6099
3952
1409
-119
-365
-334
-601
-772
-837
-807
-1011
-950
-535
77
869
1983
3429
4434
4568
3778
3196
2944
2894
2721
1968
954
-363
-1518
-2976
-4658
-6077
-7191
-7960
-8964
-9833
-10607
-11469
-12263
-12724
-12356
-11638
-10987
-10864
-10518
-9793
-8883
-8048
-7949
-5152
-137
4958
6993
6037
7147
9410
11677
11516
10730
11717
13532
13992
11265
7934
6040
5568
4487
1710
-968
-2216
-2216
-3189
-6300
-9298
-9895
-8426
-6729
-5273
-3622
-2073
-1794
-2112
-1544
777
3883
6210
7309
7820
8444
8310
7346
5671
4649
4471
4595
4740
4370
3548
1402
-1227
-2875
-2681
-1489
-750
-416
-250
268
712
992
1598
2184
3009
4042
5129
5898
5810
4739
3342
2317
1665
1229
349
-1020
-2523
-4008
-5555
-7237
-8757
-9767
-10245
-10691
-11179
-11680
-12026
-12215
-12006
-11419
-10640
-9834
-9167
-8442
-7507
-6618
-6152
-3233
1556
6283
7867
7027
8228
10327
12152
11003
9510
10137
12121
12659
9223
5074
2673
2649
2056
-337
-2972
-4236
-4008
-4465
-6571
-8707
-8647
-6925
-4795
-2889
-747
1197
1731
1625
1977
4065
6869
8870
9583
9348
8899
7763
6227
4391
2952
1963
1453
1206
687
-249
-1978
-4045
-5254
-4516
-2730
-1195
-217
715
1714
2252
2639
3398
4539
5714
6432
7115
7413
6945
5451
3564
2299
1247
202
-1187
-2499
-3984
-5811
-7642
-9295
-10213
-10769
-11055
-11346
-11592
-11584
-11607
-11296
-10740
-9713
-8615
-7639
-6848
-6443
-5692
-5187
-4060
-391
4157
7732
7681
6856
8115
9835
10607
8676
7116
7502
9235
9037
5515
1562
-531
-485
-589
-2062
-3800
-4346
-3744
-3681
-5193
-6281
-5397
-3225
-843
1124
3078
4486
4772
4323
4178
5499
7424
8542
8170
7137
5777
3940
1813
-309
-1614
-2347
-2342
-2213
-2286
-2668
-3723
-4611
-4287
-2258
185
2116
3522
4761
5867
6247
6632
7120
7840
8423
8547
8523
7739
6201
3845
1694
208
-1100
-2372
-3920
-5499
-7110
-8560
-9785
-10670
-11121
-11148
-10966
-10833
-10607
-10448
-10114
-9500
-8479
-7334
-6466
-5872
-5751
-5578
-5367
-4894
-1605
2997
6688
6729
4962
5908
7767
9048
7261
5244
5494
7381
8075
5164
1577
-692
-768
-742
-1422
-2305
-2456
-1817
-1784
-2912
-4027
-3253
-1329
804
2666
4420
5719
5611
4552
3722
4420
5991
6996
6660
5469
4072
1930
-424
-2336
-3413
-3766
-3539
-2950
-2310
-2067
-2650
-3511
-3363
-1320
1537
3655
4924
5821
6543
6762
6590
6729
7183
7615
7612
7274
6572
5070
2580
-52
-1623
-2297
-2727
-3729
-5095
-6632
-8056
-9043
-9742
-9845
-9532
-9137
-8802
-8660
-8480
-8414
-8267
-7932
-7114
-6105
-5190
-4925
-5444
-6100
-5769
-1956
2780
6029
5378
4184
5418
7082
7707
5483
4147
4904
6829
6831
4016
1219
-289
-524
-1231
-2193
-2502
-1849
-859
-1116
-2533
-3397
-2371
-407
1511
3300
5030
6149
5805
4621
3845
4490
5737
6281
5736
4739
3484
1472
-1024
-3200
-4192
-4236
-3704
-3078
-2420
-2035
-2486
-3291
-2907
-388
2690
4865
5865
6627
7235
6977
6515
6440
7063
7619
7496
6899
5677
4053
1676
-646
-2239
-3094
-3390
-3884
-4588
-6091
-7833
-9277
-9803
-9347
-8549
-7554
-7292
-7364
-7758
-7807
-7593
-7367
-6641
-5936
-4852
-4615
-4969
-6375
-6373
-2821
1697
4919
4225
3907
4932
6388
6334
4021
3095
4227
6354
5893
3358
984
174
30
-674
-1643
-2138
-1232
-37
57
-1415
-2273
-1517
312
2359
4112
5706
6267
5763
4365
3643
4081
5070
5449
4663
3844
2385
520
-1862
-3936
-4990
-5138
-4350
-3164
-1749
-1269
-2066
-3075
-2461
62
2899
4949
6088
6726
7005
6565
5872
5547
6065
6937
7253
6958
5809
4033
1783
-307
-1735
-2553
-2797
-3034
-3539
-4750
-6354
-8041
-9249
-9214
-8269
-7111
-6717
-6759
-7024
-7370
-7614
-7783
-7115
-6423
-5604
-5111
-5274
-5913
-6211
-3597
46
3074
3375
3212
4651
5882
6103
4004
2799
3528
5150
5242
3137
1183
117
150
-229
-989
-1629
-1497
-469
-27
-543
-1281
-950
343
2031
3938
5611
6365
5748
4477
3793
4278
5131
5543
5012
4167
2986
1158
-868
-2805
-3913
-4319
-3845
-2689
-1418
-928
-1727
-2767
-2455
-309
2365
4262
5381
6134
6285
5774
5055
4752
5162
5964
6469
6342
5462
3809
1803
-32
-1167
-1922
-2387
-2544
-2797
-3633
-5412
-7281
-8575
-8752
-7971
-7088
-6727
-6849
-7088
-7244
-7519
-7736
-7571
-7052
-6227
-5598
-5479
-6124
-5253
-2069
1517
3238
2425
3059
5133
6802
6019
3485
2626
3716
5061
3963
1365
-352
-713
-655
-1376
-2206
-2361
-1696
-869
-1049
-1759
-1711
-364
1360
2953
4721
6329
6972
6293
5040
4472
5127
6070
6332
5580
4405
2931
833
-1301
-3042
-4140
-4550
-4241
-3077
-1750
-1408
-2379
-3566
-3074
-633
2207
4163
5270
5919
6242
6069
5541
5325
5691
6472
7204
7304
6488
4542
2056
50
-1133
-1640
-1893
-2211
-2813
-3968
-5537
-7270
-8564
-9069
-8583
-7676
-7077
-6940
-7247
-7476
-7731
-7782
-7459
-6915
-5926
-5398
-5315
-5913
-5083
-1665
1701
3256
2099
2564
4553
6403
5880
3466
2517
3415
4761
3633
1176
-500
-763
-764
-1066
-1452
-1631
-1211
-532
-415
-994
-1115
-200
1369
3284
5155
6484
6758
6098
4958
4157
4272
4940
5298
4614
3490
1892
56
-1815
-3519
-4636
-5117
-4287
-2883
-1366
-828
-1364
-2249
-2168
-164
2623
4992
6161
6657
6757
6543
6137
5644
5685
6116
6779
7031
6139
4214
1658
-426
-1809
-2598
-2817
-2874
-3139
-4274
-6081
-7765
-8747
-8831
-8503
-7929
-7414
-6991
-6905
-7144
-7566
-7773
-7677
-6989
-5965
-5144
-5204
-5583
-3357
464
3509
3056
1858
3057
5527
6872
5064
2927
2689
4078
4173
1908
-278
-928
-821
-1352
-2072
-2394
-1966
-1278
-992
-1266
-1357
-451
800
2298
3925
5764
6833
6777
6031
5195
5144
5393
5639
5237
4404
3250
1528
-165
-1768
-3164
-4510
-4969
-4120
-2432
-1183
-1281
-2095
-2389
-1170
948
3128
4732
5919
6676
6861
6560
5942
5662
5761
6117
6683
6738
5580
3300
901
-914
-2351
-3419
-3859
-3818
-4043
-5095
-6814
-8499
-9267
-9171
-8721
-8245
-7665
-6928
-6731
-6993
-7382
-7296
-6882
-6268
-5618
-5052
-4915
-3763
-630
2666
3951
2702
2687
4362
6504
6318
4121
2795
3388
4314
2753
138
-1322
-1161
-1293
-2058
-2800
-2852
-2092
-1510
-1394
-1656
-1044
308
1700
3370
4975
6608
7177
6878
6076
5557
5801
5927
5662
4551
3507
2016
492
-965
-2419
-3618
-4751
-4882
-4299
-2795
-1562
-1448
-2010
-1998
-314
1970
4148
5534
6183
6642
7010
7244
6868
6291
5905
6035
6454
6340
5074
2688
450
-1303
-2736
-3768
-4244
-4423
-5001
-6166
-7590
-8668
-8939
-8955
-8986
-8778
-7859
-6966
-6597
-6689
-6807
-6826
-6473
-5693
-5180
-4860
-4394
-1777
1678
4266
3925
2611
3144
4982
6265
4848
3212
2887
3740
3182
694
-1401
-1939
-1537
-1962
-2505
-2686
-2040
-1407
-1210
-1242
-1094
176
1600
3304
4833
6293
7209
6926
6347
5526
5427
5459
5340
4480
2941
1440
-149
-1305
-2680
-3895
-5038
-5405
-4717
-3383
-1746
-1075
-1146
-1266
-318
1673
3727
5594
6538
6903
6975
6987
6900
6489
6065
5774
5790
5924
5471
3730
1310
-750
-2371
-3603
-4330
-4408
-4557
-5232
-6544
-8103
-8954
-8939
-8464
-8295
-7909
-7119
-6432
-6122
-6037
-6170
-6134
-5860
-5264
-5039
-4496
-1767
1756
4258
3725
2595
2915
4374
5404
4162
2516
2294
3474
3130
521
-2076
-2892
-2469
-2575
-2726
-2679
-1781
-929
-890
-1236
-1370
42
1701
3497
5222
6773
7752
7494
6760
5720
5489
5623
5778
5081
3545
1848
-108
-1528
-2916
-3904
-5013
-5444
-5060
-4020
-2445
-1366
-950
-1260
-789
885
3336
5586
6842
7266
7122
7065
6830
6410
5891
5484
5481
5429
5191
4027
1925
-476
-2697
-4022
-4708
-4798
-4806
-5236
-6261
-7771
-8818
-9166
-8840
-8426
-7787
-7036
-6251
-5739
-5506
-5694
-5833
-5532
-4988
-4601
-4009
-1200
2460
4964
4416
3190
3496
4870
5544
3956
2251
2051
3208
2863
224
-2406
-3330
-3109
-3442
-3739
-3411
-2188
-1049
-929
-1363
-1388
28
1900
3791
5528
7120
7929
7677
7072
6295
5885
5580
5405
4834
3662
1806
-447
-2185
-3329
-4077
-5033
-5410
-4959
-4000
-2794
-1978
-1324
-1053
-450
738
2613
4991
6812
7634
7387
7015
6639
6290
5825
5423
5250
4950
4574
3616
2025
-69
-2422
-4192
-5176
-5191
-5072
-5245
-6023
-7260
-8240
-8883
-8903
-8565
-7695
-6844
-6211
-5696
-5173
-4967
-4979
-4944
-4795
-4521
-2643
1031
4530
5662
4504
3907
4402
5373
4813
2947
1588
1916
2530
1186
-1434
-3434
-3873
-4237
-4818
-5058
-4088
-2177
-985
-1020
-1643
-994
1022
3144
5069
6602
7894
8345
7948
7104
6342
6060
5840
5247
4088
2711
826
-1066
-2758
-3888
-4605
-5001
-4857
-4487
-3712
-2778
-1979
-1397
-722
421
1759
3377
5109
6514
7300
7413
7087
6354
5786
5498
5259
4746
3906
3013
2099
1225
-292
-2479
-4546
-5432
-5442
-5426
-5685
-6250
-6729
-7296
-7692
-7959
-7746
-7141
-6544
-5886
-5048
-4262
-3864
-3833
-3965
-4299
-3810
-1191
2535
5376
5506
4547
4250
4972
5166
3484
1352
610
1380
1361
-334
-2429
-3585
-4178
-5030
-5663
-5367
-3730
-1975
-1100
-1250
-1273
-78
1808
3833
5552
7050
7914
8031
7554
6800
6215
5806
5518
4706
3535
1845
-44
-1663
-2972
-3868
-4730
-4945
-4410
-3527
-2719
-2124
-1439
-653
356
1480
2792
4213
5458
6346
6644
6779
6501
5903
5112
4586
4352
3690
2635
1397
695
84
-1083
-2899
-4635
-5435
-5615
-5671
-5907
-6076
-6211
-6397
-6823
-7288
-7326
-6896
-6227
-5527
-4878
-4133
-3615
-3464
-3766
-3712
-1713
1583
4800
5823
5713
5657
6029
6023
4451
2336
962
1105
1012
-343
-2189
-3306
-3805
-4943
-6275
-7059
-5969
-3764
-1980
-1521
-1784
-878
871
3016
4894
6445
7545
7849
7748
7234
6781
6363
5838
4992
3751
2409
768
-558
-1854
-3145
-4592
-5334
-4658
-3367
-2265
-1857
-1432
-811
123
1125
2207
3606
5023
6018
6276
6406
6490
6037
5070
4182
3882
3623
2845
1526
345
-389
-1236
-2552
-4059
-4981
-5319
-5593
-6042
-6470
-6515
-6375
-6410
-6698
-6939
-6823
-6462
-5844
-5152
-4355
-3883
-3602
-3613
-3043
-890
2071
4639
5499
5894
6393
6947
6649
5153
3186
1795
1441
847
-632
-2411
-3372
-3786
-4666
-5893
-7002
-6684
-5234
-3579
-2782
-2501
-1248
574
2662
4438
6029
7100
7371
7257
7039
7020
6911
6433
5308
4033
2826
1524
224
-1097
-2207
-3499
-4535
-4657
-3876
-2642
-1798
-1328
-829
-7
1047
2038
3134
4380
5403
5876
6001
5956
5660
5063
4385
3803
3028
2073
1035
249
-405
-1413
-2849
-4211
-4839
-5038
-5381
-5954
-6335
-6350
-6315
-6441
-6666
-6650
-6460
-6348
-6056
-5372
-4288
-3710
-3508
-3516
-2560
-160
2725
4962
5651
6339
6999
7526
7049
5632
3987
2658
2053
1061
-489
-2156
-3196
-3785
-4703
-5740
-6767
-6819
-6037
-4948
-4343
-3857
-2377
-245
2087
3840
5334
6338
6798
6813
6442
6388
6503
6652
5900
4682
3401
2193
1101
-128
-1119
-2332
-3215
-3679
-3543
-2803
-1837
-848
-425
44
727
1851
3110
4226
4972
5284
5522
5412
5062
4525
4265
3966
3069
1580
86
-573
-818
-1474
-3054
-4665
-5264
-5204
-5304
-5993
-6489
-6478
-6187
-6242
-6585
-6675
-6462
-6153
-6088
-5648
-4692
-3749
-3379
-3246
-1896
662
3540
5255
6075
7035
7990
8524
7703
6214
4608
3506
2583
1248
-245
-1652
-2448
-3263
-4220
-5506
-6579
-6802
-6387
-5730
-5583
-5134
-3869
-1660
810
2755
4166
5008
5630
5844
5761
5659
5795
5964
5611
4793
3746
2934
2321
1421
114
-1321
-2049
-2094
-2052
-1895
-1491
-600
138
586
857
1446
2487
3524
4183
4495
4795
4872
4517
3953
3782
3793
3242
1932
363
-565
-911
-1459
-2725
-4164
-4992
-5207
-5391
-5884
-6306
-6389
-6264
-6368
-6766
-6960
-6773
-6469
-6309
-6030
-5372
-4589
-4089
-3602
-2144
212
2831
4605
5808
7101
8316
9051
8541
7239
5689
4528
3633
2433
999
-452
-1245
-1799
-2407
-3576
-4988
-5725
-5849
-5692
-6047
-6145
-5302
-3434
-1219
474
1904
3010
3979
4388
4358
4367
4549
4784
4502
4133
3835
3900
3884
3472
2612
1491
633
-89
-565
-1017
-1097
-871
-612
-259
116
812
1600
2357
2830
3135
3493
3686
3615
3343
3389
3562
3411
2567
1389
515
-113
-885
-2150
-3369
-4139
-4562
-5138
-5770
-6111
-6113
-6025
-6265
-6728
-7105
-7232
-7146
-7102
-6811
-6162
-5363
-4587
-3776
-2268
-258
1969
3654
4986
6367
7785
8828
8796
8012
6799
5811
4850
3644
2328
959
56
-629
-1224
-2059
-3150
-3996
-4515
-4860
-5502
-6040
-5946
-4987
-3483
-1976
-742
303
1432
2373
2934
3074
3155
3207
2951
2681
2534
2847
3359
3784
3784
3405
3099
2777
2340
1701
1218
925
674
466
346
529
1052
1781
2227
2485
2621
2734
2724
2647
2756
2792
2615
2048
1440
932
452
-316
-1526
-2636
-3391
-3836
-4431
-5177
-5752
-5891
-5683
-5607
-5805
-6097
-6137
-6216
-6394
-6574
-6400
-5914
-5303
-4668
-4030
-2728
-848
1262
2769
3940
5238
6619
7678
7673
6882
5811
5203
4697
3723
2414
1359
1056
929
605
-227
-1020
-1455
-1735
-2280
-3299
-4136
-4443
-4036
-3356
-2544
-1761
-1005
-206
422
892
1108
1311
1244
916
596
583
1075
1804
2704
3291
3653
3962
4232
4310
3943
3333
2551
1818
1273
1004
991
1171
1504
1811
2000
2020
1975
1877
1798
1722
1493
1159
780
515
320
84
-400
-1081
-1721
-2232
-2747
-3439
-4021
-4370
-4484
-4553
-4720
-4880
-4853
-4629
-4597
-4935
-5433
-5558
-5234
-4777
-4488
-4407
-4033
-2956
-1406
117
1265
2423
3680
4854
5540
5600
5224
4750
4267
3561
2706
1956
1616
1576
1562
1378
1114
1080
1081
834
60
-1039
-2008
-2626
-2879
-2950
-2677
-2167
-1524
-946
-524
-141
48
98
-89
-260
-328
-213
162
750
1705
2616
3362
4006
4632
5105
5027
4362
3364
2506
1978
1637
1338
1161
1198
1287
1337
1420
1468
1327
943
521
212
37
-98
-284
-407
-489
-622
-917
-1276
-1620
-1944
-2328
-2752
-3124
-3430
-3676
-3808
-3704
-3449
-3388
-3672
-4067
-4216
-4124
-4085
-4201
-4317
-4276
-4096
-3719
-2990
-1842
-652
286
1123
2097
3200
3906
3900
3457
3048
2833
2528
1998
1441
1275
1438
1763
2133
2401
2649
2680
2337
1479
323
-787
-1590
-1943
-1929
-1717
-1506
-1199
-814
-321
69
232
340
330
347
229
264
639
1265
1943
2496
3099
3729
4164
4010
3448
2810
2252
1820
1322
889
656
717
883
1008
1023
938
807
586
423
277
140
-64
-282
-412
-437
-452
-650
-890
-1010
-1096
-1322
-1901
-2565
-2949
-3007
-2831
-2817
-2996
-3245
-3376
-3375
-3461
-3704
-3921
-4004
-4007
-4047
-4140
-4022
-3475
-2663
-1906
-1243
-407
696
1752
2371
2461
2334
2272
2267
2032
1542
999
869
1249
1827
2352
2689
2911
2977
2781
2121
1172
312
-229
-554
-793
-929
-875
-638
-290
125
494
753
863
860
843
872
919
973
1107
1431
1816
2174
2432
2571
2529
2291
1890
1392
990
614
326
224
307
428
505
586
684
712
668
648
738
838
753
497
298
265
302
177
-1
-79
-316
-750
-1286
-1656
-1801
-1960
-2299
-2721
-3015
-3096
-3183
-3471
-3789
-4001
-4012
-4013
-4112
-4214
-4288
-4071
-3700
-3174
-2566
-1884
-972
21
966
1609
1913
2064
2146
2101
1748
1256
990
1170
1598
1977
2207
2357
2626
2729
2569
2127
1511
979
502
156
-96
-230
-249
-135
172
553
842
1050
1243
1419
1457
1242
1042
1021
1229
1337
1264
1292
1467
1593
1414
970
576
294
83
-172
-410
-362
-206
-36
72
168
345
526
739
976
1139
1166
1039
915
882
954
996
863
610
269
-119
-413
-691
-995
-1424
-1917
-2331
-2581
-2754
-3076
-3500
-3895
-4130
-4282
-4431
-4522
-4561
-4518
-4413
-4150
-3645
-2968
-2182
-1309
-357
624
1457
1984
2187
2212
2107
1893
1618
1429
1444
1604
1804
1960
2092
2190
2292
2344
2147
1709
1192
737
467
266
56
-78
8
317
653
993
1345
1748
1972
1888
1635
1450
1459
1449
1297
1043
950
972
911
697
338
-16
-323
-581
-774
-831
-707
-576
-472
-400
-228
109
514
848
1032
1190
1351
1423
1424
1409
1496
1561
1398
1026
642
403
121
-336
-995
-1590
-1967
-2292
-2712
-3150
-3543
-3881
-4225
-4606
-4908
-5065
-5078
-5085
-5002
-4662
-4020
-3215
-2350
-1439
-382
759
1688
2270
2478
2501
2428
2260
2021
1728
1514
1453
1586
1765
1860
1815
1760
1776
1714
1398
856
343
53
-35
-112
-162
-71
254
743
1226
1698
2165
2604
2836
2759
2598
2499
2449
2243
1798
1268
858
544
226
-191
-692
-1135
-1497
-1694
-1693
-1464
-1148
-845
-615
-332
71
468
771
935
1048
1137
1242
1307
1354
1343
1310
1213
999
783
481
121
-365
-1014
-1639
-2215
-2724
-3218
-3742
-4185
-4563
-4902
-5283
-5650
-5871
-5792
-5373
-4601
-3656
-2706
-1600
-341
1002
2185
2995
3419
3509
3436
3156
2662
2127
1672
1412
1348
1338
1369
1432
1443
1305
867
225
-446
-966
-1294
-1498
-1529
-1355
-963
-382
296
1018
1742
2401
3002
3582
4030
4262
4301
4263
4116
3762
3153
2410
1634
854
80
-660
-1262
-1699
-2014
-2258
-2327
-2082
-1619
-1173
-787
-439
-100
192
371
490
558
595
623
554
577
721
847
806
513
197
7
-197
-567
-1171
-1855
-2523
-3149
-3806
-4555
-5189
-5709
-6061
-6334
-6337
-5838
-4822
-3478
-2070
-632
869
2460
3773
4579
4818
4685
4465
4129
3526
2689
1959
1611
1519
1446
1234
1033
866
611
34
-942
-2045
-3003
-3620
-3862
-3806
-3465
-2764
-1744
-534
658
1805
2917
3960
4804
5288
5452
5515
5599
5478
4992
4165
3245
2405
1571
573
-530
-1504
-2168
-2524
-2632
-2506
-2208
-1806
-1395
-1020
-665
-369
-276
-304
-313
-259
-193
-195
-206
-128
-107
-161
-351
-488
-524
-686
-1146
-1823
-2457
-2947
-3403
-3991
-4687
-5402
-5963
-6279
-6209
-5570
-4501
-3151
-1573
209
2124
3871
5174
5938
6218
6103
5688
5041
4235
3416
2712
2247
2003
1871
1687
1422
1074
461
-509
-1816
-3155
-4324
-5138
-5517
-5424
-4856
-3925
-2745
-1405
56
1494
2788
3848
4692
5284
5687
5892
5867
5591
4991
4229
3412
2549
1595
584
-302
-900
-1275
-1577
-1770
-1732
-1475
-1112
-821
-509
-219
-61
-55
-215
-335
-432
-632
-913
-1159
-1190
-1099
-1071
-1209
-1462
-1735
-2184
-2814
-3585
-4337
-5050
-5694
-6350
-6875
-7281
-7268
-6476
-4976
-3110
-1335
559
2611
4778
6435
7189
7175
6884
6528
5895
4885
3758
2994
2676
2560
2362
2104
1969
1884
1371
247
-1349
-2947
-4250
-5238
-5805
-5839
-5228
-4180
-2815
-1313
286
1827
3151
4105
4637
4893
4864
4692
4424
4041
3381
2541
1758
1191
653
-32
-789
-1307
-1567
-1789
-1817
-1647
-1116
-459
201
756
1261
1653
1659
1402
958
507
41
-422
-788
-857
-777
-747
-892
-1197
-1577
-2154
-3095
-4273
-5472
-6588
-7647
-8646
-9630
-9914
-8849
-6849
-4469
-2259
108
2771
5400
7270
8026
7834
7364
6741
5876
4698
3523
2901
2731
2787
2690
2613
2528
2418
1863
559
-1426
-3379
-4771
-5700
-5992
-5761
-4752
-3210
-1245
729
2551
4217
5543
6364
6476
6193
5586
4979
4259
3373
2265
1022
18
-705
-1331
-2143
-2985
-3580
-3771
-3699
-3402
-2956
-2188
-1265
-399
444
1131
1619
1557
1314
1137
1161
1174
958
751
762
1087
1178
941
307
-472
-1497
-2844
-4470
-6044
-7464
-8799
-10102
-10814
-10014
-7875
-5175
-2872
-457
2144
4962
6988
7730
7151
6046
5056
4031
3007
1891
1277
1210
1788
2313
2612
2656
2543
1997
633
-1409
-3642
-5181
-6054
-6186
-5800
-4513
-2442
36
2442
4381
6118
7431
8165
8062
7397
6510
5576
4667
3696
2605
1395
217
-772
-1609
-2497
-3318
-3939
-4245
-4175
-3844
-3165
-2302
-1362
-568
83
515
661
357
-211
-604
-817
-692
-581
-274
297
999
1436
1438
1101
465
-560
-2103
-3797
-5508
-7058
-8457
-9730
-10000
-8687
-6115
-3270
-660
1882
4418
6892
8293
8389
7202
5778
4297
2898
1524
255
-323
-413
-13
212
394
383
253
-492
-1963
-3865
-5506
-6260
-6332
-5624
-4402
-2355
47
2480
4509
6196
7691
8591
8836
8219
7279
6198
5135
4092
3014
1870
644
-622
-1641
-2378
-3027
-3531
-3869
-3633
-3056
-2095
-903
308
1251
1720
2015
2015
1680
780
-393
-1289
-1874
-2073
-2148
-1879
-1297
-724
-517
-818
-1338
-2075
-3193
-4747
-6393
-7900
-9019
-9860
-9472
-7655
-4421
-1077
1908
4878
7606
10066
10879
10325
8440
6543
4587
2719
939
-375
-843
-969
-807
-908
-951
-1244
-1652
-2756
-4289
-5968
-7009
-7192
-6564
-5110
-3148
-438
2173
4537
6111
7311
8061
8195
7641
6536
5426
4241
3256
2183
1320
241
-812
-1928
-2885
-3492
-3896
-3912
-3684
-2876
-1772
-178
1483
2978
3975
4263
4176
3639
2856
1598
308
-694
-1228
-1454
-1605
-1386
-1009
-703
-1018
-1903
-3188
-4430
-5834
-7300
-8826
-10078
-10829
-10557
-8617
-5591
-1907
1165
4339
7079
9619
10933
10723
9353
7381
5698
3835
2214
693
-25
-307
-234
-414
-752
-1193
-1838
-2897
-4497
-5957
-6995
-6889
-6161
-4636
-2609
53
2939
5199
6623
7118
7389
7181
6462
5219
3992
2755
1644
723
-54
-717
-1591
-2620
-3765
-4582
-5120
-5009
-4422
-3373
-2055
-548
1383
3098
4516
4952
4658
4007
3179
2081
871
-52
-536
-646
-650
-368
25
356
86
-818
-2241
-3693
-5165
-6613
-7985
-9105
-9762
-9334
-7371
-4385
-1123
1357
3933
6153
8308
9134
8663
7234
5452
4092
2606
1353
189
-301
-471
-388
-591
-873
-1318
-1802
-2636
-3831
-4853
-5389
-4863
-3795
-2130
-200
2203
4535
6214
7124
7174
6988
6296
5317
4034
2837
1650
558
-457
-1511
-2293
-3111
-3731
-4362
-4616
-4675
-4212
-3374
-2300
-1092
-53
1253
2229
2930
2873
2385
1699
941
158
-656
-1083
-1098
-805
-672
-501
-351
-272
-580
-1484
-2639
-3878
-4732
-5699
-6506
-7201
-6962
-5101
-2440
727
2765
4899
6649
8244
8697
7833
6345
4497
3342
1953
739
-477
-944
-1146
-1261
-1768
-2257
-2562
-2785
-3061
-3913
-4544
-4797
-3778
-2383
-627
1289
3395
5614
6949
7589
7246
6843
6121
5046
3707
2382
1222
55
-918
-1913
-2854
-3809
-4446
-4819
-4670
-4362
-3638
-2638
-1469
-220
631
1500
2086
2451
2172
1548
835
325
-155
-689
-1085
-1248
-1230
-1395
-1464
-1622
-1935
-2644
-3593
-4447
-5034
-5401
-5905
-6495
-6751
-6298
-4240
-1425
1696
3920
5696
7446
8789
9618
8851
7491
5481
4005
2582
1383
363
-452
-971
-1545
-2051
-2737
-3172
-3583
-3872
-4428
-4612
-4300
-3139
-1572
93
1905
3767
5898
7322
7982
7812
7440
6853
6091
5059
3722
2219
478
-1092
-2612
-3868
-5101
-5965
-6410
-6291
-5555
-4494
-2934
-1441
-132
629
1260
1879
2323
2245
1506
918
578
537
338
53
-210
-424
-832
-1397
-1923
-2616
-3500
-4768
-5974
-6710
-6973
-7268
-7773
-7998
-6522
-3529
181
3050
5033
7080
8697
9857
9255
7901
6043
4585
3263
1941
938
205
-240
-1073
-2079
-3178
-3804
-4270
-4582
-5209
-5515
-5175
-3789
-1552
669
2989
4943
6849
8074
8632
8629
8398
7914
7033
5867
4713
3546
2027
341
-1494
-3013
-4642
-6007
-6861
-6872
-6143
-5260
-4069
-2668
-1188
-46
544
864
1099
1034
717
285
136
228
322
411
548
657
275
-405
-1172
-2014
-2945
-4140
-5210
-6162
-6652
-7016
-7394
-7727
-7251
-4906
-1753
1600
3649
5691
7566
9140
9531
8365
6953
5343
4302
2835
1567
473
-157
-906
-2024
-3283
-4334
-4903
-5405
-5815
-6298
-6048
-5165
-3342
-1247
836
2932
4966
6886
7923
8415
8491
8692
8550
7981
7006
5830
4356
2599
857
-858
-2330
-3969
-5127
-5747
-5481
-4862
-4179
-3111
-2007
-927
-383
-28
148
248
119
-144
-308
-317
-253
-278
-199
-117
-198
-634
-1262
-1917
-2638
-3548
-4543
-5493
-6135
-6874
-7416
-7983
-7230
-4856
-1582
1522
3463
5738
7522
9112
9008
7929
6364
5098
4361
3319
2378
1346
768
-258
-1511
-3228
-4539
-5396
-5819
-6282
-6719
-6264
-5113
-3069
-1286
632
2454
4357
5712
6039
6210
6530
7246
7352
7089
6480
5845
4659
3020
1326
-223
-1608
-3208
-4262
-4681
-4100
-3443
-2835
-2072
-1373
-625
-393
-216
-262
-279
-384
-322
16
392
615
559
563
421
115
-619
-1458
-2292
-3103
-3944
-4738
-5371
-5698
-6224
-6833
-7442
-6903
-4761
-1937
892
2622
4711
6374
7827
7917
6881
5695
4656
4419
3912
3467
2860
2386
1452
0
-1919
-3528
-4730
-5510
-6176
-6761
-6451
-5469
-3583
-1903
-267
1308
2835
4210
4760
5187
5512
6185
6599
6601
6380
5858
4884
3169
1386
-231
-1560
-2930
-3796
-4007
-3606
-3081
-2566
-1764
-1092
-503
-503
-487
-546
-638
-822
-1060
-836
-570
-198
12
349
451
88
-591
-1203
-1655
-2236
-3062
-3955
-4568
-4960
-5380
-6008
-6465
-5720
-3700
-1019
1407
3054
4893
6166
7032
6577
5390
4221
3458
3446
3328
3247
3079
2840
2037
504
-1396
-2977
-4162
-4879
-5496
-5914
-5542
-4581
-2901
-1438
222
1791
3208
4251
4465
4821
5181
6031
6221
6049
5494
4774
3661
1979
385
-1024
-2120
-3173
-3612
-3503
-2876
-2363
-2051
-1687
-1289
-764
-605
-413
-496
-606
-868
-961
-677
-387
-11
81
412
432
116
-657
-1394
-1903
-2509
-3337
-4286
-4912
-5345
-5780
-6399
-6862
-6067
-3933
-1010
1426
3142
4824
6059
6834
6352
5276
4127
3529
3499
3496
3407
3355
3185
2465
941
-896
-2336
-3384
-4027
-4817
-5269
-5121
-4374
-3259
-2319
-986
447
1978
3121
3795
4656
5569
6637
7080
7041
6540
5580
4051
2148
438
-864
-1861
-2766
-3228
-3243
-2834
-2457
-2155
-1929
-1893
-1786
-1814
-1591
-1439
-1382
-1506
-1504
-1058
-515
101
522
955
1215
1119
615
57
-476
-995
-1861
-2901
-3864
-4615
-5222
-5995
-6652
-6602
-5012
-2575
103
1909
3457
4634
5423
5386
4566
3818
3166
3212
3236
3305
3421
3382
2818
1478
-164
-1544
-2469
-3053
-3550
-4054
-4147
-3948
-3307
-2718
-2050
-1024
30
1421
2408
3436
4459
5700
6860
7348
7222
6401
5109
3530
1815
270
-1046
-2141
-2708
-2936
-2690
-2334
-1999
-1493
-1285
-1213
-1425
-1656
-1631
-1831
-2015
-2476
-2463
-1985
-1241
-490
11
495
736
587
182
-231
-654
-1153
-2005
-2839
-3557
-4074
-4683
-5460
-6028
-5363
-3524
-968
1156
2527
3855
4618
5231
4823
4223
3635
3457
3613
3468
3481
3283
2937
1851
231
-1186
-2160
-2661
-3155
-3709
-4052
-4060
-3798
-3352
-2954
-2278
-1264
-179
1159
2027
3251
4304
5497
6547
6764
6781
5904
4982
3585
2114
927
-260
-1043
-1726
-2213
-2216
-2108
-1719
-1439
-1361
-1181
-1303
-1214
-1280
-1496
-1717
-2172
-2054
-1695
-989
-264
86
449
445
394
139
-259
-650
-1167
-1803
-2454
-3135
-3637
-4562
-5580
-6477
-6121
-4354
-1965
272
1526
2785
3603
4511
4582
4302
3861
3602
3772
3961
4199
3972
3313
2105
741
-557
-1418
-2047
-2518
-2980
-3461
-3655
-3658
-3155
-2732
-2278
-1759
-1023
139
1138
2167
2957
4008
5036
5738
5748
5183
4382
3494
2474
1346
349
-436
-886
-1291
-1527
-1605
-1501
-1349
-1446
-1572
-1664
-1475
-1249
-1249
-1366
-1503
-1291
-855
-373
-84
71
210
343
353
142
-96
-316
-468
-884
-1414
-2021
-2605
-3324
-4517
-5533
-6054
-5003
-3258
-1070
416
1381
2337
2930
3821
3805
3774
3305
3233
3606
3978
4192
3634
2739
1474
281
-761
-1561
-2154
-2640
-3123
-3480
-3510
-3156
-2543
-2109
-1809
-1438
-712
404
1484
2368
3121
3864
4715
5195
5249
4763
4029
3263
2251
1403
578
21
-448
-1107
-1604
-2028
-2109
-2149
-2322
-2449
-2498
-2191
-1848
-1544
-1358
-1146
-867
-541
-363
-232
-88
85
226
184
207
170
204
36
-399
-1021
-1745
-2398
-3268
-4114
-4811
-4905
-4312
-3103
-1684
-261
847
1825
2560
3227
3837
4057
4143
3875
3942
4148
4190
3795
2755
1657
632
-222
-925
-1704
-2331
-2921
-3205
-3215
-3005
-2759
-2583
-2372
-1838
-981
93
1071
1671
2118
2398
3013
3635
4177
4278
3965
3483
2979
2523
2003
1351
625
-168
-937
-1448
-1758
-1882
-2125
-2411
-2584
-2360
-1785
-1268
-992
-974
-988
-886
-781
-644
-589
-492
-297
-84
99
144
81
-55
-301
-661
-1179
-1740
-2213
-2471
-2589
-2709
-2881
-2933
-2627
-1945
-941
52
1015
1721
2265
2798
3235
3582
3431
2999
2411
2024
1874
1608
1111
374
-227
-512
-674
-846
-1186
-1555
-1835
-2023
-1861
-1568
-1015
-488
1
375
632
738
586
423
453
946
1622
2302
2621
2617
2343
1907
1374
710
16
-656
-1129
-1479
-1558
-1568
-1424
-1242
-974
-615
-200
283
500
583
520
600
857
1097
1279
1314
1248
1161
940
627
286
-25
-223
-411
-438
-365
-118
-4
-107
-440
-854
-1111
-1296
-1306
-1279
-1160
-965
-736
-519
-329
-326
-565
-1027
-1474
-1787
-1968
-2142
-2361
-2454
-2358
-1991
-1576
-1201
-901
-608
-239
243
790
1365
1851
2143
2247
2162
1970
1621
1178
774
591
765
1093
1401
1531
1443
1249
979
728
491
298
100
-150
-334
-333
-123
138
346
508
642
827
959
1038
1087
1150
1249
1293
1245
1030
741
462
158
-174
-568
-863
-958
-819
-531
-269
-114
-22
69
126
73
-75
-246
-375
-410
-381
-274
-166
-125
-301
-726
-1268
-1783
-2249
-2743
-3257
-3637
-3815
-3824
-3641
-3417
-3110
-2799
-2372
-1815
-1181
-505
171
828
1450
2021
2453
2702
2707
2571
2357
2131
1949
1808
1720
1629
1513
1380
1176
992
795
655
488
300
156
54
30
49
114
250
526
831
1093
1164
1177
1258
1431
1584
1527
1285
971
732
538
288
-105
-496
-770
-834
-732
-524
-255
-72
2
-27
11
164
307
330
223
157
256
470
593
515
235
-179
-599
-970
-1293
-1648
-2126
-2723
-3320
-3718
-3901
-3956
-3984
-3977
-3788
-3317
-2600
-1819
-1094
-509
-19
368
718
1035
1279
1482
1620
1771
1968
2186
2320
2235
1914
1457
1006
652
420
260
93
-42
-70
12
148
218
208
213
345
663
1054
1359
1563
1717
1934
2155
2231
2079
1719
1393
1129
897
620
343
190
193
267
266
192
163
197
234
262
284
330
324
283
260
288
354
362
269
62
-180
-412
-631
-843
-1104
-1429
-1799
-2207
-2573
-2873
-3151
-3375
-3560
-3604
-3430
-3062
-2552
-2036
-1607
-1279
-1067
-877
-639
-318
43
404
779
1150
1528
1822
1963
1884
1618
1278
940
671
461
272
133
37
1
-10
-12
17
76
181
292
436
667
984
1352
1634
1800
1816
1772
1666
1514
1312
1087
913
797
824
931
1035
1034
935
813
786
835
901
905
797
660
576
594
622
589
471
304
152
23
-114
-315
-548
-831
-1129
-1428
-1682
-1863
-1998
-2128
-2280
-2378
-2414
-2373
-2267
-2145
-2068
-2080
-2108
-2039
-1880
-1707
-1585
-1450
-1155
-722
-259
132
385
545
657
708
662
516
387
302
265
278
306
323
279
185
77
30
84
197
372
557
782
1043
1244
1347
1326
1271
1220
1166
1095
1019
998
1042
1162
1298
1333
1281
1169
1105
1135
1203
1268
1267
1231
1160
1074
988
875
775
684
619
547
454
321
155
-47
-267
-537
-840
-1151
-1431
-1570
-1613
-1593
-1545
-1509
-1421
-1331
-1225
-1185
-1260
-1416
-1585
-1716
-1865
-1986
-2014
-1864
-1556
-1246
-1012
-849
-662
-434
-260
-211
-275
-348
-356
-269
-150
-44
17
20
61
165
315
457
534
585
634
716
812
871
865
787
681
622
638
726
820
893
973
1095
1252
1362
1366
1324
1334
1421
1548
1622
1616
1505
1323
1103
874
718
636
640
664
671
700
727
696
537
279
14
-231
-467
-696
-909
-1027
-1035
-935
-800
-681
-584
-532
-494
-476
-491
-559
-694
-873
-1072
-1270
-1391
-1475
-1566
-1721
-1891
-1971
-1893
-1702
-1562
-1515
-1523
-1469
-1353
-1187
-1058
-974
-925
-857
-680
-422
-93
189
402
599
806
983
1039
930
738
540
370
259
215
298
493
770
1020
1166
1228
1269
1346
1432
1580
1767
1928
2030
2048
2001
1839
1565
1269
1000
808
707
692
718
744
749
740
647
453
203
-50
-246
-410
-529
-609
-619
-561
-485
-409
-343
-302
-266
-275
-263
-227
-210
-238
-357
-541
-778
-999
-1167
-1319
-1483
-1644
-1785
-1898
-2007
-2086
-2122
-2088
-2041
-2021
-1977
-1846
-1598
-1312
-1051
-785
-497
-193
93
350
563
715
815
863
900
933
899
787
627
535
508
543
581
586
611
707
884
1067
1200
1254
1239
1238
1299
1365
1352
1252
1124
1070
1082
1096
1046
945
845
803
806
762
701
609
527
423
298
207
128
79
10
-39
16
125
230
261
287
330
344
296
155
-22
-233
-449
-696
-950
-1130
-1255
-1392
-1579
-1781
-1927
-2033
-2155
-2332
-2537
-2707
-2779
-2726
-2546
-2305
-2049
-1786
-1465
-1105
-745
-445
-219
-30
196
483
772
989
1066
1074
1072
1118
1172
1174
1132
1039
973
962
1020
1095
1110
1040
955
945
1002
1031
959
842
789
853
934
958
897
815
810
843
826
795
769
755
719
656
588
532
503
441
366
352
422
536
636
717
801
882
886
759
543
339
178
23
-166
-382
-550
-675
-801
-963
-1150
-1318
-1465
-1619
-1791
-1965
-2077
-2119
-2158
-2222
-2294
-2334
-2329
-2269
-2144
-1954
-1749
-1540
-1316
-1046
-722
-392
-118
68
217
399
593
746
827
897
972
1041
1095
1126
1097
1037
963
903
878
840
802
742
710
735
772
747
669
603
623
693
767
809
839
890
955
991
959
890
806
738
671
624
626
654
730
804
881
943
963
958
913
849
787
688
541
351
124
-79
-235
-375
-539
-720
-860
-948
-1025
-1125
-1261
-1390
-1458
-1493
-1531
-1595
-1653
-1714
-1778
-1833
-1897
-1975
-2079
-2121
-2001
-1755
-1469
-1254
-1101
-946
-749
-502
-301
-138
-5
126
267
385
498
610
697
753
806
875
945
946
889
814
743
674
577
504
493
563
659
743
803
872
985
1097
1177
1221
1249
1265
1287
1280
1241
1195
1124
1083
1039
998
959
914
898
897
902
876
808
676
517
347
156
-44
-222
-391
-536
-636
-684
-721
-771
-816
-883
-907
-928
-959
-1029
-1120
-1171
-1212
-1278
-1393
-1513
-1598
-1623
-1587
-1535
-1518
-1546
-1576
-1545
-1424
-1266
-1136
-1057
-965
-848
-709
-516
-319
-144
5
140
288
434
557
622
660
689
709
716
685
639
600
557
516
475
475
525
618
758
892
1009
1115
1224
1316
1370
1402
1399
1390
1368
1328
1294
1247
1232
1242
1255
1234
1149
1044
912
774
620
455
298
144
13
-121
-226
-320
-410
-484
-561
-587
-589
-564
-557
-571
-621
-679
-742
-862
-1001
-1107
-1171
-1194
-1190
-1159
-1144
-1136
-1155
-1186
-1224
-1305
-1430
-1588
-1710
-1744
-1672
-1538
-1390
-1259
-1098
-921
-727
-524
-330
-165
-60
36
133
222
306
379
425
453
498
548
576
601
642
701
778
855
949
1059
1163
1260
1333
1365
1343
1322
1323
1349
1365
1379
1403
1416
1448
1427
1383
1338
1282
1199
1061
933
786
658
540
411
305
206
137
91
51
0
-76
-170
-286
-408
-538
-635
-718
-786
-833
-876
-889
-897
-904
-934
-960
-966
-963
-949
-953
-983
-1025
-1077
-1133
-1203
-1273
-1375
-1478
-1524
-1517
-1438
-1322
-1197
-1087
-972
-847
-737
-621
-498
-388
-295
-203
-89
8
85
153
206
291
417
528
611
663
700
711
728
750
751
769
797
857
915
975
1000
1007
1029
1056
1088
1086
1100
1119
1145
1153
1131
1111
1050
981
900
821
767
742
712
667
617
549
460
357
229
85
-62
-195
-330
-450
-532
-611
-662
-713
-743
-760
-768
-773
-806
-824
-826
-828
-793
-798
-818
-847
-882
-898
-946
-999
-1093
-1199
-1298
-1363
-1371
-1331
-1253
-1160
-1060
-934
-808
-697
-589
-502
-392
-287
-166
-19
112
226
313
401
500
623
707
714
663
645
643
632
601
582
599
620
708
806
897
924
934
969
1005
1047
1066
1084
1100
1134
1169
1178
1189
1166
1129
1072
1006
949
895
828
727
630
518
418
316
189
41
-101
-215
-314
-415
-500
-562
-605
-640
-670
-677
-674
-677
-680
-698
-715
-710
-733
-777
-843
-895
-939
-963
-1008
-1073
-1140
-1231
-1333
-1443
-1483
-1461
-1387
-1269
-1156
-1046
-920
-771
-620
-492
-374
-239
-102
5
86
147
208
266
327
362
381
372
349
355
347
356
373
418
485
563
666
784
863
885
879
895
944
1004
1070
1144
1191
1231
1257
1268
1241
1173
1092
1011
957
904
856
788
705
617
504
400
275
155
29
-88
-194
-280
-338
-380
-405
-419
-425
-425
-432
-443
-450
-453
-455
-446
-455
-483
-497
-516
-560
-651
-759
-868
-965
-1053
-1149
-1273
-1387
-1424
-1393
-1323
-1225
-1115
-1008
-892
-746
-598
-465
-348
-254
-172
-111
-77
-34
22
66
116
165
209
245
265
276
278
281
282
282
329
418
546
652
736
797
855
909
936
956
969
976
999
1033
1071
1100
1089
1049
999
940
876
795
700
604
512
448
374
321
242
159
84
-2
-87
-171
-238
-310
-351
-356
-331
-299
-262
-205
-162
-125
-129
-174
-245
-327
-389
-465
-534
-632
-731
-799
-884
-971
-1096
-1239
-1368
-1453
-1466
-1424
-1321
-1230
-1154
-1054
-946
-815
-693
-582
-479
-388
-305
-209
-102
-6
87
139
180
221
267
307
293
271
256
288
364
446
552
636
715
782
832
880
893
920
941
965
1006
1033
1051
1048
1028
990
954
930
863
797
725
670
622
564
524
451
362
289
227
175
138
86
34
-11
-44
-56
-45
-15
18
53
94
128
143
94
5
-92
-182
-267
-369
-463
-550
-644
-745
-864
-994
-1139
-1316
-1467
-1550
-1553
-1491
-1383
-1270
-1180
-1085
-979
-855
-747
-644
-568
-495
-415
-341
-244
-156
-103
-80
-42
10
51
73
82
91
95
119
169
245
331
408
490
591
667
722
753
783
831
869
920
935
950
956
962
945
926
897
831
762
698
677
657
614
565
518
461
389
332
278
256
225
222
206
214
220
251
268
282
290
272
248
202
167
112
26
-74
-187
-322
-463
-606
-737
-860
-974
-1103
-1230
-1356
-1448
-1510
-1525
-1488
-1412
-1324
-1225
-1114
-1009
-895
-787
-692
-607
-531
-468
-392
-312
-246
-189
-136
-72
-15
38
84
103
125
148
208
292
401
503
600
699
772
847
890
919
916
911
908
896
890
883
873
860
849
823
778
720
668
608
552
520
482
453
435
418
389
351
322
277
242
218
202
186
167
161
172
174
131
85
17
-57
-136
-229
-314
-399
-486
-575
-672
-775
-857
-954
-1047
-1138
-1237
-1314
-1370
-1388
-1355
-1299
-1230
-1153
-1080
-993
-896
-789
-686
-597
-521
-439
-368
-301
-234
-183
-141
-83
-22
51
128
182
238
272
329
400
481
569
642
719
788
856
893
907
915
919
913
893
881
866
847
848
850
850
833
810
792
788
769
743
715
669
629
583
547
494
425
349
290
253
213
172
127
92
56
15
-30
-77
-129
-179
-225
-269
-324
-384
-462
-519
-577
-659
-742
-825
-891
-974
-1041
-1115
-1183
-1219
-1239
-1245
-1227
-1199
-1162
-1126
-1077
-1006
-920
-829
-757
-676
-605
-522
-433
-354
-282
-209
-127
-35
60
155
245
309
364
402
460
531
602
666
721
763
795
817
834
856
843
818
786
781
790
801
818
826
819
795
784
801
818
812
777
731
685
626
555
476
392
321
259
205
157
121
79
38
-6
-38
-62
-87
-96
-109
-117
-137
-168
-213
-280
-333
-397
-455
-531
-599
-666
-746
-833
-922
-1001
-1083
-1149
-1197
-1222
-1224
-1204
-1166
-1122
-1050
-960
-851
-750
-654
-569
-478
-380
-287
-188
-105
-18
53
113
175
240
304
339
371
405
453
510
565
615
640
665
700
734
758
762
742
717
696
700
713
722
720
710
693
674
672
686
685
647
589
532
470
404
333
264
193
127
82
65
61
50
31
9
-13
-28
-39
-43
-44
-44
-51
-58
-72
-100
-155
-226
-313
-406
-496
-591
-685
-780
-880
-975
-1062
-1134
-1199
-1249
-1280
-1285
-1250
-1193
-1117
-1021
-900
-779
-674
-562
-447
-335
-226
-126
-33
50
135
214
284
345
389
425
457
498
535
575
607
633
662
679
696
711
730
734
723
709
691
680
682
688
684
666
650
638
622
598
575
546
508
453
401
348
308
268
223
173
118
85
60
53
38
19
-4
-23
-35
-44
-53
-60
-71
-88
-112
-143
-185
-246
-314
-386
-455
-524
-608
-690
-770
-839
-903
-964
-1008
-1042
-1071
-1078
-1066
-1021
-965
-895
-811
-720
-622
-528
-422
-314
-204
-106
-23
50
117
185
234
270
292
306
325
344
364
377
390
403
421
444
463
481
493
503
516
528
553
566
572
573
567
558
542
528
511
491
466
443
418
390
364
336
305
277
249
221
192
178
166
150
131
108
85
68
54
44
29
10
-12
-27
-36
-54
-88
-139
-200
-254
-297
-330
-377
-439
-510
-574
-621
-657
-697
-729
-757
-766
-757
-732
-696
-655
-608
-559
-503
-441
-372
-300
-231
-163
-102
-53
-10
27
61
85
97
106
115
134
147
155
168
183
206
225
248
276
304
333
355
380
397
409
419
420
422
420
421
423
424
424
421
417
411
401
391
379
369
357
344
328
310
290
263
236
207
173
133
95
64
30
-3
-44
-81
-116
-151
-183
-217
-255
-309
-364
-417
-453
-477
-498
-523
-557
-595
-627
-647
-654
-653
-652
-648
-636
-619
-591
-561
-524
-490
-453
-408
-358
-302
-247
-197
-150
-106
-66
-25
15
51
80
102
127
157
194
232
266
305
339
375
409
437
465
483
501
510
522
527
528
527
521
521
516
512
508
500
488
467
452
436
424
401
380
354
334
313
291
269
236
204
166
129
92
50
8
-33
-72
-105
-138
-166
-199
-232
-266
-306
-344
-381
-409
-432
-451
-470
-495
-527
-559
-581
-592
-598
-611
-625
-637
-636
-618
-601
-579
-565
-539
-506
-470
-423
-378
-326
-281
-231
-180
-126
-74
-24
17
55
91
129
170
205
240
267
299
323
344
369
392
411
418
432
446
463
471
475
478
479
488
491
491
474
460
445
442
438
425
406
382
365
347
333
319
293
263
230
197
165
131
101
63
24
-12
-42
-67
-90
-112
-132
-154
-173
-194
-219
-239
-267
-288
-310
-330
-350
-377
-391
-413
-428
-448
-464
-479
-491
-491
-489
-479
-471
-457
-445
-424
-406
-383
-364
-345
-320
-298
-260
-230
-200
-176
-150
-122
-93
-59
-30
2
32
65
100
139
177
214
247
278
306
332
356
378
400
417
430
439
443
451
453
453
447
442
443
435
432
416
405
389
375
359
333
312
278
247
208
169
134
104
80
54
26
-1
-31
-58
-84
-108
-133
-160
-182
-201
-224
-242
-263
-282
-299
-313
-324
-340
-353
-364
-376
-383
-395
-397
-401
-400
-396
-399
-386
-381
-373
-366
-357
-346
-337
-322
-307
-291
-273
-249
-224
-194
-172
-141
-114
-82
-49
-18
21
53
89
126
169
207
239
269
301
327
353
374
392
410
424
438
442
445
447
453
458
455
447
432
425
415
410
396
383
360
334
307
272
241
206
176
144
113
80
50
19
-12
-36
-63
-82
-107
-126
-145
-164
-178
-201
-214
-238
-246
-256
-261
-269
-278
-285
-297
-306
-321
-333
-346
-351
-358
-361
-367
-371
-377
-382
-384
-391
-392
-392
-391
-384
-371
-354
-334
-313
-289
-264
-236
-203
-172
-135
-96
-54
-11
30
76
117
160
198
236
269
304
336
366
393
411
426
432
443
446
452
451
451
450
448
446
438
430
417
401
381
361
335
306
277
247
214
181
149
120
92
69
48
29
12
-4
-17
-30
-37
-49
-59
-72
-82
-94
-106
-118
-134
-150
-169
-188
-210
-231
-252
-267
-283
-297
-314
-333
-351
-372
-390
-409
-426
-441
-451
-455
-455
-452
-444
-437
-423
-410
-389
-365
-339
-305
-268
-227
-187
-144
-101
-58
-15
31
74
117
158
198
236
270
301
326
348
366
381
391
402
412
421
428
436
439
440
438
434
427
415
400
382
363
339
316
291
266
238
211
182
154
130
106
88
69
56
41
31
18
5
-9
-25
-40
-58
-71
-88
-101
-116
-130
-146
-161
-177
-193
-207
-225
-242
-264
-286
-311
-333
-358
-378
-398
-413
-425
-433
-439
-440
-438
-433
-423
-411
-389
-364
-332
-298
-259
-221
-181
-141
-101
-62
-22
15
52
89
122
154
183
210
234
254
271
283
293
301
309
315
323
326
329
328
324
318
311
302
290
280
263
249
232
216
198
181
164
145
128
110
95
79
68
60
56
53
50
48
44
40
32
25
14
5
-5
-14
-20
-28
-38
-53
-66
-84
-103
-125
-151
-175
-202
-226
-250
-268
-287
-301
-314
-324
-332
-339
-340
-342
-338
-333
-320
-304
-282
-258
-231
-201
-171
-139
-109
-77
-49
-20
4
31
55
76
98
117
136
151
166
177
189
197
207
215
224
230
233
234
232
229
223
218
212
204
196
188
179
168
157
145
133
122
111
103
94
92
89
90
92
96
98
99
100
98
95
90
83
73
66
55
45
33
19
4
-14
-33
-54
-77
-102
-127
-152
-177
-198
-218
-233
-246
-258
-268
-274
-281
-285
-287
-286
-281
-273
-260
-245
-225
-205
-183
-161
-139
-120
-100
-82
-66
-47
-29
-11
5
20
36
48
61
73
85
95
106
115
124
132
139
145
147
150
151
152
152
151
149
148
145
142
138
132
127
124
122
122
122
126
128
130
132
133
133
132
132
130
129
127
123
116
109
97
83
69
51
34
16
-3
-21
-41
-60
-80
-99
-120
-140
-158
-177
-195
-210
-225
-236
-246
-254
-259
-262
-263
-261
-256
-250
-239
-228
-213
-198
-181
-163
-146
-129
-113
-97
-81
-66
-51
-35
-19
-4
12
26
41
54
65
74
82
89
96
101
107
113
119
127
133
142
149
154
159
163
165
166
167
167
168
170
171
174
175
175
174
170
165
160
153
149
146
142
138
133
124
116
104
90
75
60
42
27
9
-7
-23
-39
-55
-71
-86
-101
-116
-131
-144
-159
-173
-185
-197
-204
-211
-215
-216
-214
-213
-209
-204
-198
-189
-181
-170
-159
-146
-132
-118
-105
-92
-80
-70
-58
-50
-40
-31
-24
-17
-11
-6
-3
1
4
9
14
20
29
39
50
63
77
89
100
113
123
132
140
148
155
161
169
174
177
181
181
180
177
171
165
157
149
139
129
117
105
93
79
65
50
34
19
1
-15
-32
-46
-61
-73
-85
-93
-101
-109
-116
-123
-129
-136
-141
-149
-151
-152
-152
-149
-145
-141
-135
-130
-124
-117
-109
-100
-91
-79
-68
-57
-45
-36
-28
-21
-14
-8
-2
2
6
10
14
16
18
20
24
26
31
37
42
48
57
65
72
80
86
93
97
101
106
109
113
116
120
122
125
125
125
120
116
111
104
98
91
85
77
70
61
52
42
31
19
7
-4
-17
-30
-40
-51
-61
-70
-78
-86
-94
-101
-107
-113
-120
-126
-132
-135
-137
-138
-137
-135
-132
-129
-125
-120
-113
-107
-100
-91
-81
-71
-61
-51
-42
-32
-25
-17
-10
-3
3
9
13
18
22
26
30
35
39
44
48
54
60
65
72
76
81
87
92
97
102
106
110
115
120
123
128
130
132
132
132
131
129
126
123
118
113
107
102
95
88
80
71
62
52
41
30
17
3
-11
-25
-40
-54
-69
-83
-96
-111
-125
-138
-152
-163
-174
-183
-189
-194
-197
-199
-199
-197
-195
-191
-186
-181
-172
-162
-152
-139
-127
-113
-99
-85
-72
-57
-44
-31
-20
-6
6
18
30
42
53
65
75
84
95
105
113
121
128
134
139
142
145
149
151
153
154
157
158
158
158
156
152
148
143
139
133
128
124
118
112
106
98
90
81
73
64
56
46
36
25
11
-3
-18
-33
-49
-64
-80
-95
-110
-125
-138
-152
-166
-178
-189
-199
-206
-212
-216
-217
-217
-216
-213
-208
-202
-194
-186
-175
-162
-148
-133
-115
-99
-80
-61
-45
-26
-9
6
21
35
48
60
73
84
96
107
118
129
139
145
152
156
161
164
165
167
168
170
170
170
168
165
162
158
152
148
142
136
130
124
118
111
102
94
85
76
67
57
47
34
23
10
-6
-21
-37
-53
-68
-85
-99
-113
-127
-140
-153
-165
-176
-184
-193
-199
-204
-206
-207
-207
-205
-201
-196
-190
-183
-174
-165
-153
-142
-128
-114
-99
-84
-68
-53
-39
-23
-11
3
14
26
37
48
58
70
80
91
102
111
118
125
131
135
137
141
144
146
147
149
150
149
146
142
138
134
129
124
118
114
110
105
100
96
91
86
80
74
66
59
51
43
35
26
17
7
-4
-16
-28
-41
-54
-67
-79
-90
-99
-107
-114
-120
-126
-130
-134
-137
-141
-143
-145
-147
-147
-148
-145
-142
-137
-132
-126
-118
-110
-102
-94
-87
-79
-72
-63
-54
-45
-35
-25
-15
-4
7
18
27
37
47
56
66
75
84
91
99
104
109
113
117
120
122
124
125
126
126
125
124
121
118
115
110
106
102
100
95
92
88
84
78
72
66
58
50
41
32
22
12
2
-11
-23
-36
-48
-61
-72
-82
-90
-98
-107
-113
-120
-126
-131
-136
-140
-142
-143
-143
-142
-140
-138
-135
-132
-128
-124
-119
-113
-106
-100
-92
-84
-76
-66
-56
-48
-37
-26
-16
-6
5
16
26
35
45
54
65
74
85
96
105
115
124
131
138
141
144
144
146
146
146
146
145
144
141
138
132
125
118
110
101
93
87
81
74
67
59
50
38
26
12
-3
-18
-31
-42
-52
-61
-69
-77
-83
-91
-99
-106
-114
-121
-128
-134
-139
-140
-141
-140
-138
-134
-130
-126
-123
-120
-117
-114
-110
-107
-102
-96
-91
-83
-75
-68
-60
-52
-44
-36
-29
-21
-12
-4
5
14
23
33
41
51
61
72
80
89
97
103
109
113
116
118
120
122
123
124
126
125
124
123
120
117
111
107
102
96
91
87
82
77
70
63
54
45
35
25
14
3
-5
-14
-20
-28
-35
-41
-48
-55
-62
-69
-76
-82
-85
-88
-90
-91
-92
-92
-92
-93
-92
-93
-91
-89
-87
-85
-82
-80
-76
-73
-69
-65
-62
-58
-52
-47
-40
-33
-26
-18
-14
-8
-3
2
6
10
15
20
26
29
35
39
45
49
52
55
55
56
57
58
58
59
61
60
62
62
61
60
60
58
56
55
53
50
50
49
47
46
43
39
36
30
26
20
16
10
6
2
-1
-5
-9
-12
-16
-21
-26
-31
-35
-39
-43
-46
-50
-54
-58
-61
-66
-70
-72
-74
-76
-78
-78
-77
-75
-74
-72
-70
-67
-64
-59
-54
-49
-42
-35
-28
-21
-15
-9
-2
3
10
16
21
28
35
40
46
52
57
62
67
71
76
77
80
82
84
85
84
85
84
84
82
81
78
75
72
69
65
62
57
53
47
43
38
32
26
19
13
6
-1
-7
-14
-20
-26
-32
-37
-42
-47
-52
-58
-63
-68
-74
-78
-83
-87
-92
-95
-99
-101
-105
-105
-107
-107
-107
-106
-105
-103
-100
-96
-91
-84
-77
-70
-62
-53
-44
-34
-26
-17
-8
2
11
20
30
38
48
56
63
70
77
82
88
93
98
101
104
108
110
111
113
113
112
111
109
106
103
101
97
94
89
86
80
75
69
62
56
49
42
35
28
20
12
5
-3
-10
-17
-25
-31
-39
-45
-50
-56
-63
-69
-74
-79
-84
-88
-93
-96
-98
-101
-102
-103
-105
-106
-106
-106
-106
-104
-103
-99
-95
-91
-85
-79
-73
-66
-60
-52
-44
-37
-29
-22
-13
-5
3
11
20
27
35
41
47
53
58
63
68
72
76
79
84
86
90
92
94
95
95
95
94
93
92
90
90
87
85
82
78
74
69
64
58
52
46
40
33
27
20
12
6
-2
-8
-14
-22
-30
-36
-43
-49
-55
-60
-66
-71
-75
-79
-83
-85
-89
-90
-92
-93
-93
-94
-94
-92
-91
-89
-87
-83
-79
-76
-72
-67
-62
-57
-51
-46
-40
-33
-27
-20
-14
-6
0
6
13
21
27
34
41
48
54
59
65
71
76
82
87
90
94
98
100
101
104
104
105
105
104
101
99
96
91
87
81
75
69
61
54
46
37
29
20
11
2
-8
-17
-26
-34
-42
-51
-58
-64
-71
-77
-82
-88
-92
-96
-99
-101
-101
-103
-104
-103
-102
-101
-98
-96
-93
-89
-85
-81
-76
-71
-67
-61
-55
-49
-43
-37
-30
-25
-18
-12
-5
1
8
15
21
27
34
41
47
54
59
65
70
75
79
83
86
89
92
93
96
96
96
96
95
94
92
88
85
82
77
73
68
62
57
50
45
37
32
24
18
10
3
-4
-11
-17
-24
-30
-36
-42
-47
-52
-56
-60
-64
-67
-70
-72
-75
-75
-76
-77
-77
-76
-74
-73
-71
-69
-66
-64
-60
-58
-54
-51
-47
-44
-40
-35
-32
-28
-24
-19
-14
-11
-7
-2
2
7
11
16
20
24
28
33
36
41
44
46
50
52
54
56
57
59
59
60
59
59
58
57
55
53
51
48
46
43
39
35
32
28
25
21
17
12
10
4
2
-3
-6
-9
-13
-16
-20
-22
-24
-27
-30
-32
-34
-35
-37
-38
-39
-40
-41
-42
-41
-42
-41
-41
-40
-40
-38
-37
-36
-35
-33
-32
-30
-28
-26
-23
-21
-18
-16
-14
-11
-7
-6
-2
2
4
7
11
13
16
19
23
25
28
31
33
35
37
39
39
41
41
42
43
42
43
42
41
40
37
36
34
32
29
27
24
21
17
14
11
7
4
0
-3
-5
-8
-11
-14
-17
-19
-22
-23
-24
-26
-27
-28
-28
-30
-30
-30
-30
-30
-30
-30
-29
-29
-29
-28
-28
-27
-27
-27
-25
-24
-24
-23
-22
-20
-20
-18
-17
-15
-14
-12
-11
-9
-7
-5
-3
-1
1
4
6
9
10
12
15
18
20
22
24
25
27
28
29
31
31
32
32
33
33
34
33
32
32
31
30
29
28
25
24
23
21
19
17
15
13
11
10
7
5
2
1
-1
-3
-4
-6
-7
-10
-11
-12
-13
-15
-16
-17
-19
-19
-19
-21
-22
-22
-23
-23
-24
-25
-25
-25
-25
-25
-25
-25
-24
-24
-23
-23
-22
-21
-20
-19
-18
-15
-13
-12
-10
-10
-8
-6
-4
-2
-1
1
4
5
6
8
9
11
12
14
15
17
17
18
19
20
20
21
21
21
22
21
22
22
21
21
20
19
19
18
16
16
14
13
11
10
9
8
7
5
4
3
1
0
-1
-2
-4
-5
-5
-6
-7
-8
-9
-10
-10
-11
-12
-13
-13
-14
-14
-14
-15
-15
-15
-14
-16
-15
-15
-14
-14
-13
-13
-12
-10
-10
-9
-8
-7
-6
-6
-4
-2
-2
-1
1
2
3
4
5
5
5
6
7
7
8
8
9
9
10
9
10
10
9
9
9
8
8
9
8
6
6
6
6
5
4
4
3
3
2
1
0
0
-1
-1
-1
-1
-2
-2
-1
-1
-2
-1
-1
-1
-1
-1
-1
-1
-2
-2
-2
-1
-3
-3
-4
-3
-4
-4
-4
-5
-5
-5
-6
-5
-7
-5
-5
-5
-5
-5
-4
-3
-3
-3
-2
-2
-1
-1
0
1
1
2
2
3
3
2
3
3
2
4
3
3
3
4
4
4
4
4
4
3
3
3
3
3
3
2
2
1
1
0
1
2
1
2
2
1
0
0
0
0
0
0
0
0
2
2
1
1
1
1
0
1
0
1
1
1
0
-1
-2
-2
-1
-1
0
0
0
1
0
-2
-3
-4
-4
-2
-2
-1
1
1
1
0
-1
-3
-2
-1
-2
-2
0
0
0
1
0
-1
-1
-2
-2
-2
-1
-1
-1
0
1
0
0
0
0
0
0
0
0
-1
-1
-1
0
0
0
1
1
1
1
0
0
0
1
1
1
2
2
2
2
2
1
1
1
0
1
1
0
1
1
3
2
3
2
0
0
-2
-3
-3
-3
-1
1
1
3
2
0
-1
-2
-3
-5
-4
-3
-1
0
0
-1
-1
-3
-3
-2
-3
-1
0
1
1
1
0
-1
-1
-1
-1
0
0
0
1
1
2
3
3
2
2
2
2
1
1
1
2
2
2
2
2
2
2
2
2
0
0
0
0
-1
-1
1
2
4
4
4
4
3
1
0
-2
-3
-3
-3
-1
1
4
6
5
4
1
-3
-7
-9
-10
-7
-4
-1
3
5
4
1
-2
-6
-8
-9
-7
-5
-3
-2
-1
-2
-2
-2
-2
-1
1
1
2
1
-1
-3
-4
-5
-4
-2
3
7
10
12
11
7
-1
-8
-13
-15
-11
-3
7
18
23
23
17
6
-8
-20
-25
-22
-14
1
13
20
22
16
7
-5
-14
-17
-14
-8
2
10
15
14
10
3
-4
-8
-10
-8
-5
0
3
6
7
5
4
1
-2
-5
-7
-7
-7
-5
-2
1
4
7
7
6
2
-3
-7
-9
-9
-7
-2
2
7
7
7
5
1
-4
-6
-7
-7
-4
0
1
4
4
3
1
-1
-2
-3
-4
-1
0
2
1
2
0
0
-1
-2
-2
-1
0
2
3
3
1
0
-1
-3
-2
-2
0
2
4
3
4
2
-1
-2
-2
-2
-2
0
1
3
3
3
2
1
-1
-3
-2
-2
-1
0
0
1
1
1
0
0
-1
-1
0
-1
1
0
1
0
0
0
-1
-1
-1
0
1
0
1
0
0
0
-1
-1
0
1
0
0
1
0
0
-1
-1
-1
0
1
1
1
0
0
0
0
0
-1
0
0
0
0
1
1
0
0
0
0
0
0
0
0
-1
1
0
0
0
0
0
0
0
0
-1
0
-1
0
0
0
-1
-1
-1
0
0
-1
-1
-1
-1
0
0
0
0
0
0
0
0
-1
0
0
0
0
0
0
0
0
1
1
0
0
0
-1
0
0
-1
0
-1
1
-1
0
0
0
0
0
-1
-1
0
0
0
0
0
0
0
0
0
0
0
0
-1
0
0
0
0
0
0
1
1
1
0
0
1
0
0
0
1
0
0
0
0
1
0
0
1
-1
0
0
-1
-1
1
0
0
1
1
0
0
0
-1
-1
0
0
0
0
0
0
0
0
0
0
0
0
-1
-1
0
0
0
0
1
0
0
0
-1
1
-1
-1
-1
-1
0
0
0
0
0
0
0
0
0
-1
-1
-1
0
0
0
0
0
0
-1
0
0
0
-1
-1
0
-1
-1
0
0
1
0
0
1
1
-1
0
-1
0
0
1
1
0
0
0
0
1
0
0
0
0
-1
1
0
0
1
1
0
0
1
0
1
1
0
0
0
0
0
0
1
0
1
1
1
0
0
0
0
0
1
0
0
0
1
-1
-1
1
-1
0
0
-1
0
0
1
0
0
0
0
0
0
-1
0
0
0
-1
0
0
1
1
0
0
0
0
0
0
0
0
0
0
-1
1
0
0
1
0
0
0
0
1
-1
0
0
0
0
-1
1
0
0
-1
0
0
0
0
0
-1
0
-1
1
0
0
1
0
0
0
0
0
0
0
0
-1
0
0
0
1
0
1
0
0
0
0
-1
0
0
1
1
0
0
0
-1
-1
0
0
0
-1
0
0
1
0
1
0
0
1
0
0
1
0
0
0
0
0
0
0
0
0
0
0
-1
1
0
0
0
0
0
0
0
0
0
0
-1
0
-1
0
0
0
0
0
-1
0
0
0
0
0
0
0
0
0
0
0
0
0
-1
1
1
-1
0
0
0
0
0
0
0
0
0
0
0
0
0
-1
0
0
0
0
0
0
0
0
-1
0
0
0
0
-1
0
-1
0
0
0
0
0
-1
0
0
-1
0
0
0
1
0
0
0
0
0
0
1
0
0
0
0
0
1
0
0
0
1
1
0
0
0
0
0
0
0
0
1
1
1
0
0
-1
0
0
0
-1
-1
0
0
0
0
0
0
0
0
0
0
0
0
0
0
0
0
0
0
0
0
0
1
1
1
0
-1
0
0
0
0
0
0
1
-1
-1
0
0
0
0
0
1
0
-1
0
0
0
0
0
0
0
0
-1
0
0
0
0
1
0
0
0
0
0
-1
1
1
0
0
0
0
1
0
0
0
0
0
0
0
0
0
0
0
0
1
0
0
0
0
0
0
1
0
0
0
0
0
0
0
0
0
0
1
0
-1
0
0
0
0
-1
0
0
0
0
0
0
-1
0
0
-1
0
0
0
-1
1
0
0
0
0
0
0
0
0
0
0
0
0
0
-1
0
-1
0
0
0
0
0
0
0
0
0
1
0
0
0
0
0
0
0
0
0
0
0
1
0
0
0
0
0
0
0
0
0
-1
0
0
1
0
0
0
0
0
0
0
1
0
0
0
0
0
0
-1
0
1
0
0
0
0
0
0
0
0
-1
0
0
0
0
0
0
0
0
1
0
-1
0
1
0
0
-1
0
0
0
0
-1
0
0
0
0
1
0
0
0
0
0
0
0
0
-1
0
0
0
0
0
0
0
0
0
1
0
0
0
0
0
1
0
0
1
0
1
-1
0
0
0
0
0
0
0
0
-1
0
-1
-1
0
0
0
0
0
0
0
0
0
0
-1
0
-1
0
0
0
0
0
0
-1
0
0
0
0
0
0
0
0
0
0
0
0
0
0
0
0
0
1
1
0
-1
0
0
0
0
0
0
0
0
0
0
0
0
0
0
0
0
1
0
0
0
0
0
1
0
0
0
0
0
0
0
-1
-1
0
0
0
0
0
-1
-1
0
0
0
-1
1
0
0
-1
0
0
0
0
0
0
0
0
0
0
0
0
0
0
0
0
1
0
0
-1
0
0
0
0
0
0
1
0
0
-1
-1
0
0
0
0
-1
0
0
0
0
0
1
0
0
1
0
1
0
0
0
0
0
0
-1
0
0
0
0
0
0
1
0
0
0
0
0
0
-1
-1
0
-1
0
0
0
0
0
0
0
0
0
0
0
0
0
0
-1
0
0
0
0
1
0
0
0
0
0
0
0
0
0
0
-1
1
-1
0
0
0
0
0
0
0
0
1
0
1
0
0
0
1
-1
0
0
0
0
0
0
0
0
0
0
-1
0
0
0
0
1
1
0
1
0
0
0
0
0
0
0
0
0
0
-1
-1
-1
-1
0
0
0
0
0
-1
0
0
0
0
0
-1
0
-1
0
1
0
0
1
0
0
-1
0
-1
0
0
0
-1
0
1
-1
0
0
0
0
-1
0
1
0
-1
1
1
0
1
-1
0
0
1
0
0
-1
1
0
0
1
0
0
0
0
1
0
0
0
0
1
0
-1
0
-1
0
1
0
1
-1
0
1
0
0
0
0
0
-1
0
0
0
0
0
0
0
0
0
0
-1
0
1
0
1
0
-1
0
0
1
0
0
0
0
0
0
-1
0
-1
0
0
0
0
0
0
0
1
0
1
0
0
0
0
0
-1
0
0
0
0
0
-1
0
0
0
0
0
0
1
0
0
0
0
1
0
0
0
0
0
0
0
0
0
-1
0
1
0
0
0
0
0
0
0
0
0
0
0
0
0
0
0
-1
1
0
0
0
-1
0
0
0
1
0
0
0
-1
0
0
0
0
1
1
0
1
0
0
-1
0
-1
0
0
0
0
0
0
0
0
0
0
0
0
0
1
0
0
0
0
0
0
0
0
0
0
0
0
0
0
0
0
0
0
1
0
0
0
1
0
0
0
0
0
0
0
0
1
1
0
0
1
0
0
0
0
0
1
0
0
-1
1
0
-1
-1
0
0
0
0
0
1
0
1
0
0
0
1
0
-1
0
-1
0
0
-1
0
0
0
-1
0
0
0
0
0
0
0
0
1
-1
0
0
0
0
-1
0
0
0
0
0
