18
19
19
19
20
20
20
21
20
21
19
19
18
19
17
16
16
15
15
14
12
11
10
10
8
6
5
4
3
2
0
-1
-3
-3
-5
-6
-8
-8
-10
-11
-12
-13
-14
-15
-15
-15
-16
-17
-17
-17
-17
-18
-17
-17
-17
-17
-17
-16
-16
-15
-15
-15
-13
-13
-12
-11
-10
-8
-8
-7
-5
-5
-4
-3
-3
-1
0
1
2
4
5
6
7
7
8
8
9
9
11
12
12
12
12
13
13
14
13
14
14
14
13
14
13
13
12
11
11
10
10
10
8
8
7
6
6
4
4
3
2
2
1
0
-1
-2
-2
-3
-4
-5
-5
-6
-7
-7
-8
-7
-8
-9
-10
-9
-10
-10
-10
-10
-9
-9
-9
-9
-9
-7
-8
-7
-7
-6
-5
-4
-4
-3
-2
-2
0
-1
1
1
2
2
2
4
3
4
5
5
6
6
7
6
6
7
7
7
7
8
7
7
7
6
7
5
6
5
4
3
3
2
2
1
1
-1
-2
-3
-4
-4
-5
-6
-6
-6
-7
-8
-8
-9
-9
-9
-9
-9
-8
-8
-8
-8
-8
-7
-6
-6
-5
-5
-4
-3
-3
-2
-1
0
0
1
2
2
2
2
3
3
3
3
4
4
4
5
5
5
5
5
5
6
5
5
5
6
6
7
6
7
6
6
6
7
6
7
6
6
6
6
6
5
5
4
4
4
3
3
2
2
1
1
0
-1
-1
-1
-2
-3
-4
-4
-4
-6
-6
-7
-8
-8
-9
-9
-9
-10
-10
-11
-10
-10
-10
-10
-9
-10
-9
-8
-8
-7
-7
-6
-6
-5
-4
-4
-3
-3
-2
-2
-1
0
1
1
1
2
3
3
4
4
4
4
5
6
6
7
8
8
8
9
8
10
10
11
10
10
11
11
11
10
11
10
9
9
8
8
8
7
6
5
5
4
3
2
1
0
0
-1
-2
-3
-5
-5
-6
-6
-8
-8
-8
-9
-9
-9
-11
-11
-12
-11
-11
-12
-13
-11
-12
-12
-12
-12
-12
-11
-10
-10
-10
-10
-8
-8
-7
-6
-5
-6
-5
-4
-3
-2
-2
0
-1
0
2
2
3
4
5
5
7
8
8
9
10
11
11
12
13
13
13
14
14
14
14
14
15
14
13
14
13
12
11
11
10
10
9
7
6
5
4
4
3
2
0
0
-1
-2
-3
-3
-5
-6
-6
-5
-7
-7
-8
-8
-9
-9
-9
-9
-10
-10
-10
-11
-11
-10
-11
-11
-11
-12
-12
-12
-13
-12
-13
-12
-12
-12
-11
-11
-11
-11
-10
-10
-9
-8
-7
-7
-5
-5
-4
-2
-2
-1
0
2
3
4
5
6
8
9
11
11
13
14
15
17
18
18
19
19
19
21
20
20
20
19
19
19
18
16
16
14
13
12
10
9
7
5
3
2
0
-1
-2
-4
-6
-7
-9
-11
-11
-12
-14
-16
-15
-16
-17
-17
-18
-17
-17
-17
-17
-17
-18
-18
-17
-16
-15
-15
-14
-13
-12
-12
-11
-10
-9
-8
-7
-5
-5
-4
-2
-1
1
1
2
4
5
5
7
8
9
10
11
13
14
14
16
17
18
19
19
20
20
20
20
20
21
20
20
20
19
18
18
17
16
15
14
13
10
10
8
6
4
3
1
-1
-2
-4
-6
-8
-10
-12
-13
-16
-17
-18
-20
-21
-23
-24
-25
-26
-27
-27
-27
-29
-28
-30
-28
-28
-29
-28
-27
-26
-26
-25
-23
-22
-21
-19
-18
-16
-14
-12
-10
-7
-6
-3
-1
1
4
7
10
12
14
17
18
21
23
26
27
30
31
32
34
35
38
37
38
39
40
40
40
38
39
37
37
36
34
31
30
28
26
23
22
19
16
13
10
7
4
2
-2
-5
-8
-11
-14
-16
-19
-21
-23
-26
-28
-30
-32
-33
-35
-36
-38
-39
-40
-40
-40
-41
-42
-41
-41
-40
-40
-40
-38
-37
-36
-35
-33
-32
-28
-27
-24
-22
-20
-16
-13
-10
-8
-4
0
3
6
9
12
15
19
21
24
27
30
33
35
38
41
43
44
45
46
48
48
49
49
48
47
46
44
42
40
38
35
32
29
26
23
20
17
14
10
7
3
1
-2
-4
-7
-9
-12
-13
-16
-18
-20
-20
-23
-23
-26
-27
-28
-30
-31
-32
-34
-36
-37
-38
-39
-41
-42
-42
-44
-43
-43
-43
-43
-41
-41
-39
-38
-36
-32
-30
-25
-23
-19
-14
-11
-7
-3
1
4
10
12
17
20
23
26
29
32
33
36
37
40
41
42
44
45
45
46
47
46
44
45
44
43
41
40
37
34
33
30
26
24
21
18
14
11
8
6
4
1
-1
-4
-5
-6
-7
-8
-10
-11
-11
-13
-14
-16
-17
-19
-21
-24
-25
-28
-31
-34
-37
-39
-42
-44
-49
-50
-52
-54
-55
-56
-56
-55
-54
-53
-51
-48
-45
-41
-37
-33
-29
-23
-19
-13
-8
-3
2
7
12
17
22
27
30
34
37
41
43
46
49
50
52
54
55
55
56
56
57
56
54
53
51
49
46
44
41
38
34
32
27
23
20
16
13
11
8
6
4
3
1
0
-2
-3
-4
-4
-5
-7
-8
-10
-12
-15
-17
-20
-25
-28
-32
-36
-40
-44
-49
-52
-56
-60
-63
-65
-67
-68
-69
-69
-68
-68
-66
-63
-60
-55
-52
-47
-43
-35
-31
-25
-19
-13
-7
-1
5
11
16
21
26
32
36
40
43
47
50
52
55
56
57
59
60
61
61
61
60
59
58
55
54
51
48
45
42
38
35
32
28
24
20
17
14
11
9
6
3
2
1
-1
-1
-2
-4
-4
-5
-7
-8
-10
-11
-13
-15
-18
-20
-23
-26
-30
-33
-36
-39
-42
-45
-47
-49
-51
-52
-53
-54
-53
-52
-53
-50
-50
-47
-44
-42
-39
-35
-32
-27
-25
-20
-15
-11
-7
-3
1
6
9
12
16
20
23
26
28
32
34
35
37
40
41
42
43
44
45
45
46
46
45
45
43
43
40
38
36
34
31
29
26
23
19
16
13
11
8
6
3
0
-3
-6
-7
-9
-11
-12
-14
-16
-18
-19
-21
-24
-26
-28
-30
-31
-33
-35
-36
-37
-39
-39
-40
-40
-40
-41
-40
-39
-38
-37
-34
-33
-30
-26
-25
-21
-18
-15
-11
-8
-4
-1
3
6
9
12
15
18
22
23
26
27
30
31
32
34
34
36
37
39
38
38
39
39
37
37
37
36
35
34
33
31
29
27
24
22
20
17
14
10
9
6
2
-1
-4
-7
-9
-13
-15
-17
-19
-22
-24
-27
-29
-30
-32
-34
-36
-37
-39
-40
-41
-42
-42
-43
-43
-42
-43
-41
-41
-39
-37
-35
-33
-29
-26
-23
-19
-16
-10
-6
-2
3
7
10
15
18
22
26
29
31
33
36
38
38
40
41
41
40
40
40
40
39
37
36
36
35
33
32
30
30
28
26
25
24
22
21
19
16
15
13
10
9
6
4
1
-1
-4
-6
-10
-13
-16
-19
-22
-24
-26
-29
-31
-34
-37
-39
-42
-44
-46
-47
-50
-51
-53
-53
-54
-54
-55
-55
-54
-52
-51
-47
-46
-43
-39
-34
-30
-26
-20
-15
-10
-3
2
8
14
19
24
29
34
38
43
46
50
51
53
55
56
57
57
57
57
56
56
55
54
52
51
49
46
44
42
41
37
35
32
31
27
25
23
20
17
14
12
9
6
4
0
-3
-6
-8
-12
-15
-18
-20
-23
-27
-29
-32
-34
-36
-40
-43
-45
-47
-49
-52
-53
-55
-56
-58
-59
-59
-60
-60
-59
-58
-57
-55
-54
-50
-47
-45
-41
-37
-32
-28
-23
-18
-13
-8
-3
2
8
11
17
21
24
28
32
35
38
40
42
43
46
47
48
49
49
50
50
50
51
50
51
50
49
48
48
47
46
44
42
41
38
37
34
31
28
25
23
20
17
13
9
6
3
-1
-4
-8
-11
-15
-18
-22
-25
-27
-30
-34
-36
-39
-40
-43
-45
-47
-48
-49
-51
-52
-52
-53
-52
-52
-51
-51
-49
-48
-46
-44
-42
-39
-36
-32
-29
-25
-21
-18
-14
-10
-5
-2
2
7
11
15
18
22
25
28
31
34
36
39
40
42
44
44
47
47
48
49
48
48
48
47
47
45
45
43
41
40
38
36
33
31
27
25
21
18
16
12
9
6
3
-2
-5
-8
-11
-15
-18
-21
-24
-26
-29
-31
-35
-36
-37
-39
-41
-42
-44
-44
-45
-44
-44
-44
-45
-43
-43
-41
-40
-37
-35
-34
-31
-29
-25
-23
-20
-17
-14
-10
-8
-4
-2
2
5
8
12
14
17
19
22
23
26
28
29
32
32
33
34
36
36
36
37
37
36
36
37
36
35
34
32
32
30
29
27
26
23
22
20
18
15
14
12
10
8
6
3
1
-1
-4
-6
-8
-11
-13
-15
-19
-21
-23
-25
-27
-30
-31
-33
-33
-35
-36
-37
-38
-39
-39
-39
-39
-38
-37
-36
-35
-34
-33
-31
-29
-27
-25
-24
-21
-17
-17
-14
-11
-9
-6
-3
0
4
6
9
12
15
18
20
23
25
28
30
32
34
35
36
38
38
39
39
39
38
38
38
36
35
33
33
31
30
28
26
25
23
21
19
18
15
13
11
9
7
4
2
0
-2
-6
-7
-10
-12
-15
-16
-18
-20
-22
-23
-25
-27
-28
-29
-30
-29
-31
-31
-32
-32
-32
-31
-32
-32
-31
-31
-31
-30
-29
-29
-27
-26
-25
-24
-21
-21
-18
-15
-13
-11
-8
-4
-1
1
5
8
11
14
16
19
21
24
26
29
30
32
33
33
34
34
34
34
34
33
33
32
31
29
28
26
25
23
21
18
17
15
13
10
8
5
3
1
-1
-5
-7
-8
-11
-13
-14
-17
-19
-19
-21
-23
-23
-25
-24
-25
-26
-26
-26
-26
-25
-25
-24
-23
-23
-22
-21
-20
-19
-18
-17
-15
-14
-13
-12
-10
-9
-7
-6
-4
-2
-1
0
3
3
6
7
9
11
13
14
16
17
19
20
22
23
24
25
26
26
26
27
27
27
27
27
26
26
25
23
22
20
20
19
16
14
12
10
8
6
5
2
0
-2
-4
-6
-8
-11
-12
-14
-16
-17
-19
-21
-21
-22
-23
-25
-25
-25
-27
-27
-27
-27
-27
-26
-27
-26
-25
-25
-23
-23
-21
-21
-19
-18
-16
-15
-13
-12
-10
-9
-8
-6
-4
-3
-1
1
2
3
5
6
7
9
11
13
14
15
16
18
19
20
20
21
22
23
23
24
24
24
25
25
24
24
23
23
22
22
21
19
19
18
17
15
14
13
11
9
8
6
6
4
2
0
0
-3
-3
-6
-7
-8
-10
-11
-12
-13
-15
-15
-15
-17
-17
-17
-17
-19
-19
-19
-19
-19
-18
-18
-18
-19
-17
-17
-17
-16
-16
-16
-15
-15
-13
-13
-12
-11
-10
-9
-7
-6
-5
-3
-2
-1
1
1
3
5
6
7
9
9
11
11
13
12
14
14
15
14
14
15
14
15
13
13
13
13
13
12
12
11
11
10
10
9
8
9
8
7
7
6
6
5
5
4
4
3
3
1
1
0
-1
-2
-2
-3
-4
-5
-6
-6
-6
-8
-9
-8
-9
-10
-10
-10
-11
-11
-12
-12
-14
-13
-13
-14
-13
-13
-13
-13
-13
-11
-11
-10
-10
-8
-7
-6
-6
-4
-3
-1
0
2
2
3
4
6
7
8
9
9
11
10
12
12
13
13
14
14
13
13
14
14
13
13
12
12
11
11
11
10
9
8
8
6
6
5
4
3
2
0
-1
-2
-3
-5
-5
-6
-7
-7
-9
-9
-10
-11
-12
-12
-13
-13
-13
-14
-13
-13
-14
-13
-13
-12
-13
-12
-12
-11
-11
-11
-9
-10
-8
-8
-7
-6
-5
-4
-3
-2
-1
-1
1
1
3
4
5
6
7
7
8
9
10
11
11
12
14
14
15
15
15
15
15
16
16
16
15
15
15
13
13
12
12
11
10
9
9
7
6
6
4
3
2
0
-1
-2
-4
-5
-6
-6
-8
-9
-10
-10
-11
-12
-13
-13
-13
-14
-14
-15
-15
-15
-14
-14
-15
-15
-14
-14
-13
-12
-12
-12
-11
-11
-10
-8
-8
-8
-7
-6
-5
-3
-3
-2
-1
0
0
2
3
3
4
5
6
7
7
8
8
10
11
11
11
11
12
12
12
13
13
14
13
13
13
14
13
13
12
10
12
11
10
9
8
8
7
6
5
4
3
3
2
0
0
0
-2
-2
-3
-4
-5
-6
-7
-7
-7
-7
-8
-8
-10
-10
-10
-10
-10
-11
-11
-10
-10
-10
-10
-10
-10
-10
-9
-9
-8
-8
-7
-7
-6
-6
-4
-4
-4
-3
-3
-1
-1
0
1
1
1
2
3
3
4
4
5
4
5
5
6
6
6
6
7
6
7
7
7
6
6
7
6
6
5
5
5
5
5
4
4
4
3
3
3
2
2
1
2
0
0
-1
-1
-1
-1
-2
-2
-1
-3
-2
-3
-3
-3
-4
-3
-3
-4
-4
-3
-3
-3
-3
-3
-3
-4
-4
-4
-4
-3
-4
-3
-3
-2
-3
-2
-2
-3
-3
-1
-2
-1
-1
0
-1
0
1
1
1
1
2
2
3
3
3
3
3
3
4
4
4
4
4
5
5
5
5
5
4
4
4
5
4
4
4
4
4
3
3
2
3
2
2
2
1
0
0
-1
0
-2
-1
-2
-2
-2
-3
-3
-3
-3
-4
-3
-5
-4
-5
-4
-5
-5
-5
-5
-5
-5
-6
-5
-6
-6
-5
-5
-5
-5
-4
-4
-3
-3
-3
-3
-3
-2
-2
-2
-1
-1
-1
0
0
0
1
2
3
2
3
4
3
3
4
5
5
5
5
5
5
6
6
6
6
6
6
6
6
5
6
5
5
5
4
3
4
4
3
2
2
2
2
1
1
1
-1
-1
0
-2
-2
-2
-3
-3
-3
-3
-5
-4
-3
-4
-5
-4
-5
-6
-5
-5
-6
-4
-5
-4
-4
-4
-4
-4
-4
-3
-3
-2
-2
-2
-1
-1
-1
-1
-1
-1
0
0
0
0
1
1
1
2
2
2
2
3
3
3
3
3
3
3
3
3
3
3
3
3
3
3
3
2
3
3
3
3
2
3
2
2
2
1
1
1
0
1
0
0
0
0
0
-1
-1
-2
-2
-2
-2
-2
-1
-2
-2
-2
-3
-3
-2
-2
-3
-2
-2
-2
-2
-2
-2
-2
-2
-2
-1
-2
-1
-1
-1
-1
-1
0
0
-1
-1
-1
0
0
0
0
0
0
1
1
1
0
1
1
2
1
1
2
1
2
2
2
2
2
2
2
2
2
1
1
1
1
2
1
1
1
1
0
1
1
0
1
1
0
0
0
0
0
0
0
0
0
1
0
0
0
0
0
0
0
1
0
0
0
0
0
-1
0
0
0
-1
-1
-1
-1
-1
-1
-1
-1
-2
-2
-2
-2
-2
-1
-2
-1
-2
-2
-2
-1
-1
-2
-2
-1
-2
0
0
-1
-1
0
0
0
0
0
1
0
1
1
1
1
0
1
0
1
0
1
0
1
0
1
1
1
1
1
1
0
0
0
1
1
1
1
1
1
1
2
1
1
1
1
1
1
2
1
2
0
1
1
0
0
0
0
-1
0
0
-1
0
-1
-1
-1
-1
-1
-1
-2
-2
-1
-2
-3
-2
-2
-2
-2
-2
-2
-2
-2
-2
-2
-1
-1
-1
-1
-2
-1
-1
-1
0
0
0
1
1
0
0
2
2
1
2
2
3
2
2
3
3
2
2
2
2
2
3
2
2
2
2
2
2
2
2
1
0
1
0
1
0
0
0
-1
-1
-1
-1
-1
-2
-1
-2
-2
-1
-2
-3
-2
-2
-2
-2
-1
-2
-2
-2
-3
-2
-2
-1
-2
-1
-2
-2
-2
-2
-1
-2
-1
-1
-1
-1
0
0
-1
0
0
0
0
0
0
1
0
1
1
1
1
1
1
2
2
2
1
2
2
3
2
2
1
2
2
3
3
2
2
3
2
2
3
2
2
2
1
3
2
1
3
2
2
2
1
1
1
1
1
1
0
0
0
-1
0
0
-2
-1
-1
-1
-2
-3
-3
-2
-3
-3
-3
-4
-3
-3
-4
-3
-4
-5
-3
-5
-4
-3
-5
-3
-4
-4
-2
-4
-3
-2
-4
-1
-1
-2
-1
-1
0
1
-1
0
2
0
1
0
0
3
1
2
4
1
3
4
1
3
4
2
5
3
3
5
2
4
4
1
5
3
2
6
0
3
4
-1
4
1
1
4
-1
3
1
0
3
-2
1
1
-2
2
-3
0
1
-4
-1
-1
-4
0
-3
-3
-1
-4
-2
-1
-4
-2
-3
-3
-1
-3
-2
-1
-3
-1
-2
-2
0
-2
-2
-2
-1
-1
-2
0
-1
-1
1
-2
1
2
-2
2
-1
0
1
-1
2
0
0
2
-1
2
0
0
3
0
1
2
-1
3
0
1
3
-2
3
1
0
4
-1
1
3
-2
2
0
0
2
0
0
3
-1
0
2
-1
1
1
-2
1
0
-1
0
-1
-1
0
-1
-1
0
-2
-2
2
-3
0
0
-3
2
-2
-3
2
-3
0
0
-3
2
0
-1
1
-2
0
0
-1
1
0
0
1
-1
1
1
0
2
0
2
1
-1
4
0
1
3
-1
3
1
0
4
-1
2
1
-1
3
-1
1
2
-3
3
-1
0
4
-3
3
1
-3
2
-2
-2
0
-3
-2
-3
-3
-2
-2
-1
-3
-1
-3
-4
-2
-5
-5
-3
-7
-2
-4
-5
0
-4
-1
0
-2
3
1
0
5
2
3
9
1
7
9
0
13
5
4
13
0
5
9
-2
7
4
-3
7
-2
0
3
-3
1
-3
-5
-2
-7
-5
-6
-9
-5
-7
-8
-4
-7
-5
0
-4
0
3
-2
6
4
5
10
8
9
8
9
4
6
3
0
1
-5
-3
-7
-6
-11
-9
-8
-15
-5
-12
-11
-4
-14
-4
-6
-9
1
-6
-2
2
-2
3
5
1
7
6
2
15
3
12
15
3
21
6
11
15
2
13
2
0
4
-6
-4
-5
-13
-8
-10
-18
-9
-16
-18
-9
-17
-16
-7
-15
-11
-3
-11
-6
4
-9
2
14
-8
25
10
12
34
12
35
23
27
26
15
19
2
-1
-8
-17
-25
-16
-40
-23
-17
-40
5
-19
-9
20
-7
18
23
10
24
29
11
25
31
3
38
18
10
41
2
25
21
4
18
6
2
5
4
-9
8
-7
-5
6
-19
3
-12
-16
-4
-27
-14
-20
-33
-17
-31
-34
-19
-42
-30
-26
-51
-24
-42
-47
-19
-53
-24
-20
-43
1
-24
-15
15
-25
9
0
-27
18
-24
-6
9
-26
10
-4
-9
12
-4
0
13
1
22
38
41
69
62
78
87
100
136
156
195
210
227
236
230
236
227
220
215
195
196
194
182
201
176
156
130
63
45
-12
-49
-77
-149
-196
-254
-304
-333
-355
-385
-403
-452
-502
-555
-616
-640
-675
-676
-692
-687
-669
-660
-635
-659
-672
-703
-711
-688
-615
-551
-445
-380
-338
-213
-217
19
120
261
533
510
809
900
1029
1287
1253
1394
1386
1320
1361
1335
1357
1490
1503
1567
1566
1484
1527
1456
1520
1450
1377
1303
1054
947
735
541
435
222
57
-65
-273
-341
-409
-518
-503
-621
-713
-762
-901
-1044
-1212
-1431
-1610
-1715
-1786
-1729
-1726
-1686
-1745
-1811
-1831
-2001
-1978
-2181
-2339
-2457
-2736
-2731
-2947
-3122
-3261
-3683
-3614
-3396
-2926
-1849
-1188
-396
133
244
781
982
1364
1820
1955
2355
2728
3055
3609
4016
4273
4608
4345
4019
3476
2952
3125
3291
3880
4095
3867
3619
3097
2791
2658
2321
1998
1638
963
679
231
20
80
-246
-330
-759
-1202
-1368
-1508
-1290
-1080
-973
-819
-909
-902
-813
-892
-860
-1254
-1784
-2163
-2634
-2534
-2528
-2567
-2362
-2532
-2492
-2550
-2950
-3090
-3578
-4011
-4404
-5000
-5526
-6205
-6507
-6994
-6301
-5606
-4509
-2533
-2179
-711
-390
-56
1246
1236
2384
2699
3122
3865
4406
5228
5901
6731
6869
7253
6505
5944
5322
4936
5637
5621
6334
5718
5226
4805
3771
3777
2795
2066
1406
419
-99
-483
-946
-1010
-992
-1470
-1456
-2086
-2414
-2333
-2533
-2086
-2029
-1740
-1427
-1285
-739
-497
-157
-166
-768
-1206
-1832
-2265
-2212
-2392
-2360
-2166
-2393
-2263
-2396
-2943
-3024
-3768
-4335
-4922
-5933
-6675
-7280
-7843
-7495
-6447
-5653
-3241
-2568
-1423
-264
-677
1132
1141
2006
2850
2764
3777
4071
4963
5681
6657
7174
7805
7482
6747
6257
5189
5984
5741
6218
6160
5014
5170
4109
4015
3510
2356
1758
674
-119
-676
-1376
-1796
-1688
-2104
-1907
-2134
-2568
-2185
-2576
-2208
-2142
-2313
-1934
-2030
-1434
-862
-436
106
-251
-531
-977
-1576
-1631
-2067
-2352
-2392
-2675
-2731
-2746
-3219
-3347
-3800
-4480
-4920
-6006
-6993
-7651
-8544
-8408
-7409
-6723
-4163
-3017
-1844
-192
-460
1401
1883
2491
3464
3200
3965
4430
5184
5928
7043
7593
8525
8596
7857
7558
6190
6745
6522
6596
6559
5036
4930
3927
3835
3526
2515
1908
852
193
-531
-1214
-2030
-2157
-2642
-2713
-2713
-3320
-2673
-2731
-2126
-1636
-1882
-1551
-1804
-1425
-992
-655
-235
-408
-609
-848
-1136
-1225
-1355
-1869
-2070
-2537
-3068
-3159
-3940
-4189
-4586
-5316
-5662
-6638
-7626
-8205
-9155
-8937
-8180
-7634
-5026
-4339
-2667
-1082
-1111
1353
1659
2734
3553
3305
4102
4460
5282
5910
7063
7562
8812
9066
8754
8793
7584
8379
8019
8127
7719
5990
5722
4486
4570
4100
3062
2432
1448
813
328
-453
-1609
-1733
-2825
-2917
-3252
-4195
-3541
-3763
-2910
-2347
-2310
-1961
-2003
-1511
-1151
-730
-611
-831
-1136
-1244
-1416
-1278
-1242
-1810
-1806
-2402
-2865
-3077
-3954
-4366
-4889
-5658
-6228
-7248
-8402
-8855
-9814
-9443
-8722
-8234
-5638
-4982
-3102
-1548
-1239
1217
1672
3021
3723
3681
4452
4729
5548
6012
7070
7511
8774
9191
9018
9298
8329
9151
8976
8963
8376
6691
6155
4973
4967
4219
3283
2506
1607
1142
600
-59
-1335
-1579
-2712
-3058
-3393
-4458
-4017
-4202
-3607
-3097
-2896
-2592
-2366
-1729
-1386
-747
-662
-805
-1029
-1224
-1270
-1260
-1224
-1662
-1784
-2141
-2509
-2715
-3378
-3843
-4361
-5091
-5885
-6850
-8130
-8788
-9416
-9879
-8926
-8848
-6864
-5267
-4288
-1912
-1636
509
1692
2584
3865
3739
4618
4799
5629
5865
6710
7242
7981
9168
8678
9414
8613
9006
9457
8995
8969
7119
6391
5213
4562
4047
2732
1955
1070
686
193
-120
-1273
-1742
-2309
-3235
-3227
-4423
-4458
-4473
-4332
-3578
-3452
-2818
-2398
-1554
-696
-5
404
344
87
-294
-374
-621
-742
-1102
-1558
-1673
-2067
-2141
-2583
-3047
-3358
-4268
-5009
-6294
-7545
-8641
-9306
-10192
-10190
-9574
-9202
-6525
-5692
-3691
-1893
-1351
1299
1675
3122
3639
3816
4562
4799
5525
5577
6762
6936
8505
8952
8872
9443
8561
9779
9478
9565
8786
6953
6430
4769
4381
3196
1941
1177
653
276
-99
-366
-1624
-1269
-2227
-2480
-2798
-4136
-3803
-4421
-3804
-3567
-3319
-2610
-2110
-865
-82
792
953
1062
665
500
324
-349
-461
-1603
-1747
-2131
-2594
-2372
-3095
-3062
-3461
-4191
-5092
-6321
-7469
-8635
-9131
-10516
-10877
-10484
-10445
-7670
-6551
-4683
-2241
-1686
1183
1966
3225
4162
4060
4873
4681
5159
5056
5958
6403
7705
8597
8425
9322
8583
9793
9938
9783
9548
7439
6921
5189
4238
3292
1665
1077
449
73
-214
-352
-1161
-796
-1231
-1738
-1915
-3453
-3388
-4091
-4018
-3703
-3929
-3030
-2585
-1461
-443
322
802
1154
1040
948
854
-66
-335
-1471
-2003
-2288
-3029
-2810
-3309
-3268
-3225
-3805
-4212
-5006
-5903
-6765
-7673
-9038
-10164
-10286
-10623
-9004
-7371
-6296
-3379
-2435
40
2139
3111
5000
4925
5416
5105
4914
4660
4788
5230
5600
6955
6801
7915
8087
8743
10082
9835
10394
8758
7694
6327
4543
3818
1925
1005
55
-575
-960
-917
-1002
-811
-146
-798
-538
-1599
-2205
-2471
-3265
-2984
-3526
-3084
-2872
-2262
-1310
-622
327
830
1258
1070
1169
467
-76
-739
-1915
-2335
-3310
-3702
-4133
-4521
-4539
-4832
-4940
-5174
-5573
-6324
-7013
-7947
-9233
-9372
-9898
-9623
-7740
-7434
-5099
-3402
-2085
1229
2467
4697
5832
6054
6574
6292
6189
5710
5742
5258
5967
6002
6224
7190
7125
9074
9516
10156
10089
8463
7962
6068
5124
3513
1630
437
-843
-1343
-1721
-1539
-1803
-981
-1039
-938
-678
-1702
-1448
-2276
-2325
-2493
-2843
-2632
-2805
-2027
-1503
-611
-19
450
569
806
950
314
159
-1065
-1829
-2474
-3511
-3978
-4833
-5206
-5458
-5665
-5808
-6213
-6697
-7262
-7621
-8545
-8957
-8951
-9361
-7722
-7097
-6145
-3969
-3428
-523
1464
3037
5209
5669
6710
7192
7331
7105
7047
6588
6618
6960
6362
7003
6853
7724
9046
9277
9865
8867
8121
7312
6103
5059
3178
1506
169
-1008
-1804
-2177
-2809
-2497
-2257
-2124
-1402
-1781
-1562
-1512
-1594
-1452
-1759
-2015
-2389
-2221
-1968
-1456
-1081
-794
-435
-137
575
480
429
92
-858
-1090
-2001
-2884
-3575
-4634
-4956
-5559
-6150
-6697
-7466
-7957
-8294
-8820
-9436
-9048
-9203
-7967
-6512
-6311
-4095
-3482
-1805
672
1410
3491
4331
5134
6256
6620
6888
7135
7226
7214
7895
7287
7432
7562
7436
8886
8826
9111
8708
7769
7547
6633
5906
4549
3133
1876
907
-263
-1012
-1822
-2591
-2261
-2879
-2680
-2726
-3178
-2613
-2582
-2379
-2106
-2141
-2202
-1752
-1537
-1093
-705
-849
-394
-470
-91
-32
-549
-678
-1420
-1822
-2157
-2838
-3375
-3812
-4341
-4675
-5151
-5996
-6556
-7363
-8103
-8507
-9688
-9630
-9407
-9247
-6971
-6643
-4945
-2843
-2279
736
1894
3133
4843
5045
5978
6499
6491
6747
7092
6961
7542
7572
7091
7807
7467
8338
9085
8640
8968
7873
7353
6779
5699
4852
3428
2139
1090
76
-928
-1325
-2210
-2263
-2278
-2800
-2279
-2665
-2502
-2046
-2163
-1790
-1658
-1726
-1483
-1096
-938
-398
-358
-245
41
-66
292
-109
-447
-845
-1601
-1860
-2442
-3064
-3597
-4132
-4732
-5175
-5900
-6795
-7326
-8359
-8915
-9614
-10566
-10112
-10248
-9200
-7394
-6897
-4524
-3128
-1719
1069
2131
3790
5143
5463
6272
6806
6775
7216
7488
7288
7989
7771
7730
8376
8103
9145
9522
9224
9331
8134
7602
6889
5757
4788
3308
1808
709
-455
-1434
-1803
-2807
-2809
-2995
-3389
-2744
-3086
-2750
-2309
-2412
-1919
-1789
-1877
-1471
-1248
-1019
-396
-543
-257
-109
-181
275
-264
-557
-983
-1702
-1815
-2325
-3017
-3438
-4137
-4755
-5104
-6076
-6743
-7456
-8486
-8819
-9880
-10243
-9919
-10017
-8160
-7158
-6057
-3750
-3048
-677
1390
2469
4368
4928
5484
6257
6495
6631
7042
6937
7092
7687
7246
7731
7895
8040
9252
9227
9327
8918
7965
7515
6726
5716
4509
3016
1462
534
-783
-1396
-2008
-2827
-2545
-3060
-2785
-2470
-2582
-2036
-1807
-1666
-1399
-1334
-1580
-1151
-1087
-806
-352
-630
-302
-363
-148
71
-375
-598
-1132
-1542
-1792
-2330
-3077
-3610
-4366
-4921
-5414
-6461
-7014
-7858
-8626
-8866
-9788
-10001
-9515
-9541
-7816
-6700
-6020
-3644
-2906
-818
1501
2277
4173
4959
5465
6537
6712
6785
7187
6986
7188
7639
7092
7360
7463
7473
8576
8468
8326
8127
7176
6867
6221
5088
4006
2624
1259
436
-695
-1410
-1960
-2635
-2474
-2703
-2574
-2236
-2263
-1796
-1385
-1263
-929
-793
-900
-384
-282
-54
199
-138
36
-74
8
40
-427
-745
-1242
-1635
-1994
-2521
-3251
-3916
-4568
-5295
-5969
-6863
-7615
-8294
-8854
-9204
-9841
-9902
-9534
-9307
-7727
-6855
-5884
-3789
-2930
-697
1278
2438
4314
5198
6113
6979
7364
7526
7715
7701
7616
7824
7297
7282
7365
7337
8175
8116
8036
7815
7147
6760
6196
5217
4011
2796
1249
244
-889
-1842
-2400
-3095
-3154
-3295
-3214
-2815
-2561
-2048
-1419
-1110
-720
-381
-404
-20
115
99
144
-217
-298
-415
-396
-374
-651
-823
-1009
-1289
-1464
-1794
-2526
-2913
-3622
-4488
-5151
-6319
-7167
-7798
-8581
-8973
-9490
-9936
-9429
-9209
-8129
-6716
-6187
-4181
-2935
-1528
883
1867
3415
4816
5343
6303
6843
6814
7101
7250
7022
7263
6948
6562
6983
6877
7548
7942
7616
7699
7201
6814
6532
5765
4587
3643
2036
881
-7
-1389
-1698
-2609
-2976
-2928
-3251
-2732
-2392
-1975
-1214
-764
-492
-12
7
98
367
20
-100
-495
-948
-1033
-1234
-1231
-1341
-1498
-1478
-1577
-1675
-1771
-2241
-2672
-3173
-4041
-4835
-5811
-6835
-7539
-8248
-8855
-9175
-9675
-9268
-8842
-8121
-6408
-5907
-4072
-2526
-1516
922
1925
3288
4721
5250
6050
6603
6656
6757
7029
6714
6818
6677
6176
6532
6457
6770
7200
6907
6935
6725
6348
6145
5620
4592
3837
2571
1426
685
-606
-1131
-1861
-2458
-2481
-2707
-2514
-2006
-1657
-1050
-378
-232
307
491
450
729
372
99
-190
-748
-938
-1185
-1430
-1471
-1697
-1780
-1798
-2008
-2094
-2391
-2857
-3318
-4049
-4852
-5733
-6661
-7498
-8241
-8907
-9266
-9657
-9609
-9007
-8705
-7160
-6084
-5002
-2780
-1910
112
1997
2878
4732
5544
6136
7028
7130
7180
7361
7070
6787
6790
6296
6240
6412
6165
6608
6527
6403
6589
6152
5993
5577
4740
3973
3075
1841
1069
61
-982
-1306
-2214
-2325
-2343
-2523
-1917
-1702
-1233
-616
-329
-4
402
289
421
399
-154
-84
-673
-1041
-1085
-1622
-1671
-1733
-2055
-2076
-2087
-2506
-2502
-2781
-3368
-3728
-4358
-5301
-6019
-6696
-7852
-8178
-8792
-9400
-9423
-9265
-9109
-8133
-6685
-6143
-3801
-2497
-1089
1583
2579
4427
5937
6555
7387
7945
7772
7758
7734
6915
6888
6484
5973
6246
6009
6185
6524
6497
6696
6732
6434
6233
5666
4727
4082
2740
1747
892
-488
-907
-1762
-2339
-2227
-2536
-2252
-1800
-1627
-1121
-612
-569
-96
-39
-239
-6
-574
-707
-1033
-1607
-1670
-2119
-2274
-2393
-2606
-2695
-2685
-2842
-2887
-2948
-3389
-3559
-4096
-4776
-5248
-6155
-6816
-7365
-8242
-8424
-8955
-9043
-8389
-8360
-6799
-5853
-4673
-2366
-1400
881
2668
3829
5606
6427
7020
7585
7687
7274
7386
6759
6166
6208
5346
5486
5635
5501
6159
6235
6328
6643
6482
6297
6099
5207
4428
3538
2173
1498
322
-580
-1009
-1916
-1938
-2036
-2077
-1482
-1235
-874
-300
-189
22
333
21
110
-158
-764
-919
-1674
-1969
-2195
-2602
-2631
-2968
-3118
-3123
-3184
-3139
-3132
-3444
-3624
-3915
-4543
-4840
-5606
-6342
-6661
-7521
-7898
-8151
-8805
-8191
-7858
-7290
-5487
-5009
-3196
-1300
-315
2236
3415
4560
6044
6417
6928
7361
7057
6764
6775
5902
5711
5390
4550
5013
4938
5211
5945
5797
6067
6344
6215
6260
6007
4920
4272
3168
1925
1447
-27
-653
-1251
-2085
-1844
-2009
-1749
-1104
-756
-330
270
256
527
772
270
434
-237
-886
-1256
-2120
-2367
-2699
-2983
-3251
-3455
-3697
-3560
-3422
-3451
-3289
-3736
-3750
-4046
-4536
-4885
-5618
-6170
-6588
-7199
-7713
-8059
-8525
-7822
-7550
-6469
-5062
-4614
-2311
-1125
624
2881
3737
5237
6169
6718
7142
7460
7026
6871
6691
5817
5771
4938
4487
4777
4657
5288
5615
5583
5940
6186
6250
6440
5886
4908
4277
2916
2160
1225
-154
-690
-1700
-2142
-2059
-2218
-1784
-1253
-1022
-402
6
13
530
382
174
165
-660
-1093
-1663
-2390
-2652
-3016
-3378
-3573
-3862
-4022
-3764
-3759
-3532
-3504
-3750
-3583
-3949
-4120
-4478
-5124
-5423
-6010
-6617
-7082
-7638
-7859
-7250
-7120
-5958
-4884
-4328
-1954
-912
929
3113
3699
5343
6192
6545
7209
7191
6744
6673
6230
5473
5345
4446
4163
4520
4401
5101
5393
5376
5985
6187
6274
6485
5725
4960
4325
3002
2428
1337
131
-379
-1423
-1699
-1688
-1880
-1458
-1140
-1058
-503
-281
-205
198
-36
-196
-342
-1059
-1470
-2031
-2678
-2863
-3304
-3635
-3834
-4233
-4176
-3979
-3930
-3608
-3614
-3653
-3388
-3589
-3710
-3916
-4554
-4853
-5364
-6112
-6463
-7126
-7328
-6734
-6788
-5629
-4686
-4118
-1707
-699
1068
3140
3708
5272
6192
6444
7013
6942
6324
6283
5772
4922
4824
3935
3664
4234
4083
4900
5361
5363
6215
6397
6476
6705
5917
5213
4644
3274
2604
1489
96
-377
-1442
-1854
-1808
-2170
-1798
-1533
-1481
-872
-592
-504
-50
-351
-589
-617
-1444
-1801
-2337
-3125
-3261
-3699
-4099
-4188
-4573
-4400
-3998
-3878
-3384
-3343
-3255
-2811
-2915
-2944
-3199
-3840
-4212
-4727
-5518
-6002
-6679
-7068
-6532
-6727
-5624
-4652
-4150
-1663
-774
1028
3110
3732
5397
6246
6532
6967
6860
6255
6082
5544
4680
4519
3658
3391
3886
3806
4704
5270
5427
6312
6532
6671
6972
6278
5667
5039
3640
2913
1671
287
-323
-1441
-1957
-2043
-2510
-2233
-1954
-1842
-1103
-742
-567
-139
-376
-587
-594
-1344
-1786
-2406
-3264
-3536
-3995
-4403
-4486
-4763
-4529
-4033
-3807
-3204
-3020
-2765
-2205
-2247
-2233
-2507
-3209
-3565
-4166
-5009
-5614
-6339
-6960
-6603
-6730
-6190
-4811
-4531
-2366
-915
134
2602
3299
4629
5971
5977
6484
6514
5928
5770
5344
4548
4219
3731
3175
3663
3730
4234
5210
5220
6114
6490
6521
7039
6599
6001
5555
4244
3275
2469
822
170
-876
-1952
-1990
-2641
-2647
-2310
-2303
-1681
-1158
-978
-595
-530
-767
-635
-1090
-1699
-2126
-3106
-3472
-3860
-4399
-4425
-4707
-4581
-4027
-3704
-3158
-2599
-2331
-1728
-1445
-1620
-1655
-2316
-2855
-3303
-4325
-5055
-5752
-6670
-6625
-6598
-6654
-5202
-4703
-3289
-1223
-519
1688
3006
3861
5446
5702
5969
6271
5799
5505
5209
4532
3996
3741
3117
3198
3603
3673
4800
5104
5590
6398
6322
6857
6899
6299
5873
4933
3702
2981
1669
375
-389
-1719
-2199
-2438
-2962
-2628
-2539
-2260
-1550
-1274
-1064
-744
-864
-850
-911
-1635
-2101
-2870
-3479
-3714
-4195
-4388
-4509
-4538
-4033
-3530
-3046
-2346
-1936
-1442
-969
-1016
-1161
-1519
-2247
-2756
-3593
-4634
-5300
-6173
-6718
-6528
-6751
-6075
-4799
-4264
-2180
-870
261
2488
3213
4504
5542
5537
5944
5900
5401
5174
4770
4041
3798
3444
2920
3452
3638
4179
5304
5371
6193
6610
6697
7255
6852
6269
5662
4397
3463
2476
857
-99
-1287
-2288
-2460
-3035
-3191
-2925
-2921
-2269
-1752
-1577
-1215
-1139
-1177
-1103
-1472
-2137
-2600
-3363
-3668
-3960
-4361
-4379
-4540
-4173
-3607
-3148
-2402
-1874
-1438
-790
-588
-629
-722
-1399
-1971
-2606
-3703
-4464
-5343
-6259
-6422
-6583
-6623
-5438
-4859
-3670
-1645
-975
1101
2607
3379
5064
5358
5697
6028
5621
5375
5030
4392
3857
3547
2920
2936
3335
3520
4688
5168
5620
6555
6602
7191
7397
6732
6303
5248
3986
3124
1574
244
-825
-2116
-2608
-3080
-3537
-3323
-3250
-2809
-2072
-1817
-1408
-1114
-1146
-950
-1083
-1678
-2059
-2837
-3317
-3470
-3935
-3936
-4031
-3988
-3355
-2920
-2317
-1594
-1276
-657
-200
-255
-227
-716
-1436
-1940
-2868
-3932
-4756
-5792
-6602
-6571
-6933
-6573
-5384
-5033
-3143
-1730
-754
1608
2452
3855
5161
5216
5879
5784
5471
5263
4738
4122
3580
3209
2576
2925
3142
3618
4790
4931
5827
6406
6588
7307
6991
6441
5822
4511
3448
2342
760
-417
-1538
-2679
-3063
-3527
-3773
-3412
-3226
-2664
-2056
-1779
-1378
-1066
-1038
-884
-1161
-1711
-2101
-2761
-2978
-3156
-3413
-3332
-3411
-3102
-2506
-2113
-1433
-958
-590
-62
77
-30
-296
-881
-1603
-2253
-3328
-4470
-5282
-6397
-6917
-6917
-7366
-6548
-5606
-4956
-2831
-1797
-345
1862
2637
4234
5133
5177
5851
5625
5371
5100
4471
3866
3478
3125
2682
3212
3331
4103
5227
5352
6427
6748
6960
7567
6904
6383
5503
4055
3142
1743
232
-876
-2208
-3039
-3383
-3851
-3889
-3568
-3378
-2686
-2089
-1856
-1330
-1141
-1059
-881
-1229
-1627
-1978
-2513
-2620
-2818
-3011
-2925
-2981
-2593
-2068
-1675
-978
-560
-209
236
186
88
-244
-924
-1627
-2551
-3706
-4795
-5728
-6808
-7182
-7449
-7648
-6445
-5940
-4605
-2664
-1930
411
1903
2974
4719
4924
5503
5794
5493
5295
4745
4232
3544
3375
2790
2711
3209
3302
4634
5130
5702
6652
6654
7380
7355
6730
6166
4886
3757
2587
1081
-340
-1639
-2765
-3428
-3765
-4126
-3963
-3671
-3215
-2325
-1907
-1403
-953
-830
-506
-529
-884
-1206
-1783
-2193
-2381
-2739
-2840
-2942
-2918
-2445
-2025
-1422
-772
-388
110
338
338
180
-383
-1085
-2099
-3186
-4451
-5607
-6561
-7638
-7807
-8163
-7769
-6461
-5927
-3888
-2458
-1160
1359
2335
3966
5154
5302
6027
5825
5585
5142
4579
4046
3427
3292
2579
2900
3232
3660
4979
5141
6003
6522
6692
7327
6851
6305
5417
4127
3066
1739
256
-1103
-2252
-3204
-3634
-3946
-4152
-3762
-3419
-2680
-1884
-1484
-921
-579
-321
-34
-191
-540
-952
-1571
-1829
-2111
-2441
-2448
-2625
-2393
-1911
-1522
-906
-409
-44
333
488
258
-87
-794
-1781
-2713
-3981
-5252
-6212
-7361
-8082
-8146
-8427
-7535
-6351
-5554
-3428
-2152
-581
1715
2682
4256
5205
5393
5964
5728
5445
5047
4562
4028
3613
3293
2780
3232
3432
4169
5189
5260
6162
6448
6652
7188
6508
5901
4985
3629
2655
1319
-145
-1366
-2494
-3349
-3718
-4095
-4144
-3741
-3415
-2563
-1951
-1533
-900
-581
-190
73
-130
-461
-894
-1352
-1569
-1822
-2081
-2161
-2267
-2002
-1560
-1261
-695
-306
-36
358
302
-43
-451
-1330
-2253
-3227
-4572
-5724
-6739
-7827
-8277
-8371
-8482
-7295
-6330
-5260
-3089
-2062
-136
1953
2835
4577
5197
5464
6013
5651
5505
5067
4599
4025
3596
3179
2751
3274
3420
4281
5075
5169
6122
6282
6671
7028
6280
5747
4685
3481
2497
1124
-302
-1540
-2645
-3463
-3761
-4117
-4036
-3591
-3190
-2303
-1707
-1198
-544
-196
204
350
67
-282
-753
-1182
-1400
-1790
-2059
-2210
-2337
-1978
-1632
-1333
-748
-480
-149
234
24
-212
-768
-1658
-2559
-3651
-4870
-6045
-6954
-7978
-8317
-8368
-8358
-6956
-6174
-4767
-2702
-1772
585
2217
3345
5050
5338
5957
6177
5915
5717
5124
4728
3947
3645
3015
2700
3246
3262
4340
4829
5109
6059
6126
6772
6818
6176
5596
4435
3403
2241
887
-629
-1866
-2937
-3712
-3940
-4322
-4090
-3624
-3086
-2155
-1531
-937
-324
114
403
479
206
-236
-660
-1099
-1455
-1856
-2197
-2378
-2425
-2120
-1809
-1450
-951
-680
-304
-100
-255
-521
-1143
-1967
-2917
-3956
-5132
-6186
-7061
-8008
-8234
-8346
-8063
-6681
-5920
-4278
-2427
-1335
1075
2532
3795
5354
5638
6280
6378
6163
5827
5227
4773
3899
3594
2820
2627
3081
3120
4237
4552
5011
5934
6055
6784
6713
6096
5556
4417
3385
2203
707
-808
-1973
-3075
-3749
-4042
-4458
-4087
-3613
-2943
-1972
-1390
-734
-117
359
631
741
401
-58
-428
-1005
-1326
-1824
-2214
-2355
-2474
-2152
-1924
-1599
-1121
-867
-503
-364
-559
-888
-1496
-2298
-3190
-4199
-5378
-6316
-7254
-8101
-8142
-8424
-7767
-6487
-5839
-3773
-2345
-928
1560
2728
4345
5588
5981
6571
6573
6418
5825
5389
4609
3803
3444
2471
2653
2795
3122
4239
4336
5195
5853
6128
6921
6598
6056
5444
4251
3187
2019
352
-1121
-2167
-3384
-3861
-4157
-4517
-3945
-3424
-2678
-1680
-1129
-451
235
601
919
889
354
-34
-630
-1223
-1562
-2227
-2550
-2767
-2855
-2462
-2242
-1783
-1253
-945
-486
-339
-519
-808
-1386
-2233
-3101
-4183
-5465
-6321
-7411
-8116
-8148
-8487
-7549
-6501
-5641
-3462
-2207
-377
1963
3087
4840
5789
6210
6744
6584
6294
5622
5060
4134
3484
2909
2089
2463
2504
3166
4183
4324
5381
5913
6421
7086
6640
6203
5357
4256
3167
1842
216
-1220
-2301
-3431
-3762
-4104
-4244
-3557
-3091
-2230
-1287
-748
-8
636
918
1134
985
351
-87
-772
-1413
-1877
-2556
-2882
-3174
-3152
-2817
-2550
-1988
-1504
-1079
-677
-467
-609
-934
-1416
-2381
-3220
-4383
-5634
-6440
-7651
-8077
-8273
-8501
-7248
-6547
-5220
-3071
-1934
401
2315
3628
5343
6018
6664
6842
6738
6261
5509
5012
3847
3389
2548
2004
2476
2350
3412
3997
4386
5583
5917
6737
7091
6681
6253
5356
4288
3080
1727
5
-1273
-2496
-3531
-3816
-4346
-4163
-3634
-3174
-2135
-1379
-641
186
753
1130
1305
1050
503
2
-773
-1415
-2096
-2807
-3236
-3603
-3539
-3321
-2988
-2433
-1939
-1441
-981
-722
-833
-1028
-1566
-2492
-3288
-4545
-5671
-6610
-7773
-8057
-8465
-8206
-7047
-6452
-4494
-2794
-1263
1368
2762
4530
5960
6536
7267
7098
6977
6215
5576
4805
3562
3108
1980
1957
2202
2340
3481
3685
4674
5562
6143
7094
6966
6838
6125
5223
4119
2711
1340
-538
-1672
-3042
-3908
-4164
-4680
-4187
-3783
-3022
-1966
-1164
-229
557
1212
1469
1625
1134
552
-27
-967
-1630
-2526
-3277
-3805
-4023
-3916
-3627
-3093
-2591
-1858
-1311
-791
-470
-663
-796
-1537
-2455
-3394
-4821
-5844
-7077
-7894
-8269
-8625
-7687
-7112
-5733
-3632
-2384
226
2076
3655
5597
6320
7273
7356
7277
6789
5897
5391
3931
3260
2260
1530
1938
1780
2762
3316
3916
5163
5698
6846
7167
7125
6854
5928
5063
3686
2328
512
-964
-2313
-3602
-3990
-4644
-4548
-4080
-3587
-2482
-1602
-629
303
1057
1513
1731
1495
861
287
-660
-1489
-2432
-3333
-3957
-4424
-4327
-4164
-3666
-3021
-2345
-1557
-982
-434
-427
-514
-927
-1932
-2760
-4146
-5390
-6511
-7663
-8096
-8689
-8206
-7412
-6603
-4382
-3019
-935
1517
2855
4992
6146
6976
7591
7446
7300
6367
5851
4658
3548
2887
1652
1803
1673
2067
3006
3266
4538
5238
6168
7048
7023
7166
6475
5718
4632
3189
1627
-118
-1483
-2972
-3785
-4439
-4854
-4479
-4142
-3263
-2252
-1342
-272
614
1292
1705
1707
1283
697
-131
-1032
-2053
-3062
-3901
-4633
-4789
-4779
-4489
-3846
-3196
-2358
-1552
-827
-473
-357
-479
-1186
-1933
-3047
-4364
-5552
-6803
-7472
-8227
-8136
-7475
-7087
-5067
-3653
-1932
769
2139
4290
5864
6767
7691
7751
7780
7004
6468
5427
4132
3384
1979
1731
1466
1569
2419
2600
3790
4613
5538
6727
6931
7265
6904
6212
5296
3959
2312
535
-1017
-2767
-3750
-4657
-5331
-5074
-4880
-4056
-2922
-1982
-771
346
1153
1856
2073
1734
1332
464
-474
-1449
-2721
-3648
-4539
-4998
-4997
-4880
-4329
-3639
-2788
-1868
-979
-402
-170
-49
-555
-1215
-2177
-3532
-4783
-6170
-7009
-7907
-8169
-7626
-7471
-5784
-4240
-2749
-36
1599
3662
5501
6571
7629
7861
8029
7361
6733
5818
4366
3558
2096
1536
1230
1061
1912
2084
3200
4219
5057
6478
6915
7368
7311
6708
5844
4612
3041
1147
-382
-2297
-3589
-4502
-5482
-5364
-5212
-4591
-3419
-2451
-1280
-65
873
1583
2107
1858
1445
800
-302
-1190
-2459
-3590
-4475
-5145
-5241
-5166
-4760
-4068
-3196
-2251
-1205
-496
-188
161
-169
-719
-1443
-2835
-4086
-5440
-6478
-7390
-7858
-7534
-7522
-6121
-4635
-3301
-632
1065
3105
5119
6278
7537
7882
8237
7738
7054
6351
4789
3912
2494
1680
1281
927
1615
1682
2690
3734
4453
5980
6507
7084
7285
6804
6174
4970
3618
1760
142
-1669
-3293
-4253
-5370
-5524
-5435
-5065
-3993
-3063
-1909
-681
415
1249
1901
2001
1582
1096
149
-818
-1944
-3192
-4228
-5069
-5365
-5447
-5153
-4554
-3777
-2764
-1706
-821
-303
185
142
-223
-779
-2023
-3240
-4591
-5757
-6772
-7490
-7407
-7568
-6445
-5035
-3857
-1241
487
2562
4769
6032
7461
7956
8428
8100
7447
6807
5187
4216
2776
1789
1351
740
1289
1290
2143
3334
4012
5633
6291
6998
7398
7076
6675
5445
4235
2352
583
-1214
-3090
-4202
-5468
-5797
-5883
-5590
-4541
-3671
-2334
-1054
168
1198
1930
2261
1947
1525
620
-454
-1601
-2958
-4155
-5147
-5637
-5848
-5666
-5075
-4371
-3331
-2195
-1218
-509
113
287
26
-367
-1461
-2704
-3972
-5210
-6358
-7120
-7262
-7551
-6512
-5248
-4056
-1525
228
2368
4619
6042
7537
8131
8684
8412
7825
7166
5536
4468
2973
1972
1375
726
1111
1008
1870
3035
3793
5400
6151
6859
7370
7165
6740
5651
4333
2500
726
-1152
-3039
-4323
-5598
-6088
-6173
-5949
-4986
-4092
-2790
-1358
-210
953
1713
1983
1903
1450
559
-473
-1660
-3030
-4204
-5204
-5802
-6010
-5895
-5315
-4581
-3620
-2363
-1426
-631
167
316
238
-86
-1067
-2269
-3405
-4603
-5870
-6385
-6849
-7093
-5997
-5137
-3660
-1450
184
2463
4378
6011
7389
8012
8659
8382
7984
7199
5784
4573
3172
2361
1460
1088
1165
931
1947
2789
3743
5181
5885
6648
7065
7067
6591
5665
4359
2595
937
-987
-2702
-4128
-5379
-5886
-6165
-5927
-5138
-4324
-3041
-1644
-522
646
1426
1683
1765
1350
529
-435
-1670
-2943
-4122
-5089
-5730
-6064
-5995
-5560
-4851
-3910
-2714
-1769
-907
-58
165
244
-23
-886
-1951
-2958
-4114
-5321
-5780
-6436
-6641
-5646
-5042
-3506
-1544
-48
2213
3998
5688
7057
7800
8448
8288
8010
7154
5932
4630
3288
2519
1458
1134
978
706
1703
2426
3499
4875
5561
6441
6934
7021
6756
5885
4590
3013
1245
-623
-2291
-3916
-5126
-5762
-6209
-5995
-5354
-4588
-3238
-1867
-720
545
1323
1682
1896
1463
723
-272
-1623
-2873
-4165
-5188
-5873
-6345
-6313
-5925
-5221
-4201
-2967
-1959
-974
-30
260
476
241
-641
-1575
-2608
-3840
-4957
-5551
-6327
-6403
-5621
-5036
-3450
-1677
-48
2119
3923
5702
6992
7911
8507
8392
8153
7215
6042
4659
3390
2529
1423
1154
776
675
1604
2259
3446
4639
5447
6297
6836
6989
6627
5869
4509
3008
1264
-642
-2203
-3922
-5058
-5717
-6214
-5942
-5410
-4596
-3286
-1966
-806
396
1189
1538
1788
1393
675
-245
-1610
-2833
-4055
-5081
-5727
-6197
-6218
-5816
-5127
-4151
-2949
-1997
-1047
-99
243
479
299
-501
-1348
-2320
-3478
-4546
-5167
-5869
-5970
-5318
-4782
-3318
-1692
-111
1928
3571
5281
6565
7427
8091
8012
7775
6999
5878
4661
3450
2593
1633
1321
992
880
1693
2245
3365
4474
5182
6065
6463
6673
6361
5594
4431
2912
1312
-482
-2011
-3606
-4759
-5399
-5954
-5717
-5269
-4575
-3357
-2209
-1079
23
799
1167
1350
1083
412
-422
-1631
-2815
-3896
-4833
-5427
-5850
-5903
-5538
-4884
-3971
-2840
-1944
-1086
-185
174
421
273
-418
-1209
-2122
-3160
-4209
-4793
-5411
-5577
-4986
-4525
-3249
-1709
-244
1682
3230
4803
6062
6890
7570
7565
7340
6678
5660
4534
3399
2493
1638
1309
1001
991
1614
2152
3254
4298
5095
6012
6392
6651
6471
5761
4756
3322
1757
54
-1486
-3032
-4230
-4959
-5535
-5426
-5075
-4449
-3391
-2350
-1215
-221
536
986
1086
892
317
-524
-1613
-2731
-3847
-4709
-5312
-5761
-5747
-5505
-4879
-3896
-2863
-1841
-958
-174
331
571
454
-132
-927
-1948
-2955
-4049
-4878
-5347
-5753
-5324
-4722
-3818
-2197
-727
1092
2870
4364
5782
6678
7387
7515
7265
6735
5686
4641
3348
2308
1481
866
775
647
1171
1878
2800
4129
4996
6000
6594
6881
6871
6237
5356
3844
2327
571
-1187
-2666
-4152
-4998
-5616
-5701
-5319
-4776
-3737
-2622
-1397
-297
543
1111
1232
1144
652
-196
-1212
-2383
-3511
-4460
-5137
-5623
-5754
-5499
-4939
-4019
-2941
-1805
-890
-53
585
773
799
338
-419
-1387
-2506
-3581
-4702
-5282
-5650
-5689
-5051
-4363
-3155
-1547
63
1894
3458
4840
5928
6660
7090
6904
6515
5690
4693
3627
2404
1588
854
613
698
896
1564
2392
3508
4658
5666
6365
6779
6940
6557
5902
4699
3198
1666
-62
-1605
-3054
-4229
-4960
-5285
-5178
-4776
-4031
-3090
-1979
-857
15
686
981
980
715
119
-724
-1747
-2761
-3723
-4470
-4960
-5235
-5141
-4747
-4026
-3089
-2064
-1029
-240
490
913
958
766
161
-648
-1661
-2783
-3835
-4815
-5390
-5520
-5457
-4877
-4014
-2957
-1343
245
1803
3299
4416
5393
5982
6269
6074
5529
4899
3941
3084
2084
1253
849
628
902
1212
1768
2689
3649
4782
5670
6286
6608
6646
6372
5580
4533
3123
1614
149
-1381
-2704
-3833
-4538
-4802
-4804
-4408
-3790
-3004
-1997
-1041
-288
316
583
554
327
-194
-945
-1826
-2713
-3532
-4184
-4593
-4760
-4663
-4220
-3551
-2702
-1761
-852
-43
559
966
1002
738
267
-568
-1480
-2509
-3677
-4563
-5229
-5559
-5405
-5051
-4344
-3234
-1961
-390
1174
2544
3781
4731
5383
5730
5675
5233
4652
3876
3000
2161
1309
750
585
655
1061
1633
2320
3389
4429
5416
6211
6598
6782
6589
6067
5110
3842
2409
879
-553
-2017
-3210
-4099
-4664
-4734
-4611
-4140
-3418
-2575
-1622
-747
-65
370
580
455
137
-450
-1188
-1967
-2804
-3467
-3978
-4285
-4230
-3946
-3494
-2692
-1859
-1004
-56
627
1081
1356
1243
866
333
-522
-1507
-2582
-3648
-4547
-5148
-5448
-5356
-4864
-4220
-3117
-1895
-517
1013
2269
3430
4286
4801
5037
4926
4567
3930
3220
2431
1588
973
428
318
494
915
1620
2342
3366
4371
5299
6081
6490
6627
6450
5921
5049
3877
2506
1027
-378
-1710
-2878
-3710
-4303
-4470
-4333
-3956
-3325
-2573
-1762
-960
-302
80
273
202
-113
-573
-1189
-1895
-2565
-3151
-3576
-3750
-3729
-3432
-2960
-2340
-1521
-725
44
679
1081
1269
1248
929
372
-365
-1301
-2200
-3096
-3943
-4589
-4969
-5034
-4729
-4089
-3401
-2390
-1222
-114
1199
2157
2916
3563
3835
3980
3747
3374
2872
2317
1862
1330
967
711
821
1196
1698
2453
3109
3853
4695
5293
5828
6058
5947
5658
5011
4196
3138
1982
702
-473
-1512
-2503
-3048
-3510
-3686
-3498
-3246
-2729
-2110
-1557
-996
-556
-306
-198
-292
-589
-938
-1410
-1922
-2320
-2725
-2980
-3013
-2919
-2595
-2107
-1590
-986
-397
102
527
811
856
789
471
-46
-640
-1353
-2043
-2704
-3267
-3732
-3999
-3982
-3750
-3305
-2583
-1937
-1138
-253
464
1307
1883
2262
2554
2640
2632
2454
2228
1905
1658
1501
1327
1355
1378
1673
2121
2534
3186
3588
4078
4584
4813
5034
4905
4616
4142
3519
2769
1851
942
-50
-858
-1605
-2170
-2518
-2798
-2716
-2600
-2313
-1899
-1555
-1135
-835
-614
-553
-610
-845
-1124
-1417
-1794
-2059
-2336
-2508
-2526
-2467
-2196
-1798
-1370
-853
-392
23
373
565
627
566
347
-43
-500
-1070
-1671
-2202
-2668
-3036
-3242
-3370
-3296
-2961
-2646
-1976
-1386
-886
-91
248
803
1274
1380
1664
1563
1546
1453
1341
1287
1131
1235
1171
1395
1573
1818
2389
2664
3353
3697
3984
4435
4400
4607
4391
4020
3554
2831
2199
1352
665
-146
-767
-1246
-1747
-1812
-1961
-1825
-1570
-1391
-1011
-793
-536
-368
-358
-436
-623
-923
-1267
-1574
-1965
-2207
-2379
-2495
-2419
-2279
-1984
-1556
-1104
-628
-138
244
574
792
801
734
511
184
-199
-681
-1173
-1660
-2088
-2383
-2602
-2647
-2591
-2486
-2169
-1864
-1464
-973
-643
-209
73
282
574
613
746
737
664
714
629
705
699
815
1042
1202
1590
1812
2179
2672
2993
3471
3649
3769
3897
3762
3685
3339
2864
2390
1819
1252
692
179
-286
-581
-808
-968
-973
-934
-795
-597
-514
-395
-370
-436
-473
-703
-951
-1268
-1632
-1948
-2226
-2446
-2613
-2610
-2561
-2323
-1978
-1599
-1096
-663
-190
235
531
782
872
845
742
496
202
-138
-542
-866
-1207
-1468
-1631
-1777
-1785
-1743
-1627
-1494
-1296
-1108
-933
-682
-601
-414
-298
-257
-120
-134
-66
-23
26
160
255
455
653
909
1222
1502
1843
2096
2431
2685
2899
3122
3142
3209
3097
2955
2777
2461
2198
1821
1459
1090
763
452
194
19
-219
-275
-360
-411
-388
-468
-519
-608
-728
-868
-1012
-1238
-1452
-1631
-1879
-1971
-2048
-2076
-1968
-1850
-1639
-1335
-984
-624
-247
64
338
560
671
734
729
614
468
254
-13
-244
-492
-716
-903
-1094
-1225
-1327
-1410
-1442
-1488
-1517
-1537
-1534
-1546
-1529
-1482
-1457
-1355
-1265
-1154
-952
-784
-536
-270
-4
312
607
921
1199
1517
1790
2022
2274
2434
2600
2758
2817
2911
2901
2839
2795
2620
2478
2278
2011
1773
1490
1194
913
632
357
127
-97
-308
-472
-669
-812
-940
-1102
-1185
-1305
-1407
-1438
-1517
-1539
-1520
-1500
-1419
-1315
-1189
-1030
-863
-653
-449
-229
-9
152
303
416
475
502
517
453
376
253
62
-95
-305
-496
-700
-925
-1112
-1333
-1501
-1651
-1779
-1859
-1933
-1987
-2015
-1994
-1965
-1867
-1748
-1600
-1400
-1181
-929
-661
-364
-59
246
558
841
1100
1367
1609
1842
2064
2239
2375
2497
2588
2657
2712
2715
2693
2629
2512
2356
2168
1957
1727
1473
1191
886
597
312
59
-158
-386
-562
-729
-837
-908
-962
-947
-958
-904
-857
-805
-710
-659
-548
-494
-420
-332
-300
-205
-141
-71
21
87
140
191
209
214
186
117
16
-138
-293
-473
-673
-873
-1066
-1247
-1388
-1492
-1583
-1633
-1654
-1660
-1643
-1627
-1619
-1610
-1585
-1564
-1514
-1471
-1411
-1301
-1191
-993
-767
-512
-178
139
499
870
1220
1566
1862
2105
2290
2413
2469
2450
2379
2249
2087
1921
1715
1526
1337
1161
1020
884
769
656
562
467
363
268
145
22
-87
-235
-336
-457
-543
-585
-626
-594
-572
-488
-390
-271
-127
-2
142
251
343
405
437
432
417
353
272
171
40
-79
-211
-328
-459
-563
-672
-778
-841
-939
-993
-1048
-1137
-1173
-1265
-1330
-1386
-1464
-1496
-1560
-1573
-1615
-1608
-1578
-1577
-1470
-1418
-1305
-1143
-1009
-791
-583
-348
-102
155
416
655
927
1123
1330
1494
1593
1694
1711
1716
1673
1600
1509
1385
1271
1134
1027
915
808
736
642
612
565
542
539
505
513
494
482
489
478
479
492
487
489
518
522
551
581
571
597
592
576
567
514
446
381
283
182
90
-38
-149
-251
-374
-470
-571
-685
-771
-869
-954
-1022
-1107
-1163
-1233
-1293
-1343
-1405
-1441
-1489
-1516
-1537
-1553
-1549
-1540
-1509
-1482
-1429
-1384
-1329
-1236
-1171
-1065
-948
-846
-686
-535
-374
-176
-4
202
400
567
746
871
982
1071
1109
1126
1105
1056
993
922
854
794
749
715
713
724
768
840
906
987
1064
1128
1187
1227
1242
1233
1206
1165
1096
1037
957
881
827
749
706
652
601
572
531
481
434
367
296
232
133
39
-72
-189
-296
-403
-514
-613
-704
-800
-858
-931
-977
-1014
-1045
-1063
-1085
-1085
-1102
-1094
-1098
-1105
-1112
-1130
-1138
-1150
-1150
-1158
-1148
-1139
-1121
-1077
-1048
-989
-935
-884
-803
-747
-672
-600
-542
-461
-395
-322
-239
-163
-74
15
111
209
311
421
523
636
731
835
926
1010
1102
1163
1239
1296
1346
1399
1435
1470
1500
1519
1526
1529
1502
1495
1447
1401
1350
1250
1185
1073
970
858
723
595
458
322
177
50
-99
-215
-328
-437
-510
-602
-647
-696
-725
-732
-750
-739
-736
-722
-711
-701
-693
-697
-689
-701
-712
-708
-721
-719
-709
-720
-716
-711
-725
-715
-736
-764
-791
-856
-904
-973
-1052
-1114
-1192
-1242
-1280
-1303
-1294
-1268
-1200
-1112
-994
-852
-699
-527
-349
-169
0
173
320
466
598
708
825
918
1024
1119
1210
1317
1399
1505
1592
1677
1753
1801
1847
1853
1849
1809
1744
1650
1523
1388
1222
1057
876
684
506
328
168
30
-103
-207
-288
-360
-399
-436
-455
-463
-468
-460
-454
-438
-430
-406
-389
-370
-331
-315
-281
-246
-229
-202
-178
-179
-178
-187
-230
-254
-310
-374
-442
-539
-615
-722
-807
-898
-990
-1048
-1124
-1148
-1180
-1192
-1172
-1172
-1127
-1093
-1044
-991
-940
-876
-824
-753
-682
-612
-519
-418
-303
-169
-20
137
305
482
655
814
967
1093
1193
1283
1339
1377
1388
1381
1355
1317
1272
1216
1154
1087
1024
945
881
797
713
631
534
452
358
271
192
119
52
4
-41
-83
-104
-123
-133
-130
-127
-124
-106
-90
-67
-44
-27
-6
5
19
17
7
-7
-39
-65
-110
-157
-200
-256
-301
-351
-398
-442
-482
-516
-551
-575
-605
-625
-642
-664
-682
-709
-736
-763
-788
-818
-842
-863
-877
-874
-860
-826
-783
-719
-647
-557
-458
-362
-249
-155
-50
43
124
202
266
322
370
418
444
477
509
525
559
587
601
632
650
659
682
679
684
680
661
643
605
570
533
495
449
416
378
340
327
298
280
270
247
238
229
220
219
210
210
211
209
223
233
243
263
275
285
302
303
300
295
266
245
207
162
115
51
-11
-75
-146
-219
-282
-357
-423
-482
-546
-598
-650
-692
-736
-767
-799
-824
-840
-858
-862
-871
-860
-847
-829
-791
-762
-710
-660
-603
-534
-473
-401
-333
-268
-201
-138
-79
-23
30
75
121
160
196
236
264
295
325
349
375
390
407
417
421
427
420
413
403
386
372
361
345
341
340
340
355
371
396
427
464
502
545
585
618
652
676
687
691
685
658
635
596
542
495
434
374
318
257
198
143
82
23
-35
-105
-168
-242
-321
-393
-479
-560
-635
-711
-779
-836
-890
-930
-961
-981
-988
-988
-969
-949
-917
-878
-839
-787
-740
-681
-628
-574
-515
-464
-406
-351
-296
-244
-193
-140
-95
-44
1
44
82
119
157
182
215
237
260
284
306
334
358
392
431
469
518
566
618
669
726
774
816
863
891
919
939
942
946
934
915
894
861
824
785
741
689
640
585
521
462
396
323
253
180
97
22
-60
-145
-224
-314
-392
-475
-558
-628
-701
-764
-822
-868
-915
-950
-971
-996
-1004
-1001
-997
-988
-962
-939
-911
-870
-835
-793
-744
-701
-653
-603
-555
-499
-446
-392
-332
-276
-221
-160
-105
-54
3
49
89
137
173
208
247
278
314
351
387
427
473
519
568
624
670
720
771
807
849
882
901
919
925
923
915
903
882
861
839
810
788
756
728
693
652
610
552
493
420
341
258
161
64
-41
-146
-248
-347
-442
-529
-607
-676
-738
-786
-833
-871
-898
-925
-939
-952
-959
-956
-956
-943
-926
-912
-881
-847
-811
-764
-714
-663
-606
-549
-490
-433
-376
-317
-263
-204
-149
-92
-38
16
74
124
180
233
281
333
381
424
467
509
545
579
613
640
663
684
705
719
736
749
757
765
771
771
770
766
756
744
724
702
676
640
606
561
509
455
391
325
253
179
102
22
-54
-134
-212
-284
-354
-418
-480
-538
-595
-648
-693
-738
-780
-812
-844
-866
-879
-887
-883
-870
-851
-824
-792
-757
-721
-682
-644
-607
-571
-533
-498
-457
-415
-370
-317
-266
-210
-148
-89
-26
39
99
159
221
276
332
384
430
477
517
556
591
624
657
685
714
736
757
771
780
787
782
776
764
743
720
692
661
627
593
551
513
472
426
383
332
281
228
171
114
52
-8
-74
-137
-201
-266
-326
-393
-453
-512
-570
-621
-670
-713
-750
-779
-803
-817
-825
-823
-814
-796
-773
-742
-706
-668
-625
-579
-538
-492
-451
-414
-374
-338
-301
-264
-227
-185
-144
-97
-47
3
60
114
171
227
280
331
377
416
453
482
505
527
542
557
569
582
596
608
626
640
657
672
684
693
693
691
677
658
630
596
557
512
467
413
362
312
257
209
155
105
55
3
-46
-98
-150
-203
-256
-307
-361
-410
-461
-509
-553
-596
-633
-667
-698
-719
-739
-751
-758
-757
-752
-740
-721
-699
-669
-638
-601
-558
-517
-468
-417
-366
-310
-252
-195
-135
-75
-16
45
104
159
214
265
310
351
386
414
438
455
469
479
486
489
494
494
495
496
494
494
490
485
479
469
457
442
425
406
382
358
332
305
277
250
222
193
168
142
119
95
73
52
31
10
-11
-34
-58
-84
-111
-142
-172
-205
-241
-276
-312
-347
-380
-415
-445
-471
-497
-518
-536
-550
-562
-568
-571
-568
-559
-546
-525
-501
-468
-430
-389
-341
-293
-239
-186
-132
-79
-27
23
69
111
150
186
216
244
269
287
306
321
334
347
355
364
369
374
375
377
375
373
369
363
356
347
336
325
313
297
282
265
245
227
206
186
165
143
122
102
82
64
46
31
15
2
-11
-21
-31
-41
-50
-58
-68
-78
-89
-103
-118
-137
-157
-179
-202
-227
-251
-274
-298
-318
-335
-352
-363
-372
-376
-377
-374
-367
-357
-342
-325
-304
-282
-256
-230
-201
-173
-144
-115
-85
-57
-29
-2
26
52
77
102
124
146
165
181
196
209
220
229
235
239
242
242
240
236
230
222
212
203
193
183
172
162
154
145
138
131
126
120
115
110
106
100
94
89
83
76
69
61
53
45
36
27
18
10
0
-8
-17
-25
-33
-42
-51
-58
-65
-74
-81
-90
-97
-105
-111
-117
-123
-127
-129
-131
-132
-132
-132
-132
-130
-130
-130
-129
-129
-127
-125
-121
-116
-108
-101
-91
-79
-68
-56
-43
-31
-21
-11
-3
5
11
14
18
21
23
25
26
28
30
34
38
42
48
54
59
63
67
70
72
71
70
66
61
58
53
48
44
43
42
43
45
48
51
55
57
58
57
55
52
46
41
34
26
20
14
9
5
3
2
1
1
0
2
3
5
7
8
9
10
9
7
4
-1
-7
-13
-20
-28
-34
-41
-46
-51
-54
-57
-58
-59
-59
-58
-58
-56
-55
-54
-53
-53
-52
-51
-50
-51
-50
-51
-50
-51
-50
-49
-47
-44
-40
-35
-28
-22
-13
-5
3
11
18
25
30
35
39
42
45
47
50
52
54
57
58
60
62
62
62
61
61
58
56
54
53
52
50
50
49
51
50
51
52
52
54
53
54
54
52
50
47
43
37
32
26
19
11
4
-2
-9
-14
-20
-24
-28
-32
-37
-40
-44
-50
-54
-57
-63
-66
-70
-74
-79
-81
-83
-85
-86
-87
-87
-87
-86
-85
-84
-82
-79
-76
-72
-68
-64
-60
-56
-50
-46
-42
-37
-32
-27
-21
-15
-10
-5
0
6
11
16
20
24
27
32
35
40
44
47
52
58
62
68
71
76
79
82
84
84
85
85
83
82
81
79
77
76
75
72
70
68
65
62
59
55
52
48
45
43
40
37
35
33
31
28
24
20
15
8
3
-4
-11
-18
-25
-31
-37
-42
-47
-51
-54
-57
-60
-62
-63
-65
-67
-67
-67
-67
-67
-66
-66
-64
-62
-60
-59
-58
-56
-55
-54
-53
-52
-50
-49
-47
-45
-44
-41
-38
-34
-30
-26
-20
-14
-7
0
6
13
17
24
29
31
34
36
36
37
37
37
35
36
37
36
36
37
37
37
39
40
41
43
44
45
46
47
47
46
46
45
42
41
37
34
30
26
21
17
12
8
4
1
-2
-5
-6
-8
-9
-10
-10
-10
-10
-10
-11
-12
-13
-14
-16
-18
-20
-23
-25
-27
-29
-31
-33
-35
-36
-38
-37
-39
-38
-38
-37
-34
-33
-29
-25
-22
-18
-13
-11
-7
-6
-4
-4
-4
-4
-6
-7
-9
-9
-8
-8
-7
-5
-3
-1
1
2
4
7
9
10
12
13
15
16
18
19
21
21
21
22
21
21
20
18
15
13
12
10
8
6
6
7
7
7
7
9
10
11
12
13
12
13
13
12
11
9
8
6
4
2
0
-1
-3
-3
-4
-3
-3
-3
-3
-2
-2
0
0
0
0
-1
-1
-1
-1
-1
0
-1
-2
-2
-2
-3
-4
-4
-5
-6
-7
-7
-7
-7
-7
-7
-6
-6
-5
-5
-5
-5
-5
-5
-5
-5
-5
-4
-4
-3
-3
-2
-1
-1
0
0
0
-1
-2
-2
-4
-5
-5
-7
-7
-8
-8
-7
-6
-4
-3
-2
1
2
6
8
8
9
9
9
7
5
3
1
-2
-4
-6
-6
-7
-8
-6
-5
-3
-1
2
4
7
8
10
10
10
9
8
6
5
3
2
2
1
1
1
1
2
2
3
2
2
2
2
1
1
1
0
1
0
1
1
2
2
3
5
4
6
7
6
7
6
6
4
3
2
1
-2
-3
-4
-5
-7
-7
-8
-7
-6
-5
-4
-3
-2
1
2
4
4
5
6
5
5
4
3
2
1
-1
-2
-4
-7
-8
-7
-8
-9
-9
-8
-6
-6
-4
-2
-1
0
1
3
4
4
4
3
3
2
2
1
1
-1
-1
-1
-2
-2
-3
-2
-3
-3
-3
-4
-4
-4
-3
-3
-4
-2
-2
0
1
2
2
3
4
4
4
5
4
3
2
1
0
0
0
-1
-1
-2
-3
-3
-3
-2
-3
-2
-2
-2
-2
-1
0
0
1
2
2
4
4
4
5
4
5
4
2
2
1
0
-1
-2
-2
-4
-4
-5
-4
-4
-3
-3
-2
-1
1
3
3
4
5
5
5
5
4
3
1
0
0
-1
-3
-2
-3
-2
-2
-2
-2
-1
-1
0
0
0
0
1
0
1
1
1
2
2
3
1
2
2
2
1
1
-1
-1
-1
-2
-2
-2
-2
-2
-2
-2
-1
-1
0
0
0
0
1
0
0
0
1
1
1
1
0
1
1
0
0
-1
0
-1
-2
-2
-2
-1
-1
-1
0
-2
-1
-1
-1
-1
1
1
1
2
2
1
2
2
1
1
1
0
0
-1
-2
-1
-1
-2
-1
0
0
1
1
1
2
2
1
1
1
-1
0
-1
-2
1
-1
-1
0
0
1
1
1
1
1
0
0
0
0
-1
-1
-1
-1
-1
-1
-1
-1
0
0
0
1
1
0
1
1
0
0
0
-1
0
-1
-1
0
0
-1
0
-1
-1
-1
0
0
0
0
0
0
1
0
1
1
1
0
1
1
0
1
0
0
-1
-1
-1
-1
-1
-1
-1
-1
-1
0
-1
1
0
2
2
2
1
1
2
1
1
1
0
0
0
0
-1
-1
0
-2
-2
-1
-2
-1
-1
0
0
0
0
1
2
2
1
2
2
2
1
1
1
1
0
-1
-1
-1
-2
-2
-2
-1
-2
-1
0
-1
1
1
1
2
2
2
1
2
2
0
1
0
-1
-1
-2
-1
-1
-1
-1
-1
0
0
0
0
-1
0
-1
1
0
0
1
0
0
0
0
1
0
1
1
0
1
1
0
1
0
0
-1
-1
-1
-1
-2
-1
-1
0
0
-1
0
0
-1
0
0
1
1
0
1
2
2
1
2
0
0
0
0
-1
0
-1
-2
-2
-2
-1
-1
-1
0
1
0
1
1
2
2
1
1
0
1
0
0
0
-1
0
-1
0
-1
-1
0
0
0
0
-1
0
0
0
0
0
0
0
0
0
0
0
0
1
0
2
1
0
0
1
0
0
0
0
0
-1
0
-1
-1
-1
0
-1
-1
0
0
-1
0
0
0
0
0
0
1
1
1
0
1
0
0
0
0
0
0
-1
-1
-1
-1
-1
0
0
0
-1
0
0
0
1
0
1
0
0
0
0
0
1
0
0
0
1
1
0
0
0
0
0
0
0
0
0
0
0
0
-1
-1
0
-1
0
-1
-1
0
0
0
0
1
0
0
0
0
0
1
0
0
0
0
0
0
0
0
0
0
0
0
0
0
-1
0
0
0
0
0
0
1
0
0
0
0
0
0
0
1
0
-1
0
0
0
0
0
0
0
0
-1
0
0
0
0
1
0
0
0
0
0
-1
1
1
0
0
0
0
1
0
0
0
0
0
0
0
0
0
0
0
0
1
0
0
1
1
0
0
1
0
0
0
0
0
0
0
0
0
0
0
0
-1
-1
0
0
0
-1
0
0
0
0
0
0
-1
1
0
-1
0
0
0
-1
1
0
0
0
0
-1
0
0
-1
0
0
0
0
0
-1
0
0
0
0
0
0
0
0
0
0
0
1
0
0
0
0
-1
0
-1
0
0
0
0
1
0
0
0
0
0
0
0
0
0
-1
0
0
1
0
0
0
0
0
0
0
1
0
0
0
0
0
0
-1
0
1
0
0
0
0
0
0
0
0
-1
0
0
0
0
0
0
0
0
1
0
-1
0
1
0
0
-1
0
0
0
0
0
0
0
0
0
1
0
0
0
0
0
0
0
0
-1
0
0
0
0
0
0
0
0
0
1
0
0
0
0
0
1
0
0
1
0
1
-1
0
0
0
0
0
0
0
0
-1
0
-1
-1
0
0
0
0
0
0
0
0
0
0
-1
0
-1
0
0
0
0
0
0
-1
0
0
0
0
0
0
0
0
0
0
0
0
0
0
0
0
0
1
1
0
-1
0
0
0
0
0
0
0
0
0
0
0
0
0
0
0
0
1
0
0
0
0
0
1
0
0
0
0
0
0
0
-1
-1
0
0
0
0
0
-1
-1
0
0
0
-1
1
0
0
-1
0
0
0
0
0
0
0
0
0
0
0
0
0
0
0
0
1
0
0
-1
0
0
0
0
0
0
1
0
0
-1
-1
0
0
0
0
-1
0
0
0
0
0
1
0
0
0
0
1
0
0
0
0
0
0
-1
0
0
0
0
0
0
1
0
0
0
0
0
0
-1
-1
0
-1
0
0
0
0
0
0
0
0
0
0
0
0
-1
0
-1
0
0
0
0
1
0
0
0
0
0
0
0
0
0
0
-1
1
-1
0
0
0
0
0
0
0
0
1
0
1
0
0
0
1
-1
0
0
0
0
0
0
0
0
0
0
-1
0
0
0
0
1
1
0
1
0
0
0
0
0
0
0
0
0
0
-1
-1
-1
-1
0
0
0
0
0
-1
0
0
0
0
0
-1
0
-1
0
1
0
0
1
0
0
-1
0
-1
0
0
0
-1
0
1
-1
0
0
0
0
-1
0
1
0
-1
1
1
0
1
-1
0
0
1
0
0
-1
1
0
0
1
0
0
0
0
1
0
0
0
0
1
0
-1
0
-1
0
1
0
1
-1
0
1
0
0
0
0
0
-1
0
0
0
0
0
0
0
0
0
0
-1
0
1
0
1
0
-1
0
0
1
0
0
0
0
0
0
-1
0
-1
0
0
0
0
0
0
0
1
0
1
0
0
0
0
0
-1
0
0
0
0
0
-1
0
0
0
0
0
0
1
0
0
0
0
1
0
0
0
0
0
0
0
0
0
-1
0
1
0
0
0
0
0
0
0
0
0
0
0
0
0
0
0
-1
1
0
0
0
-1
0
0
0
1
0
0
0
-1
0
0
0
0
1
1
0
1
0
0
-1
0
-1
0
0
0
0
0
0
0
0
0
0
0
0
0
1
0
0
0
0
0
0
0
0
0
0
0
0
0
0
0
0
0
0
1
0
0
0
1
0
0
0
0
0
0
0
0
1
1
0
0
1
0
0
0
0
0
1
0
0
-1
1
0
-1
-1
0
0
0
0
0
1
0
1
0
0
0
1
0
-1
0
-1
0
0
-1
0
0
0
-1
0
0
0
0
0
0
0
0
1
-1
0
0
0
0
-1
0
0
0
0
0
1
0
0
0
0
0
0
0
0
1
1
0
0
0
0
0
0
0
0
0
1
0
-1
0
0
0
0
0
0
0
0
0
0
1
0
1
1
1
0
0
0
0
0
0
0
0
0
0
0
0
-1
0
0
0
-1
0
-1
0
0
0
0
0
0
0
-1
1
0
1
0
0
0
0
1
1
0
-1
0
1
-1
0
0
0
0
0
0
0
0
0
0
0
0
0
1
-1
0
0
0
0
0
0
0
-1
0
-1
0
0
0
0
0
-1
0
1
0
0
0
1
0
0
0
0
0
0
0
0
0
0
0
0
0
0
1
0
1
0
-1
-1
-1
0
0
0
0
0
0
0
-1
0
0
1
-1
0
1
0
0
0
0
0
0
0
-1
0
0
0
0
0
0
0
0
0
0
0
0
0
0
0
0
0
0
0
0
0
0
1
0
1
0
0
0
1
0
0
-1
1
0
-1
0
0
-1
0
0
0
0
-1
0
0
0
0
1
0
0
0
1
0
0
1
-1
0
0
0
0
0
0
-1
0
1
0
0
0
1
-1
0
0
0
-1
0
0
0
-1
0
1
0
-1
0
0
-1
-1
0
0
0
0
-1
-1
-1
0
0
0
0
0
0
0
0
0
1
0
-1
0
1
0
1
0
0
0
-1
0
0
0
0
0
0
-1
1
0
0
0
0
1
0
0
0
-1
0
1
0
0
0
0
0
0
0
0
0
0
-1
1
-1
0
1
0
0
0
0
0
0
0
0
0
0
0
0
0
0
0
1
0
0
0
0
-1
1
0
-1
0
0
0
0
0
0
0
0
0
0
-1
0
0
0
-1
0
0
1
1
0
0
0
0
-1
0
1
0
-1
0
0
0
0
-1
0
0
0
0
0
-1
-1
0
0
0
0
1
0
0
0
0
-1
0
0
0
0
0
0
0
0
1
0
-1
0
0
-1
0
0
0
0
0
0
0
0
0
0
0
1
0
0
0
0
-1
-1
0
-1
0
0
0
-1
0
0
0
0
1
1
-1
0
0
-1
-1
0
0
-1
0
0
-1
0
0
-1
1
-1
0
0
-1
0
0
0
0
0
0
0
1
0
0
-1
1
1
0
0
0
0
0
0
0
0
0
1
0
0
0
0
0
0
-1
0
0
-1
0
0
1
0
0
1
0
0
0
1
0
0
0
0
0
0
1
-1
0
0
0
1
0
-1
0
0
0
0
0
-1
0
0
0
0
1
0
0
1
0
0
0
1
0
0
0
0
0
1
0
0
0
0
0
0
0
1
0
0
0
0
-1
0
0
-1
-1
0
-1
0
0
0
1
1
0
0
0
-1
1
0
0
0
0
1
0
1
0
0
1
1
0
0
0
0
0
-1
0
0
0
-1
0
0
1
0
0
0
0
1
0
1
0
0
0
0
-1
0
0
0
0
0
-1
0
0
0
1
1
0
0
-1
0
0
1
0
0
-1
1
0
0
0
0
-1
0
0
0
0
0
0
0
0
0
0
0
1
0
0
0
-1
0
1
0
0
1
-1
0
-1
-1
0
0
0
0
0
0
0
0
-1
0
-1
1
0
1
1
0
0
0
0
0
0
0
0
0
0
0
0
0
0
1
0
-1
0
0
0
0
0
0
-1
0
0
-1
0
0
0
0
0
0
0
1
1
0
0
0
0
0
0
0
-1
0
0
0
0
0
0
-1
-1
0
0
0
0
0
1
0
1
-1
0
0
-1
0
0
0
1
0
0
0
0
0
0
0
1
0
1
0
0
0
-1
-1
0
0
0
0
1
0
-1
0
0
0
0
1
0
-1
0
0
0
0
0
1
0
0
0
0
0
0
0
0
0
0
1
0
0
0
0
0
0
0
0
0
0
0
0
0
-1
-1
0
0
0
0
0
0
-1
0
0
-1
0
0
0
0
0
0
0
0
0
0
0
0
0
0
0
0
0
-1
0
0
1
0
0
-1
1
0
0
0
0
0
0
0
0
0
0
-1
1
0
0
-1
0
0
0
1
0
-1
0
0
0
0
0
0
0
1
-1
0
0
0
-1
-1
0
0
0
1
0
0
0
0
0
1
0
-1
-1
0
0
0
0
0
0
0
-1
0
-1
0
1
0
0
0
0
1
0
0
0
0
0
-1
-1
0
0
0
0
-1
0
1
0
1
0
0
0
0
-1
0
0
0
-1
0
0
0
0
0
0
0
0
-1
0
0
0
1
0
1
0
-1
0
1
0
0
-1
0
0
0
0
0
0
1
0
1
0
0
0
0
0
1
0
1
0
0
0
1
0
0
0
0
0
-1
0
0
0
0
0
0
0
0
0
-1
0
0
0
0
0
0
0
0
0
0
1
0
1
0
0
1
0
0
1
0
0
1
0
0
1
0
0
0
0
0
0
0
0
0
0
0
1
0
0
-1
0
0
-1
0
-1
0
0
1
1
0
0
0
-1
0
0
0
0
0
0
1
0
0
-1
0
0
0
0
-1
0
1
0
0
0
0
0
-1
0
0
0
0
0
0
0
1
0
0
0
0
0
-1
0
0
0
0
0
1
0
0
0
0
0
0
0
1
0
-1
0
-1
1
0
0
0
0
-1
0
-1
0
0
0
0
-1
1
0
0
0
1
0
-1
0
1
1
0
-1
0
0
0
0
0
0
0
0
-1
0
0
0
0
1
-1
0
0
-1
0
0
0
0
0
1
1
0
0
0
-1
-1
0
0
0
1
0
0
0
0
0
0
1
0
0
-1
0
0
1
0
0
0
0
0
1
0
0
-1
0
0
0
0
0
0
0
0
1
0
0
0
0
0
0
0
0
1
0
0
0
0
0
0
-1
0
0
0
0
1
0
0
1
0
0
0
1
-1
0
-1
0
0
0
1
0
0
0
0
0
0
1
0
0
0
0
0
0
0
0
0
-1
0
0
0
1
0
0
0
1
0
0
0
0
0
0
0
0
0
0
1
0
1
0
-1
0
0
-1
0
0
0
-1
0
0
0
-1
0
-1
1
-1
1
0
0
0
0
0
1
0
1
0
0
0
0
0
0
0
0
0
0
0
1
0
0
-1
0
0
0
0
0
0
0
0
0
0
-1
0
0
1
0
0
-1
0
0
0
0
0
0
0
0
-1
0
1
0
0
0
0
1
0
0
0
0
0
-1
0
0
-1
0
0
0
0
0
0
0
0
0
0
0
1
1
1
1
0
0
-1
1
0
0
0
0
0
0
0
0
0
0
0
0
1
0
0
1
0
1
0
0
1
0
0
0
0
1
0
0
-1
0
0
1
1
0
0
-1
0
-1
-1
0
0
0
1
1
0
-1
0
1
0
0
0
0
1
0
1
-1
0
1
0
0
0
-1
0
0
0
1
0
-1
0
-1
-1
0
0
1
0
0
0
1
1
0
0
1
1
-1
0
-1
0
0
0
1
0
0
0
0
-1
0
0
-1
0
0
-1
-1
1
0
0
0
0
-1
0
1
0
0
0
-1
1
0
1
0
1
-1
0
0
0
-1
0
0
0
0
0
0
0
0
0
0
0
0
0
0
0
0
0
1
0
0
0
0
1
0
0
0
0
0
0
0
0
0
0
0
0
0
0
0
0
0
0
0
0
1
0
0
0
0
-1
0
0
1
0
0
0
0
0
-1
0
0
0
0
0
0
-1
0
0
-1
0
0
0
-1
0
0
0
0
-1
0
0
0
0
0
0
0
0
0
0
0
0
0
0
0
-1
0
0
0
-1
0
-1
0
-1
0
0
0
0
1
0
0
0
0
-1
1
0
0
0
0
0
1
0
0
0
0
0
0
1
0
0
0
0
-1
0
-1
0
0
0
0
0
0
0
0
0
0
0
0
0
0
0
0
0
1
0
1
1
0
1
0
0
0
0
0
1
0
1
0
0
0
1
0
0
-1
0
0
1
0
-1
0
0
0
0
-1
-1
1
0
0
1
0
0
1
0
0
0
-1
1
0
0
0
0
0
0
-1
0
0
0
0
0
0
0
0
0
0
0
0
0
0
0
0
