0
0
0
0
0
1
-1
0
0
0
0
-1
0
0
0
0
0
1
0
0
0
0
0
0
0
0
1
1
0
0
0
0
0
0
0
0
0
1
0
-1
0
0
0
0
0
0
0
0
0
0
1
0
1
0
1
0
0
0
0
0
0
0
0
0
0
0
0
-1
0
0
0
-1
0
-1
0
0
0
0
0
0
0
-1
1
0
1
0
0
0
0
1
1
0
-1
0
1
-1
0
0
0
0
0
0
0
0
0
0
0
0
0
1
-1
0
0
0
0
0
0
0
-1
0
-1
0
0
0
0
0
-1
0
1
0
0
0
1
0
0
0
0
0
0
0
0
0
0
0
0
0
0
1
0
1
0
-1
-1
-1
0
0
0
0
0
0
0
-1
0
0
1
-1
0
1
0
0
0
0
0
0
0
-1
0
0
0
0
0
0
0
0
0
0
0
0
0
0
0
0
0
0
0
0
0
0
1
0
1
0
0
0
1
0
0
-1
1
0
-1
0
0
-1
0
0
0
0
-1
0
0
0
0
1
0
0
0
1
0
0
1
-1
0
0
0
0
0
0
-1
0
1
0
0
0
1
-1
0
0
0
-1
0
0
0
-1
0
1
0
-1
0
0
-1
-1
0
0
0
0
-1
-1
-1
0
0
0
0
0
0
0
0
0
1
0
-1
0
1
0
1
0
0
0
-1
0
0
0
0
0
0
-1
1
0
0
0
0
1
0
0
0
-1
0
1
0
0
0
0
0
0
0
0
0
0
-1
1
-1
0
1
0
0
0
0
0
0
0
0
0
0
0
0
0
0
0
1
0
0
0
0
-1
1
0
0
0
0
0
0
0
0
0
0
0
0
-1
0
0
0
-1
0
0
1
1
0
0
0
0
-1
0
1
0
-1
0
0
0
0
-1
0
0
0
0
0
-1
-1
0
0
0
0
1
0
0
0
0
-1
0
0
0
0
0
0
0
0
1
0
-1
0
0
-1
0
0
0
0
0
0
0
0
0
0
0
1
0
0
0
0
-1
-1
0
-1
0
0
0
-1
0
0
0
0
1
1
-1
0
0
-1
-1
0
0
-1
0
0
-1
0
0
-1
1
-1
0
0
-1
0
0
0
0
0
0
0
1
0
0
-1
1
1
0
0
0
0
0
0
0
0
0
1
0
0
0
0
0
0
-1
0
0
-1
0
0
1
0
0
1
0
0
0
1
0
0
0
0
0
0
1
-1
0
0
0
1
0
-1
0
0
0
0
0
-1
0
0
0
0
1
0
0
1
0
0
0
1
0
0
0
0
0
1
0
0
0
0
0
0
0
1
0
0
0
0
-1
0
0
-1
-1
0
-1
0
0
0
1
1
0
0
0
-1
1
0
0
0
0
1
0
1
0
0
1
1
0
0
0
0
0
-1
0
0
0
-1
0
0
1
0
0
0
0
1
0
1
0
0
0
0
-1
0
0
0
0
0
-1
0
0
0
1
1
0
0
-1
0
0
1
0
0
-1
1
0
0
0
0
-1
0
0
0
0
0
0
0
0
0
0
0
1
0
0
0
-1
0
1
0
0
1
-1
0
-1
-1
0
0
0
0
0
0
0
0
-1
0
-1
1
0
1
1
0
0
0
0
0
0
0
0
0
0
0
0
0
0
1
0
-1
0
0
0
0
0
0
-1
0
0
-1
0
0
0
0
0
0
0
1
1
0
0
0
0
0
0
0
-1
0
0
0
0
0
0
-1
-1
0
0
0
0
0
1
0
1
-1
0
0
-1
0
0
0
1
0
0
0
0
0
0
0
1
0
1
0
0
0
-1
-1
0
0
0
0
1
0
-1
0
0
0
0
1
0
-1
0
0
0
0
0
1
0
0
0
0
0
0
0
0
0
0
1
0
0
0
0
0
0
0
0
0
0
0
0
0
-1
-1
0
0
0
0
0
0
-1
0
0
-1
0
0
0
0
0
-1
1
1
-1
1
1
-1
1
0
-1
1
0
-2
0
0
0
0
1
-1
1
1
-1
0
1
-1
0
0
0
-1
0
0
0
0
1
-1
0
2
-1
0
1
-1
-1
0
1
0
0
1
-1
0
0
0
-2
1
-1
-2
0
1
-2
1
3
-3
-1
4
-3
0
4
-4
-2
4
-3
-1
4
-2
-2
3
-1
-2
2
0
-2
1
1
-2
0
3
-2
-1
3
-1
-2
2
0
-3
3
1
-4
2
2
-3
1
2
-2
-1
3
-1
-4
4
0
-5
4
1
-6
5
0
-6
5
0
-4
2
0
-1
0
2
0
-2
4
0
-5
6
0
-5
5
-2
-3
5
-3
0
3
-5
5
1
-6
7
-2
-7
10
-3
-8
13
-5
-9
13
-3
-11
14
-1
-14
13
0
-16
14
2
-16
14
3
-16
13
3
-14
10
2
-11
6
3
-6
1
5
-4
-3
8
-3
-5
9
-3
-5
8
-3
-3
6
-4
0
4
-4
3
1
-5
5
0
-6
7
-1
-7
7
0
-8
9
2
-10
7
3
-9
5
3
-7
1
5
-2
-4
7
2
-11
8
7
-18
11
10
-23
12
12
-24
11
13
-23
7
15
-19
1
16
-12
-7
18
-8
-13
20
-4
-18
20
2
-21
17
7
-23
12
13
-22
4
20
-21
-7
30
-22
-13
36
-21
-16
38
-18
-23
41
-17
-24
40
-14
-24
34
-8
-25
27
0
-24
19
9
-27
14
14
-27
11
16
-26
8
16
-23
6
17
-23
9
10
-16
5
10
-11
1
9
-13
7
1
-5
3
-3
1
3
-10
11
-3
-9
15
-9
-4
10
-2
-11
13
3
-21
19
6
-28
25
3
-28
21
9
-35
23
18
-48
37
8
-46
41
-3
-32
32
-2
-24
22
3
-26
29
-7
-19
31
-25
8
12
-26
26
-9
-15
18
4
-26
18
17
-46
38
1
-39
45
-17
-19
35
-23
0
16
-12
-3
17
-16
-3
25
-34
16
13
-32
17
17
-28
-2
39
-35
-14
57
-52
0
47
-46
-1
45
-40
-11
56
-49
-3
54
-60
18
37
-53
16
36
-46
1
49
-52
7
34
-36
12
7
-15
21
-28
19
10
-36
33
-10
-1
-4
11
-12
12
-10
2
14
-25
27
-22
19
-12
-6
31
-45
27
18
-57
50
5
-66
79
-28
-45
69
-27
-33
43
4
-51
46
2
-47
50
-15
-22
40
-30
1
38
-62
45
18
-80
80
-9
-69
77
-13
-54
63
-20
-23
28
-10
9
-31
47
-26
-24
68
-69
29
14
-25
4
7
24
-67
62
-3
-57
63
-19
-25
33
-12
-6
6
1
6
-16
10
8
-12
-10
38
-35
-12
74
-97
49
40
-105
98
-34
-38
81
-77
24
42
-59
4
64
-62
-21
120
-146
84
25
-110
126
-75
-3
52
-41
-12
54
-39
-20
72
-66
6
58
-70
19
61
-110
84
8
-95
97
-12
-63
42
57
-115
49
93
-176
119
36
-158
138
15
-163
168
-21
-134
155
-51
-49
50
17
-67
50
14
-71
77
-35
-13
21
17
-52
40
15
-58
48
11
-76
97
-54
-30
119
-178
175
-101
-16
111
-130
86
-25
-19
27
1
-42
50
-1
-55
59
-12
-22
10
15
4
-55
84
-58
6
40
-85
146
-190
160
-40
-113
212
-208
118
-16
-22
-13
58
-49
-18
80
-90
42
38
-103
102
-11
-114
162
-76
-58
100
3
-170
260
-190
-1
186
-239
140
0
-56
2
70
-74
19
39
-71
86
-76
13
79
-117
59
30
-57
18
18
3
-69
141
-167
103
46
-196
245
-180
86
-31
5
11
4
-65
96
-21
-123
195
-113
-53
162
-136
2
150
-218
147
15
-132
101
30
-117
84
7
-59
49
-10
-21
27
1
-34
14
65
-131
108
-23
-39
36
-1
-20
7
44
-128
193
-170
62
38
-57
23
-19
71
-130
136
-87
17
40
-73
84
-75
47
-13
-3
-8
36
-59
50
1
-69
98
-60
-8
41
-22
-8
5
18
-12
-46
121
-156
128
-48
-63
165
-186
83
76
-160
108
6
-71
47
6
-10
-45
103
-94
-12
144
-164
25
130
-103
-87
189
-52
-191
280
-150
-52
161
-142
61
11
-27
-18
89
-105
8
150
-225
127
94
-287
325
-163
-76
199
-110
-78
142
19
-268
353
-161
-159
346
-280
94
22
-29
20
-60
112
-96
15
68
-76
15
30
11
-101
130
-51
-67
117
-75
33
-65
133
-148
44
148
-304
281
-94
-73
77
20
-58
-22
144
-200
128
16
-116
95
-4
-67
92
-110
174
-224
176
-26
-105
133
-103
90
-113
115
-47
-72
154
-142
61
-6
44
-152
197
-100
-63
180
-199
136
-36
-54
109
-75
-36
127
-122
85
-100
152
-129
1
126
-172
130
-34
-70
93
-16
-138
245
-200
44
61
-30
-46
36
89
-228
263
-147
-74
264
-263
89
100
-86
-104
232
-156
-67
252
-323
243
-34
-220
375
-309
79
158
-273
225
-93
-11
4
88
-118
43
89
-169
147
-28
-120
181
-101
-72
238
-284
154
91
-259
227
-81
-17
31
-39
54
-49
45
-46
27
2
-55
95
-115
107
-17
-100
151
-65
-71
110
25
-193
228
-140
23
106
-202
222
-159
40
57
-118
101
-22
-69
69
62
-221
202
3
-161
97
87
-225
210
-73
-46
47
30
-80
53
67
-172
136
9
-82
23
60
-59
-15
57
-52
51
-73
110
-130
119
-29
-80
177
-211
154
-54
-26
20
62
-125
79
58
-184
201
-88
-36
51
-8
-26
19
69
-161
132
-52
3
10
-37
151
-268
255
-96
-95
174
-80
-88
183
-91
-92
153
-54
-83
105
64
-282
320
-175
-46
194
-211
140
-41
5
-77
192
-265
154
82
-269
292
-115
-67
116
-53
-71
116
-53
-48
140
-122
-1
157
-211
98
102
-266
311
-207
18
175
-259
204
-90
-1
1
28
-11
-49
76
-71
11
55
-50
14
-1
15
-24
32
-19
-24
69
-70
58
-60
15
85
-141
83
87
-197
124
27
-161
267
-286
195
-49
-121
178
-119
27
52
-49
30
-3
4
-24
5
67
-175
213
-130
-7
118
-158
110
-3
-131
161
-12
-204
267
-117
-106
222
-166
-27
186
-159
-47
283
-326
135
79
-126
44
104
-198
191
-63
-143
281
-226
62
23
18
-122
136
14
-201
260
-124
-104
215
-168
-34
215
-227
96
46
-45
-55
140
-65
-168
347
-327
132
105
-280
269
-95
-37
-1
155
-202
37
191
-234
47
185
-223
124
5
-99
78
-20
-25
-32
159
-206
86
174
-369
298
-45
-163
153
-48
-29
40
53
-164
194
-128
-21
247
-367
247
-16
-185
242
-170
114
-72
33
37
-127
194
-241
232
-94
-75
120
-87
91
-185
238
-117
-78
190
-181
105
-73
37
11
-98
239
-327
286
-64
-218
399
-327
91
65
-44
-17
-13
106
-168
140
-54
-61
144
-106
-49
185
-183
-22
194
-146
29
56
-143
114
32
-187
262
-187
46
-30
96
-93
5
123
-219
236
-111
-58
145
-114
2
116
-138
60
15
5
-51
59
-24
8
-27
33
-11
25
-53
18
39
-60
32
1
5
-45
46
-19
24
-49
37
47
-135
144
-90
9
26
37
-155
212
-170
-4
229
-313
196
-5
-125
98
109
-288
282
-38
-280
441
-324
-19
301
-299
89
113
-153
47
18
-33
79
-120
117
-84
61
-59
76
-78
-34
190
-272
166
7
-35
-125
318
-282
28
248
-342
227
-74
33
-87
227
-282
141
28
-148
177
-129
102
-94
116
-134
113
-99
59
39
-205
295
-208
39
96
-64
-114
254
-198
3
159
-183
39
125
-105
-81
316
-411
222
155
-411
356
-95
-89
55
133
-274
143
139
-339
303
-88
-54
5
163
-241
109
133
-271
231
-102
0
32
-51
45
-14
-75
175
-220
180
-8
-185
295
-304
191
-93
6
80
-153
250
-271
186
-35
-97
101
-21
-37
39
-65
108
-107
121
-87
11
130
-210
59
88
-66
-67
185
-254
154
12
-73
88
-69
59
-70
109
-129
84
41
-153
81
109
-229
186
14
-193
212
-134
21
26
61
-171
191
-3
-202
256
-195
107
-34
-14
93
-120
93
-142
197
-215
124
78
-259
275
-165
-31
157
-197
111
36
-85
73
-2
-50
74
2
-104
136
-6
-203
360
-327
63
219
-327
227
-69
-30
70
35
-208
250
-111
-139
288
-207
-112
429
-423
145
150
-285
133
206
-353
163
205
-502
468
-65
-323
289
68
-442
525
-242
-243
494
-325
-10
206
-50
-245
355
-103
-326
576
-525
205
-17
11
-44
29
126
-203
120
-3
-67
98
-94
53
89
-292
389
-266
25
127
-119
-1
85
-54
-4
84
-121
98
-51
45
-78
114
-132
-39
319
-473
383
-117
-101
160
-141
53
-20
103
-137
169
-146
-53
176
-113
-91
150
-72
-4
134
-119
37
20
-41
7
77
-73
-72
270
-375
309
-153
97
-114
152
-74
-202
336
-364
256
-23
-124
151
-67
-28
104
-45
-20
-13
63
-69
-11
89
-176
197
-133
61
-16
-22
89
-157
213
-70
-72
124
-80
-78
183
-160
53
54
-160
97
-11
-35
-29
67
-114
221
-168
10
180
-370
383
-159
-162
301
-264
157
36
-167
241
-260
196
43
-258
296
-171
-67
348
-388
140
16
-11
-73
115
-26
-225
317
-159
-36
154
-128
48
32
-46
-4
38
-74
7
59
-69
131
-122
87
-21
-39
107
-188
207
-204
115
7
-66
12
32
9
-111
184
-126
94
-64
30
-7
5
-44
76
-86
-11
147
-272
344
-188
18
51
6
-43
-88
285
-460
350
-98
-167
210
-68
-142
226
-121
-46
285
-331
219
74
-181
32
289
-414
135
406
-665
564
-154
-423
536
-326
-192
435
-286
-144
422
-379
121
210
-299
107
222
-400
255
218
-547
409
-24
-312
388
-131
-73
197
-139
-45
184
-82
-259
437
-288
-61
286
-348
226
-37
-71
27
101
-153
-29
240
-325
151
8
18
-111
108
-109
-108
478
-528
341
11
-372
592
-435
233
-23
-190
270
-122
5
-53
118
-233
124
141
-486
333
42
-354
477
-123
-325
503
-139
-365
651
-335
-323
731
-468
-283
848
-761
359
163
-309
207
-24
-72
70
-50
56
-158
177
-121
-153
318
-463
189
-22
-102
196
-287
478
-493
473
-260
-171
579
-494
220
158
-87
-118
276
13
-376
409
-241
-10
313
-458
244
-34
-318
133
118
-346
260
-29
-97
186
-34
-117
178
-149
-184
411
-423
81
265
-271
43
278
-277
129
346
-488
368
-217
-100
39
46
-189
-67
284
-263
419
-37
-168
326
-241
-44
287
-287
-16
189
-272
70
179
-331
106
286
-254
117
157
-403
89
321
-390
63
150
-246
191
59
-168
113
64
-119
113
-33
-89
115
-140
271
-305
36
273
-399
292
38
-235
238
-15
-178
169
58
-306
302
32
-173
228
-87
-72
145
-231
210
-38
-138
452
-162
-76
362
-18
-264
374
-121
-272
405
-296
-131
275
-297
-192
402
-463
353
-97
3
34
2
96
-290
373
-283
159
-117
160
-172
-229
346
-432
205
90
-47
-127
285
-371
232
53
-478
385
-189
57
-119
239
-204
-160
395
-115
-84
77
-28
9
34
-248
265
-330
103
112
-62
42
-168
256
-244
154
-175
194
-33
-199
298
-87
-47
-25
134
-56
101
-132
254
-181
-29
331
-468
402
-256
-41
233
-276
13
-43
183
-259
221
-150
70
58
76
-179
99
-17
-255
303
-117
-141
272
-88
20
272
-273
213
164
-71
331
95
119
9
169
-27
-5
173
-291
20
7
-91
-124
46
-157
-257
85
-24
-41
100
-136
71
-224
157
-174
-133
158
-97
180
-117
118
-70
-154
-14
61
-228
65
30
-282
-1
-129
-306
6
7
-80
32
164
-6
51
286
-52
421
-29
260
366
-138
296
116
-270
140
107
-386
246
-57
-442
232
-247
-490
82
-201
-399
298
-146
-207
345
-468
181
240
-330
323
133
-272
285
-16
-180
275
-208
8
333
-152
-103
440
-261
-16
379
-370
305
150
-129
317
-6
-111
176
78
-115
237
-48
-36
234
-147
12
271
-322
59
289
-280
55
69
-234
-110
25
-259
61
-69
-297
345
-93
-55
193
-176
61
-137
-71
79
-140
-100
-46
26
-215
-23
104
-252
44
-29
-158
52
-188
49
108
-167
18
65
-10
-131
22
39
-119
-10
-16
38
-105
-128
162
-174
8
76
38
92
112
115
218
155
-2
205
198
-67
124
152
-172
-57
1
-170
-101
-71
-210
17
-129
-146
154
-42
104
91
244
146
60
318
142
278
396
357
368
299
218
344
242
210
232
217
230
179
212
26
51
-69
1
111
-124
4
-38
-66
-96
74
5
-45
189
42
150
137
110
-17
75
20
25
148
-51
-38
-37
-89
-209
-59
-281
-341
-281
-454
-305
-462
-455
-419
-546
-402
-368
-321
-321
-277
-285
-240
-221
-265
-269
-313
-351
-301
-399
-462
-386
-558
-602
-530
-587
-598
-511
-484
-389
-297
-303
-112
-143
-142
-49
-30
5
29
92
197
91
73
156
47
59
57
107
95
192
147
153
152
156
269
409
447
623
747
749
882
939
1091
1317
1445
1746
1901
1895
1999
1916
1864
1876
1818
1861
1800
1712
1496
1283
1174
873
858
744
576
528
352
185
-94
-280
-581
-577
-711
-769
-877
-1015
-1117
-1445
-1461
-1660
-1675
-1643
-1784
-1693
-2011
-2118
-2459
-2687
-2977
-3153
-3206
-3380
-3296
-3492
-3498
-3946
-4070
-4263
-4428
-4556
-4249
-3093
-2329
-791
-362
561
1136
1382
2497
2693
3630
4076
4941
5588
5698
5838
5250
5082
4618
4281
4204
3625
3336
2480
1394
236
-848
-1208
-1810
-2048
-2059
-2395
-2360
-3107
-3340
-3826
-3754
-3124
-1400
-54
326
743
901
1804
1669
2465
3353
3827
4397
4899
5283
4270
3237
2738
2869
3031
2627
2642
1928
1001
346
-172
-624
-1188
-1265
-924
-1027
-1044
-1527
-2046
-2604
-2757
-2032
-1836
-1783
-1994
-2121
-2493
-2968
-3206
-3445
-3519
-3778
-3923
-4203
-4998
-5609
-6513
-6720
-6997
-7109
-6959
-6670
-4363
-2681
-1125
-982
-532
1226
2162
3997
4678
5617
6422
7433
8432
7993
7463
6887
6826
6349
5474
5110
4316
3444
1837
-197
-1558
-2495
-2497
-2810
-3472
-3584
-3768
-3555
-4383
-4870
-4670
-3858
-2324
-1379
-311
188
472
582
638
1373
2615
4329
5406
5716
5739
5533
5207
4467
3942
4011
4209
4274
3960
2793
1392
275
-64
-231
-427
-404
-124
223
32
-213
-665
-886
-540
77
558
574
2
-421
-798
-1231
-1547
-1960
-2399
-3060
-3671
-4432
-5431
-6344
-7044
-7526
-7899
-8123
-8555
-9135
-9902
-9959
-9928
-9703
-9513
-8335
-4693
-1736
837
1215
2154
3741
5038
7406
8280
9451
10187
11457
12143
11167
9968
8622
7886
7039
5924
5277
3996
2447
37
-2634
-4498
-5732
-5477
-5752
-5940
-5711
-5477
-5065
-5898
-6099
-5641
-4056
-1982
-85
1741
2566
2977
2575
2482
3045
4130
5286
6129
6954
7522
6986
5797
4600
3908
3515
3381
3859
3384
2307
1026
372
-145
-1205
-1651
-1077
95
784
850
675
308
178
416
922
1267
1073
872
657
253
-541
-1651
-2680
-3443
-3739
-4130
-4934
-5990
-6874
-7661
-8543
-8854
-8773
-8902
-9485
-9909
-9498
-9221
-8758
-8884
-8810
-8514
-7580
-2848
701
3776
4147
4783
7099
7852
10255
10197
10849
11372
12665
13900
12012
9750
7173
5816
4807
3289
2339
752
-981
-3287
-6223
-8044
-9166
-8710
-8274
-7894
-6329
-4912
-3485
-4141
-4504
-3628
-1025
2387
4759
6523
7029
7572
7105
6679
6235
6177
6604
6591
6572
5990
4996
3062
845
-566
-974
-500
-36
13
-945
-2118
-2336
-1787
-1510
-1853
-1349
452
2524
3459
3394
2976
2582
2702
3204
3519
3062
2126
1253
466
-608
-2080
-3718
-5108
-6209
-6793
-7266
-7909
-8823
-9471
-9638
-9735
-9463
-9384
-9106
-8909
-8393
-7247
-6744
-6549
-6450
-6104
-4998
-4515
-1164
3353
6741
8154
7189
8432
9083
10326
10964
10504
10795
10892
11751
10200
6816
3454
1275
825
38
-795
-2075
-3667
-5293
-7590
-9170
-9702
-8638
-6703
-5290
-3263
-1347
272
395
-329
526
2920
6406
8723
9902
9944
9295
7932
5991
4516
3613
3487
3262
2947
2005
472
-1593
-3779
-4774
-4545
-3097
-1518
-371
-209
-760
-860
-181
761
923
1519
3165
5256
6163
5346
3981
2698
2024
1895
1809
1084
-204
-1641
-2771
-3875
-5143
-6743
-8031
-8337
-8189
-7812
-8057
-8155
-8088
-8036
-7605
-7046
-5980
-5369
-5120
-4646
-4086
-3766
-3754
-4094
-4214
-4205
-1705
3324
6778
7476
5560
5613
7028
8194
8854
7872
7527
7877
8810
8207
4966
1509
-616
-781
-412
-615
-1307
-2629
-4090
-5878
-7393
-7489
-6231
-3923
-2420
-919
1023
2590
2952
1624
1249
2729
5707
8323
9346
8977
7580
5637
3340
1523
672
552
488
350
253
-364
-1956
-3765
-4722
-4120
-2603
-331
1826
2551
2022
1476
2003
2600
2547
2604
3859
5605
6095
4985
3105
1377
359
-214
-559
-1268
-2319
-3231
-4125
-4986
-6096
-7140
-7875
-7764
-7122
-6638
-6434
-6459
-6151
-5867
-5456
-4824
-4013
-3575
-3792
-3903
-3738
-3598
-3921
-4485
-4773
-5103
-3631
384
4222
5808
4517
4318
5375
6760
7769
7146
6863
7048
8303
8313
5929
2882
675
320
356
192
-441
-1423
-2404
-4053
-5583
-6210
-5573
-3772
-2329
-816
774
2451
2838
1731
1118
2041
4657
6781
7876
7635
6610
5165
3141
1343
9
-474
-529
-325
103
-114
-1408
-3151
-4087
-3515
-1862
130
1642
2296
2327
2429
2726
2984
2699
2495
3454
5117
6091
5018
2820
1017
127
-222
-692
-1570
-2603
-3611
-4221
-4772
-5592
-6532
-7313
-7330
-6932
-6187
-5681
-5543
-5392
-5103
-4611
-4130
-3512
-3119
-3252
-3560
-3400
-3269
-3645
-4274
-4845
-4865
-4695
-2040
1854
4695
5256
4208
4867
5829
7122
7071
6247
6397
7054
8078
6600
3866
1196
-17
2
-499
-987
-1869
-2358
-3134
-4651
-5789
-5881
-4490
-2756
-1297
532
2485
3823
3527
2448
2644
4465
6780
7938
7911
7385
6453
4703
2274
99
-1139
-1433
-1046
-337
-270
-1185
-2823
-3974
-4048
-3070
-1226
611
2003
2620
2763
2970
2866
2623
2484
3077
4440
5360
4961
3369
1745
583
-335
-1275
-2127
-2879
-3567
-4251
-4831
-5435
-6254
-6906
-7049
-6483
-5899
-5491
-5041
-4539
-3990
-3539
-3095
-2723
-2523
-2592
-2802
-2784
-2879
-3374
-4214
-4868
-5057
-4959
-2846
539
3433
4261
3613
4075
4893
6076
6137
5407
5227
5793
7038
6210
3835
1093
-142
32
-253
-937
-1902
-2040
-2254
-3178
-4280
-4532
-3424
-1869
-398
1234
3278
5004
4965
3843
3442
4654
6461
7122
6937
6371
5790
4145
1589
-828
-2160
-2208
-1932
-1555
-1712
-2210
-3066
-3885
-4114
-3562
-2043
-206
1627
2742
3087
3311
3620
3792
3595
3541
4111
4820
4803
3814
2367
834
-572
-1785
-2732
-3584
-4283
-4683
-4964
-5221
-5834
-6354
-6510
-6162
-5434
-4705
-3903
-3242
-2727
-2366
-2045
-1759
-1634
-1855
-2138
-2280
-2426
-2867
-3997
-5005
-5611
-5829
-4321
-1419
1677
3123
2782
2921
3298
4225
4773
4663
4789
5202
6406
6244
4519
2037
259
106
63
-146
-808
-1088
-1241
-2130
-3373
-4018
-3181
-1494
30
1595
3285
4910
5300
4323
3572
3875
5452
6536
6730
6208
5330
3956
1579
-772
-2150
-2128
-1675
-1297
-1203
-1606
-2464
-3460
-3794
-3408
-2273
-439
1470
2863
3278
3247
3253
3179
2838
2570
3039
3941
4130
3200
1628
123
-1176
-2428
-3329
-3846
-4028
-4155
-4413
-4912
-5570
-6001
-6007
-5578
-4792
-3870
-3052
-2622
-2398
-2295
-2158
-2113
-2125
-2185
-2495
-2792
-3146
-3733
-5146
-6620
-7349
-5445
-1608
1580
2952
2619
2974
3417
3805
4187
4341
5035
5954
7084
6965
5051
2408
85
-597
-308
199
195
-347
-801
-1795
-3126
-4044
-3697
-1902
195
2417
4275
5370
5424
4348
3415
3373
4524
6024
6843
6658
5419
3600
1263
-987
-2518
-2916
-2382
-1515
-872
-1227
-2297
-3302
-3624
-3248
-2203
-403
1622
2998
3585
3717
3646
3107
2292
1854
2403
3614
4158
3291
1394
-365
-1259
-1753
-2459
-3583
-4417
-4500
-4192
-4243
-5176
-6190
-6416
-5541
-4428
-3732
-3338
-3070
-2666
-2654
-2717
-2495
-2208
-2200
-2636
-3052
-3387
-3883
-4890
-6236
-7073
-5391
-1456
2201
3524
2719
2566
3138
4068
4538
4567
5179
6124
7321
7078
5161
2416
92
-599
-309
521
821
377
-726
-2204
-3303
-3875
-3376
-2002
-156
1986
3944
5358
5202
3742
2523
2678
4241
5926
6910
6517
4950
2841
1009
-313
-1471
-2235
-2254
-1290
-462
-653
-1831
-3195
-3677
-3178
-1761
138
1881
2941
3156
3238
3271
3040
2512
2141
2380
3018
3475
3002
1452
-465
-1673
-2145
-2393
-2895
-3709
-4361
-4738
-4967
-5492
-6090
-6168
-5655
-4747
-4146
-3844
-3657
-3555
-3485
-3441
-3176
-2897
-2565
-2672
-3069
-3863
-4638
-5210
-5574
-3838
-784
2469
3966
3855
3963
3910
4437
4644
4900
5435
6122
6962
6526
4794
2325
279
-555
-605
-392
-289
-417
-991
-2145
-3447
-4012
-3526
-2210
-486
1539
3698
5080
4964
3694
2738
3025
4196
5499
6188
6021
4945
3111
1029
-813
-1639
-1674
-1358
-1083
-1040
-1242
-2119
-2873
-2960
-2298
-1019
494
2095
3073
3405
3395
3349
3442
3355
3242
3243
3358
3137
2141
772
-531
-1471
-2327
-3175
-3906
-4532
-5005
-5720
-6449
-7186
-7574
-7311
-6680
-5983
-5755
-5385
-4809
-4273
-4048
-3888
-3130
-2247
-1865
-2154
-2411
-2532
-2796
-3225
-1812
1390
4422
5540
4737
4548
4658
5025
4920
4602
4921
5445
5846
4933
2921
766
-638
-1065
-932
-768
-1008
-1395
-1933
-2684
-3571
-3907
-3222
-1796
-207
1562
3253
4365
4217
3107
2520
3058
4437
5429
5690
5381
4653
3401
1599
-156
-1282
-1321
-586
375
651
-98
-1414
-2311
-2022
-915
534
1678
2544
3160
3580
3761
3556
3110
2491
2421
2913
3318
2779
1194
-437
-1622
-2178
-2613
-3412
-4417
-5437
-5881
-6005
-6202
-6673
-7296
-7464
-7085
-6490
-5985
-5643
-5403
-5005
-4338
-3528
-2847
-2485
-2465
-2332
-2289
-2140
-2169
-1396
1483
4478
6376
5880
5070
4937
4840
5095
4736
4772
5059
5281
4614
2509
318
-1315
-1907
-1935
-1712
-1467
-1423
-1647
-2611
-3837
-4599
-4029
-2190
-342
1278
2628
3838
4222
3330
2399
2366
3504
4712
5416
5419
4858
3791
1955
156
-1119
-1275
-651
243
1026
945
145
-705
-870
-369
524
1793
3103
3999
4252
4000
3616
3137
2590
2171
2277
2868
3062
2042
169
-1489
-2327
-2665
-3012
-3617
-4605
-5574
-6274
-6683
-7060
-7638
-7929
-7760
-7105
-6531
-6435
-6679
-6709
-6168
-5530
-4334
-3190
-2361
-2223
-2494
-2305
-2228
-151
3284
6637
8319
7795
7697
7190
6680
5501
4462
4696
5487
5980
4458
1649
-1272
-3100
-3547
-3309
-2734
-2483
-2288
-2333
-2960
-3823
-4297
-3526
-1862
163
2354
4309
5555
5147
3484
2062
2186
3609
4861
5146
4605
3817
2558
926
-745
-1928
-2254
-1477
34
1114
873
-178
-748
-358
822
2105
3388
4487
5073
5192
4738
4295
3861
3237
2799
2627
2812
2728
1601
-325
-2201
-3134
-3415
-3591
-4109
-4864
-5719
-6526
-6980
-7354
-7710
-7977
-7681
-7061
-6607
-6293
-6220
-6262
-6530
-6188
-5166
-3999
-3148
-2830
-2705
-2511
-2235
-971
2028
5491
7959
8336
8006
7568
7020
6463
5842
5719
5836
5861
4797
2594
34
-2061
-3192
-3469
-2960
-2500
-2250
-2351
-2833
-3545
-4090
-3769
-2378
-327
2006
4104
5327
5289
3977
2704
2284
2986
3915
4296
4078
3424
2489
738
-1240
-2428
-2563
-1681
-515
640
1007
524
118
262
1135
2239
3628
4936
5760
5828
5544
5163
4471
3517
2474
1964
2184
2484
1772
-58
-2085
-3520
-4285
-4591
-4824
-5213
-5627
-5974
-6322
-7034
-7777
-8160
-7865
-7107
-6495
-6383
-6516
-6506
-6474
-6409
-6165
-5619
-4919
-4349
-3754
-3343
-1570
1799
5286
7414
7541
7771
7936
8227
8012
7320
6945
6801
6741
5555
3267
628
-1441
-2474
-2919
-3047
-3381
-3343
-3154
-3192
-3675
-4119
-3531
-2079
-261
1683
3719
5419
5851
4979
3837
3349
3785
4228
4356
4012
3416
2009
-73
-1829
-2774
-2951
-2796
-2178
-1260
-567
-275
-270
-105
720
2325
4026
5223
5936
6386
6543
6283
5782
5000
3943
3021
2530
2164
1392
5
-1587
-2963
-3925
-4658
-5420
-6200
-6788
-6927
-6758
-6675
-6935
-7419
-7487
-7172
-6732
-6417
-6123
-5728
-5767
-5870
-5751
-5299
-4975
-5043
-4822
-4359
-2920
61
3309
5675
6293
6690
7023
7092
7052
6584
6243
6230
6764
6558
4640
1867
-409
-1253
-1276
-1311
-1828
-2300
-2067
-1805
-2117
-2898
-3093
-2012
-267
1567
3158
4510
5292
4740
3530
2765
3075
3655
3679
3026
2352
1639
449
-1092
-2484
-3011
-2938
-2391
-1671
-888
-280
333
798
1228
1935
2947
4252
5382
6237
6609
6564
6186
5351
4208
3138
2416
1957
1332
381
-768
-1959
-3184
-4481
-5663
-6325
-6438
-6249
-6114
-6255
-6751
-7247
-7423
-7161
-6989
-6839
-6298
-5641
-5198
-5358
-5610
-5938
-5982
-5797
-5369
-4801
-3339
-3
3221
5212
5216
5193
5685
6050
6391
6175
6189
6346
6613
5984
4180
2004
255
-455
-533
-521
-918
-1324
-1178
-937
-1292
-2062
-2384
-1525
142
1992
3596
4792
5296
4580
3313
2557
2951
3512
3385
2608
1605
1108
198
-1090
-2601
-3316
-2981
-2254
-1203
-573
-64
212
748
1344
1959
2824
3909
5018
5721
6024
6024
5881
5242
4107
2965
2265
1812
1033
-86
-1178
-1959
-2789
-3880
-5226
-6225
-6484
-6316
-6133
-6244
-6409
-6570
-6702
-7000
-7330
-7313
-6888
-6267
-5926
-5687
-5680
-5713
-5979
-6133
-6097
-4736
-930
3325
6327
6506
6172
6101
6213
6135
5424
5117
5421
6250
6011
4457
2022
-231
-1716
-2467
-2339
-1998
-1311
-625
-312
-817
-1797
-2297
-1545
219
2396
4496
6132
6920
6314
4901
3626
3234
3258
3311
3078
2723
1684
100
-1690
-3153
-4001
-4328
-3828
-2692
-1284
-326
225
613
1153
1711
2276
3429
5022
6437
6928
6613
6178
5576
4780
3614
2578
1967
1497
786
-421
-1614
-2796
-4067
-5398
-6473
-6858
-6755
-6493
-6415
-6483
-6502
-6603
-6922
-7433
-7646
-7151
-6160
-5335
-5043
-5128
-5314
-5658
-6071
-6255
-5679
-2626
1740
5583
6937
6567
6365
6096
5864
5138
4616
4705
5279
5393
4345
2714
1002
-574
-2098
-3069
-3242
-2599
-1124
171
470
-273
-1093
-948
166
1683
3320
4890
6354
6869
6270
5226
4420
3733
2801
1851
1159
886
328
-800
-1961
-3059
-3584
-3986
-3675
-2711
-1458
-119
1090
2386
3161
3478
3541
3999
4846
5499
5914
6183
6496
6064
4725
3152
1825
810
-364
-1382
-1895
-1998
-2519
-3945
-5718
-6964
-7521
-7854
-7852
-7431
-6628
-5984
-5972
-6584
-7464
-7847
-7755
-7139
-6476
-5621
-5019
-4934
-5344
-5749
-4075
-672
3338
5710
6592
7082
7143
7076
6207
5112
4183
4078
4326
4129
3257
1954
483
-1289
-2766
-3909
-4212
-3343
-1889
-690
-469
-614
-387
503
1700
2962
4129
5235
6048
6396
6456
6293
5613
4572
3343
2379
1563
466
-639
-1587
-2163
-2764
-3465
-3632
-3171
-2453
-1805
-998
367
2023
3343
4012
4439
4867
5212
5286
5502
6007
6306
5930
4950
3946
2749
1226
-410
-1597
-2223
-2844
-3746
-4930
-5946
-6819
-7632
-8354
-8726
-8510
-7881
-7409
-7213
-7076
-6957
-6824
-6582
-6034
-5555
-5144
-4813
-4480
-4591
-3909
-1473
1822
4735
5848
6511
6705
6898
6430
4964
3478
2706
2920
3021
2672
2023
1289
382
-975
-2300
-3447
-3417
-2552
-1394
-689
-467
79
927
1895
2735
3467
4094
4503
4548
4559
4985
5423
5160
4094
2713
1679
676
-362
-1321
-1943
-2298
-2566
-2570
-2025
-1180
-612
-410
-111
859
2280
3645
4677
5372
5777
5779
5531
5364
5264
5045
4706
4394
3977
2876
1073
-851
-2144
-2867
-3567
-4594
-5525
-6048
-6444
-7157
-8133
-8848
-9059
-8885
-8518
-8165
-7776
-7503
-7306
-7047
-6555
-6025
-5683
-5385
-4784
-2624
362
3503
5203
5820
6166
6473
7031
6740
5737
3988
2764
2305
2164
1949
1279
614
-350
-1041
-1757
-2350
-2521
-2448
-2132
-1916
-1351
-308
1021
2430
3669
4452
4657
4346
3955
3769
4173
4475
4542
4141
3647
2871
1778
844
-29
-922
-2091
-2871
-2865
-2127
-1214
-665
-428
-97
615
1423
2346
3385
4325
4787
4966
5182
5452
5479
5084
4612
4376
4270
3722
2396
693
-794
-1876
-2859
-3844
-4672
-5341
-5900
-6688
-7438
-8113
-8732
-9301
-9669
-9477
-8809
-7986
-7440
-7254
-7029
-6733
-6302
-5947
-5130
-3084
-171
2997
5087
6336
6789
6826
6708
6371
5798
4720
3575
2550
1986
1660
1330
847
109
-568
-1473
-2231
-2655
-2555
-2459
-2604
-2523
-1798
-303
1340
2867
3842
4351
4275
3868
3549
3472
3588
3590
3479
3546
3559
3341
2700
1970
1157
224
-829
-1627
-1791
-1452
-912
-561
-301
-19
457
1165
1880
2615
3173
3705
4233
4694
4889
4740
4621
4572
4575
4235
3480
2405
1061
-424
-1988
-3334
-4201
-4726
-5103
-5662
-6366
-7146
-7928
-8772
-9485
-9854
-9654
-9011
-8226
-7486
-6812
-6227
-5876
-5754
-5520
-4283
-2010
785
2995
4673
5985
6926
7363
7019
6047
4735
3564
2622
1939
1559
1487
1563
1568
1344
722
-188
-944
-1395
-1761
-2391
-2851
-2735
-1824
-533
729
1705
2428
2954
3227
3281
3191
2918
2427
1844
1550
1646
2040
2636
3037
3082
2675
2024
1381
654
-2
-472
-572
-164
404
946
1314
1608
1921
2118
2278
2542
3048
3538
3730
3616
3415
3403
3409
3343
2919
2085
898
-457
-1866
-3195
-4151
-4672
-4817
-4894
-5214
-5708
-6278
-6797
-7212
-7495
-7432
-7092
-6625
-6210
-5887
-5617
-5472
-5503
-5597
-5165
-3948
-2223
-585
701
1766
2627
3396
3775
3819
3500
3076
2750
2468
2295
2274
2514
2944
3421
3769
3794
3526
3053
2420
1512
518
-313
-853
-1084
-1044
-742
-308
136
477
642
679
527
219
-229
-628
-733
-612
-164
615
1635
2583
3299
3729
3906
3808
3562
3366
3292
3225
2866
2302
1803
1550
1423
1238
1202
1433
1858
2064
1871
1500
1324
1324
1243
971
679
362
30
-394
-947
-1486
-1958
-2382
-2787
-3265
-3727
-4128
-4376
-4540
-4624
-4609
-4516
-4300
-4141
-4098
-4342
-4716
-5081
-5488
-5815
-6000
-5924
-5517
-4713
-3562
-2420
-1591
-1028
-524
153
839
1331
1578
1826
2260
2789
3228
3506
3843
4366
4927
5253
5287
5141
4973
4663
3870
2594
1212
159
-434
-714
-776
-631
-406
-252
-282
-332
-386
-500
-733
-886
-735
-390
-82
113
377
849
1454
2116
2899
3686
4370
4672
4576
4157
3556
2852
2111
1494
1155
1115
1265
1528
1759
1790
1589
1195
815
441
65
-333
-612
-645
-609
-609
-723
-823
-1024
-1287
-1629
-2013
-2364
-2667
-2877
-2990
-2947
-2874
-2846
-2894
-3059
-3349
-3798
-4270
-4657
-4831
-4865
-4912
-4992
-5087
-5199
-5329
-5428
-5262
-4690
-3889
-2980
-1996
-923
196
1207
1982
2462
2792
3112
3448
3750
3939
4046
4160
4344
4534
4578
4421
4212
3962
3527
2754
1842
1103
645
306
-85
-329
-262
98
460
634
690
722
659
430
151
33
124
289
501
891
1561
2299
2763
2804
2588
2349
2192
2052
1925
1992
2201
2333
2105
1631
1199
955
852
584
320
164
171
137
-106
-445
-684
-802
-832
-829
-854
-858
-921
-999
-1201
-1458
-1733
-1955
-2165
-2470
-2962
-3468
-3790
-3894
-3939
-4056
-4156
-4099
-3933
-3938
-4210
-4604
-4776
-4714
-4576
-4540
-4495
-4120
-3376
-2562
-1909
-1292
-509
465
1366
2048
2440
2712
2981
3171
3221
3147
3163
3343
3564
3671
3621
3557
3547
3470
3140
2551
1964
1577
1316
1004
651
424
362
368
340
296
339
462
584
718
944
1210
1357
1244
1008
840
919
1193
1562
2053
2543
2897
2966
2783
2427
1958
1432
890
463
289
345
438
449
368
201
134
91
45
12
-49
-123
-179
-256
-351
-557
-798
-1126
-1517
-1958
-2355
-2670
-3098
-3533
-3934
-4114
-4118
-4039
-4053
-4109
-4095
-3976
-3793
-3619
-3439
-3274
-3165
-3149
-3103
-3050
-3021
-2966
-2747
-2285
-1782
-1276
-771
-160
522
1131
1641
2043
2415
2701
2878
2936
2885
2783
2675
2665
2702
2732
2731
2744
2758
2714
2531
2217
1916
1621
1303
921
589
518
664
846
902
934
1024
1154
1240
1280
1356
1513
1711
1916
2096
2240
2388
2462
2403
2132
1780
1504
1324
1185
1028
854
760
704
594
435
316
292
282
258
200
173
137
1
-228
-474
-759
-985
-1239
-1534
-1942
-2395
-2797
-3117
-3385
-3617
-3810
-3884
-3879
-3835
-3722
-3568
-3379
-3231
-3072
-2903
-2716
-2559
-2480
-2447
-2407
-2361
-2367
-2380
-2310
-2135
-1932
-1721
-1437
-1029
-454
165
749
1203
1549
1779
1871
1890
1900
1861
1761
1644
1555
1573
1688
1837
1975
2051
2083
2082
2049
2034
2040
1971
1840
1684
1615
1613
1641
1665
1703
1795
1921
2126
2330
2579
2801
2864
2725
2419
2045
1726
1490
1273
1101
966
918
870
808
688
582
474
408
383
349
305
202
35
-185
-375
-514
-580
-675
-838
-1122
-1384
-1603
-1853
-2082
-2365
-2629
-2770
-2871
-2935
-3004
-3034
-3029
-2991
-2884
-2716
-2551
-2383
-2256
-2152
-2050
-1975
-1917
-1833
-1778
-1788
-1838
-1921
-1955
-1991
-1960
-1877
-1704
-1482
-1250
-1018
-693
-252
150
487
735
987
1177
1264
1233
1128
1002
879
821
896
1185
1660
2168
2592
2865
3041
3153
3177
3160
3076
2956
2776
2597
2473
2466
2534
2564
2589
2590
2535
2442
2336
2227
2085
1865
1544
1177
895
692
519
339
234
265
417
489
414
271
116
-67
-312
-539
-708
-853
-1020
-1220
-1432
-1583
-1695
-1821
-1922
-1997
-2030
-2081
-2172
-2273
-2373
-2455
-2527
-2540
-2429
-2281
-2129
-2007
-1920
-1826
-1700
-1562
-1502
-1498
-1531
-1503
-1497
-1573
-1714
-1821
-1861
-1896
-2021
-2232
-2384
-2392
-2325
-2250
-2128
-1827
-1306
-683
-150
273
586
761
852
873
907
976
1108
1330
1686
2140
2606
3045
3424
3762
3966
3982
3875
3715
3565
3426
3245
3008
2734
2442
2198
2031
1965
1969
2013
2071
2136
2159
2075
1942
1720
1436
1157
871
655
487
399
321
289
344
340
266
52
-213
-529
-858
-1143
-1436
-1739
-2008
-2163
-2174
-2142
-2097
-2029
-2055
-2082
-2070
-2059
-2030
-2041
-2043
-2010
-1908
-1768
-1639
-1571
-1499
-1440
-1443
-1532
-1682
-1754
-1795
-1789
-1887
-2005
-2152
-2290
-2455
-2713
-3042
-3274
-3323
-3159
-2828
-2426
-1923
-1302
-553
152
647
988
1262
1528
1730
1805
1805
1868
2071
2366
2726
3091
3458
3787
3964
3972
3847
3652
3404
3045
2624
2182
1831
1557
1400
1308
1321
1481
1725
1952
2111
2203
2254
2216
2098
1910
1639
1390
1143
956
748
507
310
190
194
187
77
-106
-240
-398
-634
-1010
-1344
-1647
-1803
-2002
-2127
-2097
-1976
-1831
-1727
-1698
-1675
-1704
-1738
-1799
-1878
-1911
-1910
-1871
-1815
-1818
-1833
-1923
-2057
-2232
-2529
-2790
-3083
-3319
-3524
-3681
-3828
-3985
-4137
-4178
-3977
-3528
-2925
-2181
-1358
-389
621
1521
2146
2512
2714
2853
2887
2809
2699
2689
2790
2954
3120
3346
3587
3764
3845
3708
3440
3012
2536
2042
1511
968
553
369
388
551
873
1298
1797
2243
2615
2883
2948
2844
2571
2224
1819
1376
1014
750
564
398
276
255
281
308
276
240
148
26
-161
-411
-742
-1002
-1141
-1240
-1289
-1412
-1468
-1544
-1616
-1693
-1826
-1963
-2154
-2291
-2421
-2599
-2754
-2867
-2981
-3138
-3349
-3575
-3739
-3947
-4267
-4687
-5109
-5481
-5800
-5910
-5617
-4818
-3703
-2554
-1346
72
1542
2868
3804
4306
4410
4240
3928
3478
2947
2481
2205
2146
2307
2589
2948
3268
3480
3364
2887
2166
1368
629
-37
-562
-820
-735
-401
172
919
1663
2308
2830
3402
3928
4176
4156
3975
3752
3330
2730
2050
1421
833
282
-170
-452
-537
-562
-601
-664
-669
-542
-356
-227
-105
-44
-15
-59
-145
-245
-439
-674
-900
-1130
-1339
-1530
-1731
-1985
-2329
-2644
-2902
-3127
-3494
-3964
-4477
-4945
-5418
-5983
-6498
-6952
-7244
-7202
-6584
-5417
-3966
-2429
-820
846
2472
3800
4665
4989
4830
4462
3951
3357
2726
2187
1836
1789
2035
2253
2401
2452
2428
2089
1274
236
-781
-1536
-2146
-2517
-2582
-2175
-1343
-280
964
2247
3454
4401
5210
5909
6343
6352
6005
5585
5111
4485
3702
2877
2021
1108
215
-573
-1245
-1824
-2291
-2544
-2579
-2361
-1939
-1414
-912
-480
-175
32
117
94
-53
-391
-628
-830
-911
-1050
-1317
-1573
-1786
-1951
-2240
-2739
-3506
-4440
-5377
-6225
-7060
-7869
-8570
-8634
-7693
-6034
-4157
-2365
-434
1688
3737
5302
6191
6354
5993
5321
4403
3426
2392
1490
883
627
803
1088
1356
1451
1304
679
-491
-1855
-3106
-4102
-4903
-5252
-5020
-4011
-2523
-749
1062
2756
4284
5546
6524
7282
7672
7666
7337
6943
6484
5780
5009
4071
2924
1482
268
-669
-1462
-2229
-2865
-2988
-2702
-2187
-1607
-1038
-498
-98
49
-173
-480
-712
-903
-1112
-1274
-1168
-874
-586
-516
-577
-847
-1382
-2218
-3353
-4671
-6063
-7451
-8730
-9725
-9751
-8511
-6311
-3900
-1655
747
3091
5269
6736
7218
6668
5596
4529
3453
2474
1509
901
686
954
1543
2109
2543
2537
1960
549
-1356
-3335
-4975
-6197
-7086
-7276
-6550
-4895
-2721
-386
1720
3428
4630
5520
6166
6417
6057
5360
4835
4533
4339
3939
3440
2788
2030
1172
345
-401
-1128
-1786
-2190
-2085
-1665
-974
-258
469
1087
1420
1415
1106
814
449
6
-440
-638
-455
-99
175
204
22
-440
-1184
-2289
-3668
-5324
-7019
-8564
-9666
-9482
-8110
-5738
-3231
-681
1937
4276
6258
7257
7198
5940
4257
2619
1219
220
-591
-889
-822
-141
727
1523
2102
2114
1369
-379
-2420
-4234
-5405
-6086
-6195
-5631
-4256
-2148
226
2478
4245
5464
6114
6372
6459
6190
5426
4434
3618
3092
2583
1876
993
-60
-1132
-1979
-2636
-3189
-3630
-3746
-3438
-2706
-1587
-541
243
866
1228
1238
719
-66
-729
-1106
-1277
-1308
-922
-263
489
1025
1262
1215
697
-292
-1746
-3563
-5456
-7026
-7384
-6450
-4587
-2397
40
2952
5670
7815
8720
8412
7054
5011
2829
633
-1067
-2407
-2867
-2648
-1726
-536
450
1303
1644
1271
-269
-2415
-4431
-5785
-6537
-6652
-5789
-3982
-1614
766
2924
4647
5890
6469
6318
5717
4911
4072
3209
2430
1886
1496
1121
772
207
-639
-1632
-2486
-3027
-3420
-3675
-3545
-2705
-1393
-75
812
1340
1531
1249
394
-833
-1816
-2481
-2923
-3111
-2722
-1907
-962
-363
-197
-379
-949
-1858
-3222
-4946
-6756
-7345
-6267
-3934
-1346
1129
4021
6952
9463
10659
10364
8748
6443
4177
1908
142
-1171
-1670
-1434
-623
471
1114
1518
1387
558
-1293
-3623
-5507
-6453
-6434
-5881
-4558
-2367
532
3224
5243
6504
6987
6750
5762
4561
3476
2431
1314
483
110
-107
-371
-709
-1273
-2200
-3387
-4319
-4728
-4605
-4111
-3443
-2296
-709
922
1980
2381
2216
1377
139
-1113
-2007
-2463
-2577
-2396
-1852
-940
-85
306
-55
-1032
-2430
-4239
-6247
-8189
-9068
-8073
-5429
-2094
844
3819
6785
9321
10643
10242
8417
5765
3488
1523
4
-1053
-1385
-787
183
1234
1693
1703
1257
165
-1639
-3925
-5774
-6493
-6040
-4803
-2916
-326
2814
5636
7509
8286
8258
7624
6487
5139
4051
3204
2365
1773
1461
1136
321
-1005
-2393
-3700
-4891
-5827
-6153
-5708
-4886
-3807
-2485
-1011
441
1319
1310
761
-128
-1031
-1855
-2397
-2438
-2141
-1503
-655
375
920
633
-579
-2276
-4041
-5888
-7856
-9518
-9366
-6902
-2985
729
3862
6663
9068
10604
10515
8772
5876
2898
778
-516
-1110
-1212
-676
278
1185
1481
920
-90
-1508
-3431
-5879
-7987
-8576
-7264
-4749
-1968
912
4020
6989
8987
9507
9033
8046
6882
5780
4908
4449
4137
3731
3079
2076
712
-1138
-3190
-5110
-6643
-7487
-7414
-6322
-4565
-2522
-628
1025
2214
2661
2233
1045
-413
-1768
-2622
-2815
-2218
-1023
231
1088
1435
1386
584
-1186
-3676
-6372
-8664
-10563
-11329
-9811
-6071
-1440
2427
5628
8217
10225
11008
10160
7836
4576
1713
42
-405
-158
208
613
1009
1185
628
-794
-2649
-4660
-6698
-8599
-9626
-8890
-6541
-3443
-409
2511
5342
7586
8649
8436
7725
6890
6243
5860
5932
6078
5716
4824
3496
1951
-90
-2563
-5066
-6993
-8034
-8042
-6964
-5160
-3112
-1394
44
1089
1547
1159
-54
-1454
-2453
-2654
-2425
-1721
-474
1034
2084
2272
1780
783
-858
-3106
-5536
-7576
-9161
-9526
-7634
-3782
640
3914
6345
8258
9750
10096
9059
6893
4201
2010
806
728
1357
1976
2064
1753
1048
-74
-1753
-3759
-5718
-7549
-8854
-9156
-7814
-5188
-2249
161
2044
3726
4922
5335
5254
5087
4964
4954
5296
6128
6785
6556
5134
3200
1190
-728
-2652
-4499
-5797
-6217
-5423
-3882
-2147
-1004
-488
-340
-430
-978
-2299
-3892
-5003
-5034
-4512
-3772
-2613
-947
588
1269
1093
514
-419
-1626
-3017
-4316
-5550
-6210
-5121
-2187
1536
4201
5962
7183
8154
8141
7186
5669
3955
2338
1039
753
1245
1935
1964
1453
561
-498
-1703
-2879
-3618
-4374
-5013
-5230
-4121
-1837
432
1861
2572
3191
3524
3512
3196
3111
3255
3455
3787
4230
4634
4329
3107
1149
-778
-2337
-3351
-3864
-4052
-3899
-3280
-1925
-307
748
774
101
-651
-1319
-2391
-3815
-4857
-4970
-4372
-3648
-2940
-2175
-1587
-1549
-2017
-2848
-3691
-4322
-4820
-5253
-5693
-5129
-2887
448
3306
4942
5896
6755
7365
7196
6252
4807
3610
2853
2683
2877
3056
2961
2259
1205
-208
-1730
-3065
-3813
-4010
-3915
-3687
-3005
-1432
546
2213
2850
3079
3250
3539
3648
3684
4009
4358
4795
4925
4988
4468
3170
1257
-851
-2491
-3581
-3921
-3862
-3405
-2624
-1574
-374
443
529
-177
-1151
-2056
-2895
-3741
-4179
-3893
-2950
-1843
-855
-259
-114
-707
-1967
-3539
-5147
-6251
-7058
-7405
-7462
-6232
-3539
268
3415
4973
5593
5738
6002
5522
4551
3017
1871
1491
1842
2664
3292
3552
2891
1753
127
-1618
-3289
-4402
-4826
-4914
-4530
-3785
-1893
415
2450
3379
3808
4419
4998
5321
5142
5263
5423
5811
5758
5242
4057
2258
269
-1644
-2958
-4024
-4522
-4591
-3984
-2936
-1621
-133
1062
1454
696
-538
-1614
-2449
-3248
-3829
-3828
-3058
-1673
-222
985
1489
1108
-89
-1869
-3543
-4988
-6093
-7328
-8166
-7403
-4723
-586
2660
4733
5573
6221
6453
5940
4849
3266
2080
1150
1062
1552
2494
2929
2301
905
-896
-2471
-3986
-4986
-5655
-5730
-5404
-4448
-2500
-209
1935
2911
3638
4104
4746
5014
5044
5144
5204
5351
5065
4914
4111
2939
1034
-748
-1992
-2750
-3234
-3757
-3770
-3459
-2563
-1530
-478
90
-18
-676
-1792
-2788
-3558
-3791
-3727
-3158
-2116
-812
244
871
986
429
-809
-2191
-3320
-4211
-5268
-6184
-5737
-3538
-10
2669
4754
5771
6776
6964
6437
5494
4128
3076
1891
1561
1595
2190
2263
1585
480
-1088
-2453
-3821
-4391
-4707
-4786
-4819
-4284
-2743
-962
705
1576
2555
3432
4447
4939
5104
5080
4871
4614
4040
3503
2597
1568
313
-823
-1734
-2301
-2616
-2820
-2940
-3161
-3013
-2478
-1535
-928
-955
-1649
-2581
-3244
-3658
-3534
-3277
-2563
-1709
-761
38
553
640
-113
-1473
-2778
-3814
-4436
-5304
-5630
-4828
-2511
533
2837
4777
5758
6777
6366
5570
4320
3450
2897
2149
2043
2118
2934
3010
2505
1316
-38
-1136
-2208
-2596
-2958
-2884
-2884
-2435
-1660
-753
192
930
2117
3075
4055
4396
4705
4778
4650
4247
3358
2570
1622
892
29
-643
-1256
-1792
-2171
-2489
-2622
-2745
-2592
-2238
-1724
-1499
-1756
-2441
-3305
-4060
-4626
-4766
-4454
-3659
-2727
-2010
-1380
-714
-271
-435
-1165
-1872
-2625
-3237
-4141
-4473
-3798
-1892
560
2347
3996
4954
6040
5932
5417
4512
3743
3225
2420
2158
1929
2258
1844
935
-285
-1469
-2140
-2780
-2869
-2902
-2385
-1841
-1133
-474
102
802
1439
2570
3450
4439
4983
5464
5693
5583
5250
4356
3439
2343
1527
760
34
-643
-1378
-1901
-2235
-2372
-2359
-2118
-1700
-1225
-1040
-1251
-1968
-2978
-3931
-4726
-4833
-4464
-3565
-2773
-2169
-1795
-1632
-1669
-2066
-2813
-3570
-4429
-5058
-5588
-5856
-5021
-3420
-427
1827
4010
5115
6124
6665
6079
5593
4435
4143
3431
3203
3202
3189
3058
1765
313
-1445
-2626
-3660
-4227
-4339
-4135
-3513
-3035
-1898
-1022
280
948
2099
3233
4346
5391
5683
6319
6235
6412
5771
4963
3935
2827
1960
736
-314
-1423
-2022
-2430
-2718
-2866
-2736
-2042
-1340
-669
-615
-910
-1672
-2585
-3305
-3734
-3376
-2780
-1907
-1542
-1278
-1111
-1213
-1693
-2723
-3642
-4347
-4910
-5428
-6020
-6209
-5420
-3450
-502
1940
3903
5109
6064
6373
5985
5450
4581
3852
3024
2860
3213
3586
3153
1714
-147
-1938
-3339
-4397
-4915
-4930
-4658
-4140
-3379
-2130
-994
-39
696
1617
2769
3733
4588
4898
5216
5404
5531
5271
4474
3689
2907
2265
1331
377
-495
-1129
-1582
-1997
-2103
-1835
-1180
-562
-193
-217
-474
-1058
-1997
-2910
-3327
-3023
-2382
-1769
-1401
-1336
-1474
-1802
-2286
-3044
-3858
-4477
-4690
-4853
-5019
-5347
-5139
-4082
-2057
641
2860
4654
5599
6257
6318
5915
5004
3671
2723
2502
3168
3786
3709
2765
1278
-382
-1993
-3414
-4297
-4600
-4523
-4028
-3352
-2244
-1161
-425
3
333
1151
1871
2740
3398
4122
4658
4965
5101
4765
3984
2753
1613
731
56
-521
-1094
-1403
-1490
-1373
-1106
-707
-226
-9
75
-21
-8
-410
-1216
-2130
-2524
-2210
-1782
-1439
-1272
-1146
-1206
-1696
-2325
-2986
-3619
-4137
-4529
-4624
-4655
-4558
-4532
-4197
-3367
-1772
444
2627
4469
5405
5634
5058
4306
3470
2905
2888
3238
3708
3708
3308
2404
1099
-510
-2157
-3305
-3857
-3777
-3314
-2434
-1548
-879
-688
-787
-912
-776
-130
850
2138
3202
4223
4896
5294
5236
4514
3584
2585
1981
1466
850
285
-191
-452
-734
-1007
-1223
-1282
-1234
-1003
-656
-394
-429
-918
-1588
-2363
-2771
-2814
-2473
-2025
-1771
-1474
-1225
-1017
-1097
-1505
-1997
-2321
-2428
-2397
-2482
-2723
-3083
-3521
-3717
-3452
-2184
-327
1248
2191
2287
2675
2921
3216
3005
2520
2489
2607
3204
3378
3201
2650
1844
1061
263
-178
-375
-342
-393
-543
-845
-1306
-1724
-2094
-2138
-2071
-1470
-661
576
1526
2042
2467
2723
3394
3665
3734
3397
2917
2710
2311
2037
1403
814
186
-405
-615
-753
-567
-570
-651
-955
-1295
-1661
-2111
-2526
-2943
-2989
-2738
-2227
-1771
-1364
-986
-603
-292
-95
12
4
-96
-302
-707
-1329
-1970
-2536
-3114
-3743
-4211
-4175
-3365
-2177
-980
-137
396
702
737
807
804
1015
1356
1835
2465
3094
3629
3709
3416
2786
2102
1617
1186
772
191
-367
-913
-1316
-1612
-1882
-2024
-2100
-1785
-1181
-195
659
1240
1553
1789
2166
2473
2617
2460
2186
1782
1280
664
131
-289
-601
-937
-1180
-1208
-1022
-845
-756
-640
-473
-171
99
267
469
884
1427
1962
2305
2429
2443
2364
2202
1916
1567
1254
891
514
123
-150
-451
-961
-1594
-2198
-2599
-2834
-3008
-3123
-3183
-3209
-3236
-3205
-3034
-2801
-2519
-2191
-1882
-1545
-1334
-1257
-1327
-1391
-1417
-1381
-1291
-1205
-1017
-837
-600
-437
-256
-41
218
540
783
1059
1330
1642
2003
2290
2554
2744
2922
3010
2978
2829
2588
2339
2016
1732
1478
1367
1390
1442
1513
1476
1373
1268
1113
971
822
746
769
814
821
747
665
673
696
631
458
163
-69
-264
-343
-391
-507
-675
-927
-1110
-1215
-1276
-1330
-1343
-1285
-1195
-1119
-1096
-1167
-1268
-1382
-1499
-1573
-1585
-1588
-1667
-1907
-2311
-2753
-3050
-3143
-3097
-2979
-2803
-2512
-2183
-1894
-1584
-1261
-917
-629
-338
43
538
1097
1577
1926
2163
2359
2412
2332
2107
1757
1321
918
705
718
902
1081
1231
1346
1415
1448
1469
1547
1783
2134
2462
2615
2573
2283
1835
1357
1108
1037
1008
906
709
579
575
598
444
126
-290
-634
-825
-863
-738
-569
-435
-360
-355
-342
-295
-167
3
110
120
37
-20
-53
-175
-489
-901
-1276
-1532
-1823
-2166
-2466
-2635
-2655
-2707
-2870
-3055
-3081
-2934
-2706
-2420
-2066
-1723
-1362
-982
-623
-310
-126
50
283
548
755
852
813
671
503
346
248
231
261
333
401
503
741
1144
1579
1891
2036
1983
1790
1510
1289
1230
1333
1474
1500
1447
1405
1419
1392
1239
1005
768
551
441
560
844
1186
1332
1335
1301
1287
1277
1102
881
729
727
785
780
647
362
5
-402
-724
-986
-1197
-1360
-1427
-1323
-1149
-989
-955
-1048
-1243
-1405
-1488
-1551
-1643
-1822
-2009
-2195
-2365
-2544
-2660
-2647
-2460
-2206
-2013
-1872
-1772
-1629
-1399
-1102
-789
-494
-273
-115
65
342
682
960
1166
1272
1318
1252
1032
713
461
371
359
429
496
592
708
800
766
633
517
528
683
899
1135
1407
1721
1977
2089
2045
1972
1965
1991
1957
1837
1718
1606
1475
1271
1057
915
807
651
407
144
-15
-53
-66
-151
-270
-333
-299
-215
-185
-182
-235
-297
-332
-421
-510
-596
-716
-904
-1165
-1393
-1515
-1606
-1792
-2093
-2399
-2537
-2528
-2471
-2526
-2598
-2543
-2290
-1898
-1530
-1236
-968
-659
-329
-10
189
257
198
75
20
55
186
362
477
486
407
281
150
15
-95
-166
-159
23
381
788
1136
1372
1532
1709
1864
2020
2160
2293
2367
2319
2133
1833
1556
1369
1217
1092
984
907
883
886
861
745
603
502
503
573
656
653
597
468
318
160
-2
-151
-270
-351
-411
-490
-627
-825
-1035
-1229
-1356
-1400
-1384
-1321
-1216
-999
-764
-632
-703
-907
-1126
-1297
-1477
-1635
-1800
-1934
-2033
-2090
-2004
-1832
-1630
-1560
-1586
-1548
-1342
-984
-694
-567
-565
-528
-419
-238
-10
231
417
518
629
734
766
742
705
692
677
699
753
853
951
1036
1140
1236
1299
1326
1394
1494
1628
1698
1679
1603
1534
1499
1458
1387
1263
1158
1106
1126
1154
1073
912
781
762
768
660
467
279
153
85
0
-136
-294
-401
-442
-408
-327
-215
-123
-99
-100
-124
-140
-167
-251
-408
-590
-686
-690
-713
-928
-1295
-1643
-1882
-2036
-2215
-2530
-2889
-3165
-3251
-3142
-2861
-2501
-2177
-1857
-1527
-1178
-799
-480
-270
-130
-19
128
269
379
424
397
404
471
581
693
760
786
803
883
1039
1250
1430
1509
1571
1688
1871
1991
2001
2002
2110
2350
2539
2567
2373
2048
1667
1288
983
734
539
339
194
178
227
258
207
82
-47
-113
-119
-115
-189
-271
-295
-277
-272
-341
-389
-409
-397
-350
-270
-152
-47
11
1
-50
-117
-259
-461
-705
-875
-921
-932
-1021
-1205
-1455
-1669
-1872
-2105
-2408
-2739
-2990
-3071
-2913
-2659
-2387
-2137
-1909
-1677
-1402
-1104
-813
-529
-248
60
348
580
682
673
547
432
418
524
725
916
1126
1306
1457
1579
1664
1718
1765
1830
1923
2041
2135
2207
2276
2352
2384
2294
2071
1779
1499
1276
1127
1027
930
758
567
456
441
472
398
265
125
45
29
-59
-196
-363
-422
-343
-253
-232
-294
-382
-354
-268
-210
-189
-281
-396
-490
-538
-586
-690
-866
-1103
-1292
-1428
-1525
-1589
-1656
-1723
-1816
-1911
-1991
-2073
-2174
-2296
-2431
-2471
-2329
-2048
-1726
-1458
-1269
-1109
-893
-622
-311
-25
182
322
433
499
534
514
477
470
524
691
917
1123
1256
1304
1312
1300
1262
1273
1306
1360
1443
1532
1645
1744
1854
1940
1980
1979
1929
1840
1697
1532
1314
1121
966
787
637
585
646
763
831
834
841
830
728
514
242
-4
-155
-259
-333
-420
-559
-696
-799
-809
-773
-758
-804
-861
-857
-800
-742
-750
-810
-955
-1115
-1269
-1422
-1563
-1752
-1902
-1958
-1912
-1807
-1799
-1899
-2092
-2309
-2483
-2540
-2416
-2151
-1827
-1514
-1255
-977
-665
-358
-49
175
312
347
360
391
399
410
378
350
397
518
673
798
885
934
1025
1150
1295
1473
1627
1759
1893
2022
2150
2259
2334
2396
2453
2481
2433
2236
1910
1580
1260
986
770
601
499
426
379
332
283
236
164
87
21
-50
-76
-54
-24
-11
-80
-229
-411
-566
-653
-690
-706
-705
-657
-568
-450
-376
-419
-565
-779
-983
-1138
-1246
-1303
-1304
-1285
-1273
-1267
-1302
-1391
-1536
-1711
-1888
-2068
-2229
-2372
-2437
-2378
-2185
-1896
-1611
-1359
-1117
-900
-668
-450
-243
-93
5
103
207
352
512
652
768
907
1059
1233
1399
1496
1547
1545
1577
1672
1792
1917
1991
2049
2106
2151
2145
2092
1999
1849
1639
1405
1181
1015
911
810
674
550
436
366
308
271
239
191
180
214
307
384
434
424
371
301
194
65
-118
-274
-356
-332
-244
-182
-151
-162
-211
-303
-396
-477
-611
-802
-1021
-1248
-1395
-1467
-1539
-1603
-1688
-1759
-1804
-1886
-2027
-2192
-2375
-2538
-2663
-2726
-2675
-2545
-2336
-2094
-1811
-1538
-1302
-1104
-893
-681
-454
-212
3
196
354
551
765
981
1146
1256
1351
1426
1513
1614
1695
1754
1788
1823
1882
1937
2005
2066
2117
2145
2080
1968
1842
1728
1626
1528
1429
1338
1276
1223
1186
1145
1061
955
858
790
761
752
698
616
541
443
348
252
136
15
-126
-245
-369
-489
-577
-635
-695
-770
-843
-924
-960
-981
-1005
-1037
-1094
-1133
-1176
-1219
-1270
-1325
-1432
-1559
-1697
-1842
-1946
-2044
-2116
-2201
-2280
-2310
-2295
-2259
-2205
-2149
-2052
-1899
-1708
-1464
-1250
-1070
-925
-804
-672
-513
-345
-182
23
240
471
691
892
1090
1247
1398
1518
1636
1747
1855
1969
2080
2216
2319
2414
2485
2512
2547
2528
2478
2384
2249
2129
1997
1893
1778
1632
1492
1381
1313
1260
1204
1128
1019
903
762
587
396
189
-16
-213
-373
-513
-652
-783
-912
-1015
-1099
-1164
-1242
-1341
-1402
-1410
-1358
-1268
-1183
-1117
-1072
-1031
-1011
-1005
-1043
-1131
-1237
-1337
-1419
-1497
-1552
-1626
-1741
-1862
-1982
-2076
-2134
-2159
-2144
-2117
-2059
-1975
-1856
-1690
-1522
-1345
-1181
-1003
-787
-557
-314
-72
160
366
572
773
962
1141
1304
1460
1605
1733
1849
1969
2070
2164
2273
2386
2507
2638
2724
2760
2728
2636
2511
2350
2169
1973
1809
1656
1511
1377
1235
1079
915
743
548
366
194
49
-55
-129
-192
-275
-369
-459
-518
-560
-602
-626
-654
-682
-724
-769
-810
-873
-930
-978
-1031
-1084
-1114
-1118
-1135
-1141
-1151
-1182
-1214
-1244
-1266
-1252
-1244
-1279
-1347
-1435
-1534
-1636
-1713
-1729
-1696
-1652
-1593
-1542
-1515
-1477
-1468
-1461
-1466
-1457
-1352
-1175
-947
-694
-433
-178
69
357
669
959
1220
1430
1589
1720
1825
1912
1974
1996
2021
2063
2112
2146
2135
2102
2020
1912
1819
1732
1654
1582
1520
1459
1393
1308
1211
1111
1004
904
823
751
682
599
493
363
226
84
-61
-180
-289
-370
-412
-445
-464
-497
-554
-644
-726
-796
-842
-860
-874
-892
-930
-988
-1048
-1092
-1120
-1136
-1146
-1116
-1061
-1014
-978
-979
-1019
-1121
-1251
-1379
-1466
-1503
-1499
-1436
-1367
-1300
-1255
-1228
-1230
-1246
-1242
-1236
-1206
-1149
-1083
-988
-873
-742
-590
-403
-188
32
256
473
699
910
1085
1238
1360
1469
1551
1615
1687
1779
1856
1909
1938
1929
1889
1835
1798
1747
1706
1668
1622
1582
1530
1464
1390
1305
1215
1131
1051
958
852
723
569
408
274
150
33
-86
-215
-341
-465
-555
-633
-706
-757
-807
-838
-832
-786
-740
-719
-708
-730
-756
-773
-760
-733
-722
-702
-702
-701
-700
-725
-776
-854
-946
-1063
-1166
-1265
-1367
-1433
-1487
-1539
-1595
-1628
-1622
-1607
-1572
-1516
-1451
-1371
-1255
-1117
-954
-785
-590
-395
-197
8
199
389
573
745
915
1053
1166
1278
1366
1432
1505
1592
1659
1692
1723
1750
1770
1778
1781
1749
1710
1673
1630
1595
1526
1441
1339
1226
1099
987
871
720
567
411
282
180
71
-26
-115
-193
-259
-320
-380
-444
-505
-525
-534
-528
-508
-485
-458
-459
-490
-530
-568
-612
-665
-707
-748
-798
-827
-845
-903
-971
-1038
-1098
-1143
-1184
-1198
-1218
-1230
-1222
-1206
-1195
-1194
-1188
-1152
-1116
-1075
-1003
-930
-853
-773
-689
-612
-513
-413
-316
-195
-69
48
170
290
403
510
602
702
796
889
981
1070
1147
1215
1269
1309
1334
1334
1340
1356
1358
1372
1390
1397
1401
1383
1344
1284
1192
1105
1014
923
844
774
683
590
487
379
269
144
32
-80
-180
-242
-289
-329
-357
-390
-427
-464
-497
-529
-560
-574
-576
-572
-567
-545
-546
-568
-588
-619
-656
-692
-728
-748
-764
-773
-761
-741
-726
-718
-696
-671
-649
-630
-603
-585
-589
-591
-598
-609
-619
-633
-646
-660
-655
-653
-637
-619
-597
-564
-526
-461
-374
-268
-157
-28
117
248
371
488
577
652
731
821
904
984
1063
1117
1157
1170
1166
1138
1098
1049
984
917
850
802
725
652
592
529
470
401
342
285
240
205
171
131
109
104
92
75
54
37
26
10
-11
-32
-68
-96
-117
-130
-150
-168
-188
-210
-236
-273
-303
-332
-349
-357
-364
-370
-382
-407
-437
-450
-478
-513
-537
-555
-589
-629
-654
-683
-720
-742
-759
-787
-794
-782
-754
-731
-694
-658
-619
-543
-458
-355
-246
-138
-47
50
141
207
269
314
350
385
430
468
510
546
558
557
537
507
477
456
436
434
432
437
454
456
462
458
443
423
414
412
411
419
414
398
376
353
334
327
328
340
352
358
360
344
322
278
239
209
176
157
153
133
97
75
41
-11
-63
-113
-139
-165
-184
-184
-196
-217
-243
-275
-328
-375
-418
-477
-525
-564
-573
-573
-593
-596
-588
-585
-591
-603
-611
-613
-608
-588
-561
-524
-477
-425
-379
-332
-287
-243
-204
-178
-151
-110
-71
-29
20
57
74
108
142
163
186
209
234
252
260
281
300
319
334
349
357
367
384
388
393
390
384
371
355
344
321
308
300
296
299
308
315
320
324
333
345
355
350
341
333
328
323
307
293
274
250
210
173
142
107
68
31
1
-31
-60
-93
-129
-189
-244
-300
-354
-402
-445
-473
-495
-519
-530
-535
-546
-552
-549
-548
-549
-531
-520
-513
-494
-461
-421
-382
-342
-297
-249
-200
-161
-133
-107
-83
-54
-19
15
62
104
137
171
197
202
200
196
181
173
174
188
207
213
212
209
197
178
168
159
150
148
148
156
159
151
152
163
166
180
206
246
278
314
350
371
400
398
397
392
377
364
355
338
310
283
263
232
186
148
110
68
23
-20
-62
-110
-142
-174
-217
-248
-274
-300
-315
-322
-333
-339
-335
-335
-333
-343
-354
-375
-392
-403
-406
-397
-379
-361
-346
-327
-313
-292
-269
-255
-237
-218
-203
-178
-132
-101
-71
-38
-17
-4
22
49
54
56
52
55
52
56
55
48
35
34
33
36
57
89
117
141
167
170
175
171
169
168
183
199
213
241
259
281
289
294
292
283
286
289
283
278
278
273
276
270
262
243
228
217
202
190
173
153
128
111
78
51
19
-19
-61
-95
-129
-161
-178
-212
-229
-235
-246
-267
-273
-287
-312
-323
-327
-335
-339
-317
-305
-290
-263
-244
-230
-215
-195
-176
-170
-168
-161
-154
-147
-134
-121
-111
-88
-60
-35
-20
-3
14
15
19
9
5
-5
4
19
42
67
79
102
111
108
105
104
91
74
76
87
87
93
105
111
119
131
142
155
159
177
180
194
202
213
216
211
228
229
239
235
230
221
216
204
191
176
153
131
124
98
61
44
19
-16
-46
-64
-84
-106
-114
-118
-142
-152
-165
-178
-202
-206
-216
-223
-211
-191
-180
-167
-145
-143
-145
-144
-126
-129
-124
-108
-105
-92
-87
-81
-78
-71
-62
-56
-54
-49
-39
-38
-41
-47
-51
-63
-60
-44
-44
-39
-41
-29
-31
-26
-18
-22
-22
-17
-2
-1
4
11
7
10
11
17
32
43
53
66
77
102
122
138
142
152
149
153
162
167
175
184
184
183
185
181
175
162
147
131
108
75
45
28
4
-14
-28
-32
-48
-65
-77
-86
-93
-104
-99
-95
-80
-70
-55
-47
-50
-38
-34
-26
-16
-6
8
14
21
23
23
29
27
21
17
7
0
-4
3
-3
1
-6
-16
-29
-41
-46
-52
-59
-67
-65
-65
-70
-72
-75
-85
-97
-106
-119
-119
-114
-110
-113
-112
-104
-107
-99
-100
-100
-93
-84
-63
-55
-40
-25
-13
-3
15
30
46
60
87
102
120
135
142
150
146
142
136
127
123
121
116
113
116
109
102
90
81
68
61
48
34
16
-1
-1
-2
1
-1
5
-1
0
2
5
13
13
17
26
32
34
33
33
32
22
20
17
9
7
-2
-3
-14
-16
-23
-24
-39
-52
-56
-62
-72
-78
-88
-102
-107
-108
-109
-116
-122
-128
-126
-127
-134
-133
-139
-146
-148
-140
-135
-118
-100
-95
-85
-77
-64
-62
-55
-52
-39
-20
-2
16
33
57
72
86
93
104
108
111
116
122
129
131
136
136
143
147
145
139
139
137
130
120
105
89
85
81
80
77
71
68
63
60
56
58
51
48
48
47
47
50
54
54
51
48
46
44
39
25
9
1
-8
-24
-37
-55
-64
-73
-85
-94
-99
-103
-110
-117
-123
-125
-133
-144
-153
-162
-167
-172
-173
-174
-169
-173
-164
-163
-161
-156
-149
-134
-125
-116
-109
-92
-84
-70
-48
-31
-15
9
29
38
49
56
60
70
85
91
100
113
120
119
121
127
127
130
140
135
128
127
130
128
126
124
116
112
101
93
91
90
86
84
80
76
77
79
73
64
60
51
40
32
29
19
16
12
2
-7
-8
-13
-20
-26
-35
-39
-41
-47
-49
-54
-61
-68
-76
-80
-80
-79
-82
-81
-83
-85
-90
-93
-95
-98
-108
-112
-111
-108
-104
-105
-100
-97
-93
-89
-80
-70
-61
-50
-47
-44
-36
-30
-30
-25
-19
-12
-4
2
12
23
32
43
54
60
64
72
72
76
78
79
82
88
92
94
97
94
90
87
79
72
64
57
54
54
57
56
59
57
53
51
48
42
37
33
29
24
22
20
18
19
21
20
14
8
6
5
4
-4
-11
-17
-18
-22
-24
-26
-30
-32
-34
-35
-40
-46
-51
-55
-58
-61
-64
-65
-66
-72
-78
-83
-86
-86
-83
-79
-74
-68
-63
-58
-51
-46
-40
-33
-30
-27
-20
-16
-9
0
3
8
15
17
18
21
21
22
25
26
27
29
28
28
30
34
35
35
35
34
34
33
33
34
32
31
31
31
32
33
33
32
32
28
24
25
28
29
30
28
25
26
25
21
19
18
16
18
19
17
15
15
12
9
6
3
1
0
-3
-7
-10
-13
-17
-20
-24
-31
-37
-40
-45
-50
-51
-52
-51
-50
-49
-47
-46
-47
-47
-47
-45
-45
-41
-37
-33
-28
-23
-19
-16
-13
-12
-9
-4
-1
2
6
8
9
10
9
9
10
11
16
20
22
21
20
20
21
21
17
17
18
19
17
17
17
19
22
20
21
23
26
25
24
24
24
25
23
21
21
19
19
18
21
21
21
22
20
24
25
28
28
29
29
27
29
27
25
26
24
21
18
15
9
8
5
-1
-5
-9
-15
-20
-24
-28
-29
-33
-40
-43
-46
-46
-48
-50
-53
-57
-56
-57
-57
-54
-51
-51
-52
-53
-51
-48
-42
-38
-34
-32
-30
-29
-28
-25
-25
-21
-17
-15
-12
-11
-9
-11
-10
-10
-9
-5
-4
-2
-1
1
0
2
6
6
9
10
14
18
23
26
28
32
32
38
39
44
49
54
58
60
63
64
65
65
64
64
62
63
61
61
61
58
58
53
50
47
42
39
35
33
32
30
27
21
16
10
7
4
1
-3
-8
-10
-17
-20
-25
-29
-32
-35
-36
-39
-42
-45
-49
-51
-52
-54
-56
-59
-57
-57
-55
-55
-56
-55
-55
-52
-51
-50
-49
-50
-49
-50
-49
-49
-47
-45
-44
-42
-43
-41
-39
-36
-33
-30
-27
-25
-21
-16
-11
-7
-4
-2
1
6
13
18
21
27
32
40
45
50
51
49
53
57
64
69
72
75
74
76
76
80
80
79
81
79
79
76
74
72
68
67
61
59
52
49
45
42
40
34
29
23
18
12
4
-3
-11
-17
-24
-27
-32
-36
-40
-44
-44
-49
-50
-55
-60
-66
-70
-70
-72
-70
-72
-70
-72
-69
-67
-69
-69
-74
-74
-76
-76
-76
-77
-75
-75
-70
-69
-65
-60
-56
-49
-45
-39
-37
-31
-27
-21
-15
-10
-3
3
14
18
26
29
35
40
44
50
53
56
59
63
69
73
77
79
81
82
80
78
76
74
75
76
77
76
77
77
78
79
80
79
74
68
62
58
58
56
56
53
50
46
41
35
30
26
22
17
10
3
-6
-13
-21
-26
-35
-42
-50
-58
-65
-74
-80
-90
-93
-97
-98
-101
-106
-110
-116
-118
-122
-124
-126
-128
-127
-127
-124
-123
-117
-114
-109
-102
-97
-87
-82
-71
-61
-50
-39
-31
-22
-16
-4
8
20
30
38
47
53
64
70
75
80
85
93
96
100
99
102
102
102
105
103
105
104
105
105
105
107
106
108
107
109
107
107
109
108
107
104
101
100
97
95
89
82
76
65
55
44
34
26
17
7
-7
-21
-36
-48
-63
-76
-87
-98
-104
-114
-118
-128
-136
-143
-153
-158
-165
-167
-172
-173
-173
-171
-164
-163
-158
-156
-148
-140
-133
-125
-121
-110
-98
-84
-74
-65
-57
-46
-33
-20
-5
8
22
35
45
55
63
70
77
82
90
98
107
111
114
117
119
122
125
125
124
125
127
130
130
131
130
132
131
132
134
133
136
132
131
127
122
117
111
106
98
93
84
76
67
56
47
35
25
13
3
-6
-17
-27
-38
-47
-58
-68
-81
-95
-110
-123
-135
-147
-154
-161
-166
-172
-179
-184
-190
-195
-200
-205
-207
-209
-209
-207
-202
-195
-187
-177
-166
-156
-145
-133
-122
-109
-95
-80
-63
-45
-26
-8
8
23
37
50
64
77
90
102
115
126
136
146
154
163
170
176
181
184
189
193
198
202
205
206
205
203
198
193
186
180
172
164
158
152
145
137
129
118
107
94
79
64
52
40
30
20
11
3
-6
-18
-30
-46
-62
-81
-99
-115
-130
-143
-154
-164
-173
-182
-191
-199
-209
-216
-224
-230
-237
-242
-244
-244
-241
-238
-233
-227
-219
-210
-201
-189
-177
-164
-150
-134
-117
-100
-81
-62
-45
-25
-8
11
29
47
65
83
100
117
131
146
158
169
180
189
197
204
210
215
219
222
224
226
227
227
225
222
217
210
202
194
184
176
170
163
156
149
140
131
121
109
98
85
74
62
52
42
33
22
10
-3
-16
-31
-46
-62
-77
-94
-110
-125
-141
-155
-168
-179
-190
-202
-212
-223
-232
-242
-250
-259
-265
-270
-273
-274
-270
-266
-258
-250
-240
-229
-217
-204
-191
-177
-163
-145
-128
-111
-92
-72
-50
-28
-7
14
34
53
71
87
103
119
136
152
165
179
190
199
207
214
220
224
227
231
231
232
230
228
224
219
213
209
204
198
193
187
182
174
165
156
145
133
122
111
100
91
81
71
59
47
35
21
5
-9
-25
-41
-55
-69
-82
-97
-111
-125
-139
-151
-163
-175
-184
-194
-202
-212
-220
-226
-232
-235
-237
-235
-233
-230
-225
-220
-214
-207
-201
-192
-183
-173
-161
-149
-134
-119
-102
-85
-68
-51
-34
-19
-4
12
28
43
59
74
89
104
117
130
142
154
165
175
183
188
195
198
201
203
204
204
203
201
198
194
190
186
181
175
169
161
151
142
132
121
110
98
87
73
62
51
39
27
15
2
-11
-22
-34
-46
-58
-70
-81
-93
-102
-112
-122
-131
-139
-148
-156
-163
-170
-175
-180
-185
-187
-188
-189
-189
-186
-185
-182
-178
-175
-171
-165
-158
-150
-141
-132
-121
-109
-98
-86
-73
-60
-48
-35
-22
-8
5
19
32
46
59
73
86
100
112
124
135
145
154
164
170
176
181
184
188
189
189
190
188
187
185
181
177
172
166
159
152
142
133
123
113
102
92
80
69
59
47
35
23
12
0
-11
-22
-34
-44
-54
-64
-74
-83
-93
-102
-110
-119
-128
-135
-142
-148
-152
-157
-160
-162
-164
-165
-165
-164
-164
-162
-160
-157
-153
-149
-142
-136
-129
-121
-112
-103
-93
-84
-74
-64
-54
-45
-34
-22
-10
1
12
25
37
48
59
69
80
90
98
106
114
120
126
133
138
141
143
146
147
147
145
143
140
138
133
129
124
117
111
104
97
89
81
72
64
56
47
40
32
24
16
8
1
-6
-15
-22
-29
-35
-41
-48
-54
-60
-66
-72
-76
-80
-85
-88
-91
-93
-96
-97
-99
-99
-100
-99
-98
-99
-96
-94
-92
-89
-85
-81
-77
-72
-67
-62
-56
-51
-46
-38
-34
-27
-21
-15
-8
-2
5
12
18
24
30
37
42
47
51
57
62
65
68
72
75
77
79
81
81
81
81
80
78
76
74
70
68
63
60
56
51
47
43
39
35
30
26
20
16
12
8
3
-1
-6
-10
-14
-17
-20
-25
-28
-31
-34
-36
-39
-42
-44
-46
-47
-48
-49
-51
-51
-52
-52
-53
-52
-53
-53
-51
-51
-50
-49
-46
-46
-44
-41
-39
-37
-34
-31
-29
-26
-24
-21
-18
-15
-10
-8
-4
-1
3
5
9
13
16
18
22
24
28
30
33
37
39
41
42
44
44
47
46
47
47
46
46
45
44
42
41
40
39
37
35
33
31
28
25
23
21
18
16
13
11
9
7
4
1
-2
-3
-6
-8
-10
-13
-15
-17
-19
-20
-21
-22
-23
-25
-26
-26
-28
-28
-29
-29
-30
-31
-32
-31
-30
-30
-30
-29
-29
-27
-27
-26
-25
-23
-23
-21
-20
-18
-16
-14
-12
-10
-8
-7
-5
-3
-1
0
2
4
5
8
10
12
13
16
16
18
18
19
21
21
23
22
22
23
23
22
22
22
20
21
20
20
19
18
17
16
15
13
13
11
10
9
7
6
5
3
2
1
-1
-3
-3
-4
-5
-6
-7
-8
-9
-8
-9
-11
-10
-11
-11
-12
-13
-13
-13
-13
-13
-13
-14
-13
-13
-12
-12
-12
-12
-10
-11
-10
-9
-8
-8
-7
-7
-5
-4
-3
-2
-2
0
1
3
1
3
4
4
5
6
6
8
8
9
9
9
10
10
10
11
9
10
9
9
8
8
7
7
7
6
6
6
5
4
3
3
2
2
2
0
-1
-1
-1
-2
-2
-3
-3
-4
-5
-4
-5
-6
-6
-6
-6
-6
-7
-5
-7
-7
-6
-7
-7
-6
-6
-6
-5
-6
-6
-5
-6
-6
-6
-4
-5
-5
-4
-4
-3
-3
-2
-2
-2
-2
-1
0
0
1
1
2
2
2
3
4
4
4
4
4
5
5
5
5
6
6
6
6
5
7
6
6
6
6
5
6
5
5
5
4
3
4
3
3
2
2
2
1
1
0
-1
-1
-1
-1
-1
-2
-3
-3
-3
-4
-4
-4
-5
-5
-5
-5
-5
-4
-4
-4
-5
-4
-4
-4
-4
-4
-5
-4
-4
-4
-3
-3
-3
-3
-3
-3
-2
-3
-2
-1
-2
-1
-1
-1
0
-1
-1
0
0
0
-1
0
1
1
1
1
1
2
2
2
3
2
3
3
2
2
3
3
3
2
3
4
3
3
4
4
4
3
2
3
4
3
4
3
3
3
2
2
3
2
1
0
0
1
0
0
0
-1
0
-1
-1
-2
-2
-2
-2
-2
-1
-2
-2
-3
-3
-3
-2
-3
-2
-3
-3
-3
-4
-3
-3
-2
-2
-2
-2
-2
-1
-1
-2
-2
-1
-1
-1
-1
-1
0
0
0
0
1
1
1
1
1
2
1
1
2
1
2
2
1
2
2
1
2
2
2
1
2
2
1
1
1
2
2
1
1
1
1
1
0
1
0
1
0
1
1
0
0
0
-1
-1
0
-1
-1
-1
-1
-1
-1
-1
-2
-2
-2
-2
-2
-3
-1
-1
-2
-2
-2
-2
-2
-2
-1
-1
-1
-1
-1
-2
-2
0
-1
-1
-1
-1
-1
-1
-1
0
0
0
0
1
0
1
0
1
1
1
1
2
1
1
2
1
2
2
2
2
2
1
2
1
2
2
2
1
1
2
2
1
2
2
1
1
1
1
1
1
0
0
0
1
0
0
-1
0
-1
-1
-1
-1
-1
-1
0
-1
-1
-1
-2
-1
-1
-1
-1
-1
-1
0
-1
-2
-2
-2
-2
-2
-1
-1
0
-1
-1
-1
-1
-1
-1
0
-1
0
-1
0
0
0
-1
-1
0
0
0
1
0
0
0
1
0
0
1
1
0
1
1
1
1
1
1
1
1
1
1
1
2
1
1
1
1
1
0
0
0
0
0
1
1
0
1
1
0
0
0
1
0
0
0
0
0
0
1
0
0
0
0
0
0
1
0
0
0
0
-1
-1
-1
0
0
-1
-1
-1
0
0
-1
-1
-1
0
0
-1
0
0
0
0
0
0
0
-1
0
0
0
0
-1
0
0
-1
0
0
0
-1
0
0
0
-1
0
0
1
0
1
1
0
0
1
1
1
1
1
0
1
1
1
0
0
0
0
0
0
0
1
1
0
-1
0
1
0
0
0
0
0
0
0
0
-1
0
0
1
0
0
-1
0
0
-1
0
0
0
-1
0
-1
0
0
0
-1
0
0
0
0
-1
0
0
0
-1
0
0
-1
0
0
0
0
0
0
0
0
0
0
0
1
1
1
1
0
0
0
1
0
0
0
0
1
1
1
0
0
1
0
0
1
1
0
1
0
1
0
1
2
0
0
0
0
1
0
0
0
0
0
1
1
0
1
0
0
-1
-1
0
0
0
1
1
0
-1
0
0
0
0
0
0
0
0
0
-1
0
1
0
0
0
-1
-1
0
0
1
0
-1
0
-1
-1
0
0
1
0
0
0
1
0
0
0
0
1
-1
0
-1
0
0
0
1
0
0
0
0
-1
0
1
0
0
0
0
-1
1
0
0
1
1
-1
0
1
1
0
0
0
1
0
1
0
1
0
0
0
0
-1
0
0
0
1
0
0
0
0
0
0
0
0
0
0
0
0
0
1
0
0
0
0
1
0
0
0
0
-1
0
0
-1
-1
0
0
0
0
0
0
0
0
0
-1
0
1
0
0
0
0
-1
0
0
1
0
0
0
0
0
-1
0
0
0
0
0
0
-1
0
0
-1
0
0
0
-1
0
0
0
0
-1
0
0
0
0
0
0
0
0
0
0
0
0
0
0
0
-1
0
0
0
-1
0
-1
0
-1
0
0
0
0
1
0
0
0
0
-1
1
0
0
0
0
0
0
0
0
0
0
0
0
1
0
0
0
0
-1
0
-1
0
0
0
0
0
0
0
0
0
0
0
0
0
0
0
0
0
1
0
1
1
0
1
0
0
0
0
0
1
0
1
0
0
0
1
0
0
-1
0
0
1
0
-1
0
0
0
0
-1
-1
1
0
0
1
0
0
1
0
0
0
-1
1
0
0
0
0
0
0
-1
0
0
0
0
0
0
0
0
0
0
0
0
0
0
0
0
0
0
0
0
-1
0
-1
0
-1
0
0
0
0
0
-1
0
-1
1
0
0
0
0
0
-1
0
-1
0
-1
0
0
0
0
-1
0
-1
0
1
0
0
0
0
0
0
1
0
0
0
0
0
0
-1
0
0
0
0
0
0
0
0
1
0
1
1
0
0
0
0
0
0
0
0
0
0
1
0
1
0
0
0
0
0
0
0
1
0
0
0
1
0
1
1
0
0
0
0
-1
0
0
1
0
0
0
0
0
0
0
0
0
0
0
0
0
-1
0
0
0
0
0
0
0
0
0
-1
0
1
0
0
0
0
0
0
0
-1
1
0
0
0
1
0
1
0
0
0
0
0
0
0
-1
0
1
0
0
0
1
0
0
0
0
-1
1
1
0
0
1
0
0
0
0
0
0
0
0
-1
0
0
0
0
1
0
0
0
0
0
0
-1
-1
1
0
0
1
0
0
-1
0
-1
1
0
1
0
0
0
0
1
-1
0
0
0
0
0
0
0
0
0
0
0
0
0
0
-1
0
0
0
0
1
0
0
0
0
0
0
0
0
-1
0
0
0
-1
0
0
1
0
-1
0
0
0
0
1
1
1
0
0
-1
0
0
-1
0
0
0
0
-1
0
0
0
0
0
0
1
0
0
0
0
