0
0
0
0
0
1
0
0
0
0
0
0
0
1
0
0
0
0
-1
0
0
-1
-1
0
-1
0
0
0
1
1
0
0
0
-1
1
0
0
0
0
1
0
1
0
0
1
1
0
0
0
0
0
-1
0
0
0
-1
0
0
1
0
0
0
0
1
0
1
0
0
0
0
-1
0
0
0
0
0
-1
0
0
0
1
1
0
0
-1
0
0
1
0
0
-1
1
0
0
0
0
-1
0
0
0
0
0
0
0
0
0
0
0
1
0
0
0
-1
0
1
0
0
1
-1
0
-1
-1
0
0
0
0
0
0
0
0
-1
0
-1
1
0
1
1
0
0
0
0
0
0
0
0
0
0
0
0
0
0
1
0
-1
0
0
0
0
0
0
-1
0
0
-1
0
0
0
0
0
0
0
1
1
0
0
0
0
0
0
0
-1
0
0
0
0
0
0
-1
-1
0
0
0
0
0
1
0
1
-1
0
0
-1
0
0
0
1
0
0
0
0
0
0
0
1
0
1
0
0
0
-1
-1
0
0
0
0
1
0
-1
0
0
0
0
1
0
-1
0
0
0
0
0
1
0
0
0
0
0
0
0
0
0
0
1
0
0
0
0
0
0
0
0
0
0
0
0
0
-1
-1
0
0
0
0
0
0
-1
0
0
-1
0
0
0
0
0
0
0
0
0
0
0
0
0
0
0
0
0
-1
0
0
1
0
0
-1
1
0
0
0
0
0
0
0
0
0
0
-1
1
0
0
-1
0
0
0
1
0
-1
0
0
0
0
0
0
0
1
-1
0
0
0
-1
-1
0
0
0
1
0
0
0
0
0
1
0
-1
-1
0
0
0
0
0
0
0
-1
0
-1
0
1
0
0
0
0
1
0
0
0
0
0
-1
-1
0
0
0
0
-1
0
1
0
1
0
0
0
0
-1
0
0
0
-1
0
0
0
0
0
0
0
0
-1
0
0
0
1
0
1
0
-1
0
1
0
0
-1
0
0
0
0
0
0
1
0
1
0
0
0
0
0
1
0
1
0
0
0
1
0
0
0
0
0
-1
0
0
0
0
0
0
0
0
0
-1
0
0
0
0
0
0
0
0
0
0
1
0
1
0
0
1
0
0
1
0
0
1
0
0
1
0
0
0
0
0
0
0
0
0
0
0
1
0
0
-1
0
0
-1
0
-1
0
0
1
1
0
0
0
-1
0
0
0
0
0
0
1
0
0
-1
0
0
0
0
-1
0
1
0
0
0
0
0
-1
0
0
0
0
0
0
0
1
0
0
0
0
0
-1
0
0
0
0
0
1
0
0
0
0
0
0
0
1
0
-1
0
-1
1
0
0
0
0
-1
0
-1
0
0
0
0
-1
0
1
0
0
1
0
-1
0
1
1
0
-1
0
0
0
0
0
0
0
0
-1
0
0
0
0
1
-1
0
0
-1
0
0
0
0
0
0
1
0
-1
0
-1
-1
0
0
0
1
0
0
0
0
0
0
1
0
0
-1
0
0
1
0
0
0
0
0
1
0
0
-1
0
0
0
0
0
0
0
0
1
0
0
0
0
0
0
0
0
1
0
0
0
0
0
0
-1
0
0
0
0
1
0
0
1
0
0
0
0
-1
0
-1
0
0
-1
0
0
0
0
1
0
0
1
0
0
0
0
0
0
-1
0
1
-1
0
0
0
1
0
-1
0
1
0
0
1
0
1
0
0
1
0
-1
1
0
0
1
-1
0
1
-1
-1
0
0
-1
0
-1
0
0
-1
-1
1
-1
1
1
-1
0
1
-1
1
1
0
0
1
-1
1
0
-1
1
0
-1
1
0
0
1
0
-2
1
0
-1
1
0
-1
1
0
0
1
-2
-1
1
0
0
1
-2
0
1
-1
0
2
-1
0
1
-2
1
1
-1
0
1
-2
1
1
-2
1
1
0
0
1
-1
0
1
-1
1
1
-2
2
-1
0
0
0
1
0
2
-1
3
-1
-2
3
-2
0
2
-3
2
0
0
2
-2
1
1
-1
0
1
1
-2
2
-1
1
-1
1
1
-1
-1
2
0
-3
4
0
-4
4
0
-1
1
-1
3
-4
2
0
-2
0
-1
4
-3
2
0
-1
-2
1
3
-5
4
-1
3
-3
3
0
-4
3
2
-2
0
2
-3
2
-3
6
-3
-1
4
-4
0
1
-1
2
-2
4
-2
1
0
3
2
-10
16
-8
-6
12
-9
2
3
-5
7
-4
-3
6
0
-7
5
3
-8
4
2
-5
1
3
-1
-3
4
2
-12
13
-3
-6
6
4
-10
4
10
-15
7
4
-7
-1
9
-9
4
-1
2
1
-3
4
0
-2
-2
7
-5
-2
8
-5
-1
5
-4
0
6
-9
6
0
-4
6
-3
1
2
-6
9
-6
-7
20
-23
10
11
-20
9
8
-14
3
7
-2
-10
14
-3
-7
5
-1
1
-4
0
5
1
-12
15
-6
-2
3
-4
11
-17
9
11
-29
25
-6
-13
17
-9
-1
5
-6
5
-5
6
-5
-2
14
-24
20
0
-20
20
-1
-17
19
-6
-7
12
-6
-9
18
-10
-16
35
-27
-3
27
-25
2
21
-26
13
9
-23
22
-8
-5
11
-11
3
6
-10
1
15
-19
1
22
-21
-4
24
-16
-9
16
-2
-9
2
13
-12
-7
23
-22
5
11
-18
19
-13
-5
19
-15
-1
14
-6
-9
11
4
-19
14
8
-26
25
1
-20
18
3
-10
-8
23
-11
-20
37
-16
-22
44
-33
1
32
-40
20
9
-24
15
5
-23
25
-14
-4
23
-31
25
-11
-10
27
-34
24
-3
-13
20
-19
21
-23
8
25
-42
24
18
-50
40
11
-63
71
-31
-29
66
-57
13
20
-15
-10
23
-7
-23
41
-29
-7
34
-39
18
14
-24
1
31
-38
7
37
-72
61
-5
-55
69
-19
-56
80
-28
-52
89
-64
19
13
-27
31
-32
16
3
-15
18
-23
44
-56
34
17
-72
93
-74
35
-11
4
-2
5
0
-16
31
-32
20
-9
9
-17
20
-3
-26
42
-35
5
30
-62
82
-79
61
-26
-12
39
-57
80
-104
102
-58
-4
56
-77
84
-101
103
-58
-21
81
-90
67
-42
29
-20
4
23
-61
87
-80
51
-16
-24
61
-65
38
-6
-17
24
-23
4
42
-84
71
8
-86
100
-48
-18
52
-49
16
22
-31
-1
44
-49
0
51
-52
26
-13
5
14
-25
13
3
-4
-6
10
-5
0
2
-14
26
-13
-23
47
-43
23
-12
3
21
-53
73
-64
36
6
-51
69
-54
3
40
-27
-9
25
-17
12
-17
11
11
-32
27
5
-11
-9
21
-13
-8
24
-31
24
9
-48
68
-32
-40
78
-55
-5
50
-62
39
7
-30
19
17
-40
29
15
-64
72
-50
-1
51
-65
44
7
-37
37
3
-57
56
0
-61
58
4
-61
62
-16
-27
48
-53
26
28
-70
59
1
-57
58
-5
-54
60
-16
-31
47
-11
-35
48
-11
-41
59
-53
20
11
-22
37
-46
31
14
-52
45
-2
-28
1
33
-35
10
18
-32
43
-35
37
-30
-1
27
-62
78
-53
1
40
-28
-2
14
-1
-16
-10
56
-75
43
3
3
-28
24
15
-43
29
21
-80
77
9
-100
136
-89
15
9
0
-5
-9
-8
58
-84
48
38
-100
85
-10
-63
79
-41
-24
60
-41
6
16
-2
-23
19
17
-58
54
-15
-26
34
-7
3
-25
50
-53
16
36
-61
32
19
-39
11
35
-40
7
12
-16
21
-40
54
-28
-20
57
-50
-5
48
-36
1
30
-23
-18
39
-36
15
-13
23
-21
-1
48
-104
105
-39
-21
1
64
-71
-6
113
-120
12
75
-41
-65
119
-79
-14
63
-55
13
4
8
-4
0
20
-29
21
1
-36
62
-46
-37
93
-79
25
32
-37
24
-31
48
-46
0
30
-21
11
-17
41
-65
52
7
-69
88
-52
31
-17
-18
46
-22
-54
86
-19
-76
95
-22
-50
32
4
14
-69
79
-22
-45
88
-68
13
-5
24
-16
-9
38
-13
-39
61
-16
-72
62
5
-56
58
-30
3
25
-36
32
-19
18
-44
80
-71
24
30
-84
77
-4
-12
-23
75
-63
5
18
-50
77
-119
84
23
-54
-5
89
-89
0
81
-54
-9
4
57
-84
45
8
-39
19
43
-77
47
26
-67
28
30
-70
42
-11
29
-46
2
96
-132
81
9
-38
-13
25
32
-65
33
32
-45
36
-24
54
-112
85
1
-134
161
-47
-61
82
5
-44
-19
55
-44
14
-40
66
26
-163
158
-20
-77
14
130
-137
18
126
-135
27
57
-101
79
-73
3
140
-170
101
38
-75
8
33
-44
47
-100
113
-83
-14
103
-211
213
-79
-5
89
2
-105
159
-134
-19
65
-49
-46
120
-67
-30
130
-178
172
-111
-25
101
-65
-24
82
-108
114
-66
-6
63
-6
-33
-5
64
-8
-85
37
43
-73
75
-159
212
-165
-3
125
-124
20
90
-34
-93
179
-111
-9
87
-52
-62
119
-81
-2
1
22
-20
-12
70
-66
69
-32
45
-90
2
60
-98
1
41
31
-69
43
103
-151
101
-5
9
-47
-38
117
-155
31
99
-64
14
47
5
-10
-35
41
-74
44
-83
91
-58
-19
96
-37
16
43
-52
-13
21
-70
40
-90
116
-27
-45
134
-43
-17
-6
47
-62
-25
58
38
-132
92
52
-123
21
28
54
-126
91
9
0
-60
36
-6
-45
39
-60
107
-62
-62
187
-122
-53
225
-218
132
-25
-39
9
52
-54
-142
315
-248
-45
236
-116
-127
224
-127
-20
118
-162
71
88
-159
79
86
-66
-46
106
-18
-120
134
-78
-1
-14
-14
18
8
-19
18
117
-146
37
74
-91
-43
96
-20
-141
228
-65
-184
345
-248
-5
231
-272
132
-24
-51
62
-86
61
21
-79
85
24
-71
9
40
9
-93
136
-118
63
8
-164
225
-104
-121
256
-69
-116
115
86
-224
84
101
-188
63
110
-189
168
-8
-200
424
-427
130
232
-391
193
134
-282
69
253
-386
244
6
-143
220
-140
34
55
-137
26
173
-259
96
246
-413
254
37
-203
72
81
-75
-111
351
-377
233
30
-186
201
-69
-50
-36
119
-76
-77
145
-65
-62
127
-152
129
-31
-52
40
60
-99
-42
125
-54
-74
91
58
-100
21
37
36
-214
289
-129
-129
241
-167
73
-55
52
-15
-35
116
-149
111
-12
-61
74
-47
-28
26
66
-167
126
73
-260
295
-106
-150
280
-225
-44
228
-216
64
117
-66
-43
70
-9
-65
35
13
-18
-39
81
31
-200
232
35
-385
427
-174
-118
251
-205
108
-61
-23
90
-16
-94
-33
286
-372
137
167
-357
359
-119
-197
426
-413
101
287
-375
132
203
-245
-11
261
-230
-56
254
-175
-88
287
-244
18
145
-152
67
20
-90
138
-40
-128
146
35
-177
-6
349
-450
125
299
-418
186
119
-229
146
16
-145
147
-39
-114
85
101
-215
159
24
-180
180
15
-231
241
18
-387
508
-202
-261
425
-155
-209
336
-94
-254
417
-288
-21
320
-357
112
235
-418
311
30
-387
484
-256
-88
301
-328
205
-17
-114
90
-41
39
-125
210
-166
-24
210
-173
9
118
-103
6
167
-307
272
-6
-289
292
-27
-195
204
-37
-102
156
-196
186
-94
-128
280
-193
2
133
-102
-67
215
-293
180
125
-397
389
-105
-237
324
-115
-168
245
-97
-89
117
13
-182
262
-203
5
260
-412
357
-155
-69
161
-145
128
-115
138
-111
-15
132
-168
38
120
-129
5
222
-382
316
-13
-420
587
-307
-189
508
-429
86
270
-391
270
-11
-183
208
-140
88
-54
-6
1
117
-150
-49
361
-508
319
30
-330
337
-40
-289
400
-186
-161
403
-407
188
89
-238
142
119
-256
89
172
-249
139
18
-28
-25
108
-123
-2
149
-214
127
63
-171
126
-43
-41
128
-255
344
-247
-15
332
-539
521
-304
-70
395
-460
281
15
-223
198
-12
-172
230
-170
-26
215
-246
88
122
-186
156
-92
67
-61
-65
204
-178
65
-64
139
-111
-61
259
-330
291
-123
-108
224
-191
80
-35
101
-153
75
101
-229
192
-27
-131
224
-242
136
75
-341
410
-188
-144
355
-312
122
94
-280
358
-236
-13
229
-248
137
3
-16
-94
164
-226
184
-23
-204
382
-388
236
-67
-35
18
29
-25
16
-43
-15
210
-370
350
-76
-263
388
-178
-86
150
59
-350
343
9
-449
610
-319
-103
340
-224
-105
210
-28
-191
169
-54
51
-117
128
-49
-45
109
-186
270
-230
105
8
-2
-93
122
-32
-128
313
-413
347
-166
-49
229
-273
147
33
-156
113
98
-283
248
-62
-109
109
-25
-94
113
14
-154
166
-6
-125
115
131
-335
167
203
-368
211
100
-297
231
-44
-176
253
-136
-15
211
-243
16
235
-313
141
50
-150
125
-14
-28
-31
145
-235
202
67
-290
366
-209
-39
171
-201
105
-54
112
-204
197
8
-303
488
-486
246
95
-330
389
-242
85
-7
3
-97
80
70
-366
608
-522
17
597
-793
395
165
-371
217
12
-19
-68
116
-96
105
-197
139
138
-428
579
-364
14
232
-304
275
-220
83
-36
-20
98
-126
132
20
-217
276
-124
-210
384
-171
-164
231
60
-401
265
110
-465
448
-99
-145
320
-397
394
-213
-86
174
-63
-60
54
157
-412
425
-171
-188
394
-274
29
216
-254
65
123
-287
279
-99
-170
310
-181
-72
177
-61
-96
125
29
-224
285
-149
-72
302
-447
376
-94
-208
288
-179
22
174
-197
75
82
-218
211
-45
-126
206
-102
-65
155
-167
45
75
-84
35
-14
18
22
-188
362
-408
144
321
-613
607
-160
-216
271
-108
-75
41
53
-77
24
27
23
-26
-45
82
-116
183
-181
22
139
-310
370
-262
85
114
-217
295
-340
306
-187
-14
139
-157
123
-88
55
-79
183
-292
334
-249
-50
316
-426
276
-35
-106
40
232
-312
141
97
-194
86
128
-278
111
245
-534
526
-53
-380
469
-265
-61
104
54
-118
56
91
-222
229
-288
187
-48
-179
298
57
-263
275
17
-380
400
-255
-75
328
-213
9
417
-462
-73
557
-748
396
200
-590
545
-51
-392
401
-118
-274
375
-71
-174
266
-115
-103
70
-30
13
-47
162
-191
110
156
-441
407
-277
-82
383
-495
452
65
-471
357
167
-580
204
264
-388
179
184
-172
116
-86
-19
102
-79
-119
242
-63
-240
202
-100
-38
-19
43
28
91
-185
95
112
-147
-117
154
23
-302
486
-268
26
254
-482
543
-218
-103
210
-86
-5
-165
265
-153
-106
261
-1
-155
196
-141
10
1
-4
-104
80
-39
20
-21
61
-131
2
289
-389
330
-12
-39
223
-23
21
93
127
-116
227
79
-115
239
-42
-45
-5
11
-36
-78
101
-91
15
-5
-125
42
-117
-41
-93
-70
-52
-121
81
-176
-153
83
-304
152
-88
-258
89
-131
-132
-38
-43
-231
103
-52
-125
222
-257
-35
481
-448
198
269
-180
62
269
-70
-63
367
-330
229
201
-238
148
219
-391
147
157
-387
271
2
-220
156
-21
-294
138
14
-268
183
-43
-11
113
-124
164
-37
-69
270
-90
28
174
-121
151
44
-91
311
-70
2
304
-170
87
-5
124
-123
100
114
-207
157
6
-133
76
-18
-78
151
-95
107
95
-95
-75
177
-25
-206
334
-223
15
159
-206
179
-144
-64
100
-122
33
47
-224
143
-83
-100
124
103
-124
95
190
-187
181
94
-104
63
34
-15
43
-78
46
-74
58
-61
-39
77
-129
-8
-89
115
-257
37
79
-235
26
-175
-84
30
-137
18
-13
-126
-83
-48
-101
-198
2
-124
-104
-10
-266
-16
-97
-306
76
-81
-137
-21
77
-115
62
-86
-81
138
-226
248
-10
-73
209
-39
122
114
94
150
182
161
82
229
79
56
160
64
99
70
88
78
38
-23
30
99
-29
93
37
48
173
-62
209
46
14
213
87
153
42
204
188
94
254
170
206
115
109
138
41
59
56
-10
-7
40
-53
4
-40
-66
-8
-90
-22
-21
-163
-45
-160
-178
-54
-170
-133
-230
-148
-205
-293
-228
-320
-280
-184
-337
-371
-330
-527
-375
-431
-569
-404
-467
-482
-281
-472
-391
-276
-429
-218
-165
-94
123
63
277
332
348
451
505
558
615
677
634
703
666
563
540
533
525
495
512
456
303
389
306
224
181
83
216
223
269
330
290
372
373
451
507
504
669
666
758
746
753
674
600
562
426
525
404
355
298
163
74
9
-144
-272
-318
-367
-447
-517
-614
-719
-793
-848
-931
-894
-889
-991
-1039
-1078
-1196
-1228
-1428
-1525
-1693
-1889
-1885
-2049
-2181
-2249
-2287
-2413
-2516
-2620
-2707
-2791
-2943
-2953
-2960
-2287
-1168
-303
501
560
1036
1776
2122
2605
2771
3341
4001
4669
4690
4460
4228
3950
3942
3352
2920
2744
2537
2077
1188
355
-371
-825
-1102
-1183
-1225
-1177
-1452
-1754
-1924
-1855
-1420
-893
-273
105
794
1006
1244
1540
1349
1545
1851
2508
2977
3205
2962
2481
2217
1944
2027
1887
1629
1392
1338
1103
592
-63
-651
-1112
-1342
-1403
-1447
-1694
-2237
-2629
-2795
-2856
-3058
-3360
-3622
-3617
-3584
-3744
-4107
-4480
-4687
-4776
-4995
-5391
-5631
-5717
-5925
-6084
-6450
-5583
-3237
-1521
-114
-150
579
1875
2848
3910
3989
5074
6219
7666
7782
6922
6210
5752
6026
5238
4450
3914
3489
3000
1314
-411
-1651
-2263
-2536
-2705
-2557
-2547
-2544
-3409
-4055
-4034
-3536
-2577
-1912
-1049
38
1544
2526
2614
2596
2831
3966
4777
5705
6326
6076
5120
3958
3409
2709
2262
1799
1785
1691
1170
632
-251
-1000
-1686
-1703
-1086
-267
273
301
117
-609
-908
-872
-699
-427
-475
-252
-445
-1030
-2013
-2950
-3435
-3819
-4175
-4689
-5299
-6236
-7256
-8148
-8708
-8994
-8912
-8920
-9066
-9395
-8610
-5966
-3698
-1805
-1076
381
2673
4391
5700
5885
6624
7930
9772
10586
10076
9166
8484
8262
7136
5712
4650
4056
3363
1608
-441
-2149
-3229
-3911
-4414
-4440
-4191
-3727
-4072
-4552
-4652
-4162
-2963
-2017
-1106
52
1074
1833
2192
2148
2655
3609
4759
6050
6847
6851
6052
4931
4163
3984
3841
3356
2800
2266
1665
789
-140
-905
-1351
-1280
-639
211
631
409
-126
-524
-314
233
623
673
516
206
-304
-972
-2001
-2788
-3305
-3758
-4157
-4849
-5857
-6964
-7971
-8773
-9018
-9090
-9065
-9133
-9559
-9373
-9073
-8923
-9169
-8638
-5097
-1284
1649
2402
2689
4264
5751
7389
8084
8941
10082
11709
12293
10956
9298
7779
7308
6342
4820
3838
3110
2318
156
-2828
-5140
-6117
-6180
-5961
-5390
-4726
-3913
-4215
-4894
-5098
-4403
-2605
-735
1093
2722
4155
4726
4366
3735
3536
4098
5120
6357
7406
7756
6677
4742
3215
2506
2340
2259
2122
2125
1815
1132
97
-1150
-2054
-1986
-845
648
1828
2070
1485
663
164
273
680
942
992
989
742
-219
-1893
-3705
-4721
-5079
-5038
-5251
-5688
-6642
-7960
-8963
-9669
-9659
-9338
-8911
-8713
-8318
-8129
-8037
-7999
-8154
-8017
-7191
-3453
1055
4209
4766
4299
5448
7193
9166
9643
9751
10463
12027
12810
11298
8566
5965
5096
4540
3434
2002
714
-214
-2190
-5160
-7681
-8355
-7842
-6979
-5965
-4488
-2897
-2739
-3390
-3656
-2545
-158
2507
4914
6505
7541
7461
6505
5346
4592
4736
5266
5972
6464
6026
4166
1534
-591
-1373
-934
-355
148
545
542
70
-748
-1368
-1565
-966
574
2552
4111
4270
3210
1891
1148
1221
1501
1465
1077
478
-509
-1776
-3552
-5503
-6656
-6875
-6716
-6702
-7360
-8250
-9007
-9660
-9757
-9218
-8203
-7324
-6757
-6493
-6148
-5762
-5379
-5108
-4810
-4464
-2382
1657
5190
6819
5941
5876
7227
8988
9878
9334
9049
9524
10332
9284
6740
3815
2186
1850
1017
-303
-1823
-2579
-3341
-5141
-7380
-8619
-7720
-6071
-4403
-2790
-1186
2
-183
-350
321
2350
4842
6799
8038
8246
7916
6832
5481
4060
3146
2876
2807
3021
2613
1438
-453
-2313
-2951
-2452
-1152
-42
782
1023
1051
1188
1174
1244
1221
1763
3114
4526
5108
4277
2579
1172
668
599
264
-456
-1510
-2394
-3375
-4645
-6118
-7357
-7818
-7836
-7648
-7716
-7928
-8170
-8328
-8191
-7683
-6582
-5413
-4628
-4350
-4126
-3675
-3387
-3257
-3232
-3405
-3133
-741
2839
5458
5773
4874
5354
6645
7745
7730
6978
6910
7622
8004
6674
4181
1916
845
542
-188
-1075
-1728
-1897
-2409
-4262
-6160
-6625
-5354
-3428
-1759
-121
1343
2054
1604
1085
1526
3180
5248
6734
7332
7002
5973
4506
2968
1551
665
312
637
1184
1214
213
-1575
-2841
-2827
-1465
182
1403
2174
2427
2521
2280
1951
1625
1653
2515
3778
4747
4403
3005
1205
13
-448
-631
-821
-1390
-1968
-2807
-3885
-5290
-6634
-7168
-6996
-6394
-6048
-6010
-6184
-6575
-6760
-6529
-5774
-4870
-4060
-3580
-3376
-3312
-3297
-3622
-4140
-4403
-4053
-3355
-2526
-74
2738
4506
4427
3907
5025
6550
7569
7290
6837
7067
7761
7758
5861
3440
1607
1370
1446
574
-635
-1688
-1969
-3065
-4924
-6239
-5845
-4021
-2430
-1026
22
1022
1256
760
791
1872
3878
5585
6388
6243
5825
5022
3725
2180
861
461
757
1496
1973
1573
190
-1278
-1726
-1072
55
1023
1775
2333
2488
2240
1805
1322
982
1279
2278
3344
3600
2829
1435
132
-789
-1344
-1617
-1914
-2289
-3051
-3987
-5000
-6200
-7124
-7373
-7007
-6471
-6185
-6199
-6237
-6273
-6214
-5832
-5064
-3988
-3202
-2867
-2699
-2768
-2959
-3213
-3402
-3276
-2777
-456
2924
5338
5623
4529
4669
5808
7120
7247
6491
6179
6493
6742
5309
2842
567
-428
-311
-528
-1198
-2006
-2386
-3005
-4439
-5867
-5961
-4189
-2154
-444
932
2317
3243
2924
2519
2781
4436
6227
7286
7445
6904
5995
4308
2469
623
-350
-482
-109
460
260
-466
-1659
-2549
-2451
-1581
-225
1046
2063
2564
2685
2394
2024
1791
1751
2153
2857
3610
3522
2318
514
-903
-1596
-1925
-2223
-2717
-3285
-4029
-4976
-5982
-6944
-7329
-7133
-6399
-5647
-5326
-5202
-5125
-4859
-4522
-3862
-2957
-2094
-1560
-1495
-1484
-1681
-2019
-2454
-3026
-3262
-3127
-1539
1389
3693
4363
3411
3397
4517
5433
5431
4573
4605
5314
5904
5003
2684
582
-489
-322
-387
-838
-1491
-1833
-2122
-3352
-4658
-5063
-3830
-1927
-174
1601
3063
3934
3480
2781
3012
4417
6165
7026
7015
6377
5507
4064
2218
296
-1029
-1175
-499
487
828
221
-941
-1941
-1992
-1189
102
1364
2295
2768
2786
2444
1907
1202
759
985
1850
2804
2803
1628
-224
-1815
-2560
-2740
-2781
-3063
-3492
-4013
-4740
-5583
-6340
-6512
-6072
-5358
-4674
-4274
-3966
-3809
-3781
-3656
-3225
-2482
-1751
-1367
-1455
-1720
-2264
-2705
-3245
-3805
-4156
-3596
-800
2286
4083
3626
2785
3371
4338
5181
4847
4622
4968
5659
5679
3985
1716
-277
-836
-687
-695
-1024
-1504
-1682
-2495
-3903
-4962
-4493
-2636
-597
1347
3027
4373
4731
4226
3782
4174
5475
6775
7542
7351
6396
4729
2762
842
-813
-1658
-1605
-702
141
158
-758
-2024
-2764
-2655
-1714
-365
1193
2359
2861
2651
1988
1439
966
898
1433
2384
3057
2489
882
-984
-2203
-2746
-2958
-3035
-3198
-3444
-4210
-5187
-6151
-6552
-6247
-5533
-4624
-3971
-3473
-3265
-3160
-3060
-2827
-2281
-1736
-1173
-954
-1073
-1529
-2274
-2924
-3827
-4512
-4805
-3700
-725
2051
3311
2554
1981
2587
3563
4177
4022
4273
5100
6064
5631
3566
1237
-221
-161
321
550
269
-270
-795
-1862
-3226
-3937
-3155
-1181
841
2786
4285
5085
4729
3785
3418
4078
5538
6689
7043
6259
4830
2938
1121
-443
-1574
-1940
-1509
-354
348
19
-1265
-2445
-2749
-2158
-794
693
2094
2674
2475
1865
1352
1147
845
809
1191
2012
2217
1234
-508
-2055
-2634
-2700
-2510
-2581
-3014
-3740
-4618
-5262
-5642
-5596
-5041
-4219
-3547
-3262
-3244
-3158
-3075
-2919
-2650
-2165
-1604
-1388
-1529
-2156
-2909
-3570
-4270
-4949
-5478
-4286
-1258
1829
3165
2454
2037
2514
3681
4392
4434
4637
5248
6154
5833
4306
2182
583
151
194
493
344
135
-323
-1413
-2789
-3730
-3067
-1357
630
2440
3861
4782
4668
3980
3385
3596
4506
5591
6286
5989
4680
2600
718
-672
-1579
-2053
-1842
-1011
-305
-333
-1153
-2122
-2606
-2229
-1164
224
1647
2611
2820
2400
1889
1552
1240
1111
1395
2050
2348
1800
399
-1089
-2065
-2431
-2361
-2422
-2792
-3430
-4092
-4763
-5372
-5706
-5465
-4779
-4073
-3604
-3431
-3426
-3498
-3441
-3166
-2695
-2261
-2113
-2251
-2606
-2935
-3327
-3991
-4780
-5089
-3412
-225
2590
3590
3080
2963
3507
4382
4833
4925
5290
5909
6555
6115
4742
2861
1241
456
26
131
222
332
-242
-1793
-3329
-4053
-3167
-1724
-124
1507
2945
3940
3754
3058
2451
2695
3587
4724
5439
5159
3868
1810
162
-866
-1189
-1326
-1177
-472
184
174
-760
-1754
-1994
-1330
-146
1213
2331
2841
2718
2267
1886
1539
1352
1366
1723
2174
2138
1360
-175
-1680
-2618
-2794
-2728
-2973
-3486
-4122
-4680
-5446
-6179
-6544
-6226
-5408
-4609
-4050
-3814
-3775
-3946
-3998
-3661
-2818
-2117
-1843
-1977
-2068
-2149
-2624
-3462
-3981
-2209
1052
4016
4888
4391
4327
4585
4997
4785
4691
5055
5830
6214
5274
3621
1809
586
-225
-879
-1162
-1094
-639
-850
-2130
-3716
-4399
-3608
-2192
-464
1246
2871
3680
3450
2876
2566
2972
3537
4341
4941
5069
4095
2212
483
-661
-750
-594
-315
109
411
354
-564
-1386
-1492
-774
352
1510
2511
2900
2837
2574
2445
2152
1743
1584
1864
2243
1998
995
-517
-1790
-2561
-2976
-3286
-3619
-4042
-4529
-5147
-5717
-6224
-6615
-6735
-6456
-5637
-4773
-4253
-4211
-4249
-4050
-3577
-2771
-1984
-1447
-1450
-1550
-1585
-1807
-2141
-2089
-163
2580
4812
5228
4726
4673
4832
5080
4595
4346
4482
4991
5046
3949
2344
632
-420
-942
-1189
-1379
-1595
-1560
-1880
-2761
-3767
-3922
-2960
-1666
-142
1414
2911
3615
3275
2699
2579
3250
3977
4617
4886
4796
3938
2371
962
-22
-379
-401
49
754
1176
836
-141
-912
-993
-301
617
1673
2611
3147
3221
2857
2433
1851
1416
1270
1559
1988
1860
866
-737
-2095
-2951
-3504
-4086
-4716
-5104
-5302
-5495
-5930
-6589
-7227
-7424
-7165
-6558
-5700
-4930
-4451
-4176
-3947
-3389
-2697
-1992
-1583
-1255
-879
-768
-1026
-1027
876
3516
5575
5703
5263
5420
5647
5604
4660
4037
3987
4390
4225
3104
1718
359
-719
-1665
-2316
-2377
-1893
-1307
-1507
-2610
-3616
-3575
-2471
-1118
263
1690
2994
3725
3705
3469
3362
3462
3556
3842
4364
4687
4098
2606
1084
-75
-696
-698
-222
581
1065
1094
719
309
164
338
837
1562
2414
3173
3676
3773
3281
2270
1399
1089
1319
1489
1204
475
-536
-1533
-2565
-3593
-4536
-5203
-5475
-5611
-5776
-6127
-6463
-6775
-7038
-7109
-6839
-6176
-5475
-4980
-4434
-3848
-3160
-2560
-2100
-1707
-1486
-1118
-927
-732
-643
373
2555
4715
5921
5557
5265
5142
5232
4883
4191
3690
3460
3496
2956
1969
656
-500
-1332
-1903
-2126
-2144
-1832
-1523
-1717
-2464
-3130
-2770
-1478
32
1419
2482
3250
3433
3247
3125
3286
3436
3444
3491
3646
3677
2888
1754
588
25
-214
-122
448
1236
1843
1679
1261
990
1220
1554
1852
2214
2626
3123
3368
3373
2883
1927
1029
526
544
410
-154
-1028
-1872
-2451
-3081
-4051
-5148
-5939
-6053
-5894
-5769
-5935
-6280
-6457
-6477
-6333
-6246
-5935
-5500
-4873
-4409
-3888
-3206
-2515
-2057
-1939
-1837
-1640
-1454
-633
1533
4174
6038
6174
5948
5798
5903
5844
5307
4771
4198
4012
3526
2615
1321
57
-833
-1469
-1944
-2389
-2286
-1847
-1700
-2350
-3093
-2906
-1784
-461
684
1728
2780
3469
3566
3357
3296
3357
3303
3256
3305
3458
2896
1998
1068
530
124
-180
65
656
1167
1040
869
907
1069
1084
1310
2011
2623
2774
2630
2778
3003
2662
1882
1257
1203
1094
454
-693
-1608
-2056
-2286
-2742
-3584
-4460
-5142
-5551
-5896
-6060
-6062
-6074
-6238
-6324
-6289
-6080
-5912
-5784
-5734
-5443
-4661
-3688
-2880
-2522
-2241
-2071
-1864
-1663
-1146
839
3665
6243
6973
6617
6531
6372
6101
5156
4657
4519
4515
4166
3186
2025
738
-391
-1481
-2197
-2433
-2205
-1703
-1529
-1868
-2694
-2938
-2188
-868
659
1959
2947
3438
3473
3454
3450
3360
2940
2639
2613
2899
2791
1931
807
16
-85
-230
-141
319
1232
1626
1307
1167
1376
1665
1603
1974
2575
2996
2957
2857
2971
2743
2113
1235
864
762
416
-502
-1649
-2389
-2811
-3152
-3704
-4487
-5381
-6069
-6315
-6265
-6307
-6471
-6559
-6364
-6252
-6434
-6605
-6469
-5964
-5640
-5251
-4592
-3658
-2740
-2683
-2891
-3082
-1477
1661
4748
6765
7149
7735
7897
7953
7210
6109
5199
4649
4759
4536
3799
2393
903
-390
-1565
-2624
-3409
-3101
-2190
-1723
-2305
-3045
-2796
-1836
-663
325
1623
3063
3981
4069
3790
4031
4318
4089
3288
2632
2457
2284
2011
1390
554
-484
-1071
-1009
-455
-121
-75
16
450
1055
1441
1744
2095
2456
2831
3261
3830
4056
3689
2963
2316
2025
1688
982
-130
-1135
-1735
-2257
-3050
-4057
-4888
-5515
-6015
-6459
-6858
-7038
-7006
-6751
-6677
-6762
-6786
-6563
-6198
-5930
-5622
-5121
-4342
-3537
-2870
-2627
-2682
-2559
-1528
849
3627
5861
6879
7341
7423
7223
6848
6227
5548
4636
4032
3660
3302
2635
1651
579
-505
-1574
-2575
-2906
-2585
-2056
-2085
-2521
-2511
-1771
-523
652
1630
2381
2841
3048
3220
3568
3879
3819
3355
2785
2513
2175
1834
1240
695
169
-173
-72
186
438
262
218
431
999
1531
1878
2280
2637
2983
3247
3513
3680
3534
3061
2490
2121
1735
1122
177
-825
-1717
-2525
-3203
-3862
-4590
-5386
-6182
-6838
-7359
-7675
-7796
-7817
-7650
-7434
-7070
-7011
-6944
-6925
-6634
-6111
-5289
-4215
-3416
-2961
-2731
-1312
1097
3896
5818
6943
7907
8543
8771
8104
7129
6069
5296
4661
4026
3386
2650
1959
1082
45
-1329
-2599
-3206
-3246
-3108
-3361
-3338
-2741
-1685
-621
207
1145
2075
2795
3044
3139
3384
3683
3952
3887
3698
3339
2960
2668
2438
2068
1120
12
-735
-730
-516
-505
-673
-669
-277
302
1013
1574
1987
2295
2690
3363
3898
4128
3828
3364
2824
2268
1706
1084
416
-459
-1434
-2452
-3219
-3869
-4623
-5628
-6634
-7278
-7603
-7816
-8131
-8467
-8698
-8620
-8211
-7675
-7203
-6874
-6518
-5964
-5030
-4004
-3156
-2493
-1291
825
3308
5404
6744
7792
8469
8832
8660
8025
6995
5882
4935
4204
3582
2926
2349
1754
1087
37
-1200
-2160
-2725
-3146
-3739
-4069
-3691
-2623
-1387
-372
488
1332
2123
2549
2638
2648
2766
2910
2909
2939
3092
3219
3383
3515
3516
3142
2477
1623
721
-79
-487
-523
-395
-114
337
938
1410
1572
1542
1589
1945
2515
2942
3074
2972
2695
2238
1614
961
311
-467
-1391
-2370
-3161
-3753
-4271
-4884
-5643
-6475
-7216
-7708
-7914
-8003
-8150
-8280
-8238
-7935
-7513
-7064
-6701
-6248
-5665
-4954
-4169
-3124
-1470
446
2398
4021
5564
6862
7704
7962
7726
7351
6871
6363
5645
4829
4034
3475
3213
3051
2641
1695
594
-351
-1078
-1905
-2887
-3680
-3921
-3477
-2605
-1536
-556
217
664
910
1176
1542
1800
1829
1652
1572
1693
2201
2957
3707
4196
4336
4271
4051
3664
2876
1822
821
249
124
311
612
923
1182
1372
1523
1597
1549
1470
1459
1545
1540
1336
1002
642
332
-110
-784
-1582
-2279
-2845
-3290
-3710
-4078
-4417
-4785
-5204
-5717
-6043
-6180
-6164
-6262
-6459
-6547
-6382
-6016
-5679
-5382
-5053
-4493
-3846
-3263
-2802
-2157
-1206
-78
1043
2064
3068
3900
4612
5195
5644
5874
5758
5284
4631
4029
3704
3702
3858
3854
3549
3035
2499
1978
1280
297
-865
-1915
-2451
-2408
-1914
-1315
-851
-643
-539
-269
202
570
483
47
-364
-391
-68
537
1373
2314
3160
3862
4428
4676
4411
3706
2882
2206
1776
1604
1640
1714
1724
1697
1758
1889
1857
1474
909
461
87
-340
-862
-1307
-1583
-1779
-1922
-2051
-2054
-2046
-2103
-2265
-2507
-2770
-3115
-3445
-3600
-3585
-3518
-3541
-3627
-3666
-3778
-3920
-4049
-4022
-3787
-3535
-3244
-3030
-2838
-2568
-2280
-2050
-1992
-1979
-1828
-1495
-1126
-689
1
941
1861
2401
2595
2659
2771
2882
2862
2746
2665
2697
2826
2991
3174
3218
3079
2749
2310
1838
1427
1102
800
469
96
-56
39
278
460
436
303
241
298
430
502
558
701
1060
1542
1984
2339
2556
2692
2663
2538
2416
2381
2354
2198
1869
1552
1364
1203
932
472
-21
-435
-632
-770
-945
-1159
-1427
-1623
-1719
-1629
-1395
-1127
-889
-784
-798
-889
-934
-1127
-1364
-1667
-1923
-2043
-2263
-2502
-2900
-3134
-3259
-3206
-3051
-2850
-2588
-2352
-2074
-1802
-1480
-1327
-1224
-1267
-1275
-1186
-1030
-801
-759
-752
-894
-1002
-1133
-1181
-1113
-958
-750
-521
-167
195
519
649
668
665
747
930
1118
1325
1551
1830
2080
2223
2287
2408
2607
2739
2711
2540
2345
2137
1908
1656
1497
1426
1413
1411
1398
1376
1400
1510
1600
1715
1822
1949
2022
1998
1968
1902
1825
1667
1410
1110
834
617
365
59
-283
-515
-666
-735
-830
-971
-1087
-1179
-1156
-1096
-1006
-969
-1009
-1119
-1237
-1265
-1306
-1386
-1602
-1871
-2006
-2013
-1966
-2006
-2097
-2209
-2230
-2070
-1825
-1567
-1368
-1199
-1028
-874
-704
-533
-443
-409
-433
-429
-433
-510
-740
-1081
-1417
-1652
-1798
-1870
-1824
-1731
-1609
-1533
-1431
-1243
-1003
-731
-437
-104
232
577
867
1082
1247
1407
1629
1908
2159
2362
2520
2672
2769
2729
2536
2313
2146
2000
1797
1513
1248
1077
1009
1042
1135
1266
1324
1322
1309
1337
1401
1405
1294
1137
998
909
853
748
685
591
514
506
544
556
457
260
26
-141
-261
-325
-444
-555
-646
-697
-796
-950
-1138
-1351
-1543
-1701
-1768
-1792
-1769
-1762
-1793
-1726
-1572
-1406
-1306
-1256
-1168
-967
-703
-515
-389
-278
-188
-124
-114
-111
-110
-174
-342
-616
-869
-1049
-1169
-1290
-1438
-1620
-1752
-1843
-1906
-1949
-1957
-1841
-1711
-1591
-1436
-1202
-888
-526
-167
192
544
910
1276
1575
1806
1956
2000
1974
1930
1936
1991
2037
2057
2055
2024
1965
1852
1676
1508
1388
1280
1200
1154
1174
1211
1198
1184
1140
1097
1034
909
736
556
497
537
608
691
740
757
746
679
566
401
203
10
-95
-166
-260
-366
-498
-601
-719
-838
-933
-1002
-1125
-1266
-1348
-1356
-1306
-1233
-1130
-1014
-847
-650
-499
-401
-337
-392
-470
-502
-388
-229
-171
-174
-219
-307
-419
-586
-847
-1110
-1339
-1505
-1540
-1524
-1510
-1544
-1619
-1654
-1705
-1740
-1749
-1723
-1683
-1572
-1397
-1179
-885
-622
-370
-106
224
575
860
1063
1228
1361
1495
1560
1539
1520
1473
1457
1433
1400
1411
1448
1505
1491
1477
1426
1377
1294
1182
1087
1001
924
801
702
605
554
524
484
470
461
463
443
419
352
279
201
142
106
144
202
199
191
170
177
144
109
79
65
-28
-90
-254
-300
-311
-288
-249
-214
-136
-84
25
-23
-43
-96
-170
-142
-153
-108
-79
-193
-253
-402
-573
-629
-810
-949
-1029
-1149
-1191
-1268
-1291
-1404
-1506
-1594
-1742
-1752
-1734
-1725
-1639
-1526
-1393
-1252
-1100
-952
-879
-776
-738
-665
-498
-263
0
212
401
591
770
944
1060
1118
1169
1226
1235
1228
1212
1171
1141
1158
1143
1151
1184
1164
1181
1133
999
921
786
646
556
423
346
263
256
134
124
137
51
141
174
222
321
430
465
511
472
475
431
412
496
384
472
437
411
509
519
522
499
527
397
312
186
25
-49
-70
-135
-115
-57
-47
-12
-80
-193
-366
-516
-629
-793
-823
-927
-999
-975
-1115
-1070
-1117
-1245
-1226
-1345
-1371
-1317
-1226
-1152
-1091
-1047
-1078
-1073
-1019
-1039
-953
-889
-870
-852
-884
-863
-909
-931
-954
-920
-773
-585
-350
-110
167
441
680
827
865
904
937
948
870
855
840
871
1012
1060
1189
1289
1301
1327
1230
1115
919
648
462
303
276
222
197
322
429
597
714
818
826
887
863
813
787
667
729
670
831
863
933
1142
1123
1153
962
723
528
259
-1
-181
-459
-501
-481
-518
-388
-463
-321
-408
-355
-356
-461
-311
-474
-426
-426
-466
-506
-660
-739
-901
-971
-1023
-997
-888
-877
-789
-785
-781
-765
-911
-1028
-1119
-1230
-1318
-1447
-1474
-1582
-1681
-1666
-1827
-1810
-1714
-1615
-1460
-1257
-1021
-778
-487
-144
129
321
506
640
719
728
744
743
772
859
932
1158
1346
1476
1704
1706
1780
1602
1427
1183
886
783
566
543
636
677
870
1184
1300
1657
1872
1695
1842
1707
1411
1359
1016
925
742
684
618
579
584
521
449
295
288
11
54
-298
-338
-452
-529
-579
-576
-495
-599
-375
-648
-315
-515
-316
-200
-279
19
-194
47
-484
-469
-719
-1002
-873
-1374
-1468
-1494
-1555
-1670
-1564
-1769
-1843
-2084
-2308
-2463
-2723
-2893
-3390
-3579
-3574
-3321
-2746
-2084
-1300
-435
440
1177
1758
2165
2222
2086
1731
1390
1116
836
804
797
926
1205
1538
1848
1937
1829
1599
1252
897
459
18
-195
-234
-82
204
638
1258
2030
2727
3235
3463
3539
3481
3099
2588
1878
1255
712
153
-123
-296
-328
-261
-284
-323
-132
-96
-159
-180
-362
-460
-552
-565
-614
-644
-548
-549
-327
-236
-264
-260
-403
-388
-437
-608
-845
-1080
-1314
-1510
-1715
-1947
-2136
-2330
-2547
-2821
-3146
-3444
-3644
-3911
-4234
-4481
-4463
-4064
-3273
-2319
-1195
-41
1215
2352
3299
3949
4233
4101
3590
2985
2301
1692
1076
522
166
-10
167
302
381
416
154
-276
-869
-1432
-1857
-2067
-2141
-1922
-1350
-413
715
1744
2766
3719
4624
5363
5712
5670
5247
4592
3795
2862
1904
969
153
-495
-943
-1161
-1181
-1064
-914
-724
-482
-166
117
228
296
180
116
111
55
18
-116
-207
-289
-299
-348
-455
-630
-904
-1143
-1464
-1816
-2226
-2714
-3253
-3813
-4315
-4837
-5188
-5617
-5963
-6311
-6248
-5681
-4564
-2941
-1248
488
2067
3655
4981
5992
6460
6321
5691
4808
3890
2963
2134
1388
788
508
337
367
326
132
-398
-1343
-2447
-3542
-4309
-4800
-4975
-4765
-3941
-2625
-993
755
2373
3783
4916
5980
6882
7359
7319
6762
6012
5131
4095
2873
1625
363
-772
-1634
-2192
-2406
-2513
-2454
-2161
-1576
-743
-55
459
793
1001
1046
954
774
515
182
-160
-420
-582
-596
-724
-907
-1208
-1532
-1914
-2631
-3510
-4502
-5544
-6434
-7145
-7768
-8281
-8522
-7977
-6457
-4288
-2000
209
2507
4647
6469
7612
7973
7587
6695
5602
4467
3506
2541
1794
1235
1040
1020
1036
966
584
-133
-1445
-3018
-4421
-5444
-6071
-6435
-6108
-4950
-3155
-1027
1040
2885
4386
5531
6052
6312
6376
6265
5928
5263
4684
3958
3126
2080
947
-251
-1593
-2720
-3483
-3738
-3816
-3645
-3094
-2005
-624
472
1330
1900
2371
2444
2122
1587
1102
742
398
338
462
904
1137
917
463
-257
-1223
-2670
-4464
-6281
-7949
-9354
-10592
-11371
-11199
-9712
-7139
-3984
-953
1824
4448
6542
7989
8466
8065
6944
5597
4340
3387
2720
2206
2037
2072
2292
2373
2244
1654
443
-1271
-3425
-5358
-6747
-7419
-7494
-6972
-5585
-3368
-670
1906
4078
5618
6517
6862
6795
6579
6026
5387
4733
4268
3886
3300
2589
1493
179
-1486
-3069
-4266
-4847
-5007
-4951
-4398
-3327
-1671
-192
894
1604
2008
2176
1860
1320
834
609
406
483
946
1682
2424
2490
2103
1218
-51
-1825
-4049
-6302
-8312
-9888
-11233
-11848
-11335
-9367
-6246
-2840
252
3017
5388
7182
8183
8026
7031
5499
3973
2827
2211
1876
1797
1913
2148
2481
2380
1925
840
-817
-2945
-5225
-6903
-7687
-7593
-7011
-5713
-3650
-866
1982
4346
6079
7037
7366
7209
6941
6555
5998
5148
4405
3851
3278
2441
1135
-264
-1820
-3341
-4681
-5371
-5352
-4880
-4124
-3034
-1409
202
1473
1979
2041
1752
1195
506
-231
-475
-427
71
774
1800
2752
3283
3032
1985
465
-1638
-3987
-6471
-8513
-10121
-11248
-11709
-10922
-8546
-5082
-1262
1945
4698
6746
8230
8858
8352
7107
5174
3431
2128
1574
1331
1169
1121
980
1003
700
182
-919
-2473
-4407
-6431
-7647
-7834
-6937
-5682
-4069
-1893
827
3626
5797
7180
7700
7723
7458
7064
6774
6124
5259
4123
3124
2160
850
-670
-2422
-3821
-5062
-5707
-5772
-5128
-3986
-2730
-1196
345
1855
2669
2852
2502
1866
1090
108
-515
-735
-360
244
931
1646
2112
2135
1363
0
-1899
-3983
-6187
-8137
-9609
-10702
-11074
-10613
-8629
-5413
-1574
2059
4869
7085
8458
9267
9135
8216
6532
4542
2995
2062
1740
1271
753
103
-404
-841
-1526
-2314
-3433
-4659
-6052
-6994
-6924
-5801
-3971
-2200
-381
1525
3557
5173
6133
6420
6126
5673
5105
4938
4747
4282
3467
2358
1403
301
-946
-2326
-3557
-4442
-4864
-4540
-3555
-2086
-684
679
1878
2939
3494
3332
2766
1863
932
-52
-741
-973
-737
-284
92
466
619
374
-434
-1727
-3204
-4735
-6183
-7486
-8416
-8989
-8999
-8375
-6574
-3690
-406
2682
4959
6859
7967
8494
8290
7364
5968
4143
2636
1576
1109
691
145
-501
-1216
-1759
-2486
-3115
-3914
-4684
-5413
-5805
-5213
-3852
-1884
-61
1864
3660
5153
6132
6456
6457
5984
5354
4525
4013
3581
2986
2046
816
-341
-1571
-2781
-4061
-5053
-5551
-5477
-4666
-3387
-1747
-155
1279
2465
3269
3552
3205
2549
1765
1009
277
-88
-26
319
710
943
1049
909
349
-906
-2621
-4346
-5778
-6912
-7815
-8550
-8992
-8627
-7348
-4894
-1827
1214
3663
5463
6880
7691
8054
7539
6437
4891
3421
2432
1779
1324
615
-198
-1149
-1875
-2485
-3144
-3816
-4675
-5226
-5536
-5020
-3828
-2149
-337
1280
2989
4400
5626
6092
6093
5693
5178
4671
4086
3638
2944
2102
890
-295
-1418
-2475
-3410
-4310
-4805
-4905
-4318
-3161
-1726
-354
725
1780
2583
3074
2868
2234
1435
651
59
-404
-434
-170
231
478
452
361
25
-818
-2168
-3839
-5189
-6089
-6678
-7124
-7553
-7393
-6410
-4077
-1234
1590
3859
5398
6629
7196
7434
6858
5838
4295
2750
1800
1214
1049
419
-348
-1310
-1989
-2430
-2923
-3337
-3974
-4289
-4542
-4004
-2781
-1117
551
1838
3289
4514
5567
5817
5478
4884
4239
3772
3284
2937
2277
1334
96
-1167
-2159
-3040
-3598
-4076
-4293
-4169
-3548
-2301
-936
229
890
1450
2052
2534
2524
1924
1173
469
-31
-356
-373
-152
-2
-69
-406
-677
-924
-1499
-2545
-3874
-4960
-5589
-5952
-6228
-6476
-6248
-5217
-2962
-231
2428
4399
5616
6410
6459
6250
5393
4384
2992
1645
764
308
389
74
-412
-1315
-2008
-2423
-2671
-2656
-2938
-2964
-3012
-2342
-1080
518
2107
3075
4114
4826
5522
5666
5401
4994
4257
3694
2899
2304
1393
188
-1251
-2772
-3833
-4578
-4702
-4633
-4318
-3842
-2986
-1665
-422
677
1222
1700
2120
2306
2234
1665
1097
442
-9
-330
-414
-343
-347
-515
-1009
-1426
-2017
-2640
-3425
-4283
-4897
-5417
-5583
-5772
-5580
-4819
-3105
-498
2253
4691
6056
6967
7116
6854
6003
4592
3155
1557
569
-136
-376
-596
-1096
-1738
-2592
-3176
-3748
-3884
-3910
-3614
-3062
-2326
-922
543
2252
3433
4380
5265
5840
6334
6202
6021
5616
5187
4575
3567
2461
961
-653
-2496
-3969
-4952
-5337
-5313
-5070
-4482
-3731
-2559
-1448
-536
98
546
1105
1573
1879
1813
1607
1341
1121
879
573
360
5
-382
-1115
-1831
-2510
-3284
-4027
-4891
-5315
-5595
-5800
-6105
-6215
-5681
-4278
-1749
1009
3822
5690
7003
7643
7581
7198
5936
4636
2949
1810
1055
669
452
-367
-1186
-2360
-3135
-3877
-4409
-4668
-4685
-4040
-3311
-1867
-457
1170
2447
3312
4312
5040
6021
6341
6378
6215
5960
5766
5057
3993
2375
540
-1403
-3162
-4460
-5173
-5270
-5095
-4549
-3889
-2917
-1893
-1169
-597
-355
139
568
882
971
725
653
697
847
1005
999
888
543
-17
-770
-1639
-2567
-3620
-4628
-5374
-5736
-5933
-6067
-6188
-5839
-4773
-2694
5
2683
4841
6035
6801
6838
6567
5710
4513
3245
2058
1419
1003
889
330
-524
-1677
-2784
-3416
-3939
-3990
-3979
-3472
-2774
-1788
-459
812
2064
2713
3439
4086
5170
6037
6426
6573
6258
6195
5432
4491
2935
1159
-570
-2440
-3591
-4443
-4565
-4590
-4441
-4073
-3457
-2515
-1824
-1106
-807
-274
246
690
924
426
97
-248
26
333
538
630
466
276
-282
-868
-1733
-2604
-3692
-4665
-5299
-5764
-5955
-6239
-5963
-5074
-3115
-432
2211
4506
5706
6436
6367
6109
5449
4451
3408
2319
1825
1387
1131
379
-757
-2086
-3361
-4038
-4568
-4529
-4434
-3798
-2934
-1869
-623
371
1397
1962
2693
3571
4833
5965
6656
6893
6817
6665
6036
5044
3524
1929
309
-1103
-2134
-2825
-3118
-3377
-3524
-3623
-3378
-2990
-2485
-2033
-1569
-914
-289
317
422
229
-118
-272
-64
197
402
440
379
130
-292
-920
-1676
-2526
-3450
-4257
-4904
-5364
-5829
-6222
-6233
-5429
-3550
-934
1685
3837
5068
5776
5974
5836
5446
4585
3751
2929
2550
2426
2070
1312
-64
-1464
-2701
-3409
-3905
-4078
-4063
-3793
-3195
-2589
-1647
-786
9
529
1021
1984
3497
5049
6166
6589
6691
6481
5814
4792
3289
1843
448
-765
-1607
-2170
-2260
-2345
-2579
-2767
-2704
-2283
-1758
-1384
-1071
-674
-268
109
-4
-292
-551
-615
-287
-15
439
712
793
520
-54
-722
-1475
-2205
-3053
-3769
-4428
-4923
-5374
-5791
-5829
-5281
-3661
-1507
801
2651
3763
4622
4973
5179
4928
4434
3910
3376
3068
2782
2386
1546
288
-1169
-2330
-3010
-3315
-3309
-3245
-2879
-2489
-1992
-1357
-819
-177
64
464
1228
2629
4159
5205
5760
5791
5786
5181
4393
3079
1800
660
-437
-1141
-1806
-2059
-2426
-2741
-2947
-2936
-2475
-1912
-1274
-911
-477
-180
43
7
-393
-622
-737
-268
246
753
1068
1009
880
335
-285
-1091
-1819
-2443
-3184
-3705
-4308
-4725
-5094
-5304
-4882
-3691
-1822
100
1738
2748
3438
3856
4109
4210
3991
3800
3451
3268
3063
2650
1976
695
-727
-2142
-3018
-3414
-3388
-3148
-2819
-2300
-1815
-1143
-544
-23
307
608
1316
2538
3811
4841
5200
5295
5173
4826
4249
3191
2143
1133
343
-370
-1123
-1873
-2559
-3045
-3421
-3423
-3208
-2595
-1842
-1274
-705
-466
-127
-120
-373
-655
-712
-208
349
888
1022
957
869
518
35
-701
-1384
-2011
-2594
-3149
-3725
-4188
-4646
-4875
-4713
-3827
-2232
-459
1157
2129
2727
3133
3451
3750
3760
3703
3521
3462
3464
3289
2759
1723
388
-1013
-2158
-2884
-3198
-3229
-3154
-2863
-2480
-1900
-1210
-648
-112
261
979
2154
3407
4637
4973
4912
4634
4248
4001
3209
2355
1466
856
486
29
-640
-1474
-2223
-2850
-3104
-3150
-2819
-2275
-1808
-1272
-1040
-660
-543
-616
-797
-856
-382
247
922
1064
1037
775
589
183
-351
-981
-1700
-2170
-2754
-3151
-3689
-4063
-4426
-4513
-4112
-3100
-1517
-57
1177
1769
2257
2695
3126
3478
3442
3348
3227
3329
3394
3175
2569
1461
271
-955
-1737
-2262
-2578
-2693
-2833
-2639
-2317
-1699
-1090
-597
-173
314
1340
2533
3840
4402
4408
4136
3665
3669
3267
2804
2097
1409
1159
782
393
-450
-1364
-2191
-2770
-2940
-2974
-2672
-2492
-2159
-1930
-1643
-1268
-1200
-1047
-1069
-663
-32
678
1207
1169
1110
834
701
450
-54
-554
-1242
-1703
-2218
-2678
-3106
-3507
-3691
-3746
-3379
-2599
-1503
-361
499
1034
1434
1863
2381
2753
2871
2812
2834
2971
3113
3024
2486
1676
667
-236
-882
-1337
-1611
-1950
-2139
-2183
-1925
-1407
-993
-591
-356
114
905
1838
2704
2948
2860
2633
2611
2868
2899
2714
2143
1692
1394
1078
691
-108
-849
-1510
-1819
-1896
-1852
-1800
-1954
-1977
-1998
-1727
-1498
-1403
-1354
-1330
-925
-382
267
635
725
786
786
905
806
547
150
-308
-643
-993
-1295
-1673
-1964
-2167
-2334
-2378
-2333
-2009
-1500
-860
-303
57
358
618
942
1166
1272
1243
1208
1327
1434
1542
1364
993
506
82
-129
-287
-415
-636
-797
-743
-406
46
322
436
452
587
819
1021
1083
933
871
882
1123
1342
1417
1279
893
588
225
45
-142
-297
-418
-560
-519
-447
-296
-238
-241
-215
-91
186
373
492
517
584
814
997
1183
1163
1018
903
805
836
724
512
265
26
-84
-221
-360
-543
-704
-867
-1104
-1392
-1712
-1949
-2127
-2280
-2414
-2524
-2535
-2486
-2343
-2187
-2032
-1881
-1783
-1681
-1575
-1442
-1294
-1154
-981
-750
-424
14
472
982
1417
1784
2068
2247
2338
2274
2095
1828
1559
1386
1356
1422
1514
1544
1513
1399
1244
1032
747
524
376
385
452
517
566
506
416
260
171
135
141
243
368
527
606
585
515
467
426
355
219
55
-24
-17
26
26
3
-44
-114
-186
-264
-322
-352
-414
-488
-626
-747
-845
-947
-1050
-1248
-1464
-1769
-2086
-2361
-2547
-2574
-2518
-2414
-2393
-2396
-2374
-2269
-2051
-1814
-1528
-1233
-873
-390
176
778
1300
1656
1876
1996
2089
2126
2053
1909
1685
1573
1542
1555
1556
1449
1302
1086
896
725
555
477
458
482
590
682
750
774
724
704
675
729
814
888
941
919
886
779
660
522
427
331
223
113
-1
-64
-136
-178
-279
-376
-461
-535
-534
-505
-433
-376
-336
-301
-282
-249
-234
-276
-428
-654
-933
-1241
-1578
-1938
-2262
-2516
-2633
-2644
-2614
-2563
-2488
-2336
-2104
-1789
-1416
-1011
-567
-152
245
597
878
1092
1254
1379
1441
1450
1401
1362
1336
1273
1140
937
707
499
328
201
124
91
114
217
385
577
763
888
955
981
1049
1178
1342
1490
1534
1479
1337
1216
1109
1051
985
904
853
862
902
887
810
634
402
161
-56
-248
-385
-439
-421
-381
-363
-380
-398
-400
-378
-371
-416
-495
-636
-842
-1109
-1442
-1779
-2099
-2417
-2730
-3044
-3259
-3285
-3130
-2846
-2527
-2213
-1890
-1514
-1058
-560
-116
212
422
577
772
1016
1267
1462
1565
1623
1651
1647
1543
1289
940
539
201
-46
-202
-275
-302
-254
-137
46
246
436
610
772
959
1179
1409
1606
1708
1681
1551
1365
1215
1113
1065
1057
1059
1089
1090
1102
1087
1017
879
658
438
253
167
162
167
109
1
-90
-117
-65
-30
-15
-40
-102
-196
-355
-581
-877
-1217
-1577
-1932
-2271
-2556
-2772
-2930
-3027
-3076
-3047
-2875
-2568
-2197
-1827
-1502
-1228
-975
-709
-424
-139
109
330
575
873
1195
1454
1588
1558
1415
1236
1015
758
466
194
-12
-116
-136
-116
-59
12
140
314
496
684
862
1033
1183
1278
1320
1311
1281
1264
1271
1279
1292
1299
1277
1221
1147
1078
1025
984
934
891
851
837
842
791
689
547
405
308
247
216
212
197
178
99
-25
-199
-446
-730
-1039
-1333
-1612
-1834
-1997
-2103
-2171
-2242
-2317
-2406
-2490
-2541
-2527
-2432
-2228
-1944
-1615
-1318
-1073
-832
-592
-283
58
365
569
673
732
799
852
870
799
642
477
358
254
147
29
-82
-97
-16
111
229
313
426
556
687
770
794
835
934
1100
1281
1443
1554
1591
1576
1496
1368
1216
1096
1003
924
881
872
931
1006
1011
930
797
654
522
421
350
301
278
259
224
197
144
31
-126
-321
-533
-729
-875
-974
-1051
-1085
-1121
-1198
-1293
-1409
-1518
-1656
-1824
-2016
-2200
-2350
-2431
-2362
-2162
-1838
-1476
-1181
-945
-783
-637
-484
-339
-218
-164
-152
-108
3
154
278
342
363
382
411
436
446
422
385
372
376
398
425
484
587
739
921
1072
1207
1319
1439
1533
1565
1571
1540
1520
1497
1472
1432
1388
1389
1383
1334
1223
1088
1002
958
921
852
740
615
500
417
373
293
152
-37
-225
-348
-429
-499
-603
-734
-851
-912
-933
-932
-952
-1006
-1069
-1147
-1242
-1365
-1515
-1704
-1906
-2079
-2212
-2291
-2318
-2244
-2065
-1813
-1552
-1384
-1317
-1297
-1252
-1128
-936
-743
-565
-393
-197
48
298
507
639
705
748
760
745
685
600
545
554
622
749
882
974
1057
1108
1135
1125
1093
1060
1077
1162
1262
1351
1414
1478
1546
1568
1519
1393
1268
1180
1110
1042
961
890
859
893
913
889
783
642
528
450
407
332
207
58
-66
-125
-151
-200
-302
-446
-580
-650
-695
-753
-870
-1024
-1190
-1336
-1461
-1594
-1750
-1913
-2079
-2237
-2399
-2549
-2635
-2582
-2388
-2131
-1907
-1769
-1673
-1565
-1382
-1129
-849
-554
-292
-68
147
339
510
651
778
885
976
1035
1047
1016
982
990
1009
1040
1061
1051
1026
1010
1015
1012
1025
1035
1107
1240
1398
1497
1506
1483
1458
1440
1345
1164
952
805
771
802
831
819
792
799
832
854
814
698
559
452
390
351
278
174
60
-36
-95
-139
-211
-342
-482
-605
-671
-723
-808
-936
-1094
-1233
-1376
-1518
-1673
-1811
-1921
-2024
-2142
-2288
-2439
-2528
-2455
-2269
-2033
-1834
-1699
-1587
-1474
-1302
-1074
-817
-570
-347
-129
121
408
666
835
920
946
948
928
883
823
744
673
645
667
692
700
699
721
796
876
958
1031
1120
1233
1331
1390
1382
1364
1360
1338
1282
1190
1126
1119
1142
1174
1182
1167
1116
1064
1007
915
813
668
503
378
279
197
100
-23
-132
-226
-301
-381
-483
-609
-713
-782
-828
-873
-912
-926
-947
-1003
-1101
-1242
-1396
-1507
-1591
-1678
-1807
-1981
-2140
-2231
-2222
-2134
-2015
-1901
-1800
-1666
-1464
-1182
-866
-588
-366
-172
35
256
474
617
685
686
677
683
667
621
541
462
446
498
558
617
657
682
747
860
963
1039
1113
1186
1268
1372
1488
1590
1658
1709
1727
1727
1693
1645
1579
1494
1404
1307
1209
1087
967
859
749
618
464
330
185
43
-94
-254
-392
-515
-603
-654
-705
-775
-840
-880
-919
-947
-957
-942
-920
-903
-921
-1001
-1094
-1187
-1301
-1430
-1579
-1730
-1873
-1995
-2059
-2027
-1889
-1715
-1563
-1428
-1295
-1114
-888
-657
-456
-283
-134
6
157
281
349
353
342
366
407
445
424
350
274
261
291
346
392
414
461
566
726
916
1085
1221
1337
1458
1606
1734
1830
1865
1861
1833
1781
1718
1612
1473
1336
1217
1136
1058
946
817
681
556
436
311
183
42
-92
-202
-291
-390
-484
-564
-625
-662
-678
-685
-686
-701
-735
-762
-783
-811
-868
-948
-1024
-1086
-1140
-1208
-1291
-1397
-1507
-1620
-1752
-1861
-1888
-1803
-1639
-1441
-1269
-1149
-1039
-918
-779
-612
-450
-305
-187
-73
56
180
280
353
392
421
437
408
360
313
285
310
367
429
504
613
745
903
1080
1233
1343
1422
1480
1545
1601
1607
1591
1540
1510
1495
1428
1324
1165
1010
905
841
793
714
607
507
452
383
284
165
31
-84
-164
-211
-279
-361
-428
-480
-514
-529
-568
-620
-682
-701
-690
-658
-641
-647
-686
-767
-840
-915
-996
-1074
-1152
-1246
-1360
-1518
-1683
-1788
-1805
-1709
-1530
-1359
-1234
-1146
-1060
-941
-774
-595
-415
-272
-149
-15
106
221
294
339
357
333
333
339
355
366
418
462
522
614
689
777
859
952
1045
1107
1130
1149
1192
1223
1243
1248
1248
1269
1281
1277
1223
1145
1060
994
952
905
853
783
742
728
702
631
512
388
261
138
19
-101
-239
-332
-380
-403
-409
-454
-512
-547
-563
-550
-517
-493
-508
-545
-576
-628
-704
-795
-903
-1020
-1152
-1277
-1410
-1572
-1710
-1801
-1790
-1687
-1541
-1384
-1250
-1129
-1014
-856
-665
-483
-325
-197
-81
34
151
237
293
330
348
371
396
397
386
377
372
392
433
488
545
610
700
793
869
909
957
1018
1094
1168
1213
1272
1307
1330
1323
1288
1228
1145
1077
999
941
861
780
715
658
582
471
361
242
131
31
-80
-222
-358
-452
-483
-499
-502
-531
-570
-578
-565
-512
-458
-442
-453
-479
-507
-520
-562
-659
-780
-910
-1037
-1145
-1250
-1397
-1573
-1708
-1751
-1690
-1542
-1382
-1267
-1161
-1042
-903
-725
-547
-395
-285
-177
-38
98
226
316
354
385
400
402
381
349
312
303
317
353
407
471
564
668
784
886
979
1045
1088
1120
1182
1257
1329
1387
1400
1395
1342
1266
1178
1080
981
901
831
757
707
646
569
471
353
240
146
43
-80
-206
-330
-387
-411
-407
-376
-368
-367
-354
-334
-298
-256
-242
-244
-277
-314
-356
-432
-546
-670
-808
-939
-1058
-1195
-1344
-1526
-1686
-1782
-1784
-1682
-1544
-1423
-1348
-1261
-1135
-954
-757
-597
-467
-361
-249
-121
4
90
155
194
203
198
189
190
187
199
228
280
353
436
538
654
793
921
1028
1108
1160
1178
1208
1260
1305
1335
1339
1329
1292
1230
1132
1045
973
916
869
814
751
693
625
535
429
317
215
105
-7
-104
-178
-236
-257
-246
-216
-191
-163
-135
-118
-106
-77
-56
-79
-124
-201
-271
-328
-425
-546
-696
-874
-1060
-1222
-1393
-1560
-1733
-1899
-1970
-1936
-1813
-1649
-1519
-1416
-1305
-1180
-1013
-842
-697
-570
-450
-324
-175
-27
71
138
171
170
178
183
200
236
285
346
392
481
582
701
827
936
1029
1093
1139
1167
1222
1271
1307
1340
1353
1363
1345
1292
1209
1103
1005
947
903
852
806
747
690
638
565
463
365
266
172
102
44
5
-11
-5
13
51
93
119
109
94
92
89
67
9
-74
-179
-273
-377
-491
-636
-817
-1011
-1202
-1392
-1566
-1739
-1918
-2041
-2075
-2010
-1872
-1720
-1600
-1505
-1405
-1281
-1113
-939
-792
-653
-520
-386
-260
-158
-97
-76
-61
-28
5
51
96
144
192
255
344
460
580
705
838
947
1051
1140
1206
1259
1304
1337
1362
1377
1376
1360
1320
1259
1186
1118
1062
1013
971
937
887
837
774
712
651
571
496
424
350
278
223
203
215
225
245
260
244
204
146
87
30
-18
-79
-173
-275
-392
-520
-641
-782
-957
-1127
-1307
-1484
-1649
-1809
-1957
-2095
-2179
-2178
-2094
-1967
-1826
-1704
-1595
-1479
-1341
-1163
-991
-852
-725
-602
-481
-371
-281
-222
-174
-135
-72
7
81
142
202
288
419
581
742
885
1003
1125
1244
1359
1430
1454
1468
1487
1502
1509
1504
1479
1436
1386
1328
1275
1224
1141
1066
1003
927
879
823
765
716
665
612
551
468
363
257
179
134
118
120
123
104
78
25
-44
-105
-165
-222
-285
-349
-438
-535
-652
-778
-920
-1072
-1209
-1360
-1504
-1640
-1767
-1892
-1997
-2053
-2033
-1952
-1829
-1675
-1543
-1405
-1273
-1141
-997
-875
-741
-617
-497
-406
-343
-287
-247
-183
-114
-36
42
97
165
257
392
547
712
865
997
1143
1267
1370
1456
1509
1544
1565
1603
1591
1573
1549
1485
1441
1393
1322
1256
1183
1101
1042
970
910
865
816
786
734
676
620
521
416
306
208
122
71
56
48
37
7
-49
-113
-198
-274
-328
-387
-424
-500
-583
-687
-810
-915
-1024
-1141
-1271
-1386
-1516
-1635
-1734
-1821
-1891
-1944
-1951
-1928
-1836
-1721
-1591
-1449
-1320
-1185
-1059
-925
-789
-650
-550
-458
-383
-318
-238
-159
-82
-9
75
131
229
365
503
658
810
950
1098
1243
1360
1453
1495
1531
1573
1585
1579
1563
1523
1483
1457
1429
1405
1355
1284
1216
1132
1041
992
932
895
851
806
773
704
624
523
406
272
159
62
10
-23
-42
-67
-131
-201
-276
-342
-395
-439
-493
-550
-608
-684
-760
-847
-932
-1042
-1169
-1293
-1429
-1538
-1629
-1707
-1793
-1861
-1917
-1952
-1926
-1848
-1735
-1625
-1490
-1371
-1263
-1147
-1027
-897
-777
-665
-555
-442
-332
-215
-107
13
118
229
370
526
683
830
971
1086
1200
1301
1384
1446
1488
1512
1533
1536
1529
1500
1457
1424
1385
1351
1321
1290
1249
1184
1122
1078
1019
973
939
910
863
815
761
684
594
498
393
276
180
95
17
-46
-104
-147
-213
-270
-301
-335
-366
-412
-485
-564
-633
-687
-743
-804
-871
-959
-1068
-1166
-1247
-1346
-1433
-1521
-1603
-1680
-1735
-1758
-1767
-1740
-1696
-1619
-1515
-1413
-1294
-1167
-1041
-902
-774
-622
-479
-337
-196
-66
56
154
277
394
527
669
786
896
994
1075
1155
1214
1247
1293
1313
1323
1343
1331
1316
1304
1286
1279
1272
1263
1244
1208
1165
1141
1100
1025
975
927
879
832
759
678
581
476
383
297
206
122
35
-63
-141
-190
-235
-266
-312
-375
-407
-437
-446
-463
-499
-549
-593
-640
-679
-712
-777
-845
-927
-1009
-1090
-1189
-1310
-1421
-1518
-1599
-1646
-1693
-1726
-1741
-1709
-1645
-1549
-1434
-1327
-1196
-1057
-894
-714
-520
-344
-180
12
173
331
498
631
739
839
930
1012
1076
1113
1151
1178
1190
1211
1219
1236
1264
1262
1254
1254
1250
1241
1248
1240
1232
1238
1242
1209
1165
1114
1025
941
861
783
704
628
533
451
372
280
202
124
34
-65
-146
-198
-257
-296
-327
-361
-402
-452
-491
-528
-564
-599
-611
-647
-700
-746
-794
-855
-909
-967
-1027
-1103
-1185
-1252
-1313
-1365
-1413
-1455
-1492
-1506
-1496
-1447
-1396
-1331
-1258
-1176
-1077
-956
-809
-660
-503
-347
-195
-37
111
244
360
474
566
645
712
780
838
875
927
957
988
1015
1042
1079
1109
1150
1193
1223
1228
1226
1213
1204
1204
1194
1166
1137
1087
1018
946
878
800
706
636
545
449
374
312
255
188
132
70
1
-65
-123
-164
-206
-236
-264
-296
-343
-408
-466
-528
-584
-625
-667
-702
-723
-744
-783
-830
-882
-932
-981
-1023
-1066
-1110
-1161
-1208
-1241
-1275
-1291
-1301
-1288
-1259
-1215
-1158
-1095
-1017
-927
-823
-711
-586
-441
-295
-149
-5
120
229
336
428
506
601
686
752
814
867
917
953
999
1033
1064
1103
1141
1168
1185
1200
1196
1191
1173
1156
1132
1088
1052
1022
985
937
873
806
745
666
591
517
441
375
310
251
196
138
87
37
-21
-79
-129
-179
-228
-271
-310
-351
-395
-460
-509
-553
-607
-644
-685
-723
-742
-762
-796
-836
-865
-912
-955
-971
-1004
-1043
-1081
-1102
-1122
-1132
-1143
-1140
-1119
-1082
-1035
-978
-907
-837
-746
-651
-541
-421
-290
-163
-42
64
159
272
374
455
523
591
656
714
751
784
828
861
886
913
954
976
1002
1014
1023
1031
1035
1048
1049
1041
1030
1009
972
912
859
803
754
702
627
561
485
423
357
281
207
145
94
43
2
-39
-91
-130
-170
-205
-236
-277
-319
-371
-431
-475
-505
-551
-595
-628
-657
-700
-734
-778
-827
-861
-913
-947
-970
-999
-1026
-1036
-1062
-1078
-1085
-1090
-1077
-1059
-1020
-973
-912
-841
-758
-688
-597
-484
-388
-289
-188
-87
14
113
201
282
357
420
484
535
583
640
692
743
806
860
912
945
982
1022
1053
1081
1106
1113
1114
1119
1107
1081
1049
1001
942
892
856
796
725
655
593
528
452
377
304
229
150
89
44
5
-31
-55
-87
-125
-168
-209
-227
-261
-302
-339
-363
-408
-462
-503
-544
-584
-640
-682
-734
-775
-809
-848
-887
-915
-935
-957
-959
-968
-961
-957
-941
-923
-902
-865
-823
-762
-714
-648
-583
-521
-464
-402
-335
-280
-225
-177
-129
-77
-18
32
81
144
205
268
333
409
478
531
599
663
717
758
796
828
847
874
901
910
911
918
915
899
882
866
840
807
775
745
713
673
632
590
540
494
437
386
331
270
215
176
131
74
23
-26
-78
-131
-171
-212
-261
-310
-354
-390
-438
-482
-517
-551
-578
-612
-635
-647
-664
-683
-699
-708
-720
-719
-707
-708
-715
-701
-671
-657
-652
-630
-596
-577
-541
-505
-470
-425
-391
-350
-332
-302
-269
-232
-191
-140
-70
-9
51
104
177
244
303
369
420
474
526
572
616
659
695
716
736
750
761
773
776
763
750
736
716
702
674
646
618
581
543
505
456
401
356
309
263
215
174
143
105
63
14
-25
-61
-98
-132
-167
-188
-219
-247
-273
-310
-347
-379
-405
-431
-450
-460
-462
-479
-503
-512
-516
-522
-527
-528
-530
-539
-548
-542
-529
-533
-530
-521
-500
-479
-453
-425
-408
-391
-366
-339
-317
-291
-265
-236
-224
-201
-168
-133
-85
-41
8
62
103
150
205
260
308
357
421
468
511
551
587
625
656
682
693
708
714
700
675
661
642
616
578
538
498
455
403
347
295
244
201
155
118
79
49
9
-22
-50
-86
-103
-126
-145
-162
-179
-191
-196
-219
-237
-258
-279
-297
-314
-335
-355
-360
-385
-394
-396
-391
-392
-389
-377
-365
-355
-343
-326
-323
-314
-309
-298
-293
-290
-279
-268
-258
-259
-246
-233
-227
-226
-214
-187
-166
-145
-107
-66
-29
8
60
103
142
191
237
286
329
363
381
407
434
450
465
472
476
475
471
462
451
434
421
410
388
377
346
310
272
236
205
169
133
107
87
57
41
29
16
-6
-21
-26
-47
-59
-67
-80
-95
-108
-125
-147
-172
-193
-209
-242
-260
-273
-294
-308
-312
-312
-317
-308
-300
-291
-284
-277
-266
-256
-253
-246
-242
-236
-223
-220
-211
-191
-179
-164
-152
-141
-127
-125
-119
-111
-98
-84
-57
-28
6
38
79
115
143
175
200
223
237
255
266
274
280
288
295
296
297
300
302
303
308
302
300
300
288
272
259
244
225
209
188
171
148
128
112
93
74
57
46
27
11
-8
-24
-41
-68
-90
-117
-144
-166
-186
-200
-214
-226
-232
-244
-251
-257
-263
-268
-273
-276
-270
-263
-256
-250
-246
-239
-230
-220
-208
-196
-180
-162
-144
-132
-119
-108
-98
-91
-82
-68
-56
-39
-28
-15
3
23
42
60
82
103
125
144
158
172
183
192
198
208
215
228
235
239
244
242
246
246
247
244
243
237
232
227
217
206
192
183
167
157
144
131
112
95
78
57
40
22
8
-9
-24
-41
-57
-72
-89
-101
-115
-129
-142
-157
-171
-184
-197
-210
-222
-237
-248
-263
-276
-285
-294
-295
-293
-286
-274
-260
-242
-224
-204
-184
-167
-151
-132
-118
-103
-90
-80
-68
-58
-44
-31
-17
-3
12
28
45
63
82
101
118
135
149
161
172
181
188
195
197
200
202
203
208
210
214
220
223
226
224
221
215
204
191
175
155
141
124
113
102
95
89
83
76
68
57
43
31
15
2
-13
-22
-35
-43
-52
-65
-78
-96
-114
-135
-157
-176
-194
-209
-218
-227
-232
-238
-241
-240
-237
-230
-222
-212
-201
-190
-179
-165
-151
-135
-119
-107
-92
-79
-65
-49
-36
-22
-11
-1
11
21
30
42
52
67
82
97
112
122
135
141
149
151
152
156
159
162
165
168
168
175
179
185
186
183
178
172
167
157
146
135
123
112
108
99
91
82
72
62
51
41
27
12
-1
-14
-28
-38
-53
-64
-77
-91
-106
-123
-140
-159
-176
-191
-205
-219
-225
-232
-232
-230
-226
-222
-219
-216
-212
-209
-205
-200
-193
-182
-173
-159
-143
-127
-105
-85
-63
-43
-25
-7
6
22
34
45
59
74
90
105
120
136
150
166
182
192
204
214
216
219
214
211
205
200
199
194
196
196
196
195
191
184
177
170
159
150
139
127
115
103
95
84
77
68
58
49
37
25
10
-6
-22
-38
-54
-72
-89
-108
-128
-149
-169
-189
-206
-221
-235
-244
-250
-253
-257
-256
-255
-254
-251
-249
-247
-246
-245
-245
-245
-239
-233
-222
-205
-186
-164
-137
-109
-82
-54
-29
-6
18
39
59
76
93
106
119
132
143
152
163
173
183
194
204
212
221
225
227
225
220
214
204
196
185
174
168
161
155
152
147
142
139
131
125
117
109
100
92
86
79
72
67
61
53
46
34
23
11
-6
-20
-36
-51
-65
-80
-93
-109
-123
-137
-152
-165
-175
-183
-187
-190
-191
-191
-194
-198
-204
-211
-216
-222
-223
-224
-221
-215
-205
-195
-182
-167
-151
-131
-111
-88
-66
-43
-21
-2
18
34
47
59
70
79
89
99
108
116
125
133
139
143
148
149
151
154
155
159
159
159
158
155
152
149
147
147
146
149
148
148
149
145
140
133
126
116
106
96
85
73
62
48
34
21
7
-7
-21
-36
-52
-67
-82
-95
-107
-117
-125
-132
-137
-143
-152
-159
-167
-175
-182
-187
-193
-195
-196
-194
-192
-189
-185
-177
-171
-163
-153
-142
-131
-118
-104
-90
-75
-60
-44
-29
-13
2
18
31
46
60
72
84
93
102
109
116
123
129
133
137
140
141
143
144
144
143
142
142
138
136
133
128
124
121
117
113
110
107
103
98
91
85
77
68
59
51
42
34
24
15
7
-1
-8
-15
-24
-33
-43
-53
-63
-71
-77
-80
-84
-86
-89
-91
-98
-104
-113
-121
-129
-136
-140
-142
-142
-142
-141
-141
-140
-137
-134
-129
-123
-115
-104
-93
-82
-70
-60
-49
-39
-31
-21
-12
-2
8
21
34
48
62
76
87
98
103
108
111
112
111
111
113
113
115
117
117
118
117
115
111
106
100
94
88
81
73
66
60
52
46
37
30
23
15
9
3
-3
-8
-11
-14
-15
-16
-18
-20
-23
-28
-35
-40
-46
-50
-53
-56
-57
-58
-60
-62
-63
-65
-70
-76
-80
-85
-91
-95
-100
-101
-101
-98
-94
-89
-83
-77
-71
-66
-61
-57
-50
-44
-37
-29
-22
-13
-4
4
13
22
31
39
47
54
59
63
66
70
72
74
77
79
81
82
82
82
81
78
76
73
70
68
63
60
55
50
45
40
37
32
28
25
23
19
16
12
8
4
1
-2
-5
-6
-7
-9
-10
-11
-13
-16
-18
-21
-24
-26
-28
-30
-29
-32
-33
-34
-35
-36
-38
-39
-41
-43
-45
-47
-48
-49
-48
-49
-46
-44
-42
-40
-37
-35
-33
-32
-30
-29
-27
-24
-22
-19
-15
-11
-8
-4
-2
1
3
5
8
11
14
15
16
18
17
19
20
22
23
25
26
27
29
30
32
31
32
34
35
37
37
36
36
34
33
31
30
27
27
26
24
23
22
19
16
14
11
10
7
7
4
3
2
1
-2
-2
-4
-6
-7
-9
-9
-10
-10
-10
-11
-11
-12
-11
-12
-11
-11
-12
-13
-13
-14
-14
-14
-13
-11
-11
-11
-11
-11
-13
-12
-14
-13
-14
-14
-12
-12
-12
-14
-15
-16
-17
-19
-20
-20
-20
-20
-20
-19
-18
-18
-17
-16
-15
-12
-10
-8
-5
-3
1
2
4
5
5
5
6
6
7
8
9
11
12
12
14
14
14
14
13
12
11
9
9
9
10
9
10
9
10
9
8
7
7
6
6
6
6
7
7
7
7
8
7
8
9
11
12
14
16
16
18
18
17
15
15
13
13
11
10
10
9
7
4
1
-1
-5
-8
-11
-13
-15
-15
-18
-18
-19
-21
-23
-23
-23
-24
-23
-23
-21
-20
-19
-17
-15
-14
-12
-10
-9
-8
-6
-5
-3
-3
-1
0
1
3
4
4
6
6
6
5
5
5
5
5
5
5
4
5
5
5
5
5
4
5
5
5
5
6
6
6
6
7
8
8
8
8
9
8
10
7
8
8
7
7
7
6
7
5
5
4
3
2
0
-1
-2
-4
-4
-6
-7
-8
-9
-10
-10
-10
-11
-11
-11
-13
-13
-13
-13
-13
-12
-11
-11
-11
-10
-9
-9
-7
-6
-5
-4
-3
-1
0
0
1
3
4
5
6
8
8
9
10
10
11
12
13
13
14
14
14
15
14
14
14
15
14
14
14
13
13
13
13
12
11
11
10
10
9
8
7
7
6
4
3
2
1
0
-2
-3
-4
-6
-7
-8
-9
-10
-11
-12
-14
-13
-16
-17
-17
-18
-19
-19
-20
-21
-21
-22
-22
-21
-22
-22
-22
-21
-20
-20
-18
-18
-17
-16
-15
-13
-11
-10
-8
-7
-4
-4
-1
0
2
3
5
7
9
11
13
13
14
15
16
17
18
19
18
19
19
20
20
20
20
20
19
19
19
17
17
17
16
15
15
14
14
12
11
10
9
8
6
5
5
4
2
1
0
0
-1
-3
-3
-5
-5
-6
-7
-8
-9
-10
-10
-12
-12
-12
-13
-14
-14
-14
-14
-15
-16
-15
-15
-15
-14
-14
-13
-13
-14
-13
-11
-11
-10
-10
-9
-7
-7
-5
-4
-3
-1
-1
1
1
2
3
4
5
6
6
7
7
8
8
10
9
10
10
9
9
9
10
10
10
10
9
9
8
8
8
7
7
6
6
6
5
4
5
4
3
3
3
2
2
1
1
0
-1
-1
-1
-2
-2
-1
-3
-3
-3
-4
-4
-4
-5
-5
-5
-5
-6
-6
-7
-6
-6
-7
-7
-7
-7
-7
-8
-7
-7
-6
-6
-5
-5
-5
-5
-4
-5
-3
-3
-2
-2
-1
0
1
1
2
1
2
3
4
4
4
5
6
5
5
6
6
6
5
6
6
6
6
5
5
4
5
4
4
3
3
2
2
2
2
1
1
1
1
0
1
0
0
0
0
-1
0
-1
-2
-1
-2
-1
-2
-1
-2
-2
-3
-2
-3
-3
-3
-3
-4
-5
-4
-4
-5
-4
-4
-5
-6
-5
-5
-5
-5
-6
-5
-5
-4
-4
-4
-4
-3
-3
-3
-2
-1
-1
0
1
0
2
2
2
3
3
3
4
4
5
5
5
4
5
4
4
5
6
5
6
5
5
5
5
4
5
5
4
4
3
4
3
4
3
2
2
2
2
3
1
1
0
1
0
0
0
0
-1
-1
-1
-1
-2
-2
-3
-3
-2
-3
-3
-3
-3
-4
-4
-4
-4
-4
-4
-5
-4
-4
-4
-3
-3
-3
-3
-2
-3
-3
-3
-1
-2
-2
-2
-1
-1
-1
0
0
0
0
0
0
1
1
0
1
1
1
0
1
0
1
1
0
1
1
1
2
1
1
1
2
2
1
2
2
2
2
2
2
2
1
2
1
2
1
0
1
1
0
0
0
0
-1
-1
-1
0
-1
-1
-2
-1
-2
-1
-1
-2
-2
-2
-2
-1
-2
-2
-2
-2
-2
-2
-2
-2
-2
-2
-2
-1
-1
0
0
-1
-1
0
0
0
0
0
1
0
1
1
1
0
1
2
3
2
2
1
2
2
2
3
3
3
2
3
2
3
3
3
2
2
2
3
3
2
2
2
2
1
1
2
1
2
1
1
1
1
1
1
0
0
0
0
0
0
0
0
-1
-1
-2
-1
-2
-2
-2
-2
-2
-2
-2
-2
-3
-2
-2
-3
-2
-2
-3
-2
-3
-2
-2
-2
-1
-2
-2
-2
-2
-1
-2
-1
-2
-1
-1
0
0
-1
0
-1
0
-1
0
0
0
1
1
1
0
0
1
2
1
1
2
2
2
2
2
1
2
2
2
1
1
1
1
1
2
2
2
0
1
1
1
1
1
2
1
1
1
2
1
1
1
1
1
0
1
0
0
0
0
1
0
0
0
0
-1
0
0
-1
0
0
-1
-2
0
0
-1
0
0
-1
0
0
0
0
0
-1
0
0
0
0
0
-1
0
0
0
-1
0
0
0
1
0
0
0
0
0
0
0
0
0
1
0
0
0
1
0
0
0
0
1
0
0
0
0
0
0
0
-1
-1
0
0
0
0
-1
0
0
0
0
-1
0
1
-1
-1
0
-1
-1
-1
0
1
-1
-1
-1
0
0
-1
-1
-1
0
-1
-1
-1
-1
-1
0
-1
0
0
-1
-1
-1
0
0
0
-1
0
-1
0
0
0
0
0
0
0
1
0
0
0
0
0
0
0
1
1
0
1
0
1
0
1
1
1
1
2
1
1
1
0
0
2
1
1
0
0
1
1
1
1
0
0
0
0
1
0
1
1
0
0
0
-1
0
0
0
-1
-1
0
0
-1
0
0
-1
0
0
-1
-1
0
-1
0
0
0
0
-1
0
-1
-1
-1
-1
0
0
0
0
0
0
-1
0
0
0
-1
0
0
0
-1
-1
0
0
0
0
-1
0
1
0
0
1
0
0
1
1
0
1
0
1
1
0
0
0
0
0
0
0
1
0
0
0
0
0
0
0
0
0
1
0
0
0
0
0
0
0
0
-1
0
-1
0
-1
0
0
0
-1
0
-1
0
-1
1
0
0
0
0
0
-1
0
-1
0
-1
0
0
0
0
-1
0
-1
0
1
0
0
0
0
0
0
1
0
0
0
0
0
0
-1
0
0
0
0
-1
0
0
0
1
0
1
1
0
0
0
0
0
0
0
0
0
0
1
0
1
0
-1
0
0
0
0
0
0
0
0
0
1
0
1
1
0
0
0
0
-1
0
0
1
0
0
0
0
0
0
0
0
0
0
0
1
0
0
0
0
0
0
0
0
0
0
0
-1
0
1
0
0
0
0
0
0
0
-1
1
0
0
0
1
0
1
0
0
0
0
0
0
0
-1
0
1
0
0
0
1
0
0
0
0
-1
1
1
0
0
1
0
0
0
0
0
0
0
0
-1
0
0
0
0
1
0
0
0
0
0
0
-1
-1
1
0
0
1
0
0
-1
0
-1
1
0
1
0
0
0
0
1
-1
0
0
0
0
0
0
0
0
0
0
0
0
0
0
-1
0
0
0
0
1
0
0
0
0
0
0
0
0
-1
0
0
0
-1
0
0
1
0
-1
0
0
0
0
1
1
1
0
0
-1
0
0
-1
0
0
0
0
-1
0
0
0
0
0
0
1
0
0
0
0
0
1
0
0
0
0
0
0
0
-1
0
-1
0
-1
0
0
0
0
-1
0
0
0
0
0
0
0
0
0
1
0
0
0
0
0
0
0
0
0
0
0
0
0
0
-1
0
0
0
1
0
0
0
0
-1
0
-1
0
1
0
0
1
0
0
0
0
0
0
0
0
0
0
1
-1
0
-1
0
0
-1
0
0
0
0
-1
0
0
0
0
0
1
0
0
0
0
0
0
0
-1
0
0
0
0
0
0
-1
0
0
0
0
0
0
-1
0
-1
0
-1
0
0
1
0
0
0
0
0
0
0
0
0
0
0
0
1
0
0
0
0
1
0
-1
0
1
0
0
0
0
0
0
0
-1
-1
0
0
0
1
0
-1
0
0
-1
0
0
0
-1
0
0
1
0
0
0
0
0
0
1
0
0
0
0
1
0
0
0
1
1
0
0
0
0
0
0
1
0
1
0
0
0
1
0
0
0
-1
1
1
0
-1
0
0
0
0
0
0
0
0
0
0
0
1
0
1
0
0
0
0
0
-1
0
1
0
0
-1
0
-1
0
0
-1
0
0
0
0
0
0
0
0
0
0
0
0
0
0
0
0
0
0
0
0
0
0
0
0
0
0
0
0
0
0
0
0
0
-1
0
0
0
0
0
0
0
-1
0
0
0
0
0
0
0
0
0
0
0
0
0
0
0
0
0
0
0
0
0
0
1
-1
0
0
0
0
0
0
0
1
0
0
0
0
0
-1
0
0
0
0
0
0
0
0
0
0
-1
-1
-1
-1
0
-1
0
0
0
0
0
0
-1
-1
0
-1
0
0
0
-1
0
0
0
0
0
0
0
1
0
0
0
0
0
0
0
0
0
0
1
1
0
0
0
0
0
0
0
0
0
0
0
1
0
0
0
0
0
1
1
0
0
0
0
0
-1
0
0
0
0
0
0
1
0
0
1
0
0
0
1
0
0
1
0
1
1
0
0
0
0
0
0
0
0
0
0
1
0
1
1
-1
0
0
0
0
0
0
0
0
0
0
0
1
0
0
1
0
0
0
1
0
0
0
-1
0
0
0
0
0
0
0
0
0
0
1
0
0
0
-1
-1
0
0
0
0
0
0
0
0
0
0
-1
0
1
0
0
0
0
0
0
0
-1
0
1
0
0
0
0
-1
0
-1
-1
0
0
0
0
1
0
0
0
0
0
0
0
0
1
1
0
1
-1
0
0
0
0
0
0
0
0
0
0
0
0
0
0
0
0
0
0
0
0
0
0
0
0
0
0
0
0
-1
1
0
1
0
0
1
0
0
0
0
0
1
-1
0
0
0
0
0
1
0
0
-1
0
0
0
-1
1
0
0
1
-1
-1
0
0
0
0
0
0
0
0
0
0
0
-1
0
0
0
0
0
0
0
0
1
0
-1
-1
0
0
0
-1
0
0
0
0
0
-1
0
0
0
0
-1
0
0
0
0
0
0
0
0
0
0
0
0
0
0
-1
0
0
0
0
0
0
0
0
0
1
0
0
0
0
0
0
0
0
0
0
0
0
0
0
0
0
0
0
0
0
0
-1
0
0
0
0
0
0
0
0
0
0
0
0
0
1
0
0
0
0
0
0
0
1
0
0
0
1
1
0
0
0
-1
1
1
0
0
0
0
0
0
0
1
0
0
0
1
0
0
0
0
0
-1
0
0
0
0
0
0
0
0
0
0
-1
-1
-1
0
0
0
0
-1
0
0
0
0
0
0
0
0
0
1
0
1
0
0
0
0
0
0
1
-1
0
1
-1
0
0
0
0
0
0
0
-1
0
0
0
-1
0
-1
0
0
0
0
0
-1
0
0
0
0
0
0
-1
0
0
0
0
0
0
0
0
-1
-1
0
0
0
0
0
1
0
0
0
0
0
-1
0
0
0
0
0
0
0
0
0
1
0
1
0
0
1
-1
1
0
0
0
-1
-1
0
0
0
-1
0
-1
0
0
0
-1
0
0
0
0
1
0
0
0
0
0
0
1
0
1
0
0
0
0
0
0
1
0
0
0
1
1
0
0
0
0
0
0
0
0
-1
1
0
0
0
0
0
0
0
1
0
0
-1
0
0
0
-1
-1
0
0
1
0
-1
0
0
0
0
0
0
-1
-1
0
0
-1
1
0
1
0
0
0
0
0
0
1
0
0
0
-1
0
0
0
0
0
1
-1
0
0
0
0
0
0
0
0
0
1
0
0
0
0
0
0
-1
0
0
-1
0
0
-1
0
0
0
0
0
0
0
0
1
0
0
-1
1
0
0
-1
-1
0
0
0
1
-1
0
0
0
-1
1
0
0
0
1
-1
0
0
0
0
0
0
0
0
0
0
0
-1
0
0
0
0
0
0
0
0
0
0
1
-1
0
0
-1
1
0
0
0
0
0
0
0
0
0
0
0
0
0
0
-1
0
0
0
0
0
0
