0
0
0
1
0
0
1
0
1
0
0
1
0
0
0
0
1
0
0
-1
0
0
1
1
0
0
-1
0
-1
-1
0
0
0
1
1
0
-1
0
1
0
0
0
0
1
0
1
-1
0
1
0
0
0
-1
0
0
0
1
0
-1
0
-1
-1
0
0
1
0
0
0
1
1
0
0
1
1
-1
0
-1
0
0
0
1
0
0
0
0
-1
0
0
-1
0
0
-1
-1
1
0
0
0
0
-1
0
1
0
0
0
-1
1
0
1
0
1
-1
0
0
0
-1
0
0
0
0
0
0
0
0
0
0
0
0
0
0
0
0
0
1
0
0
0
0
1
0
0
0
0
0
0
0
0
0
0
0
0
0
0
0
0
0
0
0
0
1
0
0
0
0
-1
0
0
1
0
0
0
0
0
-1
0
0
0
0
0
0
-1
0
0
-1
0
0
0
-1
0
0
0
0
-1
0
0
0
0
0
0
0
0
0
0
0
0
0
0
0
-1
0
0
0
-1
0
-1
0
-1
0
0
0
0
1
0
0
0
0
-1
1
0
0
0
0
0
1
0
0
0
0
0
0
1
0
0
0
0
-1
0
-1
0
0
0
0
0
0
0
0
0
0
0
0
0
0
0
0
0
1
0
1
1
0
1
0
0
0
0
0
1
0
1
0
0
0
1
0
0
-1
0
0
1
0
-1
0
0
0
0
-1
-1
1
0
0
1
0
0
1
0
0
0
-1
1
0
0
0
0
0
0
-1
0
0
0
0
0
0
0
0
0
0
0
0
0
0
0
0
0
0
0
0
-1
0
-1
0
-1
0
0
0
0
0
-1
0
-1
1
0
0
0
0
0
-1
0
-1
0
-1
0
0
0
0
-1
0
-1
0
1
0
0
0
0
0
0
1
0
0
0
0
0
0
-1
0
0
0
0
0
0
0
0
1
0
1
1
0
0
0
0
0
0
0
0
0
0
1
0
1
0
0
0
0
0
0
0
1
0
0
0
1
0
1
1
0
0
0
0
-1
0
0
1
0
0
0
0
0
0
0
0
0
0
0
0
0
-1
0
0
0
0
0
0
0
0
0
-1
0
1
0
0
0
0
0
0
0
-1
1
0
0
0
1
0
1
0
0
0
0
0
0
0
-1
0
1
0
0
0
1
0
0
0
0
-1
1
1
0
0
1
0
0
0
0
0
0
0
0
-1
0
0
0
0
1
0
0
0
0
0
0
-1
-1
1
0
0
1
0
0
-1
0
-1
1
0
1
0
0
0
0
1
-1
0
0
0
0
0
0
0
0
0
0
0
0
0
0
-1
0
0
0
0
1
0
0
0
0
0
0
0
0
-1
0
0
0
-1
0
0
1
0
-1
0
0
0
0
1
1
1
0
0
-1
0
0
-1
0
0
0
0
-1
0
0
0
0
0
0
1
0
0
0
0
0
1
0
0
0
0
0
0
0
-1
1
-1
0
-1
0
0
0
0
-1
0
0
0
0
0
0
0
0
0
1
0
0
0
0
0
0
0
0
0
0
0
0
0
0
-1
0
0
0
1
0
0
0
0
-1
0
-1
0
1
0
0
1
0
0
0
0
0
0
0
0
0
0
1
-1
0
-1
0
0
-1
0
0
0
0
-1
0
0
0
0
0
1
0
0
0
0
0
0
0
-1
0
0
0
0
0
0
-1
0
0
0
0
0
0
-1
0
-1
0
0
0
0
1
0
0
0
0
0
0
0
0
0
0
0
0
1
0
0
0
0
1
0
-1
0
1
0
0
0
0
0
0
0
-1
-1
0
0
0
1
0
-1
0
0
-1
0
0
0
-1
0
0
1
0
0
0
0
0
0
1
0
0
0
0
1
0
0
0
1
1
0
0
0
0
0
0
1
0
1
0
0
0
1
0
0
0
-1
1
1
0
-1
0
0
0
0
0
0
0
0
0
0
0
1
0
1
0
0
0
0
0
-1
0
1
0
0
-1
0
-1
0
0
-1
0
0
0
0
0
0
0
0
0
0
0
0
0
0
0
0
0
0
0
0
0
0
0
0
0
0
0
0
0
0
0
0
0
-1
0
0
0
0
0
0
0
-1
0
0
0
0
0
0
0
0
0
0
0
0
0
0
0
0
0
0
0
0
0
0
1
-1
0
0
0
0
0
0
0
1
0
0
0
0
0
-1
0
0
0
0
0
0
0
0
0
0
-1
-1
-1
-1
0
-1
0
0
0
0
0
0
-1
-1
0
-1
0
0
0
-1
0
0
0
0
0
0
0
1
0
0
0
0
0
0
0
0
0
0
1
1
0
0
0
0
0
0
0
0
0
0
0
1
0
0
0
0
0
1
1
0
0
0
0
0
-1
0
0
0
0
0
0
1
0
0
1
0
0
0
1
0
0
1
0
1
1
0
0
0
0
0
0
0
0
0
0
1
0
1
1
-1
0
0
0
0
0
0
0
0
0
0
0
1
0
0
1
0
0
0
1
0
0
0
-1
0
0
0
0
0
0
0
0
0
0
1
0
0
0
-1
-1
0
0
0
0
0
0
0
0
0
0
-1
0
1
0
0
0
0
0
0
0
-1
0
1
0
0
0
0
-1
0
-1
-1
0
0
0
0
1
0
0
0
0
0
0
0
0
1
1
0
1
-1
0
0
0
0
0
0
0
0
0
0
0
0
0
0
0
0
0
0
0
0
0
0
0
0
0
0
0
0
-1
1
0
1
0
0
1
0
0
0
0
0
1
-1
0
0
0
0
0
1
0
0
-1
0
0
0
0
1
0
0
1
-1
-1
0
0
0
0
0
0
0
0
0
0
0
-1
0
0
0
1
0
0
0
0
1
0
-1
-1
0
0
0
-1
0
0
0
0
0
-1
0
0
0
0
-1
0
0
0
0
0
0
0
0
0
0
0
0
0
0
-1
0
0
0
0
0
-1
0
0
0
1
0
-1
0
0
0
0
0
0
0
0
0
0
0
0
-1
0
1
-1
1
1
-1
0
0
0
0
-1
1
-1
1
0
0
0
0
0
0
0
-1
0
-1
1
1
-3
2
0
-2
2
-1
1
1
-1
0
-1
-1
1
0
1
-1
-1
3
-2
0
2
-1
0
1
-1
1
0
0
-1
0
2
-5
5
-1
-3
4
-2
0
1
1
-2
4
-4
0
3
-7
6
-3
-1
2
-3
2
1
-3
2
0
-1
0
0
2
1
-3
4
-1
-4
4
-1
0
-1
3
-4
3
0
-3
4
1
-8
10
-3
-5
7
-4
0
2
-1
-3
6
-7
3
3
-5
2
-2
3
-2
-1
3
3
-8
5
6
-15
14
-6
-2
6
-6
2
2
-5
1
2
1
-5
2
9
-16
14
-2
-9
13
-6
-9
18
-13
-3
17
-20
13
-4
-3
6
-5
8
-14
20
-15
-1
18
-24
17
-5
-4
3
2
-5
4
1
-5
2
0
3
-6
3
5
-12
10
0
-14
23
-19
3
9
-10
0
7
-1
-12
24
-26
13
8
-26
28
-13
-2
8
-2
-4
7
-1
-5
10
-9
2
2
-2
2
-8
14
-11
-2
14
-20
16
-10
7
-4
1
10
-27
35
-24
0
18
-20
7
2
2
-12
18
-14
0
14
-19
13
-6
5
-8
5
3
-13
22
-27
26
-10
-10
20
-12
0
-2
19
-29
21
-4
-9
12
-11
12
-16
19
-18
7
11
-28
28
-11
-4
1
14
-19
4
19
-29
22
-6
-7
5
10
-26
21
6
-38
42
-18
-16
31
-22
-1
20
-22
9
13
-28
26
-7
-17
33
-35
24
-12
3
-1
-6
17
-27
29
-20
7
0
-1
4
-15
26
-19
-9
41
-49
19
29
-59
49
-15
-14
19
-3
-12
14
-2
-10
9
6
-16
3
28
-49
38
-5
-18
17
-5
6
-23
36
-28
-3
36
-52
43
-19
-10
25
-22
10
0
-10
19
-18
-1
27
-48
50
-31
-4
36
-45
36
-24
15
1
-32
65
-68
29
23
-48
33
-5
-11
8
0
1
-10
15
1
-34
60
-52
9
40
-60
39
6
-38
32
-7
-2
-10
18
-7
-8
8
4
-13
5
27
-67
87
-76
43
-5
-30
67
-97
102
-63
-12
77
-90
41
26
-60
53
-31
23
-23
13
7
-22
29
-28
16
-3
9
-34
44
-13
-33
49
-43
51
-65
34
36
-70
37
2
4
-28
19
11
-24
16
-13
10
17
-48
43
3
-30
8
13
25
-91
100
-30
-50
76
-60
39
-20
2
-1
21
-24
-12
58
-72
54
-24
-11
54
-82
72
-27
-20
46
-47
27
3
-27
28
-4
-31
50
-41
-2
48
-54
6
61
-89
57
2
-41
35
8
-48
46
10
-88
131
-115
65
-11
-35
74
-95
82
-40
-15
63
-84
82
-67
55
-43
25
-2
-30
60
-71
60
-50
42
-21
-8
23
-17
14
-28
40
-33
15
9
-32
44
-32
7
8
-4
5
-30
57
-43
-15
60
-51
7
29
-41
39
-25
3
11
-10
12
-45
83
-72
5
48
-36
0
-5
53
-96
93
-59
21
15
-58
94
-88
30
36
-64
47
-15
-7
19
-31
35
-10
-29
34
1
-32
18
26
-49
13
54
-88
69
-47
68
-100
67
32
-114
115
-65
21
11
-53
79
-62
20
-5
18
-11
-40
87
-72
0
57
-40
-31
76
-46
-28
74
-61
11
43
-64
26
52
-106
81
5
-75
65
1
-32
-11
73
-94
66
0
-77
122
-107
53
6
-49
68
-69
63
-60
51
-21
-14
35
-34
44
-81
111
-93
39
9
-56
115
-159
149
-99
43
13
-66
89
-65
22
-8
34
-42
-16
90
-103
53
5
-53
91
-104
85
-55
46
-58
78
-64
-11
109
-146
99
-20
-22
23
-1
-36
64
-40
-34
79
-38
-37
60
-27
3
-16
15
35
-74
45
10
-31
31
-52
69
-45
-2
24
-2
-27
11
35
-52
27
-8
31
-68
82
-42
-49
148
-189
147
-56
-15
25
-7
22
-72
93
-51
-12
42
-20
-34
84
-93
41
45
-93
54
53
-141
129
-25
-70
84
-67
89
-100
13
126
-174
93
8
-48
57
-80
91
-54
5
6
7
18
-77
92
-23
-62
80
-55
40
-12
-67
147
-144
84
-49
44
-13
-35
29
32
-49
-35
124
-98
-5
57
-56
76
-107
67
36
-103
92
-62
71
-109
138
-139
104
-16
-100
148
-76
-16
-2
96
-138
94
-12
-75
156
-174
93
9
-12
-59
40
111
-223
160
-11
-66
67
-64
51
4
-51
34
22
-49
12
75
-156
188
-154
52
88
-182
160
-67
-7
39
-49
38
-13
21
-71
97
-40
-71
148
-152
110
-49
-43
138
-132
-9
163
-174
31
136
-199
133
-5
-103
135
-68
-61
145
-97
-68
227
-261
160
-18
-52
43
-40
81
-109
92
-72
65
-36
-23
67
-52
-7
28
44
-145
160
-63
-59
118
-116
102
-83
33
14
1
-39
13
83
-149
100
37
-144
149
-69
-29
82
-48
-39
68
7
-98
95
-12
-43
12
63
-96
58
11
-61
75
-64
20
53
-95
44
57
-106
78
-29
0
10
-23
45
-64
77
-79
62
-29
-14
74
-123
108
-29
-41
56
-28
-17
63
-86
65
-7
-64
128
-183
206
-152
10
132
-154
68
-3
20
-64
87
-100
102
-60
-31
101
-68
-41
106
-79
33
-17
-23
139
-223
123
107
-229
112
100
-189
115
-9
-35
45
-41
5
14
32
-76
21
83
-83
-59
183
-136
-42
175
-167
58
55
-84
2
123
-172
87
56
-133
93
15
-104
127
-86
18
6
32
-49
-23
107
-86
-23
106
-90
14
38
-54
68
-84
72
-17
-60
96
-33
-91
164
-141
69
0
-67
147
-155
22
167
-249
185
-53
-107
220
-180
29
67
-21
-68
56
85
-183
96
96
-199
153
-53
-25
37
57
-178
157
22
-192
210
-112
31
-43
68
-13
-84
132
-136
147
-157
105
21
-132
186
-183
138
-52
-29
12
94
-156
98
36
-141
168
-158
135
-77
-34
149
-206
183
-86
-91
239
-211
54
88
-118
77
-40
-28
125
-158
88
15
-53
21
26
-37
2
55
-118
115
-22
-70
80
-25
-62
171
-227
145
90
-313
339
-143
-83
174
-139
73
-37
6
36
-50
-11
46
7
-61
62
-66
90
-47
-67
114
-30
-93
116
-5
-130
179
-135
62
23
-125
190
-143
-1
106
-136
144
-106
-47
247
-304
116
171
-315
221
-21
-100
103
-51
1
25
-16
3
-18
58
-93
46
99
-177
97
39
-58
4
26
-3
-80
131
-81
-79
224
-256
170
30
-213
185
-3
-137
152
-45
-114
242
-250
158
23
-205
244
-105
-75
152
-124
17
102
-133
21
120
-183
201
-189
90
76
-207
225
-179
157
-204
213
-65
-136
222
-110
-51
92
43
-243
298
-160
-41
151
-118
-11
81
7
-174
256
-159
-39
220
-332
318
-160
-66
192
-158
44
43
-68
71
14
-206
368
-325
53
245
-376
340
-213
57
91
-195
212
-185
192
-200
169
-84
-52
162
-199
194
-204
220
-239
221
-44
-274
490
-389
42
210
-130
-190
421
-333
3
312
-383
199
41
-97
-47
167
-89
-93
144
57
-317
354
-108
-252
435
-340
97
124
-207
125
46
-163
159
-54
-53
74
-97
197
-260
161
57
-196
121
76
-178
138
-65
-7
75
-90
52
19
-92
116
-116
94
-13
-126
236
-245
211
-154
57
59
-142
177
-171
112
-52
36
-28
-49
207
-309
234
-60
-61
73
-40
31
-28
12
4
-26
78
-120
80
13
-135
253
-232
100
3
-40
12
59
-124
144
-86
-45
227
-329
273
-124
-15
44
-21
60
-118
136
-115
66
-24
-14
83
-145
107
50
-181
122
70
-242
261
-72
-159
257
-225
102
71
-142
63
6
27
-113
162
-156
123
-81
8
97
-139
95
-35
19
-64
119
-136
93
-42
22
-13
9
30
-136
238
-220
30
232
-339
198
32
-189
184
-45
-108
203
-179
36
122
-187
136
-70
103
-167
135
15
-171
184
-48
-94
83
82
-226
243
-133
-50
155
-108
1
46
62
-255
323
-183
-6
71
-10
-60
-10
228
-372
281
-57
-98
89
4
-85
105
-23
-85
133
-152
163
-159
85
49
-140
120
38
-203
186
2
-218
323
-267
119
-6
-23
24
-50
157
-278
332
-320
248
-117
-60
209
-254
178
-50
8
-51
99
-113
57
7
-27
34
-16
-43
53
11
-93
141
-149
169
-190
145
-19
-185
318
-225
-9
227
-260
71
141
-204
125
51
-229
292
-194
-30
234
-329
289
-118
-87
216
-222
96
76
-144
53
109
-183
119
42
-180
159
-30
-86
100
35
-203
247
-139
-6
63
-77
77
-20
-51
50
15
-67
26
90
-180
134
67
-247
287
-150
-59
130
-68
15
-60
158
-170
40
151
-252
205
-21
-242
391
-290
-7
255
-264
86
61
2
-155
146
43
-173
150
-60
-12
18
39
-108
135
-115
54
10
-33
70
-153
193
-134
66
-73
86
-53
-73
214
-186
-15
258
-373
265
87
-475
546
-260
-156
367
-179
-199
354
-165
-82
179
-148
39
36
6
-75
63
2
-86
139
-92
-1
47
-24
-17
-4
54
-26
-71
132
-128
70
-34
74
-98
-9
204
-334
286
-116
-56
127
-108
81
-76
113
-143
179
-198
85
145
-340
344
-182
41
-30
100
-179
151
22
-197
259
-268
296
-326
262
-80
-90
191
-173
47
63
-85
-11
230
-325
140
147
-281
174
20
-147
87
105
-198
54
209
-383
296
-1
-237
223
-17
-131
57
171
-258
108
77
-184
144
55
-174
80
106
-222
163
73
-310
302
-114
-46
191
-283
266
-245
154
23
-171
242
-145
-44
81
63
-200
201
-33
-171
195
-90
18
-95
209
-283
245
-56
-131
229
-192
119
-18
4
-148
277
-281
141
11
-73
48
-55
166
-300
365
-333
144
141
-346
299
-128
65
-28
-29
46
-32
79
-119
35
97
-181
179
-53
-145
241
-165
47
13
-36
29
-56
127
-166
126
-66
62
-48
-18
33
10
-64
78
11
-151
146
-7
-11
-126
320
-332
80
156
-159
-51
229
-128
-195
404
-366
134
167
-348
241
16
-251
243
71
-374
313
59
-340
296
27
-294
339
-74
-248
351
-188
-53
80
122
-323
262
-67
-160
271
-318
299
-180
4
115
-89
23
-29
66
-46
28
44
11
-195
328
-358
241
17
-297
538
-604
431
-91
-300
462
-326
-5
284
-323
140
24
-30
-24
-89
300
-364
236
15
-229
353
-277
47
187
-217
30
278
-461
289
84
-423
484
-251
-74
215
-112
-92
161
-80
-82
234
-288
143
114
-267
296
-99
-166
256
-193
130
-79
43
28
-98
114
-54
-15
-52
201
-250
131
35
-169
137
30
-243
313
-113
-161
361
-363
192
55
-182
61
96
-168
112
65
-140
97
-42
55
-71
6
49
-155
216
-197
81
81
-183
172
-99
64
-71
114
-162
157
-11
-110
182
-342
481
-459
189
257
-532
489
-248
57
-6
22
-40
-93
206
-123
-28
119
-186
121
-23
-17
54
-60
53
-22
-92
156
-70
-161
291
-285
132
44
-56
-60
115
25
-190
287
-243
147
-47
-51
238
-360
330
-154
-76
214
-232
107
55
-70
-49
159
-150
46
40
-7
-58
41
36
-58
71
62
-127
130
-120
39
170
-305
283
-118
-83
232
-101
-259
445
-363
127
181
-460
400
-59
-327
453
-276
-120
482
-610
452
-226
-84
303
-252
87
99
-120
12
136
-237
200
-140
69
-18
-27
112
-282
306
-148
-93
125
-65
-151
238
-172
21
105
-140
41
17
-44
38
-23
58
-81
129
-138
29
161
-271
320
-80
-249
455
-284
-43
320
-281
125
30
-172
149
-102
106
-30
54
-116
-11
149
-166
153
-174
35
151
-307
382
-203
-43
259
-341
177
-45
-48
131
-188
191
-31
-184
339
-278
47
295
-493
318
87
-390
526
-366
119
203
-411
315
-71
-160
310
-173
-113
302
-284
-20
228
-252
94
103
-316
439
-256
69
53
-299
338
-334
178
150
-324
359
-84
-354
494
-288
-109
463
-477
170
318
-540
372
-144
-113
295
-347
217
-30
-236
332
-203
-147
317
-413
198
104
-433
489
-173
-213
489
-432
38
469
-488
216
394
-645
665
-94
-367
815
-542
174
300
-176
49
282
-178
-104
467
-582
299
-97
-113
110
-127
-48
9
166
-313
264
-228
215
56
-204
218
27
117
17
333
-133
84
202
-236
414
34
-81
114
45
-302
88
185
-541
280
67
-420
228
-27
-240
157
34
-105
120
124
-233
217
-59
-96
-181
105
-81
-312
480
-623
167
-156
-160
-77
-236
52
-339
424
-357
98
2
-130
-47
-29
181
-280
221
-129
98
66
85
-245
377
62
-193
441
-240
169
33
-55
159
225
-186
318
-157
29
311
-380
227
-299
76
-32
31
-187
-150
178
-465
252
-162
-180
3
25
-126
-10
31
-86
3
-173
-41
-5
38
-249
-14
-100
-160
184
-228
4
48
-165
181
-25
-58
96
93
83
118
242
72
91
262
-36
368
244
-60
365
162
243
135
106
67
-14
176
38
60
68
52
86
97
13
82
73
-12
67
88
164
61
62
46
44
-44
71
-68
11
80
-144
224
-225
-59
28
-365
-126
-217
-202
-169
-167
-250
28
-94
-121
-57
-185
-214
-54
-43
-221
-20
-86
-149
-168
-110
-265
-151
-234
-330
-150
-294
-154
-333
-317
-138
-255
-114
-121
-90
-103
98
-121
27
121
-93
235
-28
189
185
128
288
55
280
184
175
189
210
76
194
250
117
282
67
139
117
115
221
74
259
156
279
398
226
260
229
215
327
209
262
229
109
290
127
110
100
-27
34
24
-58
41
-38
-89
-131
-191
-131
-131
-148
-113
-118
-221
-62
-196
-274
-300
-224
-188
-285
-209
-317
-271
-276
-409
-358
-415
-490
-589
-604
-664
-669
-659
-748
-629
-702
-613
-655
-637
-592
-597
-471
-429
-400
-422
-123
-266
-175
-90
-225
-24
-53
22
129
184
109
146
115
134
251
294
456
430
607
670
606
809
827
1031
1219
1310
1510
1494
1583
1606
1579
1553
1607
1652
1662
1769
1621
1553
1408
1211
1037
823
760
651
724
563
446
202
108
-14
-190
-164
-282
-191
-258
-331
-333
-540
-694
-717
-771
-779
-813
-957
-954
-1104
-1117
-1309
-1489
-1634
-1883
-1924
-2200
-2298
-2553
-2785
-3045
-3355
-3598
-3880
-4011
-4196
-4241
-4426
-4711
-5126
-4789
-3393
-1861
-701
-712
-405
482
1988
3163
3581
3911
4476
5612
6322
6496
6148
5811
5237
4800
4566
4294
4113
3283
1951
754
33
-528
-1128
-2054
-2704
-2807
-2612
-2595
-3260
-3905
-4060
-3697
-3088
-1989
-749
140
785
1005
1989
2406
2854
3303
3661
4568
5109
5649
5216
4377
3480
3127
3007
2667
2313
1676
1578
1038
655
-49
-966
-1346
-1447
-1110
-1115
-1118
-1435
-1685
-1891
-1929
-1781
-1982
-2231
-2261
-1845
-1621
-1898
-2374
-2910
-3273
-3590
-3824
-4171
-4564
-5116
-5614
-6030
-6326
-6770
-7366
-7977
-8322
-6363
-3563
-1232
-1199
-1844
-496
1742
4412
5201
5277
5721
7264
8926
9171
8559
7285
7082
6482
5938
5418
4959
4455
2496
463
-1089
-1341
-1549
-2414
-3547
-4065
-3445
-3101
-3520
-4867
-5289
-4518
-3356
-2129
-1247
-251
553
666
390
589
2064
3656
4342
4266
4746
5990
6227
5416
3975
3459
3767
4271
4057
3125
2267
1263
924
400
-390
-1029
-1001
-454
28
148
-133
-364
-729
-642
-154
135
52
-395
-705
-744
-848
-1503
-2515
-3433
-3659
-3442
-3645
-4328
-5491
-6355
-6650
-6902
-7203
-7789
-8118
-8535
-8552
-8367
-8787
-9278
-9668
-6772
-2845
620
1132
137
1766
4325
7985
8668
8671
9043
10839
12726
12183
10765
8544
8187
7194
6202
5279
4477
3733
887
-2098
-4403
-4689
-4655
-5640
-6748
-6949
-5259
-4426
-4986
-6519
-6806
-5091
-2781
-788
367
1911
3173
3759
3303
2975
4030
5372
5871
5809
6281
7387
7265
5423
3219
2452
3113
3321
2681
1541
1096
938
576
-236
-1320
-1681
-1198
-12
681
1055
973
609
412
466
789
753
480
105
-18
27
-458
-1728
-3247
-4244
-4557
-4476
-4695
-5589
-6395
-6810
-6854
-6864
-7111
-7702
-7990
-8050
-7686
-7350
-7567
-7395
-8025
-7958
-8520
-6490
-2131
1747
3732
1971
3158
5577
9743
11180
10002
9810
10822
13534
13026
11203
8041
6638
5790
4224
2918
1367
798
-1845
-4960
-7703
-8299
-7258
-7462
-8019
-8344
-6076
-3693
-3029
-4400
-5285
-3158
-136
3099
4714
6155
7541
7718
6886
5567
5862
6537
6517
5642
5046
5356
4928
2849
-422
-2030
-1497
-346
-316
-1252
-1595
-1044
-349
-509
-1020
-893
340
1972
3156
3644
3598
3165
2661
2309
2127
1891
1168
83
-896
-1366
-1817
-2994
-4741
-6190
-6659
-6358
-6387
-6923
-7530
-7726
-7109
-6532
-6087
-6109
-6140
-5842
-5320
-4513
-4267
-4067
-4261
-3978
-3986
-4083
-4882
-3850
731
4836
6705
4253
3954
6195
9708
10650
8275
7451
8601
11111
10128
7168
3768
2333
1851
311
-623
-1652
-1695
-3671
-6766
-8618
-8245
-5759
-5082
-5403
-5301
-2461
852
1439
-325
-1514
968
4560
7214
7431
7273
7678
7551
6261
4335
3859
3944
3582
1893
716
722
401
-1332
-3956
-4329
-2684
-812
-630
-1428
-1188
-18
1335
1568
1327
1497
2636
3874
4263
3847
2825
2170
1681
1334
751
28
-959
-2056
-2808
-3133
-3312
-4059
-5213
-6136
-6085
-5549
-5192
-5620
-6028
-5724
-4878
-3946
-3569
-3637
-4047
-4168
-3867
-3331
-3179
-3402
-3858
-3611
-3601
-4094
-5391
-4540
-121
4231
5602
2776
2371
4724
8724
9319
6796
5858
7472
10301
9313
6347
2910
2064
1897
693
-399
-1222
-1056
-2653
-5126
-6938
-6204
-3753
-3085
-3782
-3936
-902
2400
3031
950
-527
1615
4849
7174
6884
6358
6568
6320
4875
2539
1645
1506
1021
-609
-1662
-1142
-834
-2019
-4443
-4573
-2384
-343
9
-571
170
1708
2944
2983
2348
2200
2769
3746
4002
3496
2344
1434
1032
579
0
-1065
-1983
-2791
-3022
-2750
-2798
-3434
-4725
-5618
-5495
-4779
-4441
-4832
-5158
-4876
-4295
-3806
-3601
-3911
-4117
-4383
-4198
-3881
-3554
-3637
-4089
-4435
-4862
-5174
-5598
-2733
1745
5231
4524
2448
3346
6799
10096
8897
6723
6508
9253
10757
8638
4841
1889
1620
1153
242
-1109
-1731
-2458
-4553
-6432
-7124
-5404
-3679
-3510
-4022
-2465
1338
3665
3018
632
849
3746
6943
7808
6789
6295
6095
5467
3349
1383
338
-209
-1222
-2352
-2318
-1679
-1605
-3417
-4899
-3990
-1370
565
365
449
1793
3953
4731
4159
3270
3202
3985
4363
4291
3282
2256
1411
605
-429
-1584
-2534
-3456
-3875
-3742
-3282
-3306
-4263
-5497
-6090
-5478
-4641
-4323
-4331
-4262
-3596
-2559
-2113
-2485
-3272
-3641
-3653
-3087
-2733
-2865
-3392
-3868
-4193
-4749
-5784
-6344
-3279
1409
4547
3061
1191
2462
6276
8768
7067
5072
5835
9069
10106
7711
3988
2061
2064
1589
508
-728
-897
-1496
-3418
-5272
-5551
-3466
-1910
-2143
-2963
-1290
2331
4270
3016
454
853
3625
6251
6272
4991
4560
4478
3578
1170
-833
-1441
-1438
-2165
-3089
-2713
-1197
-879
-2738
-4232
-2908
51
1839
1491
1440
2970
4798
5055
3616
2416
2403
3438
4076
3740
2638
1415
562
-221
-1065
-2095
-2845
-3224
-3125
-2623
-2281
-2510
-3671
-4994
-5565
-4846
-3643
-3306
-3494
-3594
-3030
-2188
-2221
-3021
-4085
-4419
-4161
-3680
-3679
-3968
-4467
-4981
-5185
-5797
-6601
-7212
-4256
764
4623
4233
2234
3034
6209
9281
8524
7123
7526
10063
11119
8951
5540
2788
2290
1485
615
-387
-674
-1297
-3483
-5354
-6204
-4440
-2909
-2831
-3261
-1842
1738
3741
3092
580
452
2554
5068
5987
5015
4598
4249
3498
1173
-879
-1792
-2022
-2271
-2510
-1480
-178
-345
-2426
-3772
-2340
282
2001
1894
1964
3172
4483
4644
3492
2578
2418
3150
3652
3493
2675
1582
576
-213
-734
-1507
-2280
-2871
-3053
-2852
-2643
-2944
-4143
-5367
-5901
-5377
-4475
-4243
-4515
-4649
-3972
-3242
-3141
-3949
-4622
-4922
-4541
-4127
-3886
-4040
-4510
-4881
-5360
-5769
-6335
-3537
669
4590
4405
2716
3168
6015
9346
8653
7042
6746
9506
10977
9178
5444
2514
2192
1673
990
-512
-1134
-1660
-3213
-4750
-5566
-4311
-3084
-2819
-3169
-1941
1230
3495
3311
1049
522
2111
4503
5175
4224
3836
3972
3670
1573
-791
-2336
-2365
-2133
-1731
-924
-323
-484
-1800
-2418
-1430
398
1805
2193
2809
4121
5286
5127
3773
2615
2595
3472
3928
3721
2672
1705
977
160
-828
-2224
-3056
-3376
-3096
-2911
-3202
-3860
-4873
-5743
-6240
-5814
-5227
-4847
-4783
-4566
-3932
-3732
-3920
-4405
-4688
-4683
-4637
-4394
-4291
-4467
-4663
-5159
-5358
-6087
-4821
-761
3908
6128
4302
3569
5232
8808
9957
8453
7604
8894
11052
9959
6884
3418
2070
1417
270
-690
-1575
-1770
-3412
-5462
-6790
-6154
-4050
-3079
-2911
-2704
-31
2984
3975
2293
432
1634
4156
6196
5447
4506
4357
4082
2273
-765
-2316
-2583
-1952
-1940
-1512
-731
-471
-1247
-2468
-1864
-111
1731
2447
3067
4412
5713
5956
4530
3005
2299
2920
3673
3778
3071
1688
600
-552
-1570
-2954
-3950
-4140
-3916
-3453
-3452
-3928
-4798
-5689
-6313
-6244
-5562
-4717
-4205
-4004
-3887
-3621
-3690
-4054
-4193
-4006
-3770
-4067
-4310
-4340
-4362
-4725
-5864
-6289
-3164
2104
5805
5310
3316
3844
6915
9596
8890
7217
7477
9614
10193
7714
4118
1769
1451
879
-293
-1509
-1872
-2227
-4086
-6098
-6858
-5314
-3411
-2727
-2665
-1133
2338
4447
3649
931
288
2482
5433
6384
5259
4623
4304
3207
202
-2444
-3362
-2513
-1720
-1431
-683
-256
-508
-1843
-2078
-738
1367
2632
2977
4068
5761
6868
5991
4114
2441
2154
2883
3399
3156
2058
948
-166
-1183
-2789
-4661
-5476
-5029
-3935
-3388
-3582
-4277
-5037
-5494
-5412
-4817
-4314
-3836
-3510
-2757
-2117
-2151
-2830
-3591
-3590
-3271
-3100
-3412
-3913
-4267
-4845
-5312
-6384
-5532
-1668
2841
5201
3603
2795
3936
7490
8974
7498
6044
6772
9086
8479
5599
1858
956
1287
864
-685
-2344
-2404
-2896
-3888
-5428
-5701
-4355
-3007
-2187
-1421
1244
3936
4772
2784
586
1147
3693
6293
6044
4971
4431
4234
2552
-831
-3295
-3605
-2240
-1132
-437
-489
-893
-1746
-2588
-1995
-564
1109
1767
2509
3886
5408
5731
4291
2392
1513
2407
3251
3383
2353
1179
330
-480
-1560
-3223
-4367
-4605
-3930
-3237
-3191
-3799
-4487
-4756
-4713
-4500
-4253
-3782
-3220
-2843
-2513
-2497
-2607
-3127
-3579
-3694
-3792
-4101
-4708
-5215
-5656
-6542
-7046
-3822
1180
4719
3165
904
1850
6035
9225
8137
6180
6479
9031
9116
6222
2332
865
1581
1536
478
-976
-1389
-1778
-2934
-4118
-4671
-3702
-2583
-1915
-1277
1057
4300
5591
3967
1062
1077
3649
6322
6302
4538
4065
4534
3723
256
-3012
-3978
-2981
-2182
-2157
-1606
-825
-874
-2023
-2453
-1141
634
1710
2099
3243
5076
6054
5135
3171
1983
2247
2960
3143
2622
1724
879
217
-569
-2053
-3926
-4842
-4198
-3129
-2924
-3633
-4547
-5007
-4881
-4681
-4463
-4364
-3848
-3571
-2980
-2730
-3049
-3690
-4089
-3870
-3791
-4231
-5285
-6016
-6318
-6682
-7407
-5167
-309
3717
3400
878
1193
4564
8179
7839
6058
6257
8754
9564
6812
2955
771
1205
1287
327
-1158
-1678
-1527
-2169
-3358
-4356
-3872
-2599
-1567
-898
981
4078
5711
4707
2038
1537
3713
6273
6319
4243
3754
4838
4943
1635
-2555
-4431
-3528
-2064
-1833
-1653
-1266
-979
-1764
-2289
-1355
293
1642
1998
3004
4771
6230
5593
3660
2270
2166
2963
3236
2880
1753
1113
718
13
-1431
-3395
-4435
-4115
-3198
-3129
-3807
-4586
-4756
-4744
-4977
-5224
-5097
-4383
-3683
-3196
-3010
-3138
-3575
-3796
-3930
-4046
-4260
-4679
-5274
-5704
-6557
-6396
-2919
1592
4106
2062
852
2720
6772
8605
6661
5159
6486
9363
8712
5442
1923
1188
1537
595
-1186
-2627
-2162
-1902
-2572
-3821
-4419
-3527
-2281
-1053
128
2617
5048
5707
4382
2710
3400
5300
6473
5074
3478
3973
5319
4256
-93
-3972
-4948
-3416
-2616
-2690
-2606
-1817
-1109
-1476
-1484
-768
281
808
1757
3903
6197
6916
5196
3219
2379
2827
3126
2631
1949
1271
1106
506
-705
-2650
-4403
-5079
-4639
-3919
-4036
-4590
-5299
-5539
-5723
-5686
-5446
-4945
-4497
-4159
-3657
-3141
-2876
-3278
-3669
-3865
-3943
-4064
-4884
-5416
-6268
-5768
-2406
2040
4710
2770
1063
1817
5805
8046
7062
5160
5469
7621
7350
5106
1741
806
696
-120
-1568
-2515
-1681
-1309
-2098
-3946
-4643
-3410
-1336
167
736
2362
4471
6244
5720
4202
3960
4972
6089
5267
4245
4245
4913
3570
136
-3046
-3985
-3084
-2844
-3002
-2856
-1464
-150
47
-255
-240
632
1606
2902
4429
5907
6119
5249
4032
3007
2548
1571
740
361
769
904
-13
-1638
-3270
-4289
-4752
-4836
-4880
-4616
-4365
-4331
-4633
-5276
-5750
-5550
-5066
-4383
-3997
-3567
-3018
-2714
-2538
-3024
-3375
-3918
-4113
-4699
-4990
-5383
-5160
-2401
1274
4151
3086
1588
1830
4954
7657
7349
5697
5041
6410
6597
5093
2382
806
386
-538
-1635
-2456
-1973
-1834
-2767
-4170
-4714
-3453
-1806
-620
-306
1019
3236
5160
5443
4371
3950
4560
5652
5407
4639
4465
4728
3819
1230
-1272
-2330
-1899
-2029
-2502
-2203
-664
676
663
45
78
1000
1702
2032
2622
4026
5119
4914
3766
2433
1511
657
-49
-286
14
119
-490
-1499
-2572
-3609
-4465
-4923
-5088
-4929
-4637
-4348
-4410
-4876
-5436
-5553
-4922
-4393
-4169
-4330
-3944
-3120
-2729
-2759
-3355
-3472
-4040
-4775
-5708
-5362
-2000
2298
5287
4214
2646
2797
5279
7346
6824
5494
5017
6282
6421
4944
2358
736
-168
-1718
-3153
-3866
-2844
-1998
-2391
-3534
-4134
-3170
-1987
-1045
-552
1141
3511
5435
5744
4617
4243
4626
5482
5243
4575
4532
4925
4112
1636
-669
-1655
-1446
-2073
-2889
-2421
-602
1020
1075
751
1077
2040
2153
1902
2220
3663
5101
5231
4566
3338
2228
728
-664
-1507
-1405
-957
-857
-1187
-2177
-3430
-4614
-5177
-5487
-5754
-5593
-4971
-4120
-4125
-4810
-5493
-5447
-4842
-4478
-4069
-3753
-2900
-2519
-2359
-2729
-3079
-3634
-4493
-4910
-4789
-1705
2274
5607
5285
3433
2952
4349
6497
6262
5235
4334
5205
5370
4316
2375
702
-62
-1527
-2614
-3567
-3294
-2777
-2651
-2705
-2848
-2180
-1549
-946
-603
705
2690
4098
4375
3434
3303
3874
4828
4554
3679
3300
3533
3242
1603
257
-483
-464
-1292
-2025
-1615
58
1721
2098
2171
2667
3390
3248
2699
2441
2988
3687
3803
3829
3435
2516
879
-881
-1875
-2238
-2294
-2379
-2282
-2466
-3052
-3941
-4603
-4983
-5587
-6010
-5980
-5294
-4770
-4796
-4990
-4991
-4954
-5054
-5065
-4643
-3948
-3313
-2915
-2774
-3019
-3659
-4640
-4901
-2512
1547
5247
6046
5564
5439
6593
7283
6440
5060
4401
4964
4852
4090
2472
1300
165
-1349
-2753
-3544
-3549
-3741
-3744
-3306
-2249
-1215
-873
-738
-250
1436
3300
4252
3988
3152
2952
3452
4076
4077
3786
3648
3464
2362
583
-547
-578
-428
-1119
-2006
-1535
255
1908
2248
2004
2480
3583
4288
4211
4099
4201
4133
3671
3272
3111
2731
1663
149
-1146
-1958
-2402
-2708
-2999
-3241
-3377
-3519
-3814
-4202
-4941
-5787
-6320
-6262
-5882
-5641
-5608
-5470
-5155
-5024
-5108
-5346
-5133
-4621
-3987
-3623
-3459
-3335
-3593
-4142
-4684
-3090
461
4566
6418
5980
5743
6599
8109
7833
6336
4598
4260
4343
3732
2608
1466
878
-272
-1606
-2864
-3520
-3790
-3941
-3747
-3164
-2212
-1454
-792
-121
1146
2862
3957
3973
2999
2423
2790
3612
3869
3553
3251
3191
3057
2223
1225
508
337
-180
-1060
-1300
-220
1583
2673
2946
3075
3683
4096
3879
3427
3210
3303
3126
2904
2729
2649
2237
1214
-24
-1146
-1938
-2716
-3340
-3743
-3829
-3957
-4163
-4476
-5066
-5738
-6375
-6857
-7262
-7402
-7233
-6828
-6270
-5836
-5569
-5663
-5675
-5566
-5269
-4919
-4754
-4564
-4460
-2834
330
4102
6199
6647
7154
8634
10443
10509
8920
6755
5612
4883
3854
2512
1358
694
-323
-1571
-3019
-3960
-4518
-4780
-4786
-4553
-3993
-3152
-1786
-14
1953
3586
4329
4380
3825
3397
3252
3469
3586
3393
3214
3063
2832
1911
825
-164
-656
-1150
-1742
-2080
-1795
-819
348
1510
2490
3504
4227
4729
5032
5142
5093
4606
4089
3673
3410
2990
2228
1456
566
-371
-1580
-2674
-3520
-4251
-4684
-5005
-5046
-5176
-5453
-5859
-6256
-6539
-6841
-7053
-7179
-7007
-6797
-6334
-5781
-5306
-4932
-4894
-4860
-4810
-4864
-5033
-5295
-4275
-1489
2185
4900
5849
6462
7692
9673
10414
9685
7790
6317
5482
4577
3613
2317
1737
1267
805
-356
-1739
-2790
-3406
-3580
-4060
-4389
-4396
-3346
-1740
44
1576
2658
3423
3470
3108
2613
2528
2643
2503
2215
2064
2338
2486
2244
1627
1170
891
471
16
-223
51
512
962
1565
2487
3469
4246
4685
4906
4858
4278
3423
2681
2356
2057
1565
974
474
131
-395
-1060
-1958
-2799
-3611
-4345
-4950
-5596
-6107
-6519
-6618
-6723
-6929
-7086
-7051
-6906
-7106
-7421
-7619
-7268
-6637
-6049
-5592
-5335
-5178
-5180
-4213
-2040
950
3170
4366
5499
7343
9622
10736
10521
9239
8191
7241
6065
4643
3071
2039
1258
887
198
-613
-1438
-2037
-2475
-3294
-4154
-4799
-4395
-3392
-2159
-1040
106
1419
2422
3075
3201
3248
3130
2775
2334
2031
2141
2233
2272
2156
2117
2059
1794
1356
872
607
422
395
526
844
1319
1896
2624
3314
3902
4151
4056
3569
2944
2367
1875
1429
852
319
-90
-179
-268
-628
-1342
-2296
-3213
-4081
-5029
-5966
-6631
-7032
-7240
-7319
-7362
-7362
-7212
-7100
-7125
-7318
-7396
-7173
-6688
-6074
-5703
-5595
-5283
-3819
-1251
1384
3101
4220
5643
7585
9132
9672
9305
8704
8009
6976
5532
4174
3342
2813
2184
1386
604
82
-329
-742
-1471
-2460
-3383
-3762
-3562
-3080
-2467
-1812
-958
-3
940
1798
2461
2855
2763
2412
2092
1943
1852
1711
1741
1948
2182
2429
2647
2869
2850
2523
2087
1852
1843
1762
1606
1506
1767
2275
2725
2957
2882
2468
1872
1380
1096
731
179
-419
-731
-818
-844
-1032
-1426
-1949
-2616
-3362
-4248
-5064
-5896
-6584
-7039
-7162
-7013
-6736
-6356
-6140
-6166
-6393
-6517
-6357
-6029
-5879
-6041
-6322
-5962
-4533
-2361
-282
1226
2531
4198
6355
8105
8982
8973
8604
8081
7250
6109
4836
3876
3275
2890
2393
1884
1519
1355
1076
290
-858
-2052
-2814
-3145
-3190
-3204
-3148
-2830
-2147
-1173
-165
742
1414
1842
2027
2004
1897
1720
1596
1544
1611
1791
2224
2848
3448
3878
3986
3939
3762
3379
2855
2220
1719
1624
1776
1937
1862
1584
1229
921
673
290
-302
-796
-991
-914
-785
-819
-943
-1067
-1249
-1596
-2102
-2691
-3346
-4128
-5018
-5805
-6187
-6158
-6023
-5985
-6071
-6092
-5960
-5693
-5444
-5392
-5441
-5452
-5326
-5254
-5053
-4413
-3102
-1496
-118
1142
2679
4714
6586
7736
7936
7633
7201
6626
5939
5150
4371
3569
2941
2608
2509
2437
2124
1739
1269
740
48
-717
-1430
-1951
-2283
-2610
-2811
-2820
-2384
-1642
-820
-132
307
710
1101
1500
1736
1832
1944
2112
2391
2678
3144
3748
4249
4464
4460
4350
3996
3340
2468
1799
1500
1492
1369
934
424
50
-142
-349
-617
-977
-1190
-1256
-1197
-1092
-1022
-996
-1045
-1224
-1595
-2032
-2472
-2973
-3549
-4203
-4702
-4960
-4969
-4935
-5080
-5331
-5498
-5356
-5098
-4939
-5045
-5260
-5295
-5077
-4870
-4796
-4514
-3707
-2489
-1291
-233
947
2567
4319
5635
6154
6096
6006
6022
5855
5313
4548
3852
3409
3164
2982
2775
2515
2230
1981
1656
1258
756
225
-269
-828
-1479
-2108
-2443
-2330
-1912
-1521
-1272
-948
-363
448
1187
1680
1915
1992
2160
2475
2974
3429
3691
3819
3955
4120
4171
3931
3483
3018
2590
2281
1939
1530
949
242
-448
-1032
-1332
-1476
-1512
-1541
-1477
-1287
-923
-487
-288
-367
-761
-1183
-1610
-2092
-2673
-3343
-3913
-4270
-4380
-4392
-4473
-4718
-5049
-5205
-5100
-4864
-4802
-4996
-5197
-5111
-4744
-4293
-4029
-3969
-3779
-3174
-2016
-769
275
1160
2219
3544
4765
5418
5433
5236
5131
5109
4890
4472
3912
3409
3040
2694
2431
2168
2002
1815
1534
1156
814
614
344
-205
-1023
-1674
-1812
-1702
-1695
-1781
-1599
-953
-140
470
879
1325
1853
2253
2430
2668
3093
3588
3864
3917
3889
3838
3635
3286
2949
2696
2416
1951
1374
775
215
-312
-802
-1269
-1553
-1697
-1667
-1483
-1206
-851
-486
-244
-338
-673
-1097
-1480
-1977
-2677
-3447
-3968
-4198
-4285
-4503
-4744
-4830
-4800
-4799
-4933
-5148
-5279
-5324
-5396
-5386
-5292
-5081
-4826
-4508
-3900
-2832
-1550
-407
531
1502
2783
4100
5094
5572
5695
5730
5744
5662
5324
4744
4031
3393
2970
2652
2340
2020
1848
1764
1552
1112
583
197
-115
-530
-1144
-1631
-1796
-1697
-1536
-1348
-971
-362
358
1019
1599
2082
2464
2743
2972
3152
3332
3543
3732
3722
3578
3301
2995
2615
2166
1750
1416
1225
967
603
122
-283
-614
-826
-989
-1107
-1159
-1073
-808
-510
-342
-431
-653
-937
-1195
-1490
-1927
-2523
-3193
-3868
-4378
-4711
-4923
-5158
-5383
-5427
-5317
-5193
-5339
-5715
-6051
-6108
-5920
-5776
-5735
-5494
-4730
-3383
-1794
-392
828
1997
3425
4936
6121
6779
6924
6910
6850
6638
6086
5223
4257
3420
2827
2324
1847
1433
1152
822
360
-174
-622
-932
-1294
-1791
-2331
-2554
-2401
-2089
-1722
-1347
-711
195
1166
1978
2538
2964
3351
3731
3976
4162
4270
4195
3926
3580
3341
3096
2743
2135
1478
990
711
540
272
-59
-273
-255
-50
151
150
79
29
9
-3
-78
-172
-340
-684
-1232
-1850
-2352
-2751
-3234
-3908
-4607
-5165
-5539
-5816
-6133
-6382
-6531
-6674
-6781
-6839
-6916
-6943
-6930
-6942
-6812
-6254
-4969
-3207
-1410
320
2151
4310
6532
8170
8821
8741
8407
8104
7679
6872
5712
4463
3388
2655
2065
1540
1140
808
521
42
-602
-1267
-1859
-2413
-2974
-3528
-3694
-3396
-2738
-1972
-1224
-317
760
1909
2977
3761
4225
4395
4410
4372
4354
4335
4125
3712
3266
2987
2755
2372
1741
976
323
20
-16
49
120
199
502
970
1481
1919
2172
2192
2005
1588
1086
529
-166
-937
-1691
-2294
-2728
-3148
-3804
-4613
-5417
-6102
-6709
-7293
-7787
-8151
-8390
-8567
-8677
-8724
-8675
-8613
-8476
-7962
-6784
-4902
-2970
-1234
551
2746
5424
7820
9344
9938
9970
9897
9549
8591
6947
5033
3295
2106
1363
863
589
407
285
-51
-753
-1539
-2225
-2652
-2992
-3317
-3439
-3213
-2541
-1717
-934
-8
1072
2263
3372
4178
4789
5053
4832
4382
3929
3716
3407
2723
1995
1534
1494
1537
1310
715
28
-408
-431
-204
13
167
437
1103
2191
3333
4207
4515
4412
4046
3523
2840
1830
619
-702
-1913
-2815
-3527
-4162
-4917
-5772
-6587
-7278
-7829
-8427
-9172
-9992
-10651
-11019
-11058
-10812
-10516
-10041
-8882
-6610
-3690
-1115
933
2986
5750
8722
10902
11587
11296
10684
10077
8940
7108
4804
2717
1119
43
-732
-1403
-1858
-2110
-2258
-2611
-3113
-3469
-3489
-3307
-3141
-2849
-2114
-877
631
2043
3341
4581
5717
6503
6823
6811
6274
5318
4135
3193
2634
1982
948
-136
-884
-1213
-1410
-1726
-2130
-2483
-2487
-2000
-1122
-104
921
1928
3117
4589
5942
6807
6939
6560
5902
5080
4074
2816
1306
-329
-1821
-3028
-3938
-4777
-5799
-7031
-8117
-8920
-9427
-10048
-10833
-11635
-12168
-12272
-12116
-11869
-11176
-9481
-6553
-3207
-387
2079
4759
8065
11071
12711
12647
11709
10700
9586
7761
5230
2476
227
-1272
-2280
-2970
-3503
-3789
-3812
-3946
-4332
-4810
-5031
-4856
-4432
-3753
-2582
-736
1530
3737
5604
7221
8584
9409
9503
8962
7990
6735
5200
3534
2089
938
-176
-1477
-2646
-3271
-3371
-3461
-3663
-4045
-4008
-3278
-2019
-491
958
2415
3943
5648
7314
8437
8686
8188
7265
6142
4871
3466
1976
415
-1018
-2268
-3148
-3765
-4489
-5692
-7200
-8472
-9477
-10352
-11471
-12601
-13405
-13615
-13320
-12673
-11054
-8122
-4303
-718
2340
5102
8218
11096
12921
13056
11835
10245
8654
6999
4859
2399
1
-1768
-2781
-3496
-4183
-4846
-5264
-5739
-6398
-7128
-7406
-6983
-5954
-4573
-2837
-393
2586
5543
7878
9510
10544
11051
10964
10083
8667
6866
4973
3073
1374
-3
-1131
-2249
-3433
-4486
-4980
-4923
-4874
-4954
-4978
-4369
-2958
-966
1168
3118
4845
6414
7909
8954
9326
8795
7577
6106
4615
3204
1943
867
-191
-1374
-2625
-3643
-4591
-5708
-7250
-9123
-10814
-12060
-12783
-13413
-13862
-13938
-13219
-11137
-7741
-3636
-64
3068
6073
9377
12229
13755
13534
12076
10488
8749
6732
4127
1528
-828
-2618
-3917
-5029
-5784
-6357
-6795
-7667
-8628
-9266
-9018
-7906
-6203
-4141
-1666
1527
5078
8330
10667
12083
12661
12510
11564
9914
7860
5674
3637
1544
-214
-1525
-2415
-3335
-4572
-5718
-6421
-6470
-6322
-5993
-5454
-4244
-2351
48
2631
4907
6719
7955
8807
9114
8834
7771
6262
4761
3547
2653
1903
1168
269
-802
-1982
-3156
-4542
-6312
-8403
-10337
-11720
-12449
-12953
-13265
-13304
-12365
-9863
-6077
-1898
1314
3977
6459
9605
12278
13528
12811
10986
9226
7465
5590
3109
689
-1600
-3355
-4750
-5819
-6503
-7019
-7513
-8346
-9163
-9535
-8897
-7513
-5482
-3125
-283
3083
6449
9188
10842
11680
11744
11081
9573
7649
5726
4019
2267
528
-919
-1723
-2117
-2849
-4054
-5242
-5775
-5766
-5601
-5495
-5086
-4019
-2180
80
2283
4058
5319
6295
7004
7368
7090
6199
5123
4109
3271
2542
1930
1290
394
-912
-2360
-3691
-5001
-6524
-8305
-9803
-10631
-10898
-11009
-11166
-10956
-9484
-6456
-2616
613
3036
5328
8167
11035
12834
12904
11366
9539
7718
5969
3842
1455
-924
-2902
-4292
-5412
-6318
-7040
-7481
-8111
-8854
-9327
-8869
-7449
-5377
-2967
-268
2923
6143
8843
10374
11019
10923
10293
9134
7439
5661
3854
2244
571
-791
-1798
-2465
-3170
-4170
-5048
-5463
-5097
-4543
-4010
-3593
-2809
-1557
101
1752
2996
3648
3867
4098
4338
4569
4393
3905
3316
2940
2579
2045
1272
176
-1179
-2846
-4313
-5598
-6748
-7923
-8966
-9484
-9585
-9359
-9374
-8919
-7101
-3793
-353
2138
4232
6434
9201
11285
12165
11336
9810
8109
6308
4572
2672
781
-1192
-2600
-3607
-4228
-4882
-5448
-6153
-7046
-7761
-8063
-7358
-6007
-4091
-1863
968
4095
6728
8332
8963
9178
8886
8044
6580
5169
3893
2665
1126
-383
-1309
-1891
-2463
-3415
-4248
-4678
-4412
-3813
-3204
-2587
-1965
-1201
-315
664
1402
1744
1716
1682
1794
2115
2496
2724
2846
2820
2689
2234
1601
682
-621
-2138
-3758
-5100
-6469
-7556
-8639
-9145
-9351
-9221
-9189
-8594
-6332
-2891
786
2955
4865
6622
9206
11071
11457
10249
8271
6709
4911
3608
1928
502
-1194
-2437
-3372
-4015
-4338
-4766
-5179
-5993
-6381
-6378
-5297
-3818
-1922
45
2242
4562
6309
7404
7716
7815
7387
6834
6026
5526
4867
3758
2090
500
-587
-1433
-2340
-3698
-4716
-4972
-4243
-3214
-2305
-1520
-790
55
735
1197
1249
1053
542
-78
-432
-286
347
938
1218
1184
1221
1211
878
-82
-1574
-3139
-4485
-5552
-6504
-7377
-8061
-8557
-8614
-8445
-7522
-5374
-2029
1209
3555
5402
7059
8972
9937
9742
8102
6184
4443
2907
1735
692
-79
-939
-1613
-2186
-2613
-2927
-3384
-4230
-5189
-5599
-5249
-4161
-2862
-1309
531
2733
4614
5588
5715
5499
5335
4915
4325
3807
3548
3502
3174
2440
1443
504
-258
-1019
-1814
-2603
-2679
-1997
-835
42
513
735
1078
1445
1350
866
162
-366
-774
-921
-819
-448
-28
-19
-183
-526
-841
-1625
-2617
-3820
-4794
-5478
-6031
-6318
-6675
-7107
-7855
-8554
-8468
-6644
-3371
217
2739
4774
6978
9486
11130
11085
9563
7250
5284
3381
1933
687
-175
-1131
-2094
-2879
-3455
-3718
-4010
-4337
-5062
-5391
-4928
-3332
-1264
637
2271
3848
5496
6308
6111
5157
4385
3840
3476
3051
2831
2832
2542
1669
120
-1145
-2125
-2810
-3476
-3822
-3419
-2134
-319
1222
2346
2941
3158
2989
2572
2033
1451
848
185
-244
-169
669
1321
1424
737
-109
-1034
-2097
-3258
-4548
-5668
-6571
-7049
-7372
-7593
-8088
-8824
-9820
-9381
-7052
-3063
509
2977
5242
7507
9940
10842
10280
8455
6665
5042
3305
1854
897
507
-155
-1015
-2177
-3136
-4029
-4668
-5440
-6158
-6113
-5206
-3314
-1475
530
2441
4544
6227
6567
5822
4844
4543
4607
4360
3643
3247
3003
2525
1154
-453
-1867
-3072
-4082
-4994
-5106
-4327
-2781
-1174
263
1536
2480
2868
2683
2106
1399
868
387
85
9
468
1319
2012
2394
2143
1684
722
-320
-1469
-2625
-3715
-4810
-5631
-6503
-7376
-8469
-9544
-9649
-8102
-4934
-1690
716
2722
4741
7045
8313
8164
6932
5704
4925
4223
3420
2751
2100
1335
251
-962
-1961
-2846
-3634
-4729
-5669
-5962
-5269
-3899
-2545
-1255
243
2159
4037
4999
5100
4762
4600
4568
4173
3916
3502
3435
2733
1684
437
-441
-1025
-1793
-2743
-3670
-3715
-2979
-1786
-1091
-520
-13
603
901
714
300
-174
-412
-693
-687
-364
191
511
393
117
-133
-286
-483
-827
-1262
-1667
-2193
-2726
-3523
-4669
-6231
-7469
-6864
-4553
-1550
307
1542
2916
4725
6270
6345
5549
4389
4022
3772
3448
2960
2370
1535
437
-820
-1893
-2411
-2462
-2532
-3102
-3483
-3060
-1999
-932
-663
-354
404
1978
3137
3320
3035
2974
3690
3723
3356
2480
2126
1595
686
-458
-1475
-1910
-2308
-2655
-2978
-2713
-1957
-942
-126
566
1289
1835
2100
1805
1214
422
-148
-623
-1099
-1301
-1399
-1353
-1588
-1924
-2374
-2640
-2654
-2740
-2688
-2741
-2694
-2836
-3251
-4092
-5197
-5648
-4645
-1870
924
2721
3413
4407
5629
6432
6101
4705
3651
3172
3373
3296
3110
2395
1252
-277
-1687
-2672
-3061
-2841
-2561
-2334
-1967
-1096
-102
560
637
515
1033
2172
3214
3766
4012
4421
4687
4564
4038
3072
2026
713
-610
-1952
-3088
-3835
-4447
-4708
-4886
-4507
-3560
-2236
-1103
-295
588
1599
2233
2117
1502
860
670
580
465
284
137
-165
-746
-1499
-1972
-2382
-2733
-3094
-3292
-3530
-3851
-4291
-5032
-5868
-6764
-6523
-4550
-1254
1704
3345
4165
5133
6036
6253
5387
4122
3353
3260
3502
3366
3165
2493
1293
-368
-1988
-3010
-3273
-2966
-2586
-2369
-1767
-558
754
1512
1679
1815
2600
3718
4470
4802
5041
5820
6014
5851
4934
3794
2791
1523
359
-1309
-2757
-4010
-4855
-5297
-5590
-5430
-4773
-3814
-3006
-2285
-1334
-406
-168
-559
-949
-885
-339
157
509
630
778
713
131
-768
-1747
-2445
-3038
-3397
-3671
-3814
-4278
-4724
-5602
-6114
-5954
-4315
-1426
1319
3510
4451
5682
6271
6716
5701
4332
3332
3112
3448
3211
2877
1960
1067
-526
-2172
-3649
-4242
-4108
-3869
-3599
-3336
-2258
-1059
-5
456
940
2273
3861
5357
5716
6202
6866
7585
7673
6719
5589
4292
3523
2448
1471
141
-1001
-2257
-3437
-4365
-4944
-4701
-4387
-3795
-3334
-2336
-1404
-966
-1258
-1929
-2094
-1806
-1162
-935
-752
-455
59
79
-523
-1393
-1956
-2293
-2687
-3169
-3670
-4208
-4964
-6127
-6995
-6894
-5394
-2728
-473
1725
2753
4513
5517
6567
6291
5503
5096
4912
5463
5119
4664
3195
1919
187
-1453
-2945
-3781
-3864
-3928
-3868
-3997
-3425
-2767
-1963
-1651
-1166
46
1456
3008
3657
4728
5687
6828
7202
6713
5917
4755
4052
3114
2298
1457
704
-16
-1027
-1955
-2592
-2708
-2591
-2622
-2642
-2422
-1786
-1466
-1799
-2523
-2693
-2118
-1218
-799
-797
-517
-49
160
-393
-1182
-1719
-1843
-2123
-2503
-3270
-3930
-4868
-6007
-6702
-6741
-4921
-2946
-665
308
1449
2669
3832
4581
3965
3768
3625
4857
5635
6034
5384
4404
3228
1678
56
-1599
-2479
-3140
-3290
-3522
-3313
-2945
-2532
-2247
-2094
-1419
-353
966
1786
2353
2993
4092
5286
6008
5926
5280
4562
3881
3057
2159
1385
866
284
-623
-1457
-1851
-1730
-1717
-2004
-2272
-2054
-1601
-1652
-2358
-3052
-2958
-2229
-1524
-1297
-1076
-611
-43
9
-366
-740
-908
-888
-1142
-1520
-2137
-2645
-3542
-4282
-4988
-4456
-3183
-1521
-176
485
1488
1954
2869
2575
2378
1992
2431
3373
4088
4521
4133
3781
2929
1998
563
-603
-1480
-1957
-2282
-2600
-2611
-2530
-2300
-2230
-2050
-1333
-347
694
1150
1306
1710
2667
3855
4403
4260
3582
3093
2756
2313
1616
916
508
137
-183
-528
-699
-736
-1022
-1430
-1824
-1721
-1453
-1549
-1987
-2426
-2204
-1655
-1096
-912
-873
-612
-313
-162
-291
-458
-450
-410
-440
-709
-1130
-1568
-2064
-2418
-2734
-2561
-2059
-1376
-683
-304
116
286
587
701
784
936
1264
1936
2538
3075
3300
3210
2820
2352
1694
965
164
-551
-1069
-1414
-1560
-1693
-1720
-1632
-1304
-698
-31
494
771
874
845
1059
1372
1644
1712
1488
1180
810
590
337
160
-18
-112
-141
-156
-131
-241
-390
-627
-762
-733
-548
-261
17
269
447
549
535
464
412
403
435
414
265
144
125
61
-113
-397
-728
-1066
-1288
-1413
-1530
-1648
-1821
-1981
-2061
-1982
-1798
-1647
-1507
-1358
-1200
-922
-566
-164
211
551
839
968
1060
1037
958
823
576
229
-38
-171
-195
-211
-269
-287
-299
-85
298
870
1402
1850
2223
2615
3098
3412
3431
3120
2633
2096
1573
1024
585
266
85
-55
-151
-192
-328
-605
-1047
-1516
-1840
-1856
-1603
-1288
-987
-776
-620
-502
-371
-136
107
305
288
151
-4
-121
-211
-438
-732
-1137
-1501
-1731
-1856
-1912
-2012
-2221
-2488
-2610
-2552
-2291
-2011
-1759
-1563
-1320
-939
-404
252
813
1204
1460
1715
2035
2309
2403
2210
1764
1283
839
480
184
-31
-205
-398
-558
-547
-365
-82
208
464
798
1331
1987
2562
2987
3232
3307
3197
2920
2542
2176
1916
1703
1479
1265
973
561
35
-563
-1118
-1600
-1937
-2108
-2158
-2160
-2217
-2265
-2188
-1978
-1663
-1362
-1005
-667
-384
-231
-257
-309
-331
-383
-505
-688
-885
-1084
-1369
-1723
-2111
-2406
-2546
-2450
-2263
-2119
-2001
-1870
-1557
-1100
-579
-83
405
929
1425
1899
2337
2741
3029
3100
2971
2678
2361
2057
1762
1415
1047
721
526
385
260
126
4
-44
-85
-89
52
432
937
1314
1380
1236
1069
1008
1002
1002
930
885
861
772
577
274
-45
-424
-799
-1113
-1302
-1362
-1408
-1507
-1639
-1680
-1628
-1543
-1515
-1456
-1307
-1116
-1019
-1028
-1058
-1030
-893
-768
-677
-663
-659
-743
-960
-1146
-1255
-1187
-1144
-1166
-1254
-1196
-933
-681
-434
-210
108
491
908
1277
1571
1837
2061
2159
2138
2055
1915
1708
1453
1250
1094
1056
1041
1013
970
931
863
670
434
214
89
138
387
651
776
689
536
512
572
633
622
566
562
619
677
640
484
255
-29
-390
-776
-1083
-1246
-1300
-1397
-1589
-1777
-1916
-2042
-2138
-2154
-2086
-1976
-1909
-1889
-1834
-1673
-1446
-1271
-1136
-1025
-924
-816
-700
-532
-296
-81
47
34
113
363
746
1046
1150
1203
1340
1599
1824
1950
1954
1931
1855
1731
1601
1451
1281
1033
756
557
485
517
532
546
594
646
617
414
158
-18
19
168
301
371
327
250
161
113
71
29
-25
-24
86
319
557
655
599
400
176
-48
-294
-544
-743
-858
-917
-1028
-1259
-1616
-1978
-2229
-2389
-2448
-2485
-2474
-2427
-2342
-2243
-2131
-1976
-1887
-1885
-1953
-1904
-1648
-1173
-668
-285
-27
205
585
1036
1452
1663
1705
1733
1888
2215
2554
2797
2877
2845
2763
2648
2459
2169
1784
1378
1021
781
698
682
722
746
759
702
581
414
228
184
269
447
557
601
561
433
275
35
-229
-489
-644
-649
-469
-206
52
187
133
-50
-276
-494
-750
-994
-1186
-1242
-1231
-1248
-1351
-1575
-1827
-2020
-2129
-2212
-2266
-2304
-2332
-2276
-2180
-2047
-1952
-1949
-2056
-2165
-2126
-1895
-1523
-1146
-843
-578
-174
386
946
1313
1457
1535
1682
1962
2318
2640
2875
2987
3047
3065
3049
2933
2661
2302
1901
1589
1373
1198
1051
938
869
820
705
489
273
167
271
424
557
638
679
727
693
566
331
74
-205
-430
-526
-431
-195
23
91
-32
-266
-510
-736
-979
-1281
-1561
-1761
-1890
-1948
-2000
-2075
-2187
-2272
-2326
-2317
-2258
-2196
-2163
-2103
-1965
-1794
-1699
-1723
-1828
-1916
-1878
-1698
-1479
-1282
-1064
-719
-209
385
961
1314
1451
1508
1632
1883
2211
2512
2691
2806
2900
3044
3160
3108
2837
2445
2094
1893
1767
1577
1352
1150
977
790
502
149
-147
-305
-287
-214
-133
-61
48
201
291
240
124
17
-86
-168
-155
-22
179
387
455
365
202
-12
-223
-471
-732
-1028
-1351
-1614
-1764
-1835
-1900
-1993
-2125
-2225
-2271
-2225
-2167
-2073
-1941
-1758
-1559
-1417
-1349
-1428
-1519
-1584
-1541
-1487
-1470
-1392
-1144
-681
-158
326
661
867
1048
1236
1414
1602
1776
1976
2179
2391
2602
2747
2793
2675
2504
2352
2269
2238
2153
2042
1916
1776
1565
1187
701
261
-14
-115
-180
-250
-345
-346
-300
-257
-294
-426
-520
-609
-624
-576
-429
-254
-70
86
161
151
77
-20
-142
-281
-476
-708
-919
-1099
-1225
-1347
-1455
-1587
-1735
-1861
-1964
-2014
-2026
-1956
-1801
-1572
-1330
-1184
-1155
-1159
-1131
-1075
-1026
-1035
-1062
-988
-744
-375
29
355
577
745
903
1065
1196
1302
1408
1489
1574
1623
1676
1689
1674
1620
1580
1594
1627
1666
1729
1802
1856
1857
1673
1280
847
550
428
345
218
59
-55
-66
-82
-154
-257
-375
-463
-537
-578
-498
-318
-136
-27
28
44
37
-40
-135
-261
-361
-483
-656
-793
-865
-909
-1008
-1133
-1275
-1367
-1428
-1503
-1607
-1701
-1714
-1638
-1538
-1450
-1416
-1450
-1493
-1473
-1357
-1194
-1053
-905
-713
-405
24
474
863
1113
1262
1321
1373
1468
1570
1616
1593
1573
1547
1523
1446
1364
1277
1263
1243
1204
1194
1276
1436
1525
1473
1214
907
639
445
278
132
-9
-85
-120
-145
-155
-199
-291
-417
-499
-535
-492
-375
-260
-145
-7
70
69
-11
-113
-218
-322
-434
-592
-731
-861
-966
-1042
-1121
-1168
-1175
-1179
-1187
-1186
-1189
-1185
-1186
-1202
-1221
-1250
-1322
-1439
-1603
-1697
-1693
-1568
-1375
-1175
-924
-608
-173
315
763
1073
1218
1270
1319
1377
1426
1437
1443
1466
1502
1570
1601
1560
1509
1438
1377
1318
1324
1390
1456
1504
1489
1435
1302
1116
881
660
461
307
220
145
57
-56
-221
-402
-555
-657
-691
-645
-558
-437
-297
-178
-134
-154
-249
-385
-528
-668
-777
-871
-959
-1010
-1043
-1084
-1082
-1090
-1066
-1055
-1042
-1016
-985
-948
-930
-914
-926
-968
-1016
-1070
-1209
-1332
-1429
-1453
-1367
-1192
-962
-686
-350
32
452
820
1112
1306
1414
1464
1482
1476
1472
1461
1426
1358
1288
1227
1141
1043
971
944
959
1001
1057
1104
1144
1177
1170
1089
984
858
719
642
615
595
565
491
348
180
24
-106
-214
-283
-302
-287
-268
-247
-262
-299
-369
-504
-670
-843
-984
-1092
-1156
-1179
-1183
-1194
-1206
-1177
-1141
-1081
-1016
-992
-974
-1005
-1035
-1054
-1085
-1110
-1172
-1205
-1252
-1257
-1271
-1324
-1354
-1348
-1242
-1044
-768
-481
-194
99
423
753
1029
1239
1367
1457
1534
1588
1582
1542
1469
1368
1235
1139
1091
1064
1069
1068
1082
1114
1142
1165
1142
1117
1079
1041
983
890
790
728
716
709
656
552
450
352
278
181
66
-36
-133
-223
-307
-374
-424
-501
-599
-708
-795
-868
-923
-974
-1035
-1082
-1094
-1101
-1118
-1120
-1088
-1032
-946
-879
-843
-831
-846
-884
-937
-1010
-1076
-1134
-1202
-1269
-1322
-1341
-1297
-1220
-1100
-906
-667
-401
-161
57
303
567
813
1004
1150
1256
1320
1339
1304
1222
1149
1108
1104
1126
1142
1152
1161
1167
1178
1164
1138
1093
1028
981
955
956
909
834
754
717
680
685
650
558
446
338
252
134
24
-106
-221
-305
-358
-420
-457
-515
-594
-647
-685
-695
-726
-788
-847
-893
-937
-980
-1006
-1010
-976
-882
-772
-679
-620
-589
-612
-670
-761
-865
-976
-1088
-1183
-1257
-1295
-1327
-1335
-1309
-1252
-1135
-957
-731
-485
-247
-13
232
491
721
869
956
968
970
962
960
958
962
989
1039
1106
1142
1160
1140
1125
1108
1073
1026
959
893
865
853
858
867
851
835
802
794
768
712
616
500
375
249
148
51
-8
-65
-125
-187
-254
-312
-366
-416
-440
-454
-490
-531
-596
-685
-773
-828
-848
-819
-755
-666
-581
-510
-478
-485
-524
-605
-697
-805
-864
-926
-984
-1061
-1124
-1189
-1258
-1304
-1327
-1264
-1140
-950
-729
-498
-279
-38
180
377
535
625
703
747
793
843
884
907
923
937
960
962
972
968
956
945
931
915
874
830
825
826
842
854
839
803
761
747
725
703
679
643
579
478
353
249
156
75
-32
-130
-244
-336
-385
-426
-459
-497
-555
-625
-696
-736
-770
-785
-792
-790
-758
-711
-668
-648
-630
-635
-653
-656
-665
-698
-727
-755
-810
-874
-938
-1007
-1073
-1120
-1144
-1131
-1064
-977
-827
-645
-441
-255
-76
114
299
482
637
768
854
898
923
938
960
978
984
977
957
933
901
873
843
816
803
792
779
786
799
821
819
794
751
708
683
666
653
621
566
487
397
310
220
124
31
-44
-121
-190
-237
-288
-329
-372
-417
-466
-520
-584
-628
-670
-704
-721
-747
-763
-768
-756
-736
-704
-678
-660
-641
-635
-632
-656
-699
-760
-817
-866
-919
-943
-946
-941
-919
-867
-796
-676
-526
-361
-200
-28
154
325
481
612
714
776
833
873
901
913
919
918
914
908
878
848
821
814
813
825
826
831
837
844
849
845
839
800
745
662
587
515
451
378
283
206
128
70
17
-12
-50
-70
-108
-163
-225
-301
-353
-420
-493
-581
-671
-744
-789
-823
-842
-859
-864
-857
-849
-820
-785
-743
-721
-704
-704
-713
-729
-750
-787
-817
-854
-878
-883
-886
-895
-885
-854
-801
-696
-547
-391
-243
-84
73
253
395
516
599
659
716
766
822
853
886
903
928
950
975
988
988
994
972
962
964
959
962
958
962
941
910
865
777
695
606
528
451
385
316
253
201
158
114
82
49
7
-34
-91
-151
-228
-300
-373
-456
-528
-610
-672
-737
-784
-814
-831
-839
-846
-833
-816
-782
-743
-707
-673
-657
-640
-635
-640
-649
-673
-691
-714
-718
-733
-757
-764
-751
-705
-637
-532
-404
-252
-102
51
183
297
397
472
544
601
650
703
750
792
835
865
886
894
895
894
881
865
844
829
823
819
814
801
765
725
666
596
517
432
364
298
245
186
123
56
-1
-56
-101
-143
-181
-207
-236
-271
-314
-352
-391
-427
-460
-495
-534
-561
-596
-614
-622
-641
-650
-656
-656
-646
-625
-584
-551
-521
-507
-513
-520
-531
-548
-574
-590
-630
-662
-679
-689
-685
-661
-620
-553
-450
-322
-181
-51
75
184
305
422
517
621
710
790
856
905
937
939
925
906
883
850
822
794
763
735
711
690
671
649
621
603
575
549
505
452
410
348
292
230
167
108
52
2
-44
-78
-109
-141
-178
-211
-249
-295
-325
-362
-386
-403
-414
-444
-460
-471
-489
-504
-522
-530
-552
-553
-534
-521
-497
-487
-475
-484
-497
-522
-556
-579
-618
-640
-665
-684
-707
-707
-703
-684
-642
-585
-495
-391
-277
-156
-20
111
242
373
502
609
706
794
861
907
925
915
886
859
829
797
758
720
687
659
633
613
593
560
529
488
450
407
355
297
233
167
114
68
20
-12
-31
-52
-59
-61
-61
-62
-63
-74
-91
-112
-144
-179
-211
-221
-227
-245
-258
-275
-304
-324
-339
-356
-373
-383
-388
-400
-409
-431
-458
-494
-525
-558
-579
-608
-636
-670
-705
-724
-740
-750
-746
-736
-704
-654
-571
-464
-346
-221
-102
30
155
278
390
486
579
650
723
789
833
862
869
868
864
847
821
783
742
703
669
639
589
542
481
435
373
317
254
197
143
87
55
31
12
-17
-20
-28
-39
-41
-62
-65
-85
-96
-110
-127
-151
-170
-171
-171
-158
-153
-143
-148
-143
-148
-158
-174
-196
-216
-241
-258
-297
-325
-356
-376
-400
-430
-462
-497
-531
-568
-606
-638
-667
-687
-692
-682
-648
-606
-544
-471
-375
-288
-188
-78
23
115
217
313
395
479
553
610
653
695
721
736
748
740
710
668
623
579
538
500
461
428
399
371
338
297
260
208
168
137
106
90
73
57
41
16
-6
-33
-58
-86
-119
-147
-178
-214
-239
-254
-255
-254
-238
-220
-212
-199
-191
-191
-191
-194
-202
-219
-223
-226
-233
-244
-250
-257
-275
-280
-309
-330
-347
-378
-401
-422
-437
-453
-451
-450
-443
-414
-379
-336
-291
-230
-159
-88
-5
69
141
215
283
344
399
447
487
517
534
552
559
555
536
516
496
474
461
449
434
422
417
406
393
386
369
341
316
294
271
249
227
199
175
142
107
77
39
-3
-50
-88
-127
-162
-187
-219
-235
-253
-261
-271
-279
-285
-293
-297
-299
-300
-297
-298
-305
-317
-322
-329
-340
-356
-375
-377
-379
-383
-386
-388
-392
-401
-408
-405
-400
-393
-384
-370
-349
-324
-295
-262
-213
-164
-111
-48
9
66
120
177
228
287
337
380
407
433
455
469
479
481
482
477
468
461
458
448
442
433
422
408
388
369
345
326
307
290
271
246
227
205
192
172
151
128
92
67
38
15
0
-18
-32
-45
-55
-62
-77
-84
-101
-107
-113
-117
-126
-136
-141
-157
-183
-214
-250
-292
-331
-375
-406
-437
-467
-492
-520
-531
-555
-564
-572
-569
-563
-556
-535
-516
-485
-460
-425
-388
-349
-310
-275
-230
-182
-131
-76
-20
35
87
138
190
232
273
311
348
385
420
452
476
491
507
514
522
527
528
530
529
527
515
501
486
466
448
422
397
367
343
319
292
270
239
199
166
134
113
99
86
74
64
58
51
45
46
43
42
41
39
26
8
-13
-49
-81
-128
-177
-230
-279
-328
-378
-422
-469
-505
-540
-558
-579
-594
-603
-607
-601
-590
-574
-555
-532
-505
-476
-446
-412
-385
-358
-332
-306
-280
-249
-221
-191
-149
-106
-60
-18
33
89
145
202
254
304
348
381
408
434
452
468
481
497
504
509
506
501
494
479
463
450
438
427
415
399
380
356
331
306
291
277
264
255
244
233
216
206
192
179
167
147
123
97
68
27
-9
-49
-90
-141
-188
-237
-288
-331
-368
-398
-426
-446
-460
-466
-465
-463
-458
-447
-439
-424
-415
-400
-389
-381
-377
-367
-359
-354
-351
-348
-346
-348
-348
-345
-335
-321
-301
-278
-242
-207
-167
-124
-79
-36
8
55
104
156
197
236
271
308
335
364
392
415
432
442
450
455
461
460
457
453
449
439
432
426
413
400
386
375
364
352
340
326
312
293
269
246
219
186
153
128
97
69
31
-4
-45
-87
-129
-169
-203
-237
-263
-288
-304
-316
-326
-335
-341
-341
-339
-332
-319
-303
-290
-280
-275
-269
-270
-269
-267
-263
-261
-262
-263
-265
-269
-276
-278
-278
-276
-271
-263
-248
-230
-208
-183
-150
-115
-80
-47
-14
18
48
78
102
124
147
166
184
203
223
241
258
272
281
293
302
309
312
320
323
324
327
330
333
335
339
339
335
331
317
305
290
273
249
228
200
170
133
101
64
28
-3
-34
-56
-87
-110
-137
-158
-174
-190
-200
-207
-214
-223
-229
-231
-235
-234
-234
-233
-231
-231
-228
-227
-221
-216
-209
-200
-191
-186
-179
-172
-165
-159
-157
-153
-151
-147
-141
-134
-122
-112
-99
-87
-73
-61
-51
-43
-36
-27
-18
-6
5
17
25
37
47
60
71
82
94
103
115
128
140
150
159
169
182
194
206
213
221
224
233
237
242
244
241
232
223
213
200
187
166
143
117
91
66
44
27
12
-3
-14
-23
-29
-34
-35
-37
-36
-32
-30
-25
-23
-21
-20
-20
-22
-22
-25
-24
-30
-34
-42
-47
-55
-57
-61
-63
-68
-77
-85
-95
-105
-117
-124
-134
-140
-148
-153
-159
-162
-165
-165
-167
-171
-177
-181
-183
-185
-184
-182
-178
-178
-173
-168
-162
-154
-146
-136
-126
-110
-92
-71
-50
-29
-10
11
32
56
79
100
119
133
150
163
176
186
196
201
204
204
206
204
202
199
198
196
192
190
184
181
176
172
169
166
162
161
158
158
156
155
155
153
151
147
140
133
126
117
107
96
86
73
62
48
36
21
5
-12
-28
-45
-63
-82
-102
-124
-147
-166
-186
-204
-220
-236
-252
-268
-285
-300
-314
-327
-338
-346
-351
-352
-351
-346
-340
-331
-318
-303
-286
-265
-244
-221
-197
-172
-145
-116
-89
-64
-40
-16
9
34
63
88
113
134
155
173
188
203
215
226
234
244
251
259
265
269
272
274
276
279
285
292
302
310
319
326
331
334
334
331
324
318
306
294
279
263
246
227
207
186
162
137
110
84
55
26
-6
-35
-67
-97
-125
-151
-175
-196
-218
-239
-259
-280
-297
-312
-324
-338
-346
-357
-365
-372
-377
-380
-382
-381
-378
-373
-366
-356
-345
-333
-319
-304
-289
-271
-252
-233
-212
-191
-170
-147
-125
-103
-81
-59
-38
-16
4
24
45
65
86
102
121
138
155
171
186
202
221
240
263
290
318
347
374
396
416
431
443
451
454
455
450
443
431
413
394
371
346
320
293
265
236
204
171
138
104
68
34
-1
-33
-65
-96
-124
-152
-181
-208
-234
-257
-278
-297
-314
-328
-341
-351
-360
-367
-373
-376
-375
-373
-365
-355
-343
-329
-315
-300
-283
-265
-247
-228
-210
-192
-173
-155
-136
-118
-101
-84
-69
-55
-42
-27
-12
3
19
34
48
62
75
90
106
122
140
160
184
208
236
262
290
315
337
357
374
386
395
401
400
397
389
376
361
342
320
296
271
244
215
185
153
122
89
55
21
-13
-46
-79
-111
-139
-167
-192
-216
-237
-258
-278
-294
-309
-322
-330
-335
-339
-338
-335
-329
-320
-310
-296
-281
-263
-244
-224
-203
-183
-160
-139
-119
-100
-82
-64
-48
-33
-17
-4
9
19
29
37
45
54
62
69
76
83
89
96
105
115
126
138
152
167
181
198
213
228
242
253
261
268
272
273
273
269
264
253
241
227
211
193
176
156
136
114
90
66
41
16
-10
-37
-63
-89
-116
-141
-164
-184
-203
-221
-236
-248
-257
-263
-267
-269
-267
-262
-256
-247
-234
-221
-205
-188
-171
-154
-136
-119
-103
-87
-72
-58
-45
-33
-22
-13
-6
1
7
12
16
21
25
28
33
36
41
46
53
59
68
77
86
97
108
122
135
150
164
178
192
206
217
228
234
237
237
236
230
223
214
201
186
170
151
132
111
89
67
46
24
0
-22
-46
-69
-94
-118
-141
-163
-182
-200
-215
-227
-238
-246
-251
-253
-254
-250
-243
-234
-221
-207
-190
-173
-153
-134
-113
-94
-75
-56
-40
-24
-11
1
10
19
26
30
35
38
40
40
39
37
36
35
33
34
35
37
40
42
46
52
59
68
77
89
100
113
126
140
154
167
180
193
202
210
212
211
208
200
189
177
162
145
127
107
86
65
43
22
0
-20
-42
-61
-81
-100
-118
-135
-152
-166
-181
-193
-205
-213
-221
-227
-231
-232
-230
-227
-220
-210
-198
-182
-166
-148
-128
-106
-84
-62
-41
-21
-1
17
35
52
67
80
93
104
114
119
121
119
115
109
101
96
90
87
84
82
80
79
76
73
69
68
68
71
76
82
92
102
113
121
129
135
138
140
138
133
125
116
105
92
77
61
44
26
8
-10
-26
-42
-59
-74
-89
-102
-117
-131
-143
-155
-165
-175
-184
-193
-201
-208
-215
-220
-223
-224
-224
-219
-214
-204
-195
-183
-170
-157
-141
-123
-104
-83
-62
-40
-19
4
27
50
71
90
108
123
136
145
151
154
154
152
150
148
145
144
145
145
146
146
146
145
143
142
143
143
147
151
155
160
164
167
170
170
167
163
154
143
130
114
96
78
59
40
18
-2
-23
-43
-63
-82
-98
-114
-128
-144
-155
-167
-176
-183
-189
-194
-199
-203
-208
-211
-215
-217
-219
-220
-218
-215
-210
-204
-195
-187
-178
-168
-157
-146
-133
-117
-102
-85
-68
-50
-29
-10
10
28
46
60
74
85
95
100
106
110
112
115
116
119
124
128
132
138
142
146
150
154
157
161
166
172
176
181
187
190
194
195
194
192
190
183
176
167
155
141
127
111
94
76
57
38
18
-2
-23
-44
-65
-84
-104
-121
-136
-148
-159
-167
-174
-181
-189
-195
-201
-206
-209
-212
-212
-209
-204
-198
-190
-180
-170
-158
-144
-132
-117
-104
-91
-79
-66
-53
-41
-29
-18
-7
2
10
16
20
23
25
26
27
29
30
32
33
34
37
38
41
45
49
53
59
65
72
79
88
96
104
113
121
129
136
143
149
155
162
166
169
169
168
164
158
150
141
130
118
104
89
74
56
39
22
4
-13
-27
-41
-51
-60
-68
-77
-85
-92
-100
-109
-114
-119
-121
-121
-120
-118
-113
-108
-103
-98
-94
-89
-85
-81
-75
-71
-66
-62
-58
-54
-51
-50
-48
-49
-51
-53
-54
-56
-56
-57
-58
-57
-56
-56
-56
-54
-53
-50
-46
-42
-35
-26
-19
-10
0
8
18
29
39
49
60
70
82
92
101
110
117
123
129
132
134
134
131
127
122
116
109
101
91
82
72
62
51
40
31
22
14
9
5
3
-1
-1
-4
-6
-9
-10
-11
-11
-11
-11
-10
-9
-10
-9
-12
-14
-18
-21
-25
-30
-33
-38
-42
-47
-51
-55
-58
-62
-68
-71
-76
-78
-81
-85
-87
-88
-88
-88
-86
-84
-83
-81
-78
-75
-71
-65
-61
-54
-47
-40
-31
-23
-14
-4
5
15
24
34
43
49
56
62
66
70
73
74
74
75
73
72
69
67
62
58
54
50
46
43
39
36
34
32
31
32
33
36
38
40
42
45
47
48
50
51
51
50
49
46
43
40
35
30
25
19
14
8
4
-3
-9
-15
-20
-27
-33
-40
-46
-52
-59
-65
-71
-76
-80
-85
-89
-92
-95
-97
-99
-100
-100
-99
-98
-96
-93
-87
-83
-75
-69
-61
-53
-44
-35
-27
-18
-10
-1
7
13
21
27
33
36
40
44
46
47
49
49
49
48
48
47
45
44
43
43
44
45
47
48
52
54
58
61
65
68
71
74
75
77
78
77
75
75
71
67
63
57
52
45
40
33
28
21
15
7
0
-8
-16
-23
-32
-39
-47
-54
-60
-66
-72
-76
-80
-84
-86
-88
-90
-90
-91
-91
-90
-88
-86
-83
-79
-76
-71
-67
-61
-56
-51
-45
-39
-35
-28
-22
-16
-11
-5
0
6
10
14
19
22
25
27
29
30
31
31
32
32
33
34
34
37
38
40
42
44
47
49
51
53
55
56
58
59
59
60
60
59
59
57
54
51
49
46
43
39
35
32
26
24
18
15
10
5
1
-5
-9
-13
-17
-22
-25
-29
-31
-34
-37
-38
-41
-43
-45
-46
-48
-49
-50
-51
-52
-52
-52
-52
-52
-51
-50
-48
-47
-45
-42
-40
-37
-35
-32
-29
-25
-23
-18
-15
-13
-10
-7
-5
-3
-1
1
2
3
5
6
8
9
12
12
16
17
20
22
24
27
30
32
35
36
38
40
41
42
43
44
44
43
43
43
42
40
39
37
36
34
32
29
27
24
20
19
15
12
9
5
3
-1
-4
-7
-9
-12
-14
-17
-18
-21
-23
-24
-26
-27
-28
-30
-30
-31
-32
-33
-33
-33
-34
-33
-33
-33
-32
-31
-31
-29
-28
-27
-24
-23
-21
-19
-16
-14
-13
-11
-9
-7
-4
-2
-1
0
3
5
6
10
11
13
15
18
20
23
23
25
27
28
28
29
30
29
29
29
28
28
26
25
23
22
21
18
16
14
11
9
7
5
3
1
-2
-4
-5
-6
-8
-9
-9
-11
-10
-10
-11
-11
-10
-9
-9
-9
-8
-8
-7
-7
-6
-7
-7
-6
-7
-8
-9
-10
-11
-12
-13
-14
-13
-13
-14
-14
-15
-14
-13
-12
-11
-10
-9
-7
-5
-4
-3
-2
0
1
2
3
5
5
7
7
9
9
11
11
12
13
13
14
14
14
15
14
14
14
14
13
13
11
11
9
9
7
7
5
4
2
1
-1
-2
-3
-4
-6
-7
-7
-8
-9
-9
-10
-10
-10
-9
-10
-9
-9
-9
-8
-7
-7
-6
-6
-4
-5
-4
-4
-4
-3
-3
-3
-4
-2
-3
-3
-3
-3
-3
-4
-2
-2
-2
-2
-1
-1
0
0
1
1
1
2
3
3
4
4
5
6
7
7
8
8
7
8
9
8
9
9
9
8
8
9
8
7
7
6
5
5
4
3
2
1
0
-1
-2
-2
-4
-4
-4
-5
-6
-7
-7
-8
-8
-8
-8
-9
-9
-9
-9
-8
-9
-8
-8
-8
-8
-6
-6
-6
-6
-5
-5
-3
-4
-2
-2
-1
0
0
1
2
2
2
3
3
3
4
5
5
6
6
6
7
7
7
7
7
7
9
8
8
8
9
9
9
9
9
9
7
8
7
6
6
5
4
4
3
2
1
1
0
-2
-2
-2
-3
-4
-5
-4
-5
-5
-6
-7
-7
-6
-6
-6
-6
-6
-6
-7
-6
-7
-6
-6
-6
-6
-7
-7
-6
-5
-6
-6
-5
-5
-4
-4
-4
-3
-4
-2
-1
-1
-1
0
-1
1
1
2
1
3
4
3
4
4
4
3
5
3
4
4
5
5
6
5
5
5
6
6
5
5
5
6
5
5
3
4
3
4
3
2
2
2
2
1
0
0
0
0
-1
-1
-2
-2
-1
-2
-2
-2
-2
-2
-1
-1
-2
-2
-2
-2
-2
-4
-2
-3
-1
-2
-2
-2
-2
-2
-1
-2
-2
-2
-2
0
-1
-1
-2
1
1
0
-1
-1
-1
1
0
-1
0
0
1
1
-1
-2
0
0
1
-1
-1
-2
1
0
0
-1
0
0
2
0
0
0
1
1
1
1
1
2
2
3
2
2
2
3
3
2
1
1
2
1
2
0
1
0
1
1
0
-1
-1
0
0
-1
-2
-2
-1
-1
-2
-2
-2
-2
0
0
-1
-1
-1
0
-1
-1
-2
-1
0
-1
-1
-1
0
-1
0
-1
-1
-2
-1
-1
-2
-1
-1
0
0
1
0
0
-1
0
0
0
-1
0
1
1
1
0
1
0
1
1
0
0
0
1
0
1
0
3
1
3
1
2
2
3
3
1
2
1
2
2
3
1
3
2
3
1
1
1
2
0
0
-1
0
-1
-1
-2
-2
-1
-1
-1
-2
-1
-2
0
-2
-1
-3
-1
-3
-2
-3
-2
-2
-1
-1
-1
-2
-1
-1
0
-1
-1
-1
0
-1
-1
1
0
1
-1
1
0
1
0
1
0
0
0
1
-1
1
0
1
-1
0
0
0
0
0
1
0
0
0
1
0
1
0
0
0
0
1
0
2
0
2
1
1
1
2
1
1
1
1
0
1
-1
0
0
1
0
1
0
1
0
0
1
0
0
-1
0
-1
0
0
0
0
0
0
0
0
0
0
0
-1
0
-1
0
-1
-1
0
-1
-1
-1
0
-1
-2
-1
-1
-1
0
-1
-2
-1
-1
-1
-1
0
-1
-1
-1
-1
0
-1
1
0
1
0
0
0
0
1
0
1
1
1
0
2
1
1
1
2
0
2
0
1
1
0
1
1
0
0
0
0
0
0
1
-1
0
-1
0
0
0
-1
-1
-1
0
0
0
-1
0
-1
0
0
0
0
-1
-1
0
0
-1
1
0
1
0
1
0
0
0
1
0
0
-1
1
-1
0
0
0
0
0
1
-1
-1
0
0
0
0
-1
0
0
0
0
0
0
0
-1
0
-1
0
0
0
-1
0
0
0
0
0
0
1
1
1
0
0
1
1
0
0
1
0
0
-1
-1
0
0
0
0
-1
0
0
-1
-1
0
0
0
0
0
-1
0
0
-1
-1
0
0
0
0
-1
0
0
-1
0
0
0
0
0
0
0
1
0
0
1
0
1
0
-1
2
0
0
0
0
0
0
0
0
0
0
0
0
0
0
0
0
0
0
0
0
0
0
0
0
1
0
0
0
1
-1
0
0
0
1
0
0
1
1
0
0
0
0
0
0
0
0
0
0
0
0
-1
0
0
0
-1
0
0
-1
0
0
-1
-1
0
0
0
0
0
0
0
0
-1
-1
0
-1
0
0
0
0
0
1
0
0
1
0
0
0
1
0
0
1
0
0
1
0
0
0
1
0
0
0
0
1
0
-1
1
0
0
0
0
0
1
1
-1
0
0
0
0
0
0
0
0
0
-1
1
0
0
1
0
0
0
0
1
-1
0
0
0
0
-1
1
0
0
-1
0
0
0
0
-1
-1
0
-1
1
0
0
0
-1
0
-1
0
0
-1
0
0
-1
0
0
0
1
0
1
0
0
0
0
0
0
1
1
1
0
0
1
0
0
0
0
0
-1
0
1
1
0
1
0
0
1
0
0
1
0
0
0
0
0
0
0
0
0
-1
0
-1
1
0
0
0
-1
0
0
0
0
-1
0
-1
0
-1
0
0
0
0
0
-1
0
0
0
0
0
0
0
0
0
0
0
0
0
0
1
1
-1
0
0
0
0
0
0
0
0
0
0
0
0
0
0
0
0
0
0
0
0
0
0
-1
0
0
0
0
-1
0
-1
0
0
0
0
0
-1
0
0
-1
-1
0
0
0
-1
0
0
0
0
0
1
0
0
0
0
0
1
0
0
0
1
1
0
0
0
0
0
0
0
0
1
0
1
0
0
-1
0
0
0
-1
-1
0
0
0
0
1
0
0
0
0
0
1
0
0
0
0
0
0
0
0
0
0
0
0
0
0
-1
0
0
0
0
0
0
1
0
0
0
0
0
0
0
1
0
-1
0
0
0
0
0
0
0
0
-1
0
0
0
0
1
0
0
0
0
0
-1
1
1
0
0
0
0
1
0
0
0
0
0
0
0
0
0
0
0
0
1
0
0
0
0
0
0
1
0
0
0
0
0
0
0
0
1
0
1
0
-1
0
0
0
0
-1
0
0
0
0
0
0
-1
0
0
-1
0
0
0
-1
1
0
0
0
0
0
0
0
0
0
0
0
0
0
-1
-1
-1
0
0
0
0
0
0
0
0
0
0
0
0
0
0
0
0
0
0
1
0
0
1
0
0
0
0
0
0
0
0
0
-1
0
0
1
0
0
0
0
0
0
0
1
0
0
0
0
0
0
-1
0
1
0
0
0
0
0
0
0
0
-1
0
0
-1
0
0
0
0
0
1
0
-1
0
1
0
0
-1
0
0
0
0
0
0
0
0
0
1
0
0
0
0
0
0
0
0
-1
0
0
0
0
0
0
0
0
0
1
0
0
0
0
0
1
0
0
1
0
1
-1
0
0
0
0
0
0
0
0
-1
0
-1
-1
0
0
0
0
0
0
0
0
0
0
-1
0
-1
0
0
0
0
0
0
-1
0
0
0
0
0
0
0
0
0
0
0
0
0
0
0
0
0
1
1
0
-1
0
0
0
0
0
0
0
0
0
0
0
0
0
0
0
0
1
0
0
0
0
0
1
0
0
0
0
0
0
0
-1
-1
0
0
0
0
0
-1
-1
0
0
0
-1
1
0
0
-1
0
0
0
0
0
0
0
0
0
0
0
0
0
0
0
0
1
0
0
-1
0
0
0
0
0
0
1
0
0
-1
-1
0
0
0
0
-1
0
0
0
0
0
1
0
0
1
0
1
0
0
0
0
0
0
-1
0
0
0
0
0
0
1
0
0
0
0
0
0
-1
-1
0
-1
0
0
0
0
0
0
0
0
0
0
0
0
0
0
-1
0
0
0
0
1
0
0
0
0
0
0
0
0
0
0
-1
1
-1
0
0
0
0
0
0
0
0
1
0
1
0
0
0
1
-1
0
0
0
0
0
0
0
0
0
0
-1
0
0
0
0
1
1
0
1
0
0
0
0
0
0
0
0
0
0
-1
-1
-1
-1
0
0
0
0
0
-1
0
0
0
0
0
-1
0
-1
0
1
0
0
1
0
0
-1
0
-1
0
0
0
-1
0
1
-1
0
0
0
0
-1
0
1
0
-1
1
1
0
1
-1
0
0
1
0
0
-1
1
0
0
1
0
0
0
0
1
0
0
0
0
1
0
-1
0
-1
0
1
0
1
-1
0
1
0
0
0
0
0
-1
0
0
0
0
0
0
0
0
0
0
-1
0
1
0
1
0
-1
0
0
1
0
0
0
0
0
0
-1
0
-1
0
0
0
0
0
0
0
1
0
1
0
0
0
0
0
-1
0
0
0
0
0
-1
0
0
0
0
0
0
1
0
0
0
0
1
0
0
0
0
0
0
0
0
0
-1
0
1
0
0
0
0
0
0
0
0
0
0
0
0
0
0
0
-1
1
0
0
0
-1
0
0
0
1
0
0
0
-1
0
0
0
0
1
1
0
1
0
0
-1
0
-1
0
0
0
0
0
0
0
0
0
0
0
0
0
1
0
0
0
0
0
0
0
0
0
0
0
0
0
0
0
0
0
0
1
0
0
0
1
0
0
0
0
0
0
0
0
1
1
0
0
1
0
0
0
0
0
1
0
0
-1
1
0
-1
-1
0
0
0
0
0
1
0
1
0
0
0
1
0
-1
0
-1
0
0
-1
0
0
0
-1
0
0
0
0
0
0
0
0
1
-1
0
0
0
0
-1
0
0
0
0
0
1
0
0
0
0
0
0
0
0
1
1
0
0
0
0
0
0
0
0
0
1
0
-1
0
0
0
0
0
0
0
0
0
0
1
0
1
0
1
0
0
0
0
0
0
0
0
0
0
0
0
-1
0
0
0
-1
0
-1
0
0
0
0
0
0
0
-1
1
0
1
0
0
0
0
1
1
0
-1
0
1
-1
0
0
0
0
0
0
0
0
0
0
0
0
0
1
-1
0
0
0
0
0
0
0
-1
0
-1
0
0
0
0
0
-1
0
1
0
0
0
1
0
0
0
0
0
0
0
0
0
0
0
0
0
0
1
0
1
0
-1
-1
-1
0
0
0
0
0
0
0
-1
0
0
1
-1
0
1
0
0
0
0
0
0
0
-1
0
0
0
0
0
0
0
0
0
0
0
0
0
0
0
0
0
0
0
0
0
0
1
0
1
0
0
0
1
0
0
-1
1
0
-1
0
0
-1
0
0
0
0
-1
0
0
0
0
1
0
0
0
1
0
0
1
-1
0
0
0
0
0
0
-1
0
1
0
0
0
1
-1
0
0
0
-1
0
0
0
-1
0
1
0
-1
0
0
-1
-1
0
0
0
0
-1
-1
-1
0
0
0
0
0
0
0
0
0
1
0
-1
0
1
0
1
0
0
0
-1
0
0
0
0
0
0
-1
1
0
0
0
0
1
0
0
0
-1
0
1
0
0
0
0
0
0
0
0
0
0
-1
1
-1
0
1
0
0
0
0
0
0
0
0
0
0
0
0
0
0
0
1
0
0
0
0
-1
1
0
-1
0
0
0
0
0
0
0
0
0
0
-1
0
0
0
-1
0
0
1
1
0
0
0
0
-1
0
1
0
-1
0
0
0
0
-1
0
0
0
0
0
-1
-1
0
0
0
0
1
0
0
0
0
-1
0
0
0
0
