14
1
-14
-10
-1
13
6
-6
1
-7
-9
-5
1
-1
-8
-3
-9
-8
-7
-11
-9
8
12
-1
-21
-24
8
24
25
-8
-24
-9
7
14
-2
-18
-30
-9
16
14
6
-14
-31
-2
20
33
20
-9
-17
2
25
23
11
-11
-2
15
14
7
-17
-19
-13
7
14
15
-6
-38
-46
-11
23
31
4
-26
-24
-18
25
33
4
-9
-12
-11
8
30
34
-3
-22
-3
11
29
0
8
-27
-15
2
7
5
-20
-14
-7
11
20
12
-5
-6
12
33
28
7
-13
-27
4
38
17
-7
-35
-39
-23
31
44
-3
-23
-35
-31
-7
21
19
4
-10
-5
11
9
-2
-11
-12
8
28
8
0
-12
-40
-27
13
41
32
-5
-44
-32
13
45
30
-20
-53
-49
13
44
24
-16
-7
-8
1
10
23
1
-14
-2
14
19
3
-26
-6
26
15
-17
-32
-25
-5
19
7
-22
-42
-28
4
32
27
-16
-36
-8
16
37
32
5
2
1
17
41
34
-2
-14
1
1
18
6
-13
-40
-48
-2
20
0
-10
-22
-2
-9
-18
-13
-16
-12
2
27
19
5
-11
6
17
7
-6
-16
1
33
37
14
-12
-28
-38
-9
24
43
0
-46
-44
-1
37
15
-2
-7
-9
-21
-3
15
8
-1
-15
-4
14
36
19
1
-20
-7
13
16
18
-3
-29
-16
7
15
-2
-24
-32
-23
-16
12
5
-14
-22
-19
16
25
23
-19
-20
4
18
34
15
19
23
5
-1
14
4
-9
-3
1
13
9
4
5
-33
-52
-22
-5
8
19
1
-27
-32
-10
11
23
20
-5
-23
-16
10
29
15
2
-3
24
12
11
-1
4
3
3
7
3
12
0
-12
-22
7
17
13
3
-10
-16
-3
1
18
17
-20
-22
-15
9
33
18
-23
-24
-30
-3
17
13
6
-20
-16
-4
19
14
6
-15
2
3
13
23
10
0
-14
-11
-5
3
14
4
-13
-21
-18
-1
2
3
-9
-7
-7
-6
0
1
3
11
-8
-12
1
4
0
17
19
6
-22
-30
-3
24
36
-17
-29
-22
-10
12
4
1
-21
-5
22
13
6
-5
-27
-4
22
27
13
-6
-7
5
21
15
0
-19
-14
13
30
28
-12
-43
-16
26
44
13
-32
-42
-19
18
36
12
-27
-53
-14
25
33
16
-23
-41
-13
11
12
16
1
-18
-22
6
27
20
-10
-19
-12
10
6
2
1
-7
-10
2
18
20
0
-11
4
1
9
8
4
-9
7
14
12
-2
-21
-21
-2
16
17
3
-4
-29
-30
4
13
12
-4
-9
-29
-11
-3
6
15
1
-14
-1
13
9
4
-3
6
19
8
9
10
-2
4
1
-11
-8
-2
0
12
15
-3
-19
-14
-1
13
11
-4
-2
-5
-12
-6
0
7
5
-11
-5
9
3
6
7
3
-1
-8
-4
16
18
15
2
0
-6
-5
4
2
-2
-9
-12
-6
0
-1
-7
-14
-11
-4
1
8
8
-12
-18
-11
3
12
15
3
-11
-4
-5
9
9
10
0
-9
-12
9
17
9
0
-13
-7
2
15
19
16
-4
-5
-5
5
13
13
-2
-12
-16
-8
11
10
-9
-19
-10
0
6
-4
-8
-22
-2
9
4
-1
-5
-10
-5
13
4
4
-10
-8
2
13
4
-11
-3
-7
-4
1
14
4
-3
-7
-4
3
0
-3
-2
5
7
12
4
-6
-4
-6
0
9
14
6
-3
-11
-1
9
2
-7
-2
4
2
2
-7
-9
-3
9
7
3
-7
-9
2
17
13
-5
-8
-8
-3
0
7
4
-1
-3
-8
-11
-8
1
-1
2
9
2
-5
-7
-6
-8
5
6
-4
-7
4
10
5
3
1
-1
4
6
-1
-9
-5
6
12
6
2
2
-1
4
-6
-14
-7
7
3
10
6
-9
-17
-7
7
16
10
8
11
-7
-8
9
13
7
8
9
13
0
-14
-4
11
2
-4
-1
-6
-9
-11
-4
0
4
-1
-2
-13
-12
-7
-1
2
3
-9
-14
-4
2
4
2
1
-8
-8
-4
9
7
3
-1
1
-3
-6
3
10
9
3
3
-1
-1
-6
-12
-1
6
3
0
4
-4
-2
-5
-10
-3
5
5
7
13
9
1
-7
1
2
0
0
-3
-6
3
8
3
-4
-8
-6
-4
-8
-2
6
6
-6
-11
-9
6
11
5
-1
5
8
3
-4
0
11
7
2
-2
2
2
-1
4
14
10
-3
-7
-10
-2
0
0
0
-8
-9
-2
3
2
-2
-9
-4
-4
-10
-4
0
6
3
1
-2
3
-1
-1
-2
3
5
3
3
-1
-1
-3
0
-2
4
5
8
4
3
3
-1
0
-2
-1
-3
-2
-1
6
0
-3
-2
1
5
2
-2
-1
0
-9
-3
4
7
4
-4
-7
-6
-6
-3
3
5
2
-4
-6
-3
-3
-2
1
4
3
1
4
2
-4
1
1
-5
-6
-2
-2
3
5
1
-5
-8
-4
7
15
3
-6
-5
1
6
7
3
-2
-2
-1
2
-6
-5
0
6
4
1
-3
-4
-1
0
3
-1
-3
-5
-2
0
0
2
0
-2
-6
-2
3
8
6
0
-5
-2
5
8
6
-2
-1
4
5
5
1
0
1
1
4
6
-1
-6
-8
-6
2
7
5
2
-5
-11
-6
4
7
-1
-7
-6
-1
3
4
2
1
-2
0
0
1
0
-3
-3
5
6
8
4
-4
-4
-1
2
4
0
-9
-7
-4
1
0
-2
-1
-1
-4
-7
-3
-1
2
0
3
2
2
-1
2
5
0
-5
-4
4
9
5
-5
-5
-3
2
3
1
-2
-1
0
1
2
2
-2
-1
1
4
0
-3
-1
1
0
0
1
-2
-5
-2
5
4
-6
-7
-6
-4
0
1
0
-1
0
1
4
2
-1
-1
2
0
1
5
3
-2
-2
3
6
3
-4
-2
2
4
-3
-5
-4
-5
-6
-1
3
3
-2
-7
-2
7
6
-1
-7
-1
4
3
0
1
5
5
2
1
5
3
2
1
1
0
-3
-3
-1
1
0
1
0
-2
-4
-3
1
5
0
-4
-6
-2
2
7
6
1
-1
-1
0
-1
-1
1
6
3
3
0
3
-1
-3
-3
0
4
2
0
-5
-4
-3
2
0
1
1
-2
-4
-5
-2
0
2
1
0
0
-1
0
0
0
1
3
1
-1
1
4
4
-1
0
-1
-1
-3
0
-1
0
-1
-1
0
0
-2
-2
0
-4
-5
-2
4
4
4
-1
-3
-4
0
0
0
-1
2
2
0
-2
-1
0
-2
-4
1
3
6
2
0
-6
-4
-2
6
5
3
0
-3
-2
2
4
4
3
-1
-2
-2
4
4
4
-4
-2
-2
1
-1
0
-4
-5
-3
-1
1
-1
1
0
0
-3
2
0
-1
-1
5
6
3
0
1
-2
-3
-1
4
5
-1
-4
0
1
-3
-3
-2
1
-2
-1
0
3
-1
-1
-3
1
0
0
2
6
2
-1
-3
0
2
4
3
2
-1
-2
-1
1
2
0
1
-3
-4
-7
0
1
3
0
-2
-1
-1
-2
-2
0
2
2
-3
-3
1
4
2
-1
3
3
1
-2
0
0
1
-1
0
-2
-1
0
3
0
-2
-3
-3
0
1
1
-2
-3
-1
1
-4
-3
3
4
2
-1
-1
0
-1
1
2
3
3
1
-2
-4
-2
1
2
-1
0
3
1
-2
-2
0
0
-2
0
0
1
1
0
-2
1
2
1
-2
-1
3
5
-1
-2
0
1
-1
0
2
0
-2
-3
2
1
2
0
0
-4
-4
-4
4
2
0
-1
1
-1
1
1
0
-2
-2
3
1
-2
-4
2
2
0
-3
1
2
0
-3
-2
0
0
1
0
2
1
0
-1
1
-1
-2
1
3
0
-2
1
3
3
1
0
1
-1
-2
-1
2
2
2
0
-1
-2
-2
-1
-2
2
2
1
-4
-4
-3
-1
1
2
4
2
-1
0
1
0
0
-3
0
3
4
-1
-2
-1
3
2
2
-1
-1
2
-1
-3
1
4
0
0
0
1
1
0
-2
0
0
-1
2
3
0
-1
1
-1
-2
0
1
1
1
-1
0
1
2
-2
-2
0
0
0
0
0
0
0
-4
-3
2
3
0
-3
-3
-2
1
1
0
-2
-1
-1
-1
-3
-1
2
1
-1
-4
0
4
3
0
1
1
-2
-1
3
6
3
0
-2
1
5
2
1
-2
3
1
1
-4
2
1
1
-5
-1
1
4
-1
-7
-4
0
3
-3
2
-1
0
-2
2
-1
0
-1
-1
1
3
2
-3
-1
2
5
-2
-4
-3
3
1
-3
0
2
2
-1
-1
-4
1
0
0
-4
1
1
-2
-3
1
5
2
-1
-3
-2
-3
2
5
3
-4
-2
1
1
0
-2
-2
1
2
-1
0
3
0
-1
0
0
-1
0
-1
0
3
2
0
-1
1
-3
-1
3
4
-2
-4
-1
3
2
-1
-1
2
2
-2
-2
0
1
-1
-1
-1
1
2
0
0
-2
-5
-1
2
2
2
2
1
-2
-3
-2
2
3
0
-1
3
3
0
-2
-1
2
0
-1
2
1
-1
0
0
1
1
1
1
0
-6
0
5
0
-1
2
-1
-3
0
-1
-2
0
2
2
6
1
-6
-5
-1
3
4
4
-1
1
-1
-4
-1
4
-2
-3
-2
3
2
0
-4
-1
1
-4
0
2
5
-2
1
1
0
-1
3
5
-3
-2
-2
7
1
-2
-8
3
1
-1
-4
0
0
-2
2
-1
0
1
0
-3
4
2
-1
1
1
1
3
0
-4
2
6
-2
-4
-1
5
-4
-3
0
-1
-1
-3
0
-2
0
2
5
-1
-7
-2
9
3
0
0
9
3
-3
-5
0
4
0
-2
-3
0
0
-3
-3
1
-4
-1
0
2
-2
1
3
2
2
-1
3
3
0
0
2
-1
1
-5
1
4
1
-3
-3
-3
0
5
-3
-5
2
-1
1
3
2
1
0
-4
-3
6
2
0
2
1
0
0
-1
1
-4
-4
-1
3
3
-4
-3
0
1
0
-6
1
2
5
-4
0
4
3
3
1
-2
-2
3
4
3
-1
-3
0
-1
1
-4
0
-6
0
0
0
2
1
-1
-7
0
3
6
-2
-1
2
3
-2
1
-2
-2
6
1
2
-3
-3
-3
2
-4
1
2
0
2
0
-2
-2
2
-1
9
0
1
-4
0
-1
0
-1
0
4
-9
0
-5
4
-3
0
-1
-1
2
-4
6
2
0
-4
3
3
2
0
1
6
0
-4
1
4
-8
0
3
-2
-2
-5
1
-3
0
4
-3
-5
-1
3
1
2
7
1
-4
-3
12
-2
-4
-1
4
6
-5
-1
1
-2
-6
1
0
-6
4
0
-1
2
-7
-1
3
2
-1
7
0
-3
5
-4
0
1
1
0
2
0
-4
0
5
-1
-8
4
-3
3
0
-1
-2
6
-2
-4
6
3
-7
-3
0
1
1
3
3
-3
-4
-5
7
-1
1
-8
2
8
-10
-1
11
2
-11
-3
8
0
-6
10
4
-1
-4
-3
-2
8
3
-4
-5
6
3
-12
-4
14
7
-19
-4
10
7
-2
-17
7
7
7
-9
-4
16
-1
-11
-4
8
11
2
-12
-6
8
-1
-3
-2
8
-4
-9
1
2
6
-8
-4
5
8
-6
-6
2
5
9
-6
-4
5
5
0
0
-3
4
1
-8
4
-3
4
-2
0
-5
2
-4
0
3
1
-3
-1
12
-9
-5
12
-2
-2
-3
2
16
-17
-6
7
7
0
-6
-7
8
1
-13
0
3
6
-3
-2
0
-1
6
-2
-4
7
-2
-4
11
8
-1
-4
-6
7
5
-8
1
-2
0
1
-2
5
4
-17
-8
10
-1
-3
-2
-4
17
-1
-13
3
1
1
-5
5
8
3
-7
-4
4
0
1
-9
8
10
-13
3
-5
-1
12
-4
-8
-3
-2
10
-1
-3
-4
-1
2
1
-6
0
10
-2
-7
-1
10
1
1
-9
3
10
-16
4
6
9
-16
-4
7
-6
6
-7
5
-1
-5
-5
3
0
-2
0
1
8
-13
4
0
8
-11
11
4
0
3
-4
-1
1
9
-2
-3
-2
10
-6
-6
2
7
-18
4
6
-1
-2
-9
9
2
-5
0
0
0
5
-6
-5
22
-4
-7
-6
7
11
-13
3
-6
16
-12
-4
11
-8
2
5
-12
-1
1
-6
6
-1
1
3
-1
-9
5
10
0
-9
-2
12
1
1
-4
10
-4
-3
-3
-2
18
-4
-13
0
8
-4
4
2
1
-11
-4
8
7
2
-15
3
14
-6
-11
-2
4
12
-13
-5
5
4
-3
-12
3
7
4
-11
-6
18
1
-8
-13
16
1
-17
17
3
-4
0
-7
12
-2
-11
3
1
6
-2
-6
3
1
4
-3
-12
5
15
-15
-4
9
1
12
-21
-8
15
9
-5
-5
-9
9
11
-22
11
10
-6
-9
-1
14
-3
-12
1
15
-3
-10
5
-2
15
-10
-14
11
11
-11
2
3
-2
3
-4
3
-2
-7
5
1
6
-7
-13
17
14
-26
-11
26
6
-18
-16
12
14
-8
-5
5
2
-12
0
4
13
-14
-11
21
10
-12
-12
-6
17
3
-13
7
5
-4
-9
10
0
-3
1
-2
9
-5
-4
6
2
15
-13
-15
4
12
3
-4
3
-5
-4
1
8
10
-4
-9
0
4
1
-1
-6
-3
10
-4
5
-5
-1
0
4
2
-12
-4
8
10
-9
-8
-2
13
1
-10
3
7
-4
-6
0
10
2
-3
-3
8
-7
2
10
-14
3
4
2
4
-6
4
3
-6
-18
12
4
0
3
-11
0
6
-4
-1
4
-12
8
-4
-2
4
4
-8
0
-1
6
-5
-1
-2
-5
1
-5
8
4
3
-3
-6
-4
0
4
7
-4
-5
-5
2
-2
1
5
-4
-6
-1
22
-17
-14
11
0
-3
10
0
-5
2
-1
8
-7
-1
1
11
-11
2
-2
10
-4
-15
12
4
6
-8
2
-8
-8
4
10
-1
-5
4
1
4
-13
3
7
5
0
-5
8
0
-3
-2
0
3
-6
4
4
3
-4
-4
1
9
-1
-10
-8
13
3
-3
-8
8
9
-3
-2
-5
11
-4
-12
1
17
-1
-18
5
10
1
-5
-6
4
-1
3
-3
1
1
0
2
-7
7
7
-10
-2
6
0
-9
2
1
9
-3
-4
0
11
-8
-15
13
-3
-1
0
-4
4
3
0
0
0
2
2
4
-7
7
1
-7
1
11
-11
-10
4
8
-2
-8
12
-1
-15
3
2
-4
1
7
1
-8
5
3
1
1
-6
-2
10
-2
9
-10
-10
9
5
-2
-5
-1
1
3
-17
6
12
0
-13
-8
16
3
-14
-4
15
3
-18
-4
21
5
-21
6
12
-3
-5
1
13
-6
-5
7
8
-9
-1
12
-1
-10
-1
-1
7
-7
-2
4
-7
3
-1
2
-1
-2
1
10
-14
5
-11
3
10
5
-7
-3
-4
-4
9
-8
7
-1
-1
-11
5
5
0
0
-5
6
-6
4
9
5
-1
-12
8
5
5
-9
3
3
2
-11
-5
11
6
-7
-12
9
2
-5
-10
7
8
-9
-1
-1
2
-5
4
8
0
1
-1
4
1
-2
3
4
9
-3
-3
0
-2
9
-8
1
9
0
-22
1
8
-10
-7
2
8
-11
-4
2
-6
-14
10
16
-18
-12
13
10
-6
4
1
1
5
-4
0
10
8
-7
3
-5
2
-6
7
2
-2
-8
2
4
-8
5
-13
14
-2
-2
-3
-3
5
3
-3
0
10
-2
-12
-3
11
2
-3
3
-8
4
0
8
-8
0
-1
5
-2
-1
1
-7
7
-2
10
-11
-9
3
13
-11
-18
7
3
-4
-1
-7
-3
2
-14
-4
17
1
-22
4
11
1
-4
-4
15
1
-1
2
-1
9
8
-1
1
15
3
-12
6
12
3
-1
8
5
0
3
4
-1
3
0
2
6
16
-12
-12
12
2
-6
-6
8
-6
-12
-4
7
-6
-12
-6
-2
4
-10
-10
-2
-4
-1
-3
-4
0
1
-13
2
10
-3
4
-3
7
0
-14
7
10
12
-8
2
-3
2
2
-4
-7
-4
12
-11
-8
-2
5
4
-9
-8
7
-1
-7
5
19
3
-9
-2
7
7
6
13
5
-1
-13
9
12
4
-5
-2
6
-20
0
7
9
-12
-30
6
7
-3
-2
-5
-4
-3
7
-5
-2
-1
3
0
-4
5
0
9
5
-6
-1
9
13
6
5
5
2
-2
15
9
4
1
5
4
-11
-2
2
5
-5
-6
-13
-10
3
-6
-9
-12
-6
-9
-7
-6
-12
-5
-15
-6
-1
-5
-5
-14
-5
1
-1
-1
0
5
-8
-5
16
10
0
-8
-9
10
9
7
-3
-11
-14
-4
8
8
8
3
-11
-5
5
10
6
12
17
9
6
14
21
9
11
18
28
24
14
17
16
13
19
19
10
12
15
0
-4
-1
10
3
-12
-25
-16
-3
0
-22
-24
-17
-28
-23
-21
-4
-17
-25
-30
-22
-13
-7
-15
-16
-12
-5
1
-2
10
3
-5
9
26
16
9
4
15
21
21
16
4
6
2
6
-2
2
-3
-4
-10
-6
0
-20
-15
-6
-3
-18
-11
9
-1
-4
-1
8
6
-1
9
17
15
14
21
25
37
34
24
37
46
58
59
65
65
58
70
75
71
69
68
58
56
51
24
20
25
1
-19
-33
-52
-63
-72
-89
-99
-101
-112
-123
-132
-127
-116
-124
-119
-106
-105
-102
-97
-88
-68
-68
-62
-51
-46
-38
-30
-22
-26
-10
4
8
13
14
20
36
59
54
53
65
68
69
94
101
97
91
93
95
87
89
90
84
69
69
59
41
21
15
19
2
-16
-28
-26
-43
-52
-47
-45
-55
-58
-39
-35
-38
-44
-22
-7
-3
4
16
38
43
53
59
71
79
88
98
103
110
108
113
108
109
109
105
101
89
79
67
58
41
22
-2
-24
-41
-56
-70
-91
-112
-137
-146
-158
-165
-177
-186
-188
-197
-208
-214
-210
-209
-198
-194
-192
-189
-177
-158
-142
-129
-119
-94
-63
-41
-23
-8
22
55
90
112
133
158
188
215
227
235
243
256
267
262
250
233
220
202
181
150
122
91
57
16
-21
-54
-86
-119
-150
-171
-184
-194
-202
-206
-202
-189
-164
-131
-102
-77
-50
-10
39
77
110
141
178
204
224
236
249
258
255
245
227
212
187
164
138
112
77
44
19
-1
-25
-55
-74
-83
-80
-86
-98
-113
-122
-125
-119
-119
-132
-155
-177
-190
-206
-232
-274
-313
-347
-375
-420
-461
-505
-530
-553
-559
-558
-547
-533
-499
-415
-306
-213
-149
-81
47
212
349
439
512
609
702
766
800
838
877
876
829
765
720
682
604
509
412
336
249
144
19
-104
-193
-244
-276
-349
-423
-494
-533
-545
-556
-570
-552
-505
-470
-447
-436
-361
-246
-128
-57
20
128
269
383
457
603
795
915
915
883
960
1107
1148
1069
971
952
913
805
661
559
487
338
147
-16
-127
-199
-328
-462
-613
-700
-773
-817
-868
-980
-1040
-1061
-1044
-1065
-1087
-1096
-1088
-1087
-1094
-1039
-1000
-975
-982
-1000
-965
-951
-931
-912
-915
-947
-968
-979
-989
-960
-814
-602
-376
-218
-158
-125
9
318
714
1013
1131
1116
1188
1323
1465
1585
1659
1715
1643
1436
1274
1210
1175
1145
1011
839
711
548
383
220
50
-36
-12
32
-42
-178
-361
-459
-401
-308
-235
-185
-244
-328
-377
-325
-191
-23
100
142
128
97
199
427
734
971
1047
988
953
1064
1258
1385
1394
1309
1212
1135
955
864
774
691
481
226
15
-168
-301
-444
-604
-777
-881
-960
-1028
-1147
-1315
-1416
-1426
-1428
-1452
-1524
-1562
-1588
-1580
-1599
-1593
-1601
-1570
-1547
-1591
-1596
-1682
-1688
-1686
-1746
-1858
-1897
-1748
-1502
-1325
-1308
-1112
-576
-89
55
74
388
1050
1595
1700
1618
1895
2320
2505
2414
2316
2462
2595
2433
2064
1835
1822
1788
1579
1179
884
708
583
329
9
-203
-314
-381
-521
-745
-925
-995
-948
-949
-1019
-1084
-1077
-963
-923
-912
-856
-656
-470
-346
-286
-223
-21
240
438
602
767
983
1229
1403
1633
1880
2080
2143
2087
2108
2204
2222
2044
1784
1549
1336
1145
863
570
286
-11
-332
-602
-801
-923
-1052
-1275
-1501
-1648
-1686
-1715
-1792
-1906
-2010
-2039
-2032
-2048
-2088
-2104
-2141
-2173
-2159
-2124
-2178
-2266
-2365
-2372
-2398
-2466
-2365
-2030
-1626
-1521
-1472
-1089
-369
231
401
516
1067
1845
2279
2267
2328
2788
3255
3311
3077
2974
3121
3150
2804
2381
2163
2173
2051
1625
1118
773
572
400
38
-296
-498
-626
-790
-1028
-1232
-1342
-1337
-1310
-1387
-1431
-1454
-1389
-1285
-1219
-1118
-1080
-896
-740
-611
-502
-367
-109
117
324
502
756
1116
1453
1757
2054
2319
2439
2436
2491
2684
2747
2582
2243
1997
1846
1615
1292
932
641
277
-85
-375
-598
-825
-1054
-1286
-1492
-1664
-1806
-1942
-2004
-2180
-2303
-2296
-2267
-2310
-2469
-2543
-2562
-2508
-2482
-2546
-2621
-2732
-2881
-3026
-3139
-3124
-2853
-2394
-1963
-1784
-1697
-1295
-610
109
625
999
1544
2126
2465
2636
2935
3464
3876
3887
3649
3491
3525
3461
3191
2860
2648
2474
2170
1701
1138
711
407
199
-58
-347
-664
-945
-1159
-1380
-1493
-1465
-1443
-1441
-1567
-1662
-1665
-1535
-1336
-1103
-965
-933
-885
-759
-531
-264
54
350
590
817
1094
1470
1958
2387
2708
2854
2902
3007
3136
3178
3037
2839
2615
2302
1929
1521
1190
832
388
-96
-438
-740
-1058
-1341
-1614
-1830
-2004
-2227
-2374
-2480
-2600
-2752
-2834
-2831
-2842
-2893
-2977
-3056
-2992
-2894
-2848
-2921
-3100
-3239
-3311
-3349
-3292
-2937
-2336
-1726
-1519
-1492
-1138
-318
621
1322
1676
2066
2479
2893
3193
3538
3938
4229
4212
3953
3610
3391
3289
3083
2772
2395
2050
1708
1263
594
59
-299
-428
-507
-783
-1232
-1598
-1849
-1954
-1900
-1786
-1694
-1678
-1773
-1874
-1798
-1523
-1133
-832
-681
-590
-487
-292
23
394
774
1120
1337
1530
1999
2605
3192
3440
3400
3474
3741
3995
3947
3630
3310
2980
2616
2178
1748
1312
812
190
-399
-857
-1163
-1430
-1812
-2185
-2474
-2678
-2860
-3041
-3257
-3415
-3512
-3503
-3530
-3609
-3744
-3843
-3861
-3773
-3667
-3568
-3640
-3811
-3947
-4025
-4073
-3777
-2994
-2005
-1377
-1372
-1395
-692
657
1966
2630
2952
3269
3683
4124
4480
5008
5513
5622
5226
4644
4206
4089
3968
3618
3068
2465
1888
1379
709
-70
-688
-1035
-1258
-1479
-1851
-2336
-2702
-2864
-2838
-2697
-2498
-2297
-2163
-2176
-2197
-2065
-1572
-904
-369
-190
-188
-91
196
737
1322
1832
2181
2476
2927
3530
3936
4005
4082
4427
4762
4754
4388
3913
3618
3231
2768
2303
1832
1099
249
-398
-883
-1298
-1667
-2102
-2622
-3046
-3364
-3520
-3630
-3871
-4246
-4443
-4391
-4246
-4198
-4239
-4380
-4501
-4449
-4295
-4060
-3945
-4016
-4183
-4371
-4512
-4257
-3289
-1880
-796
-822
-1325
-1031
542
2563
3725
3836
3777
4105
4726
5238
5638
6102
6429
6118
5218
4392
4213
4348
4089
3345
2452
1770
1344
635
-399
-1378
-1971
-2047
-2041
-2354
-3081
-3711
-3946
-3856
-3610
-3282
-2992
-2724
-2668
-2706
-2497
-1825
-917
-189
148
196
369
829
1561
2328
3124
3778
4208
4339
4473
4908
5407
5725
5682
5414
5087
4706
4283
3751
3218
2683
2013
1183
350
-401
-985
-1482
-1999
-2484
-2951
-3353
-3715
-4104
-4498
-4674
-4755
-4872
-5160
-5416
-5472
-5360
-5183
-5181
-5240
-5263
-5293
-5227
-5098
-4911
-4873
-5062
-4748
-3574
-1744
-528
-597
-1054
-349
1633
3728
4628
4659
4747
5433
6196
6510
6816
7286
7551
7071
6005
5015
4934
5091
4660
3562
2532
1941
1560
713
-630
-1833
-2348
-2359
-2459
-2952
-3707
-4314
-4560
-4589
-4448
-4045
-3583
-3208
-3265
-3456
-3263
-2463
-1337
-428
-148
-81
186
797
1704
2702
3875
4948
5406
5125
4948
5654
6800
7185
6562
5692
5357
5211
4642
3873
3152
2502
1634
670
-180
-856
-1414
-1936
-2579
-3307
-3704
-3769
-3938
-4401
-5118
-5654
-5658
-5554
-5635
-5828
-5865
-5930
-6137
-6238
-6162
-6088
-6119
-6223
-6342
-6508
-6334
-5193
-3098
-1197
-1064
-2149
-2162
173
3488
5296
4977
4423
5049
6356
7086
7384
7968
8686
8484
6989
5431
5219
5958
6017
4877
3342
2433
2252
1692
321
-1238
-2097
-1984
-1737
-2106
-3242
-4329
-4725
-4549
-4139
-3812
-3611
-3438
-3486
-3686
-3666
-3040
-1895
-782
-394
-691
-770
-52
1314
2793
4152
5007
5120
4738
4877
6025
7293
7568
6834
5861
5367
5182
4899
4464
3790
2666
1400
549
-11
-559
-1116
-1730
-2507
-3244
-3706
-3944
-4181
-4732
-5602
-6094
-6013
-5832
-5929
-6229
-6530
-6700
-6678
-6686
-6750
-6773
-6866
-7102
-7502
-7274
-5926
-3594
-1563
-1561
-2897
-3137
-727
3015
5129
4882
4137
4682
6196
7095
7360
7916
8725
8672
7337
5722
5343
6001
6161
5061
3580
2807
2607
1988
552
-1111
-1858
-1638
-1417
-1704
-2753
-3892
-4479
-4519
-4202
-3590
-3022
-2729
-2933
-3319
-3425
-2817
-1527
-258
298
132
-154
137
1728
3901
5239
5152
4397
4451
5730
6950
7098
6487
5890
5512
5099
4689
4332
3846
2952
1682
581
128
-149
-556
-1297
-2351
-3157
-3602
-3956
-4399
-4886
-5533
-6171
-6498
-6592
-6718
-6810
-6972
-7166
-7319
-7648
-7967
-7900
-7541
-7555
-7678
-6850
-4569
-1934
-1116
-2352
-3170
-1146
2793
5576
5633
4704
4891
6259
7283
7606
8130
8978
9045
7487
5487
4917
5784
6316
5286
3340
2058
1918
1823
633
-1201
-2491
-2560
-2108
-2054
-2821
-4005
-4818
-5044
-4682
-4081
-3421
-2852
-2817
-3050
-3207
-2761
-1506
-12
979
1175
988
1318
2710
4662
6174
6369
5908
5841
6519
7434
7764
7412
6707
5853
5144
4618
4309
3792
2671
1211
81
-478
-759
-1284
-2058
-2837
-3591
-4258
-4844
-5322
-5795
-6354
-6994
-7439
-7603
-7684
-7991
-8420
-8708
-8796
-8775
-8898
-9119
-9306
-9112
-7742
-4948
-1945
-880
-2184
-3409
-1510
3048
6816
7263
5880
5524
6914
8292
8815
9253
10110
10242
8456
5856
4722
5669
6638
5626
3284
1579
1248
1287
191
-1852
-3345
-3347
-2638
-2456
-3291
-4658
-5597
-5637
-5049
-4309
-3662
-3061
-2919
-3386
-3806
-3280
-1461
716
1817
1435
748
1511
3849
6330
7320
6688
6089
6590
7633
8259
8120
7624
6910
5963
5175
4902
4990
4467
2811
915
-145
-223
-86
-755
-2074
-3277
-3955
-4373
-4924
-5730
-6495
-7168
-7719
-8019
-8152
-8312
-8987
-9853
-10325
-10172
-9884
-9936
-10395
-10607
-9469
-6500
-3228
-1825
-2803
-3673
-1566
2864
6400
6845
5978
6321
7935
9066
9153
9500
10816
11367
9732
6832
5260
6000
7091
6157
3643
1725
1394
1525
323
-2035
-3935
-4075
-3127
-2650
-3296
-4580
-5787
-6149
-5750
-4909
-3829
-2862
-2611
-3185
-3964
-3755
-2026
437
2142
2378
2247
2859
4251
5627
6542
7094
7705
8168
8268
7787
7216
6732
6415
6136
5686
4945
4047
3138
2007
777
38
19
86
-609
-2129
-3538
-4242
-4411
-4647
-5385
-6400
-7376
-8174
-8574
-8714
-9040
-9783
-10724
-11340
-11396
-11399
-11649
-11901
-10462
-6921
-3503
-2840
-4723
-5222
-1605
4079
7530
7202
5865
6406
8336
9545
9841
10859
12340
12219
9457
6196
5275
6889
8123
6536
3457
1513
1269
1193
-173
-2424
-3811
-3647
-3107
-3436
-4347
-5228
-5886
-6051
-5854
-5287
-4126
-3131
-3123
-3883
-4391
-3573
-1507
794
1984
1967
2265
3566
5186
6324
6975
7640
8238
8399
8279
8132
8068
7545
6610
5845
5557
5312
4704
3522
2099
960
458
311
-121
-1001
-1939
-2786
-3922
-5152
-6120
-6582
-6840
-7370
-8336
-9404
-10130
-10869
-11770
-12252
-12230
-12053
-12532
-13165
-12053
-8241
-4227
-3350
-5502
-6214
-2382
3689
7461
7201
5714
6345
8423
9823
10262
11211
12762
12755
10271
6954
5598
6933
8387
7314
4443
1957
1059
947
-105
-2273
-3996
-3925
-2945
-2899
-4049
-5648
-6713
-6578
-5923
-5090
-4015
-3138
-3099
-3899
-4620
-4121
-2005
1236
3730
4085
2836
1892
3076
6045
8644
8983
7621
6512
6526
7062
7344
7198
6859
6211
5273
4337
3975
3921
3499
2403
1155
449
303
25
-829
-2275
-3904
-5289
-6043
-6192
-6475
-7362
-9041
-10841
-12022
-12635
-12937
-13153
-13517
-14327
-14357
-11761
-7543
-4811
-5983
-8223
-6525
-527
5274
6714
5342
5271
7292
9063
9436
10140
12075
13337
11638
8099
6024
6823
8412
7689
4968
2908
2589
2637
1216
-1711
-4197
-4616
-3150
-1886
-2054
-3539
-5696
-6913
-6637
-5359
-3625
-2212
-1778
-2561
-3766
-4053
-2380
984
4072
4991
3777
2400
2775
4998
7455
8289
7422
6224
5522
5475
5766
5985
5506
4408
3293
2708
2927
3308
2863
1615
414
51
465
812
407
-909
-2546
-3987
-4670
-4672
-4591
-5288
-7130
-9339
-11165
-11992
-12189
-12486
-13220
-14193
-13254
-9874
-6258
-5613
-8087
-8782
-4635
1902
5767
5052
3527
4600
7316
8854
9003
9809
11387
11395
8784
5777
4974
6590
7382
5236
2327
1196
1655
1798
-199
-3393
-5364
-4608
-2440
-1377
-2078
-3885
-5483
-5618
-4676
-3443
-1968
-754
-607
-1738
-2904
-2470
318
4349
6764
5757
3160
2213
4195
7450
9025
7936
6064
5054
4946
4997
4959
4868
4279
3124
1847
1295
1830
2367
1773
235
-900
-745
209
389
-679
-2204
-3533
-4350
-4809
-4939
-4959
-5671
-7598
-10342
-12231
-12474
-12137
-12504
-13092
-11387
-7754
-5131
-6559
-9536
-8212
-1769
4931
6776
4620
3582
5283
7807
8722
9359
11246
12678
10855
6519
3498
4085
6766
7180
4094
396
-1193
-648
-210
-1740
-4379
-6516
-6347
-4818
-3525
-3004
-3875
-5383
-6109
-5715
-3918
-1468
509
891
-462
-1755
-1229
2108
6269
8025
6365
3903
3599
5715
8327
9183
7819
5654
4539
4864
5622
5769
4855
3218
1931
1351
1545
2269
2655
1587
-262
-1435
-1311
-522
-264
-1216
-3037
-4559
-5222
-5226
-5173
-5968
-7775
-9863
-11212
-11848
-12391
-13334
-14020
-12047
-7887
-4720
-5821
-9413
-9326
-3614
3787
7273
5973
4415
5127
7345
8778
9779
11838
13603
12477
8305
4529
4080
6539
7824
5517
1736
-426
-627
-743
-2515
-5182
-6914
-6432
-5004
-4388
-4543
-5482
-6735
-7283
-6719
-4672
-2092
-450
-705
-2170
-2606
-656
3017
6210
6915
5490
4436
4901
6323
7835
8735
8336
6745
5128
4687
5334
5849
5436
4101
2871
2346
2430
2834
2661
1525
370
58
115
-241
-1147
-2164
-3277
-4164
-4939
-5443
-5698
-6592
-8865
-11271
-12604
-12579
-12465
-13643
-13025
-9715
-5428
-4839
-8793
-10690
-6399
1308
6257
5754
4206
4801
6823
7767
8008
9959
12961
13648
10166
5541
3432
5253
7627
6741
3421
908
327
515
-1022
-3991
-6511
-6333
-4127
-2855
-3264
-4787
-6587
-7010
-6349
-4917
-2673
-670
277
-781
-2005
-1511
859
4019
6050
5989
4623
3452
3484
4915
6753
7075
5633
4053
3633
3877
3626
3233
2967
3242
3413
2967
2577
2500
2388
1836
1130
728
789
754
2
-1514
-3054
-4039
-4442
-4790
-5873
-8069
-10285
-11814
-12417
-13247
-13699
-11410
-7247
-4032
-6175
-10508
-10399
-4238
3186
5891
4227
3225
4550
6670
6826
7383
9810
12137
11165
6939
3376
3188
5611
6494
4111
1258
242
440
346
-1452
-4227
-6313
-5788
-3716
-1924
-1509
-3040
-5349
-6376
-5615
-3410
-411
1978
2022
-284
-2034
-736
2756
5914
6349
4737
3405
3149
3818
4903
5497
4733
2895
1932
2272
2937
2893
1852
638
419
1154
2344
3317
3166
1890
663
405
974
1640
1720
651
-1179
-2786
-3758
-4314
-4785
-5984
-7916
-10102
-11632
-12958
-13512
-11013
-6898
-3610
-5310
-9724
-10307
-4870
2721
5916
4349
3163
4200
6480
7043
7182
8931
11064
10518
6586
2758
2109
4351
5672
3814
780
-887
-854
-644
-1993
-3989
-5781
-5636
-4121
-2657
-1769
-2235
-3756
-4901
-4910
-2987
134
3346
4664
3254
857
-200
1599
5097
7640
7422
4879
2294
1329
2239
3777
4073
2555
443
-348
-11
470
174
-987
-1475
-568
1119
2374
2311
1407
399
257
728
1368
1905
2117
1284
-881
-3491
-5046
-5015
-4696
-5748
-8356
-11068
-13098
-12335
-8654
-3986
-2521
-6421
-10460
-9134
-2077
4849
6277
4231
3083
4217
5848
6363
7874
10334
11236
8182
3303
924
2618
5187
4407
801
-1706
-1545
-396
-989
-3530
-6147
-6812
-4977
-2713
-1294
-1021
-2089
-3473
-4066
-3150
-571
2575
4964
5321
3982
2764
2837
4254
6131
7308
6794
5231
3502
2471
2354
2231
1515
420
-354
-576
-907
-1698
-2778
-3683
-3303
-1742
160
1120
609
-624
-1115
-624
552
1521
1734
1325
112
-1640
-3105
-3930
-4311
-5128
-6946
-9255
-11368
-10109
-6084
-2061
-2232
-6845
-9429
-6455
333
5203
5119
3385
3134
4242
5254
5845
7980
10458
10281
6272
1431
-442
1625
4106
3274
-268
-3073
-3335
-2417
-2689
-4668
-7013
-7400
-5235
-2862
-1816
-1950
-2786
-2935
-2422
-1082
1260
4520
7652
7989
6012
4166
4889
8025
10373
9951
7169
4555
3495
3539
3717
2682
924
-925
-2123
-2564
-3007
-3178
-3490
-4266
-5092
-5033
-3295
-1265
-416
-1540
-2932
-2766
-1199
572
1176
494
-686
-1957
-3062
-3863
-4216
-4839
-6185
-8761
-9931
-7141
-2065
928
-2512
-7720
-8406
-2696
4645
7605
5912
3718
3215
4316
5151
6796
9643
11038
8727
3386
-769
-879
1966
3461
1452
-2040
-4101
-4318
-4399
-5505
-7215
-8255
-7085
-5024
-3788
-3553
-3945
-3985
-3432
-2213
-310
2353
5576
7810
7665
5951
5308
7252
10669
12526
10942
7606
5268
4987
5770
5451
4117
2056
322
-820
-1937
-2704
-2960
-2983
-3477
-4477
-4803
-3908
-2458
-1980
-3269
-4648
-4559
-2952
-1320
-867
-1766
-3531
-5036
-6065
-6460
-6487
-6964
-8589
-8778
-6041
-1451
343
-2933
-6230
-5047
920
6458
7456
5773
4720
5010
5725
5991
7879
10687
11488
8094
2488
-809
226
3085
3321
373
-2785
-3546
-3253
-4107
-6394
-8667
-8999
-7119
-4923
-3663
-3738
-4605
-5450
-5519
-3769
-594
3517
6983
7460
5127
2566
3166
7041
10785
11974
9646
5935
3636
3788
5305
5445
3744
1889
1208
1270
520
-1205
-2285
-2321
-1671
-1120
-946
-945
-1293
-1889
-2755
-3815
-3808
-2164
-91
251
-2224
-5597
-7576
-7277
-6443
-6608
-8535
-9671
-7340
-3243
-613
-3094
-6379
-5748
-890
4256
5892
5147
4812
4849
4551
3776
4805
8310
10919
9525
4145
-732
-1714
870
2853
2020
-594
-2025
-1845
-2149
-4195
-6961
-8255
-6760
-3729
-1536
-1224
-2698
-4543
-5506
-4443
-872
3335
6517
7012
4760
2184
1391
3880
7695
9869
9161
5533
1957
655
1942
3776
3370
1138
-933
-1234
-229
327
-285
-1614
-2663
-2481
-935
1169
2277
1115
-1236
-2986
-2993
-1617
283
1297
253
-2632
-5969
-7687
-7566
-6588
-6902
-7295
-5393
-1713
126
-3113
-6790
-5865
358
6553
7842
5604
3682
3627
4276
4109
4838
7225
8795
7284
2432
-2009
-3260
-1486
-4
-907
-3000
-3542
-2609
-2465
-4746
-7725
-8841
-6822
-3138
-636
-81
-969
-2135
-3241
-3185
-393
5159
10424
10992
6846
2190
1619
4852
8161
9617
8394
5132
1103
-1291
-445
1524
1739
-414
-3005
-3677
-2813
-1928
-1771
-2625
-3569
-3760
-2694
-426
1288
1197
-648
-2889
-3194
-1361
1078
1837
82
-3038
-5485
-6549
-6258
-6043
-6466
-5107
-1902
1510
657
-3445
-5085
-1385
5079
8743
7945
6331
5908
5848
4941
3838
5672
8724
9089
5180
-374
-3382
-2997
-1982
-2266
-4032
-4945
-4155
-3712
-4964
-7826
-9837
-9598
-6872
-3177
-425
65
-1465
-3451
-4074
-1857
3199
8919
11934
10266
5642
2574
3526
7369
10316
10508
7567
3117
-227
-451
1415
2221
324
-2622
-4136
-3446
-2179
-2054
-2943
-4153
-4427
-3866
-2721
-1407
-686
-949
-2343
-3798
-3882
-2041
-20
278
-1895
-5077
-7324
-7750
-7194
-7021
-5503
-2077
2157
2477
-1967
-5270
-2672
5097
11025
11511
8937
7083
6919
6968
6651
7921
10292
10661
7177
1555
-1989
-2014
-712
-1007
-3528
-6052
-5880
-4513
-4479
-7029
-10253
-11524
-9847
-6359
-2852
-1048
-1408
-3006
-4482
-3556
413
5927
9996
9770
6751
4281
3955
5787
7702
8848
7974
5221
2372
1164
1473
1794
661
-1171
-2163
-1867
-993
-838
-1730
-2968
-3945
-3927
-2862
-1445
-820
-1630
-3263
-4550
-4602
-3281
-1997
-1938
-3438
-5958
-8275
-9302
-9102
-8816
-6713
-3113
1069
1157
-2851
-5436
-2841
4277
9753
11035
9721
8703
8199
7549
6853
8609
11891
12762
9352
3590
41
2
1007
618
-1709
-3764
-3523
-2549
-3023
-6046
-9349
-10659
-9262
-6302
-3299
-1575
-1698
-3259
-4917
-4559
-1061
4401
8519
8526
5458
2927
2500
4125
5892
7118
6321
3796
1433
824
1276
1210
-36
-1768
-2203
-1370
-150
185
-557
-1731
-2735
-3114
-2243
-751
482
76
-1728
-3589
-4275
-3290
-2053
-1989
-3729
-6266
-8438
-9483
-10381
-9800
-6550
-1540
1707
-992
-5479
-6874
-2137
4852
8940
9342
8220
7330
6624
5768
6112
9072
11841
11437
6852
1863
-172
724
2003
1599
-740
-2285
-2225
-1142
-1452
-4097
-6916
-8068
-6649
-3585
-646
495
-311
-2362
-3364
-2025
1303
5185
6980
6686
5067
3027
1931
1963
3239
4265
3332
1661
381
237
158
-1071
-2736
-3509
-2526
-528
386
-261
-1555
-2566
-2727
-2446
-1403
-221
216
-316
-1755
-3058
-3433
-2763
-1850
-2220
-3960
-6369
-8229
-9587
-9716
-6859
-2129
1945
574
-3780
-6353
-3551
2868
7557
8741
7706
6669
5576
4427
3897
6384
9715
10296
6642
1089
-1614
-958
549
634
-1208
-2396
-1831
-697
-942
-3082
-5265
-5661
-4401
-2316
-10
1415
1667
454
-730
-375
1672
4546
6376
6709
5856
4390
2889
1890
1767
2291
2215
1501
645
201
-133
-1276
-2737
-3547
-2828
-1126
-68
-319
-1288
-2116
-2364
-2183
-1920
-1519
-1334
-1368
-1667
-2591
-3434
-3924
-3709
-3553
-4176
-5824
-7427
-8722
-8596
-5876
-1605
2018
908
-2321
-4377
-1981
3167
7461
8949
8242
6860
5391
4239
3829
6138
8664
8826
5084
245
-1922
-1593
-691
-1102
-2604
-3324
-2540
-1030
-778
-2570
-4885
-5793
-4610
-1755
1531
3570
3447
1346
-321
219
2831
5991
7683
7488
5716
3542
2178
1958
2148
1940
826
-282
-829
-721
-371
-1182
-2750
-3987
-3505
-1421
325
673
-361
-1961
-2663
-2201
-1019
-266
-587
-1414
-2382
-3288
-3975
-3926
-3695
-3796
-5040
-6795
-8322
-9464
-8000
-4222
636
2348
-580
-3825
-3847
498
5462
8210
8234
7461
6502
5469
4297
4199
6433
8122
7176
3097
-820
-2209
-1871
-1752
-2558
-3755
-4031
-2982
-1744
-1833
-3514
-5433
-5421
-3287
176
3316
4587
3870
2359
1911
3103
4951
6889
8180
8033
6316
3943
2519
1924
1584
797
-278
-1380
-1897
-1325
-1018
-2130
-4376
-5266
-3717
-1033
900
828
-536
-2136
-2747
-1932
-800
90
94
-738
-2265
-3932
-4844
-4748
-4418
-4726
-5920
-7495
-9129
-9448
-6845
-2233
1583
767
-2151
-3562
-653
4236
7629
8495
8038
7607
6715
5493
4542
5946
8186
8418
4859
-155
-2678
-2298
-1268
-1847
-3908
-5509
-5268
-3646
-2558
-3388
-5303
-6258
-5023
-2043
1465
3942
4794
4113
2881
2305
3142
5647
8908
10194
8343
4683
2084
1711
2084
2318
1656
302
-1624
-2685
-2457
-2060
-2627
-3751
-3759
-2545
-710
330
3
-1289
-2322
-2033
-1117
-149
270
291
-762
-2663
-4479
-5201
-4728
-4271
-4605
-6312
-8690
-10465
-8931
-4469
410
1463
-1532
-4439
-3750
988
6110
8919
8744
7434
5955
5331
5296
6410
8229
8639
6465
2241
-938
-1565
-807
-873
-2538
-4643
-5188
-4166
-2666
-2931
-4796
-6663
-6259
-3768
-191
2968
5026
5576
4064
2008
882
3253
7704
11042
10252
6226
2252
513
938
2008
2399
1376
-275
-1905
-2530
-2929
-3301
-3632
-3676
-3109
-1816
-283
472
-531
-2570
-3597
-2897
-621
1117
1478
244
-1730
-3594
-4659
-4642
-3748
-2925
-3833
-6164
-9244
-9588
-6142
-775
2493
355
-3666
-5422
-2061
3505
7520
8398
7188
5431
4020
3691
4638
7178
8921
7702
3530
-861
-2034
-837
4
-1102
-3517
-4778
-4476
-3127
-2565
-3642
-5761
-7005
-5976
-2629
1760
4878
5740
4341
2572
1926
3328
6595
10107
11270
9014
4808
1949
1401
2185
2612
1908
651
-752
-1417
-1806
-2475
-3590
-4489
-4150
-2742
-805
279
-397
-2668
-4734
-4719
-2821
-488
726
377
-1509
-3998
-5785
-5819
-4587
-3023
-2949
-4703
-7982
-10221
-8126
-2570
3173
3598
-246
-4106
-3412
1083
5986
8573
8756
7663
5508
3714
3062
4906
7878
8665
5950
1146
-2097
-2226
-1331
-1208
-2715
-4345
-4818
-4151
-2927
-3050
-4452
-6628
-7303
-5592
-1406
2953
5585
5371
3069
850
471
3319
7841
11090
10734
7215
3189
825
796
2370
3604
3237
1459
-19
-467
-587
-1278
-2148
-2272
-1410
-7
1186
1073
-648
-3092
-4482
-3851
-1821
-142
141
-1317
-3731
-6076
-7299
-6797
-5014
-3470
-4116
-7011
-10480
-11086
-7483
-1472
3048
2437
-1065
-3562
-1847
2692
6692
8613
8691
7601
5938
4544
4363
5891
7493
7361
4797
1332
-527
-761
-688
-1802
-3677
-4666
-4292
-2748
-1577
-2157
-4517
-7041
-7371
-4675
-238
3801
5683
4541
1574
-1029
-604
2927
7295
9454
8239
4715
1072
-785
-312
1493
2754
2489
973
-211
-419
-174
-369
-1017
-1034
350
2356
3342
2254
-115
-2116
-2483
-1325
290
1203
621
-1160
-3622
-5616
-6463
-5637
-4082
-3438
-4877
-7917
-10770
-11081
-8008
-2886
1154
870
-2018
-4225
-2858
1324
5405
7632
7788
6525
5266
4666
4769
5607
6364
6399
4952
2435
480
-508
-897
-1443
-2579
-3508
-3850
-2996
-1592
-1476
-3099
-5573
-6340
-4014
437
4192
5090
3033
627
-245
934
3356
5752
6852
5885
3178
740
-350
150
1206
1627
1012
-390
-1051
-481
362
75
-1076
-1558
-146
2020
3132
2111
-271
-1868
-1491
110
1385
1399
537
-865
-2729
-4147
-4516
-3483
-2365
-2294
-3943
-6529
-8836
-9859
-8534
-5255
-894
1527
547
-2583
-4486
-2769
1514
5640
7704
7702
6736
5556
4278
3172
3325
4830
6413
5979
3377
154
-2032
-2765
-2889
-2791
-2498
-1995
-1046
-1059
-2424
-4937
-6483
-5483
-1933
2078
4339
3750
1343
-734
-1061
645
3358
5455
5848
4201
1762
-88
-418
635
1655
1792
872
79
160
888
988
319
-479
-357
739
1929
2112
1150
-316
-1021
-879
-297
-154
-170
-523
-1312
-2571
-3699
-3718
-2736
-1985
-2382
-4224
-6315
-7641
-8105
-7136
-4714
-1012
1546
791
-2342
-4503
-3216
1055
5278
7644
7707
6449
4802
3334
2556
3305
5137
6885
6703
4326
1134
-1367
-2220
-1757
-941
-310
-204
-113
-497
-1859
-4108
-5778
-5390
-2690
665
2837
2569
231
-2397
-3477
-2222
520
2844
3657
2693
952
-460
-1151
-790
22
1292
2175
2504
2157
1635
1024
783
792
1120
1616
2135
2415
2051
946
-314
-1077
-972
-443
-38
-51
-535
-1323
-2136
-2668
-2708
-2465
-2415
-2981
-4233
-5715
-7046
-7381
-6224
-3692
-894
-1
-1528
-4011
-4994
-3001
1061
4795
6391
5289
3106
1648
1693
3117
4999
6504
6829
5529
3491
1648
752
888
1425
2059
2436
2486
2143
866
-1052
-2896
-3610
-2681
-596
1433
2063
586
-2140
-4440
-4830
-3138
-659
1067
1234
-103
-1832
-3280
-3571
-2548
-643
1212
2112
1989
1281
558
257
430
887
1569
2372
2911
2737
1652
299
-484
-476
141
866
1602
1832
1343
142
-922
-1172
-766
-268
-349
-903
-1948
-3192
-4800
-6044
-5963
-4084
-1625
-684
-1982
-4243
-5447
-4734
-2588
-224
1561
2104
1319
-62
-820
-57
2037
4118
4978
4487
3479
2780
2363
2201
2461
3315
4342
4691
4025
2597
1054
-27
-369
-39
815
1565
1673
711
-1084
-2875
-3770
-3280
-1605
1
461
-652
-2376
-3510
-3363
-2104
-291
1255
1783
1288
442
20
30
275
508
828
1217
1484
1255
395
-641
-1309
-1168
-403
634
1401
1562
934
-46
-801
-717
109
1026
1418
941
-151
-1511
-2675
-3304
-3118
-2362
-1501
-1111
-1607
-2637
-3824
-4325
-3830
-2525
-1123
-449
-649
-1203
-1455
-1206
-505
431
1399
2114
2485
2520
2469
2350
2277
2287
2553
3115
3767
4142
3580
2067
504
-194
355
1447
2074
1664
194
-1564
-2578
-2422
-1397
-413
-168
-510
-980
-1091
-658
108
904
1412
1464
1351
1333
1568
1662
1386
810
393
409
688
753
411
-388
-1258
-1712
-1512
-674
168
482
114
-536
-832
-479
209
772
892
593
57
-508
-801
-791
-678
-790
-1382
-2276
-2847
-2740
-2152
-1786
-2049
-2724
-3284
-3277
-2737
-1953
-1350
-1219
-1395
-1475
-1035
-139
749
1275
1351
1070
797
738
1143
1798
2262
2063
1351
728
679
1152
1554
1500
1037
464
11
-211
-145
214
506
373
-135
-524
-359
399
1299
1947
2285
2288
2022
1707
1638
1898
2180
2162
1942
1748
1615
1322
731
102
-303
-347
-282
-309
-594
-946
-1130
-931
-456
-34
147
-39
-477
-892
-997
-739
-314
-32
-56
-442
-972
-1258
-1227
-1099
-1093
-1175
-1257
-1434
-1761
-2020
-2075
-1956
-1868
-1816
-1621
-1252
-949
-966
-1211
-1299
-954
-431
-196
-305
-452
-415
-380
-536
-663
-572
-266
-193
-446
-731
-635
-274
-4
29
-6
103
269
422
487
575
769
1002
1314
1678
2104
2459
2623
2582
2470
2449
2491
2610
2661
2707
2681
2556
2212
1727
1355
1208
1185
930
446
131
223
465
428
119
-203
-335
-513
-822
-1086
-1021
-769
-776
-1224
-1663
-1689
-1281
-972
-1057
-1278
-1233
-861
-563
-493
-582
-631
-578
-423
-193
75
197
96
-176
-424
-530
-525
-415
-324
-409
-776
-1322
-1696
-1660
-1442
-1454
-1795
-2178
-2193
-1849
-1469
-1364
-1511
-1648
-1727
-1616
-1322
-801
-351
-275
-543
-701
-339
369
988
1267
1351
1425
1521
1569
1745
2103
2543
2727
2593
2312
2237
2396
2539
2399
2018
1762
1826
2114
2277
2096
1708
1355
1059
719
388
239
288
284
-82
-772
-1404
-1570
-1370
-1204
-1217
-1315
-1388
-1438
-1450
-1294
-1051
-869
-865
-846
-539
-23
402
429
164
-91
-82
153
458
715
835
646
150
-337
-458
-210
-25
-292
-814
-1175
-1170
-995
-960
-1131
-1459
-1773
-1854
-1620
-1238
-1101
-1408
-1920
-2126
-1722
-982
-485
-472
-669
-737
-541
-212
174
604
944
955
651
396
581
1211
1733
1693
1116
546
557
1166
1895
2268
2135
1732
1310
1011
934
1115
1490
1773
1677
1191
593
98
-176
-243
-57
302
535
385
-86
-619
-895
-844
-578
-234
10
82
-34
-250
-475
-554
-417
-180
33
197
276
209
18
-188
-225
-49
138
117
-60
-184
-195
-209
-356
-574
-668
-580
-404
-323
-429
-692
-994
-1138
-1037
-784
-569
-495
-573
-719
-830
-813
-659
-393
-119
105
126
-127
-531
-744
-489
63
421
254
-241
-632
-616
-301
78
366
483
403
130
-54
46
339
562
596
615
716
790
671
383
207
308
577
803
905
804
538
231
76
163
356
480
452
333
222
89
-43
-133
-139
-32
155
338
419
358
198
93
99
234
340
364
303
257
178
43
-137
-225
-115
46
91
-56
-285
-445
-430
-301
-179
-146
-263
-402
-438
-313
-72
118
150
54
-69
-125
-98
-111
-153
-174
-201
-208
-263
-377
-546
-693
-755
-706
-566
-455
-458
-570
-596
-514
-355
-202
-134
-145
-169
-110
19
165
263
319
378
409
388
313
193
174
245
373
313
102
-78
-119
-54
-26
-56
-143
-254
-354
-298
-43
251
360
189
-20
19
375
737
808
607
326
164
233
448
595
599
423
212
84
67
147
330
481
454
159
-227
-353
-136
251
499
503
340
148
37
50
186
324
384
275
15
-218
-249
-109
-62
-277
-666
-900
-808
-477
-231
-250
-472
-668
-696
-611
-478
-377
-267
-181
-202
-323
-352
-135
193
401
305
41
-171
-198
-119
-42
-18
-25
-98
-306
-549
-690
-660
-537
-469
-487
-536
-472
-331
-223
-241
-317
-226
146
573
706
501
175
53
220
532
787
860
758
581
412
342
442
688
895
860
554
174
1
157
450
585
535
436
364
298
202
165
220
293
292
222
144
53
-96
-269
-379
-376
-278
-142
-50
-42
-105
-191
-275
-284
-219
-94
28
54
-92
-376
-557
-434
-38
261
147
-253
-499
-421
-235
-201
-286
-297
-241
-288
-529
-796
-846
-723
-589
-578
-646
-699
-704
-611
-505
-393
-307
-248
-198
-131
-21
109
216
249
213
173
211
341
506
649
710
699
653
595
532
502
557
653
661
535
352
218
191
245
355
428
402
218
-63
-265
-212
45
228
163
-78
-314
-429
-351
-66
306
539
513
287
112
183
411
575
598
560
476
306
104
23
117
222
180
-30
-277
-408
-422
-402
-393
-409
-480
-663
-859
-940
-848
-700
-673
-750
-839
-820
-709
-585
-524
-443
-316
-226
-272
-398
-413
-235
8
88
-18
-116
-41
136
246
283
397
608
737
638
446
397
561
764
818
708
555
458
376
307
353
495
520
273
-128
-416
-398
-206
-121
-222
-416
-575
-619
-524
-349
-125
101
237
215
144
195
414
682
840
824
722
659
654
642
561
471
429
375
210
17
-102
-137
-117
-132
-264
-506
-783
-978
-976
-837
-681
-620
-643
-698
-741
-764
-767
-659
-411
-141
-60
-181
-340
-387
-314
-250
-210
-116
57
186
148
41
43
237
464
499
377
283
379
587
718
706
576
411
303
318
456
638
684
431
-16
-397
-478
-281
-38
-17
-264
-579
-766
-777
-675
-545
-380
-183
12
99
43
-55
-39
156
459
752
937
931
715
417
248
291
463
577
529
377
228
147
77
-34
-173
-291
-357
-406
-468
-567
-652
-673
-564
-406
-355
-437
-546
-522
-378
-230
-190
-189
-178
-149
-212
-346
-403
-308
-140
-2
93
161
200
150
32
-27
77
315
535
647
682
675
599
433
333
445
729
947
899
573
163
-143
-247
-128
114
288
200
-154
-582
-794
-731
-532
-363
-260
-186
-187
-320
-546
-637
-433
-50
273
387
302
115
-104
-223
-154
37
229
271
172
62
1
-50
-129
-207
-217
-110
7
-13
-188
-333
-307
-117
58
99
40
-2
41
106
150
175
182
171
137
52
-72
-172
-211
-179
-122
-67
-49
-125
-228
-287
-288
-259
-191
-88
77
236
306
240
131
146
322
562
697
686
567
441
337
278
302
394
479
458
293
53
-83
-71
-27
-14
-15
14
7
-74
-214
-309
-282
-163
-56
-36
-89
-204
-316
-429
-526
-571
-551
-485
-444
-459
-516
-577
-613
-641
-654
-620
-502
-356
-277
-286
-303
-215
-33
161
260
287
329
434
568
627
620
598
589
551
482
408
362
359
354
305
216
113
-5
-102
-128
-107
-88
-91
-83
-78
-83
-88
-38
70
173
201
165
186
290
386
377
328
322
373
381
326
267
269
283
241
157
107
123
151
140
77
-5
-60
-63
-22
1
-34
-113
-183
-224
-272
-336
-436
-529
-615
-666
-693
-675
-640
-641
-728
-874
-956
-908
-784
-679
-610
-527
-419
-331
-305
-295
-210
4
282
471
494
410
364
417
502
537
547
598
653
628
493
343
270
291
308
278
225
204
212
197
128
47
57
138
230
253
219
165
170
233
297
345
352
330
279
240
237
275
312
309
256
162
49
-26
-29
37
102
92
-11
-141
-216
-240
-229
-224
-212
-208
-222
-285
-375
-434
-432
-383
-352
-373
-435
-497
-547
-576
-588
-597
-605
-599
-548
-439
-340
-345
-449
-550
-520
-319
-38
132
112
-27
-126
-112
-14
126
282
421
437
291
67
-55
22
228
404
439
371
284
225
198
228
330
457
532
526
469
416
395
416
476
577
676
708
646
535
458
461
515
560
566
523
408
249
103
23
18
38
11
-80
-209
-350
-456
-489
-480
-469
-484
-528
-605
-663
-654
-574
-474
-428
-459
-536
-574
-541
-449
-350
-286
-271
-280
-262
-223
-184
-177
-195
-222
-216
-175
-117
-63
-41
-67
-118
-148
-139
-87
-13
38
27
-50
-165
-251
-227
-81
94
169
114
3
-58
-11
118
262
350
370
358
351
362
390
457
556
674
744
761
733
703
684
684
710
735
749
713
623
477
329
239
232
262
250
165
9
-174
-338
-431
-441
-418
-426
-508
-637
-747
-767
-706
-614
-539
-522
-563
-617
-619
-557
-452
-329
-211
-131
-121
-164
-207
-191
-129
-61
-18
10
32
33
-16
-110
-183
-171
-85
5
27
-29
-119
-191
-228
-239
-231
-193
-119
-49
-28
-63
-98
-99
-60
-2
67
144
208
215
168
138
190
318
459
557
598
608
615
637
677
736
780
789
755
700
631
569
511
445
373
307
257
185
78
-52
-172
-273
-348
-407
-462
-505
-537
-566
-617
-663
-680
-648
-585
-505
-431
-386
-360
-331
-262
-177
-100
-65
-62
-60
-35
0
16
1
-26
-21
20
61
72
41
-12
-83
-142
-162
-120
-58
-26
-67
-156
-228
-244
-194
-111
-32
-5
-42
-128
-187
-162
-51
55
82
36
-10
0
66
159
256
339
390
416
434
473
534
606
657
668
662
660
657
622
552
464
387
338
296
221
86
-67
-184
-244
-290
-357
-437
-500
-531
-555
-592
-643
-673
-651
-569
-458
-360
-310
-298
-296
-266
-198
-97
6
70
69
20
-34
-56
-38
0
56
126
177
147
27
-110
-156
-89
21
76
51
-16
-80
-120
-117
-49
66
165
162
54
-82
-138
-83
26
110
128
84
11
-46
-39
44
162
245
264
240
226
260
341
432
501
531
520
485
448
427
418
403
373
328
272
191
82
-29
-110
-151
-185
-234
-296
-363
-428
-491
-541
-561
-536
-471
-387
-319
-288
-296
-323
-335
-302
-210
-81
31
66
9
-92
-172
-185
-127
-23
79
125
71
-60
-191
-233
-167
-56
20
21
-31
-99
-155
-170
-115
15
161
239
204
98
5
-23
10
77
149
191
173
101
23
-6
39
136
229
273
253
207
189
227
309
399
452
449
403
355
343
363
379
359
303
226
146
75
16
-33
-94
-172
-248
-288
-300
-326
-401
-496
-540
-487
-357
-228
-164
-186
-255
-311
-305
-223
-89
43
109
79
-22
-127
-168
-124
-29
64
105
72
-23
-130
-195
-184
-120
-49
-18
-40
-107
-187
-239
-224
-138
-13
99
149
118
33
-50
-76
-33
52
135
176
151
73
-9
-38
16
120
224
274
257
204
170
204
303
416
483
478
431
388
383
405
422
393
315
222
154
121
91
33
-57
-159
-251
-317
-353
-374
-403
-438
-459
-435
-379
-322
-291
-282
-271
-244
-194
-122
-39
28
58
44
9
-16
-10
24
58
65
40
3
-25
-40
-61
-96
-129
-136
-115
-95
-108
-157
-213
-232
-199
-126
-43
11
11
-43
-109
-135
-95
-17
51
69
36
-16
-54
-58
-20
50
129
184
197
179
167
196
270
360
428
453
435
407
396
412
428
413
363
302
246
198
141
76
6
-68
-154
-247
-323
-362
-367
-358
-355
-365
-380
-383
-362
-310
-238
-170
-127
-107
-84
-44
14
71
115
146
168
180
172
146
120
116
127
124
83
21
-32
-56
-52
-45
-56
-88
-128
-150
-136
-96
-63
-64
-100
-146
-168
-147
-99
-57
-49
-81
-134
-179
-191
-160
-105
-56
-24
-3
21
49
78
117
172
228
265
279
282
293
313
326
320
292
252
216
196
178
152
108
50
-16
-82
-138
-174
-184
-183
-184
-195
-219
-249
-272
-272
-234
-170
-108
-80
-88
-107
-103
-58
8
71
113
133
136
132
133
145
159
160
149
132
122
115
101
75
42
10
-13
-19
-9
2
-4
-35
-75
-108
-124
-123
-112
-105
-111
-136
-168
-195
-206
-198
-175
-146
-122
-100
-79
-57
-33
-5
34
78
114
137
150
157
161
164
168
171
166
143
115
92
87
88
78
41
-16
-67
-97
-101
-91
-80
-79
-95
-121
-141
-141
-117
-76
-43
-30
-36
-41
-30
-5
19
36
52
69
83
97
113
129
134
125
114
112
116
117
108
89
67
44
27
23
30
34
23
-6
-42
-64
-60
-38
-25
-34
-66
-100
-120
-126
-120
-109
-100
-104
-113
-117
-103
-70
-37
-13
-4
-5
-2
8
27
50
70
81
83
75
59
34
10
2
13
34
41
21
-21
-72
-113
-128
-105
-61
-31
-35
-70
-110
-128
-112
-69
-16
25
40
30
9
1
17
49
80
99
107
113
114
110
106
114
132
146
148
138
121
96
70
54
56
70
81
74
44
5
-29
-43
-38
-21
-6
-7
-33
-78
-115
-122
-100
-75
-69
-78
-89
-96
-97
-86
-52
-9
19
17
-1
-15
-10
3
24
51
78
86
59
7
-44
-71
-65
-39
-13
-8
-38
-96
-160
-202
-205
-171
-125
-98
-107
-143
-175
-185
-165
-118
-56
4
41
45
29
20
36
77
129
174
194
181
150
122
119
145
194
241
261
239
184
119
76
73
102
139
158
145
100
43
-3
-19
-5
17
22
2
-34
-72
-95
-93
-73
-50
-43
-51
-61
-66
-62
-51
-31
-2
25
39
43
42
38
29
25
32
49
61
54
22
-22
-59
-82
-87
-82
-88
-118
-173
-235
-283
-301
-291
-265
-242
-240
-267
-311
-338
-314
-240
-147
-78
-38
-20
-19
-23
5
121
314
486
522
391
172
-19
-105
-75
40
181
288
319
264
151
35
-33
-39
14
109
208
257
215
94
-41
-139
-174
-152
-79
23
109
128
49
-98
-222
-236
-145
-29
38
74
130
197
206
134
55
53
138
250
330
360
343
269
154
46
9
62
148
180
114
-9
-119
-186
-231
-272
-279
-217
-116
-63
-115
-242
-354
-387
-346
-273
-202
-138
-84
-64
-102
-188
-260
-255
-164
-41
52
87
72
18
-62
-136
-154
-101
-10
60
74
40
-16
-65
-93
-91
-57
1
63
104
112
94
73
72
100
152
207
233
212
154
99
82
103
132
141
128
99
57
7
-36
-51
-35
-1
28
45
49
48
40
25
3
-11
-2
38
89
124
132
118
93
70
52
40
36
35
38
41
41
37
28
18
7
-11
-34
-61
-83
-98
-111
-115
-106
-96
-101
-132
-175
-209
-229
-231
-212
-168
-121
-102
-114
-135
-136
-110
-70
-30
0
14
11
0
-5
6
30
55
67
61
40
17
7
5
10
14
26
46
74
101
120
126
122
111
104
100
105
118
129
129
105
73
42
25
15
7
1
5
17
18
6
-17
-24
-9
13
18
1
-19
-27
-19
-13
-18
-27
-32
-33
-27
-17
3
33
58
70
67
65
75
90
98
89
67
41
22
2
-16
-27
-32
-56
-112
-184
-219
-198
-151
-120
-124
-149
-185
-218
-233
-215
-167
-107
-63
-52
-65
-81
-78
-55
-32
-20
-16
-2
23
51
75
89
96
87
74
63
72
86
91
77
52
32
25
33
52
83
107
116
120
141
184
213
202
150
108
105
137
173
183
170
130
81
37
13
6
6
0
-13
-23
-34
-51
-71
-87
-91
-82
-64
-46
-34
-27
-31
-35
-41
-39
-36
-38
-54
-74
-92
-108
-120
-121
-103
-79
-69
-79
-85
-77
-57
-43
-45
-58
-69
-68
-41
-12
3
-14
-49
-86
-112
-124
-123
-108
-86
-62
-55
-67
-100
-131
-150
-149
-122
-71
-12
34
49
49
52
71
99
134
171
205
228
222
198
163
139
129
143
164
175
159
119
78
47
33
28
30
29
24
4
-17
-31
-30
-25
-17
-3
20
41
37
29
27
44
55
52
39
35
37
42
50
70
90
90
63
6
-53
-89
-87
-59
-39
-49
-79
-116
-146
-178
-203
-212
-192
-147
-97
-62
-59
-84
-110
-113
-86
-34
16
56
68
58
41
35
39
51
69
87
95
71
15
-63
-125
-158
-159
-139
-118
-107
-119
-138
-158
-158
-134
-79
-10
51
86
99
104
111
119
128
149
185
220
233
217
176
142
128
140
164
186
191
171
126
64
3
-42
-59
-50
-30
-16
-16
-32
-57
-92
-119
-120
-88
-40
-1
14
6
-21
-63
-110
-139
-133
-99
-55
-32
-41
-77
-117
-142
-136
-104
-51
9
54
71
51
12
-26
-40
-28
-2
21
27
20
-4
-30
-54
-58
-43
-18
3
12
5
-22
-57
-82
-82
-57
-14
27
52
49
26
-5
-22
-20
-3
22
49
69
76
69
54
42
47
71
102
129
145
150
136
109
79
58
56
63
76
90
99
96
76
47
24
16
22
25
20
2
-19
-39
-58
-78
-101
-121
-131
-126
-109
-90
-80
-83
-91
-95
-90
-74
-55
-31
3
38
64
72
62
44
28
22
25
36
49
54
45
17
-23
-62
-84
-86
-80
-77
-83
-92
-95
-89
-71
-54
-44
-40
-40
-39
-35
-28
-17
-10
-9
-16
-25
-33
-42
-48
-42
-25
1
25
41
48
48
44
41
43
52
68
85
100
103
94
77
58
40
28
23
24
22
13
-7
-31
-61
-85
-97
-94
-76
-49
-26
-13
-9
-5
10
38
74
112
146
173
193
201
201
194
187
182
176
168
156
138
110
71
28
-12
-40
-62
-78
-96
-119
-144
-169
-190
-199
-196
-182
-162
-146
-132
-120
-109
-101
-92
-76
-53
-28
-12
-3
-4
-12
-24
-39
-53
-58
-53
-43
-36
-39
-50
-66
-78
-82
-71
-52
-30
-13
-5
-3
-2
0
7
21
39
59
79
91
92
81
66
53
48
49
54
57
55
46
36
29
26
33
49
72
100
122
136
138
139
143
153
163
159
141
112
83
62
47
31
15
-2
-16
-33
-53
-79
-105
-124
-130
-130
-128
-127
-126
-126
-129
-135
-141
-139
-123
-100
-73
-51
-35
-27
-27
-32
-36
-34
-25
-12
-1
7
14
22
27
26
20
10
2
-1
-1
2
4
8
10
8
1
-10
-21
-25
-21
-11
2
10
9
-2
-21
-39
-46
-39
-19
7
27
37
35
30
33
45
64
90
118
145
165
175
173
163
151
141
132
123
111
97
83
68
54
41
30
17
0
-20
-41
-59
-70
-78
-84
-94
-107
-120
-130
-135
-137
-135
-129
-116
-98
-78
-63
-55
-51
-52
-54
-52
-43
-31
-16
-4
0
-4
-17
-33
-45
-50
-49
-43
-38
-35
-33
-33
-39
-47
-51
-45
-33
-20
-11
-8
-12
-23
-34
-41
-38
-23
-2
20
35
45
44
40
43
58
84
117
147
168
176
172
159
149
145
149
156
160
155
136
106
72
42
22
13
12
15
17
12
-4
-28
-53
-72
-81
-85
-82
-75
-66
-58
-54
-59
-65
-71
-70
-63
-52
-42
-39
-43
-55
-65
-73
-77
-81
-83
-83
-81
-79
-78
-80
-82
-84
-83
-80
-75
-67
-61
-55
-48
-40
-30
-17
-5
3
8
10
13
16
18
22
30
40
53
65
73
78
82
90
100
114
132
149
159
162
160
157
154
152
149
144
137
126
111
91
70
48
26
5
-15
-31
-46
-59
-72
-86
-97
-105
-107
-104
-96
-86
-77
-69
-61
-54
-51
-52
-53
-54
-51
-45
-40
-37
-37
-44
-53
-66
-77
-87
-92
-94
-93
-93
-93
-95
-96
-95
-95
-93
-89
-83
-73
-62
-53
-45
-37
-29
-21
-13
-5
5
14
25
36
46
56
65
74
84
98
113
127
138
148
156
164
170
174
176
176
176
176
175
170
161
150
138
126
114
100
86
69
51
29
8
-15
-36
-54
-66
-77
-85
-95
-106
-114
-119
-119
-115
-111
-104
-99
-93
-88
-82
-76
-69
-62
-55
-52
-51
-54
-59
-62
-63
-66
-69
-74
-80
-87
-91
-94
-97
-98
-98
-96
-94
-93
-90
-85
-78
-70
-60
-50
-43
-35
-27
-17
-7
4
16
30
45
62
80
99
114
129
141
152
159
162
163
163
165
167
168
166
161
153
145
137
129
118
105
93
79
67
55
42
29
15
3
-7
-18
-30
-43
-57
-67
-73
-74
-73
-73
-74
-78
-81
-81
-78
-74
-68
-65
-63
-63
-66
-72
-77
-83
-86
-86
-87
-86
-88
-90
-95
-100
-105
-107
-106
-103
-98
-91
-83
-79
-74
-71
-64
-56
-45
-33
-20
-9
1
10
19
28
38
50
62
75
85
94
103
110
119
128
137
143
146
145
142
138
136
135
137
136
135
130
123
112
101
91
81
70
59
46
31
17
3
-8
-18
-24
-29
-35
-40
-45
-50
-55
-57
-58
-57
-54
-52
-52
-54
-59
-64
-72
-78
-84
-88
-92
-94
-97
-102
-107
-115
-120
-125
-125
-122
-118
-111
-105
-100
-95
-91
-85
-77
-68
-57
-44
-33
-23
-13
-4
4
13
22
31
39
49
58
64
72
78
83
89
93
98
105
110
115
121
125
127
129
128
127
125
124
121
117
112
107
99
91
82
71
60
50
38
27
13
1
-11
-21
-29
-37
-43
-46
-50
-51
-52
-55
-57
-60
-62
-63
-65
-66
-69
-71
-75
-79
-83
-87
-91
-93
-95
-95
-96
-95
-95
-94
-94
-91
-88
-84
-78
-72
-66
-58
-50
-43
-36
-29
-21
-13
-6
2
8
15
20
25
30
35
39
44
49
54
59
63
68
71
73
75
76
75
75
76
77
79
80
83
85
87
88
88
87
86
85
84
80
77
72
66
59
50
41
32
23
14
6
-3
-11
-18
-25
-30
-35
-40
-44
-48
-51
-53
-56
-58
-60
-63
-65
-67
-68
-70
-70
-71
-71
-69
-69
-68
-67
-68
-67
-68
-68
-67
-65
-63
-59
-56
-51
-47
-42
-39
-34
-29
-24
-18
-12
-6
-1
5
9
13
18
22
27
32
39
44
49
53
56
58
60
60
62
62
63
64
66
68
68
69
68
66
64
60
57
53
48
45
41
37
33
28
23
17
11
7
2
-2
-5
-8
-12
-14
-17
-21
-22
-24
-25
-26
-24
-24
-24
-24
-25
-26
-28
-30
-32
-33
-33
-35
-37
-39
-41
-44
-46
-49
-51
-52
-54
-55
-57
-57
-57
-56
-56
-55
-51
-47
-41
-36
-31
-24
-19
-15
-12
-7
-3
3
9
16
23
29
36
42
46
51
53
57
59
61
65
68
70
71
70
70
67
64
60
57
54
50
46
42
38
33
27
23
18
14
10
6
4
2
-1
-2
-5
-7
-9
-10
-12
-14
-17
-18
-19
-21
-21
-21
-20
-21
-21
-21
-22
-24
-26
-27
-27
-28
-27
-27
-26
-27
-28
-30
-32
-36
-38
-41
-43
-45
-46
-46
-45
-44
-42
-41
-38
-36
-32
-30
-25
-23
-19
-16
-13
-9
-5
0
4
8
12
17
21
24
28
32
36
39
43
45
46
46
46
45
43
41
40
38
35
34
31
29
27
26
27
27
27
29
28
27
25
23
20
19
16
17
17
17
18
18
18
15
13
10
6
3
0
-3
-6
-9
-12
-15
-19
-22
-24
-25
-27
-28
-30
-32
-33
-35
-36
-38
-40
-41
-42
-43
-43
-44
-43
-44
-43
-44
-44
-41
-40
-38
-35
-31
-28
-25
-21
-19
-15
-10
-7
-2
1
5
8
10
14
16
18
21
24
26
29
30
32
33
34
33
33
33
33
33
34
34
34
35
36
36
35
34
34
32
29
28
26
24
24
23
22
21
20
19
16
14
10
7
2
0
-3
-5
-8
-11
-12
-16
-19
-22
-25
-27
-29
-31
-32
-31
-30
-30
-30
-30
-29
-31
-31
-30
-31
-30
-28
-27
-27
-26
-25
-23
-23
-23
-20
-19
-17
-15
-11
-8
-6
-4
-4
-3
-2
-1
0
1
2
3
6
7
9
11
13
14
15
16
18
19
20
21
22
23
24
26
28
29
30
30
30
30
30
30
29
29
28
28
27
25
25
23
22
20
17
15
12
8
5
2
-2
-5
-7
-9
-12
-13
-16
-19
-20
-23
-26
-28
-29
-30
-31
-30
-30
-29
-28
-27
-27
-26
-26
-26
-24
-24
-23
-22
-20
-19
-15
-14
-13
-10
-9
-7
-6
-4
-4
-2
-1
0
0
1
2
3
3
3
5
5
7
8
9
11
12
12
12
14
15
14
13
15
16
16
17
17
19
20
20
20
20
18
18
18
18
18
17
18
17
16
14
13
11
9
7
5
4
2
0
-1
-2
-3
-5
-8
-9
-10
-13
-13
-15
-16
-17
-17
-17
-17
-18
-17
-17
-16
-15
-15
-14
-14
-14
-14
-13
-11
-11
-10
-9
-7
-7
-4
-4
-3
-2
-1
-1
-2
0
0
0
0
1
2
2
3
3
3
3
3
3
5
4
4
5
4
5
5
5
6
6
6
7
7
7
7
6
8
7
6
6
7
6
6
6
6
5
5
5
4
4
3
3
2
2
1
1
0
-1
-1
-1
-1
-1
-2
-2
-3
-3
-4
-3
-4
-3
-4
-4
-4
-4
-3
-4
-4
-3
-3
-3
-3
-4
-3
-3
-2
-1
-1
-2
-1
-1
-1
-1
1
0
0
1
0
1
0
1
0
1
1
1
1
2
2
1
2
1
2
1
1
2
1
2
1
1
0
1
1
0
0
1
0
0
0
0
1
0
0
0
0
-1
0
-1
-1
-1
-2
-1
-1
-1
-2
-2
-1
-2
-2
-2
-2
-2
-2
-3
-3
-3
-3
-3
-3
-3
-2
-2
-2
-2
-2
-1
-2
-1
-1
-1
-1
-1
-1
-1
0
0
1
0
0
1
1
2
3
3
3
3
2
3
3
4
3
4
3
4
3
3
3
4
3
4
3
3
3
3
3
3
3
2
2
2
2
1
1
1
0
1
1
0
0
0
-2
-1
-2
-3
-2
-3
-2
-3
-3
-3
-3
-3
-4
-4
-5
-3
-4
-3
-3
-4
-4
-4
-3
-4
-3
-4
-3
-3
-3
-3
-2
-2
-2
-1
-2
-3
-1
-1
-1
-1
-1
0
-1
1
1
0
2
1
2
2
2
2
2
3
3
3
2
3
3
3
3
3
2
3
3
3
3
3
3
2
2
3
3
2
2
2
2
2
3
0
1
1
0
0
0
0
1
0
0
0
0
0
-1
-1
0
-2
-1
-2
-2
-2
-2
-3
-2
-2
-2
-2
-1
-2
-2
-2
-2
-2
-2
-1
-2
-2
-1
-1
-2
-1
-1
0
-1
-1
0
-1
-1
-1
-1
-1
0
-1
1
-1
-1
0
0
0
0
0
0
1
0
0
0
0
0
0
1
0
0
0
0
0
-1
0
0
-1
0
0
1
0
0
0
1
1
0
0
1
0
0
0
0
0
0
0
0
0
1
1
1
0
2
0
0
1
1
0
1
1
1
1
0
0
1
1
1
0
1
1
0
1
0
0
0
0
1
1
1
0
0
1
0
0
0
0
-1
-1
0
0
0
1
0
-1
0
0
0
0
0
-1
-1
-1
-1
-1
-1
-1
-1
-1
-2
-1
-2
-1
-1
-1
-1
-1
-1
0
-1
-1
-1
-1
-1
-2
-2
-1
-1
-1
-1
-2
-1
0
-1
0
-1
0
0
-1
-1
-1
-1
0
-1
-1
0
0
0
0
0
0
0
-1
0
1
1
1
1
2
1
0
1
2
1
1
0
1
2
1
2
2
1
2
2
2
1
1
2
1
2
2
2
2
1
1
1
2
1
2
1
1
1
0
1
1
1
1
1
1
0
1
0
-1
0
-1
-1
0
-1
-1
0
-1
-1
-1
0
-1
0
-1
-1
-1
-1
-1
-1
-2
-1
-1
-2
-1
-1
-2
-2
-1
-2
-2
-1
-1
-2
-2
-2
-1
0
-1
-1
-2
-1
-1
-2
-1
-1
0
-1
1
0
0
0
0
-1
0
0
0
0
0
1
1
0
1
0
1
1
1
1
0
1
2
1
1
1
1
1
1
2
2
2
2
2
1
1
2
1
1
1
1
1
0
1
1
1
1
1
1
0
1
0
0
1
1
0
1
0
-1
0
-1
0
-1
0
0
0
-1
-1
-1
-1
-1
-1
-1
-2
0
-1
-1
-1
0
-1
-2
-1
0
0
-1
-2
-1
-1
0
-1
-1
-1
-1
-1
-1
-1
-1
-1
0
0
-1
0
0
-1
0
0
0
0
0
1
1
0
0
0
0
0
0
1
1
1
1
1
1
1
0
1
2
0
1
0
1
1
1
1
1
1
1
1
2
0
1
0
1
0
0
1
0
0
1
0
1
0
0
0
0
0
0
0
0
1
0
0
-1
0
0
-1
-1
-1
-1
-1
0
0
-1
0
0
-1
-1
-1
0
-1
-1
-1
0
-1
-1
0
0
0
-1
0
0
0
1
-1
0
0
0
-1
0
-1
0
0
-1
0
0
0
1
0
0
0
1
1
0
1
0
1
1
0
1
0
0
1
0
1
0
0
1
1
0
0
0
0
0
0
0
0
0
0
0
1
0
1
0
0
0
0
0
1
0
1
0
0
0
0
0
0
0
0
0
0
0
0
0
0
-1
0
0
0
0
0
0
0
0
0
0
-1
0
0
1
0
0
-1
0
0
0
0
0
0
0
0
-1
0
1
0
0
0
0
1
0
0
0
0
0
-1
0
0
-1
0
0
0
0
0
0
0
0
0
0
0
1
1
1
1
0
0
-1
1
0
0
0
0
0
0
0
0
0
0
0
0
1
0
0
1
0
1
0
0
1
0
0
0
0
1
0
0
-1
0
0
1
1
0
0
-1
0
-1
-1
0
0
0
1
1
0
-1
0
1
0
0
0
0
1
0
1
-1
0
1
0
0
0
-1
0
0
0
1
0
-1
0
-1
-1
0
0
1
0
0
0
1
1
0
0
1
1
-1
0
-1
0
0
0
1
0
0
0
0
-1
0
0
-1
0
0
-1
-1
1
0
0
0
0
-1
0
1
0
0
0
-1
1
0
1
0
1
-1
0
0
0
-1
0
0
0
0
0
0
0
0
0
0
0
0
0
0
0
0
0
1
0
0
0
0
1
0
0
0
0
0
0
0
0
0
0
0
0
0
0
0
0
0
0
0
0
1
0
0
0
0
-1
0
0
1
0
0
0
0
0
-1
0
0
0
0
0
0
-1
0
0
-1
0
0
0
-1
0
0
0
0
-1
0
0
0
0
0
0
0
0
0
0
0
0
0
0
0
-1
0
0
0
-1
0
0
0
-1
0
0
0
0
1
0
0
0
0
-1
1
0
0
0
0
0
0
0
0
0
0
0
0
1
0
0
0
0
-1
0
-1
0
0
0
0
-1
0
0
0
0
0
0
0
0
0
0
0
0
1
0
1
1
0
1
0
0
0
0
0
1
0
1
0
0
0
1
0
0
0
0
0
1
0
-1
0
0
0
0
-1
-1
1
0
0
1
0
0
1
0
0
0
-1
1
1
0
0
0
0
0
-1
0
0
0
0
0
0
0
0
0
0
0
0
0
0
0
0
0
0
0
0
-1
0
-1
0
0
0
0
0
0
0
-1
0
-1
1
0
0
0
0
0
-1
0
-1
0
-1
0
0
0
0
-1
0
-1
0
1
0
0
0
0
0
0
1
0
0
0
0
0
0
-1
0
0
0
0
-1
0
0
0
1
0
1
1
0
0
0
0
0
0
0
0
0
0
1
0
1
0
0
0
0
0
0
0
1
0
0
0
1
0
1
1
0
0
1
0
-1
0
0
1
0
0
0
0
0
0
0
0
0
0
0
1
0
0
0
0
0
0
0
0
0
0
0
-1
0
1
0
0
0
0
0
0
0
-1
1
0
0
0
1
0
1
0
0
0
0
0
0
0
-1
0
0
0
0
0
1
0
0
0
0
-1
1
0
0
-1
1
0
0
0
0
0
0
0
0
-1
0
0
0
0
1
0
0
0
0
0
0
-1
-1
1
0
0
1
0
0
-1
0
-1
1
0
1
0
0
0
0
1
-1
0
0
0
0
0
0
0
0
0
0
0
0
0
0
-1
0
0
0
0
1
0
0
0
1
0
0
0
0
-1
0
0
0
0
0
0
1
0
-1
0
0
0
0
1
1
1
0
0
-1
0
0
-1
0
0
0
0
-1
0
0
0
0
0
0
1
0
0
0
0
0
1
0
0
0
0
0
0
0
-1
0
-2
0
-1
0
0
0
0
-1
0
0
0
0
0
0
0
0
0
1
0
0
0
0
0
0
0
0
0
0
0
0
0
0
-1
0
0
0
1
0
0
0
0
-1
0
-1
0
1
0
0
1
0
0
0
0
0
0
0
0
0
0
1
-1
0
-1
0
0
-1
0
0
0
0
-1
0
0
0
0
0
1
0
0
0
0
0
0
0
-1
0
0
0
0
0
0
-1
0
0
0
0
0
0
-1
0
-1
0
0
0
0
1
0
0
0
0
0
0
0
0
0
0
0
0
1
0
0
0
0
1
0
-1
0
1
0
0
0
0
0
0
0
-1
-1
0
0
0
1
0
-1
0
0
-1
0
0
0
-1
0
0
1
0
0
0
0
0
0
1
-1
0
0
0
1
0
0
0
1
1
0
0
0
0
0
0
1
0
1
0
