0
1
0
-1
0
-1
1
0
0
0
0
-1
0
-1
0
0
0
0
-1
1
0
0
0
1
0
-1
0
1
1
0
-1
0
0
0
0
0
0
0
0
-1
0
0
0
0
1
-1
0
0
-1
0
0
0
0
0
1
1
0
0
0
-1
-1
0
0
0
1
0
0
0
0
0
0
1
0
0
-1
0
0
1
0
0
0
0
0
1
0
0
-1
0
0
0
0
0
0
0
0
1
0
0
0
0
0
0
0
0
1
0
0
0
0
0
0
-1
0
0
0
0
1
0
0
1
0
0
0
1
-1
0
-1
0
0
0
1
0
0
0
0
0
0
1
0
0
0
0
0
0
0
0
0
-1
0
0
0
1
0
0
0
1
0
0
0
0
0
0
0
0
0
0
1
0
1
0
-1
0
0
-1
0
0
0
-1
0
0
0
-1
0
-1
1
-1
1
0
0
0
0
0
1
0
1
0
0
0
0
0
0
0
0
0
0
0
1
0
0
-1
0
0
0
0
0
0
0
0
0
0
-1
0
0
1
0
0
-1
0
0
0
0
0
0
0
0
-1
0
1
0
0
0
0
1
0
0
0
0
0
-1
0
0
-1
0
0
0
0
0
0
0
0
0
0
0
1
1
1
1
0
0
-1
1
0
0
0
0
0
0
0
0
0
0
0
0
1
0
0
1
0
1
0
0
1
0
0
0
0
1
0
0
-1
0
0
1
1
0
0
-1
0
-1
-1
0
0
0
1
1
0
-1
0
1
0
0
0
0
1
0
1
-1
0
1
0
0
0
-1
0
0
0
1
0
-1
0
-1
-1
0
0
1
0
0
0
1
1
0
0
1
1
-1
0
-1
0
0
0
1
0
0
0
0
-1
0
0
-1
0
0
-1
-1
1
0
0
0
0
-1
0
1
0
0
0
-1
1
0
1
0
1
-1
0
0
0
-1
0
0
0
0
0
0
0
0
0
0
0
0
0
0
0
0
0
1
0
0
0
0
1
0
0
0
0
0
0
0
0
0
0
0
0
0
0
0
0
0
0
0
0
1
0
0
0
0
-1
0
0
1
0
0
0
0
0
-1
0
0
0
0
0
0
-1
0
0
-1
0
0
0
-1
0
0
0
0
-1
0
0
0
0
0
0
0
0
0
0
0
0
0
0
0
-1
0
0
0
-1
0
-1
0
-1
0
0
0
0
1
0
0
0
0
-1
1
0
0
0
0
0
1
0
0
0
0
0
0
1
0
0
0
0
-1
0
-1
0
0
0
0
0
0
0
0
0
0
0
0
0
0
0
0
0
1
0
1
1
0
1
0
0
0
0
0
1
0
1
0
0
0
1
0
0
-1
0
0
1
0
-1
0
0
0
0
-1
-1
1
0
0
1
0
0
1
0
0
0
-1
1
0
0
0
0
0
0
-1
0
0
0
0
0
0
0
0
0
0
0
0
0
0
0
0
0
0
0
0
-1
0
-1
0
-1
0
0
0
0
0
-1
0
-1
1
0
0
0
0
0
-1
0
-1
0
-1
0
0
0
0
-1
0
-1
0
1
0
0
0
0
0
0
1
0
0
0
0
0
0
-1
0
0
0
0
0
0
0
0
1
0
1
1
0
0
0
0
0
0
0
0
0
0
1
0
1
0
0
0
0
0
0
0
1
0
0
0
1
0
1
1
0
0
0
0
-1
0
0
1
0
0
0
0
0
0
0
0
0
0
0
0
0
-1
0
0
0
0
0
0
0
0
0
-1
0
1
0
0
0
0
0
0
0
-1
1
0
0
0
1
0
1
0
0
0
0
0
0
0
-1
0
1
0
0
0
1
0
0
0
0
-1
1
1
0
0
1
0
0
0
0
0
0
0
0
-1
0
0
0
0
1
0
0
0
0
0
0
-1
-1
1
0
0
1
0
0
-1
0
-1
1
0
1
0
0
0
0
1
-1
0
0
0
0
0
0
0
0
0
0
0
0
0
0
-1
0
0
0
0
1
0
0
0
0
0
0
0
0
-1
0
0
0
-1
0
0
1
0
-1
0
0
0
0
1
1
1
0
0
-1
0
0
-1
0
0
0
0
-1
0
0
0
0
0
0
1
0
0
0
0
0
1
0
0
0
0
0
0
0
-1
1
-1
0
-1
0
0
0
0
-1
0
0
0
0
0
0
0
0
0
1
0
0
0
0
0
0
0
0
0
0
0
0
0
0
-1
0
0
0
1
0
0
0
0
-1
0
-1
0
1
0
0
1
0
0
0
0
0
0
0
0
0
0
1
-1
0
-1
0
0
-1
0
0
0
0
-1
0
0
0
0
0
1
0
0
0
0
0
0
0
-1
0
0
0
0
0
0
-1
0
0
0
0
0
0
-1
0
-1
0
0
0
0
1
0
0
0
0
0
0
0
0
0
0
0
0
1
0
0
0
0
1
0
-1
0
1
0
0
0
0
0
0
0
-1
-1
0
0
0
1
0
-1
0
0
-1
0
0
0
-1
0
0
1
0
0
0
0
0
0
1
0
0
0
0
1
0
0
0
1
1
0
0
0
0
0
0
1
0
1
0
0
0
1
0
0
0
-1
1
1
0
-1
0
0
0
0
0
0
0
0
0
0
0
1
0
1
0
0
0
0
0
-1
0
1
0
0
-1
0
-1
0
0
-1
0
0
0
0
0
0
0
0
0
0
0
0
0
0
0
0
0
0
0
0
0
0
0
0
0
0
0
0
0
0
0
0
0
-1
0
0
0
0
0
0
0
-1
0
0
0
0
0
0
0
0
0
0
0
0
0
0
0
0
0
0
0
0
0
0
1
-1
0
0
0
0
0
0
0
1
0
0
0
0
0
-1
0
0
0
0
0
0
0
0
0
0
-1
-1
-1
-1
0
-1
0
0
0
0
0
0
-1
-1
0
-1
0
0
0
-1
0
0
0
0
0
0
0
1
0
0
0
0
0
0
0
0
0
0
1
1
0
0
0
0
0
0
0
0
0
0
0
1
0
0
0
0
0
1
1
0
0
0
0
0
-1
0
0
0
0
0
0
1
0
0
1
0
0
0
1
0
0
1
0
1
1
0
0
0
0
0
0
0
0
0
0
1
0
1
1
-1
0
0
0
0
0
0
0
0
0
0
0
1
0
0
1
0
0
0
1
0
0
0
-1
0
0
0
0
0
0
0
0
0
0
1
0
0
0
-1
-1
0
0
0
0
0
0
0
0
0
0
-1
0
1
0
0
0
0
0
0
0
-1
0
1
0
0
0
0
-1
0
-1
-1
0
0
0
0
1
0
0
0
0
0
0
0
0
1
1
0
1
-1
0
0
0
0
0
0
0
0
0
0
0
0
0
0
0
0
0
0
0
0
0
0
0
0
0
0
0
0
-1
1
0
1
0
0
1
0
0
0
0
0
1
-1
0
0
0
0
0
1
0
0
-1
0
0
0
0
1
0
0
1
-1
-1
0
0
0
0
0
0
0
0
0
0
0
-1
0
0
0
1
0
0
0
0
1
0
-1
-1
0
0
0
-1
0
0
0
0
0
-1
0
0
0
0
-1
0
0
0
0
0
0
0
0
0
0
0
0
0
0
-1
0
0
0
0
0
-1
0
0
0
1
0
0
0
0
0
0
0
0
0
-1
0
0
0
0
0
0
0
0
0
0
0
0
0
0
-1
0
0
0
0
0
1
0
0
1
0
0
-1
-1
-1
-1
-1
0
0
1
1
1
1
1
1
0
-1
-1
-2
0
0
-1
-1
0
1
0
0
1
1
0
0
0
0
0
0
0
0
1
0
1
0
0
-1
0
0
-1
-1
0
-1
-1
-1
-1
-1
-1
-1
-1
-1
1
1
2
2
3
3
3
2
1
0
-1
-2
-4
-4
-4
-4
-3
-2
0
0
2
3
2
4
3
3
2
1
1
1
0
0
0
0
-1
-1
-3
-3
-4
-4
-5
-4
-4
-1
0
3
5
7
7
6
6
4
2
-1
-3
-6
-7
-7
-8
-6
-2
0
2
5
6
7
6
4
2
-1
-4
-7
-7
-7
-7
-4
-2
1
4
6
7
9
7
6
4
0
-1
-5
-5
-7
-7
-5
-5
-3
-1
1
2
1
3
2
2
2
1
0
1
1
1
2
3
3
2
1
-1
-2
-3
-4
-5
-5
-4
-3
-1
2
4
5
7
6
4
1
-1
-3
-6
-6
-6
-4
-1
1
4
7
7
7
5
2
-1
-4
-5
-6
-5
-4
-3
0
2
4
5
4
2
0
-2
-3
-3
-4
-4
-2
-1
1
2
3
3
1
1
1
0
0
1
1
2
2
3
2
1
0
-1
-1
-3
-4
-2
-2
-1
1
1
2
2
3
1
0
0
-1
-2
-1
-1
0
2
4
6
6
6
5
3
1
-1
-4
-6
-7
-8
-7
-5
-3
0
1
2
2
1
0
-3
-4
-4
-4
-4
-3
0
1
1
2
1
2
0
0
-1
-4
-3
-3
-3
-2
0
-1
-1
-2
-2
-4
-4
-5
-5
-6
-5
-6
-5
-4
-2
1
5
8
13
15
17
16
14
10
6
1
-4
-6
-7
-7
-4
-2
0
4
3
3
2
1
1
2
4
7
10
13
14
12
7
-1
-10
-19
-27
-33
-35
-33
-28
-19
-7
7
20
31
38
41
39
30
18
4
-11
-22
-30
-32
-27
-16
-4
12
25
37
44
47
43
35
24
11
-1
-9
-16
-16
-13
-8
-4
1
2
0
-4
-13
-23
-34
-44
-53
-57
-56
-49
-35
-13
9
33
52
68
71
68
55
35
10
-13
-34
-49
-57
-57
-52
-42
-31
-20
-11
-4
3
5
6
7
5
5
5
5
3
0
-3
-7
-8
-9
-6
1
9
17
23
28
29
27
20
11
2
-8
-17
-24
-29
-31
-32
-29
-23
-17
-9
-3
2
7
10
13
18
24
30
33
37
35
31
24
15
5
-6
-17
-27
-35
-38
-37
-28
-13
6
31
54
77
92
100
99
88
68
42
13
-15
-42
-60
-71
-73
-65
-51
-33
-13
3
13
17
13
5
-8
-21
-33
-40
-44
-42
-37
-27
-14
0
13
27
37
42
43
40
33
21
6
-8
-23
-35
-42
-46
-46
-41
-35
-26
-16
-7
0
7
12
16
19
20
20
16
12
5
-2
-7
-10
-10
-7
-2
4
10
18
24
32
36
39
37
30
17
2
-15
-28
-37
-40
-36
-31
-24
-20
-20
-24
-32
-41
-46
-45
-35
-14
16
50
87
118
139
145
135
109
67
17
-37
-89
-130
-158
-167
-158
-132
-93
-50
-8
28
53
64
65
55
42
26
13
4
3
9
18
30
41
48
49
43
30
12
-7
-27
-42
-51
-54
-49
-41
-27
-13
0
10
16
19
16
12
4
-3
-8
-11
-13
-9
-4
6
14
22
29
35
37
38
35
30
22
12
0
-11
-21
-26
-28
-23
-16
-5
6
15
21
23
20
12
3
-9
-20
-28
-32
-32
-26
-17
-7
4
14
20
23
23
19
12
3
-5
-14
-21
-26
-28
-25
-19
-12
-3
5
10
15
13
10
5
-1
-6
-9
-11
-8
-6
-2
3
6
7
6
3
0
-4
-7
-8
-6
-3
1
6
11
12
12
10
7
3
0
0
1
4
9
15
22
26
27
24
19
11
1
-11
-21
-30
-34
-36
-32
-26
-17
-9
-1
6
9
9
6
2
-4
-9
-12
-13
-12
-9
-3
4
11
17
21
23
20
17
10
3
-6
-14
-19
-21
-23
-22
-20
-17
-15
-11
-8
-5
-1
5
9
14
19
20
21
21
19
15
13
9
7
6
5
3
3
0
-3
-7
-10
-13
-15
-16
-15
-13
-9
-5
-1
3
6
7
7
6
4
3
2
2
2
3
2
2
1
-1
-3
-3
-2
2
7
14
20
28
32
36
36
34
27
19
9
-2
-11
-19
-25
-28
-30
-29
-27
-25
-22
-20
-20
-18
-17
-16
-14
-11
-8
-3
2
7
10
11
13
14
12
12
12
12
10
8
5
-1
-8
-13
-17
-19
-18
-14
-5
5
15
22
26
25
20
11
0
-10
-18
-23
-22
-18
-10
-1
7
14
16
16
12
5
-3
-10
-15
-17
-16
-11
-3
5
12
19
23
24
21
14
5
-3
-12
-18
-24
-23
-21
-16
-9
-2
4
9
11
10
8
4
1
0
-1
1
4
6
7
7
5
1
-4
-9
-12
-14
-12
-9
-5
0
2
4
3
1
-1
-3
-4
-4
-3
1
4
7
9
10
9
7
4
2
0
-1
-1
0
1
2
4
5
5
4
3
1
-1
-3
-4
-6
-6
-6
-5
-3
-1
0
2
2
3
2
0
-2
-3
-5
-5
-4
-1
2
6
9
11
12
13
10
6
2
-3
-7
-8
-8
-6
-2
2
8
11
13
13
13
10
6
2
-2
-6
-9
-10
-10
-10
-10
-9
-8
-8
-9
-10
-10
-12
-11
-11
-8
-6
-3
0
2
5
6
5
6
5
7
9
11
14
14
13
12
9
5
0
-4
-7
-10
-11
-11
-11
-9
-9
-7
-5
-4
0
3
5
9
10
10
10
7
4
1
-4
-6
-7
-7
-6
-3
-1
3
6
6
7
4
1
-3
-7
-11
-12
-11
-9
-6
-1
4
5
7
5
4
1
-2
-4
-3
-2
1
5
8
11
11
10
8
5
1
-3
-4
-7
-7
-8
-7
-7
-6
-4
-2
0
5
8
11
11
11
9
6
0
-4
-7
-9
-9
-7
-4
0
4
6
8
6
5
1
-3
-6
-9
-10
-11
-8
-5
-2
2
5
6
6
4
2
-1
-3
-5
-4
-2
1
5
8
10
9
7
3
0
-3
-6
-7
-7
-5
-2
0
3
5
4
4
4
2
1
0
0
-1
-1
-1
-1
-2
-2
-1
-3
-2
-3
-4
-4
-5
-6
-4
-4
-3
0
2
3
3
2
0
0
-1
-1
-2
-1
1
3
4
5
4
2
2
0
0
-1
0
0
2
4
3
2
2
0
0
-1
-3
-3
-4
-3
-1
1
2
3
4
3
1
1
-1
-2
-2
-1
0
1
2
1
1
-1
-1
-2
-3
-4
-4
-5
-3
-3
-2
-3
-2
-1
0
1
2
2
3
3
3
4
4
4
4
4
3
2
-1
-1
-3
-3
-3
-2
-1
0
2
1
1
-1
-2
-3
-2
-1
-1
-1
-1
-1
-1
-2
-3
-4
-4
-3
-3
0
2
4
5
6
6
6
6
5
5
3
2
1
1
2
2
1
1
0
-1
-1
-3
-4
-5
-4
-4
-4
-2
-2
-2
-1
-3
-2
-3
-2
0
1
2
3
2
3
2
2
0
1
0
-1
-1
0
1
1
1
0
0
0
1
1
1
0
0
-2
-2
-2
0
-1
-1
-1
-2
-2
-2
-1
-1
-1
-1
0
0
2
3
3
2
-1
-2
-1
0
1
2
0
-1
-2
1
2
3
1
1
-3
-1
-1
1
1
0
-3
-3
-2
1
1
2
0
1
1
1
2
2
3
1
1
1
2
1
2
1
1
0
-1
-1
-1
0
-1
-1
-2
-3
-2
-2
-1
-1
-3
-2
-2
-1
-2
0
-1
0
0
1
3
3
3
2
0
1
0
1
1
0
1
1
2
1
1
1
0
0
0
0
1
1
1
2
0
-1
-3
-2
-2
0
-2
-2
-2
-1
0
1
-1
-2
-2
-2
0
1
1
0
0
-2
-1
0
2
1
2
2
3
2
2
2
2
2
1
0
1
1
2
-1
0
-2
-1
-3
-2
-3
0
0
2
0
0
-1
-1
-1
-1
-2
-1
-4
-4
0
2
7
4
3
-3
2
-1
2
0
0
-3
-1
-2
1
4
1
-1
-4
-2
-2
0
-4
-1
-3
-3
1
1
2
2
0
0
1
2
4
-1
-3
-6
-4
-3
-2
3
6
5
8
2
3
-3
-2
-2
-5
5
1
3
-3
1
-2
4
1
5
2
2
0
-2
-1
0
-7
-4
-2
-6
1
-7
-1
-4
4
2
4
5
0
-1
-13
-10
-6
2
2
7
4
4
10
6
-2
-7
1
-2
-3
-2
2
4
2
10
5
6
7
1
4
-3
1
-1
-11
-7
-9
7
0
1
-1
-7
3
4
7
0
-8
-11
-6
-3
13
11
6
0
-14
-7
-4
-6
9
-1
6
3
1
2
8
-5
1
-10
-16
2
-2
7
11
2
-10
4
-4
5
-6
4
0
-3
0
-6
1
1
16
7
-4
-4
-5
2
9
-11
-1
7
5
7
-1
-7
-3
-10
-10
-7
-14
-4
-3
9
1
5
2
8
-7
5
-2
2
5
-3
2
-17
-6
0
8
16
10
0
0
-7
-3
-4
-8
5
6
8
10
-2
2
-1
-3
-9
-8
-7
3
10
0
2
-19
4
-3
13
16
3
1
-19
-6
-9
9
-10
14
10
11
22
-14
-2
-16
-4
10
10
4
4
5
10
7
9
6
-11
-17
-16
-6
1
-1
-16
-17
-13
-11
1
3
4
17
10
3
-3
-7
-1
8
2
-2
2
2
17
23
5
-1
-11
-8
-14
-6
-19
-11
-9
4
11
12
10
-2
-5
0
14
8
17
9
-2
-19
-12
-5
14
-2
8
-5
-11
-1
-4
0
6
2
-8
-1
-12
11
-17
-11
-5
-7
-6
8
19
23
23
25
20
-3
7
-19
-2
-2
-9
16
-10
-4
-2
3
1
9
5
0
-4
-18
-10
-23
-35
-1
-47
-19
-22
-18
-11
-18
5
-17
12
28
16
30
16
0
12
20
22
10
18
22
6
6
5
8
-24
-22
-20
-12
-6
8
-16
-12
-14
-11
4
-16
-6
-5
-6
-8
30
20
31
23
-7
22
-13
26
11
17
16
-7
-7
-31
18
-12
-3
-4
-38
-16
-16
-18
11
7
32
23
8
2
37
2
3
-27
-17
24
12
-13
-35
-26
-23
8
19
17
18
-9
3
18
-44
0
4
-7
12
-21
9
22
15
51
3
-21
-5
-24
18
-17
5
0
-14
-19
-19
0
-6
-8
-7
4
-16
21
2
4
41
-11
34
23
14
15
-1
9
5
-10
4
11
-16
10
-20
-17
-35
-33
-50
-50
-30
-34
-40
7
31
13
28
-3
5
8
-16
21
-27
30
15
18
-28
-31
-69
24
184
162
298
24
57
-150
-174
-135
-127
-41
-30
27
9
24
-33
2
-45
-20
22
22
59
56
-25
-43
-71
-80
-3
62
100
145
91
63
-53
-140
-91
-112
-19
46
52
34
42
-38
-37
-41
-24
-3
14
19
64
48
19
42
-19
8
-27
-15
-5
22
50
54
26
44
-3
-48
-40
-64
-43
-1
-23
-28
-11
-14
23
5
-22
-26
-24
-29
2
9
36
33
28
61
36
17
39
11
13
7
-15
-34
-49
-24
-28
-5
-20
8
24
0
45
17
-11
-3
-16
1
-31
-33
-23
-22
4
12
37
29
33
8
4
-23
-14
-38
-36
-12
-43
-3
7
100
118
124
71
-36
-98
-109
-105
-47
-8
-27
21
-9
-12
-4
-27
-31
-30
31
16
47
32
35
22
13
17
-8
12
11
38
0
-5
-41
-33
-14
-12
-9
-16
12
-9
23
4
13
-31
-10
-6
-1
-10
12
47
41
28
55
33
29
-5
18
-1
-17
-3
-17
-31
-36
-16
-53
-57
-33
-49
-36
-19
19
4
2
27
-13
-11
4
34
15
15
55
20
39
11
1
-30
-25
38
36
46
25
35
-13
-5
7
-16
-12
-39
-6
-6
-30
5
-4
-15
-13
-22
3
-1
0
-16
-13
-1
16
7
12
-24
6
1
10
15
-8
12
-8
20
-10
34
-16
32
5
-21
3
-17
41
2
7
-4
-6
-8
16
17
1
-3
20
-23
-5
-33
-38
-48
-45
-4
-15
-7
1
28
10
37
-3
-18
-20
-38
11
34
55
55
16
-7
-14
4
7
9
8
-21
-40
-44
-13
-18
-13
25
-8
44
-6
-3
-3
-34
-17
-44
6
-9
26
21
36
14
-9
7
41
-2
-25
-21
-16
0
-17
14
16
2
-6
18
37
7
45
3
-13
-27
-45
26
14
26
65
3
22
-18
2
-29
-71
-19
-51
-24
35
16
36
4
-13
-1
-23
1
-12
-7
9
14
25
16
17
-3
21
6
46
69
-7
-25
-36
-61
-26
-18
-8
-33
-30
-53
-17
-15
-7
55
7
74
32
65
48
24
-12
-43
-10
-37
-5
-18
38
-14
29
-13
12
-1
-23
14
-25
-41
-71
-8
20
5
32
2
28
58
36
47
20
-18
5
8
0
9
-39
-8
-47
-41
-31
-17
-23
-39
-24
-29
-4
10
70
63
64
37
-32
6
13
-11
9
-8
7
-11
-6
-6
-52
-61
-49
-34
-23
42
27
58
22
6
-54
-61
-50
24
6
14
17
-21
13
-15
48
-23
8
-8
10
45
51
31
5
-1
24
13
-61
-18
-67
-50
-45
-60
-34
-12
-46
-3
4
39
53
11
14
17
36
49
39
34
101
37
62
19
-29
-22
-28
-42
34
-28
76
-21
83
-13
-27
-31
-67
-55
-91
29
-25
36
-33
5
27
23
27
88
-11
39
87
19
89
-88
45
27
22
72
-28
-50
-92
-122
-95
-72
-46
11
12
-7
30
8
-12
-20
-113
-98
-146
-152
-306
-99
193
410
721
458
335
-19
-207
-167
-227
-126
-89
-34
50
-19
1
-79
-165
-195
-75
-85
40
0
-10
4
-80
-96
-31
3
185
264
298
148
5
-117
-172
-168
-47
-14
46
56
26
53
-98
46
-184
59
-90
-34
11
6
29
80
79
72
32
83
17
-25
-9
-111
32
27
33
-11
-11
-125
-42
-111
-161
26
-160
150
57
51
213
-156
81
-136
-55
52
-26
101
12
39
-8
39
-117
125
-61
61
-8
0
-38
-77
-59
-128
72
-66
163
72
98
51
13
10
-56
-68
-53
43
-19
162
68
78
36
13
35
-69
26
-17
-114
-23
-143
9
-40
41
79
-67
-10
-76
-117
10
-85
6
37
-22
177
55
156
35
30
-29
-11
4
-67
114
0
14
37
-178
36
-45
-46
59
-55
47
59
-84
13
-75
-28
43
-88
54
63
29
184
74
22
27
-71
14
-33
-5
-96
-47
-59
-41
125
-103
-4
-43
85
16
-34
-47
12
-96
22
8
78
97
21
6
-2
-11
-64
112
4
165
4
48
-11
-61
-44
-41
-139
-79
-140
-63
-21
-20
-135
-12
-182
38
16
46
73
15
47
-130
-98
-202
24
-19
193
83
145
-8
44
28
16
-63
-24
46
10
156
145
223
182
103
72
-51
-117
-145
-166
-9
-151
-52
-152
-107
-84
-114
-9
65
106
315
268
270
-14
-227
-217
-280
-54
-9
89
328
244
279
135
-79
-212
-255
-205
-75
16
32
43
-52
-25
-121
-28
-94
16
57
39
71
-70
-20
-199
2
61
177
326
267
305
158
74
-95
-176
-194
-136
35
114
140
162
-12
-42
-117
-191
-150
-268
-18
-22
43
152
-29
117
40
42
177
14
44
17
22
-4
1
-12
-4
-3
17
48
-69
-91
-73
-110
-19
-109
-17
-43
-9
-8
-53
-78
-23
-26
50
60
33
31
-34
-11
-42
-1
-58
25
-15
37
8
25
53
-27
39
-40
35
45
130
174
64
38
-91
-84
-154
-119
-120
-19
38
-20
75
-56
14
-143
-21
-92
-123
-59
-95
-17
-64
-45
-16
-70
30
-22
-10
29
-37
12
-26
-4
-24
-31
-37
57
42
30
69
-18
-111
-119
-119
-47
26
66
54
59
83
115
134
93
23
-73
-163
-87
-29
14
134
22
147
100
146
139
90
111
116
102
28
26
-75
-20
-81
-43
-52
17
-51
36
-31
-32
25
-101
70
26
98
153
29
176
60
42
120
-12
139
88
135
32
22
-21
-92
-61
-123
-72
-48
-12
-78
-6
18
18
64
-89
-10
-95
-103
8
-186
15
-102
-23
-63
-191
-76
-163
29
15
165
114
159
45
-68
-54
-32
0
151
153
90
151
52
138
-21
-104
-52
-164
-19
-47
81
110
73
126
26
105
3
137
34
101
95
-1
39
-78
106
69
74
188
48
105
9
79
66
-86
-51
-83
-193
-176
-120
-56
-46
-103
-19
-143
-116
-197
-196
-226
-325
-198
-253
-174
-92
-133
-94
-215
-154
-218
-47
-77
136
153
133
161
91
132
67
140
117
123
-6
48
-29
61
105
41
42
-2
-88
-44
-24
-67
-26
-79
-56
-20
-49
-10
-40
-2
-81
-121
-116
-30
75
69
157
-26
-83
-86
-86
-59
116
156
239
215
130
118
-27
102
8
100
97
132
157
144
186
85
118
68
130
205
197
255
263
208
116
76
24
27
-15
46
67
50
67
47
-6
15
-57
-156
-89
-158
-67
-56
-31
11
5
67
-25
-123
-241
-273
-247
-210
-172
-103
-149
-184
-140
-203
-190
-205
-209
-167
-183
-200
-261
-243
-186
-212
-149
-105
-31
40
62
91
100
106
204
136
139
129
91
49
11
-11
-43
-4
-26
10
39
64
10
42
-63
-83
12
64
89
157
154
191
212
230
240
234
229
263
264
246
186
170
142
119
115
96
119
89
91
66
10
-77
-130
-176
-118
-142
-90
-111
-128
-151
-186
-167
-214
-87
-56
-47
6
-70
-53
-35
-56
3
1
-29
-74
-102
-161
-177
-230
-328
-339
-470
-408
-392
-323
-277
-291
-172
-155
-32
-44
-24
-52
-40
-62
-121
-62
-82
-68
-125
-156
-178
-235
-276
-311
-324
-313
-305
-246
-201
-162
-56
74
167
205
241
302
316
371
376
408
389
371
351
310
365
394
389
378
395
428
458
470
480
591
597
630
735
740
754
795
828
869
935
930
989
1012
975
1019
932
948
936
804
781
715
615
548
462
295
91
-109
-270
-463
-679
-775
-933
-1161
-1237
-1320
-1406
-1464
-1473
-1472
-1474
-1470
-1460
-1454
-1445
-1510
-1556
-1646
-1746
-1769
-1903
-1931
-2077
-2296
-2462
-2690
-2749
-2801
-2785
-2721
-2747
-2652
-2485
-2124
-1639
-1176
-724
-275
325
1183
2026
2830
3450
3949
4475
4944
5320
5357
5221
4948
4596
4324
3896
3289
2528
1733
1076
579
141
-217
-468
-571
-547
-340
-100
122
378
562
720
832
992
1042
969
960
813
661
596
462
316
180
98
19
23
65
4
-31
-61
-99
-97
-110
-226
-423
-625
-837
-1078
-1333
-1618
-1927
-2257
-2547
-2757
-3063
-3325
-3597
-3809
-3998
-4244
-4455
-4575
-4679
-4768
-4952
-5139
-5164
-5020
-4420
-3852
-3270
-2659
-1755
-448
1051
2451
3542
4524
5490
6555
7561
8048
8049
7731
7347
6915
6250
5313
4051
2759
1609
584
-382
-1336
-2171
-2651
-2958
-3029
-3037
-2862
-2567
-2207
-1786
-1460
-1139
-781
-326
76
373
625
901
1256
1774
2227
2565
2893
3356
3843
4264
4440
4439
4355
4186
3906
3443
2769
2044
1200
425
-323
-1035
-1675
-2270
-2671
-2951
-3094
-3174
-3250
-3264
-3136
-3049
-2986
-2924
-3040
-3269
-3533
-3867
-4358
-4950
-5557
-6108
-6621
-7083
-7462
-7834
-7865
-7515
-6579
-5515
-4372
-3103
-1494
640
2885
4844
6336
7478
8608
9771
10546
10694
10055
9167
8203
7296
6142
4556
2818
1155
-178
-1201
-2174
-3006
-3685
-3891
-3760
-3479
-3183
-2849
-2361
-1806
-1341
-981
-773
-644
-481
-236
-39
187
407
727
1245
1833
2629
3384
4143
4880
5469
6060
6427
6594
6460
5999
5380
4507
3528
2389
1172
112
-941
-1840
-2612
-3153
-3375
-3574
-3579
-3571
-3380
-3046
-2708
-2439
-2344
-2403
-2611
-2964
-3531
-4347
-5340
-6391
-7373
-8293
-9051
-9633
-10241
-10494
-10242
-9338
-7829
-6358
-4568
-2653
-327
2385
4928
7149
8796
10064
11284
12162
12578
12050
10966
9604
8159
6708
4928
2980
982
-705
-1939
-2977
-3796
-4367
-4517
-4210
-3757
-3266
-2788
-2230
-1633
-1155
-889
-854
-908
-962
-972
-962
-1191
-1195
-988
-407
435
1251
2250
3452
4850
6153
7217
8011
8541
8807
8651
8135
7136
5854
4533
3061
1662
162
-1177
-2232
-3014
-3479
-3831
-3947
-3894
-3688
-3266
-2822
-2405
-2120
-2069
-2159
-2414
-2902
-3693
-4823
-6133
-7470
-8739
-9750
-10773
-11613
-12335
-12521
-11969
-10690
-8750
-6899
-4707
-2376
609
3884
6850
9176
10795
12056
13269
14001
14064
13069
11399
9636
7848
6085
3945
1573
-650
-2453
-3592
-4545
-5215
-5549
-5422
-4778
-4137
-3455
-2839
-2059
-1290
-776
-608
-630
-760
-772
-857
-1100
-1434
-1679
-1290
-550
462
1402
2434
3813
5457
7058
8187
8893
9408
9638
9561
8998
7932
6500
4934
3401
1893
383
-1000
-2154
-2963
-3438
-3624
-3658
-3497
-3138
-2734
-2180
-1729
-1458
-1439
-1698
-2126
-2845
-3825
-5103
-6664
-8290
-9756
-10999
-12114
-13026
-13801
-13879
-13192
-11660
-9509
-7456
-5054
-2371
962
4484
7449
9605
11152
12396
13619
14194
13982
12731
10978
9247
7525
5738
3487
1150
-946
-2472
-3362
-4200
-4727
-4933
-4606
-3836
-3130
-2472
-1861
-1187
-537
-193
-312
-582
-992
-1227
-1477
-1881
-2351
-2632
-2366
-1548
-439
691
1908
3353
5145
6865
8249
9125
9607
9855
9816
9355
8329
6858
5243
3583
2035
614
-809
-1945
-2790
-3197
-3335
-3346
-3080
-2714
-2101
-1565
-1155
-961
-1045
-1430
-2086
-3079
-4356
-5912
-7700
-9532
-11167
-12604
-13825
-14864
-15581
-15310
-14253
-12145
-9833
-7293
-4442
-1043
2894
6631
9519
11654
13138
14581
15718
15998
15144
13225
11229
9265
7385
5230
2530
24
-2067
-3395
-4194
-5040
-5445
-5514
-4787
-3818
-3015
-2352
-1652
-983
-412
-466
-695
-1176
-1615
-1851
-2244
-2709
-3272
-3225
-2543
-1352
-193
935
2420
4404
6484
8173
9260
9925
10379
10593
10359
9421
7938
6194
4589
3095
1527
-32
-1426
-2243
-2687
-2840
-2839
-2737
-2302
-1716
-1057
-577
-387
-479
-877
-1533
-2583
-4027
-5773
-7726
-9763
-11624
-13302
-14626
-15917
-16797
-16675
-15615
-13284
-10879
-8236
-5287
-1781
2421
6397
9499
11746
13156
14638
15861
16180
15314
13171
11016
9035
7129
4943
2158
-412
-2529
-3735
-4387
-5131
-5503
-5444
-4557
-3398
-2511
-1877
-1269
-613
-9
-4
-303
-863
-1357
-1648
-2034
-2598
-3142
-3208
-2493
-1286
-111
1074
2412
4363
6405
8031
9055
9556
9891
9971
9646
8700
7176
5523
3995
2651
1376
-11
-1197
-1872
-2098
-2047
-1983
-1834
-1461
-979
-439
-53
-37
-369
-1086
-2000
-3204
-4824
-6672
-8735
-10783
-12628
-14211
-15461
-16639
-16954
-16475
-14712
-12227
-9723
-6733
-3548
431
4623
8186
10930
12835
14261
15766
16409
16151
14514
12179
10118
8016
5966
3289
454
-1882
-3633
-4424
-5113
-5577
-5664
-5183
-4012
-2810
-2030
-1375
-882
-206
117
-26
-416
-1037
-1310
-1700
-2168
-2721
-3045
-2659
-1590
-445
669
1910
3574
5548
7215
8338
8907
9269
9416
9176
8403
7078
5480
3984
2743
1542
358
-848
-1555
-1798
-1841
-1789
-1729
-1463
-1062
-638
-337
-228
-559
-1208
-2192
-3325
-4791
-6553
-8528
-10471
-12281
-13891
-15174
-16346
-16612
-16135
-14366
-12097
-9670
-6745
-3371
798
4981
8298
10957
12890
14671
16286
16785
16295
14487
12277
10287
8125
5767
2779
-195
-2573
-4197
-5024
-5819
-6262
-6335
-5711
-4453
-3176
-2192
-1329
-707
91
425
335
6
-626
-909
-1377
-1946
-2551
-2913
-2465
-1539
-391
768
1980
3824
5711
7399
8473
8942
9386
9383
9053
8232
6703
5125
3507
2196
1171
-101
-1118
-1780
-1876
-1632
-1491
-1276
-915
-417
103
426
499
114
-694
-1769
-3140
-4699
-6545
-8671
-10657
-12638
-14215
-15573
-16596
-16600
-15846
-13814
-11603
-9123
-6085
-2357
1976
5995
8896
11375
13106
15077
16400
16463
15449
13171
11083
9040
6789
4175
919
-1838
-3940
-5261
-5913
-6572
-6704
-6467
-5437
-3885
-2578
-1474
-657
-34
780
837
678
229
-359
-780
-1419
-2004
-2465
-2433
-1648
-588
558
1839
3316
5388
7153
8439
9054
9190
9291
8941
8189
6819
4973
3152
1654
430
-532
-1588
-2331
-2525
-2236
-1611
-1114
-584
-116
510
1007
1323
1073
373
-821
-2308
-3997
-5814
-7923
-10008
-12230
-14095
-15579
-16692
-16710
-16171
-14234
-12073
-9567
-6529
-2901
1374
5571
8592
11200
12848
14641
16169
16393
15579
13176
10840
8716
6529
4088
825
-2210
-4554
-5991
-6608
-7220
-7344
-7158
-6235
-4622
-3165
-1816
-821
-110
763
904
907
625
240
-32
-624
-1252
-1744
-1547
-620
532
1635
2632
4092
6235
8074
9361
9636
9465
9343
8719
7876
6140
3903
1737
-36
-1199
-2245
-3279
-3876
-3944
-3319
-2436
-1435
-528
381
1282
1876
2393
2353
1728
524
-1154
-3128
-5181
-7413
-9486
-11883
-13858
-15599
-16566
-16425
-15579
-13363
-11253
-8681
-5519
-1798
2616
6503
9149
11536
12783
14479
15504
15432
14173
11516
9150
6962
4934
2563
-598
-3277
-5329
-6429
-6780
-7127
-6896
-6552
-5604
-4160
-2794
-1465
-629
22
648
652
710
455
515
497
90
-383
-549
161
1441
2773
3771
4602
5976
7801
9295
9940
9461
8939
8136
7166
5685
3512
1202
-955
-2513
-3664
-4559
-5165
-5273
-4706
-3740
-2629
-1338
-54
1295
2239
2782
3096
2853
2149
756
-1186
-3370
-5707
-7852
-10154
-12270
-14127
-15724
-15958
-15465
-13599
-11280
-9176
-6170
-2864
1164
5331
8019
10468
11760
12899
14081
14060
13436
11208
8759
6595
4468
2564
69
-2463
-4453
-5969
-6483
-6890
-6606
-6111
-5581
-4610
-3777
-2606
-1597
-979
-403
-542
-525
-497
-155
361
507
548
521
1437
3090
4910
6359
7172
8153
9505
10720
11368
10581
9348
7870
6377
4748
2448
-131
-2593
-4434
-5480
-6158
-6510
-6478
-5786
-4600
-3211
-1711
-252
1312
2586
3360
3682
3435
2761
1544
-293
-2451
-4955
-7257
-9543
-11454
-13112
-14624
-15055
-14577
-12631
-10116
-7899
-5084
-2019
1804
5861
8285
10581
11357
12427
13183
12981
12193
9934
7484
5308
3282
1415
-1015
-3254
-4975
-6267
-6717
-7385
-7074
-6669
-5917
-5032
-4594
-3824
-3023
-2245
-1577
-1653
-1600
-1551
-944
16
704
1200
1710
3030
5199
7259
8895
9752
10830
12103
12804
12923
11555
10141
8189
6229
3956
1161
-1565
-4006
-5702
-6868
-7774
-8163
-7918
-6978
-5662
-4368
-2909
-1517
110
1486
2400
2844
2502
1882
750
-715
-2477
-4595
-6707
-8868
-10521
-12096
-12859
-12735
-11860
-9814
-7958
-5507
-2523
460
4415
6963
9205
10685
11464
12744
12665
12201
10534
8404
6527
4517
2570
278
-2248
-4076
-5778
-6542
-7497
-8159
-8130
-7831
-6870
-6429
-5959
-5220
-4388
-3429
-2941
-2484
-2085
-1477
-519
585
1605
2454
3855
5771
7993
9703
10736
11971
13083
13740
13801
12493
11217
9283
7380
5155
2358
-352
-2972
-4620
-5853
-6908
-7699
-8105
-7613
-6720
-5663
-4421
-3431
-2220
-1136
-154
736
794
604
-225
-1249
-2334
-3772
-5004
-6695
-8413
-9893
-10328
-9877
-8793
-7314
-6243
-4026
-1583
1470
4833
6502
8491
9142
10299
11231
11135
10500
8715
6886
5454
3812
2221
102
-2103
-3659
-5182
-5902
-7082
-7602
-7947
-7902
-7496
-7414
-7011
-6430
-5697
-4697
-4230
-3584
-2880
-1769
-330
960
1893
3313
5045
7284
9197
10318
11497
12344
13281
13546
12918
11679
9885
8115
6366
4086
1675
-935
-2821
-4057
-4996
-5682
-6360
-6567
-6457
-5937
-5006
-4188
-3525
-3088
-2580
-1844
-1342
-1272
-1722
-2503
-3161
-3770
-4329
-5143
-5996
-7310
-7599
-7188
-6068
-4201
-3612
-1922
-226
2122
5175
6440
7924
8194
8555
9299
9065
8522
6967
5109
3686
2219
1147
-273
-1919
-3227
-4534
-5147
-6034
-6396
-6628
-6630
-6597
-6888
-6874
-6422
-5789
-5101
-4863
-4394
-3575
-2251
-682
718
1713
3166
5033
7275
9128
10008
11016
11633
12345
12353
11417
10123
8294
6521
4915
2827
718
-1424
-2800
-3580
-4209
-4649
-4988
-4952
-4850
-4728
-4379
-4018
-3618
-3365
-3355
-3121
-3183
-3138
-3358
-3734
-4151
-4610
-4879
-5084
-5313
-5827
-5116
-4397
-2293
-661
273
2251
3536
6486
8246
8944
9216
8629
8974
8837
7908
6220
3981
2194
1105
-163
-1359
-3193
-4420
-5238
-5683
-6198
-6987
-7334
-7175
-6819
-6598
-6930
-6869
-6449
-5482
-4604
-4123
-3542
-2479
-788
1145
2523
3868
5495
7391
9631
10344
11405
11314
11655
11471
10380
8996
6769
4859
3153
1410
-414
-2206
-3425
-3858
-4148
-4076
-4305
-4131
-4248
-3989
-3859
-3761
-3886
-4195
-4352
-4362
-4589
-4848
-5215
-5387
-5259
-5256
-5142
-4983
-4783
-4557
-3211
-2092
599
2066
3522
5416
6798
9863
11159
11851
11468
10571
10447
9997
8739
6591
3798
1703
211
-1163
-2545
-4494
-5870
-7097
-7713
-8268
-8947
-9233
-9301
-8946
-8693
-8775
-8373
-7757
-6355
-5245
-4313
-3276
-1620
521
2790
4615
6424
8183
10031
11443
12251
12559
12170
11757
10557
9152
7043
4843
2799
1105
-678
-2340
-3681
-4263
-4405
-4344
-4294
-4078
-3992
-3992
-3909
-3937
-3842
-4371
-4963
-5394
-5682
-5897
-6378
-6913
-7027
-6942
-6513
-6163
-5630
-5375
-3985
-2483
72
2779
4217
6650
7783
10557
12783
13939
14422
13433
12755
12127
11190
9500
7030
4190
2162
226
-1249
-3025
-4697
-6138
-7513
-8541
-9553
-10066
-10206
-10374
-10330
-10799
-10501
-9963
-8720
-7482
-6414
-5276
-3677
-1492
1071
3898
6238
8405
10327
11989
13559
14222
13856
13175
11604
10081
7781
5363
3154
1140
-801
-2559
-3881
-4454
-4590
-4734
-4807
-4922
-4795
-4785
-4898
-5255
-5519
-5676
-5941
-6111
-6585
-6795
-6921
-7153
-7226
-7300
-7225
-7032
-6936
-6599
-5006
-3530
-505
1669
3954
6668
8523
11947
13904
15438
15907
15396
15047
14338
12839
11007
8339
5809
3683
1675
142
-1587
-3139
-4473
-5785
-6856
-8173
-8684
-9187
-9376
-9971
-11025
-11167
-10947
-9729
-8761
-7797
-6818
-5014
-2864
271
3431
6120
8531
9936
11548
12960
13462
13365
12021
10343
8501
6485
4889
3086
1410
-473
-1760
-2492
-2663
-2939
-3415
-4191
-4890
-5518
-6038
-6461
-7073
-7448
-7869
-7769
-7701
-7364
-7226
-7147
-7045
-7077
-6942
-6987
-7113
-7522
-6551
-5542
-2909
-648
1254
4441
6485
9939
12441
14202
15457
15271
14790
14298
12955
11474
9172
6873
5082
3353
2041
910
-111
-1020
-2223
-3279
-4588
-5534
-6357
-7075
-7847
-9268
-10006
-10286
-9459
-8686
-7836
-7092
-5488
-3579
-542
2314
4621
6473
7224
8780
9611
10042
9572
8373
7296
6172
5215
4305
3320
2329
1224
681
331
136
-483
-1384
-2466
-3599
-4562
-5385
-6046
-6698
-7330
-7713
-7529
-7318
-6978
-7095
-7130
-7264
-7208
-7349
-7607
-8259
-8684
-7512
-6247
-3109
-1193
1185
4062
6539
10185
12173
13473
13710
13031
12279
11277
9400
7658
5425
3927
2864
2193
1932
1817
1878
1801
1127
249
-1136
-1959
-3144
-4197
-5884
-7439
-7988
-7926
-7053
-6328
-5320
-4201
-2346
99
2690
4618
5495
5464
5827
5836
5962
5125
4020
3082
2395
2224
2321
2286
2084
1605
1122
875
578
149
-671
-1863
-3334
-4267
-4785
-4812
-4665
-4856
-4944
-4967
-4957
-4772
-5022
-5692
-6704
-7756
-8500
-9184
-9912
-10680
-9713
-8217
-4567
-1617
1166
4552
7063
10748
12508
13415
12901
11578
9946
8631
6416
4730
2599
1622
1184
1249
1445
1657
2051
2088
1528
228
-1546
-2549
-3339
-3627
-4259
-5304
-5002
-4081
-1875
-306
851
1566
2758
3936
5464
5549
5222
3859
3025
2412
2197
1777
1226
988
832
900
876
932
689
267
-858
-1767
-2450
-2553
-2822
-3256
-3907
-4018
-3612
-2827
-2082
-1726
-1883
-2490
-3043
-3485
-4293
-5284
-6989
-8084
-9331
-9744
-10393
-9764
-8286
-5772
-2061
-116
3277
5194
8245
10226
10939
10620
9792
8532
7769
6515
5317
4284
3127
3018
2414
2395
1547
979
-21
-1329
-3015
-4971
-6362
-6624
-6174
-4970
-4250
-2811
-1186
1406
3594
5235
6130
6607
6941
7315
6919
6536
5344
4369
3535
2599
2297
1659
1556
915
173
-1005
-1773
-2418
-2828
-3630
-4342
-4747
-4586
-4025
-3709
-3306
-3196
-2784
-2393
-1958
-1592
-1710
-1990
-2848
-3369
-4253
-4513
-5365
-5853
-7021
-7667
-8507
-7920
-6442
-4189
-1158
-213
2121
3253
6004
7836
8604
8101
7266
6242
6236
5924
5615
4974
3825
3577
3005
2965
1943
749
-1069
-2925
-4920
-6658
-7772
-7625
-7095
-5733
-4848
-2947
-814
1916
3957
5370
6440
7379
8474
8981
9135
8807
8092
7293
6522
5412
4504
3019
1901
659
-608
-2075
-3550
-4471
-5115
-5399
-5676
-5723
-5363
-5137
-4979
-4724
-4366
-3572
-3252
-2957
-2728
-2373
-2056
-2087
-2404
-2867
-3171
-3708
-4057
-4773
-5415
-6505
-6015
-4794
-1809
706
1811
3409
4232
6455
7540
7489
6293
4882
3521
3369
3031
3150
2829
2503
2490
2298
2366
1661
723
-1098
-3378
-5709
-7584
-8170
-7630
-6698
-5454
-4469
-2587
-156
2609
4414
5781
6525
7717
8773
9238
9438
9034
8567
8065
7418
6666
5695
4245
3098
1581
39
-1710
-3311
-4318
-5014
-5698
-6159
-6350
-6134
-6244
-6311
-6400
-5827
-4932
-4302
-3658
-3440
-3118
-2974
-2871
-2867
-2827
-3400
-3680
-4252
-4328
-4828
-4742
-3398
-1156
2446
3835
5355
5752
7025
8101
7966
6538
4573
2786
1984
1700
1475
1691
1389
1617
1313
1218
604
-197
-1702
-3708
-6085
-8126
-9054
-8343
-6950
-5035
-3886
-2250
-477
1814
3808
5466
6383
7229
7458
7796
8262
8417
8641
8122
7665
6810
6103
5004
4156
2872
1391
-630
-2195
-3330
-3654
-4129
-4628
-5250
-5804
-6100
-6378
-6192
-5676
-4982
-4685
-4322
-3990
-3266
-3036
-3267
-3807
-4275
-4479
-4768
-5175
-5327
-5832
-5233
-3568
-676
3604
5642
7459
7717
8499
9360
9154
7659
5722
3685
2828
2556
2325
2467
2125
2128
1369
603
-706
-1824
-3219
-5087
-7350
-9289
-10099
-8922
-7112
-4833
-3372
-1930
-728
1039
2872
4998
6175
6557
6211
6158
7104
7847
8352
7710
6749
5776
5256
4529
3984
2639
1111
-620
-1838
-2318
-2508
-3016
-3853
-5078
-5976
-6616
-6521
-5965
-5094
-4429
-4113
-3740
-2978
-2244
-1929
-2344
-3178
-3794
-4339
-4660
-5158
-5701
-5936
-4809
-2973
541
3435
5563
6959
7219
7942
8017
7564
6421
5173
4255
4236
4151
4155
3824
3431
2890
1961
427
-1477
-3258
-4896
-6326
-7849
-9052
-9005
-7759
-5602
-3626
-2304
-1350
-517
686
2327
4035
5141
5691
5595
6033
6462
7093
7082
6484
5282
3996
2908
2236
1745
1034
155
-792
-1257
-1419
-1559
-2180
-3343
-4761
-5997
-6629
-6598
-5989
-5036
-4178
-3498
-3032
-2626
-2398
-2335
-2767
-3329
-3900
-4363
-4556
-4768
-4801
-3738
-1870
1241
4378
6161
7193
7069
7010
7174
6745
5699
4292
3149
3323
4073
4615
4500
3591
2768
2101
1151
-369
-2301
-4265
-5520
-6219
-6724
-6604
-5963
-4640
-2915
-1630
-695
10
529
1493
2605
3609
4474
4694
4941
5213
5374
5255
4778
3986
3243
2245
1271
385
-112
-319
-538
-808
-1256
-1602
-2107
-2850
-3822
-4902
-5556
-5728
-5412
-4819
-4151
-3562
-3059
-2979
-3199
-3714
-4246
-4604
-4837
-4853
-4910
-4894
-4793
-3770
-1732
1371
4644
6953
8045
8123
7710
7487
7064
6211
5154
4231
4009
4440
4615
4450
3584
2625
1748
630
-924
-2822
-4750
-5974
-6445
-6387
-5831
-4868
-3512
-1822
-253
914
1856
2639
3067
3447
3485
3275
3753
3674
4194
4060
3848
3553
3136
2575
1915
793
-211
-867
-1274
-1200
-1294
-1567
-2052
-2605
-3278
-3927
-4647
-5068
-4983
-4615
-4059
-3696
-3622
-3502
-3584
-3650
-3917
-4322
-4807
-5135
-5252
-5279
-5146
-5043
-4526
-2812
-399
3152
6005
7657
8270
7624
7316
6976
6657
6373
5997
5668
5749
5538
5442
4978
4291
3202
1660
-237
-2207
-3849
-5080
-5856
-6298
-6261
-5435
-3995
-2229
-591
559
1655
2201
2808
2943
2860
2925
2932
3414
3830
4188
4346
4247
3863
3280
2307
1389
565
-130
-543
-952
-1186
-1428
-1785
-2443
-3336
-4302
-5005
-5167
-4923
-4486
-4242
-4254
-4307
-4255
-4084
-3902
-3961
-4345
-4673
-5037
-5157
-5145
-5332
-5180
-5010
-3947
-2154
397
3283
5367
6812
6695
6309
5565
5392
5550
5941
6081
6215
6130
5950
5847
5286
4673
3590
2224
659
-880
-2219
-3296
-4074
-4330
-3973
-2988
-1837
-652
44
767
977
1096
750
444
224
458
904
1465
2033
2448
2819
2783
2483
1724
1019
285
-39
-394
-481
-577
-712
-953
-1499
-2071
-2565
-2880
-3009
-3023
-2872
-2461
-2064
-1627
-1356
-1232
-1025
-850
-767
-851
-1306
-1745
-2205
-2560
-2722
-2856
-2858
-2669
-2489
-1868
-1133
-404
491
609
696
134
-278
-459
-275
97
520
748
985
1351
1588
1971
1912
1839
1574
1496
1508
1642
1680
1769
1914
2227
2643
3073
3376
3609
3654
3293
2679
1821
1170
761
408
144
-233
-421
-509
-698
-1041
-1515
-1801
-1668
-1280
-922
-678
-575
-361
-197
-148
-271
-386
-390
-250
-119
-5
164
408
721
922
1084
1136
1209
1142
915
550
95
-151
-310
-471
-595
-887
-1077
-1305
-1576
-1820
-2269
-2765
-3249
-3622
-3868
-4002
-4055
-3990
-3755
-3456
-3140
-2804
-2483
-2059
-1496
-874
-234
313
780
1203
1604
2058
2572
3033
3365
3562
3765
4078
4520
4820
4822
4481
3924
3385
2793
2147
1335
561
-65
-525
-851
-1262
-1559
-1761
-1725
-1489
-1317
-1155
-1010
-801
-525
-411
-364
-304
-71
278
542
718
838
1034
1307
1407
1305
1125
1000
1006
987
867
656
486
293
115
-91
-393
-556
-768
-956
-1208
-1723
-2259
-2941
-3548
-3991
-4324
-4502
-4535
-4418
-4039
-3543
-2958
-2382
-1870
-1298
-690
-129
394
762
1125
1558
2002
2578
3013
3362
3488
3588
3610
3598
3472
3067
2606
2068
1685
1474
1339
1107
781
255
-330
-876
-1452
-1828
-2063
-2065
-1911
-1746
-1557
-1294
-1015
-698
-609
-507
-425
-198
183
461
882
1209
1795
2353
2816
3111
3191
3127
2998
2626
2142
1575
988
698
463
486
407
357
149
-161
-637
-1271
-1958
-2687
-3251
-3691
-3944
-4092
-4154
-4219
-4054
-3753
-3400
-3048
-2953
-2712
-2410
-1837
-1133
-482
179
740
1306
1808
2297
2679
2994
3151
3239
3309
3370
3370
3230
2908
2472
2044
1597
1151
612
38
-555
-1126
-1532
-1773
-1833
-1676
-1614
-1570
-1637
-1663
-1438
-1236
-769
-603
-552
-555
-776
-340
95
1092
1966
2439
2674
2397
1972
1649
1336
1327
1466
1499
1706
1522
1356
946
573
369
267
347
425
452
188
-404
-1333
-2416
-3243
-3718
-3640
-3409
-3110
-3027
-3200
-3494
-3835
-4036
-4019
-3809
-3594
-3159
-2763
-1779
-497
801
2100
2509
2937
3005
3423
4048
4539
4826
4571
4387
4302
4484
4542
4189
3322
2337
1361
813
386
155
-59
-338
-460
-732
-954
-1225
-1604
-1903
-2446
-2839
-3190
-3200
-2787
-2086
-1177
-451
134
322
504
595
693
644
448
238
175
429
754
1089
1142
1102
980
843
729
557
260
-218
-810
-1305
-1712
-1943
-2271
-2615
-2994
-3395
-3748
-4018
-4169
-4192
-4098
-4057
-4147
-3962
-3562
-2281
-623
784
2119
2178
2679
2987
3881
4998
5474
5791
5601
5679
5942
6148
5925
5130
3881
2676
1721
1120
766
374
22
-335
-485
-293
-87
62
-323
-890
-1770
-2466
-2987
-3145
-2825
-2262
-1463
-818
-404
-172
35
174
312
167
-190
-603
-699
-382
228
488
427
-22
-322
-365
-314
-291
-632
-1046
-1534
-1843
-2110
-2280
-2514
-2799
-3162
-3599
-4087
-4510
-4706
-4699
-4623
-4573
-4830
-4446
-3947
-2091
49
1618
2945
2396
2736
3069
4429
6202
7052
7353
7177
7050
7496
7881
7307
6246
4151
2431
1307
501
239
-361
-1022
-1509
-1863
-1563
-1149
-715
-614
-988
-1657
-2341
-2649
-2366
-1551
-651
150
583
878
1202
1582
1901
1813
1305
532
-158
-385
-314
-169
-349
-868
-1480
-1937
-2146
-2047
-2006
-2114
-2553
-3106
-3494
-3583
-3536
-3581
-3773
-4118
-4451
-4770
-4911
-4768
-4545
-4212
-4360
-4279
-3684
-2394
263
2064
3907
3973
3536
3570
3847
5375
6460
7121
7125
7089
7203
7828
7874
7059
5458
3227
1569
455
-168
-716
-1398
-2272
-2631
-2688
-2298
-1516
-1286
-871
-1147
-1550
-1937
-2222
-1796
-1047
-118
608
977
1129
1517
2123
2723
2949
2601
1968
1458
1307
1511
1487
1075
105
-882
-1578
-1849
-1966
-2128
-2559
-3043
-3541
-3930
-4079
-4319
-4438
-4819
-5156
-5447
-5585
-5474
-5384
-5089
-4947
-4679
-4791
-4341
-3606
-1697
955
2876
4641
4310
4259
4192
4815
6088
6752
6924
6695
6524
6743
7256
6941
6069
4249
2304
858
-119
-666
-1301
-2100
-3007
-3216
-3165
-2364
-1535
-1014
-649
-1042
-1372
-1842
-1851
-1310
-381
557
1143
1397
1498
1953
2412
2818
2705
2185
1675
1522
1879
2343
2425
1939
1001
94
-478
-762
-978
-1347
-1923
-2456
-2826
-3125
-3320
-3719
-4117
-4631
-5096
-5388
-5671
-5646
-5684
-5431
-5321
-4964
-4939
-4874
-4449
-3773
-1544
292
2596
3356
3421
3590
3748
5178
5979
6694
6506
6273
6225
6474
6497
5817
4597
2924
1664
773
270
-335
-1103
-2066
-2604
-2700
-2255
-1430
-780
-284
-350
-646
-1143
-1457
-1322
-786
53
679
1161
1384
1697
2020
2193
2135
1756
1404
1172
1388
1752
2031
1945
1438
815
310
5
-326
-643
-1106
-1480
-1707
-2008
-2359
-2886
-3380
-3710
-3873
-3942
-4137
-4310
-4473
-4394
-4043
-3729
-3440
-3588
-3920
-4023
-3797
-2419
-1015
719
1684
1987
2440
2507
3419
3858
4348
4450
4422
4566
4567
4565
4177
3649
2920
2238
1537
871
145
-500
-1092
-1364
-1376
-1110
-657
-299
40
42
-87
-456
-830
-978
-909
-445
46
594
981
1275
1486
1545
1488
1159
786
457
429
655
923
1114
1033
842
634
460
279
33
-229
-529
-728
-925
-1090
-1261
-1436
-1491
-1515
-1463
-1441
-1514
-1621
-1660
-1663
-1564
-1578
-1676
-1938
-2250
-2526
-2714
-2711
-2540
-1957
-1300
-425
172
574
686
550
448
227
236
268
541
908
1319
1633
1617
1372
848
434
187
140
248
380
531
763
1054
1399
1709
1854
1819
1515
1067
617
323
235
387
664
960
1187
1121
867
344
-173
-611
-796
-700
-500
-165
67
281
372
433
424
329
233
96
84
83
219
342
498
660
808
1001
1068
1075
921
703
455
210
80
-2
35
80
70
-107
-497
-960
-1427
-1789
-2039
-2218
-2357
-2458
-2476
-2426
-2313
-2247
-2240
-2268
-2222
-2039
-1719
-1361
-1080
-888
-715
-449
-94
341
702
1010
1230
1403
1551
1624
1694
1663
1535
1365
1206
1137
1121
1135
1110
1008
885
662
470
215
-3
-147
-251
-292
-340
-331
-298
-157
-84
2
-20
-79
-87
-65
115
294
553
760
1003
1232
1470
1651
1684
1598
1396
1187
1018
897
814
745
653
492
204
-143
-538
-831
-996
-1117
-1213
-1417
-1546
-1592
-1508
-1347
-1218
-1173
-1211
-1195
-1162
-1042
-959
-894
-862
-812
-700
-511
-236
49
266
381
365
330
282
252
288
209
132
-45
-165
-204
-217
-168
-178
-268
-369
-466
-480
-406
-323
-246
-244
-239
-215
-77
59
175
233
207
210
208
242
277
287
327
427
590
862
1157
1432
1565
1548
1382
1165
990
916
944
955
941
827
696
549
394
216
-54
-358
-673
-901
-942
-883
-750
-630
-550
-420
-307
-180
-154
-232
-338
-387
-320
-174
-19
143
274
413
507
511
396
219
45
-58
-90
-118
-171
-296
-384
-460
-431
-466
-525
-635
-749
-782
-787
-724
-698
-699
-744
-801
-759
-683
-532
-451
-436
-474
-494
-421
-292
-141
-100
-120
-199
-116
66
382
587
711
661
541
469
385
442
410
503
494
614
696
819
884
841
743
521
407
268
311
337
476
549
610
586
511
435
280
151
4
-50
-75
-28
27
56
89
126
176
239
242
227
166
73
16
-52
-32
-56
-55
-142
-200
-291
-358
-431
-575
-675
-813
-795
-723
-561
-443
-383
-369
-389
-378
-408
-461
-571
-641
-623
-547
-405
-336
-316
-358
-372
-349
-321
-305
-336
-370
-404
-377
-355
-316
-303
-275
-183
-73
48
124
136
143
168
285
431
559
688
759
860
962
1090
1195
1241
1243
1165
1085
999
913
808
670
526
362
230
174
172
185
179
100
-41
-212
-358
-449
-469
-498
-492
-467
-424
-321
-246
-183
-154
-226
-313
-413
-466
-431
-315
-149
19
157
251
285
231
153
70
20
-44
-134
-206
-241
-155
-46
-7
-129
-406
-672
-846
-927
-930
-945
-945
-921
-829
-683
-533
-419
-398
-402
-407
-346
-194
42
311
541
689
783
854
944
1027
1073
1066
993
932
909
910
906
863
764
671
566
471
395
281
180
77
-27
-83
-139
-170
-223
-301
-376
-441
-450
-416
-346
-272
-212
-188
-205
-258
-322
-350
-327
-225
-83
40
86
59
15
-25
-38
-48
-115
-230
-332
-376
-326
-242
-216
-267
-385
-529
-649
-758
-860
-946
-974
-905
-777
-624
-476
-378
-304
-237
-139
9
172
325
435
531
636
760
884
953
964
944
946
921
863
719
532
357
263
253
279
276
215
161
110
129
170
212
213
166
123
139
195
231
195
88
-5
-28
19
113
139
111
25
-76
-110
-75
22
111
155
139
72
2
-64
-85
-117
-149
-200
-242
-219
-152
-66
-32
-121
-297
-532
-741
-875
-949
-975
-1035
-1044
-1021
-936
-819
-766
-759
-793
-787
-730
-564
-320
-24
251
469
613
662
677
672
686
675
696
693
682
652
572
461
291
113
-46
-150
-183
-194
-180
-180
-179
-137
-51
71
164
198
178
128
98
111
174
270
366
456
552
635
692
702
641
512
354
241
211
254
316
395
408
388
297
153
18
-131
-207
-230
-158
-42
45
96
86
27
-87
-239
-385
-472
-470
-369
-232
-125
-98
-159
-257
-383
-524
-655
-760
-808
-796
-742
-647
-522
-407
-320
-307
-356
-420
-463
-462
-403
-326
-249
-216
-170
-94
-1
91
124
85
-4
-62
-47
26
114
170
196
196
232
272
322
319
251
175
128
183
266
375
447
503
528
592
625
658
639
585
510
379
270
176
128
113
125
154
213
270
321
322
264
122
-48
-177
-228
-199
-104
12
131
249
356
449
473
427
298
140
3
-59
-41
50
150
223
232
170
46
-142
-343
-542
-698
-811
-847
-840
-812
-807
-835
-872
-907
-914
-910
-884
-833
-776
-699
-614
-492
-356
-220
-103
-29
22
49
59
65
100
160
269
385
495
548
564
567
568
545
502
443
388
353
332
337
331
330
316
317
327
333
330
283
189
65
-41
-114
-120
-96
-43
14
73
129
161
186
173
162
150
154
171
217
294
390
471
522
518
458
368
254
155
82
35
18
5
5
-35
-103
-205
-334
-479
-616
-711
-778
-815
-813
-769
-705
-624
-550
-513
-512
-534
-543
-538
-518
-479
-406
-286
-136
-2
107
178
221
242
253
248
237
208
196
190
189
192
189
192
217
263
312
342
342
305
248
161
90
24
-8
6
58
121
180
215
223
202
155
104
41
1
-8
29
88
170
248
307
333
309
269
223
185
168
158
172
179
183
189
181
152
91
5
-77
-158
-196
-221
-217
-193
-172
-149
-152
-163
-193
-247
-315
-396
-447
-468
-452
-393
-321
-232
-154
-79
-26
-2
3
-22
-55
-96
-119
-107
-81
-44
-13
18
53
91
113
116
86
27
-57
-141
-197
-218
-203
-156
-90
-18
43
74
88
74
57
31
23
29
50
96
133
175
211
228
240
232
224
201
174
159
151
163
171
188
188
185
168
143
96
47
-1
-30
-39
-33
-23
-12
6
21
33
34
19
-15
-47
-67
-63
-53
-44
-49
-58
-63
-64
-41
-22
-18
-25
-37
-50
-61
-81
-92
-97
-91
-71
-48
-20
-1
16
17
-6
-46
-104
-161
-203
-215
-207
-184
-158
-136
-119
-110
-111
-120
-134
-146
-149
-148
-128
-92
-45
-5
32
62
94
113
137
149
152
145
138
143
142
138
125
116
110
100
87
68
53
38
36
29
14
-1
-2
25
64
106
137
149
153
147
140
138
121
103
91
95
122
144
163
157
133
93
36
-8
-56
-83
-102
-99
-75
-38
8
30
35
9
-34
-86
-139
-180
-199
-200
-178
-145
-106
-80
-69
-78
-109
-148
-189
-211
-223
-215
-193
-166
-129
-99
-66
-42
-35
-42
-56
-68
-67
-55
-25
8
37
60
59
52
33
12
-16
-34
-40
-21
0
30
55
83
100
110
117
117
115
118
121
127
125
128
134
149
161
165
171
165
152
127
96
62
25
1
-21
-17
-1
24
53
76
86
71
51
15
-26
-68
-98
-110
-106
-89
-74
-40
-16
-4
-6
-31
-57
-97
-122
-140
-141
-124
-99
-68
-36
-19
-17
-29
-49
-77
-95
-107
-98
-78
-51
-13
11
42
43
35
16
-3
-15
-32
-27
-23
3
21
43
48
50
40
30
18
5
-8
-16
-12
-6
15
30
53
67
75
72
66
52
34
11
-6
-12
-9
0
11
28
51
66
70
71
62
51
34
23
14
13
13
20
35
41
55
56
57
38
16
-6
-28
-47
-55
-61
-49
-45
-32
-25
-19
-20
-32
-49
-71
-87
-97
-97
-90
-74
-56
-42
-32
-30
-28
-29
-36
-35
-40
-29
-21
-4
10
20
28
26
20
12
3
3
5
13
21
31
36
37
30
29
20
15
5
-9
-12
-14
-2
10
22
26
23
19
15
8
-5
-15
-22
-16
-14
1
11
25
30
31
36
36
49
48
54
47
47
48
49
52
45
42
36
38
42
45
42
32
16
3
-19
-29
-43
-49
-54
-59
-52
-48
-40
-37
-44
-48
-62
-69
-71
-73
-64
-55
-30
-8
7
13
5
3
-7
-14
-19
-19
-14
-1
11
23
21
17
13
6
1
-13
-21
-25
-25
-11
-1
18
18
17
20
15
14
-12
-23
-34
-31
-21
-12
4
16
34
49
53
48
34
17
8
0
-1
1
12
25
43
58
66
64
54
42
25
9
3
4
8
17
21
24
25
18
7
-17
-33
-50
-55
-53
-43
-36
-24
-14
-13
-10
-22
-29
-49
-49
-49
-39
-25
-11
0
3
6
1
-9
-21
-28
-38
-36
-37
-25
-17
-1
7
16
14
5
-5
-15
-21
-25
-23
-15
0
15
33
38
45
41
44
37
28
22
12
16
13
20
16
19
23
23
32
30
28
20
21
16
9
6
-1
-7
-6
0
2
6
5
-1
-15
-25
-32
-35
-35
-33
-28
-17
-8
5
11
8
-2
-8
-10
-10
-4
6
12
21
25
33
33
26
11
-2
-11
-17
-15
-17
-20
-18
-11
-6
-1
-6
-11
-21
-25
-29
-29
-24
-19
-8
-1
5
15
23
31
31
27
16
12
6
4
2
-1
-4
0
6
10
8
10
10
11
13
10
6
-1
-5
-11
-8
-8
-4
3
4
6
-1
-5
-16
-12
-12
-8
-4
4
4
7
10
7
4
-5
-10
-18
-21
-16
-11
3
7
12
12
11
12
5
3
-5
-9
-10
-6
1
-1
7
3
3
-3
-2
-11
-18
-21
-27
-28
-29
-26
-22
-10
-5
2
9
7
4
2
4
3
3
8
4
7
11
19
22
25
23
23
21
21
13
5
-5
-7
-3
-1
7
6
7
7
10
6
-2
-8
-13
-14
-10
-8
-6
-1
-2
0
-1
4
-1
1
9
9
9
5
8
4
8
8
7
3
-1
-3
0
3
3
8
8
13
8
7
-4
-11
-18
-19
-16
-17
-17
-18
-16
-15
-14
-16
-16
-18
-12
-7
3
2
2
4
1
4
5
6
8
10
13
12
11
8
1
6
2
6
1
4
4
4
9
3
2
-7
-9
-10
-8
-3
-2
1
-6
-4
-3
3
2
9
7
7
5
8
7
3
2
-5
-3
-4
5
7
15
14
15
12
3
-2
-13
-13
-18
-14
-12
-10
-7
-8
-6
-10
-12
-20
-21
-23
-16
-11
-6
-2
-3
3
1
8
3
4
2
2
5
4
9
11
14
15
16
14
12
9
4
3
-1
3
1
8
5
6
3
-2
1
-6
0
-3
0
-1
-1
-1
-4
-3
-6
-4
-7
-3
-6
1
2
4
5
2
5
0
7
7
8
9
7
9
5
7
2
0
-2
-5
-3
-1
3
4
6
5
2
-1
-4
-8
-11
-13
-11
-8
-3
1
1
3
0
-1
-4
-6
-7
-4
0
6
6
8
5
3
0
-4
-6
-13
-13
-15
-9
-3
1
7
6
7
4
4
-1
-4
-7
-6
-4
-1
0
2
1
3
3
4
0
-5
-7
-9
-7
-7
-5
-5
-1
4
8
13
12
10
3
0
-4
-4
-4
-2
-1
3
5
9
11
11
11
7
5
-4
-7
-11
-10
-6
-1
4
6
6
4
0
-5
-6
-9
-7
-5
-1
2
6
9
10
13
10
6
1
-4
-4
-5
-3
-4
-2
0
0
1
-2
-4
-7
-7
-7
-5
-3
-2
-3
1
1
5
3
4
2
3
5
8
7
7
2
2
1
1
2
0
5
1
4
1
0
-4
-6
-6
-6
-4
-3
-1
0
3
1
3
-2
-2
-6
-4
-4
-2
0
0
2
2
3
0
0
-4
-2
-5
-3
-3
-1
0
2
5
5
6
6
3
1
-1
-2
-3
-3
-1
0
3
5
7
9
9
7
3
-2
-7
-10
-14
-14
-11
-7
-1
2
5
7
3
2
-3
-6
-10
-9
-6
-3
0
3
5
5
7
4
2
-2
-2
-4
-2
-2
-1
2
3
4
4
3
-2
-3
-7
-6
-7
-4
-2
2
5
9
9
7
5
1
-1
-3
-5
-5
-3
1
5
7
8
5
4
3
1
0
0
-1
1
3
5
6
4
4
2
3
1
-2
-2
-6
-4
-7
-4
-7
-3
-2
2
4
4
4
0
1
-3
-1
-6
-3
-2
3
4
5
5
2
1
-2
-4
-5
-6
-5
-4
0
1
4
2
4
0
-1
-3
-5
-7
-6
-3
-2
2
4
6
3
3
-1
-2
-6
-4
-5
-3
-2
2
3
4
4
4
3
2
0
-1
0
-1
1
1
2
2
2
1
0
-1
-2
-2
-2
-1
0
-1
1
0
1
0
1
1
2
3
3
3
2
1
0
1
0
1
0
1
1
1
1
-1
-3
-3
-2
-2
-1
-1
-1
-1
0
0
-2
-3
-4
-3
-2
2
1
3
2
4
3
2
1
-1
-1
-3
-1
-1
0
0
0
0
0
0
-2
-1
-4
-1
-2
-1
-1
-2
0
0
2
1
4
2
4
3
4
2
0
-1
-2
-2
-3
0
-1
2
2
3
2
2
0
-3
-2
-3
-1
-1
-1
0
0
2
0
0
-2
0
-1
2
1
3
4
4
5
3
4
0
1
-2
-1
-1
0
0
0
-1
0
0
-1
-3
-4
-4
-4
-2
-1
1
1
2
3
0
1
-2
-3
-4
-5
-3
-2
0
0
1
2
3
1
2
1
2
1
1
2
1
2
0
1
-1
1
-1
1
1
1
0
0
-1
-2
0
-1
0
-1
0
-1
1
0
0
-1
-1
0
-1
1
1
2
1
1
1
0
0
-1
0
-1
0
1
1
1
1
1
1
0
0
0
1
0
1
-2
-2
-5
-5
-6
-3
-4
-1
1
2
4
4
5
2
2
-2
0
-1
-1
0
1
2
2
3
2
2
0
0
-3
-2
-3
-1
1
1
2
3
2
1
0
-1
-2
-3
-1
-1
0
1
2
2
1
0
0
0
0
-1
0
0
0
-1
-1
-2
0
-1
2
2
4
3
3
1
-1
-1
-2
-2
-1
-1
-1
0
-1
1
-1
-1
-2
-3
-2
-1
-1
1
1
2
1
0
1
0
0
-1
0
1
0
2
0
1
0
0
-1
-1
-1
0
0
0
1
1
1
0
0
-1
-1
-1
0
1
0
2
1
2
1
2
-1
-1
-2
-1
-1
-1
-1
0
0
-2
0
-1
-1
0
1
2
2
2
1
2
-1
0
-1
-1
-1
1
1
2
1
1
-2
-3
-4
-4
-3
-2
-1
0
2
3
2
2
0
0
-2
-2
-1
-2
-1
1
1
1
0
0
0
-1
-2
-2
-1
-1
-1
0
0
0
0
-2
-2
-2
-1
0
0
1
0
2
2
2
2
3
2
1
0
0
0
-1
0
0
1
1
2
3
2
2
-1
-1
-2
0
-1
0
0
0
1
1
0
0
-1
-1
0
-2
0
-1
0
-1
1
0
1
2
2
1
2
1
0
1
-1
0
-1
1
0
1
1
1
1
-1
0
-2
-1
-1
-1
0
0
0
0
0
-1
1
0
-1
0
-2
-2
-2
-2
-3
-1
0
1
1
1
1
1
0
-2
-2
-3
-1
-1
0
-1
1
0
1
1
2
0
0
0
0
-1
-1
-1
-1
1
-1
2
1
1
-1
1
0
1
-1
1
-1
0
0
0
1
0
2
1
3
1
1
1
1
1
-1
-2
-1
-1
-2
-1
0
2
2
2
1
0
0
-2
-2
-2
-1
1
1
2
1
1
-1
-1
-2
-3
0
-1
-1
0
0
1
1
1
0
-2
-1
-2
-4
-2
0
3
3
4
2
1
-1
-4
-5
-4
-1
1
2
2
4
2
1
-2
-4
-5
-1
-1
1
2
1
5
1
0
-4
-1
-2
0
0
3
3
4
2
-1
-4
-3
-4
-3
-1
1
4
4
2
2
-1
-1
-4
-5
-4
-3
2
1
6
4
7
3
1
-3
-3
-3
-4
-3
-1
1
3
3
0
1
-2
1
-2
-1
-3
1
3
2
2
2
1
0
-2
-2
-1
0
3
1
0
1
-1
0
-2
-1
-1
2
1
0
0
-2
2
0
2
0
2
0
1
-2
-4
-4
-3
-1
-1
2
3
5
3
1
0
-1
-3
-2
-3
-2
0
1
3
3
3
3
-1
0
-2
-1
1
-1
2
1
5
0
1
-3
-3
-2
-3
0
-1
-1
-1
1
1
2
1
3
1
0
2
-1
0
-5
-3
-1
0
3
2
4
3
3
1
-1
-5
-6
-3
1
1
1
1
1
1
-1
-2
-2
-2
0
3
3
2
-1
0
-3
-2
-1
0
1
1
2
1
0
-3
-3
-1
2
0
0
0
0
0
-1
-1
0
-2
2
3
3
-1
-2
-2
-1
2
2
6
0
-2
-2
0
-2
-2
-3
0
0
1
2
2
-1
-3
0
0
1
-1
-1
-2
-1
-1
4
4
3
-2
-3
-2
-1
-2
3
2
2
2
3
-1
-4
-4
-3
0
0
3
4
3
-1
0
-3
-1
-3
0
1
2
1
0
-3
-4
-4
-3
0
0
4
5
7
0
-2
-4
-2
-2
2
2
3
2
1
3
1
2
-1
1
-1
-1
-3
-3
-3
-3
-3
-1
2
2
3
0
2
-1
-2
-2
-1
2
1
3
-1
0
-1
2
2
2
-1
-2
0
1
2
0
-1
-4
-4
-2
1
2
2
2
2
3
1
-1
-2
-5
-4
-2
1
0
3
2
4
1
2
0
0
-2
-4
-3
-3
-1
1
5
4
3
0
1
-2
-4
-3
-1
0
0
3
2
2
0
0
2
-1
-2
-6
-1
-1
2
0
0
1
-1
0
1
2
-2
-2
0
2
2
-1
1
2
2
2
1
0
-5
-3
-2
2
-3
2
1
4
1
0
-2
-4
-1
-2
2
-2
0
-2
0
2
1
0
-3
0
-1
2
3
4
3
0
-1
0
-1
-3
-2
-1
-1
-2
1
0
1
-1
0
1
0
0
1
2
-1
-1
-3
2
-2
2
-2
3
1
2
1
-1
-1
-3
3
0
4
-3
0
-3
0
-1
1
1
1
-1
0
2
-2
-2
-2
1
1
1
-1
0
-1
-1
1
0
0
0
0
2
2
1
-2
-2
-1
0
0
1
1
-1
1
0
2
-2
0
-1
1
0
2
1
2
0
-1
-1
-1
-1
0
2
1
1
-1
0
-1
-1
0
0
-1
-1
0
1
-1
-1
0
-1
0
0
1
1
1
0
1
0
0
0
-1
0
1
0
0
1
0
0
0
-1
0
1
0
1
1
1
0
0
-1
-1
-1
-1
1
2
1
0
-1
-1
-1
-1
0
0
1
1
2
0
-1
-1
0
-1
0
1
1
1
0
0
0
-1
-1
-1
0
0
1
1
0
0
0
-1
-1
-1
0
0
0
1
1
1
1
1
0
0
1
0
0
0
0
0
-1
0
0
1
1
0
1
-1
-1
-1
-1
0
0
0
1
1
0
1
-1
1
0
0
-1
0
-1
0
0
0
1
1
0
-1
0
0
-1
0
1
1
0
1
1
0
-1
-2
-1
-1
1
1
1
1
1
-1
-2
-1
-1
0
1
2
1
1
0
-1
-1
-1
-1
0
1
1
2
0
0
-1
-1
-1
0
0
0
1
0
0
0
0
0
1
1
0
0
-1
0
0
0
0
0
1
1
0
1
-1
0
-1
0
0
0
1
0
-1
0
-1
0
0
0
0
0
1
0
0
-1
0
-1
0
0
0
0
0
-1
-1
-1
-1
0
0
0
1
1
0
0
0
1
-1
0
-1
0
-1
0
1
1
1
0
0
0
0
0
-1
0
0
1
0
0
0
0
0
-1
-1
0
0
1
0
0
0
1
0
0
0
0
0
0
0
0
0
-1
1
0
1
0
-1
1
1
-1
0
0
0
-1
0
0
0
-1
0
-1
0
-1
1
0
0
0
0
0
1
0
1
0
0
0
0
0
0
0
0
0
0
0
1
0
0
-1
0
0
0
0
0
0
0
0
0
0
-1
0
0
1
0
0
-1
0
0
0
0
0
0
0
0
-1
0
1
0
0
0
0
1
0
0
0
0
0
-1
0
0
-1
0
0
0
0
0
0
0
0
0
0
0
1
1
1
1
0
0
-1
1
0
0
0
0
0
0
0
0
0
0
0
0
1
0
0
1
0
1
0
0
1
0
0
0
0
1
0
0
-1
0
0
1
1
0
0
-1
0
-1
-1
0
0
0
1
1
0
-1
0
1
0
0
0
0
1
0
1
-1
0
1
0
0
0
-1
0
0
0
1
0
-1
0
-1
-1
0
0
1
0
0
0
1
1
0
0
1
1
-1
0
-1
0
0
0
1
0
0
0
0
-1
0
0
-1
0
0
-1
-1
1
0
0
0
0
-1
0
1
0
0
0
-1
1
0
1
0
1
-1
0
0
0
-1
0
0
0
0
0
0
0
0
0
0
0
0
0
0
0
0
0
1
0
0
0
0
1
0
0
0
0
0
0
0
0
0
0
0
0
0
0
0
0
0
0
0
0
1
0
0
0
0
-1
0
0
1
0
0
0
0
0
-1
0
0
0
0
0
0
-1
0
0
-1
0
0
0
-1
0
0
0
0
-1
0
0
0
0
0
0
0
0
0
0
0
0
0
0
0
-1
0
0
0
-1
0
-1
0
-1
0
0
0
0
1
0
0
0
0
-1
1
0
0
0
0
0
1
0
0
