0
0
0
0
0
0
0
0
0
0
0
0
0
0
0
0
0
0
0
0
1
-1
0
0
0
0
0
0
0
1
0
0
0
0
0
-1
0
0
0
0
0
0
0
0
0
0
-1
-1
-1
-1
0
-1
0
0
0
0
0
0
-1
-1
0
-1
0
0
0
-1
0
0
0
0
0
0
0
1
0
0
0
0
0
0
0
0
0
0
1
1
0
0
0
0
0
0
0
0
0
0
0
1
0
0
0
0
0
1
1
0
0
0
0
0
-1
0
0
0
0
0
0
1
0
0
1
0
0
0
1
0
0
1
0
1
1
0
0
0
0
0
0
0
0
0
0
1
0
1
1
-1
0
0
0
0
0
0
0
0
0
0
0
1
0
0
1
0
0
0
1
0
0
0
-1
0
0
0
0
0
0
0
0
0
0
1
0
0
0
-1
-1
0
0
0
0
0
0
0
0
0
0
-1
0
1
0
0
0
0
0
0
0
-1
0
1
0
0
0
0
-1
0
-1
-1
0
0
0
0
1
0
0
0
0
0
0
0
0
1
1
0
1
-1
0
0
0
0
0
0
0
0
0
0
0
0
0
0
0
0
0
0
0
0
0
0
0
0
0
0
0
0
-1
1
0
1
0
0
1
0
0
0
0
0
1
-1
0
0
0
0
0
1
0
0
-1
0
0
0
0
1
0
0
1
-1
-1
0
0
0
0
0
0
0
0
0
0
0
-1
0
0
0
1
0
0
0
0
1
0
-1
-1
0
0
0
-1
0
0
0
0
0
-1
0
0
0
0
-1
0
0
0
0
0
0
0
0
0
0
0
0
0
0
-1
0
0
0
0
0
0
0
0
0
1
0
-1
0
0
0
0
0
0
0
0
0
0
0
0
0
0
0
0
0
0
0
-1
0
0
0
0
0
0
0
0
0
0
0
0
0
1
0
0
0
0
0
0
0
1
0
0
0
1
1
0
0
0
-1
1
1
0
0
0
0
0
0
0
1
0
0
0
1
0
0
0
0
0
-1
0
0
0
0
0
0
0
0
0
0
-1
-1
-1
0
0
0
0
-1
0
0
0
0
0
0
0
0
0
1
0
1
0
0
0
0
0
0
1
-1
0
1
-1
0
0
0
0
0
0
0
-1
0
0
0
-1
0
-1
0
0
0
0
0
-1
0
0
0
0
0
0
-1
0
0
0
0
0
0
0
0
-1
-1
0
0
0
0
0
1
0
0
0
0
0
-1
0
0
0
0
0
0
0
0
0
1
0
1
0
0
1
-1
1
0
0
0
-1
-1
0
0
0
-1
0
-1
0
0
0
-1
0
0
0
0
1
0
0
0
0
0
0
1
0
1
0
0
0
0
0
0
1
0
0
0
1
1
0
0
0
0
0
0
0
0
-1
1
0
0
0
0
0
0
0
1
0
0
-1
0
0
0
-1
-1
0
0
1
0
-1
0
0
0
0
0
0
-1
-1
0
0
-1
1
0
1
0
0
0
0
0
0
1
0
0
0
-1
0
0
0
0
0
1
-1
0
0
0
0
0
0
0
0
0
1
0
0
0
0
0
0
-1
0
0
-1
0
0
-1
0
0
0
0
0
0
0
0
1
0
0
-1
1
0
0
-1
-1
0
0
0
1
-1
0
0
0
-1
1
0
0
0
1
-1
0
0
0
0
0
0
0
0
0
0
0
-1
0
0
0
0
0
0
0
0
0
0
1
-1
0
0
-1
1
0
0
-1
0
0
0
0
0
0
0
0
0
0
0
-1
0
0
0
0
0
0
0
-1
0
0
0
-1
0
0
-1
-1
0
0
0
0
0
1
1
-1
0
-1
0
0
0
0
0
0
0
0
1
0
0
0
0
-1
1
0
0
1
0
0
0
0
0
0
1
0
0
0
0
0
-1
0
-1
1
0
1
0
0
1
0
0
1
0
0
0
0
-1
-1
1
0
0
0
-1
0
0
1
0
0
0
0
0
0
-1
0
0
0
-1
0
0
1
1
-1
0
0
0
0
0
0
0
0
0
-1
1
0
0
1
0
0
0
0
1
-1
0
0
0
0
-1
1
0
0
-1
0
0
0
0
0
-1
0
-1
1
0
0
1
0
0
0
0
0
0
0
0
-1
0
0
0
1
0
1
0
0
0
0
-1
0
0
1
1
0
0
0
-1
-1
0
0
0
-1
0
0
1
0
1
0
0
1
0
0
1
0
0
0
0
0
0
0
0
0
0
0
-1
1
0
0
0
0
0
0
0
0
0
0
-1
0
-1
0
0
0
0
0
-1
0
0
0
1
0
0
0
0
0
0
0
0
0
-1
1
1
-1
0
0
0
0
0
0
0
0
0
0
0
0
0
0
0
0
0
0
0
0
0
0
-1
0
0
0
0
-1
0
-1
0
0
0
0
0
-1
0
0
-1
0
0
0
1
0
0
0
0
0
0
1
0
0
0
0
0
1
0
0
0
1
1
0
0
0
0
0
0
0
0
1
1
1
0
0
-1
0
0
0
-1
-1
0
0
0
0
0
0
0
0
0
0
0
0
0
0
0
0
0
0
0
0
0
1
1
1
0
-1
0
0
0
0
0
0
1
-1
-1
0
0
0
0
0
1
0
-1
0
0
0
0
0
0
0
0
-1
0
0
0
0
1
0
0
0
0
0
-1
1
1
0
0
0
0
1
0
0
0
0
0
0
0
0
0
0
0
0
1
0
0
1
0
0
0
1
0
0
0
0
0
0
0
0
0
0
1
0
-1
0
0
0
0
-1
0
1
0
0
0
0
-1
1
-1
-1
0
0
0
0
1
0
0
0
0
0
0
0
0
0
0
0
0
0
0
-1
0
0
0
0
0
0
0
0
0
0
1
0
0
0
0
0
0
-1
0
0
0
0
1
-1
0
0
0
0
0
0
0
0
-1
0
0
0
0
0
0
0
0
-1
1
1
-1
1
0
-1
1
0
-1
0
1
0
1
1
-1
1
0
0
1
-1
-1
1
0
-1
1
0
0
0
1
0
0
0
0
1
0
-1
0
0
0
0
-1
-1
0
0
0
1
0
-1
1
0
0
0
0
-1
0
0
0
1
0
-1
1
0
0
0
0
0
0
0
-1
1
0
0
0
0
0
1
-1
0
1
0
0
1
-1
0
1
-1
0
0
-1
0
0
-1
0
1
0
0
0
0
-1
0
0
-1
1
0
0
1
-1
0
0
-1
0
1
-1
0
1
0
0
1
-1
0
1
0
0
1
-1
-1
1
0
-1
0
0
-1
1
-1
0
1
0
-1
1
-1
-1
1
-1
0
1
0
0
0
0
0
0
0
1
0
0
0
0
0
0
0
0
-1
1
0
0
-1
0
-1
0
0
-1
1
-1
1
-1
2
-1
-2
2
-1
-1
1
0
0
0
1
-1
2
-2
1
1
-2
1
1
-2
3
-1
-1
2
0
-1
-1
3
-2
0
2
-1
-4
4
0
-2
2
0
-2
2
-2
4
-3
-1
4
-4
2
0
4
-7
5
4
-12
9
2
-9
5
3
-7
4
2
-3
3
1
-4
4
-1
-3
7
-8
1
5
-4
-4
9
-6
-4
7
-4
-3
4
1
-4
2
5
-8
2
6
-10
3
4
-1
-5
4
7
-11
2
12
-13
0
11
-9
-1
5
-4
3
-3
-1
7
-8
3
2
-4
3
-2
-1
5
-5
2
2
-3
1
1
-4
0
8
-10
4
2
-2
0
-2
3
2
-5
-2
12
-10
-1
9
-7
4
-4
2
5
-7
0
4
3
-14
11
4
-18
13
1
-11
7
4
-11
9
-1
-13
21
-15
-4
19
-19
4
7
-7
0
4
-7
9
-10
4
6
-12
8
0
-7
8
-4
-7
18
-15
-7
29
-25
-7
35
-32
7
9
-1
-9
3
12
-10
-7
14
0
-20
23
-1
-26
34
-16
-11
23
-8
-20
30
-5
-35
49
-20
-16
18
13
-28
3
35
-46
18
16
-21
2
22
-28
10
24
-45
44
-25
4
8
-15
19
-21
16
-2
-18
36
-31
3
22
-13
-25
45
-12
-47
70
-28
-32
44
-3
-30
15
30
-51
27
13
-35
36
-28
8
10
-16
9
0
-3
9
-21
22
13
-55
50
4
-50
45
-4
-30
28
-3
-15
10
9
-21
7
18
-13
-19
28
-2
-20
17
-10
14
-14
-5
20
-7
-18
13
16
-31
21
4
-35
55
-37
-11
40
-22
-17
36
-20
-5
30
-38
5
57
-82
20
77
-101
34
50
-67
14
54
-90
64
16
-93
101
-28
-54
76
-42
-8
35
-40
24
16
-49
34
39
-104
96
-31
-26
40
-32
40
-57
43
8
-65
74
-33
-24
62
-50
-6
55
-51
6
30
-41
35
-24
7
20
-59
82
-75
35
31
-76
61
-11
-7
-17
28
10
-54
61
-29
5
-9
5
24
-38
12
35
-35
-23
66
-49
0
40
-59
57
-8
-65
92
-56
11
-22
35
31
-111
95
-2
-45
1
38
-14
-31
47
-30
-5
62
-103
60
54
-110
26
112
-137
8
141
-190
124
-11
-81
109
-61
-17
50
-4
-85
133
-97
-5
106
-154
137
-64
-26
87
-89
51
-25
21
-38
49
-15
-62
141
-147
58
50
-89
69
-37
-2
30
-21
6
-25
77
-102
68
5
-63
68
-55
38
-5
-15
-5
35
-22
-27
61
-66
48
-33
6
41
-48
4
40
-15
-54
73
-14
-59
74
-26
-20
35
-31
5
2
39
-77
32
98
-202
162
-8
-110
88
17
-61
2
75
-93
48
-4
-15
50
-85
77
-25
-20
10
-2
51
-109
127
-87
45
-12
-55
131
-126
22
52
-16
-44
21
52
-85
72
-56
43
-11
-46
101
-135
136
-121
61
57
-149
157
-124
86
-43
-8
47
-45
25
-45
98
-111
35
74
-116
87
-45
20
5
-30
14
53
-108
91
-19
-57
92
-87
61
-28
27
-49
45
5
-83
134
-118
26
100
-171
161
-123
87
-51
26
-4
-19
60
-92
100
-101
87
-2
-147
241
-200
30
148
-220
148
19
-161
162
-11
-159
197
-79
-83
147
-83
13
-6
12
16
-62
75
-50
44
-64
60
-12
-52
59
-40
41
-38
23
-50
107
-86
-18
135
-175
160
-159
103
67
-262
297
-133
-37
42
41
-80
68
-54
32
72
-239
315
-185
-68
260
-298
214
-68
-58
86
-35
-8
-30
126
-191
177
-96
-46
187
-254
193
-31
-94
106
-47
15
-31
64
-83
75
-23
-91
229
-291
227
-78
-73
140
-147
128
-101
45
42
-116
104
-5
-74
31
79
-114
54
29
-51
11
43
-70
31
101
-222
166
56
-214
136
85
-224
141
64
-198
167
-58
-3
-44
109
-82
4
54
-40
0
-6
25
-4
-64
115
-69
-72
228
-260
129
33
-38
-110
226
-158
-90
325
-355
153
114
-210
103
36
-39
-66
81
53
-197
213
-153
84
47
-256
409
-377
215
-17
-161
276
-244
43
168
-183
16
68
96
-313
302
-57
-219
325
-217
-15
205
-200
-1
194
-180
29
55
-14
-50
55
-56
87
-63
-51
121
-47
-92
107
33
-179
220
-154
42
63
-131
124
-44
-58
48
117
-286
295
-100
-144
297
-320
209
-26
-116
92
51
-164
128
-16
-44
87
-135
151
-64
-78
86
67
-200
155
-7
-72
9
75
-59
7
47
-75
67
-3
-47
-16
165
-243
126
85
-175
107
-48
9
68
-113
68
54
-144
82
52
-105
19
147
-291
295
-126
-111
202
-61
-158
224
-45
-202
293
-195
-25
157
-74
-98
188
-162
76
-42
64
-115
149
-79
-60
169
-149
-3
190
-250
149
4
-117
111
-59
74
-105
126
-100
39
-57
113
-71
-3
74
-145
147
-145
79
44
-168
223
-151
47
73
-151
130
-21
-113
155
-59
-140
255
-152
-83
313
-322
41
240
-240
29
129
-41
-205
355
-228
-115
395
-398
94
296
-396
118
272
-389
148
185
-362
353
-209
7
171
-265
199
13
-191
172
-37
-61
70
57
-193
176
14
-156
60
163
-184
-95
369
-381
186
-17
-66
160
-250
194
-52
-82
84
-72
116
-160
95
53
-153
180
-79
-40
60
12
-51
-17
143
-170
98
-38
38
-39
-24
161
-285
262
-67
-139
210
-118
-8
1
71
-98
-2
177
-274
263
-144
20
65
-114
107
-113
129
-189
181
-65
-72
149
-181
147
-51
-73
168
-194
161
-41
-56
62
22
-81
75
118
-369
377
-145
-157
342
-362
275
-94
-106
192
-102
-73
66
105
-194
45
198
-286
136
20
-42
-7
63
-98
56
75
-203
234
-119
13
84
-144
166
-102
-70
150
-99
-1
39
70
-218
264
-156
-73
224
-175
-27
197
-182
-20
177
-141
17
80
-130
141
-90
8
74
-62
-19
54
-31
-45
124
-111
11
127
-203
174
-102
1
23
0
-58
95
-54
-31
75
-54
54
-74
79
-107
139
-128
149
-217
229
-87
-90
230
-283
250
-116
-134
338
-332
147
48
-95
44
-60
117
-87
-44
148
-142
19
103
-106
42
-23
44
-78
121
-145
179
-243
209
26
-297
371
-240
30
130
-131
10
105
-64
-102
200
-156
5
125
-132
31
43
-59
78
-77
30
-26
39
-58
121
-172
127
83
-343
422
-221
-69
201
-97
-44
10
186
-365
362
-154
-91
110
33
-107
-24
253
-308
154
57
-197
213
-137
-11
144
-112
21
4
86
-174
97
4
-32
46
-103
131
-113
50
-41
54
15
-161
268
-247
120
38
-137
135
-71
57
-180
305
-211
-67
286
-195
-18
78
20
-116
110
-18
-51
43
55
-164
149
-19
-141
230
-115
10
-109
236
-188
-13
144
-63
-150
221
-51
-250
409
-312
125
14
-51
20
6
-26
62
-68
77
-139
128
-64
109
-241
358
-328
110
86
-122
96
-59
66
-179
363
-508
468
-226
-16
88
42
-196
150
13
-132
132
-34
-12
-89
223
-260
205
-102
-29
95
-43
-12
17
5
-67
145
-156
22
224
-348
195
59
-176
83
0
93
-220
238
-172
5
215
-332
204
80
-247
163
52
-147
-6
247
-370
329
-169
-47
181
-122
-27
48
165
-410
429
-164
-143
200
-65
-41
-8
163
-260
222
-114
-90
308
-301
20
260
-227
-91
386
-373
99
108
-141
128
-91
-7
157
-215
83
26
-26
50
-125
159
-53
-17
-38
100
-38
-110
188
-116
24
-45
125
-153
106
25
-167
257
-189
-64
239
-163
-13
8
154
-167
-69
274
-261
100
-18
124
-181
25
208
-249
151
-88
74
-61
29
-31
37
-11
-12
106
-185
45
167
-271
241
-38
-202
250
-88
-87
138
-84
18
-79
119
-54
-35
98
-112
107
-174
198
-118
136
-151
25
123
-149
79
-46
96
-95
41
69
-75
-9
-23
62
25
-193
193
44
-262
139
226
-434
333
-122
-32
104
-121
124
-64
-13
-11
192
-323
200
76
-234
42
330
-420
71
366
-508
363
-189
151
-177
84
127
-305
321
-262
212
-85
-37
60
-5
24
-245
504
-480
117
356
-509
223
96
-100
-99
204
-161
3
147
-221
204
-71
-44
29
124
-176
-99
474
-639
433
1
-263
234
-91
21
-35
49
-89
59
25
-154
223
-91
-164
343
-250
26
168
-316
368
-255
113
-66
32
-27
101
-106
-35
321
-484
318
59
-303
80
343
-550
408
-114
-92
37
159
-237
164
-9
-135
234
-235
153
-94
169
-322
344
-195
-73
289
-259
100
49
-52
-91
125
93
-264
185
36
-222
185
-152
99
41
-194
138
175
-339
181
160
-240
-13
327
-298
-56
327
-312
57
172
-134
12
-66
139
-82
-85
180
-76
-107
74
229
-374
133
191
-302
192
-50
15
-5
-37
-68
223
-183
25
214
-320
221
-6
-204
311
-132
-237
457
-334
-57
291
-152
-63
10
80
-109
64
-20
-78
169
-177
70
63
-91
5
106
-50
-117
300
-300
184
5
-119
33
144
-181
53
145
-296
245
-127
77
-192
188
-62
-90
101
-132
263
-334
224
-47
4
47
-168
370
-386
229
-172
240
-265
164
-73
65
125
-473
608
-243
-293
341
104
-317
116
184
-301
124
81
-251
145
77
-206
249
-97
9
-65
157
-31
-147
56
8
-38
11
125
-213
228
-119
-27
247
-277
160
95
-218
30
242
-131
-248
434
-306
-142
358
-262
-31
184
-190
-7
166
-1
-276
347
-114
-167
278
-123
26
-92
190
-101
60
-53
-24
118
-200
257
-176
11
-75
40
137
-331
255
-18
-139
141
14
49
-269
291
-10
-239
245
-108
-107
291
-293
85
196
-262
81
155
-209
172
124
-349
277
31
-279
177
-31
-18
-89
77
142
-333
176
126
-154
-168
156
108
-378
377
-234
164
-224
411
-257
-26
223
-230
290
-232
147
-314
344
-157
-62
151
-94
65
-128
170
-175
136
-232
166
35
-220
307
-130
216
-205
202
-78
107
-182
93
32
-150
28
36
-69
-271
498
-293
-134
514
-421
-73
431
-309
-46
186
-122
-34
160
-135
-6
204
-94
-80
210
-242
248
-74
-121
219
-140
-80
144
-194
16
108
-144
62
-51
-42
-86
227
-23
-372
413
-25
-168
223
-91
38
185
-135
-74
368
-306
-10
246
-186
-287
236
-69
-276
310
-320
203
85
-166
215
-109
113
-57
160
-41
18
129
-88
2
57
-82
-60
151
-153
-42
24
-21
3
-219
119
127
-200
130
13
-77
-8
3
-153
267
-289
88
226
-182
178
-26
257
-447
319
54
-276
109
-24
75
-35
-114
188
-2
-313
372
-111
-142
129
-13
-77
-37
15
-112
202
-92
55
95
-249
253
-73
-143
138
46
-62
45
77
-298
331
-260
-18
267
-162
24
0
131
-107
38
55
-184
297
-349
178
10
-303
145
-99
17
0
-63
-96
51
-37
-47
-37
84
-226
235
-230
72
-93
-31
338
-351
419
13
-29
203
-68
61
76
-262
194
46
-364
102
72
-178
-143
108
10
-101
-181
173
-27
-131
65
33
-155
24
326
-290
148
232
-216
173
102
-117
160
-85
-45
256
-198
-237
302
-162
-106
369
19
-31
310
-35
-18
453
-167
-129
260
36
-209
160
-280
85
2
-501
328
-145
-302
116
18
-250
20
-170
-206
123
-325
63
17
-215
-14
124
47
-179
323
34
157
239
149
46
281
-40
-28
283
-139
111
-69
25
-27
-142
-74
67
-180
-150
161
-177
-9
-143
-38
-15
-23
-213
-23
188
-266
10
157
-47
-4
91
113
26
23
118
15
-64
-127
171
-16
-37
108
-87
-99
67
112
-317
105
152
-383
92
212
-194
-27
-46
300
73
-199
398
57
-64
30
134
52
-8
10
38
137
-100
-125
-51
-117
-197
-244
19
1
-426
-15
69
-66
-105
-131
221
-20
83
31
66
132
-231
263
-139
-29
166
-32
49
-28
119
-214
149
80
-111
18
148
-22
148
33
-1
331
-57
262
70
52
117
83
-89
-72
147
-411
2
-94
-248
-277
-129
-86
-281
-87
-147
180
-15
42
187
117
205
140
156
231
76
133
346
-51
53
38
-33
14
-28
-124
-102
-201
-268
-13
-389
-204
-137
-130
-220
-88
-9
-38
66
-123
212
144
38
252
378
103
196
286
147
275
57
134
221
54
62
181
-4
-14
39
-62
62
-34
-176
-70
81
-237
-65
120
-82
37
115
9
225
175
200
251
328
304
332
330
262
266
138
178
132
90
-12
73
-43
-113
-4
-183
-81
-126
-186
-176
-148
-85
-187
-93
-51
-99
-119
-89
-60
-96
-135
-110
-25
-151
-103
-41
-107
-189
-93
-115
-259
-218
-252
-286
-431
-341
-363
-422
-444
-342
-471
-475
-436
-651
-522
-694
-644
-690
-625
-528
-544
-393
-515
-388
-281
-327
-210
-199
-162
-84
-54
-94
26
-38
-107
152
24
188
133
274
352
297
538
467
606
615
666
776
798
875
922
1067
1072
1205
1397
1398
1530
1684
1694
1798
1743
1728
1702
1681
1611
1485
1519
1342
1244
1042
810
758
653
552
460
380
312
86
-72
-255
-346
-562
-766
-819
-964
-1093
-1113
-1350
-1555
-1656
-1710
-1672
-1826
-1914
-1853
-1973
-2243
-2445
-2574
-2680
-2881
-2879
-2876
-2936
-3100
-3347
-3482
-3771
-4035
-4094
-4179
-4341
-3809
-2820
-1471
-793
-368
282
1086
2166
2740
3432
3606
4383
5039
5645
5767
5545
5493
5104
4890
4447
3985
3612
2826
1871
1062
330
-185
-774
-1453
-2006
-2294
-2362
-2490
-2983
-3386
-3068
-2590
-1967
-1240
-193
789
1047
1369
1990
2563
2790
3193
3657
3944
4136
4173
3951
3319
2469
2118
2079
1919
1575
1202
869
381
-34
-672
-1088
-1555
-1662
-1527
-1513
-1444
-1771
-2030
-2194
-2160
-2245
-2166
-2096
-2045
-1953
-2116
-2163
-2607
-3118
-3385
-3677
-3947
-4281
-4725
-5155
-5538
-5717
-6209
-6825
-7193
-5462
-3152
-1300
-1200
-1338
393
1982
3585
3760
4048
4587
6166
7525
7646
7120
6376
6603
6075
5011
4274
3983
3594
2256
475
-654
-934
-1238
-2443
-3575
-3653
-2926
-2421
-2995
-3886
-4336
-3727
-2664
-1719
-1037
-476
500
872
868
1243
2434
3409
3766
4079
5037
6119
5852
4965
4003
3393
3173
3402
3358
2560
1500
900
951
349
-692
-1439
-1185
-550
-182
117
94
-201
-385
-287
-163
-87
-377
-553
-439
-618
-1145
-1860
-2493
-3190
-3755
-4051
-4245
-4931
-6007
-6690
-7099
-7286
-7629
-8163
-8760
-8771
-8681
-8678
-9115
-8313
-4922
-1740
339
-86
1108
3486
5669
6908
6588
7312
8435
10813
11391
10488
9084
8446
8464
6882
5344
4014
3866
3073
800
-1751
-3035
-3116
-3945
-5552
-6537
-5819
-4111
-3894
-4729
-5584
-5269
-3532
-1994
-815
-79
1409
2745
3070
2759
2660
3640
4319
4304
4050
5415
6715
6460
4849
3316
3409
3480
3409
2855
2058
1352
1391
1540
768
-713
-1447
-737
127
575
502
563
740
783
758
623
431
34
-183
-230
-293
-975
-2169
-3304
-4117
-4608
-5003
-5326
-5922
-6759
-7223
-7261
-7152
-7483
-8383
-8829
-8595
-8054
-7757
-7875
-8112
-8200
-8009
-4909
-604
2462
2586
1938
4389
7142
9517
9321
8832
8956
10643
12507
11905
10035
7574
6837
5788
4322
2846
1458
342
-1795
-4323
-6102
-6352
-6098
-7207
-8386
-7640
-5113
-3071
-3188
-4129
-4476
-2616
132
2580
4077
5109
6176
6542
6378
5749
5795
5868
5472
4865
4603
5118
4817
3111
520
-1196
-1058
-106
264
-378
-1069
-1133
-571
-237
-448
-1024
-853
584
2384
3349
3129
2799
2518
2366
1994
1604
1234
766
178
-526
-1183
-2132
-3470
-4861
-5822
-6372
-6657
-6973
-7375
-7769
-7659
-7122
-6928
-7002
-7267
-7173
-6507
-5946
-5444
-5518
-5230
-4839
-4283
-4443
-3379
539
4048
5826
4227
4829
7571
10352
10933
8784
7811
8175
10479
10449
8097
4740
3374
3487
2225
257
-2022
-2715
-3515
-5346
-7212
-7423
-5938
-5282
-6206
-6437
-4232
-907
617
-218
-1151
210
3403
5971
7054
6872
7295
7623
6882
5548
4432
4248
3932
2930
1477
694
579
-314
-2455
-4723
-4756
-2914
-1050
-992
-1640
-1079
265
1312
1326
1156
1554
2676
4036
4965
4550
3302
2408
1946
1480
523
-469
-1060
-1588
-2169
-2835
-3519
-4460
-5522
-6187
-6371
-6130
-5802
-5675
-5691
-5557
-4990
-4253
-4009
-4317
-4516
-4064
-3256
-2772
-2921
-3337
-3347
-3242
-3480
-4499
-5079
-2084
2266
4982
3844
2702
4433
6847
8114
6272
4971
5499
8002
8948
7005
4280
2867
2954
1622
-348
-2071
-1927
-1337
-2445
-4633
-5829
-4679
-3416
-3823
-4525
-2935
501
2667
1932
465
828
3258
5404
5994
5972
6448
7188
6557
4692
2758
1976
1863
1003
-247
-1031
-879
-1180
-2792
-4630
-4805
-3075
-1523
-861
-676
275
1646
2548
2687
2403
2133
2574
3864
4722
4358
3046
2080
1428
640
-366
-1225
-1781
-2039
-2083
-2205
-2535
-3374
-4355
-5289
-5518
-5017
-4468
-4141
-4126
-4116
-3920
-3704
-3598
-3895
-4424
-4397
-3629
-2920
-2929
-3411
-3917
-4026
-4426
-5037
-5894
-4358
-167
3698
4730
3078
3492
5411
7327
7035
5728
5772
7410
9209
8237
5675
3169
2514
1867
280
-1357
-1936
-1319
-1607
-3562
-5781
-6092
-4866
-3961
-4218
-3512
-847
2169
2926
1623
830
2113
4408
5686
5991
6309
6999
6721
5035
2580
789
313
68
-613
-1748
-2337
-2345
-3012
-4284
-5106
-4304
-2639
-1132
-79
1070
2450
3482
3848
3329
2996
3233
4098
4814
4627
3783
2717
1921
969
-300
-1678
-2661
-2710
-2404
-2274
-2640
-3422
-4255
-4935
-5265
-5116
-4358
-3639
-3245
-3162
-3020
-2540
-2226
-2254
-2849
-3277
-3042
-2276
-1730
-2231
-3312
-4267
-4350
-4585
-5309
-6191
-4450
-223
3174
3675
1776
2349
4542
6723
6488
5468
5964
7556
8945
7578
5103
2916
2508
1972
651
-723
-990
-477
-1486
-3862
-5875
-5469
-3787
-2923
-3146
-2353
221
2693
2980
1624
987
2370
4547
5959
6325
6339
6311
5348
3169
777
-399
-378
-441
-1546
-2749
-3216
-2923
-3056
-4034
-4659
-3914
-1794
254
1369
1912
2340
2573
2667
2760
2771
2913
3341
4092
4369
3668
2665
1661
714
-483
-1502
-1774
-1557
-1390
-1727
-2432
-3169
-3700
-4285
-4711
-4673
-4027
-3375
-3323
-3507
-3479
-2997
-2781
-3125
-3721
-4052
-3803
-3429
-3463
-3756
-4457
-4633
-4912
-5493
-6380
-5666
-1687
2487
4305
2724
2483
4508
7269
7936
6500
6110
7442
9676
9261
6718
3826
2795
2497
1305
-292
-1311
-1044
-1430
-3207
-5614
-6130
-4821
-3582
-3604
-3473
-1330
1717
3188
1996
641
1208
3613
5458
5846
5583
5442
5117
3539
1308
-532
-1060
-937
-1433
-2318
-2946
-2737
-2616
-3475
-4349
-3883
-1543
772
1816
1953
2299
3144
3624
3593
3157
3209
3841
4697
5034
4435
3323
2097
1196
388
-352
-1048
-1301
-1300
-1546
-2174
-3085
-3815
-4673
-5190
-5173
-4481
-3833
-3916
-4335
-4706
-4263
-3811
-3797
-4359
-4707
-4277
-3706
-3456
-3869
-4479
-4997
-5185
-5312
-5567
-5253
-2454
1645
4363
3851
2719
4091
6694
8462
7702
6997
7641
9503
9865
7698
4844
3114
2923
2064
682
-837
-1152
-1352
-2628
-4834
-6377
-5743
-4321
-3598
-3519
-2209
295
2187
1779
333
252
2217
4547
5573
5576
5506
5255
3889
1739
-137
-809
-752
-700
-1166
-1848
-1993
-2222
-2882
-3675
-3460
-2001
-333
1153
2056
2579
2808
2912
2825
2634
2929
3880
5000
5404
4934
3852
2828
1962
1106
112
-727
-1077
-1132
-1346
-2042
-3300
-4789
-5925
-6472
-6377
-5953
-5363
-5072
-5165
-5571
-5591
-5137
-4831
-4877
-5026
-4466
-3632
-2964
-3027
-3530
-3932
-4115
-4032
-4239
-3311
-176
3702
5709
4651
3801
5024
7560
8851
7907
6876
7165
8814
8800
6545
3337
1571
1396
967
-133
-1794
-2317
-2662
-3597
-5491
-6596
-5710
-4116
-3164
-3077
-1818
527
2452
2119
564
314
2230
4877
6172
6084
5293
4427
2894
1114
-444
-1102
-1014
-848
-659
-915
-1086
-1827
-2448
-2876
-2469
-828
1293
3175
3550
3317
3091
3275
3177
2701
2871
3723
4814
4902
4067
2730
1469
521
-344
-928
-1439
-1651
-1773
-2167
-3151
-4585
-5675
-6159
-6128
-6054
-5741
-4993
-4281
-4238
-4521
-4707
-4491
-4125
-3827
-3561
-3394
-2940
-2649
-2869
-3411
-3641
-3586
-3679
-3615
-1376
2254
5087
4944
3522
3892
5782
7845
7615
6618
6072
7152
8050
6852
4177
1362
513
324
193
-965
-2152
-2843
-3517
-4673
-6164
-6131
-4902
-3477
-3070
-2314
-481
1700
2438
1329
449
1196
3474
5452
6324
6057
5150
3765
1912
306
-707
-724
-521
-502
9
456
287
-1235
-2637
-2703
-1399
783
2464
3311
2976
2760
2720
2557
1893
1241
1883
3209
4312
3876
2452
977
34
-490
-1045
-1513
-1772
-1677
-1702
-2206
-3436
-4711
-5382
-5469
-5329
-5086
-4487
-3771
-3517
-3691
-4055
-4255
-4034
-3790
-3629
-3721
-3491
-3022
-3128
-3661
-4416
-4543
-4256
-2196
1141
3801
4205
3138
3759
5444
7224
6993
6042
5698
6798
8123
7201
4844
2080
897
320
49
-573
-1584
-2352
-3350
-4312
-5630
-5611
-4659
-3506
-2918
-2093
-174
1888
2848
1988
1121
1666
3805
5601
6237
5941
5401
4536
2727
674
-998
-1444
-1252
-930
-711
-705
-910
-1640
-2546
-3270
-2875
-1129
1270
2901
3255
2946
2749
2738
2458
2232
2557
3501
4442
4579
3585
1999
667
-161
-690
-1043
-1048
-939
-1145
-1858
-3005
-4186
-5072
-5431
-5210
-4626
-4035
-3889
-4097
-4334
-4382
-4342
-4381
-4465
-4313
-3938
-3695
-3722
-4292
-4842
-5466
-5671
-5416
-3706
-187
2774
3789
2401
2404
4122
6491
7390
6603
6226
6740
8287
8271
6449
3540
1666
1275
1344
1166
-97
-1299
-2602
-3675
-5016
-5551
-4736
-3540
-2628
-2166
-737
1006
2186
1862
891
922
2557
4917
6255
6232
5214
3928
2555
1149
-56
-956
-983
-508
-67
-314
-1026
-1637
-2204
-2577
-2524
-1294
593
2207
2875
2778
2553
2291
2255
2363
2813
3719
4481
4628
3783
2506
1275
337
-310
-808
-1045
-1027
-1012
-1513
-2817
-4371
-5367
-5568
-5303
-5130
-4869
-4556
-4305
-4487
-4940
-5338
-5341
-5016
-4763
-4676
-4541
-4329
-4402
-5054
-5931
-6340
-5552
-2260
1709
4303
3753
2699
3641
5755
7359
6687
6058
6313
7905
8637
7185
4682
2355
1507
1033
962
447
-220
-1088
-2423
-3993
-5387
-5021
-3714
-2302
-1701
-676
1099
2668
2873
1610
820
1513
3559
5351
6072
5803
4883
3334
1135
-837
-1791
-1488
-916
-547
-626
-919
-1314
-2007
-2571
-2683
-1753
-12
1954
3253
3616
3472
3145
2875
2550
2582
3210
4316
4906
4433
3182
1815
820
-108
-1093
-2083
-2477
-2230
-2164
-2862
-4325
-5643
-6350
-6404
-6059
-5509
-4983
-4818
-4724
-4727
-4531
-4371
-4253
-4190
-4325
-4216
-4016
-3763
-3914
-4715
-5708
-6204
-3901
405
3947
4005
2129
2453
4759
7309
7169
5860
5164
6133
7737
7525
5717
3059
1500
875
964
1052
551
-131
-1318
-2539
-3898
-4227
-3698
-2873
-2052
-1030
818
2407
2882
1690
404
387
1840
3764
4987
5407
4772
3538
1700
34
-1007
-1388
-1257
-939
-52
636
612
-410
-1435
-1749
-1134
219
1690
3040
3604
3706
3435
2976
2314
1597
1631
2403
3438
3673
2956
1672
289
-679
-1547
-2191
-2623
-2540
-2301
-2594
-3492
-4642
-5403
-5880
-5840
-5341
-4498
-4067
-4124
-4095
-4030
-3950
-4168
-3903
-3703
-3716
-3941
-4278
-4355
-4842
-5275
-5891
-4417
-614
3230
4286
2725
2517
4118
6461
7085
6452
5793
6086
7137
6914
5296
2884
1458
775
500
139
-406
-631
-1123
-1940
-3561
-4428
-3948
-2559
-1351
-626
571
2084
3226
2790
1492
995
1957
3620
4758
5165
4832
3711
2004
60
-1417
-1934
-1578
-1094
-780
-232
316
77
-918
-1428
-855
247
1537
2965
4093
4232
3594
2775
2059
1417
1117
1442
2214
2729
2411
1270
-120
-1191
-2100
-2840
-3222
-2933
-2350
-2293
-3016
-4215
-5046
-5517
-5584
-5189
-4461
-3667
-3323
-3155
-3299
-3648
-3720
-3664
-3646
-3845
-3821
-3558
-3828
-4626
-5801
-5567
-2776
1254
3745
3285
2704
3519
5410
6382
6025
5406
5431
6377
6697
5854
3917
2013
598
-275
-559
-871
-954
-1216
-1652
-2720
-3745
-3711
-2783
-1517
-668
649
2457
4029
4147
3014
2014
2213
3471
4590
5131
4980
4415
3090
1066
-1065
-2511
-2488
-1600
-842
-792
-726
-214
-191
-1026
-1832
-1231
459
2293
3590
4010
3794
3164
2521
1886
1368
1289
1658
2151
2309
1908
914
-386
-1674
-2757
-3456
-3548
-3066
-2674
-3036
-3974
-4827
-5036
-5067
-5179
-5059
-4359
-3444
-2838
-2778
-3023
-3144
-3216
-3354
-3560
-3600
-3507
-3712
-4358
-5334
-5115
-2620
859
3004
2631
2355
3338
5147
5810
5038
4304
4439
5533
5848
5081
3454
1886
658
-336
-821
-1132
-1154
-1318
-1540
-2148
-2815
-2888
-2358
-1297
-217
1251
2741
4014
4548
4293
3712
3286
3557
4184
4848
4913
4184
2832
1148
-578
-1912
-2323
-2191
-1962
-1878
-1280
-360
129
-264
-968
-1033
-299
1213
2722
3747
4005
3859
3356
2500
1722
1327
1446
1602
1623
1443
968
245
-791
-2061
-3462
-4362
-4324
-3782
-3542
-4001
-4587
-4874
-4846
-4918
-5036
-4800
-4049
-3191
-2779
-2666
-2580
-2542
-2908
-3465
-3842
-3684
-3597
-3938
-4772
-4523
-2055
1276
3111
2609
2243
3102
4767
5497
4950
4087
3948
4741
5087
4513
3177
1861
600
-614
-1418
-1837
-1559
-1301
-1307
-2035
-2739
-2691
-1975
-1001
-160
1206
2896
4573
5155
4827
4237
4061
4353
4707
5002
4874
4309
3172
1622
27
-1149
-1887
-2482
-2760
-2348
-1258
-280
7
-331
-724
-618
66
1037
1803
2493
3273
3884
3737
2724
1672
1079
1013
1047
950
774
550
184
-604
-1770
-3047
-3931
-4287
-4368
-4562
-4855
-4957
-4784
-4615
-4855
-5027
-5034
-4485
-3897
-3308
-2895
-2719
-2528
-2644
-2897
-3398
-3904
-4396
-4718
-3827
-1215
1870
3513
3190
3096
3871
5107
5233
4583
3877
3935
4459
4457
3702
2415
1450
483
-640
-1808
-2629
-2701
-2308
-1874
-2095
-2455
-2320
-1695
-973
-322
843
2437
4134
5005
5186
4977
5027
5094
4976
4796
4648
4421
3563
2319
797
-399
-1197
-1807
-2379
-2733
-2171
-1150
-334
-150
-309
-353
-121
464
1118
1845
2640
3391
3618
3076
2229
1536
1162
714
315
38
71
89
-381
-1305
-2639
-3757
-4373
-4496
-4567
-4852
-5180
-5234
-4841
-4528
-4572
-4808
-4789
-4434
-3944
-3250
-2604
-2077
-2094
-2519
-3000
-3485
-3856
-4117
-2808
-187
2674
3868
3761
4032
4788
5619
5187
4221
3239
3364
3940
4064
3288
2032
1172
219
-834
-2123
-3034
-3245
-2918
-2482
-2689
-2681
-2160
-1102
-433
-118
443
1662
3260
4285
4764
4810
5179
5419
5306
5000
4781
4535
3533
1976
423
-334
-449
-633
-1286
-1835
-1383
-379
373
460
453
387
440
763
1192
1613
1955
2356
2482
2159
1595
1119
764
295
-213
-566
-694
-672
-829
-1502
-2652
-3746
-4328
-4409
-4493
-4902
-5383
-5496
-5089
-4622
-4504
-4599
-4595
-4279
-3898
-3569
-3324
-3044
-2765
-2696
-3010
-3456
-3701
-2605
-331
2189
3418
3630
4265
5395
6531
6296
5206
3747
3189
3370
3409
2986
2237
1801
1127
120
-1225
-2516
-3139
-3299
-3246
-3653
-3773
-3232
-1858
-567
67
346
758
1808
2907
3580
3737
4108
4828
5563
5826
5744
5486
4819
3488
1772
434
68
179
56
-450
-517
-55
277
138
-220
-312
-315
-205
87
683
1330
1819
1979
1816
1658
1700
1549
916
98
-383
-471
-464
-814
-1556
-2538
-3309
-3795
-4304
-5015
-5823
-6294
-6257
-5830
-5460
-5298
-5168
-4951
-4633
-4287
-3972
-3638
-3255
-2738
-2476
-2503
-2672
-2502
-1275
841
3113
4144
4472
4922
5870
6560
6304
5344
4073
3331
2881
2654
2148
1579
1009
493
59
-624
-1409
-2205
-2637
-2976
-3511
-3878
-3736
-2723
-1448
-145
827
1563
2129
2415
2407
2331
2680
3265
4051
4688
5245
5636
5562
4770
3382
2085
1112
522
57
-65
160
396
567
507
499
403
325
157
-65
-16
447
1165
1566
1588
1502
1565
1565
1254
685
95
-377
-763
-1233
-1916
-2755
-3458
-3889
-4181
-4697
-5450
-6123
-6544
-6718
-6697
-6632
-6464
-6029
-5401
-4760
-4333
-3852
-3362
-2926
-2872
-3017
-3000
-2027
263
2884
4667
5185
5542
6301
7300
7566
6721
5166
3945
3482
3168
2490
1573
1026
830
683
239
-491
-1191
-1761
-2341
-3312
-4150
-4307
-3670
-2747
-1903
-973
44
1291
2147
2252
1758
1413
1659
2132
2621
3032
3682
4522
5171
5067
4366
3672
3032
2287
1267
652
428
623
781
799
828
945
1123
817
260
-289
-275
-31
277
562
924
1327
1347
1082
566
195
-108
-510
-1108
-1819
-2483
-3240
-3803
-4302
-4612
-4968
-5383
-5730
-5992
-6055
-6258
-6439
-6536
-6319
-5909
-5383
-4674
-3802
-2995
-2613
-2568
-2427
-1525
98
1997
3491
4639
5757
6888
7718
7878
7237
6130
5054
4279
3612
2811
2058
1584
1475
1406
1045
424
-147
-606
-1256
-2376
-3583
-4210
-4046
-3560
-3049
-2412
-1376
-269
652
1196
1417
1518
1476
1360
1221
1360
1871
2593
3264
3619
3737
3775
3904
3857
3474
2833
2334
2077
1887
1666
1415
1320
1250
1095
665
190
-192
-408
-576
-651
-470
-121
154
153
-14
-134
-172
-349
-694
-1217
-1795
-2383
-2978
-3508
-3927
-4301
-4673
-4961
-5015
-4928
-4835
-4913
-5063
-5149
-5150
-4976
-4611
-4181
-3847
-3559
-3154
-2729
-2235
-1648
-786
272
1307
2216
3138
4335
5380
5898
5649
5113
4815
4691
4340
3654
2985
2683
2669
2635
2456
2226
1947
1570
942
76
-837
-1644
-2222
-2681
-2876
-2827
-2404
-1728
-1124
-757
-548
-246
89
343
328
286
395
738
1223
1649
2057
2491
3044
3531
3932
4164
4319
4266
3810
3178
2640
2212
1736
1056
347
-95
-250
-354
-619
-902
-953
-783
-609
-625
-634
-607
-673
-818
-1099
-1247
-1327
-1346
-1552
-1910
-2266
-2567
-2917
-3339
-3598
-3628
-3516
-3463
-3466
-3381
-3188
-3016
-2959
-3056
-2991
-2761
-2432
-2125
-1911
-1796
-1808
-1872
-1827
-1401
-675
103
670
1116
1625
2277
2869
3100
2988
2738
2627
2635
2641
2571
2598
2679
2726
2606
2357
2206
2177
2129
1675
1010
353
-87
-425
-758
-992
-1129
-1050
-877
-564
-162
231
467
438
265
91
57
127
236
349
489
794
1336
1958
2419
2708
2930
2977
2846
2379
1765
1209
812
450
31
-234
-362
-304
-332
-329
-326
-369
-279
-460
-672
-851
-882
-787
-857
-954
-1146
-1185
-1355
-1407
-1639
-1919
-2205
-2310
-2245
-2172
-2035
-1979
-1870
-1807
-1732
-1788
-1754
-1598
-1330
-1159
-1270
-1322
-1296
-1281
-1282
-1408
-1600
-1708
-1694
-1728
-1599
-1402
-978
-504
-103
335
708
1082
1403
1711
1889
1851
1727
1580
1621
1790
2008
2088
2079
2075
2090
2192
2140
2003
1646
1358
1087
942
910
894
886
739
569
442
442
366
247
21
-59
1
164
354
479
794
1113
1290
1230
993
832
828
835
699
467
284
290
320
344
235
118
24
-80
-243
-317
-205
-196
-183
-314
-410
-630
-788
-932
-1069
-1218
-1379
-1459
-1456
-1259
-1179
-1042
-1086
-949
-811
-806
-890
-1070
-1061
-908
-756
-789
-941
-1033
-1058
-1033
-994
-1189
-1516
-1790
-2065
-2325
-2506
-2594
-2562
-2392
-2157
-1873
-1378
-824
-279
125
344
574
788
1070
1322
1509
1655
1768
1943
2095
2262
2387
2445
2535
2588
2697
2669
2471
2190
1835
1428
1061
812
533
255
17
-133
-153
-116
-129
-123
-13
156
296
306
270
211
159
172
193
270
461
621
865
1043
1101
1017
930
762
494
278
161
156
317
322
148
1
-207
-370
-435
-578
-913
-932
-1022
-953
-835
-767
-728
-647
-632
-647
-571
-721
-666
-628
-629
-684
-673
-794
-866
-781
-907
-910
-1009
-1130
-1285
-1438
-1790
-2106
-2326
-2612
-2705
-2757
-2716
-2468
-2183
-1966
-1789
-1476
-1063
-569
-74
247
634
999
1406
1782
2030
2181
2327
2471
2605
2800
3026
3160
3192
3146
2982
2753
2392
1960
1421
858
413
69
-65
-115
-229
-339
-385
-389
-377
-373
-429
-428
-394
-341
-236
-151
2
233
498
728
826
894
790
706
640
523
563
492
513
405
455
490
497
458
178
64
-224
-220
-269
-119
-120
-153
-102
-388
-359
-413
-410
-600
-672
-776
-790
-792
-981
-1022
-1173
-1128
-1194
-1219
-1327
-1424
-1500
-1658
-1758
-1930
-2061
-2336
-2470
-2591
-2677
-2689
-2783
-2708
-2656
-2412
-2071
-1638
-1126
-688
-199
261
791
1258
1599
1848
2060
2264
2409
2577
2692
2940
3185
3267
3343
3345
3237
2935
2456
1923
1465
1030
574
198
-18
-15
-23
-230
-420
-444
-367
-322
-355
-459
-401
-200
-76
-66
29
176
224
279
298
223
232
327
179
81
218
297
529
727
725
722
787
584
617
509
547
676
661
870
541
706
427
215
77
-257
-316
-430
-648
-809
-1045
-1150
-1193
-1384
-1352
-1582
-1699
-1787
-1820
-1950
-2028
-2096
-2305
-2466
-2553
-2665
-2694
-2913
-3057
-3170
-3144
-2915
-2779
-2320
-1961
-1354
-708
-135
478
1004
1471
1808
2089
2262
2443
2551
2643
2743
2845
2974
3074
3254
3394
3421
3163
2743
2247
1792
1336
809
365
-7
-207
-383
-395
-397
-398
-387
-405
-371
-144
85
179
118
29
63
76
64
78
-62
-35
-25
-70
-5
-25
51
73
166
278
414
421
580
427
576
653
759
804
814
829
729
737
531
401
-9
-83
-563
-624
-957
-881
-1095
-1086
-1398
-1661
-1740
-1990
-1939
-2151
-2202
-2304
-2283
-2460
-2450
-2777
-2792
-2993
-3167
-3279
-3248
-2998
-2668
-2366
-2024
-1548
-923
-199
369
937
1390
1817
2178
2493
2515
2575
2602
2585
2680
2703
2795
2765
2915
2964
2994
2860
2525
2161
1682
1198
673
270
-128
-309
-419
-427
-321
-224
-144
-21
253
513
733
732
649
650
592
566
388
223
169
111
63
13
209
177
132
132
103
257
245
367
310
462
517
528
637
686
718
474
472
317
387
351
8
-403
-767
-1079
-1240
-1501
-1817
-1967
-2354
-2509
-2615
-2784
-2875
-3024
-3164
-3220
-3197
-3257
-3261
-3286
-3391
-3368
-3251
-2824
-2374
-1827
-1086
-371
457
1212
1758
2192
2448
2704
2814
2769
2675
2545
2365
2273
2283
2305
2385
2376
2369
2265
2002
1746
1459
1060
558
136
-198
-432
-529
-619
-532
-310
25
418
760
1050
1294
1496
1514
1467
1358
1186
1164
1000
819
542
255
73
-41
-130
-192
-188
-31
148
224
387
466
524
548
540
527
595
729
723
538
439
180
62
-115
-443
-635
-977
-1242
-1612
-1895
-2286
-2656
-3005
-3370
-3750
-4151
-4454
-4825
-4985
-5153
-5285
-5364
-5287
-4882
-4117
-3190
-2157
-1024
202
1611
2904
4012
4731
5114
5177
4956
4601
4033
3429
2839
2341
2094
1916
1962
2040
1999
1798
1388
799
58
-611
-1321
-1950
-2389
-2515
-2332
-1918
-1343
-626
235
1026
1617
2018
2411
2826
3221
3359
3248
3055
2956
2836
2414
1799
1085
532
2
-453
-774
-1019
-1089
-1081
-882
-524
-58
406
734
856
944
997
993
844
367
-161
-641
-852
-927
-1002
-1142
-1383
-1568
-1732
-2007
-2470
-3030
-3720
-4418
-5097
-5709
-6281
-6826
-7343
-7734
-7510
-6532
-4998
-3415
-1792
150
2216
4147
5562
6415
6607
6401
5875
5153
4416
3641
2886
2265
1998
1962
2068
2224
2207
1972
1330
378
-609
-1573
-2482
-3244
-3651
-3648
-3122
-2294
-1198
-11
1104
2125
2775
3286
3659
3894
3835
3480
3312
3235
3136
2922
2592
2182
1518
771
-19
-703
-1491
-2185
-2663
-2846
-2537
-1894
-918
166
1168
1902
2408
2649
2632
2197
1427
562
-219
-719
-942
-1097
-1254
-1461
-1663
-1943
-2427
-3127
-4113
-5233
-6272
-7275
-8266
-9262
-9945
-9757
-8512
-6444
-4304
-2135
332
2932
5307
6916
7631
7681
7235
6423
5331
4309
3336
2443
1750
1336
1313
1493
1672
1679
1268
306
-906
-2220
-3326
-4131
-4750
-4939
-4337
-2932
-1186
630
2390
3966
5195
5875
5913
5717
5460
5000
4298
3450
2874
2592
2421
2156
1544
668
-367
-1378
-2268
-3163
-3902
-4415
-4444
-3897
-2899
-1606
-299
926
1890
2470
2823
2877
2582
1974
1127
475
170
241
348
250
-13
-375
-795
-1652
-2962
-4622
-6402
-7973
-9411
-10772
-11459
-10764
-8682
-6164
-3729
-1100
1851
4784
7016
8090
8128
7400
6258
4920
3477
2355
1511
937
813
1098
1510
1783
1771
1297
124
-1701
-3732
-5353
-6305
-6653
-6463
-5631
-3679
-1138
1469
3802
5750
7166
7747
7627
7027
6166
5229
4231
3269
2692
2586
2618
2477
2062
1301
251
-1020
-2166
-3163
-4053
-4634
-4670
-3955
-2761
-1449
-157
1052
2040
2465
2374
2034
1527
875
170
-386
-485
-122
315
532
405
14
-705
-1963
-3779
-5854
-7886
-9604
-11120
-11747
-10758
-8200
-4948
-1870
1170
4243
7055
8904
9456
8771
7311
5429
3490
1784
730
167
-111
-65
300
884
1166
1001
236
-1258
-3303
-5331
-6848
-7415
-7297
-6615
-5085
-2532
547
3418
5664
7293
8236
8135
7303
6309
5483
4656
3554
2610
2198
2196
2025
1591
732
-442
-1672
-2860
-3477
-3658
-3596
-3332
-2651
-1457
11
1327
2170
2518
2406
1882
1119
480
20
-370
-854
-1062
-635
198
805
669
-97
-1171
-2554
-4279
-6197
-8147
-9969
-11128
-10664
-8387
-5038
-1811
1284
4306
7119
9123
9856
9107
7364
5161
2731
699
-525
-870
-967
-874
-475
311
979
1217
689
-735
-2683
-4736
-6300
-6991
-6617
-5650
-4109
-1745
1162
3919
6009
7244
7552
7116
5931
4610
3649
3065
2499
1667
1060
838
953
758
29
-1186
-2483
-3343
-3509
-3210
-2779
-2124
-1343
-223
1044
2128
2703
2682
2065
957
-213
-1021
-1335
-1452
-1459
-1087
-308
727
1382
1351
544
-935
-2626
-4508
-6426
-8340
-10016
-10371
-8810
-5585
-2123
1069
4135
6918
9095
9913
9463
7780
5663
3156
742
-859
-1408
-1322
-1271
-988
-584
-33
112
-280
-1404
-2975
-4615
-5978
-6277
-5492
-3854
-1909
368
3076
5550
7021
7328
6888
5877
4614
3283
2325
1871
1661
1427
1006
625
184
-373
-1258
-2409
-3710
-4595
-4514
-3624
-2381
-1243
-1
1370
2624
3356
3377
2740
1560
82
-1452
-2442
-2634
-2262
-1801
-1364
-789
-111
238
-251
-1657
-3576
-5341
-6875
-8207
-9322
-9047
-6815
-3169
453
3440
6233
8754
10609
10822
9705
7593
5414
3153
1196
-23
-611
-785
-1048
-1153
-1223
-1211
-1584
-2421
-3701
-5089
-6170
-6554
-5723
-3918
-1622
653
2980
5271
7032
7811
7480
6364
4813
3344
2270
1886
1953
2001
1524
900
145
-877
-2074
-3201
-4098
-4994
-5323
-4755
-3161
-1347
198
1243
2113
2910
3239
2816
1744
578
-631
-1647
-2183
-2011
-1291
-562
-270
-426
-693
-1129
-2221
-4060
-6058
-7674
-8827
-9671
-9450
-7250
-3460
499
3349
5730
7782
9399
9810
8879
7021
4860
2909
1404
806
757
849
434
-109
-597
-1203
-2068
-3188
-4314
-5391
-6037
-5939
-4611
-2267
178
2178
3927
5752
7098
7425
6814
5767
4674
3750
3309
3413
3497
3280
2470
1179
-416
-2318
-4130
-5600
-6412
-6628
-6118
-4706
-2528
-482
834
1509
1870
2096
2002
1396
416
-311
-670
-694
-546
-86
552
938
685
-62
-1121
-2288
-3748
-5486
-7135
-8182
-8536
-8291
-6633
-3727
47
2986
5213
6787
7816
8204
7389
5948
4010
2490
1187
582
602
829
768
48
-806
-1935
-2989
-4070
-5060
-5910
-6310
-5941
-4694
-2335
426
3008
4869
6319
7257
7383
6774
5651
4780
4249
4126
4142
4261
4338
3765
2303
128
-1997
-3982
-5627
-6676
-6975
-6335
-4975
-3120
-1367
65
989
1452
1418
938
193
-705
-1176
-1251
-1087
-923
-433
415
1141
1146
195
-1247
-2701
-4117
-5644
-7190
-8236
-8653
-8127
-5947
-2479
1381
4178
6411
8025
9161
9360
8430
6962
5031
3450
1885
1136
1097
1183
574
-826
-2129
-3264
-4225
-5386
-6410
-7087
-7130
-6478
-5043
-2717
-163
2055
3647
5101
6377
6903
6616
6108
6049
6320
6450
6391
6217
5748
4260
1843
-724
-2895
-4565
-5846
-6421
-6311
-5686
-4527
-2962
-1392
-462
-197
-226
-354
-564
-1049
-1438
-1387
-929
-504
-275
185
933
1342
777
-638
-2140
-3438
-4634
-5995
-7296
-8322
-8535
-7108
-4235
-595
2133
4231
5910
7315
8151
7918
7103
5761
4542
3235
2423
2419
2785
2707
1604
223
-1056
-1995
-3041
-4304
-5438
-6039
-5751
-4933
-3368
-1491
244
1465
2432
3371
3882
3936
3888
4319
4989
5691
6192
6659
6656
5598
3556
1092
-1002
-2685
-3792
-4436
-4649
-4433
-3706
-2433
-1328
-773
-906
-1138
-1231
-1571
-2177
-2732
-2678
-2336
-2157
-2156
-1713
-780
-32
-89
-986
-1934
-2599
-3006
-3767
-4774
-5873
-6303
-5110
-2668
297
2332
4012
5349
6396
6654
5942
5076
3904
2869
1548
762
908
1408
1474
723
-84
-795
-1254
-1954
-2748
-3486
-3819
-3485
-2670
-1333
-75
970
1771
2524
3116
3102
2918
2907
3564
4397
4991
5457
5521
5328
4232
2566
699
-861
-1917
-2488
-2514
-2523
-2537
-2279
-1549
-866
-705
-960
-1129
-1030
-1168
-1676
-2231
-2361
-2262
-2600
-3111
-3221
-2645
-2176
-2399
-3109
-3590
-3501
-3383
-3724
-4692
-5631
-5432
-3858
-1279
1123
3000
4766
6303
7438
7394
6697
5475
4062
2530
1032
353
391
634
245
-538
-1189
-1392
-1463
-1838
-2316
-2659
-2512
-2060
-1266
-165
741
1394
1740
2286
2753
2957
3015
3262
3935
4518
4945
4752
4239
3242
1939
402
-1096
-2045
-2290
-1800
-1361
-1204
-1257
-932
-458
-422
-721
-991
-695
-509
-664
-1039
-1104
-790
-823
-1275
-1987
-2215
-2294
-2735
-3666
-4735
-5120
-4882
-4636
-4883
-5613
-5452
-4000
-1638
445
1729
3162
4506
5770
5863
5367
4731
3989
3146
1880
1159
1106
1328
851
-331
-1377
-1880
-2003
-2325
-2729
-2965
-2430
-1497
-412
718
1606
2256
2540
2782
3051
3268
3482
3910
4334
4763
4796
4403
3473
2003
595
-929
-2230
-3216
-3402
-2677
-1758
-1121
-942
-801
-658
-846
-1298
-1551
-1250
-768
-692
-859
-847
-412
28
35
-441
-1010
-1459
-2016
-2961
-4179
-4891
-5009
-4860
-4935
-5261
-4638
-2840
-230
1809
2905
3951
4854
5662
5570
5018
4318
3661
3053
2283
1897
1749
1483
483
-1060
-2593
-3709
-4132
-4276
-4263
-4165
-3346
-1880
-138
1283
1882
2105
2167
2542
2991
3503
4140
4718
5361
5919
6297
5760
4357
2590
857
-741
-2322
-3175
-3184
-2567
-2119
-2008
-1779
-1267
-911
-1263
-1937
-2342
-2261
-2114
-2118
-2117
-1887
-1394
-835
-435
-203
-224
-510
-1293
-2477
-3844
-4769
-5206
-5268
-5559
-5767
-4669
-2387
818
2883
4386
5312
6058
6485
5885
5114
3970
3163
2387
1987
2190
2508
2435
1328
-74
-1523
-2612
-3572
-4312
-4628
-4358
-3357
-2081
-450
922
1787
1853
1692
1930
2576
3456
4088
4640
5278
5961
6093
5242
3642
1883
353
-1060
-2238
-2893
-2965
-2720
-2589
-2550
-2328
-1845
-1428
-1509
-1840
-2037
-2077
-2022
-2116
-2139
-1830
-1202
-553
-215
-133
-163
-479
-1296
-2676
-3830
-4604
-4972
-5512
-6209
-5776
-4293
-1342
859
2422
3436
4189
5197
5165
4881
3968
3409
3044
2671
2899
3190
3610
3104
1948
544
-647
-1473
-2375
-3177
-3892
-3652
-2882
-1568
-339
456
848
818
1245
2017
3060
3982
4489
5081
5616
6000
5624
4531
3021
1404
12
-1005
-1540
-1794
-1975
-2367
-2687
-2710
-2372
-2017
-1952
-2350
-2992
-3482
-3755
-3918
-3986
-3790
-2946
-1654
-516
316
736
850
421
-706
-1950
-3067
-3660
-4339
-5154
-5186
-4205
-1706
482
2287
3266
3867
4561
4498
4213
3244
2529
2016
1654
1763
1949
2416
2395
1791
852
6
-405
-859
-1516
-2339
-2678
-2429
-1698
-938
-427
-12
445
1293
2532
3634
4411
4439
4496
4597
4793
4597
3665
2516
1391
764
309
-80
-425
-934
-1441
-2005
-2241
-2155
-1923
-1833
-2184
-2807
-3465
-3941
-4259
-4473
-4488
-4086
-3151
-1993
-1186
-791
-814
-862
-1312
-1979
-2730
-3156
-3436
-3346
-3073
-1933
-202
1403
2799
3165
3932
4065
4080
3673
2848
2715
2347
2414
2219
1932
1737
1059
471
-383
-891
-1379
-1748
-2000
-2004
-1761
-1544
-1158
-883
-365
138
898
2125
3535
4748
5228
5249
5017
4901
4538
3806
2811
1739
1189
729
476
-10
-612
-1014
-1513
-1857
-2149
-2153
-1967
-2060
-2474
-3183
-3797
-4165
-4409
-4427
-4185
-3477
-2561
-1744
-1286
-1289
-1482
-1815
-2177
-2846
-3248
-3524
-3176
-2644
-1813
-494
634
2012
2422
2907
3126
3338
3520
3156
3160
3208
3458
3675
3343
2913
2036
1097
58
-733
-1282
-1810
-2161
-2500
-2281
-2036
-1560
-1411
-1378
-1133
-754
362
1589
2854
3706
4078
4446
4511
4634
4303
3726
3107
2552
2318
2013
1430
550
-333
-817
-1020
-1205
-1395
-1498
-1410
-1447
-1834
-2687
-3629
-4427
-4869
-4859
-4569
-3795
-2987
-2171
-1806
-1790
-1862
-2027
-2141
-2436
-2859
-2970
-2723
-1844
-566
498
1572
1911
2361
2459
2537
2623
2287
2349
2389
2838
3379
3539
3527
3002
2368
1567
708
-50
-651
-1124
-1518
-1769
-1890
-1647
-1419
-1268
-1171
-913
-198
691
1468
1961
2075
2226
2236
2297
2255
1999
1780
1540
1559
1639
1439
847
128
-370
-451
-359
-328
-384
-451
-477
-616
-939
-1364
-1881
-2316
-2591
-2581
-2211
-1721
-1239
-1044
-1096
-1284
-1491
-1632
-1779
-1916
-2110
-2202
-2190
-2050
-1705
-1190
-603
-10
309
549
743
1026
1351
1382
1493
1442
1545
1590
1628
1779
1796
1817
1514
1130
681
306
-56
-514
-872
-1101
-1081
-965
-791
-578
-299
120
444
655
678
692
780
1010
1300
1549
1754
1961
2167
2215
1972
1386
687
161
-3
43
224
441
722
953
1038
944
685
391
94
-213
-567
-851
-1007
-993
-946
-980
-1151
-1398
-1562
-1692
-1850
-2168
-2440
-2673
-2756
-2763
-2645
-2401
-2092
-1779
-1625
-1367
-1013
-506
-63
193
270
197
160
212
365
592
943
1242
1394
1370
1224
1067
804
519
285
128
132
145
243
429
703
977
1078
1031
1021
1100
1325
1589
1764
1979
2176
2347
2327
2094
1785
1354
942
503
179
1
-1
138
246
269
231
211
220
252
172
-32
-428
-821
-1138
-1360
-1547
-1757
-1859
-1832
-1710
-1649
-1715
-1851
-2079
-2338
-2610
-2844
-2940
-2841
-2560
-2183
-1717
-1242
-799
-407
-114
62
168
254
352
504
765
1144
1559
1879
1986
1905
1694
1351
1008
778
678
567
424
404
570
916
1153
1249
1197
1144
1154
1201
1307
1377
1451
1492
1546
1579
1528
1471
1424
1402
1299
1061
810
621
448
259
4
-228
-329
-355
-336
-418
-576
-836
-1113
-1363
-1681
-2010
-2414
-2734
-2868
-2827
-2704
-2635
-2526
-2477
-2465
-2510
-2587
-2545
-2385
-2022
-1533
-937
-363
46
288
448
587
675
678
710
760
946
1246
1636
1951
2107
2009
1749
1488
1249
1126
1075
1133
1200
1285
1466
1603
1640
1520
1288
1054
922
907
865
925
989
1043
1022
877
675
416
218
88
34
33
25
42
46
65
65
19
-54
-139
-147
-183
-255
-404
-612
-846
-1111
-1357
-1635
-1887
-2117
-2260
-2299
-2313
-2273
-2275
-2283
-2320
-2364
-2409
-2442
-2294
-1915
-1271
-608
-115
191
367
563
694
779
767
715
721
867
1156
1498
1706
1656
1436
1194
1023
906
818
774
894
1130
1423
1630
1697
1668
1610
1517
1431
1387
1378
1371
1331
1300
1263
1211
1067
884
713
567
443
282
91
-118
-243
-377
-503
-647
-735
-746
-739
-717
-749
-747
-789
-882
-1065
-1284
-1522
-1802
-2043
-2235
-2273
-2232
-2144
-2057
-1982
-1893
-1829
-1821
-1891
-2031
-2102
-1952
-1545
-1083
-751
-510
-263
50
344
556
711
838
906
1013
1176
1457
1688
1754
1672
1593
1546
1530
1460
1429
1480
1645
1760
1773
1782
1771
1758
1663
1582
1553
1487
1332
1086
889
804
747
679
596
544
537
474
335
135
-26
-142
-274
-411
-502
-513
-441
-401
-454
-588
-718
-808
-897
-1060
-1261
-1499
-1753
-1959
-2084
-2105
-2088
-2042
-2018
-1986
-1897
-1795
-1725
-1727
-1792
-1837
-1805
-1669
-1520
-1363
-1171
-927
-661
-399
-135
132
370
475
600
822
1149
1455
1602
1651
1734
1881
2000
2016
1974
1980
2062
2110
2094
2058
2027
2007
1918
1754
1545
1299
1055
821
679
619
623
648
626
585
471
290
74
-97
-210
-271
-245
-165
-49
54
120
115
-19
-216
-429
-598
-736
-865
-1050
-1241
-1425
-1612
-1773
-1892
-2000
-2144
-2298
-2412
-2386
-2255
-2112
-2047
-2046
-2070
-2037
-1937
-1768
-1582
-1352
-1137
-929
-713
-458
-207
-25
105
243
542
984
1361
1605
1691
1754
1847
1948
1915
1779
1688
1659
1703
1765
1895
2026
2072
1999
1821
1627
1454
1313
1181
1034
1005
1061
1178
1229
1140
919
631
376
152
45
15
32
74
111
138
141
63
-110
-348
-589
-801
-930
-993
-1018
-1092
-1262
-1455
-1591
-1667
-1720
-1872
-2085
-2205
-2154
-1957
-1803
-1792
-1933
-2128
-2213
-2164
-1942
-1631
-1337
-1111
-924
-702
-456
-200
-19
90
268
591
944
1227
1392
1480
1535
1586
1610
1627
1634
1625
1573
1573
1607
1650
1632
1511
1395
1315
1299
1325
1291
1214
1149
1180
1235
1267
1181
997
800
596
409
208
108
80
100
101
64
66
42
1
-159
-357
-529
-716
-871
-1030
-1166
-1253
-1332
-1423
-1536
-1640
-1693
-1717
-1734
-1771
-1821
-1869
-1885
-1905
-1970
-2066
-2130
-2088
-1913
-1608
-1260
-989
-761
-628
-503
-393
-239
36
388
761
1041
1289
1532
1758
1856
1794
1703
1649
1646
1606
1563
1557
1585
1574
1436
1287
1197
1178
1143
1067
967
896
848
819
856
917
952
906
860
813
768
660
492
329
205
83
-46
-142
-175
-150
-178
-243
-337
-415
-543
-752
-975
-1186
-1337
-1440
-1556
-1672
-1710
-1689
-1573
-1462
-1485
-1573
-1686
-1764
-1814
-1894
-1971
-1998
-1981
-1829
-1560
-1222
-916
-746
-658
-535
-319
-21
341
631
868
1109
1405
1745
1994
2048
1932
1825
1820
1882
1874
1755
1612
1451
1298
1168
1104
1049
962
825
729
736
807
860
809
740
708
739
811
842
823
769
622
463
336
278
228
125
24
-46
-43
-78
-118
-227
-420
-652
-914
-1162
-1366
-1514
-1631
-1724
-1786
-1758
-1657
-1515
-1474
-1533
-1651
-1741
-1787
-1789
-1811
-1889
-1935
-1925
-1776
-1511
-1209
-991
-814
-646
-416
-171
82
316
502
703
931
1197
1438
1571
1622
1643
1697
1815
1898
1868
1724
1550
1380
1213
1034
830
677
606
634
713
833
918
947
938
915
908
890
867
785
705
613
485
347
246
207
197
185
158
157
192
215
201
100
-89
-289
-545
-782
-1001
-1170
-1255
-1309
-1364
-1406
-1379
-1344
-1350
-1460
-1619
-1739
-1809
-1845
-1872
-1933
-1988
-2026
-1997
-1840
-1592
-1297
-1001
-735
-493
-237
44
324
592
807
985
1176
1348
1514
1634
1704
1765
1790
1777
1713
1573
1368
1145
945
763
645
602
635
711
801
899
974
987
999
1005
1004
985
963
914
839
759
631
495
390
318
273
182
68
-13
-29
-45
-102
-199
-321
-432
-571
-712
-807
-863
-927
-1035
-1138
-1188
-1220
-1263
-1354
-1479
-1565
-1604
-1626
-1670
-1738
-1804
-1897
-2004
-2081
-2077
-1925
-1634
-1326
-1049
-801
-530
-226
56
329
565
808
1042
1257
1449
1618
1732
1783
1765
1682
1565
1426
1265
1057
889
772
707
708
763
844
923
989
1031
1073
1089
1068
988
889
800
708
674
630
611
602
604
591
523
416
256
88
-78
-194
-291
-357
-406
-443
-468
-467
-478
-530
-626
-749
-851
-951
-1041
-1142
-1219
-1270
-1313
-1346
-1398
-1477
-1537
-1598
-1692
-1788
-1862
-1876
-1806
-1661
-1447
-1212
-993
-773
-550
-288
-19
265
543
785
993
1164
1319
1425
1483
1468
1395
1295
1221
1148
1034
890
760
680
634
639
697
772
862
936
984
1028
1034
982
888
804
754
742
757
788
827
850
805
705
506
295
95
-89
-206
-246
-230
-205
-176
-149
-151
-230
-388
-563
-739
-890
-990
-1050
-1074
-1085
-1082
-1066
-1062
-1118
-1233
-1338
-1449
-1543
-1588
-1628
-1673
-1676
-1617
-1500
-1340
-1174
-992
-787
-544
-257
26
296
520
708
834
941
1035
1122
1156
1127
1086
1054
1055
1028
938
829
738
716
738
766
827
882
945
985
986
944
860
756
650
620
653
730
813
883
902
853
733
524
263
11
-185
-297
-314
-263
-157
-59
0
7
-65
-212
-392
-576
-756
-902
-998
-1055
-1067
-1042
-990
-935
-897
-912
-996
-1099
-1178
-1274
-1385
-1490
-1606
-1681
-1693
-1622
-1463
-1230
-959
-667
-375
-94
139
317
455
560
632
711
824
922
1017
1095
1144
1185
1191
1172
1127
1059
1012
993
1022
1073
1134
1175
1160
1114
1039
936
816
703
621
593
635
698
733
709
629
496
321
112
-96
-269
-394
-468
-448
-382
-303
-231
-223
-248
-278
-351
-447
-539
-622
-691
-757
-781
-799
-791
-798
-822
-862
-922
-1000
-1096
-1192
-1297
-1389
-1489
-1563
-1624
-1642
-1599
-1481
-1254
-987
-721
-472
-265
-56
156
353
526
673
811
938
1075
1199
1256
1267
1252
1214
1181
1151
1120
1100
1099
1111
1110
1097
1075
1043
1009
950
894
826
751
686
629
588
549
502
440
372
281
198
110
14
-101
-211
-286
-342
-365
-382
-407
-407
-430
-470
-511
-544
-575
-623
-658
-685
-718
-738
-753
-791
-830
-866
-950
-1058
-1172
-1258
-1329
-1361
-1384
-1404
-1421
-1411
-1352
-1251
-1070
-851
-625
-407
-190
57
303
504
668
804
921
1025
1126
1190
1230
1256
1262
1268
1247
1232
1202
1170
1121
1063
989
909
896
887
891
891
872
826
752
658
570
491
408
345
290
238
214
193
157
88
-19
-115
-198
-266
-308
-344
-374
-398
-414
-439
-463
-487
-512
-548
-587
-610
-657
-727
-808
-901
-980
-1055
-1148
-1265
-1386
-1481
-1519
-1507
-1480
-1462
-1455
-1446
-1396
-1294
-1137
-923
-708
-469
-230
17
263
495
699
837
956
1060
1147
1231
1299
1335
1324
1313
1302
1292
1289
1271
1234
1183
1134
1084
1032
1006
982
948
892
833
750
644
550
482
427
380
349
298
257
209
138
40
-82
-213
-323
-375
-381
-362
-336
-318
-313
-318
-318
-321
-363
-438
-511
-581
-655
-725
-802
-906
-1015
-1097
-1185
-1281
-1374
-1454
-1495
-1503
-1501
-1504
-1503
-1503
-1475
-1392
-1240
-1040
-819
-585
-350
-122
100
309
488
646
765
879
972
1051
1126
1175
1210
1220
1246
1269
1278
1285
1277
1258
1241
1226
1223
1209
1169
1103
1028
933
839
751
687
629
568
524
475
423
354
271
145
-20
-203
-367
-478
-520
-513
-468
-396
-332
-262
-214
-197
-217
-291
-397
-488
-574
-648
-715
-789
-849
-897
-947
-997
-1065
-1145
-1220
-1280
-1317
-1337
-1333
-1311
-1284
-1248
-1181
-1082
-933
-756
-554
-364
-187
-47
69
200
321
451
595
718
811
906
992
1065
1099
1106
1100
1122
1143
1149
1154
1146
1132
1098
1078
1027
967
882
799
721
647
617
585
549
496
436
369
294
225
137
33
-87
-201
-274
-315
-302
-258
-201
-145
-114
-92
-78
-76
-106
-204
-314
-419
-531
-629
-717
-804
-888
-979
-1024
-1053
-1083
-1113
-1168
-1218
-1263
-1257
-1227
-1189
-1149
-1113
-1047
-956
-826
-639
-449
-294
-183
-82
27
155
308
454
581
702
812
910
973
1030
1076
1080
1097
1122
1157
1160
1127
1080
1013
946
888
822
759
703
645
609
590
567
531
478
394
319
245
191
152
87
13
-57
-106
-123
-112
-87
-57
-34
-26
-6
5
18
0
-81
-202
-340
-462
-577
-677
-777
-894
-1002
-1074
-1110
-1125
-1137
-1155
-1195
-1215
-1214
-1184
-1149
-1115
-1094
-1086
-1057
-995
-906
-779
-628
-474
-341
-201
-45
111
279
469
640
779
897
996
1070
1137
1186
1192
1202
1191
1168
1133
1090
1033
971
921
869
839
817
792
763
735
685
634
580
509
431
344
277
210
171
145
107
55
9
-27
-55
-71
-71
-78
-103
-115
-131
-153
-191
-246
-337
-436
-521
-617
-701
-786
-871
-955
-1014
-1046
-1055
-1062
-1070
-1078
-1077
-1052
-1011
-979
-962
-962
-966
-950
-929
-874
-804
-699
-556
-397
-229
-56
122
286
448
611
752
876
969
1027
1083
1119
1135
1135
1102
1052
993
943
898
863
816
762
721
702
694
682
666
637
605
571
522
467
404
335
286
245
218
188
149
100
41
-7
-50
-104
-147
-197
-236
-278
-315
-358
-412
-455
-522
-596
-662
-729
-793
-842
-893
-923
-944
-945
-939
-926
-909
-897
-882
-868
-849
-835
-819
-819
-817
-829
-837
-805
-741
-633
-487
-316
-148
41
224
391
546
685
810
909
998
1054
1118
1145
1147
1141
1115
1066
1007
941
860
791
742
706
673
656
643
626
602
581
547
508
456
396
333
265
213
165
126
85
61
26
-25
-77
-117
-154
-211
-269
-325
-388
-454
-504
-560
-611
-656
-701
-729
-761
-794
-819
-847
-876
-881
-877
-860
-836
-809
-786
-755
-717
-699
-706
-708
-704
-719
-728
-714
-686
-628
-542
-421
-272
-124
38
194
347
492
628
757
878
988
1072
1133
1177
1216
1240
1240
1218
1173
1116
1052
984
932
883
843
784
724
675
639
578
514
460
390
317
243
182
118
54
18
-12
-57
-94
-134
-186
-246
-303
-373
-444
-522
-590
-656
-698
-730
-753
-760
-786
-807
-833
-842
-853
-863
-867
-864
-860
-838
-799
-751
-710
-682
-658
-647
-634
-629
-624
-624
-623
-614
-593
-544
-473
-374
-262
-151
-21
115
256
400
543
674
795
919
1053
1162
1246
1313
1333
1332
1318
1285
1232
1171
1109
1043
985
931
870
808
746
666
579
479
382
273
171
84
0
-63
-116
-156
-185
-216
-245
-289
-330
-375
-419
-451
-496
-528
-568
-582
-594
-596
-610
-633
-661
-690
-714
-741
-755
-773
-781
-793
-789
-774
-755
-739
-729
-714
-700
-682
-662
-634
-613
-588
-564
-527
-494
-447
-383
-309
-210
-99
39
165
309
450
599
751
896
1036
1156
1268
1352
1412
1436
1428
1392
1338
1271
1198
1116
1029
930
837
758
673
583
496
415
326
235
152
68
-20
-94
-160
-225
-281
-321
-359
-388
-412
-437
-452
-467
-462
-456
-454
-454
-454
-462
-485
-505
-532
-557
-600
-632
-655
-678
-690
-705
-711
-713
-715
-719
-712
-714
-713
-708
-703
-694
-682
-670
-650
-623
-589
-549
-503
-449
-380
-302
-203
-84
41
174
318
468
614
765
908
1034
1135
1222
1282
1302
1305
1283
1243
1183
1112
1033
938
851
764
675
595
523
462
395
332
260
198
137
78
16
-49
-104
-154
-200
-238
-260
-278
-293
-304
-302
-298
-290
-283
-286
-294
-297
-308
-332
-362
-393
-426
-447
-472
-488
-507
-526
-548
-565
-574
-592
-600
-610
-619
-622
-617
-612
-601
-595
-583
-568
-539
-508
-468
-422
-370
-311
-241
-159
-73
29
146
264
383
512
643
767
872
959
1026
1063
1076
1058
1032
979
919
852
792
729
655
589
517
456
400
346
294
238
186
133
90
48
-3
-39
-80
-116
-154
-177
-191
-207
-231
-249
-264
-275
-286
-290
-292
-302
-307
-322
-332
-343
-352
-366
-388
-405
-421
-434
-444
-453
-469
-483
-493
-496
-514
-528
-535
-540
-545
-546
-543
-536
-529
-506
-476
-440
-395
-346
-290
-228
-150
-63
31
131
229
333
436
537
625
704
773
826
858
866
858
830
796
756
708
655
596
539
482
426
376
329
275
230
198
173
146
129
114
99
91
79
74
71
68
60
43
33
19
1
-18
-28
-35
-59
-76
-96
-116
-143
-175
-201
-224
-251
-279
-302
-330
-351
-372
-390
-413
-423
-434
-455
-469
-491
-515
-544
-556
-565
-574
-576
-573
-557
-532
-494
-448
-396
-340
-288
-221
-146
-63
15
93
165
239
307
372
436
481
520
543
563
568
564
551
535
513
486
451
417
383
347
307
272
243
212
185
165
148
135
128
116
115
118
126
123
126
122
110
107
95
96
81
62
43
19
-2
-29
-54
-90
-118
-145
-172
-189
-210
-229
-243
-262
-284
-302
-320
-338
-357
-366
-383
-394
-402
-410
-413
-413
-407
-402
-381
-360
-334
-311
-277
-242
-202
-159
-114
-64
-21
27
68
112
154
193
232
263
295
316
337
354
365
367
370
375
368
360
342
321
294
271
245
213
189
165
152
145
139
138
139
145
143
150
160
161
163
169
170
163
164
148
127
99
69
32
-1
-29
-63
-83
-107
-122
-141
-153
-171
-193
-215
-232
-254
-280
-300
-324
-347
-364
-371
-383
-390
-390
-382
-368
-357
-339
-315
-289
-268
-244
-209
-177
-144
-120
-92
-63
-42
-21
0
19
31
49
65
82
105
121
136
152
169
178
188
192
192
195
193
187
183
185
182
184
197
210
220
234
245
252
258
269
277
282
284
287
288
287
288
280
266
242
218
191
165
136
105
76
46
26
6
-10
-30
-52
-79
-100
-122
-145
-164
-194
-223
-244
-263
-287
-299
-309
-322
-328
-328
-324
-319
-308
-294
-276
-257
-237
-212
-197
-185
-179
-173
-163
-152
-148
-150
-142
-131
-123
-114
-104
-96
-90
-82
-74
-62
-51
-37
-22
-1
19
37
51
68
87
109
134
159
181
202
224
244
267
284
297
305
313
324
336
338
338
340
334
325
313
298
279
262
240
220
197
176
151
131
108
87
61
33
3
-29
-54
-83
-107
-132
-153
-173
-186
-195
-208
-216
-220
-220
-215
-208
-198
-192
-190
-187
-182
-175
-180
-181
-182
-182
-191
-198
-207
-211
-214
-216
-217
-220
-222
-225
-218
-210
-201
-188
-171
-143
-113
-82
-54
-22
5
31
56
84
113
136
162
186
209
223
232
238
245
251
252
246
249
252
253
251
251
246
238
232
223
217
209
197
181
165
146
128
108
86
66
43
21
3
-13
-23
-30
-36
-45
-53
-60
-64
-67
-73
-76
-76
-73
-70
-70
-69
-68
-69
-73
-77
-82
-94
-109
-121
-137
-154
-180
-205
-226
-244
-257
-269
-271
-273
-271
-265
-253
-233
-215
-193
-168
-140
-110
-82
-51
-19
14
38
63
84
106
123
142
153
164
176
186
200
205
214
210
215
211
208
200
194
188
179
173
165
158
143
131
119
108
91
75
56
40
23
11
2
-3
-2
-5
-2
-3
0
-1
0
0
2
-1
-5
-8
-9
-13
-18
-19
-22
-23
-29
-36
-44
-58
-74
-89
-108
-129
-151
-173
-190
-203
-211
-219
-220
-219
-219
-214
-204
-187
-169
-145
-122
-98
-78
-57
-35
-17
2
16
32
45
58
71
84
95
106
114
122
129
134
134
134
136
131
125
119
116
110
106
97
90
85
78
72
66
61
49
43
40
43
43
43
46
46
52
55
59
54
50
42
35
29
26
23
15
15
10
10
5
1
-8
-16
-22
-29
-34
-44
-51
-59
-65
-76
-89
-101
-113
-120
-124
-123
-123
-120
-114
-108
-98
-92
-87
-84
-76
-68
-60
-50
-42
-32
-27
-19
-12
-5
1
6
11
14
20
18
19
21
25
24
27
31
34
36
35
37
33
35
34
36
37
40
41
41
47
50
51
49
52
51
53
51
51
49
48
47
46
46
45
42
36
34
33
32
31
33
30
25
18
12
7
3
0
-3
-5
-7
-11
-16
-22
-29
-35
-42
-46
-49
-52
-53
-53
-53
-54
-51
-49
-47
-46
-43
-40
-36
-31
-28
-22
-18
-15
-10
-7
-2
0
0
1
1
0
-3
-4
-5
-7
-10
-12
-14
-17
-20
-22
-23
-24
-24
-26
-25
-23
-21
-17
-11
-6
-1
5
10
13
16
17
18
18
19
22
25
29
31
34
38
42
45
47
48
48
47
47
48
47
45
43
40
36
33
29
26
21
17
15
12
11
8
6
3
1
-2
-3
-4
-6
-5
-4
-3
-1
0
3
5
6
8
7
8
6
5
4
4
1
-2
-5
-8
-11
-13
-16
-20
-26
-32
-39
-44
-49
-54
-58
-63
-66
-68
-67
-67
-67
-67
-67
-64
-62
-56
-51
-46
-41
-36
-29
-22
-16
-10
-4
4
11
18
25
31
35
39
42
46
46
46
44
42
41
41
40
39
37
36
35
34
34
33
32
30
29
29
28
28
28
27
25
24
25
26
27
26
24
23
20
20
19
17
15
12
7
4
0
-3
-7
-9
-11
-14
-17
-18
-20
-23
-25
-29
-31
-32
-33
-34
-34
-35
-36
-37
-38
-37
-38
-36
-33
-31
-27
-25
-23
-20
-19
-16
-12
-9
-5
-3
1
5
8
11
12
13
13
12
12
11
12
12
12
11
12
12
13
13
12
11
10
11
13
14
18
19
20
21
22
23
23
23
23
20
19
18
15
14
12
10
9
7
4
0
-4
-9
-12
-14
-16
-17
-17
-19
-20
-22
-24
-25
-24
-24
-23
-20
-18
-17
-15
-14
-12
-10
-8
-7
-5
-5
-4
-4
-4
-4
-2
0
2
2
2
3
4
3
2
2
3
3
4
5
6
5
5
5
5
5
4
5
4
3
3
3
4
6
9
11
13
13
13
12
12
11
11
11
10
9
8
8
8
9
10
11
11
9
8
6
3
0
-2
-5
-6
-9
-9
-11
-13
-14
-15
-16
-16
-16
-15
-15
-14
-14
-12
-11
-11
-8
-5
-3
-1
1
2
1
1
1
1
2
2
3
4
4
3
2
0
1
0
0
0
0
0
-1
-1
-1
-1
0
0
-1
-1
-2
-1
-1
0
2
5
6
8
9
10
10
11
13
14
15
15
15
13
13
13
14
14
14
13
13
11
8
6
4
1
-2
-4
-8
-11
-13
-16
-16
-18
-18
-17
-17
-17
-17
-16
-16
-14
-15
-14
-13
-12
-11
-9
-7
-7
-4
-2
-2
0
1
2
1
2
2
3
3
4
3
3
1
2
1
2
2
3
3
3
2
2
-1
-2
-4
-4
-3
-3
-1
0
0
1
1
0
1
1
0
2
4
4
3
3
2
4
4
5
6
6
6
5
7
7
6
6
4
4
3
3
2
1
0
1
1
2
4
2
3
2
2
3
3
3
3
3
2
1
1
0
-1
-1
-1
1
3
4
4
4
4
4
3
3
2
1
1
1
1
1
-1
-2
-2
-3
-3
-5
-6
-8
-9
-10
-8
-7
-8
-8
-8
-8
-7
-7
-6
-5
-5
-3
-3
-2
-2
-2
-3
-3
-3
-2
-2
-2
-2
-2
-2
-2
-3
-5
-6
-7
-7
-6
-5
-4
-4
-3
-3
-3
-2
-2
-1
2
3
5
9
10
11
9
9
8
8
8
8
8
6
6
7
6
7
7
7
8
8
10
8
7
6
5
4
4
4
4
5
5
5
4
3
1
-1
-3
-3
-4
-4
-5
-6
-7
-8
-9
-9
-9
-9
-8
-8
-8
-9
-9
-8
-9
-9
-9
-7
-6
-5
-4
-2
-1
-1
-1
-1
-4
-5
-6
-6
-6
-4
-4
-3
-2
-1
-1
0
0
0
0
1
2
3
4
5
6
8
9
10
11
12
11
10
9
8
8
7
8
9
9
10
9
7
8
5
4
3
3
3
2
2
2
1
1
0
0
-1
-3
-3
-4
-4
-5
-6
-6
-7
-7
-8
-8
-9
-10
-11
-11
-10
-11
-10
-9
-8
-6
-6
-5
-4
-3
-4
-2
-2
-1
-1
0
1
1
1
1
2
2
1
1
1
1
0
2
2
1
3
3
3
3
4
4
4
4
4
3
4
3
3
3
4
3
4
4
4
3
3
3
3
3
3
3
3
4
4
3
3
4
2
2
2
1
1
0
1
0
-1
-1
-1
-1
-2
-3
-2
-3
-3
-5
-4
-4
-4
-4
-6
-5
-5
-5
-5
-5
-4
-4
-4
-3
-3
-2
-2
-2
0
-1
0
0
1
1
0
1
1
1
1
0
2
1
1
1
1
2
2
2
2
1
2
1
3
2
2
2
1
2
2
2
2
1
2
2
1
2
2
2
3
2
3
2
2
1
2
1
1
1
1
0
0
0
0
-1
-1
-1
-1
-1
-2
-1
0
0
-1
0
-1
-1
-1
-1
-2
-1
-2
-3
-3
-3
-3
-3
-3
-3
-2
-3
-2
-2
-1
-2
-2
-1
-2
-1
-1
-1
-1
-2
-1
-2
-1
-2
-1
0
0
0
0
0
1
1
1
3
3
3
3
3
3
3
4
4
5
4
5
5
4
4
4
3
3
2
2
1
0
0
0
-1
-2
-1
-3
-3
-2
-2
-3
-2
-2
-3
-3
-3
-2
-2
-1
-2
-2
-1
-1
-1
-1
0
0
0
-1
0
0
-1
-1
0
0
1
0
0
0
0
0
-1
0
-1
-1
-1
-1
-1
0
-2
-1
-2
0
-1
-1
-2
-1
-2
-1
-1
0
0
1
1
1
2
1
1
2
2
2
2
2
2
2
2
2
2
1
1
1
0
0
0
0
-1
-1
-1
-1
-1
-1
-1
-1
-2
-1
-1
-1
-1
-2
-1
-1
-1
-1
-1
-1
0
-1
-1
0
0
0
0
0
1
0
-1
0
0
0
0
0
0
0
0
-1
0
0
0
0
1
0
0
0
0
1
0
2
2
1
1
2
2
3
2
2
2
2
2
2
2
2
2
2
2
2
2
1
1
2
1
1
0
1
0
0
0
0
0
0
-1
0
0
-1
0
0
-1
-1
0
0
0
-1
0
0
0
0
-1
0
-1
0
-1
-1
-1
-1
-1
-1
0
-1
-1
-1
-1
-1
-1
-1
-2
-1
-1
-1
-1
-1
-2
-2
-2
-1
-1
-1
-1
-1
-1
-1
-1
0
0
0
0
0
0
0
0
0
0
1
1
1
2
1
1
1
1
1
1
1
0
1
0
0
0
1
0
0
1
0
0
0
0
1
-1
0
0
-1
0
-1
-1
-1
0
0
0
0
-1
0
0
0
0
-1
0
0
0
0
0
0
0
0
1
0
0
0
1
0
0
-1
0
0
0
0
-1
0
0
0
0
1
0
0
1
0
0
0
0
0
0
1
1
1
1
1
1
1
1
1
2
1
0
1
1
1
1
1
0
1
0
1
0
1
0
1
0
0
0
0
0
-1
-1
-1
-1
-1
-1
-1
0
-1
-1
-1
-1
-1
-1
-1
-1
-1
0
0
0
0
0
0
-1
-1
0
0
0
0
0
0
0
0
0
0
0
0
0
0
0
0
1
1
0
-1
0
0
0
0
0
1
0
0
1
0
1
0
0
1
0
0
1
0
1
1
1
0
1
1
1
0
1
0
0
0
-1
0
0
0
0
0
0
-1
-1
0
0
0
-1
1
0
-1
-1
0
0
-1
0
0
0
-1
0
0
0
0
0
0
0
0
0
0
0
0
-1
0
0
0
0
0
0
1
0
0
-1
-1
0
0
0
0
-1
0
0
1
0
0
1
0
0
1
0
1
0
0
0
0
0
0
-1
1
0
0
0
0
0
1
0
0
0
0
0
0
-1
-1
0
-1
0
0
0
0
0
0
0
0
0
-1
0
0
-1
0
-1
0
0
0
0
0
0
0
0
0
0
0
0
0
0
0
-1
1
-1
-1
0
0
0
0
0
0
0
1
0
1
0
0
0
1
0
0
0
0
0
1
0
0
0
0
0
-1
0
0
0
0
1
1
0
1
0
0
0
1
0
0
0
0
0
0
-1
-1
-1
-1
0
0
0
-1
0
-1
0
0
0
0
-1
-1
0
-1
0
1
-1
0
0
0
0
-1
0
-1
0
0
0
-1
0
1
-1
0
0
0
0
-1
0
1
0
-1
1
1
0
1
-1
0
0
1
0
0
-1
1
0
0
1
0
0
0
0
1
0
0
0
0
1
0
0
0
-1
0
1
0
1
-1
0
1
0
0
0
0
0
0
0
0
0
0
0
0
0
0
0
0
-1
0
1
0
1
0
-1
0
0
1
0
0
0
0
0
0
-1
0
-1
0
0
0
0
0
0
0
1
0
1
0
0
0
0
0
-1
0
0
0
0
0
-1
0
0
0
0
0
0
1
0
0
0
0
0
-1
0
0
0
0
0
0
0
0
-1
0
1
0
0
0
0
0
0
0
0
0
0
0
0
0
0
0
0
1
0
0
0
0
0
0
0
1
0
0
0
-1
0
0
0
0
1
1
0
1
0
0
-1
0
-1
0
0
0
0
0
0
0
0
0
0
0
0
0
1
0
0
0
0
0
0
0
0
0
0
0
0
0
0
0
0
0
0
1
0
0
0
1
0
0
0
0
0
0
0
0
1
1
0
0
1
0
-1
0
0
0
1
0
0
-1
1
0
-1
-1
0
0
0
0
0
1
0
1
0
0
0
1
0
-1
0
0
0
0
-1
0
0
0
-1
0
0
0
0
0
0
0
0
1
-1
0
0
0
0
-1
0
0
0
0
0
1
0
0
0
0
0
0
0
0
1
1
0
0
0
0
0
0
0
0
0
1
0
-1
0
0
0
0
0
0
0
0
0
0
1
0
1
1
1
0
0
0
0
0
0
0
0
0
0
0
0
-1
0
0
0
-1
0
-1
0
0
0
0
0
0
0
-1
1
0
1
0
0
0
0
1
1
0
-1
0
1
-1
0
0
0
0
0
0
0
0
0
0
0
0
0
1
-1
0
0
0
0
0
0
0
-1
0
-1
0
0
0
0
0
-1
0
1
0
0
0
1
0
0
0
0
0
0
0
0
0
0
0
0
0
0
1
0
1
0
-1
-1
-1
0
0
0
0
0
0
0
-1
0
0
1
-1
0
1
0
0
0
0
0
0
0
-1
0
0
0
0
0
0
0
0
0
0
0
0
0
0
0
0
0
0
0
0
0
0
1
0
1
0
0
0
1
0
0
-1
1
0
-1
0
0
-1
0
0
0
0
-1
0
0
0
0
1
0
0
0
1
0
0
1
-1
0
0
0
0
0
0
-1
0
1
0
0
0
1
-1
0
0
0
-1
0
0
0
-1
0
1
0
-1
0
0
-1
-1
0
0
0
0
-1
-1
-1
0
0
0
0
0
0
0
0
0
1
0
-1
0
1
0
1
0
0
0
-1
0
0
0
0
0
0
-1
1
0
0
0
0
1
0
0
0
-1
0
1
0
0
0
0
0
0
0
0
0
0
-1
1
-1
0
1
0
0
0
0
0
0
0
0
0
0
0
0
0
0
0
1
0
0
0
0
-1
1
0
0
0
0
0
0
0
0
0
0
0
0
-1
0
0
0
-1
0
0
1
1
0
0
0
0
-1
0
1
0
-1
0
0
0
0
-1
0
0
0
0
0
-1
-1
0
0
0
0
1
0
0
0
0
-1
0
0
0
0
0
0
0
0
1
0
-1
0
0
-1
0
0
0
0
0
0
0
0
0
0
0
1
0
0
0
0
-1
-1
0
-1
0
0
0
-1
0
0
0
0
1
1
-1
0
0
-1
-1
0
0
-1
0
0
-1
0
0
-1
1
-1
0
0
-1
0
0
0
0
0
0
0
1
0
0
-1
1
1
0
0
0
0
0
0
0
0
0
1
0
0
0
0
0
0
-1
0
0
-1
0
0
1
0
0
1
0
0
0
1
0
0
0
0
0
0
1
-1
0
0
0
1
0
-1
0
0
0
0
0
-1
0
0
0
0
1
0
0
1
0
0
0
1
0
0
0
0
0
1
0
0
0
0
0
0
0
1
0
0
0
0
-1
0
0
-1
-1
0
-1
0
0
0
1
1
0
0
0
-1
1
0
0
0
0
1
0
1
0
0
1
1
0
0
0
0
0
-1
0
0
0
-1
0
0
1
0
0
0
0
1
0
1
0
0
0
0
-1
0
0
0
0
0
-1
0
0
0
1
1
0
0
-1
0
0
1
0
0
-1
1
0
0
0
0
-1
0
0
0
0
0
0
0
0
0
0
0
1
0
0
0
-1
0
1
0
0
1
-1
0
-1
-1
0
0
0
0
0
0
0
0
-1
0
-1
1
0
1
1
0
0
0
0
0
0
0
0
0
0
0
0
0
0
1
0
-1
0
0
0
0
0
0
-1
0
0
-1
0
0
0
0
0
0
0
1
1
0
0
0
0
0
0
0
-1
0
0
0
0
0
0
-1
-1
0
0
0
0
0
1
0
1
-1
0
0
-1
0
0
0
1
0
0
0
0
0
0
0
1
0
1
0
0
0
-1
-1
0
0
0
0
1
0
-1
0
0
0
0
1
0
-1
0
0
0
0
0
1
0
0
0
0
0
0
0
0
0
0
