0
0
0
0
0
0
-1
0
-1
1
0
1
1
0
0
0
0
0
0
0
0
0
0
0
0
0
0
1
0
-1
0
0
0
0
0
0
-1
0
0
-1
0
0
0
0
0
0
0
1
1
0
0
0
0
0
0
0
-1
0
0
0
0
0
0
-1
-1
0
0
0
0
0
1
0
1
-1
0
0
-1
0
0
0
1
0
0
0
0
0
0
0
1
0
1
0
0
0
-1
-1
0
0
0
0
1
0
-1
0
0
0
0
1
0
-1
0
0
0
0
0
1
0
0
0
0
0
0
0
0
0
0
1
0
0
0
0
0
0
0
0
0
0
0
0
0
-1
-1
0
0
0
0
0
0
-1
0
0
-1
0
0
0
0
0
0
0
0
0
0
0
0
0
0
0
0
0
-1
0
0
1
0
0
-1
1
0
0
0
0
0
0
0
0
0
0
-1
1
0
0
-1
0
0
0
1
0
-1
0
0
0
0
0
0
0
1
-1
0
0
0
-1
-1
0
0
0
1
0
0
0
0
0
1
0
-1
-1
0
0
0
0
0
0
0
-1
0
-1
0
1
0
0
0
0
1
0
0
0
0
0
-1
-1
0
0
0
0
-1
0
1
0
1
0
0
0
0
-1
0
0
0
-1
0
0
0
0
0
0
0
0
-1
0
0
0
1
0
1
0
-1
0
1
0
0
-1
0
0
0
0
0
0
1
0
1
0
0
0
0
0
1
0
1
0
0
0
1
0
0
0
0
0
-1
0
0
0
0
0
0
0
0
0
-1
0
0
0
0
0
0
0
0
0
0
1
0
1
0
0
1
0
0
1
0
0
1
0
0
1
0
0
0
0
0
0
0
0
0
0
0
1
0
0
-1
0
0
-1
0
-1
0
0
1
1
0
0
0
-1
0
0
0
0
0
0
1
0
0
-1
0
0
0
0
-1
0
1
0
0
0
0
0
-1
0
0
0
0
0
0
0
1
0
0
0
0
0
-1
0
0
0
0
0
1
0
0
0
0
0
0
0
1
0
-1
0
-1
1
0
0
0
0
-1
0
-1
0
0
0
0
-1
1
0
0
0
1
0
-1
0
1
1
0
-1
0
0
0
0
0
0
0
0
-1
0
0
0
0
1
-1
0
0
-1
0
0
0
0
0
1
1
0
0
0
-1
-1
0
0
0
1
0
0
0
0
0
0
1
0
0
-1
0
0
1
0
0
0
0
0
1
0
0
-1
0
0
0
0
0
0
0
0
1
0
0
0
0
0
0
0
0
1
0
0
0
0
0
0
-1
0
0
0
0
1
0
0
1
0
0
0
1
-1
0
-1
0
0
0
1
0
0
0
0
0
0
1
0
0
0
0
0
0
0
0
0
-1
0
0
0
1
0
0
0
1
0
0
0
0
0
0
0
0
0
0
1
0
1
0
-1
0
0
-1
0
0
0
-1
0
0
0
-1
0
-1
1
-1
1
0
0
0
0
0
1
0
1
0
0
0
0
0
0
0
0
0
0
0
1
0
0
-1
0
0
0
0
0
0
0
0
0
0
-1
0
0
1
0
0
-1
0
0
0
0
0
0
0
0
-1
0
1
0
0
0
0
1
0
0
0
0
0
-1
0
0
-1
0
0
0
0
0
0
0
0
0
0
0
1
1
1
1
0
0
-1
1
0
0
0
0
0
0
0
0
0
0
0
0
1
0
0
1
0
1
0
0
1
0
0
0
0
1
0
0
-1
0
0
1
1
0
0
-1
0
-1
-1
0
0
0
1
1
0
-1
0
1
0
0
0
0
1
0
1
-1
0
1
0
0
0
-1
0
0
0
1
0
-1
0
-1
-1
0
0
1
0
0
0
1
1
0
0
1
1
-1
0
-1
0
0
0
1
0
0
0
0
-1
0
0
-1
0
0
-1
-1
1
0
0
0
0
-1
0
1
0
0
0
-1
1
0
1
0
1
-1
0
0
0
-1
0
0
0
0
0
0
0
0
0
0
0
0
0
0
0
0
0
1
0
0
0
0
1
0
0
0
0
0
0
0
0
0
0
0
0
0
0
0
0
0
0
0
0
1
0
0
0
0
-1
0
0
1
0
0
0
0
0
-1
0
0
0
0
0
0
-1
0
0
-1
0
0
0
-1
0
0
0
0
-1
0
0
0
0
0
0
0
0
0
0
0
0
0
0
0
-1
0
0
0
-1
0
-1
0
-1
0
0
0
0
1
0
0
0
0
-1
1
0
0
0
0
0
1
0
0
0
0
0
0
1
0
0
0
0
-1
0
-1
0
0
0
0
0
0
0
0
0
0
0
0
0
0
0
0
0
1
0
1
1
0
1
0
0
0
0
0
1
0
1
0
0
0
1
0
0
-1
0
0
1
0
-1
0
0
0
0
-1
-1
1
0
0
1
0
0
1
0
0
0
-1
1
0
0
0
0
0
0
-1
0
0
0
0
0
0
0
0
0
0
0
0
0
0
0
0
0
0
0
0
-1
0
-1
0
-1
0
0
0
0
0
-1
0
-1
1
0
0
0
0
0
-1
0
-1
0
-1
0
0
0
0
-1
0
-1
0
1
0
0
0
0
0
0
1
0
0
0
0
0
0
-1
0
0
0
0
0
0
0
0
1
0
1
1
0
0
0
0
0
0
0
0
0
0
1
0
1
0
0
0
0
0
0
0
1
0
0
0
1
0
1
1
0
0
0
0
-1
0
0
1
0
0
0
0
0
0
0
0
0
0
0
0
0
-1
0
0
0
0
0
0
0
0
0
-1
0
1
0
0
0
0
0
0
0
-1
1
0
0
0
1
0
1
0
0
0
0
0
0
0
-1
0
1
0
0
0
1
0
0
0
0
-1
1
1
0
0
1
0
0
0
0
0
0
0
0
-1
0
0
0
0
1
0
0
0
0
0
0
-1
-1
1
0
0
1
0
0
-1
0
-1
1
0
1
0
0
0
0
1
-1
0
0
0
0
0
0
0
0
0
0
0
0
0
0
-1
0
0
0
0
1
0
0
0
0
0
0
0
0
-1
0
0
0
-1
0
0
1
0
-1
0
0
0
0
1
1
1
0
0
-1
0
0
-1
0
0
0
0
-1
0
0
0
0
0
0
1
0
0
0
0
0
1
0
0
0
0
0
0
0
-1
1
-1
0
-1
0
0
0
0
-1
0
0
0
0
0
0
0
0
0
1
0
0
0
0
0
0
0
0
0
0
0
0
0
0
-1
0
0
0
1
0
0
0
0
-1
0
-1
0
1
0
0
1
0
0
0
0
0
0
0
0
0
0
1
-1
0
-1
0
0
-1
0
0
0
0
-1
0
0
0
0
0
1
0
0
0
0
0
0
0
-1
0
0
0
0
0
0
-1
0
0
0
0
0
0
-1
0
-1
0
0
0
0
1
0
0
0
0
0
0
0
0
0
0
0
0
1
0
0
0
0
1
0
-1
0
1
0
0
0
0
0
0
0
-1
-1
0
0
0
1
0
-1
0
0
-1
0
0
0
-1
0
0
1
0
0
0
0
0
0
1
0
0
0
0
1
0
0
0
1
1
0
0
0
0
0
0
1
0
1
0
0
0
1
0
0
0
-1
1
1
0
-1
0
0
0
0
0
0
0
0
0
0
0
1
0
1
0
0
0
0
0
-1
0
1
0
0
-1
0
-1
0
0
-1
0
0
0
0
0
0
0
0
0
0
0
0
0
0
0
0
0
0
0
0
0
0
0
0
0
0
0
0
0
0
0
0
0
-1
0
0
0
0
0
0
0
-1
0
0
0
0
0
0
0
0
0
0
0
0
0
0
0
0
0
0
0
0
0
0
1
-1
0
0
0
0
0
0
0
1
0
0
0
0
0
-1
0
0
0
0
0
0
0
0
0
0
-1
-1
-1
-1
0
-1
0
0
0
0
0
0
-1
-1
0
-1
0
0
0
-1
0
0
0
0
0
0
0
1
0
0
0
0
0
0
0
0
0
0
1
1
0
0
0
0
0
0
0
0
0
0
0
1
0
0
0
0
0
1
1
0
0
0
0
0
-1
0
0
0
0
0
0
1
0
0
1
0
0
0
1
0
0
1
0
1
1
0
0
0
0
0
0
0
0
0
0
1
0
1
1
-1
0
0
0
0
0
0
0
0
0
0
0
1
0
0
1
0
0
0
1
0
0
0
-1
0
0
0
0
0
0
0
0
0
0
1
0
0
0
-1
-1
0
0
0
0
0
0
0
0
0
0
-1
0
1
0
0
0
0
0
0
0
-1
0
1
0
0
0
0
-1
0
-1
-1
0
0
0
0
1
0
0
0
0
0
0
0
0
1
1
0
1
-1
0
0
0
0
0
0
0
0
0
0
0
0
0
0
0
0
0
0
0
0
0
0
0
0
0
0
0
0
-1
1
0
1
0
0
1
0
0
0
0
0
1
-1
0
0
0
0
0
1
0
0
-1
0
0
0
0
1
0
0
1
-1
-1
0
0
0
0
0
0
0
0
0
0
0
-1
0
0
0
1
0
0
0
0
1
0
-1
-1
0
0
0
-1
0
0
0
0
0
-1
0
0
0
0
-1
0
0
0
0
0
0
0
0
0
0
0
0
0
0
-1
0
0
0
0
0
0
0
0
0
1
0
-1
0
0
0
0
0
0
0
0
0
0
0
0
0
0
0
0
0
0
0
-1
0
0
0
0
0
0
0
0
0
0
0
0
0
1
0
0
0
0
0
0
0
1
0
0
0
1
1
0
0
0
-1
1
1
0
0
0
0
0
0
0
1
0
0
0
1
0
0
0
0
0
-1
0
0
0
0
0
0
0
0
0
0
-1
-1
-1
0
0
0
0
-1
0
0
0
0
0
0
0
0
0
1
0
1
0
0
0
0
0
0
1
-1
0
1
-1
0
0
0
0
0
0
0
-1
0
0
0
-1
0
-1
0
0
0
0
0
-1
0
0
0
0
0
0
-1
0
0
0
0
0
0
0
0
-1
-1
0
0
0
0
0
1
0
0
0
0
0
-1
0
0
0
0
0
0
0
0
0
1
0
1
0
0
1
-1
1
0
0
0
-1
-1
0
0
0
-1
0
-1
0
0
0
-1
0
0
0
0
1
0
0
0
0
0
0
1
0
1
0
0
0
0
0
0
1
0
0
0
1
1
0
0
0
0
0
0
0
0
-1
1
0
0
0
0
0
0
0
1
0
0
-1
0
0
0
-1
-1
0
0
0
0
-1
0
-1
0
0
0
0
-1
0
0
0
-1
1
0
1
0
0
0
0
0
0
1
-1
-1
1
-1
1
0
-1
0
-1
1
-1
0
0
1
-1
0
0
-1
0
1
0
0
1
-2
1
0
-1
0
0
-2
0
1
-1
0
1
-1
-1
1
0
1
-1
2
-1
1
0
-1
2
-1
0
-1
0
0
0
1
1
-1
0
0
0
-1
1
0
0
0
0
1
0
-2
3
-1
-2
2
1
-1
0
1
0
-2
-1
2
-1
-2
4
-3
2
-1
1
-1
-1
2
-1
1
-4
5
-3
1
0
0
-2
0
1
-3
0
3
-1
-3
4
-2
-2
0
3
0
-3
4
-1
0
-4
5
-1
-1
0
1
-1
-2
2
-2
4
-6
4
2
-6
3
5
-5
-1
6
-5
0
2
1
-1
-2
4
-2
-1
3
-3
3
-3
2
-2
2
-1
-1
3
-3
1
2
-3
4
-2
0
3
-3
0
-1
1
-3
4
-4
7
-3
-2
5
-1
-3
1
6
-9
5
2
-2
-4
6
-3
-1
2
-1
0
0
1
4
-4
-1
4
-3
-4
5
0
-3
2
3
-2
-6
9
0
-8
5
4
-5
0
1
7
-9
0
8
-7
-3
7
-1
-2
3
-2
1
1
-6
8
-3
-6
11
-9
4
1
-1
-2
4
-5
1
3
-4
6
-9
8
-4
-2
0
4
-5
2
4
-5
4
-5
8
-9
5
2
-7
4
0
3
-5
6
-2
-1
-1
-3
7
-9
6
2
-2
1
0
2
-8
9
-8
2
4
-5
2
-2
7
-3
-7
11
-1
-12
11
1
-3
-2
5
-1
-4
-1
5
-1
-3
-1
6
1
-12
8
1
0
-10
11
4
-11
2
8
-6
-5
4
3
-8
5
0
0
0
-3
2
-2
-4
9
-8
5
-1
5
-13
11
-5
-2
0
5
1
-6
8
0
-14
6
7
-16
12
4
-4
-2
11
-16
9
-6
3
-1
-3
6
-1
-1
-7
10
-7
0
-1
10
-15
11
-4
-1
-1
-3
-1
12
-25
28
-4
-16
13
-9
13
-20
11
13
-17
-1
4
13
-27
27
-8
-7
9
-14
12
1
-15
19
-2
-9
3
-2
10
-16
9
10
-15
11
-11
17
-22
16
1
-2
4
-9
16
-21
11
0
-7
8
-3
-8
17
-15
10
-12
18
-4
-28
39
-19
-7
2
19
-16
-5
26
-21
-4
10
0
-9
11
6
-7
-4
0
13
-21
2
18
-3
-18
13
18
-34
7
19
-15
6
0
5
2
-34
36
-8
-9
0
23
-32
22
-16
12
0
-3
5
-8
-1
0
7
-25
40
-28
8
10
-11
14
-10
2
10
-16
-10
32
-22
-1
23
-24
22
-37
29
4
-23
25
1
-11
2
10
-28
27
-21
7
12
-9
5
-2
-2
7
-11
15
-10
0
-3
5
-5
6
-10
26
-26
8
5
-2
-4
-7
18
-17
8
0
11
-20
14
-8
7
-8
-3
20
-19
-1
19
-28
32
-24
14
4
-29
36
-25
8
-1
3
-4
4
-1
-7
11
-7
13
-29
37
-21
2
-1
4
12
-31
25
-17
29
-43
34
-6
-16
17
-10
20
-35
39
-40
36
-34
19
9
-27
25
-27
26
-14
16
-13
4
-5
6
-10
9
-9
13
-17
16
-2
-18
26
-25
19
-17
25
-17
-6
24
-20
9
-18
32
-23
-8
41
-62
63
-55
29
2
2
1
-31
57
-53
9
17
-4
-25
36
-24
11
-6
10
-19
20
-11
0
27
-39
35
-44
41
-40
30
-5
-28
60
-52
26
6
-24
46
-66
58
-35
-19
59
-67
65
-57
43
-3
-44
71
-60
26
-12
10
11
-31
58
-64
29
1
-51
82
-67
57
-30
3
10
-31
25
-8
17
-18
-21
68
-83
41
15
-27
9
-13
35
-45
47
-37
13
6
14
-61
69
-30
-17
20
0
6
-26
42
-54
61
-45
9
26
1
-56
68
-40
-11
12
6
3
-2
1
-9
40
-60
56
-36
3
28
-24
-9
2
21
-46
67
-61
51
0
-70
87
-51
23
-39
54
-37
32
-56
44
17
-66
44
-5
24
-67
54
12
-48
37
-34
55
-47
-8
20
10
-35
24
16
-31
42
-72
82
-49
0
16
3
-30
61
-86
86
-48
-11
38
-34
31
-23
-2
4
36
-79
86
-62
45
-30
-13
73
-99
84
-62
26
36
-83
93
-75
48
-46
14
55
-73
64
-52
32
9
-39
8
46
-72
35
22
-30
17
-12
19
-36
62
-98
90
-53
20
1
21
-39
24
2
-17
26
-35
40
-44
38
-16
-13
37
-84
103
-69
26
13
-64
88
-63
44
-36
38
-16
-63
95
-59
38
-26
27
-17
-29
60
-60
62
-75
51
-1
-22
24
-52
91
-71
13
27
-47
56
-64
63
-36
-3
39
-78
55
6
-44
64
-14
-26
-4
45
-75
74
-39
2
25
-18
-16
54
-77
39
24
-66
30
38
-38
-13
89
-107
78
-43
19
-39
44
-25
8
5
21
-58
24
24
-67
83
-61
31
18
2
-38
-6
61
-71
42
-10
-38
52
-73
119
-87
50
-26
-27
68
-94
63
-9
0
26
-77
124
-119
38
84
-113
67
-54
38
-74
113
-115
81
-1
-34
56
-43
55
-85
36
55
-128
115
-73
4
45
-22
29
-7
-21
8
-12
5
-47
87
-61
7
100
-153
184
-187
109
-18
-61
43
-15
50
-70
106
-85
46
-72
62
-41
19
8
-17
27
-55
98
-131
120
-74
42
-64
92
-62
21
40
-78
85
-118
134
-140
172
-162
74
44
-140
128
-30
17
-71
106
-91
-10
83
-115
100
-7
-76
100
-44
-30
22
34
-32
-63
205
-210
105
37
-153
129
-85
62
-65
51
-24
-6
50
-63
91
-86
40
-34
46
-43
-12
88
-103
116
-108
46
-2
-13
4
7
12
-29
-5
40
-40
3
-18
57
-55
37
48
-97
112
-102
59
-45
12
0
-16
63
-86
137
-158
83
38
-135
141
-58
-71
112
-71
15
76
-85
45
-10
-4
-34
44
-33
27
-23
39
-49
23
7
-26
28
-5
-24
54
-47
7
22
19
-76
93
-73
-21
89
-155
131
-5
-87
146
-90
-10
61
-47
33
-38
14
38
-122
131
-46
-19
26
1
4
-82
106
-48
-7
37
34
-55
-34
97
-81
-2
39
-31
19
-14
-17
50
7
-33
-20
67
-73
-3
122
-189
143
-47
5
58
-135
107
-43
39
-36
-9
-2
-10
24
-12
65
-100
119
-77
29
-44
15
13
-75
177
-210
172
-31
-92
102
-21
-63
-11
78
-125
96
30
-83
99
-58
77
-108
75
-17
-80
129
-167
160
-130
138
-86
17
39
-46
-11
-2
60
-123
147
-123
101
-62
60
-83
104
-101
0
108
-93
49
-27
8
-19
-5
44
-77
68
46
-178
282
-302
222
-112
8
28
-8
-13
-52
220
-310
285
-164
58
-4
-83
97
-117
126
-116
109
-45
12
14
-19
20
-54
20
80
-122
48
43
-52
30
-12
3
35
-117
131
-36
-55
50
-20
17
-10
31
-26
-28
18
-26
46
8
-70
124
-135
96
35
-181
187
-112
-7
72
6
-117
130
-108
48
93
-104
58
-63
64
-91
64
30
-147
137
-42
-25
82
-55
8
-19
51
-82
50
29
-58
2
72
-31
-26
23
-12
-34
75
-85
106
-33
-111
199
-230
156
-37
-32
13
39
-27
-49
100
-37
-109
200
-175
44
78
-123
182
-160
67
-7
-48
46
-2
1
32
-37
-28
115
-117
-7
47
-16
-19
-33
125
-109
47
46
-131
120
-39
-72
113
-97
77
-69
61
-13
-83
196
-159
106
-47
24
-22
5
-24
-65
109
-101
11
57
4
-44
73
-122
95
-20
-41
-2
147
-159
24
219
-325
224
-62
-124
199
-111
-50
82
6
-82
121
-28
-61
40
48
-106
-76
259
-344
314
-90
-107
230
-180
9
117
-118
-71
214
-208
108
-68
107
-161
152
32
-228
304
-273
162
-55
-28
65
-9
-7
32
-28
-5
-33
25
26
-90
74
-26
-6
55
-14
-10
29
-109
137
-109
77
-69
-13
139
-206
186
-76
24
-53
82
-92
82
-72
59
-86
67
6
-111
202
-99
-43
88
-15
-28
-16
8
23
-100
123
-76
26
48
-138
188
-91
-46
85
-71
32
-45
102
-144
170
-151
107
-8
-97
82
-65
124
-233
273
-154
61
-6
-33
61
-99
84
-79
71
-65
49
16
-22
51
-72
50
-7
-56
-72
239
-288
155
66
-184
146
71
-176
77
115
-255
195
-56
-17
-29
82
-61
-17
111
-143
101
-5
-40
38
17
-70
110
-140
109
-112
38
57
-106
168
-127
18
29
15
-83
156
-195
56
42
-78
182
-230
271
-206
56
131
-252
224
-162
99
-148
172
-195
176
-38
-68
226
-201
79
-41
15
-117
160
-164
96
8
-14
61
-3
33
-129
122
-118
-8
38
-47
56
-7
119
-156
205
-181
-39
181
-234
62
91
-177
165
54
-183
265
-207
121
-93
-41
113
-158
138
-68
52
67
-107
96
-91
8
-5
8
-44
80
-90
108
-101
100
-51
-22
86
-143
92
-1
-121
244
-208
89
45
-108
112
-174
204
-146
44
85
-117
65
45
-101
42
15
-131
115
-4
-37
38
27
1
-23
52
-102
4
20
-44
19
114
-177
183
-75
-4
112
-198
261
-366
306
-241
191
-129
26
96
-45
-43
118
-81
-41
139
-251
308
-308
289
-283
202
-34
-88
130
-117
127
-120
124
-208
277
-344
277
-136
14
47
-43
170
-290
397
-445
321
-87
-113
133
-19
-100
107
-11
-130
264
-356
404
-326
172
-73
-1
60
-118
148
-159
158
-144
199
-213
173
-191
156
-4
-130
280
-399
386
-225
25
64
-142
181
-227
246
-128
62
-95
138
-143
21
91
-189
242
-208
71
109
-103
-14
95
-64
-26
124
-192
194
-113
-27
158
-206
171
-45
-125
209
-119
-22
135
-144
94
-79
81
-105
7
130
-219
182
-35
-21
32
-78
116
-192
206
-197
187
-99
36
27
-53
95
-157
145
-157
87
-13
-68
115
-106
39
101
-86
90
-45
-31
-46
52
-22
-17
43
26
-78
132
-83
11
107
-154
128
-132
93
-86
23
12
-6
-5
-8
22
-39
38
-39
35
-26
-15
75
-111
50
93
-134
104
82
-273
324
-196
-56
237
-214
72
16
-9
-2
42
-141
160
-142
60
62
-160
271
-389
410
-317
94
153
-287
345
-232
136
-124
147
-209
170
-19
-153
193
-111
24
-14
68
-85
65
-24
-23
52
-38
-97
185
-173
39
148
-292
304
-163
132
-129
147
-172
55
42
-125
142
-113
85
-61
150
-215
203
-140
24
111
-231
293
-234
98
51
-165
163
-55
-9
21
28
-63
27
58
-154
159
-42
-78
204
-190
123
-41
-34
53
-134
134
-173
205
-226
215
-151
46
34
-121
198
-161
53
21
23
-79
117
-216
259
-256
161
7
-161
295
-282
223
-59
-10
40
-114
158
-248
188
-59
-72
225
-263
247
-134
5
29
-69
6
69
-63
41
-19
16
-87
159
-123
-1
114
-213
273
-302
295
-144
-41
226
-355
341
-216
38
39
-110
42
98
-115
117
5
-133
93
-5
-120
163
-121
8
110
-225
311
-307
200
-82
28
31
-66
141
-186
208
-214
161
-82
-61
192
-251
243
-77
-12
146
-174
47
10
-117
103
-125
142
-103
109
-83
64
5
-35
46
-44
22
-64
116
-166
208
-135
50
88
-222
292
-203
33
121
-225
266
-295
237
-137
-62
255
-360
219
-2
-220
312
-284
191
22
-211
356
-412
361
-225
80
28
-93
44
-2
8
-40
106
-100
134
-147
82
24
-131
223
-280
340
-294
151
51
-261
349
-343
146
86
-279
323
-174
17
92
-188
202
-192
162
-63
-48
98
-40
-37
63
-13
-86
134
-92
-21
88
-107
82
-10
-12
79
-105
84
34
-152
184
-107
-55
182
-282
232
-191
76
1
-11
-1
106
-106
58
45
-117
185
-215
199
-200
163
-95
-23
182
-299
286
-231
163
-42
-32
19
27
-109
79
27
-79
104
-99
169
-178
162
-136
119
-61
46
-41
35
-21
-49
1
-47
59
-72
187
-242
303
-322
305
-256
144
60
-248
316
-331
181
-108
60
-91
137
8
-119
259
-258
165
-70
-60
110
-150
177
-244
292
-268
231
-22
-187
307
-284
170
-94
19
-59
-19
56
-89
44
53
-103
208
-192
144
-49
-50
49
-68
107
-170
259
-212
144
-40
23
-41
-24
85
-180
186
-166
125
-80
89
-109
139
-162
127
-87
8
3
-46
-10
39
77
-115
186
-179
246
-180
86
-24
14
16
-132
167
-147
87
-102
83
-103
118
-226
257
-81
-90
222
-251
307
-306
251
-297
155
-113
-44
177
-135
157
-93
175
-126
148
-138
89
-66
33
-65
100
-5
-108
250
-439
457
-423
279
-80
-64
219
-292
367
-337
278
-284
318
-351
265
-156
15
11
-135
245
-230
149
-198
160
-37
116
-146
186
-382
431
-368
324
-123
-19
170
-229
271
-319
442
-540
530
-322
152
-72
2
31
-25
49
-326
465
-639
603
-448
370
-229
96
-46
-57
213
-383
419
-497
475
-360
408
-129
5
215
-154
278
-278
116
-231
266
-374
403
-427
286
-103
-247
234
-367
301
-298
275
-92
56
-34
79
23
54
-189
168
-118
90
9
2
152
-233
77
-50
128
-69
-7
34
-30
86
-104
155
-268
257
-243
107
-112
-89
255
-141
292
-179
189
-101
54
-184
133
-81
-85
110
-233
94
26
16
67
-55
100
31
-37
-115
34
-191
40
96
-80
330
-182
35
99
-171
135
7
-54
-130
151
-151
72
-52
30
-25
113
-7
177
-29
-184
51
-233
313
-464
479
-343
154
-111
-49
126
-175
145
-264
444
-326
332
-200
30
60
-133
263
-291
405
-501
522
-551
242
-58
-131
442
-350
328
-215
207
-260
134
-191
61
-36
-119
78
79
0
40
250
-274
389
-276
203
-173
130
3
-202
239
-360
270
-122
3
202
-166
103
66
-75
-41
147
-138
125
-87
59
72
40
-104
23
133
-124
156
-132
-95
123
-17
-161
155
-238
114
88
-252
99
-89
96
-257
149
-279
-186
159
-227
263
-256
-6
68
-27
-134
20
86
54
189
-331
178
-186
274
49
-176
307
-302
316
-129
106
176
-96
114
69
-151
-35
25
56
117
6
189
25
87
9
-50
54
-64
-206
185
-211
-102
31
-160
55
-220
87
-79
-44
-20
65
181
-55
429
-115
308
-313
88
26
-76
75
-183
534
-435
282
-237
-9
-13
-135
-194
-97
33
-477
470
-487
430
-194
144
127
-302
375
-461
582
-228
3
250
-119
-3
-63
135
-15
470
-436
602
-178
24
25
-296
18
-258
30
-170
35
-108
-34
215
-198
179
-104
12
176
-103
266
-203
71
-24
-63
-38
-156
41
187
-13
180
-98
66
-48
-151
-57
-27
-59
-76
157
-93
95
16
109
192
157
16
-41
129
-403
266
-279
35
-24
-274
304
-146
167
170
-75
21
186
-13
297
-107
52
-206
-206
-59
-120
32
65
130
207
227
2
379
-237
150
-55
57
-105
-276
-80
-442
-253
-383
-318
-269
-268
-239
-79
-41
52
63
213
294
86
424
187
87
242
-88
7
-12
174
80
170
209
-94
136
-54
17
39
-138
-261
4
-181
17
168
77
187
22
447
241
625
306
375
330
190
200
151
48
-331
19
-388
107
-312
-108
-136
-282
-155
-340
-47
-372
-314
-396
-294
-214
-394
-215
-277
7
-213
27
35
-9
107
-27
169
-121
89
130
275
173
271
357
232
138
91
34
91
110
309
191
162
-121
-81
-179
-313
-160
-214
-43
-219
83
-221
32
-171
-55
-91
-92
-133
-412
-139
-396
-112
-341
-156
-167
-192
-142
-246
-66
-218
-57
-102
6
-151
-86
-78
-253
-33
-279
127
39
214
330
314
409
409
652
499
785
539
794
682
759
797
703
922
707
805
645
874
693
514
533
244
430
228
354
150
84
-72
-191
-144
-185
-33
-285
-162
-238
-275
-250
-371
-393
-670
-700
-769
-902
-851
-968
-1165
-1078
-1424
-1434
-1506
-1720
-1832
-2055
-1923
-1963
-1976
-1943
-1815
-1819
-1663
-1521
-1479
-1133
-898
-511
-300
-130
124
201
205
134
204
210
496
870
1283
1528
1969
2247
2567
2973
3272
3841
4154
4414
4579
4492
4466
4224
4036
3899
3682
3508
3111
2870
2449
2145
1922
1418
1157
669
376
-13
-599
-1004
-1745
-2374
-2970
-3465
-3231
-3239
-3020
-3069
-3356
-3363
-3653
-3674
-4022
-4182
-4665
-5023
-5658
-5830
-6633
-7268
-8196
-8737
-9214
-9531
-10447
-10676
-7879
-4233
2118
3191
3781
1289
1265
3521
5766
8460
8512
9509
10538
12565
13189
12313
9932
7803
6425
6949
7521
8075
7356
4890
2802
509
-406
-1727
-2807
-3845
-4200
-3401
-2582
-2104
-2298
-3242
-3514
-3120
-2154
-366
523
1089
1112
1360
2342
3326
3945
3401
2503
1358
739
417
-160
-1107
-2433
-3525
-4116
-4945
-5819
-7201
-9133
-10209
-11402
-11353
-11523
-11561
-11982
-13321
-14407
-15811
-11949
-7459
1083
4408
4838
3439
1902
5817
8321
12223
12461
13165
14485
16886
18489
17188
13419
9783
7387
7367
8070
7954
7196
3436
165
-3505
-5663
-6421
-7513
-7922
-8764
-8263
-7043
-5817
-4666
-4696
-4166
-3052
-1610
1029
2789
4036
4392
4144
4958
6421
8141
8736
7736
6065
4329
3309
2050
547
-737
-2516
-3108
-4291
-5393
-7242
-9685
-11754
-12952
-13063
-12360
-11992
-12184
-13214
-14305
-15498
-15918
-16489
-13861
-8673
-927
6279
7592
7539
4579
6170
9156
13250
16186
16894
18077
18997
19788
18538
15239
11426
8504
7499
7673
7381
6459
3798
-432
-4824
-8535
-9934
-10362
-10437
-10872
-11280
-10424
-9254
-7291
-5989
-4998
-3954
-2483
221
3418
5988
7008
7049
7208
8268
10031
11089
10791
8806
6374
4713
3767
2243
678
-1875
-3522
-4854
-6002
-6965
-9030
-11247
-13825
-14595
-14350
-12939
-12075
-11905
-12838
-14204
-15132
-15474
-15130
-14647
-9803
-3419
6272
10856
10543
7984
5277
8703
12424
17227
18692
18688
18698
18869
18572
15890
11511
7881
5773
5742
6075
5702
4157
-351
-5236
-9943
-12024
-11646
-10912
-10372
-10683
-10570
-9556
-8175
-6530
-5103
-3478
-1291
1199
4896
7580
9108
8855
8511
9224
10732
12362
12293
10868
7862
4996
2660
867
-700
-2498
-4498
-5599
-6638
-7500
-9214
-12051
-14430
-15920
-15238
-13630
-12000
-11662
-12255
-13880
-14930
-15738
-15468
-15595
-11498
-4413
5361
13455
12411
10298
4873
7197
11830
16855
20156
19552
19930
19471
18943
16003
11193
7650
5593
5808
6340
5829
4496
-23
-5618
-11015
-13456
-12221
-10388
-9651
-10352
-11396
-11049
-10088
-8082
-5820
-3844
-1515
261
3540
6706
8648
9079
7978
8563
10621
13239
14256
12780
9269
5180
2308
652
-284
-1106
-2924
-4535
-6043
-7697
-9202
-11610
-13614
-15094
-14649
-13045
-10912
-10092
-10842
-12719
-14880
-15907
-15766
-14621
-12910
-6495
1042
11304
14186
11360
6331
2855
8319
13727
20059
21001
20051
18791
17310
15522
11162
7444
5157
5133
6380
6251
5306
2079
-3585
-9345
-13399
-13100
-10069
-7736
-7643
-9119
-10594
-10554
-9492
-6935
-4150
-1380
696
2316
5114
7383
8738
8285
7733
9035
11720
13784
13525
10611
6212
2327
131
-413
-268
-886
-2851
-4915
-7097
-8644
-10318
-12166
-13422
-13534
-12308
-10375
-9637
-10234
-12368
-14704
-16074
-16169
-15203
-13977
-7566
-227
10570
12937
9239
3896
678
7371
13257
19609
19785
18748
17827
16656
14905
10462
6565
5073
5750
7798
7464
5571
1794
-3936
-9020
-12457
-11171
-7765
-5287
-6083
-8685
-10678
-10805
-9430
-6571
-3390
-179
1911
3004
4801
6181
6542
6124
6499
9104
13068
15060
14037
10138
4875
1030
-837
-497
560
361
-1587
-4703
-7931
-10328
-11936
-12907
-13147
-12514
-11244
-10054
-10247
-11410
-14025
-15845
-17396
-16416
-15545
-11753
-4335
4160
12718
9784
5049
-1084
1641
10106
16953
21068
19314
17880
16691
14997
12431
8075
6285
7030
8939
10255
7762
4566
-793
-6196
-10048
-11054
-7682
-4000
-2840
-5154
-9190
-11221
-11271
-8781
-5102
-1569
1553
2342
2693
3215
3665
4007
4106
6167
9943
13770
14292
11212
6057
1106
-1252
-1391
152
1394
552
-2377
-6264
-9558
-11132
-11801
-11588
-11102
-10071
-9134
-9267
-10585
-13350
-15439
-17460
-16940
-16138
-10733
-2619
6810
12505
7650
1384
-4346
1140
10748
18592
21159
18272
15996
14878
13739
11229
7444
6537
8113
11194
12095
8885
4133
-2280
-6950
-9880
-8885
-4798
-1249
-858
-4311
-9168
-12098
-12089
-8833
-3883
253
2534
1938
830
393
680
1211
2084
4907
9266
13114
13096
9120
3101
-1439
-2758
-958
1841
3357
1778
-1984
-6660
-10331
-11399
-11353
-9397
-8363
-7256
-7702
-9531
-12343
-15727
-17864
-18037
-16937
-11034
-2955
7150
12121
6870
-767
-7941
-2602
7840
18321
22370
19243
15080
11536
10150
8781
7281
7845
9736
12703
12791
9242
4001
-2332
-6258
-8411
-6994
-3071
482
712
-3185
-8556
-11809
-11390
-7219
-1642
3101
4685
2477
-708
-2286
-1299
869
2848
5315
8569
11288
11047
6972
1135
-3287
-3641
-844
2477
3437
548
-3903
-8456
-11240
-11601
-10532
-8183
-6947
-7424
-9682
-12179
-13800
-15419
-16228
-17747
-13479
-5296
5399
11972
7104
-126
-7513
-3696
5865
15333
20348
18351
15089
11635
9574
8270
6649
7761
9549
11997
12142
8945
5178
-257
-3921
-6096
-5729
-2293
582
1342
-1902
-7071
-10532
-10695
-5933
48
5050
5784
2392
-1313
-3193
-1627
1057
3555
5702
7241
8478
7701
4968
915
-2911
-3610
-2244
1251
2733
498
-4439
-10168
-12706
-12277
-9855
-7227
-6602
-7606
-10969
-13745
-15741
-15491
-15196
-13848
-8649
-1000
8451
9119
4073
-4167
-5993
1163
10699
18519
19359
16560
12744
9388
7805
6825
7990
10492
12475
12243
8714
4849
1043
-1392
-3229
-4162
-2969
-872
781
-654
-4733
-9402
-11763
-9805
-3923
2726
6579
5116
320
-3384
-3627
-394
3533
6810
8592
8488
6843
3836
1132
-905
-1466
-225
1301
2433
619
-3351
-8017
-11506
-11956
-10700
-8308
-6662
-7037
-8847
-12472
-15347
-16678
-15990
-14161
-10923
-5276
947
7068
5164
407
-4609
-4005
4440
13196
19432
19513
15875
11668
8223
7296
7680
10261
13303
13892
12248
7322
3151
-168
-1860
-2205
-2566
-1007
-294
-285
-2841
-7127
-10320
-11125
-8013
-2795
1837
4092
1656
-2267
-4810
-3929
550
4966
8211
8987
8309
5827
2735
611
-270
1054
2871
3821
3205
250
-3635
-7488
-10090
-10159
-8993
-6632
-5749
-6709
-9476
-13184
-15135
-15832
-14498
-13045
-12100
-8444
-4121
3049
5354
2086
-3016
-6388
6
8622
16888
19363
16299
12444
8173
6626
7249
9664
13457
14629
13496
8710
3942
1275
294
1232
388
-30
-950
-1529
-2325
-4800
-7285
-9522
-9122
-5638
-1001
2738
1958
-2250
-6394
-6874
-2408
3643
8387
9324
7621
4935
2688
2152
2270
3028
3786
4113
4108
2395
-584
-4203
-7412
-8696
-8180
-6593
-5217
-5502
-7596
-10646
-13795
-14999
-14516
-12757
-11243
-11136
-9690
-6757
-1107
2354
1515
-1407
-3966
-254
5850
12513
15815
15038
12476
8737
6803
7041
9494
12886
14316
13215
9192
4718
2014
1289
2549
2663
1994
267
-1424
-2479
-4284
-6094
-7570
-7251
-4523
-1144
1187
294
-3144
-6119
-6295
-2477
2425
6050
7211
6377
4603
2335
838
947
2731
4900
5798
4807
2335
-975
-4154
-6410
-6800
-5703
-4038
-3070
-4086
-6607
-10044
-12738
-13153
-11761
-9349
-8551
-9575
-11558
-11719
-8336
-2926
1857
2213
353
-1962
-742
3512
8409
12051
12619
11246
8865
7003
6770
7873
10220
11942
11691
9114
5540
3372
2950
3663
3647
2696
1434
101
-1150
-2845
-4139
-4544
-3675
-2234
-1240
-983
-1744
-2903
-3557
-3069
-1415
749
2521
3697
4120
3654
2081
379
-258
1264
3786
5199
4252
1112
-2268
-4415
-4928
-4254
-3113
-2238
-2418
-4032
-6608
-8817
-9559
-8525
-7063
-6426
-6948
-8192
-9278
-10016
-9954
-8122
-4640
-538
2196
1944
559
-1199
-565
1907
5631
9270
10768
10197
7532
4978
3862
4758
7309
9511
10272
8714
5813
3218
1805
1998
2651
3062
2392
1276
477
103
-336
-1550
-2757
-2833
-1392
328
904
-119
-1683
-2621
-2425
-948
846
2546
3212
2414
1053
-164
-232
568
1584
2048
1729
442
-1361
-2606
-3171
-2709
-2499
-2785
-3034
-3279
-3103
-3763
-4815
-5914
-6176
-5386
-4480
-3779
-4393
-5280
-6650
-6958
-6395
-4518
-1862
-13
1063
-271
-1350
-2286
-880
1738
4121
5494
4708
3551
2068
1666
2266
3888
5985
7131
6925
5015
2779
1598
1954
3653
5133
5568
4666
2813
1209
209
568
1494
2587
2993
2538
1565
288
-820
-1564
-1495
-617
726
1415
1021
-58
-1294
-1814
-1853
-1250
-367
502
586
-224
-1426
-2284
-2218
-1590
-900
-536
-667
-1321
-2264
-2948
-2894
-2107
-1306
-807
-891
-1282
-1715
-2308
-2584
-2818
-3033
-3197
-3409
-3528
-3592
-4166
-4160
-3966
-2838
-1829
-1739
-1906
-2895
-2700
-2211
-594
982
1902
2131
1271
932
1018
2181
3856
5313
5896
5195
4212
3607
4181
5168
5843
5845
4865
3960
2884
2682
3097
3681
3947
2859
1726
244
-407
-1026
-1527
-1570
-1801
-1712
-2233
-2417
-2174
-1760
-1245
-1221
-914
-614
-59
357
241
74
-501
-716
-740
-320
297
762
1038
696
46
-749
-1064
-722
7
375
-111
-1199
-2169
-2533
-2211
-1854
-1909
-2671
-3739
-4571
-4685
-4135
-3641
-3579
-3929
-3878
-3207
-2053
-1614
-1840
-2425
-2208
-950
463
1666
2107
2408
2399
2333
2074
2221
2900
3917
4885
4998
4610
3759
3135
2867
2769
2728
2647
2588
2559
2408
2043
1282
452
-437
-850
-1115
-1328
-1408
-1587
-1469
-1575
-1487
-1180
-454
441
1018
1226
1106
1126
1254
1422
1408
1160
1080
996
920
587
159
19
145
395
128
-466
-1182
-1517
-1540
-1636
-1899
-2261
-2484
-2482
-2173
-1708
-1375
-1465
-1795
-1995
-1708
-1029
-335
140
179
-117
-851
-1652
-2253
-2322
-1687
-738
153
335
-68
-952
-1576
-1869
-1608
-1020
-211
435
482
76
-713
-1001
-780
125
1066
1497
1490
1081
905
941
1181
1746
2226
2611
2591
2243
1882
1491
1218
929
960
1346
1941
2286
2086
1457
752
417
540
1080
1651
1904
1718
948
117
-499
-576
-474
-385
-478
-503
-366
-424
-663
-1191
-1464
-1388
-913
-394
-17
126
51
-203
-634
-931
-839
-152
711
1286
1184
783
394
187
68
-72
-55
-18
140
33
-246
-768
-1434
-1961
-2329
-2254
-2279
-2442
-2831
-3196
-3124
-3100
-2908
-3072
-3037
-2819
-2403
-1669
-1254
-861
-835
-742
-400
230
1020
1547
1890
2061
2331
2758
3144
3214
2975
2675
2648
2909
3228
3238
2827
2209
1438
905
586
732
919
792
276
-487
-921
-1029
-727
-268
134
151
-263
-877
-1087
-733
-38
464
576
517
310
222
39
1
56
184
417
482
650
518
231
-201
-561
-415
-21
496
547
71
-645
-1272
-1380
-1156
-722
-495
-643
-941
-1215
-1244
-1151
-1021
-869
-617
-247
9
-15
-424
-778
-831
-420
207
559
532
216
-95
-384
-570
-515
-112
527
828
485
-343
-1136
-1369
-1150
-554
-68
92
-90
-535
-835
-1079
-1049
-919
-559
-66
242
346
-5
-338
-401
-49
471
784
1016
1182
1389
1470
1294
1066
991
1225
1660
1883
1813
1466
1164
1007
835
444
1
-33
302
604
294
-440
-1042
-1171
-943
-688
-678
-721
-728
-565
-340
-112
37
16
16
53
403
894
1378
1548
1356
961
586
647
1040
1639
1981
1782
1071
29
-685
-788
-285
254
351
36
-522
-981
-1426
-1814
-2106
-2176
-1960
-1647
-1393
-1416
-1651
-1917
-2138
-2151
-1930
-1466
-893
-607
-688
-1100
-1425
-1357
-1043
-657
-313
29
342
468
327
-7
-322
-357
-52
498
916
922
646
328
216
267
453
720
1135
1477
1513
1188
750
556
742
1197
1580
1762
1661
1401
1038
740
618
824
1243
1647
1814
1620
1112
404
-239
-414
-21
732
1154
950
253
-464
-663
-531
-265
-168
-151
-157
-335
-593
-770
-594
-164
124
24
-441
-809
-848
-651
-437
-459
-452
-541
-602
-808
-1010
-1048
-960
-758
-781
-907
-1232
-1471
-1571
-1528
-1397
-1294
-1253
-1267
-1329
-1398
-1321
-1059
-612
-277
-141
-173
-127
26
234
486
788
1142
1544
1650
1446
1128
1038
1299
1704
2020
2056
1837
1523
1244
1032
882
857
960
1042
998
594
157
-195
-276
-135
14
88
-149
-578
-1010
-1164
-957
-521
-84
35
-188
-615
-929
-918
-667
-256
145
512
588
294
-192
-485
-399
-14
446
752
825
587
111
-347
-530
-294
90
208
-73
-486
-621
-494
-316
-381
-500
-571
-428
-277
-275
-440
-626
-594
-424
-229
-121
82
268
322
147
-152
-203
5
384
666
779
719
569
427
249
220
241
303
253
180
170
177
112
-111
-307
-430
-426
-296
-170
-119
-233
-409
-554
-617
-504
-221
63
137
-72
-362
-509
-411
-238
-148
-61
63
213
221
82
-96
-173
-173
-131
-95
-67
10
124
197
239
202
170
138
236
448
612
633
440
246
188
375
642
824
835
758
626
453
375
322
326
301
295
268
240
153
25
-128
-238
-204
-68
19
-166
-462
-744
-729
-563
-378
-335
-418
-562
-721
-738
-643
-517
-552
-725
-820
-599
-251
31
4
-252
-465
-564
-447
-243
-22
103
49
-100
-280
-320
-257
-239
-231
-230
-126
-24
53
78
23
-14
-35
29
180
411
637
691
610
441
384
500
649
784
824
839
797
798
766
675
639
684
887
975
914
732
473
326
262
358
558
616
411
37
-263
-361
-337
-370
-452
-468
-439
-485
-612
-761
-892
-1047
-1087
-987
-780
-611
-561
-655
-859
-1024
-1093
-962
-680
-366
-159
-176
-315
-449
-490
-412
-287
-184
-81
65
210
279
114
-164
-327
-292
0
275
453
436
203
-19
-132
15
330
629
776
770
664
566
514
594
802
928
923
826
803
821
800
672
522
498
593
711
681
500
172
-81
-230
-194
-110
-33
-131
-394
-708
-917
-856
-662
-460
-458
-606
-712
-674
-554
-455
-479
-545
-594
-523
-383
-219
-81
-69
-118
-207
-205
-130
26
140
157
72
-2
-56
-48
-73
-60
-58
1
83
122
16
-162
-310
-318
-173
47
223
226
113
4
76
267
511
592
508
282
221
383
695
891
828
639
513
555
658
660
529
383
284
237
234
238
273
177
-118
-477
-705
-641
-394
-180
-221
-511
-827
-1038
-960
-727
-495
-430
-476
-554
-518
-435
-387
-387
-341
-193
-18
55
-37
-114
-68
50
114
138
169
218
205
94
-63
-144
-139
-79
-34
-40
-55
-83
-88
-111
-70
-19
13
83
199
387
476
444
273
202
346
674
940
1020
917
761
702
670
709
664
646
553
459
282
168
111
-8
-205
-495
-606
-551
-395
-318
-417
-560
-726
-805
-872
-794
-626
-350
-153
-157
-332
-531
-545
-415
-213
-54
-14
-85
-213
-300
-267
-190
-100
-56
-75
-93
-109
-150
-206
-222
-169
-111
-21
65
127
112
8
-133
-142
-14
243
512
597
521
339
268
304
425
586
772
892
894
754
593
535
540
563
470
368
314
298
278
128
-20
-212
-295
-348
-418
-446
-456
-392
-440
-545
-703
-790
-772
-775
-701
-687
-499
-321
-199
-185
-207
-118
-4
132
165
138
56
70
166
295
406
407
323
219
209
206
148
28
-68
-102
-34
-25
-110
-219
-267
-182
-110
-91
-116
-170
-147
-72
58
156
178
199
259
359
522
556
536
438
424
504
508
497
358
281
210
159
70
-111
-228
-322
-325
-349
-425
-522
-633
-636
-592
-547
-590
-645
-690
-650
-575
-454
-341
-229
-151
-132
-126
-110
65
192
294
333
286
300
306
414
427
424
351
325
378
326
281
116
41
17
18
33
60
130
149
110
15
-54
-57
-28
74
220
315
371
303
265
261
300
384
454
449
457
353
234
160
132
155
77
29
-75
-155
-293
-407
-487
-484
-421
-406
-425
-437
-545
-620
-691
-637
-463
-431
-387
-449
-515
-460
-395
-246
-160
-94
-37
-17
27
-41
-16
36
45
148
157
170
200
257
245
129
107
50
125
85
101
119
159
151
82
61
-64
-86
-57
52
110
171
230
280
269
276
281
295
407
502
603
645
651
693
648
617
550
544
526
515
395
222
77
75
96
65
-5
-206
-292
-459
-533
-553
-519
-467
-536
-672
-851
-935
-927
-842
-720
-674
-558
-499
-460
-389
-367
-396
-371
-288
-184
-3
18
179
127
119
68
19
143
163
267
288
255
262
173
138
143
139
115
53
39
0
80
59
184
132
41
-38
-108
30
76
161
27
74
89
127
178
165
281
344
409
239
169
249
452
714
733
567
374
224
159
109
317
411
569
447
119
-114
-305
-183
-221
22
-11
-157
-168
-555
-525
-749
-765
-587
-601
-309
-416
-404
-625
-584
-500
-461
-218
-210
5
-36
-3
0
-33
-29
7
113
222
304
275
307
198
197
285
221
331
94
-167
-267
-455
-204
-140
119
143
124
69
-149
-109
-197
-137
-114
12
30
104
61
-76
75
101
215
274
253
296
289
443
440
434
416
205
183
214
247
259
199
43
49
44
61
59
86
-150
-215
-343
-406
-269
-425
-344
-391
-325
-259
-169
-61
-52
78
-122
-130
-148
-117
128
184
476
433
420
513
311
186
34
-115
-310
-299
-492
-326
-138
-142
-169
-169
-436
-392
-175
-326
-254
-345
-332
-49
112
210
230
51
28
51
218
262
348
420
546
440
492
284
59
-58
93
-77
-169
-55
-218
7
-40
-146
-322
-492
-492
-359
-380
-175
-257
-180
-220
-298
-115
-197
-131
74
110
155
178
218
170
70
272
260
389
493
265
385
256
248
487
455
514
583
237
119
-53
-218
3
-5
60
111
1
21
-180
-271
-317
-404
-186
-61
51
-36
-152
-159
-424
-189
-204
-83
73
103
132
5
125
-70
64
-1
-148
164
-27
106
225
-73
-15
-111
-175
-185
-182
-185
-380
-339
-561
-479
-391
-349
-91
-306
-213
-329
-83
-123
3
251
75
455
394
312
351
113
272
178
144
227
97
400
321
372
357
122
108
-7
68
-206
-64
-45
-110
94
-26
114
-38
-24
3
-153
51
-28
-78
178
-186
260
311
126
682
51
226
-113
-149
-28
-185
410
127
357
185
-165
-290
-362
-658
-23
-267
-88
204
-455
25
-289
-462
-126
-624
-248
-227
-284
57
-108
-24
-290
-242
-266
-381
-47
-107
-104
183
-65
140
169
57
64
-90
-73
-54
261
365
511
653
335
634
103
227
-8
-127
241
119
571
394
493
-10
-37
-134
-381
-32
-145
-290
69
-294
-22
-61
-29
118
-59
129
-221
-40
-159
24
42
383
279
158
145
19
201
246
243
183
-62
325
21
1
135
-370
76
-370
-164
-111
-332
-301
-403
-604
-591
-496
-112
-147
223
19
-194
-366
-495
-210
-479
-126
-69
53
100
-33
-42
123
-53
263
213
60
261
183
271
227
326
333
244
190
47
173
-16
131
255
250
425
196
315
-181
-139
-30
-372
-26
-178
96
242
152
124
-144
-244
-212
-257
1
-247
-18
156
0
183
319
-126
98
-390
-370
23
-412
488
-159
224
260
-175
288
-155
-415
240
-283
-108
283
-293
166
-163
-232
83
-426
157
-234
-107
60
-237
197
-149
-126
-144
58
-73
293
314
130
400
78
-96
-56
-26
59
581
214
375
122
-140
143
-76
156
102
-69
33
-320
-401
-169
-581
-61
6
-111
269
-15
-169
276
-369
325
307
-105
542
-325
358
89
36
352
-326
195
-212
-126
415
-172
319
-284
-477
-206
-385
-139
-207
198
-450
-107
-174
-396
-12
79
-55
66
-65
-59
1
24
41
145
318
198
400
-4
253
-328
254
-171
-189
573
-157
371
48
-107
20
-389
526
-214
531
492
-279
578
-180
-216
198
-796
365
-317
-252
667
-495
497
-125
-247
-83
-137
243
-158
131
97
-169
353
-95
122
-2
-87
-180
-86
222
-240
427
-321
51
-148
-366
-349
-411
-392
-410
-115
-63
-280
183
99
-406
57
-252
-285
-251
293
144
385
485
243
272
24
-92
-31
94
232
383
513
40
558
-34
72
-107
-227
-16
-356
201
113
-294
355
-359
15
94
-314
86
67
-211
208
-100
44
200
81
440
27
326
-71
114
34
235
182
201
172
-141
78
-149
-179
184
-137
-295
-33
-486
-231
30
-204
-106
-31
-263
-225
-45
-244
-207
-17
13
-510
230
-460
17
108
4
53
-257
13
-141
-42
201
-76
172
244
-68
49
72
67
-24
508
-336
206
-8
13
107
373
-140
113
72
-185
174
126
-146
147
322
-327
500
-263
346
-177
113
6
-251
14
126
-72
36
162
-226
364
-8
232
164
34
48
119
154
-239
89
77
-541
568
-208
-157
288
-723
232
-579
124
-200
-193
183
-275
118
-57
-257
14
-239
-115
97
-349
266
-338
253
-115
-27
-136
75
-344
297
-410
-88
69
-119
38
103
298
-432
461
-441
-49
352
-30
284
376
149
375
32
286
-181
215
-59
118
361
-161
507
-220
195
15
-255
607
-504
377
-166
57
-12
-66
159
-230
129
100
-338
318
138
-339
356
-127
-402
135
-321
-218
10
-318
399
-558
132
2
-400
143
-147
-113
-202
41
-142
-126
50
-234
176
-225
-26
265
-326
225
-141
-14
31
-49
247
-247
195
-23
-118
-76
141
-163
6
370
-98
153
252
-150
328
-86
213
209
37
178
161
281
-103
484
-69
63
272
-229
97
-244
-97
-63
-80
200
-152
132
-142
-111
-43
-160
-35
76
-324
301
-92
-3
229
24
-162
141
65
-361
343
-169
17
-55
-295
13
-374
-139
-221
-67
-202
34
-46
41
-302
32
-136
-53
-130
159
-174
-15
-78
20
170
-116
455
-230
315
-22
-46
274
-105
103
220
84
-100
331
-131
33
118
141
133
-77
411
-377
284
-95
-20
458
-90
447
35
-132
8
-165
-95
78
0
466
-14
260
136
-331
327
-578
392
128
-428
751
-685
71
72
-491
274
-416
-107
-168
-266
-76
-333
-9
-252
-91
98
-222
97
-265
-102
44
-240
230
-170
72
98
-189
251
-374
326
-274
67
215
-118
150
-12
180
-77
-26
-81
-169
208
-147
363
-194
290
107
-76
557
-533
452
25
-370
892
-410
148
259
-384
405
-214
200
238
-271
369
-247
-48
219
-227
179
31
-211
318
-358
133
64
-279
475
-306
189
-27
-117
128
-185
-22
-247
-109
32
-194
67
-2
-114
-197
-25
-133
-236
174
-411
264
-311
59
161
-444
388
-254
216
278
-261
573
-385
295
127
-132
240
-145
164
14
-161
358
-391
422
-164
-37
270
-381
267
-162
-132
-35
185
-413
360
-273
-12
4
-343
328
-405
101
72
-434
228
-147
-5
265
-151
412
-170
435
10
180
391
-168
418
-9
52
43
87
-191
72
140
-252
265
-20
-204
145
-206
-173
-71
-196
30
-125
68
-95
-117
-228
92
-286
151
-39
-122
318
-160
298
101
-25
23
147
-18
20
71
-81
-131
137
11
-195
304
-117
-86
29
-153
-90
-124
164
-311
163
-230
-407
459
-439
14
174
-380
387
-177
223
-12
-240
517
-404
336
-19
18
148
-74
215
-96
104
-180
190
34
-143
173
-156
-31
104
-125
146
-280
89
-145
125
-26
-211
344
-424
174
219
-152
175
-93
262
43
-23
424
-429
300
-45
-3
131
135
-20
177
21
-95
-82
0
-33
-183
391
-400
193
-2
3
61
-246
100
-583
241
-249
-192
322
-547
293
-252
-19
199
-461
445
-379
84
84
-125
398
13
115
224
-142
146
-344
340
-222
4
299
-257
155
-130
-90
-102
50
-216
70
-77
-118
13
-99
-2
-107
-55
49
-103
289
-130
303
22
70
319
-112
510
6
234
108
60
-140
-17
209
-365
537
-274
76
193
-223
115
-307
28
-158
-74
189
-310
144
-244
-231
184
-483
350
-108
-28
80
-26
-19
-117
168
-171
-108
269
-323
337
68
-97
265
-174
119
-25
-60
24
-18
-110
-31
-31
-88
-49
71
-347
264
-310
-1
-59
-191
137
-147
130
-29
155
7
-60
185
-236
158
177
-111
232
57
-109
251
-217
93
200
-346
647
-328
249
109
-298
335
-548
335
-96
-187
212
-201
9
-3
-26
109
-191
169
-191
-82
288
-341
330
-140
-108
68
166
-188
242
275
-338
364
-51
-63
-53
116
-158
107
149
-218
638
-585
313
107
-729
561
-433
-211
237
-259
161
-18
-153
288
-382
200
-11
-65
88
-372
324
-252
-45
542
-381
314
162
-286
478
-446
152
-8
-319
184
27
-149
71
-41
-153
-121
186
-316
132
20
47
331
-120
223
-185
71
-113
99
-153
54
139
-96
154
148
-229
279
-73
-170
414
-498
290
-66
-101
-54
-71
-209
36
5
99
42
153
-23
-78
29
-44
-11
-149
154
-268
12
134
-215
80
81
-127
212
77
45
67
-27
-31
-32
-29
-45
12
140
-36
99
31
-20
335
-285
229
88
-524
624
-453
108
244
-493
369
-250
-96
227
-244
70
19
-176
128
-444
256
-485
210
-102
-192
151
-385
232
-102
129
-289
618
-291
167
411
-105
217
-33
176
19
-208
386
-130
7
226
-147
60
-35
-105
-48
28
-134
125
-229
223
-425
130
-8
-348
285
-133
14
101
-244
335
-17
-76
438
-421
345
-51
60
1
-131
77
4
-235
446
-387
327
-104
-83
230
-263
155
-82
124
-234
194
-189
-33
-91
178
-363
340
-197
162
-234
214
-164
-100
239
-410
276
-21
-31
-31
221
-244
28
150
-276
239
94
-164
416
-190
104
22
-143
343
-269
266
5
-383
316
-343
6
150
-276
-29
-213
94
-248
28
98
-53
9
89
20
-219
349
-464
241
78
-112
187
132
-135
319
-46
-25
206
-90
121
-85
70
-138
7
199
-196
-75
209
-417
261
-350
345
-418
375
-209
-105
425
-485
667
-568
486
-226
-67
329
-254
121
294
-313
339
-55
-69
14
19
-30
-137
258
-223
236
-114
91
-140
-54
-47
-146
199
-286
220
-220
92
-206
69
-163
-120
129
-242
44
39
-146
250
-262
260
-99
43
139
5
-2
30
57
-201
298
-177
172
-192
182
-182
67
22
36
4
108
80
-30
71
-169
67
-190
94
108
-30
211
52
-162
132
-65
-124
280
-284
310
-223
-64
229
-270
287
-322
246
-140
-125
263
-12
-53
96
-123
-60
-175
61
144
-238
269
-94
-160
227
-220
149
-199
257
-126
-44
274
-483
354
-51
-17
66
-155
131
-70
61
18
-80
-158
277
-405
271
-225
-38
40
-153
118
-161
105
-85
167
-86
51
-43
-13
142
-63
111
239
-360
408
-70
-234
413
-285
246
-31
-54
-100
126
-61
-56
102
-136
109
-170
-93
101
-254
155
-80
144
-7
-206
455
-398
94
150
-198
264
-162
142
124
-221
88
214
-508
343
53
-119
170
-40
130
-141
-14
-136
130
-314
189
-30
84
-174
229
-83
15
-40
-117
354
-276
184
77
-196
-49
199
-257
126
-60
182
-264
245
69
-341
529
-394
83
19
-42
39
-228
279
-223
-112
391
-404
214
-119
155
-4
-174
480
-353
239
28
-207
59
-114
-239
115
-91
-170
209
-160
199
-246
279
-77
-73
258
-169
152
-207
410
-442
482
-75
-173
457
-443
254
20
-129
0
-2
130
-213
49
106
-456
314
-106
-96
315
-441
387
-295
-60
119
-267
244
-295
303
-91
-132
310
-237
193
-60
40
372
-666
638
-141
-258
451
-363
262
-280
364
-213
56
45
-119
130
-39
82
-121
123
-299
254
-227
-50
180
-58
-33
54
-8
6
-197
143
-24
-117
104
66
-162
-57
185
-294
136
92
-88
-159
379
-352
330
12
-306
328
-255
-109
219
-167
5
9
210
-369
228
207
-397
428
-84
-136
-2
219
-207
174
-37
-88
245
-233
413
-326
213
-66
-20
75
-112
131
-243
364
-355
388
-236
-93
160
-101
73
-161
353
-444
38
400
-531
221
141
-331
205
-85
-204
222
-54
-56
271
-150
-43
214
-174
-30
108
-154
36
63
22
-98
147
-207
243
23
-92
186
-292
103
-158
112
-21
-246
369
-397
112
201
-452
331
68
-256
385
-261
72
26
-231
303
-257
158
143
-84
91
61
-304
243
-193
49
59
77
-4
-247
301
-389
163
49
-22
-56
6
13
-41
-126
146
-207
71
271
-322
625
-497
242
77
-211
55
106
-36
-18
166
23
-74
71
-16
-10
-94
42
75
-354
380
-344
22
34
-59
9
64
-102
183
-175
137
-162
13
168
-135
206
-167
89
-139
304
-334
351
-172
130
-113
-15
-48
-87
142
-262
215
36
-179
188
-159
26
17
80
-55
6
33
-55
33
34
33
-91
-8
22
-173
202
-149
296
-226
283
-84
-119
278
-358
427
-406
238
26
-229
146
-78
-126
122
-98
106
-113
54
-5
13
42
-86
219
-247
59
-63
-13
-374
441
-419
81
292
-348
579
-470
438
-107
-75
180
-218
70
3
118
-60
84
172
-191
172
-46
52
-206
314
-251
66
172
-443
368
-214
-167
236
-69
-201
371
-155
-43
93
78
-203
-10
297
-527
345
-212
-15
178
-156
109
-16
-4
107
-131
88
-116
65
22
-215
315
-319
230
-180
-65
224
-414
319
-105
-105
254
-225
53
-83
-34
171
-215
313
-310
85
187
-336
278
38
-230
265
40
-204
282
-117
86
120
29
-167
113
80
-374
481
-357
26
215
-160
215
-293
165
-158
-78
203
-169
70
-8
137
-79
197
-313
177
-91
-133
277
-301
171
-90
195
-199
228
-56
-59
69
-132
174
-192
-123
228
-193
45
109
19
-70
125
10
-90
-109
39
169
-345
607
-385
208
21
-245
199
-137
2
87
5
-77
178
-215
29
-96
38
-138
91
-225
357
-296
177
136
-385
417
-139
-72
111
68
-164
218
16
-73
103
38
113
-350
388
-433
260
-164
-214
419
-551
473
-214
-51
59
6
-41
-22
48
-55
121
75
-63
129
-230
-59
130
-161
84
95
-203
220
127
-289
405
-432
209
-148
27
140
-483
586
-465
160
245
-320
319
-81
-158
204
-267
77
39
59
91
139
-55
10
-44
89
37
-196
312
-351
142
-126
-62
176
-251
216
-50
-34
-33
-13
-75
68
-153
119
-124
50
-44
40
42
-66
240
-277
197
-56
-9
-124
53
-57
-50
313
-262
132
-135
115
-184
174
29
-243
395
-313
129
84
-130
114
-166
243
-197
44
188
-304
241
-138
201
-200
145
-33
-170
267
-210
250
-240
422
-346
205
-64
-158
167
-240
359
-437
417
-257
48
288
-299
260
-70
-149
225
-241
49
51
-211
165
-107
161
48
-211
212
-109
-166
141
1
-220
269
-60
132
-154
-56
266
-566
370
-44
-209
175
67
-274
324
-322
239
86
-278
497
-273
-159
334
-292
-93
325
-295
262
-8
-52
29
-134
110
-171
88
-193
181
51
-118
112
-24
-12
-62
124
-42
45
65
4
26
-23
-8
-52
-32
180
-96
7
190
-303
341
-298
239
-192
-33
190
-547
540
-399
116
58
-105
38
-6
-81
-7
70
-274
504
-514
394
-130
-134
401
-478
517
-271
18
-12
-115
219
-303
428
-157
17
106
-40
-91
53
88
-200
166
-55
-40
57
-38
119
-186
48
122
-99
-4
-66
89
-205
309
-324
139
55
-171
121
-88
76
-160
296
-243
163
71
-258
261
-206
138
-139
125
7
-272
321
-266
129
8
36
75
-79
153
-168
120
-120
17
41
-116
138
-68
101
-179
235
-74
-44
47
47
-116
-15
2
-4
-140
15
120
-114
62
236
-236
82
24
-45
6
46
-5
-110
121
-178
189
-30
-67
230
-151
138
-198
235
-192
-105
393
-438
364
-120
-44
99
-280
199
-84
-241
448
-394
165
-60
-176
340
-390
369
-128
32
143
-256
236
-84
-119
296
-392
191
62
-163
209
-239
253
-248
-5
218
-327
180
-71
-97
319
-346
302
-99
-113
111
-15
-39
34
165
-198
233
-157
184
-85
-14
48
-75
83
-129
184
-56
-85
322
-345
175
33
-88
206
-275
253
-185
161
-119
72
-50
-2
-76
115
-199
153
50
-258
351
-366
237
-116
-28
15
-172
152
-185
128
22
-187
283
-64
7
86
-183
151
-158
60
81
-100
-57
244
-154
109
-97
-30
53
-160
216
-194
228
-99
9
50
-142
127
-138
51
69
-158
147
-165
105
-17
-43
5
-72
105
-150
173
-179
82
-1
1
97
-20
147
-148
141
-47
-74
109
-128
112
-55
52
43
-29
-82
101
-63
-156
295
-317
37
41
7
11
-151
278
-301
35
211
-255
115
108
-90
1
78
-29
3
12
88
21
-93
30
-8
-50
-26
106
-65
77
-146
202
-112
-42
93
-124
213
-304
214
-81
-67
115
47
-118
59
141
-136
-2
58
21
-103
121
-19
-138
264
-206
50
-27
-50
120
-163
4
49
8
42
-77
66
0
-16
-75
85
-75
60
77
-50
63
-80
-28
-15
55
-28
27
72
19
-64
37
93
-175
104
-45
170
-166
54
159
-216
92
3
-93
34
11
-177
225
-212
131
112
-294
241
-141
-34
27
-46
40
-208
319
-257
62
81
-97
125
-135
186
-213
187
-145
5
223
-312
288
-44
-209
206
-201
160
-94
96
-123
124
-36
-99
207
-191
147
-25
-67
126
1
-112
89
-91
16
46
9
-12
-53
-6
122
-27
-9
101
-162
163
-130
137
-207
96
-45
-94
96
-74
135
-189
169
-49
-123
276
-229
107
26
-70
134
-145
172
-97
83
-29
138
-119
-52
29
64
-181
78
47
-114
-11
69
-20
-177
197
-235
194
-146
178
-70
43
41
-88
104
-38
-26
-38
80
-71
8
79
-32
10
79
-195
182
-207
297
-269
101
27
-278
199
-194
199
-148
111
-46
-29
132
-206
124
-45
-32
-26
97
-191
249
-90
-52
204
-177
126
-56
-16
128
-183
149
-74
146
-98
78
37
-128
294
-370
273
-195
138
-47
-18
141
-268
318
-306
136
43
-172
180
-143
34
-11
-52
49
-36
-26
66
-31
-41
108
-104
128
-40
68
20
-116
81
22
-115
109
2
-174
231
-172
33
165
-236
240
-192
36
180
-302
270
-235
82
72
-82
114
-136
67
-54
34
31
-88
43
-62
134
-68
-18
168
-341
303
-128
95
61
-87
-5
93
-135
26
176
-390
423
-228
54
168
-274
192
-159
73
-36
-6
-1
-36
84
-130
128
-237
224
-147
56
146
-310
309
-233
5
206
-286
347
-224
112
11
-17
-22
-64
162
-236
208
-183
129
-197
106
-42
-60
135
-82
74
-127
193
-239
174
-190
239
-210
108
141
-296
373
-285
147
-32
40
-29
48
11
-34
110
-102
8
75
-57
-45
72
-11
-20
27
25
-133
131
-79
-83
194
-230
75
117
-163
150
-37
38
-115
121
-42
-62
141
-12
-159
171
-108
30
-62
32
193
-401
386
-159
-94
179
-53
-19
-7
-22
26
-116
52
65
-188
281
-337
368
-311
61
211
-328
300
-208
206
-182
109
26
-56
27
-38
91
-167
156
-91
-14
-1
5
11
-41
29
-18
6
-43
123
-159
154
-76
-28
153
-242
199
23
-243
328
-203
66
165
-175
91
38
-174
143
-127
33
31
-6
44
-98
143
-168
85
36
-79
103
-118
65
-25
25
-106
82
62
-52
3
113
-221
149
-18
-55
186
-267
184
-79
48
-19
-22
157
-143
99
-22
-76
-57
142
-142
55
58
-51
1
102
-126
107
-13
20
-47
41
93
-230
272
-322
237
-48
-200
235
-211
89
71
-226
290
-256
166
-68
-49
161
-291
251
-222
171
-39
-65
60
23
-23
-8
195
-220
77
23
-114
100
-64
104
-126
136
-68
-4
87
-165
137
-55
39
-102
122
-52
41
67
-235
280
-282
124
-32
-10
52
-95
225
-234
174
-110
-10
15
-79
-21
68
-87
-50
196
-183
19
165
-248
172
-150
181
-156
101
106
-237
254
-112
7
-3
29
3
-3
52
-39
78
-40
42
-80
52
-6
-72
129
-181
158
-84
-42
104
-167
215
-147
63
38
-49
-9
38
-57
21
-37
-18
142
-226
248
-250
147
-36
-94
216
-218
115
-29
-3
22
-23
58
-67
144
-110
76
0
-32
86
-82
152
-152
222
-132
55
73
-176
187
-174
76
5
-67
75
-57
-6
-46
98
-150
60
46
-90
81
-81
-8
-36
197
-237
104
99
-275
324
-225
6
150
-106
21
30
10
-93
140
-131
104
-68
7
25
-150
107
-56
-26
137
-178
82
53
-177
139
-35
-81
102
23
-190
253
-268
123
82
-247
357
-240
166
46
-172
173
-97
39
-38
164
-202
131
-50
17
-5
-33
140
-296
330
-189
-85
208
-206
138
-74
91
-39
12
-31
89
-26
-72
150
-275
232
-121
37
99
-229
295
-316
199
6
-203
315
-289
168
-50
11
27
-81
150
-180
123
-100
28
-62
100
-66
20
33
-44
-6
62
-55
22
71
-174
199
-128
71
-29
35
-61
8
97
-123
182
-159
51
19
-50
82
-110
39
14
-32
110
-187
176
-119
45
63
-144
147
-106
71
-38
-57
122
-140
184
-166
146
-87
29
51
-119
87
-80
64
-91
78
-89
132
-66
-47
70
-154
182
-75
-18
127
-162
75
-3
22
-33
14
51
-96
160
-114
48
-2
-48
96
-141
87
-67
-27
50
-29
59
28
-117
200
-208
63
61
-194
150
-96
53
-53
58
-8
-54
66
-122
120
36
-163
231
-137
-28
40
9
-7
-51
150
-99
48
99
-195
105
10
-89
197
-151
154
-150
97
-6
-96
217
-299
246
-110
10
80
-107
69
-88
89
-50
-52
110
-173
186
-78
-53
163
-258
205
-154
75
0
-67
141
-108
98
-34
-50
74
-15
7
-5
64
-68
54
-21
17
38
-2
-69
52
2
-88
75
-36
-31
45
-71
32
-40
49
-76
-56
81
-81
59
-49
45
79
-167
154
-118
-23
118
-153
183
-126
106
-68
-11
66
-153
193
-216
111
-26
-77
129
-195
193
-160
99
5
-68
93
-83
92
-85
107
-43
49
-15
-13
77
-87
35
119
-160
132
-37
-34
61
-50
38
-21
18
-21
46
-31
-107
205
-240
125
62
-245
341
-292
200
-105
35
107
-139
105
-162
183
-182
107
65
-170
148
-165
79
14
-95
82
-48
16
-49
147
-125
102
-63
-46
167
-228
166
-154
93
-13
4
59
-86
54
37
-44
-1
56
-44
-19
49
-44
54
-70
42
98
-129
145
-126
79
-95
51
23
-44
84
-107
108
-97
69
1
-76
119
-96
114
-134
23
70
-149
133
-58
-15
-63
92
-109
67
-1
-80
193
-227
208
-93
-17
97
-151
180
-160
104
-56
0
14
-75
170
-178
141
31
-193
229
-158
90
-20
-15
38
-76
92
-49
-32
7
27
-93
96
-41
-43
92
-101
-4
-16
-25
27
-30
62
-48
54
-37
35
28
-132
217
-249
178
-42
-134
248
-212
131
11
-23
-5
-9
5
-59
99
-63
43
-23
7
16
-14
79
-69
-44
152
-157
108
36
-118
133
-129
76
-49
40
-47
17
98
-172
154
-79
-26
54
-42
5
-38
48
-5
-73
151
-173
127
-10
-88
169
-136
69
31
-54
-24
37
-37
26
7
-47
33
-30
100
-178
122
-45
30
-51
59
-32
-75
121
-136
159
-137
110
-89
44
24
-17
12
-23
83
-131
115
-38
-20
71
-58
17
29
-41
31
-62
14
41
-113
214
-171
113
-66
-18
117
-204
237
-104
-82
203
-181
95
-18
3
-26
-16
145
-229
181
-104
26
91
-87
11
-14
30
-112
77
-10
-105
156
-109
61
10
-111
112
-80
27
17
-71
100
-87
72
-5
-66
118
-158
85
-1
-19
33
-14
-19
30
21
-116
142
-48
-53
143
-127
85
-67
-4
-18
45
-57
42
4
27
-16
5
40
-104
127
-148
142
-66
-84
163
-168
131
-47
-62
194
-184
122
-3
-116
127
-138
97
-93
45
85
-156
188
-188
90
-13
-67
108
-102
81
-60
55
-35
37
4
-97
142
-65
50
-30
13
-22
21
-12
-13
98
-44
-49
71
-63
42
-69
-5
51
-51
92
-74
46
-42
12
9
-79
107
-187
183
-94
59
36
-77
84
-31
-34
76
-45
-6
40
-82
79
-50
75
-31
-54
63
-150
198
-112
38
64
-61
76
-109
64
-99
69
-6
-52
137
-99
72
-112
39
51
-113
163
-168
135
-112
56
-5
-96
245
-322
269
-160
29
18
-56
124
-186
152
-90
14
91
-93
87
-70
81
-61
-16
106
-170
177
-137
95
-22
-59
116
-97
-6
52
2
-65
36
-38
-16
76
-135
106
50
-195
216
-147
92
-61
5
63
-112
158
-170
156
-94
60
-49
-16
67
-104
89
-60
20
6
-11
-5
-21
82
-94
81
3
-57
97
-109
95
-37
-68
76
-64
69
-11
-34
-3
76
-75
7
124
