-1
0
0
0
0
0
0
0
0
0
1
0
0
0
0
0
1
0
0
1
0
1
-1
0
0
0
0
0
0
0
0
-1
0
-1
-1
0
0
0
0
0
0
0
0
0
0
-1
0
-1
0
0
0
0
0
0
-1
0
0
0
0
0
0
0
0
0
0
0
0
0
0
0
0
0
1
1
0
-1
0
0
0
0
0
0
0
0
0
0
0
0
0
0
0
0
1
0
0
0
0
0
1
0
0
0
0
0
0
0
-1
-1
0
0
0
0
0
-1
-1
0
0
0
-1
1
0
0
-1
0
0
0
0
0
0
0
0
0
0
0
0
0
0
0
0
1
0
0
-1
0
0
0
0
0
0
1
0
0
-1
-1
0
0
0
0
-1
0
0
0
0
0
1
0
0
1
0
1
0
0
0
0
0
0
-1
0
0
0
0
0
0
1
0
0
0
0
0
0
-1
-1
0
-1
0
0
0
0
0
0
0
0
0
0
0
0
0
0
-1
0
0
0
0
1
0
0
0
0
0
0
0
0
0
0
-1
1
-1
0
0
0
0
0
0
0
0
1
0
1
0
0
0
1
-1
0
0
0
0
0
0
0
0
0
0
-1
0
0
0
0
1
1
0
1
0
0
0
0
0
0
0
0
0
0
-1
-1
-1
-1
0
0
0
0
0
-1
0
0
0
0
0
-1
0
-1
0
1
0
0
1
0
0
-1
0
-1
0
0
0
-1
0
1
-1
0
0
0
0
-1
0
1
0
-1
1
1
0
1
-1
0
0
1
0
0
-1
1
0
0
1
0
0
0
0
1
0
0
0
0
1
0
-1
0
-1
0
1
0
1
-1
0
1
0
0
0
0
0
-1
0
0
0
0
0
0
0
0
0
0
-1
0
1
0
1
0
-1
0
0
1
0
0
0
0
0
0
-1
0
-1
0
0
0
0
0
0
0
1
0
1
0
0
0
0
0
-1
0
0
0
0
0
-1
0
0
0
0
0
0
1
0
0
0
0
1
0
0
0
0
0
0
0
0
0
-1
0
1
0
0
0
0
0
0
0
0
0
0
0
0
0
0
0
-1
1
0
0
0
-1
0
0
0
1
0
0
0
-1
0
0
0
0
1
1
0
1
0
0
-1
0
-1
0
0
0
0
0
0
0
0
0
0
0
0
0
1
0
0
0
0
0
0
0
0
0
0
0
0
0
0
0
0
0
0
1
0
0
0
1
0
0
0
0
0
0
0
0
1
1
0
0
1
0
0
0
0
0
1
0
0
-1
1
0
-1
-1
0
0
0
0
0
1
0
1
0
0
0
1
0
-1
0
-1
0
0
-1
0
0
0
-1
0
0
0
0
0
0
0
0
1
-1
0
0
0
0
-1
0
0
0
0
0
1
0
0
0
0
0
0
0
0
1
1
0
0
0
0
0
0
0
0
0
1
0
-1
0
0
0
0
0
0
0
0
0
0
1
0
1
1
1
0
0
0
0
0
0
0
0
0
0
0
0
-1
0
0
0
-1
0
-1
0
0
0
0
0
0
0
-1
1
0
1
0
0
0
0
1
1
0
-1
0
1
-1
0
0
0
0
0
0
0
0
0
0
0
0
0
1
-1
0
0
0
0
0
0
0
-1
0
-1
0
0
0
0
0
-1
0
1
0
0
0
1
0
0
0
0
0
0
0
0
0
0
0
0
0
0
1
0
1
0
-1
-1
-1
0
0
0
0
0
0
0
-1
0
0
1
-1
0
1
0
0
0
0
0
0
0
-1
0
0
0
0
0
0
0
0
0
0
0
0
0
0
0
0
0
0
0
0
0
0
1
0
1
0
0
0
1
0
0
-1
1
0
-1
0
0
-1
0
0
0
0
-1
0
0
0
0
1
0
0
0
1
0
0
1
-1
0
0
0
0
0
0
-1
0
1
0
0
0
1
-1
0
0
0
-1
0
0
0
-1
0
1
0
-1
0
0
-1
-1
0
0
0
0
-1
-1
-1
0
0
0
0
0
0
0
0
0
1
0
-1
0
1
0
1
0
0
0
-1
0
0
0
0
0
0
-1
1
0
0
0
0
1
0
0
0
-1
0
1
0
0
0
0
0
0
0
0
0
0
-1
1
-1
0
1
0
0
0
0
0
0
0
0
0
0
0
0
0
0
0
1
0
0
0
0
-1
1
0
-1
0
0
0
0
0
0
0
0
0
0
-1
0
0
0
-1
0
0
1
1
0
0
0
0
-1
0
1
0
-1
0
0
0
0
-1
0
0
0
0
0
-1
-1
0
0
0
0
1
0
0
0
0
-1
0
0
0
1
0
0
0
0
1
0
-1
0
0
-1
0
0
0
0
0
0
0
0
0
0
0
1
0
0
0
0
-1
-1
0
-1
-1
0
0
-1
0
0
0
0
1
1
-1
0
0
-1
-1
0
0
-1
0
0
-1
0
0
-1
1
-1
0
0
0
0
0
0
0
0
0
0
1
0
0
-1
0
1
0
-1
0
0
0
0
0
0
0
1
0
0
0
0
0
0
-1
0
0
-1
0
0
1
0
0
1
0
0
0
1
0
1
0
0
0
0
1
-1
0
0
0
1
0
-1
0
0
0
0
0
-1
0
0
0
0
1
0
0
1
0
0
0
1
0
0
0
0
0
1
0
0
0
0
0
0
0
1
0
0
0
0
-1
-1
0
-1
-1
0
-1
0
-1
0
0
1
0
0
0
-1
1
-1
1
0
0
0
1
0
0
-1
1
1
0
1
0
1
0
-1
0
0
-2
1
-1
0
0
0
1
0
0
1
0
1
1
-1
1
-1
0
-1
1
-2
1
0
-1
2
-2
2
-1
2
-1
2
-2
0
1
-1
2
-2
1
-2
2
-3
2
0
-1
1
-1
-1
0
0
-1
1
-1
2
-3
3
-3
2
-2
1
-1
0
3
-3
4
-2
1
-1
-1
0
-1
1
-2
2
-3
2
0
-2
4
-6
4
0
-5
7
-4
1
2
-3
3
-1
1
-2
3
-3
1
1
-2
2
-1
1
-1
2
-5
6
-5
2
0
-3
3
-3
2
-1
0
1
-1
2
-1
-1
3
-3
4
-1
0
-1
3
-4
6
-4
0
4
-7
6
-5
2
0
-3
3
-4
4
-2
-2
4
-6
7
-5
5
-5
3
0
-5
7
-8
5
-1
-1
1
2
-4
5
-1
-1
2
0
-5
11
-15
14
-12
4
3
-10
14
-15
14
-10
4
2
-7
9
-7
5
-2
-2
4
-5
6
-5
6
-4
1
3
-6
9
-10
9
-8
5
-2
1
2
-4
4
-5
5
-6
5
-5
5
-6
9
-11
11
-8
1
4
-9
12
-14
14
-14
11
-8
4
1
-7
9
-7
2
5
-11
12
-7
-1
9
-13
14
-12
10
-9
6
-3
-5
11
-16
17
-15
12
-8
3
3
-8
11
-11
8
-5
2
0
0
-3
3
-2
-1
4
-6
6
-6
7
-6
5
-3
-1
4
-7
7
-6
5
-7
8
-4
-2
8
-12
12
-13
8
-3
-3
8
-7
4
-2
2
-4
9
-7
-1
10
-19
17
-8
-2
7
-7
3
2
-7
9
-5
-1
7
-8
5
0
-2
-1
7
-14
16
-10
-1
10
-13
10
-2
-7
11
-13
8
2
-11
12
-5
-4
12
-13
8
-1
-6
8
-10
9
-11
13
-12
4
10
-23
31
-31
18
3
-19
25
-20
14
-10
8
-4
0
9
-19
22
-20
9
4
-13
13
-2
-8
20
-20
16
-8
-2
6
-10
9
-13
18
-24
24
-12
1
13
-14
11
-5
-2
-2
4
-11
10
-6
1
3
-1
4
-4
8
-11
11
-13
9
-6
-2
5
-3
-4
14
-15
17
-12
9
-3
-7
17
-30
35
-37
32
-21
9
5
-9
9
-3
2
-6
10
-15
12
-7
-1
3
4
-11
22
-26
25
-16
3
11
-25
29
-29
23
-15
10
-3
-2
12
-23
33
-36
32
-23
11
2
-13
16
-14
8
-11
20
-28
27
-18
8
-2
-2
7
-13
18
-17
13
-12
12
-11
7
-1
-5
9
-8
9
-6
5
-3
3
-7
6
-3
-8
17
-24
26
-22
13
2
-14
21
-19
14
-14
16
-21
20
-16
8
1
-8
14
-16
16
-15
9
-4
0
-3
6
-8
7
0
-10
20
-27
27
-20
8
4
-14
22
-27
24
-8
-11
28
-36
30
-15
-3
17
-23
18
-11
6
-5
4
-1
-4
8
-10
12
-10
0
9
-16
15
-13
11
-9
9
-5
5
-5
11
-10
6
0
-11
11
-5
-2
7
-3
-9
16
-13
6
10
-16
14
-12
1
7
-14
19
-12
2
14
-15
11
1
-3
-6
16
-25
18
-6
-11
25
-32
33
-26
17
-5
-10
26
-35
34
-21
5
2
-5
5
-1
-6
8
-3
-12
18
-7
-3
5
0
-4
-2
6
-8
4
-2
7
-3
-10
21
-21
15
-2
-3
3
-5
9
-11
12
-10
5
0
-9
22
-22
18
1
-14
22
-30
16
-9
-10
18
-11
4
-6
25
-35
36
-28
10
2
-15
33
-22
15
-5
9
-22
17
-9
-1
5
-10
11
-20
13
-9
4
1
-15
29
-29
20
-8
1
-8
15
-4
-3
9
-9
2
5
-5
6
2
0
2
-6
17
-28
24
-31
23
-33
29
-10
-16
36
-30
16
9
-27
32
-25
11
-9
7
-5
2
21
-18
15
2
-19
23
-29
20
-18
-9
12
-20
36
-45
66
-56
25
23
-49
55
-60
48
-37
15
1
3
-5
6
20
-33
34
-25
26
-43
41
-52
57
-63
59
-21
-25
65
-71
57
-38
28
-24
26
-31
31
-24
10
13
-33
37
-31
18
-3
8
-21
39
-55
46
-16
-20
42
-38
27
-11
7
-12
20
-22
15
-6
-19
24
-9
-15
43
-49
19
28
-58
58
-32
3
18
-19
20
-28
33
-39
39
-35
32
-33
32
-16
5
7
-4
2
-9
6
2
-12
8
-4
-3
-16
36
-32
24
-2
-5
8
-19
26
-19
13
-8
3
-14
24
-23
37
-40
28
-14
-11
40
-45
52
-46
20
2
-29
27
-22
15
-3
-4
5
17
-36
33
-1
-42
45
-17
-18
40
-37
29
0
-31
45
-33
2
20
-6
-22
23
-10
-19
43
-52
66
-57
13
44
-92
94
-67
27
13
-38
65
-48
20
11
-25
-17
43
-50
22
26
-54
68
-45
21
23
-44
6
25
-56
39
10
-30
28
-4
-32
63
-68
44
-8
-17
18
-13
28
-42
50
-47
31
-14
-16
56
-72
50
-19
-1
-1
16
-27
16
0
-14
37
-42
40
-23
-6
20
-26
13
-9
13
-17
32
-33
34
-15
-14
27
-39
26
-26
32
-30
29
-16
9
3
-19
36
-29
2
26
-47
35
-23
22
-16
15
-7
-4
10
-17
27
-36
20
-11
3
0
20
-23
35
-44
30
-27
17
-10
11
8
-8
16
-25
25
-48
44
-31
28
-6
-23
31
-41
20
22
-46
57
-55
50
-28
8
7
-26
24
-32
54
-79
104
-105
92
-44
-20
71
-86
73
-40
16
-23
11
-18
20
-15
19
-9
6
11
-22
30
-30
20
-13
14
0
0
-10
-12
20
-30
42
-19
8
-1
-12
2
-20
11
-5
12
-18
51
-50
46
-22
14
-22
-7
26
-42
38
-28
58
-82
69
-17
-49
65
-58
43
-40
38
-25
15
-16
23
-2
-13
36
-10
-12
20
-43
45
-70
43
-17
-1
6
-12
36
-50
51
-12
2
-10
21
-18
-25
40
-30
-5
38
-53
57
-29
14
17
-52
56
-62
16
16
-40
42
-14
20
-7
2
-1
11
-20
10
13
-40
5
8
-21
13
27
-39
62
-67
59
-13
-24
33
-42
33
-33
16
-10
-7
-5
41
-19
-11
67
-85
66
-37
-2
32
-52
37
-20
4
12
-7
-10
12
-8
-6
25
-19
-5
25
-18
8
-6
38
-39
16
-13
7
-42
48
0
-27
55
-57
43
-43
36
-14
4
-23
9
-9
-5
49
-46
39
-25
5
7
-2
-1
-9
18
-40
45
-5
-41
74
-74
48
-32
38
-30
26
-16
-10
-3
-18
29
-36
35
-4
5
1
37
-76
64
-46
-12
40
-37
31
-32
42
-13
4
24
-22
13
-18
-15
10
-30
11
26
-30
43
-5
-15
25
-35
9
7
-37
21
20
-23
14
35
-45
23
-22
-4
35
-50
90
-81
55
-50
18
0
-18
22
-17
12
-15
33
-62
72
-82
95
-94
69
-6
-7
2
13
-30
-24
83
-75
53
-46
49
-62
68
-53
1
12
-18
29
5
-7
11
-9
-20
45
-84
71
-61
23
24
-19
45
-10
6
-13
-1
-13
-4
-40
46
-31
-6
79
-60
33
-6
-6
3
-29
32
-33
12
3
-11
26
-28
56
-32
-4
-8
43
-52
36
-7
-31
39
-46
47
-21
-6
25
-13
-23
11
-4
-4
4
17
-14
2
12
5
26
-40
35
-46
-12
22
-18
8
3
2
25
-11
39
-24
18
-33
3
-22
-10
0
-10
10
-22
36
33
-7
19
5
-54
39
-56
16
-2
-14
24
9
11
-1
48
-71
50
-20
-59
60
-48
-1
57
-97
91
-58
16
14
19
-4
24
-39
18
-4
-95
150
-143
121
-33
0
37
-54
52
-71
29
-53
54
-53
59
-31
14
0
11
-10
32
-10
-5
29
-69
60
-57
47
-85
48
-12
-19
76
-47
45
-29
15
-1
-10
22
-47
19
-26
-28
88
-76
78
7
-56
72
-93
95
-118
58
-33
28
-47
85
-55
-7
78
-95
118
-122
90
-73
24
16
-7
8
-15
0
21
-30
27
5
-20
-12
55
-43
18
11
-31
15
-55
93
-91
64
-54
56
-45
2
58
-110
114
-57
29
14
-24
-2
6
-14
14
-6
15
-23
32
-18
-28
86
-108
92
-72
-6
3
-3
7
15
-20
37
8
-18
39
-13
-5
-17
0
25
-60
68
-55
0
52
-25
23
0
-28
18
-53
31
-40
34
-2
-8
56
-47
38
-24
-17
-29
53
-59
90
-81
78
-16
-1
13
-22
18
-61
35
-17
-9
11
34
-72
84
-34
24
-13
-5
22
-33
3
-10
-16
11
29
-30
24
-16
-5
60
-60
49
-31
-42
63
-104
88
-69
59
-1
36
-12
25
7
-2
-11
-65
41
-95
81
-42
33
-5
10
10
-12
37
-41
63
-71
54
-111
59
-38
12
72
-35
77
-56
42
-54
39
-83
65
-101
78
4
-48
87
-41
1
29
-17
-52
86
-132
91
-30
13
53
-75
89
-97
54
-19
-16
-13
51
-22
41
-21
16
-22
-20
-19
4
-5
42
7
-28
81
-75
33
-54
33
-52
26
-42
44
4
-63
164
-150
85
-5
-56
63
-65
64
-84
113
-106
133
-77
26
1
-109
130
-156
163
-104
31
-50
72
-16
-37
127
-168
153
-133
91
-20
-12
56
-74
67
-73
63
-59
59
-89
81
-48
8
35
4
-29
25
-7
-54
106
-90
27
-12
-21
35
-10
21
-20
0
46
-64
46
-53
37
-20
34
-33
7
18
-61
129
-122
98
-45
-49
76
-72
-29
76
-65
1
135
-104
79
17
-65
-16
39
-94
76
-43
-32
82
-53
41
2
0
-29
42
-27
-9
15
31
-61
28
27
-96
114
-82
87
-80
64
-53
48
-50
19
13
-12
-9
50
-30
-47
105
-92
47
-39
56
-90
79
-16
-19
38
-25
-20
31
-50
22
9
-54
34
-18
35
-31
100
-69
65
-34
4
-38
34
21
-95
112
-132
87
-59
49
-4
-17
23
-28
54
-58
99
-92
11
-18
-24
5
-10
28
-32
82
11
4
23
17
15
-98
86
-129
27
-51
15
30
-40
45
-22
77
-20
85
-37
-3
-86
60
-118
-14
77
-98
132
9
-21
103
-73
34
-35
-77
17
-38
-19
20
73
-16
95
-74
88
-71
-27
52
-168
150
-94
92
4
-35
7
-52
19
27
-9
-26
47
-47
19
42
-88
113
-98
45
31
-94
176
-137
144
-57
-60
79
-96
-23
-6
-40
40
112
-167
223
-89
4
58
-168
92
-123
55
7
48
-56
138
-62
59
16
-49
38
-124
115
-131
-32
53
-59
82
-37
18
47
25
-68
121
-121
-56
162
-187
177
-166
132
-18
-1
9
-7
22
-73
108
-130
79
-49
3
-30
-17
-22
2
16
23
53
-9
87
-16
18
39
-82
9
-87
-40
27
-53
54
14
-38
102
20
62
14
-48
61
-184
21
-62
-35
6
-55
44
65
30
98
33
-30
-10
27
-95
3
-47
-30
-22
24
33
49
77
-4
41
12
-36
-51
-9
-71
-76
28
-44
87
-60
104
70
-48
58
-13
-136
99
-83
-69
97
-123
101
-40
91
-63
115
-124
137
-39
-82
165
-198
95
-126
111
-87
116
-63
92
-58
38
-7
11
-49
-103
133
-106
83
-15
22
-13
60
-127
144
-78
14
42
-95
112
-10
-36
79
-46
-73
76
-116
48
-69
46
42
-17
104
-79
114
-144
94
-90
51
-16
-55
33
-16
13
-15
54
-10
-13
32
-42
51
-74
20
13
-122
106
-46
71
14
11
3
42
-15
-45
-9
-8
-48
3
43
40
0
-21
4
-73
13
1
19
-68
100
-81
-1
95
-94
125
-78
-11
-41
-23
12
-38
104
-108
148
-37
51
-45
-27
41
-177
99
-26
-45
52
19
59
-47
51
-39
41
-54
1
18
-37
59
-47
63
-3
144
-148
91
-87
-19
-18
13
55
-131
126
-79
229
-193
54
4
-131
64
-26
16
-100
67
46
-2
92
-7
6
-8
10
-37
11
78
-101
50
-110
49
30
-52
-59
127
-117
-1
55
-120
73
-109
32
-81
-32
-37
80
-54
105
-24
18
13
8
45
-102
89
-138
54
0
42
77
49
35
61
49
-32
41
-40
-25
29
-60
14
48
41
101
20
77
13
25
19
-28
-5
-78
-9
-6
-17
-20
-10
41
-8
29
-46
62
-104
18
-92
-99
-68
-152
0
-90
86
-44
98
-50
41
157
-65
156
21
32
93
65
34
69
94
-8
79
-21
3
22
-90
57
-64
-58
-12
-38
15
-97
78
-83
5
-68
-115
-29
-100
-58
-27
-23
-94
19
62
-36
146
-56
28
-14
-56
2
-80
49
-75
72
3
132
81
120
162
0
99
-101
-12
-139
-94
-139
-76
-98
-32
37
51
75
-24
35
-12
-31
-41
-97
-88
-116
-41
-33
25
101
138
134
136
185
95
43
41
-36
-102
-126
-96
-71
44
117
223
312
470
424
588
363
283
56
-145
-283
-465
-508
-721
-568
-546
-487
-227
-157
-50
122
150
199
133
115
27
-64
-54
-114
-157
-56
-150
5
69
181
305
240
306
112
80
57
-39
-59
-211
-234
-145
-165
-27
110
132
178
311
217
374
323
300
302
82
179
-18
16
-42
-162
-162
-329
-236
-301
-253
-178
-146
-129
15
11
111
166
35
136
38
23
55
-78
-36
-32
-109
-11
20
21
111
76
77
156
55
72
-21
-70
-78
-148
-209
-155
-170
-167
-160
-159
-115
-82
-16
-11
24
106
114
114
183
155
262
276
287
314
247
168
213
157
16
-2
-165
-194
-234
-242
-239
-270
-302
-279
-275
-227
-178
-172
-129
-147
-55
55
104
140
157
159
187
157
256
232
148
179
113
35
116
104
-36
-3
-210
-169
-260
-278
-312
-420
-360
-446
-337
-279
-104
-106
-25
112
138
125
164
173
79
56
-1
-41
-121
-158
-216
-244
-285
-252
-273
-256
-205
-302
-197
-300
-317
-344
-474
-479
-555
-575
-540
-514
-420
-344
-183
-34
185
393
558
749
777
787
790
714
523
400
169
-8
-132
-249
-292
-265
-242
-126
-15
128
311
424
629
692
765
807
889
946
1006
1123
1269
1417
1575
1785
1879
1907
1877
1784
1682
1472
1179
824
423
87
-220
-491
-740
-942
-1083
-1083
-1053
-972
-875
-748
-632
-541
-424
-329
-176
-150
-126
-183
-290
-379
-497
-722
-978
-1242
-1585
-1841
-2163
-2435
-2628
-2833
-2908
-2955
-2934
-2934
-2917
-2885
-2773
-2613
-2470
-2258
-2176
-2054
-1843
-1710
-1608
-1631
-1831
-1854
-1607
-798
68
946
1850
2903
4212
5494
6467
6861
6825
6262
5422
4349
3285
2107
798
-457
-1395
-1681
-1362
-685
112
930
1621
2358
2867
3247
3054
2426
1652
976
581
382
540
710
969
1315
1814
2467
2915
2930
2502
1780
1023
373
-217
-704
-1095
-1383
-1406
-1019
-392
135
418
455
325
165
-263
-764
-1412
-2121
-2849
-3438
-3677
-3759
-3795
-3939
-4132
-4301
-4359
-4524
-4904
-5687
-6600
-7464
-7912
-8183
-8243
-8656
-9070
-8395
-6055
-2288
1255
4163
6452
9272
12179
14657
15400
14544
12223
9245
6229
3496
1156
-1413
-3950
-5768
-6284
-5421
-3944
-2545
-1655
-1171
-1079
-1114
-1327
-1648
-2632
-4075
-5156
-4955
-3333
-706
2203
4903
7422
9733
11802
13284
13772
12596
9729
6214
2948
217
-2171
-4318
-6228
-7393
-7254
-5779
-3685
-1643
-91
1043
2065
3219
4253
4790
4821
4422
3780
3323
3269
3432
3211
2419
1230
23
-945
-1781
-2749
-4074
-5522
-6678
-7372
-7473
-7362
-7423
-7723
-8065
-8329
-8635
-8912
-9470
-10022
-10517
-10816
-11143
-11299
-10513
-8048
-3651
1311
6039
10024
14095
18085
21483
22675
21427
17931
13164
8018
3152
-1610
-6324
-10657
-13647
-14545
-13307
-10726
-7761
-5072
-2624
-530
1119
2118
2350
1396
-464
-2352
-2997
-1866
852
4314
7880
11276
14459
17284
19057
19153
16826
11934
5385
-1256
-7124
-12116
-16171
-18881
-19611
-17889
-13562
-7522
-1230
4326
8724
12113
14527
15766
15393
13452
10553
7564
4856
2949
2028
1539
1032
387
-55
-250
-491
-1271
-2877
-5060
-7131
-8680
-9602
-10010
-10076
-10001
-9711
-9029
-7863
-6685
-5886
-5622
-5723
-5956
-6079
-6094
-5985
-5969
-6276
-7256
-8086
-7247
-3979
499
4421
7112
9340
12403
15898
18551
18530
15820
11279
6500
2201
-1312
-5099
-9500
-13474
-15331
-14518
-11592
-7903
-4565
-1697
967
3589
5710
6957
6874
5211
2637
915
1119
2886
5276
7575
9492
11046
12338
12949
12196
9463
4475
-2116
-8611
-13634
-16795
-18570
-18845
-17070
-12890
-6473
1370
9220
15370
19288
21093
21433
20269
17369
12762
7392
2508
-1176
-3543
-4574
-4488
-3745
-2920
-2141
-1438
-1044
-1340
-2693
-4932
-7411
-9429
-10694
-11117
-10874
-10018
-8696
-6996
-4828
-2615
-958
-127
55
-404
-1342
-2799
-4447
-6312
-8338
-10986
-13895
-15047
-12773
-7517
-1706
3310
7246
11815
17130
22269
24094
21886
16229
9306
2831
-2475
-7398
-12738
-17627
-20236
-18884
-14100
-7449
-1134
3961
7867
11160
13480
14130
12700
9007
3715
-1239
-3614
-3324
-1184
1278
3521
5571
7839
9622
9955
7922
3459
-2572
-8814
-13598
-16240
-16877
-15542
-11874
-6376
772
9031
16753
22006
24071
23483
21066
17189
11825
5423
-865
-5694
-8498
-9333
-8360
-5927
-3124
-627
1489
3000
3494
2638
323
-2881
-6115
-8886
-10875
-11919
-11599
-10135
-8191
-5860
-3055
-395
1027
1210
423
-854
-2780
-5464
-8787
-11764
-14104
-15996
-17884
-19158
-17799
-12816
-4744
3886
11182
16452
21525
26601
30381
29939
24550
15250
5144
-3544
-10155
-15659
-20796
-24361
-24463
-19732
-11557
-2196
5423
10830
14310
16550
17117
15492
11310
4869
-2228
-7679
-9393
-7708
-3838
347
4212
7470
10621
12694
12618
9442
3690
-3447
-10158
-14728
-16832
-16580
-13893
-8813
-2250
5662
14150
21229
24787
24610
21833
17443
11862
5243
-1595
-7409
-10626
-11387
-10044
-6932
-2555
1580
4760
6842
7506
6474
3803
-140
-4675
-8929
-12284
-14317
-14713
-13154
-10206
-6814
-3105
745
3703
4942
4666
3264
921
-2444
-6634
-10924
-14481
-16650
-17987
-18847
-19523
-18689
-14547
-5981
4648
13790
19495
23249
27001
30426
30838
25362
14859
2239
-8466
-16143
-20824
-24473
-26934
-26695
-21209
-11171
574
10537
16729
19720
20715
20558
17983
12732
5011
-3319
-10398
-13356
-11840
-7255
-1996
2937
7114
10744
13432
13841
10970
4876
-2959
-10811
-16294
-18477
-17721
-15230
-10744
-3825
5539
15741
24065
28123
27828
24433
19066
12395
4758
-3279
-10757
-15715
-16745
-13875
-8918
-3425
1588
6076
9705
11494
10399
6775
1591
-4215
-9655
-13820
-16042
-16287
-14751
-11449
-6443
-515
5183
8996
10352
9721
7530
3716
-1262
-6975
-13080
-18630
-22446
-23672
-22904
-21093
-19328
-16735
-10960
-846
10823
20061
24997
26883
28196
29298
28126
21635
10406
-2742
-13467
-20143
-22562
-23449
-23700
-22055
-15921
-5599
5925
15081
19610
20390
19008
16978
13293
7735
241
-7185
-12690
-13690
-10352
-4541
1645
6977
10796
12985
13900
12652
8761
1911
-6303
-14110
-18930
-19934
-17643
-13552
-8052
-1017
7368
16422
23952
27732
26577
22064
15832
9295
2407
-4565
-11049
-15300
-15928
-13084
-7979
-2164
3370
7586
10402
11524
10783
7810
3112
-2633
-8195
-12227
-14245
-14382
-13057
-10215
-6022
-893
4011
7806
9773
9528
7253
3532
-1141
-6412
-11940
-17115
-21100
-23126
-23002
-20948
-17637
-13808
-10670
-7629
-2643
5662
15063
21934
24090
23218
22430
22719
21580
15944
5976
-5538
-14276
-18381
-18295
-17443
-17186
-16328
-11660
-3108
6714
13773
16108
15040
12849
10976
8518
4893
-641
-6592
-11047
-11006
-6583
94
5829
9399
10886
11246
11212
9563
5270
-2073
-10581
-17600
-20066
-17923
-13141
-8010
-2769
3464
10954
18772
24558
26171
22792
16370
9419
3695
-1271
-6454
-11765
-15035
-14229
-9479
-2625
3985
8858
11511
12573
12515
11058
7437
1448
-5908
-12572
-16502
-17233
-15704
-12967
-9314
-4718
662
6097
10364
12372
11347
7736
2618
-2775
-8140
-13327
-18095
-21524
-22603
-21028
-17406
-12703
-8022
-4495
-2666
-1300
2047
8135
14646
18258
17977
16251
16210
17756
17572
12705
3556
-6404
-13101
-15217
-14537
-14481
-15682
-15731
-11395
-2840
6452
12147
13064
11504
10400
10410
9634
6460
798
-5032
-8282
-6926
-2385
2750
6097
7430
7431
7141
6343
3927
-669
-7038
-13227
-17062
-16645
-12600
-6780
-1262
3835
8925
14569
19768
22255
20488
15009
8160
2182
-1964
-5231
-8423
-11014
-11059
-7665
-1719
4458
9011
11308
11826
11049
8950
5135
-361
-6827
-12801
-16695
-17736
-16285
-13081
-8660
-3315
2546
8079
12349
14501
14083
11081
6025
-41
-6168
-11904
-16804
-20505
-22418
-21933
-19173
-14816
-9990
-5772
-2973
-1943
-1477
855
5976
11679
15294
15743
15286
16314
18570
18785
14333
5597
-4132
-11224
-14343
-14797
-15612
-17106
-17042
-12656
-4236
5060
11145
12865
12232
11693
11748
10826
7516
1869
-4099
-7871
-7316
-3367
1403
4698
6005
6050
5879
5497
3826
171
-5315
-10921
-14208
-13410
-9203
-3806
809
4505
8053
11956
15369
16373
13739
8363
2532
-1770
-3777
-4189
-4006
-3695
-2079
1498
6512
10989
13194
12323
9070
4721
146
-4394
-9101
-13806
-17547
-18691
-16483
-11405
-5246
816
6198
10729
14182
15879
14968
11191
5164
-2079
-8981
-14644
-18869
-21678
-22755
-21562
-18039
-13133
-8046
-3573
-240
1473
849
-1382
-2380
329
5890
11135
13798
14612
16215
19127
20832
17915
9756
-1322
-11045
-16826
-18877
-19814
-20886
-20724
-16520
-7686
3097
11683
15654
16310
15808
15343
13934
10445
4562
-2044
-7101
-8192
-5150
-154
4168
6352
6527
5694
4558
2504
-1011
-6187
-11828
-15754
-15631
-11168
-4383
1910
6484
9809
12821
15602
16675
14413
9088
2841
-1973
-4013
-3638
-2242
-900
620
3129
6621
9809
11039
9305
5061
-368
-5571
-9788
-12844
-14926
-15893
-14987
-11434
-5429
1642
8277
13273
16141
16824
15540
12173
6818
-195
-8070
-15445
-20810
-23425
-23567
-21824
-18530
-13917
-8563
-3419
802
3374
3778
1535
-2794
-6256
-5349
255
7238
12224
14217
15693
18289
20964
19840
12964
1330
-10462
-18293
-20791
-20263
-19451
-18335
-14621
-6565
4198
13907
19075
19703
17463
14512
11325
7585
2648
-2889
-7645
-9201
-6420
-832
4890
8270
8608
6473
3341
-48
-3430
-7323
-11603
-15031
-15046
-10180
-2096
5705
10629
12520
12869
13085
12620
10068
5051
-1000
-5672
-6976
-4895
-1180
1983
3967
5522
7607
9769
10433
8192
3360
-2600
-7988
-11465
-12907
-12840
-12020
-10365
-7101
-1622
5082
11212
15030
15940
14362
11128
6857
1649
-4663
-11753
-18175
-22347
-23317
-21488
-17951
-13681
-8932
-3982
774
4363
6086
5407
2154
-3740
-10646
-14767
-12515
-4330
5350
12356
16057
19149
23042
25782
23143
13572
-848
-14562
-22980
-24777
-22756
-19783
-16346
-10558
-1278
9751
18642
22307
20887
16371
11375
7231
4008
820
-2406
-4927
-4873
-1597
3699
8368
9967
7343
1621
-4686
-9507
-12157
-13615
-14749
-14740
-11354
-3928
5588
13400
16816
15780
12560
9389
6796
3738
-261
-4298
-6685
-5811
-1845
3116
6514
7776
7655
7509
7606
6845
4147
-164
-4927
-8782
-10570
-10152
-8506
-6828
-5165
-2723
1265
6291
10655
12568
11654
8818
5192
1456
-2561
-7368
-12725
-17350
-19699
-19147
-16367
-12650
-8945
-5350
-1818
1378
3553
3903
2171
-1449
-6734
-13115
-17934
-16854
-7810
5740
17585
23793
25765
26854
27714
25143
16105
823
-16011
-27983
-31329
-27083
-19676
-12708
-6750
21
8385
16398
20504
18996
13245
6775
2475
1166
1606
2106
1705
845
1091
3072
5656
6414
3607
-2716
-9928
-14858
-15786
-13489
-10118
-7090
-3827
993
7359
13301
16027
14347
9384
4025
666
-322
-368
-733
-1541
-1469
539
3811
6447
6963
5579
3787
2878
2691
2384
1195
-1143
-4075
-6427
-7153
-6236
-4764
-3583
-2507
-632
2405
5829
8099
8038
5603
1976
-1448
-3945
-6010
-8464
-11250
-13269
-13294
-11283
-8238
-5326
-3105
-1315
434
1820
2286
1366
-1382
-5868
-11631
-17253
-18960
-12983
-132
13710
22600
24910
23870
22798
21196
15534
4124
-10671
-23183
-28164
-24164
-14971
-5992
-369
2544
5302
9074
12086
11769
8096
3325
505
1031
4066
7317
8616
6858
3322
260
-849
-720
-1330
-4107
-8464
-12048
-12600
-9487
-4556
-446
1338
1713
2787
5536
8616
9681
7583
3768
1050
1074
2981
4575
4329
2517
837
559
1351
1867
1242
-122
-887
-196
1429
2804
3051
1866
-355
-2395
-3153
-2555
-1420
-779
-852
-1004
-276
1169
2148
1685
-120
-2082
-2942
-2541
-2114
-2913
-4955
-7044
-8089
-7761
-6836
-6048
-5463
-4530
-3302
-2149
-1699
-2420
-4558
-7823
-12006
-15764
-15070
-6857
6696
19044
24835
23615
20006
17456
14858
8755
-1524
-13309
-21480
-22192
-15731
-6599
211
2555
1781
1298
2650
4509
4902
3805
2560
2980
5584
9173
11672
11195
7107
1419
-2832
-4012
-3044
-2226
-3355
-6087
-8346
-8146
-5425
-2112
-438
-1050
-2320
-1946
837
4475
6827
6882
5660
5033
5863
7199
7595
6113
3225
523
-810
-897
-680
-626
-668
-399
349
1401
2406
3048
2683
1157
-508
-1143
-575
253
170
-1097
-2639
-3349
-2947
-1939
-947
-163
462
1150
1763
1620
150
-2428
-5360
-7777
-9207
-9548
-8899
-7644
-6455
-5806
-5610
-5505
-5558
-6221
-8128
-11136
-12452
-8286
2107
14116
21684
21982
17720
13454
10829
7782
2213
-5673
-13016
-16174
-13547
-6888
-197
3049
1932
-1199
-3099
-2359
-120
1931
3060
3920
5576
8290
10960
11795
9317
3916
-1690
-4589
-3828
-1100
873
367
-2113
-4466
-5187
-4745
-4438
-5304
-6830
-7281
-5271
-969
3928
7556
8850
8426
7548
7113
6904
6388
5091
3405
2163
1787
1912
1777
896
-692
-2290
-3128
-2573
-703
1539
3047
3478
3371
3224
3029
2273
383
-2166
-4046
-4316
-3074
-1034
847
1961
2052
1126
-560
-2676
-4810
-6646
-7982
-8473
-7858
-6330
-4722
-3958
-4443
-5775
-7061
-7853
-8427
-9247
-10770
-12588
-11766
-5468
5505
16173
21422
20002
15413
11701
9668
7291
2900
-3152
-8516
-10433
-7924
-2809
1291
1390
-2488
-7031
-8824
-6933
-2944
979
3635
5624
7846
10168
11609
10852
7120
1985
-1544
-1637
1185
4512
5489
3041
-1509
-6219
-9567
-11180
-11557
-11286
-10098
-7360
-2827
2750
7729
10356
10073
8095
6304
6015
7229
8850
9674
9310
8041
6117
3654
766
-2409
-5332
-7170
-6990
-4377
-111
3787
5442
4551
2286
146
-1228
-2133
-2864
-3124
-2296
-296
2140
3805
3758
1674
-1764
-5265
-7639
-8235
-7213
-5386
-3659
-2549
-2118
-2447
-3804
-6309
-9413
-11986
-13050
-12578
-11492
-11127
-11839
-11069
-5595
4853
15600
21394
20579
16402
13272
12145
10686
6805
727
-5232
-8365
-7679
-4635
-1963
-2027
-5310
-9445
-11478
-9933
-5705
-528
3568
6103
7607
8612
9193
8909
7077
4265
2677
3582
6657
9699
10017
6069
-819
-8180
-13507
-15669
-14958
-12501
-9167
-5178
-981
2870
5406
6153
5095
3530
3143
5054
9236
14049
17188
17228
14091
8932
3357
-1309
-4692
-6644
-7065
-5700
-2560
1261
3718
3147
-129
-4221
-6575
-6078
-3283
314
3597
5831
6743
6149
3864
36
-4537
-8450
-10545
-10075
-7405
-3668
-381
1194
517
-1762
-4620
-7362
-9878
-11979
-13249
-13241
-12210
-11243
-11469
-12421
-10938
-4366
6410
16541
21519
20342
16581
13784
12249
10066
5863
413
-3985
-5434
-4395
-2563
-1923
-3549
-7294
-11076
-12845
-11157
-6325
-209
4482
6632
6868
6288
6085
6127
5696
5272
6189
8599
11753
13349
10997
4277
-4470
-12103
-16114
-16052
-13362
-9723
-6104
-2749
-277
1042
1051
270
-254
754
4034
9435
15518
20034
21246
18578
12787
5836
-61
-3667
-4872
-4430
-3221
-1717
-229
247
-1216
-4373
-7848
-9673
-8565
-4581
643
5321
8007
8172
6215
2932
-1070
-4923
-7532
-8352
-7169
-4646
-1917
38
614
-633
-3160
-5998
-8420
-10184
-11204
-11700
-11839
-11602
-11687
-12521
-14268
-14042
-8744
2154
14130
21373
21707
17460
13538
11513
10697
8818
5588
1666
-597
-878
-368
-948
-3831
-8248
-12525
-14410
-13472
-9295
-3403
2086
5061
5397
4010
2892
3343
4789
6900
9610
12519
14930
16129
14340
8486
-104
-8485
-13560
-13972
-11176
-7819
-5409
-4185
-3950
-4486
-5545
-6365
-5815
-2755
2886
10018
16760
21278
22280
19691
14310
7715
2120
-1036
-1638
-765
335
720
303
-1268
-4325
-8210
-11209
-11899
-9724
-5458
-651
3410
5832
6156
4532
1887
-1146
-3701
-5275
-5372
-4272
-2520
-906
-312
-891
-2378
-4245
-6100
-7260
-8052
-8802
-9711
-10904
-12254
-13698
-15084
-16581
-15526
-9235
1987
13558
20256
20195
15618
11283
9052
9037
9356
8885
6905
4718
3265
2078
-70
-4120
-9095
-13143
-14047
-11980
-7735
-2954
581
1564
214
-2234
-3830
-2830
684
6100
12191
17074
19326
18730
15293
9062
1515
-5158
-8575
-7929
-4627
-1645
-1109
-2973
-6345
-9835
-12420
-13095
-10937
-5561
2181
10292
16563
19233
18034
14251
9666
6037
4505
4988
6262
6970
6233
3958
848
-2752
-6683
-10060
-11506
-10355
-7125
-3256
-396
747
307
-970
-2178
-2453
-1919
-1328
-1125
-1268
-1447
-1524
-1768
-2580
-3810
-4919
-5109
-4366
-3409
-3597
-5484
-8620
-11752
-14235
-15996
-17240
-16137
-10003
635
11433
16737
15380
10128
6010
4774
5897
7782
9305
9714
8677
6988
4718
2159
-1359
-5264
-8396
-8847
-6690
-3533
-1119
-1084
-3124
-6110
-8392
-8898
-7056
-3226
2020
8278
13886
17011
16729
13468
8283
3340
546
543
2759
5077
5412
2819
-1434
-5960
-9475
-11417
-11355
-9085
-4921
235
4800
7807
8646
8024
6772
5838
5993
7594
9877
11140
10302
7586
4228
1408
-772
-2871
-4809
-5832
-5674
-5026
-4692
-5229
-6352
-7369
-7674
-6902
-4974
-2410
-513
-44
-990
-2599
-3958
-4620
-4642
-4252
-3808
-3664
-3992
-4541
-5213
-6134
-7383
-9141
-10989
-12336
-10882
-5171
3510
10670
12219
8500
3306
1322
2905
6186
8326
8414
6729
4345
2726
2129
2263
1445
-704
-3304
-4123
-2504
220
1538
-193
-3728
-6933
-7933
-6711
-4156
-1286
1560
4389
6780
8578
9502
9270
7501
4963
3155
3223
5050
6693
6480
3809
-160
-3774
-5678
-5601
-4189
-2365
-653
847
1963
2703
2929
2980
3093
3551
4705
6555
8554
9613
9057
7081
4574
2418
811
-445
-1490
-2312
-3146
-4142
-5262
-6430
-7642
-8876
-9814
-9969
-8819
-6693
-4416
-2945
-2565
-2943
-3520
-4127
-4938
-5887
-6846
-7461
-7693
-7835
-8497
-9740
-10707
-8415
-1905
6530
11853
11364
6907
2861
2715
5302
8269
9310
8663
6765
4860
3129
1414
-485
-2768
-4599
-5194
-3830
-1596
205
16
-2426
-5593
-7415
-6909
-4619
-1822
620
2988
5356
7089
7745
7528
6831
5853
5084
5007
5997
7362
7398
5116
1129
-2364
-3790
-3175
-2029
-1457
-1373
-1186
-501
572
1761
2697
3202
3215
2900
3113
4220
5726
6545
6219
5350
4650
4419
3984
3017
1742
642
-279
-1505
-3251
-5336
-7111
-8411
-9369
-9958
-9936
-9411
-8924
-8867
-8989
-8613
-7420
-5827
-4214
-2989
-2368
-2695
-4031
-5974
-8052
-9654
-9962
-7062
-804
6537
10761
9845
5807
2481
2771
5587
8837
10361
9741
7474
4737
2617
1171
189
-1097
-2370
-3083
-2683
-1770
-1454
-2361
-4326
-6137
-6799
-5971
-4313
-2538
-949
709
2624
4301
5497
6196
6605
6721
6817
7026
7548
7959
7416
5673
3252
1373
335
-108
-810
-1495
-1789
-1402
-832
-515
-112
635
1866
2948
3865
4881
5961
6485
5997
4931
4041
3672
3341
2640
1769
1240
1148
702
-819
-3250
-5779
-7413
-7930
-7888
-8157
-8878
-9737
-10444
-11017
-11458
-11406
-10653
-9328
-8033
-7150
-6668
-6346
-6412
-7052
-7828
-6022
-610
6718
11359
10727
6751
3299
3697
6542
9788
11267
10968
9187
6731
4451
2597
1366
-81
-1716
-3181
-3457
-2826
-2443
-3353
-5525
-7554
-8371
-7916
-6702
-5258
-3407
-1032
1701
3948
5221
5590
5157
4534
4474
5515
7402
9155
9813
8869
6695
4337
2429
1209
428
-2
-52
559
1483
1759
868
-676
-1554
-1193
-5
1486
3004
4362
5068
5062
4728
4656
4740
4180
2956
1808
1672
2199
2121
582
-1954
-4480
-6280
-7278
-7811
-8072
-8422
-9206
-10428
-11630
-12442
-12701
-12715
-12588
-12066
-10965
-9588
-8539
-8281
-8241
-5867
-405
6514
10677
10207
7001
4835
6528
10290
13761
14619
12982
9951
6981
5111
4013
3319
2181
736
-539
-1337
-2223
-3981
-6408
-8837
-10072
-9745
-8472
-7120
-6263
-5385
-3980
-1697
750
2719
4014
4600
5027
5825
7358
9061
10032
9568
7621
5240
3576
2948
2748
2523
2201
2066
2293
2202
1320
-226
-1298
-1253
-106
1545
2950
3956
4301
3923
3095
2528
2701
3395
3912
3570
2830
2153
1567
505
-1009
-2399
-3272
-3585
-4065
-5189
-6967
-8982
-10682
-11644
-11850
-11712
-11895
-12572
-13516
-13967
-13677
-13004
-12525
-12626
-11015
-6184
1338
8156
10564
9257
6687
6610
9129
12729
15296
15502
13956
11308
9336
7835
6659
4884
2539
595
-683
-1240
-2479
-4701
-7438
-9342
-9242
-8171
-7241
-7530
-8093
-7647
-5608
-2492
209
2029
2638
2523
2808
4157
6542
8608
9421
8747
7358
6296
5794
5583
4893
4039
3278
2794
2519
1851
1014
-138
-874
-792
205
1799
3197
3937
3567
2785
2323
2738
3722
4396
4253
3314
2317
1451
469
-852
-2091
-2858
-3149
-3502
-4499
-5864
-7333
-8482
-9212
-9703
-9823
-9913
-10395
-11419
-13001
-14199
-14888
-14777
-14450
-12731
-8530
-2566
2955
4662
3693
2028
2986
6686
11130
14586
15500
14535
12348
10952
10560
10777
10224
7995
5320
3194
2293
1406
-550
-3685
-6833
-8497
-8846
-8613
-9104
-9909
-10147
-9260
-7005
-4393
-1975
-558
-438
-547
240
2782
6067
8584
9274
8483
7615
7243
7586
7849
7682
7105
6467
5962
4934
3425
1340
-498
-1551
-1805
-1214
-154
1036
1481
950
291
586
2045
3530
4190
3857
3467
3346
2639
1075
-819
-1926
-2240
-2527
-3534
-5028
-6344
-7421
-8313
-9260
-10040
-10766
-11663
-12748
-13719
-14198
-14192
-13850
-13471
-11502
-7553
-2314
1497
2003
749
4
2515
7258
11945
14686
14771
13209
11039
9968
9862
10303
10045
8483
6403
4519
3535
2382
465
-2349
-5071
-6305
-6271
-5917
-6664
-7910
-8808
-8606
-7227
-5461
-3562
-2434
-2337
-2567
-1848
684
3761
5861
6125
5703
6081
7651
9320
9688
9063
7874
7159
6772
6005
4856
3160
1538
228
-324
-153
494
898
433
-482
-1342
-923
545
2116
2917
2546
1817
1131
259
-978
-2030
-2037
-1031
-120
-669
-2527
-4933
-7153
-8888
-10295
-11118
-11523
-11918
-12477
-13458
-14320
-14850
-14383
-11579
-6841
-1732
662
224
-1126
-632
2923
7457
11127
12440
11957
10265
8682
8211
8540
9397
9519
8984
7696
6119
4511
2498
365
-1967
-3626
-4284
-4434
-4963
-6281
-7263
-7186
-5930
-4634
-3991
-3577
-3295
-3051
-2948
-2313
-447
2059
3867
4292
4303
5253
7157
8485
8297
7209
6499
6754
7252
6984
5727
4111
2875
2156
1734
1435
1221
925
295
-501
-1008
-653
171
788
744
218
-123
-331
-849
-1678
-2212
-2057
-1512
-1186
-1589
-2789
-4707
-6850
-8782
-9952
-10218
-10278
-10822
-12066
-13466
-14386
-13386
-9964
-5354
-1915
-1316
-2455
-2869
-719
3449
7574
10319
11090
10376
9158
8547
8812
9291
9126
7985
6812
6103
5638
4246
1667
-1109
-3077
-3664
-3789
-4264
-5466
-6531
-6651
-5760
-4290
-3110
-2404
-2351
-2654
-2801
-2254
-553
1878
4202
5769
6480
6729
7017
7227
7032
6559
6121
6086
6184
5754
4563
2986
1764
1133
908
1026
1277
1266
742
-144
-779
-494
431
1012
730
-296
-1421
-2139
-2292
-1980
-1443
-1025
-1196
-2259
-3898
-5279
-5988
-6250
-6611
-7440
-8464
-9623
-11029
-12735
-13809
-12556
-8868
-4391
-1974
-2308
-3779
-3735
-947
3250
7063
9123
9464
8709
7802
7495
7945
8754
8993
8398
6954
5331
3989
2571
918
-836
-2189
-2926
-3441
-4384
-5829
-6829
-6844
-5837
-4505
-3418
-2591
-2446
-2860
-3355
-2882
-814
2280
5095
6738
7236
7400
7477
7315
6849
6651
7043
7598
7405
5903
3587
1567
640
700
1231
1503
1109
56
-1269
-2261
-2460
-1730
-618
142
57
-724
-1458
-1648
-1450
-1262
-1146
-931
-648
-838
-1688
-3139
-4776
-6273
-7639
-8861
-9818
-10814
-11652
-11034
-8472
-4776
-2433
-2834
-4547
-5130
-2775
1553
5600
7938
8159
6947
5493
5065
5877
7404
8273
7700
6286
4747
3765
2780
1362
-176
-1490
-2256
-2964
-4189
-5778
-6847
-6756
-5695
-4518
-4043
-3953
-3885
-3705
-3266
-2436
-353
2780
5855
7580
7488
6775
6439
6664
6938
7166
7543
7677
6922
4869
2380
572
-42
208
577
1000
1154
640
-701
-2362
-3258
-2734
-1167
154
292
-716
-1985
-2542
-2342
-1662
-997
-569
-477
-1113
-2318
-3789
-5134
-6251
-7233
-8049
-8781
-9429
-9371
-7881
-4983
-2067
-1071
-1938
-2965
-2199
673
4036
6546
7527
7165
6056
4980
4650
5197
5957
6036
5528
4782
4211
3648
2363
438
-1715
-3440
-4390
-4993
-5524
-6104
-6499
-6478
-6028
-5388
-4750
-4001
-3379
-2576
-1276
1154
4370
6936
7731
6909
6002
6281
7716
8712
8313
6920
5435
4804
4455
3698
2207
461
-679
-1072
-916
-624
-521
-930
-1797
-2721
-3156
-2690
-2069
-1976
-2380
-2687
-2299
-1475
-843
-835
-1436
-2186
-2542
-2424
-2333
-2785
-4055
-5605
-6956
-8140
-8751
-7693
-4744
-951
1110
274
-1961
-3157
-1704
1446
4601
6741
7530
7158
6206
5525
5522
6217
6750
6703
6203
5323
4229
2584
616
-1241
-2790
-3933
-4985
-6058
-7005
-7453
-7409
-7078
-6598
-6127
-5290
-4168
-2823
-1351
232
2041
3709
5073
5869
6297
6619
7161
7627
7550
6965
6175
5789
5607
5074
3850
2310
982
14
-611
-1050
-1350
-1776
-2676
-3858
-4927
-5303
-4963
-4367
-3592
-2887
-2278
-2031
-2365
-2715
-2693
-1978
-1219
-963
-1484
-2435
-3439
-4878
-6467
-7882
-7759
-5491
-2224
370
564
-783
-2064
-1762
299
2817
5046
6353
6852
6585
6131
6060
6508
7172
7100
6414
5517
4826
4326
3200
1367
-801
-2679
-3864
-4737
-5421
-5943
-6055
-6098
-6405
-6810
-6851
-5521
-3450
-1322
92
1021
2238
3470
4596
5416
6255
7180
7619
7167
6098
5369
5157
5220
4903
4087
3168
1978
649
-924
-2247
-2731
-2761
-2854
-3516
-4526
-5459
-5728
-5341
-4700
-3986
-3435
-2832
-2256
-1935
-1785
-1921
-2045
-2255
-2618
-3027
-3436
-3981
-4942
-6067
-6198
-4369
-1236
1182
1190
-575
-2282
-2020
309
3390
5860
6902
6559
5405
4510
4562
5471
6397
6478
5786
4906
4342
3906
2885
1225
-842
-2544
-3557
-4095
-4510
-4918
-5200
-5442
-5538
-5317
-4453
-3115
-2002
-1304
-758
641
2954
5035
5930
5693
5299
5633
6553
7395
7717
7372
6525
5466
4434
3639
2845
1858
595
-812
-2075
-2994
-3661
-4389
-5310
-6372
-7122
-7095
-6419
-5664
-5310
-5361
-5289
-4906
-4276
-3432
-2781
-2488
-2698
-3216
-3654
-3874
-4052
-4486
-4144
-2373
537
2953
3139
1701
42
27
1826
4310
6418
7273
6849
5471
4386
4383
5415
6435
6163
4794
3072
2024
1495
682
-482
-2034
-3358
-4342
-4944
-5233
-5025
-4457
-4169
-4108
-4054
-3405
-2245
-1562
-1273
-1026
424
2830
4727
5391
4944
4673
5172
6159
6999
7285
7200
6595
5791
4889
4303
3913
3031
1590
-165
-1369
-1739
-1826
-2235
-3209
-4394
-5269
-5678
-5959
-6344
-6620
-6499
-6018
-5630
-5562
-5786
-6009
-6009
-5889
-5812
-5705
-5555
-5717
-5069
-2908
564
3637
4151
2660
770
886
3119
5668
7523
8113
7929
6985
6088
5599
5707
6173
5782
4742
3598
3231
3333
2557
828
-1479
-3224
-4228
-4730
-5214
-5500
-5127
-4693
-4319
-4227
-4063
-3529
-3294
-3071
-2839
-1724
239
1976
2708
2489
2167
2443
3548
4785
5745
6292
6240
5928
5224
4629
4215
3790
3225
2186
1052
320
106
-314
-1218
-2450
-3459
-3869
-4275
-4791
-5256
-5275
-5038
-5279
-6097
-6845
-7197
-7057
-6969
-7238
-7506
-7484
-5988
-3314
292
2802
3234
2159
847
1191
2914
5511
7818
9035
9042
7826
6611
5836
6014
6286
5892
5115
4244
4074
3865
2789
922
-1374
-2941
-3749
-4050
-4073
-3704
-3121
-2920
-3056
-3313
-3031
-2568
-2633
-3021
-3237
-2280
-615
604
854
301
-172
-339
-49
408
1196
2182
2994
3411
3138
2635
2046
1586
1341
1151
1160
1132
967
449
-353
-1197
-1786
-1996
-2049
-2080
-2390
-2858
-3443
-4219
-4797
-5334
-5611
-6087
-6628
-7341
-7483
-6026
-3455
-236
1358
1604
841
491
1559
3322
5614
7440
8403
8222
7487
7013
7002
7281
7009
6203
5437
5043
5064
4419
3232
1698
235
-941
-2110
-3025
-3433
-2937
-2314
-2147
-2412
-2829
-2796
-3216
-3882
-4480
-3927
-2007
-92
620
-155
-1358
-1956
-1560
-763
-39
589
833
946
793
533
503
376
143
-460
-1089
-1244
-969
-768
-1099
-1756
-2392
-2512
-2278
-2286
-2591
-3169
-3636
-3900
-4040
-3896
-3719
-3965
-4619
-5792
-6191
-4750
-1827
1249
2315
1738
546
504
1911
3953
5927
7268
7992
7706
7161
6745
6934
7260
6953
6119
5250
4931
4979
4517
3495
2183
1055
243
-403
-904
-1085
-849
-710
-889
-1404
-1660
-1503
-1705
-2280
-3005
-2939
-1887
-643
-32
-256
-653
-845
-910
-1015
-1144
-1000
-823
-643
-755
-965
-1041
-1184
-1390
-1817
-2088
-2021
-1656
-1420
-1566
-2052
-2648
-2937
-2972
-2923
-3038
-3431
-3815
-4214
-4414
-4474
-4458
-4585
-5105
-5940
-6237
-4951
-2388
296
1237
666
-354
-305
1206
3396
5542
7032
7713
7356
6711
6486
7041
7827
7951
7283
6420
5899
5913
5572
4814
3728
2641
1712
806
11
-587
-572
-434
-449
-649
-816
-767
-1030
-1708
-2369
-2269
-1203
27
586
396
31
-216
-436
-678
-887
-798
-678
-733
-1144
-1567
-1783
-2067
-2575
-3181
-3478
-3280
-2821
-2471
-2342
-2307
-2406
-2650
-2894
-2940
-2650
-2294
-2005
-2021
-2283
-2697
-3257
-3749
-4317
-4779
-5231
-5157
-4165
-2534
-899
-269
-357
-845
-889
-394
577
2059
3570
4777
5106
5061
5052
5395
5771
5739
5474
5266
5362
5497
5379
5183
4866
4382
3412
2025
762
202
438
930
1349
1488
1395
919
60
-814
-1232
-697
556
1771
2440
2406
1942
1225
459
-139
-486
-576
-552
-605
-941
-1451
-2140
-2958
-3776
-4526
-4972
-4970
-4587
-4042
-3537
-3295
-3324
-3515
-3687
-3547
-3119
-2474
-1706
-1093
-784
-875
-1302
-1890
-2392
-2727
-2918
-3032
-2940
-2346
-1213
150
1177
1660
1560
1181
779
656
1048
1816
2656
3233
3507
3579
3509
3155
2531
1821
1469
1680
2369
3150
3559
3206
2103
661
-626
-1350
-1346
-680
209
1016
1543
1840
1845
1566
1125
825
1073
1948
3138
4080
4455
4243
3555
2561
1563
839
594
637
683
462
-103
-925
-1918
-2909
-3820
-4330
-4387
-4043
-3637
-3400
-3263
-3186
-3199
-3424
-3689
-3648
-3145
-2407
-1833
-1504
-1327
-1175
-1161
-1313
-1466
-1514
-1423
-1429
-1594
-1869
-2098
-2032
-1601
-884
-136
534
964
1054
895
627
609
912
1428
1931
2351
2623
2697
2584
2368
2176
2114
2205
2407
2613
2682
2493
2107
1516
721
-69
-532
-357
160
692
978
1011
973
784
516
349
620
1327
2157
2672
2649
2284
1692
1158
821
745
981
1216
1294
1017
337
-423
-1008
-1263
-1359
-1417
-1536
-1597
-1635
-1734
-1955
-2105
-2080
-1941
-1830
-1870
-1923
-1960
-1888
-1782
-1638
-1503
-1427
-1495
-1610
-1746
-1891
-2195
-2558
-2725
-2638
-2430
-2375
-2485
-2437
-1936
-1181
-424
129
338
359
365
526
931
1498
2144
2671
2952
3023
3030
2977
2836
2688
2653
2710
2777
2653
2231
1569
845
221
-235
-382
-265
12
183
160
35
-127
-239
-326
-245
36
462
819
932
860
839
1009
1146
1095
932
779
734
651
471
297
246
325
358
228
-86
-287
-325
-435
-719
-974
-1053
-825
-600
-625
-808
-1095
-1257
-1133
-965
-898
-1065
-1384
-1603
-1667
-1518
-1237
-1171
-1332
-1653
-2040
-2265
-2294
-2233
-2245
-2231
-2162
-1950
-1648
-1359
-1110
-881
-553
-227
171
656
1097
1401
1493
1476
1511
1773
2191
2558
2669
2417
1980
1475
1138
1028
964
901
842
705
359
-35
-287
-273
-29
256
478
596
540
382
233
165
376
834
1327
1686
1797
1670
1500
1220
1084
1126
1171
1221
1101
748
438
264
148
240
238
19
-226
-584
-795
-800
-850
-823
-877
-920
-901
-897
-875
-864
-908
-927
-788
-492
-139
-10
-138
-510
-821
-984
-1089
-1164
-1324
-1541
-1701
-1848
-1954
-1887
-1775
-1804
-1791
-1803
-1824
-1636
-1294
-777
-397
-605
-826
-324
-2
315
630
403
320
617
1170
1615
1479
818
244
126
1175
2822
2597
610
-817
-887
-321
257
817
1396
1413
1051
1243
1856
1666
800
483
843
1126
791
677
752
931
1109
1458
1920
1850
1534
1463
1408
818
-34
-779
-1147
-1371
-1574
-1573
-1355
-1129
-813
-315
127
302
252
266
487
636
756
832
577
265
-104
-328
-373
-418
-574
-709
-933
-1199
-1370
-1484
-1463
-1361
-1478
-1792
-2007
-2112
-1951
-1558
-1192
-934
-742
-700
-617
-494
-469
-483
-455
-295
-1
259
514
518
286
-5
-202
-212
-105
-17
85
169
171
297
417
512
496
381
441
782
1143
1313
1299
1155
1040
1038
1134
1169
1239
1045
692
445
534
684
834
776
437
139
-10
143
387
592
674
693
549
501
559
626
672
660
496
423
368
290
153
-133
-333
-341
-308
-255
-313
-440
-499
-640
-759
-764
-648
-415
-210
-225
-268
-460
-701
-799
-815
-655
-382
-201
-271
-437
-767
-933
-879
-840
-715
-741
-881
-968
-1191
-1491
-1582
-1548
-1321
-1132
-1021
-956
-881
-788
-734
-633
-499
-311
-27
284
512
615
585
563
568
676
786
922
1067
1182
1177
1138
1046
1002
1003
979
1040
1151
1173
1077
861
645
468
416
376
438
389
381
293
242
194
154
192
189
240
152
14
40
76
104
144
38
-10
-51
32
138
147
21
26
-62
2
192
280
218
172
95
17
65
56
93
59
86
130
177
142
-89
-459
-658
-708
-703
-688
-773
-811
-849
-965
-1077
-1102
-1143
-1010
-906
-882
-803
-656
-610
-479
-360
-341
-186
2
105
187
281
390
441
506
582
636
610
611
508
457
357
220
17
-52
-55
11
31
-12
-127
-168
-234
-281
-236
-176
-93
-19
95
174
197
301
291
212
163
200
297
376
405
410
375
258
165
87
120
80
168
83
36
38
9
36
81
127
121
168
94
160
190
225
260
288
246
177
141
88
57
-9
-106
-60
-101
-50
-100
-113
-103
-254
-312
-378
-258
-197
-107
-192
-152
-187
-215
-123
-124
10
-5
86
49
163
232
181
71
-90
-138
-289
-294
-275
-348
-312
-325
-274
-410
-370
-440
-430
-396
-354
-210
-263
-46
-135
-113
-113
-35
14
62
56
69
187
261
265
187
153
135
114
30
152
219
233
191
136
84
1
77
56
94
185
187
210
134
125
-8
56
97
101
111
188
232
118
167
112
163
166
256
224
276
341
313
348
292
262
282
310
284
278
262
268
222
127
112
0
-44
-34
-66
-141
-166
-211
-325
-339
-399
-444
-474
-431
-522
-398
-368
-382
-413
-404
-442
-428
-374
-308
-188
-245
-205
-273
-237
-148
-177
-115
-41
-20
-22
11
-21
-43
-47
-31
90
183
202
195
167
151
101
94
-5
-2
-52
-41
-55
-65
-56
-36
-17
-74
-91
-137
-131
3
4
98
75
147
137
178
181
208
235
204
326
309
411
357
385
350
373
370
377
431
520
484
392
301
241
159
193
81
-18
-107
-117
-162
-205
-237
-206
-208
-238
-245
-278
-295
-339
-266
-297
-119
-11
35
-33
-96
-108
-168
-104
-130
-194
-134
-159
-131
-185
-208
-232
-289
-266
-213
-192
-85
-160
-148
-205
-154
-131
-127
-22
-93
-59
-118
-78
-15
-14
18
39
115
110
135
136
150
44
74
111
75
132
40
157
78
166
136
276
193
228
306
108
186
114
187
139
253
118
189
180
164
178
111
198
72
66
60
-9
0
26
0
-121
33
-30
-41
-20
-43
58
93
89
71
162
68
155
18
-121
-33
-97
121
71
61
-3
-31
-209
-209
-296
-249
-187
-289
-64
-241
-241
-258
-412
-430
-408
-313
-283
-204
-213
-176
-309
-99
-159
-261
-82
-210
-36
-72
55
30
39
-7
98
-3
113
212
125
269
226
240
135
166
103
187
134
221
207
148
141
105
15
81
53
-44
20
24
17
-43
-44
-82
-92
-11
103
-7
36
69
15
87
203
170
279
239
277
238
302
288
300
254
193
193
123
173
84
193
117
147
81
78
7
45
27
-22
3
-45
52
-155
-52
-137
-141
-152
-112
-135
-168
-54
-149
-110
-73
-70
-147
-128
-207
-310
-243
-195
-235
-165
-175
-175
-105
-206
-133
-227
-229
-125
-215
-162
-92
-114
-140
-138
-150
-195
-182
-229
-181
-215
-167
-240
-227
-113
-162
-132
-189
-97
-152
-124
-98
-148
14
-41
54
32
95
105
135
178
268
294
305
416
316
402
423
371
503
337
453
363
394
443
355
389
284
265
196
240
159
254
143
116
79
-21
61
30
17
76
87
69
83
56
13
-11
6
-3
-21
-26
25
-83
-155
-159
-204
-265
-219
-270
-315
-235
-316
-239
-323
-299
-309
-294
-313
-279
-232
-319
-233
-327
-348
-256
-321
-240
-263
-281
-279
-196
-278
-162
-185
-216
-213
-260
-179
-164
-49
-27
-68
-38
97
65
149
227
216
245
379
361
357
467
392
406
406
470
458
491
464
418
438
412
454
364
383
366
350
279
288
244
193
210
120
117
53
87
89
65
53
17
-64
-66
-78
-106
-98
-61
-101
-107
-141
-175
-240
-203
-251
-162
-196
-268
-209
-369
-357
-338
-408
-359
-331
-428
-366
-508
-323
-372
-433
-275
-424
-389
-335
-430
-324
-380
-302
-175
-285
-44
-217
-108
-71
-95
-47
-23
67
129
97
256
89
181
252
110
255
149
232
321
250
307
299
273
324
289
298
254
377
275
364
351
318
339
235
334
242
293
289
315
177
355
131
285
132
96
121
53
174
61
134
56
23
-76
79
-64
39
-14
-38
-94
-137
-55
-164
-136
-189
-228
-295
-176
-328
-314
-319
-331
-345
-322
-262
-323
-312
-347
-357
-393
-252
-231
-227
-167
-221
-200
-156
-185
-11
-81
-41
44
-10
23
67
63
63
112
18
119
111
197
179
165
45
165
-5
123
162
-17
188
22
178
60
142
17
176
12
82
104
3
214
28
104
122
41
136
133
154
185
137
195
122
307
213
206
215
123
126
83
94
97
53
-29
101
-68
-7
-70
-161
-89
-242
-160
-127
-252
-66
-304
-196
-208
-270
-137
-269
-190
-253
-194
-243
-197
-124
-134
-114
-131
-123
-133
-44
-150
-70
-68
-35
57
-72
126
-140
106
-16
37
-8
24
168
2
264
21
190
66
182
-10
105
78
58
175
-10
158
58
40
146
-1
45
166
-87
196
4
80
161
-39
173
61
83
216
47
153
186
9
230
104
92
185
37
113
51
78
-34
-16
56
-62
8
20
25
-169
43
-174
-114
-73
-128
-156
-135
-104
-211
-39
-239
-38
-269
-3
-200
-113
-71
-209
-7
-227
-29
-168
-9
-169
-23
-70
-141
15
-148
-61
-51
-156
-11
-23
26
28
61
-55
182
-112
61
100
-97
242
-58
184
60
81
121
15
128
39
141
11
146
56
140
40
93
70
62
181
-63
327
-3
164
139
-31
128
63
29
111
61
116
53
17
55
2
27
10
-61
-24
-11
-143
-3
-95
-31
8
-140
-70
-81
-235
-28
-157
-172
53
-247
26
-150
-173
-73
-62
-189
97
-252
30
-129
-217
95
-364
155
-148
-49
47
-121
-12
84
-87
32
-49
-96
126
-116
156
54
-23
167
-12
198
102
37
156
33
65
205
82
81
272
-136
200
0
26
168
-11
100
125
-19
113
52
-30
241
-65
100
5
-17
55
7
34
60
-12
-10
9
-32
12
-37
-51
-89
-68
42
-69
-74
100
-257
98
-185
-53
-66
-89
-10
-141
107
-183
44
-122
37
-100
32
-137
-41
-39
-118
13
-73
94
-182
101
-180
40
-161
13
-11
-31
105
-106
75
-41
79
-55
125
-21
119
-13
136
36
56
124
-120
226
-63
75
115
-51
143
-64
54
18
19
15
91
-35
60
94
-77
125
-48
33
65
110
24
111
2
22
-33
29
-21
-36
91
-95
69
-44
24
-67
10
-39
-64
-53
9
-148
35
-100
-76
-16
-203
45
-165
-27
-53
-38
-39
-88
-64
6
-80
-42
42
-124
110
-67
-29
96
-47
-9
15
-77
75
-34
52
27
-6
70
2
74
-33
104
21
26
14
45
33
24
83
-2
53
14
71
-61
111
34
-43
182
-22
13
12
21
3
-10
3
-21
29
16
10
10
23
27
-17
25
-4
-2
51
-29
101
-109
99
-63
6
-24
-84
29
-83
70
-66
24
-131
31
-158
-60
-16
-118
-1
-87
-13
-73
39
-59
25
-4
-105
10
-97
76
-33
5
45
-23
82
38
31
24
99
-51
126
-23
44
59
-32
24
-67
66
-13
-20
32
33
-9
40
-44
16
-24
-30
9
-44
88
-15
44
7
-3
17
-16
30
32
46
56
23
19
45
63
-7
31
18
-7
58
-4
-12
28
-34
33
-27
14
-33
-13
-55
5
-81
-67
7
-69
-12
-65
-7
-76
7
-116
-79
-20
-97
-46
-14
-25
-77
60
-89
27
3
-35
-9
2
22
18
40
23
-15
21
22
51
17
50
21
-28
62
9
-1
77
8
-19
62
-60
81
-15
42
21
-3
-4
-22
23
-43
89
-92
77
-11
22
44
-11
18
-14
29
-23
32
-25
85
-89
68
3
-12
57
-25
17
7
13
-32
93
-101
108
-58
11
48
-73
71
-90
54
-53
5
-36
0
12
45
-10
6
22
-19
24
-77
34
-61
-49
14
-59
50
-10
15
12
-29
-19
-21
-34
-11
12
-22
75
-12
6
24
-47
-6
-13
-12
16
25
27
-39
10
-46
-13
-46
-15
-63
8
-4
-11
49
-21
62
-47
28
-29
16
18
-2
50
22
5
67
34
-20
0
-7
-22
-12
73
-60
54
-10
2
12
-6
-4
-11
1
29
-27
13
21
-78
98
-105
80
-24
-22
23
10
20
-27
31
-41
24
-38
29
-34
16
-21
-10
2
-25
13
-26
3
-36
4
-41
11
-38
16
-1
25
-5
28
-16
-28
3
-39
32
-22
6
-16
-6
11
-10
-3
-4
-28
0
-14
24
11
-2
-13
25
-27
28
-14
-3
63
-67
99
-53
38
-12
8
9
-6
58
-28
84
-55
38
2
2
18
4
23
-12
51
13
-27
28
-17
21
-10
42
-29
2
-19
19
-27
44
-31
14
2
0
29
-27
46
-34
46
-33
19
-5
1
16
-30
14
-32
10
13
-19
48
-64
29
-49
6
-20
-41
29
-47
37
-51
28
-41
18
-30
-22
3
-16
8
-32
19
-40
24
-44
25
-46
-4
-9
-59
30
-56
33
-51
27
-28
1
-4
-15
10
-27
26
13
-2
18
24
0
46
-31
59
-13
40
6
17
56
-13
63
-8
57
1
39
-29
20
9
3
2
-5
10
-22
32
-43
40
-29
23
-5
-12
11
-26
21
-13
-19
3
-18
28
-10
21
-5
5
-16
-24
2
-27
4
10
-27
5
-4
-17
19
-19
-17
-14
-23
0
5
-11
5
-14
-5
-14
9
-15
-2
4
-8
-14
13
4
-29
29
-36
22
-28
23
-32
30
-11
-4
10
-16
18
0
21
-31
25
-11
66
-21
31
15
-19
31
31
10
12
13
-18
18
-1
16
15
37
-20
39
-47
30
-15
-13
17
-3
-7
24
-3
-12
32
5
-15
1
-6
-22
-8
-3
-28
18
-7
-24
10
-40
-10
-7
12
-25
-8
-5
-7
-24
10
5
-31
18
-28
7
-35
21
-34
15
-11
10
-13
27
-12
-8
1
-9
9
-23
19
-16
38
-21
7
1
-2
-15
14
-24
28
-4
6
-3
6
6
-1
20
-13
7
7
-4
-7
23
-13
10
12
7
-9
14
-14
13
34
-12
19
-1
20
-20
14
3
3
19
17
-24
54
-33
16
-4
-1
-16
22
5
-44
62
-49
35
-23
36
-31
17
6
-14
18
-14
-4
1
-2
-1
-8
-10
12
-21
13
-11
10
-39
12
-35
-2
15
-43
14
-22
9
-17
5
5
-22
-4
8
3
-26
39
-20
17
-9
3
-4
-16
22
-39
41
-27
21
14
2
13
-14
19
-24
25
-25
33
-5
3
14
-29
54
-42
46
-34
-6
-7
10
14
-7
20
-40
15
-9
-13
3
8
-23
10
3
21
4
-14
14
5
-23
28
-15
14
-7
11
-20
1
14
-23
17
-23
23
-34
33
-30
-1
-10
-23
27
-23
14
-2
24
-26
24
-14
-1
4
10
-6
14
1
-6
18
-17
33
-13
17
10
-8
-15
23
-1
-9
4
-19
20
-1
14
-7
2
-4
6
-18
7
3
1
-14
13
-27
38
-24
14
2
-27
29
-41
44
-39
47
-31
7
-8
7
-19
20
-11
8
5
-15
17
-28
41
-10
29
-45
30
-15
36
-13
17
-4
-3
10
-33
35
-50
54
-59
37
-22
6
12
-28
21
-33
17
-31
15
-4
-5
9
-12
-3
7
-8
12
-8
-5
21
-23
16
4
0
-13
32
-23
7
3
-19
5
-10
6
-11
17
-18
3
-4
-6
-1
-7
-13
2
3
-13
16
-7
-15
35
-37
28
-16
12
1
1
8
-17
30
-33
50
-27
12
-1
-17
19
-12
44
-26
39
-23
5
1
-20
20
-27
27
-21
30
-24
7
-4
-10
3
-6
5
-7
17
-24
27
-27
10
19
-18
6
-15
15
-7
19
-22
5
5
-5
20
-20
19
-4
21
-19
11
-1
1
16
-11
-3
3
-16
23
-15
0
7
-11
25
-42
41
-60
23
-18
19
-16
5
19
-32
37
-44
30
-28
32
-45
45
-31
20
-2
7
-10
-2
16
-19
36
-36
33
-28
28
-21
19
-9
3
-2
1
10
-8
7
-7
15
-13
4
8
0
0
1
-8
-8
16
-18
4
-1
0
-1
-5
11
-5
4
-8
3
-2
6
-9
5
7
-8
8
-3
6
-8
5
-11
7
-7
-8
4
-11
7
-3
1
2
-13
5
-9
4
0
-6
-5
0
0
5
4
-7
3
5
-2
0
4
0
10
-6
0
8
-1
6
-8
6
-8
9
0
7
-5
-1
0
-5
12
-8
-3
3
1
7
5
-5
-2
3
7
-3
1
4
1
3
6
-2
1
1
-3
-3
10
-3
-1
4
1
-7
3
-2
1
-2
-2
3
2
-1
-4
0
-7
6
-6
-1
1
0
2
5
-5
-3
-5
-2
6
-7
3
2
-2
5
-1
-2
2
-5
-1
-6
6
-4
5
2
-2
4
-4
5
-5
2
2
-2
6
1
2
0
5
0
-3
5
-12
7
-1
4
3
-3
2
-1
1
1
0
-3
-2
-3
2
1
8
-9
7
-8
6
-7
1
4
-7
6
-6
3
-3
-1
-3
2
-3
2
-1
-1
-1
-4
-2
1
0
-5
-1
3
-6
4
-3
2
0
-1
1
-5
5
-7
7
-1
3
-1
-2
5
-3
4
-5
5
-4
3
-4
5
-4
2
-2
-5
7
-7
7
-6
1
-3
1
-1
1
2
-6
3
-3
3
1
1
-1
2
0
-2
7
-4
6
-2
-3
7
-1
5
-2
3
-5
2
4
-3
8
-4
1
2
0
3
-5
1
-2
-2
4
-2
5
-5
2
-3
0
2
-3
6
-4
3
-5
9
-7
2
-2
-2
6
-1
4
-7
5
-3
0
3
-3
3
-2
1
-1
0
1
-5
0
-3
1
-1
3
-1
0
0
-4
6
-3
3
-3
1
1
-1
2
-2
3
-3
4
-4
3
-4
-2
2
-6
5
-8
3
0
-2
0
0
-2
1
-2
0
0
-2
1
-2
4
-1
2
0
-1
2
-2
1
1
1
1
0
0
3
-3
0
1
0
2
-1
-1
-2
1
-2
3
-3
1
-1
0
1
1
0
-3
0
-3
2
-2
2
-3
3
-5
4
-2
1
1
-2
3
-3
4
-3
5
-1
0
2
-2
2
-1
1
1
-1
1
0
0
2
-1
0
0
0
0
0
0
1
-1
1
-2
0
0
-1
2
-2
3
-2
2
-2
2
-1
2
-1
1
-1
1
2
-1
3
-2
3
-2
2
-1
1
1
-1
3
-3
2
-1
0
1
-1
3
-2
1
-1
0
0
0
-2
0
-2
1
-1
0
0
-2
1
-3
1
-1
0
-1
-3
1
-2
-1
0
-1
1
-2
1
-1
-1
0
-1
2
-2
1
-2
0
-1
1
-1
-1
1
-1
2
-4
4
-3
3
-2
2
-1
1
0
0
1
-1
2
-2
3
-2
1
0
-1
2
-3
4
-3
2
-1
0
2
-2
4
-3
3
-1
2
0
0
1
1
-1
0
-1
0
1
-1
3
-4
4
-4
3
-4
4
-2
2
-1
2
0
0
2
-3
3
-3
3
-1
1
0
-1
2
-3
1
-1
-1
2
-3
3
-4
4
-3
1
0
-2
2
-3
1
-1
1
-2
0
-1
1
-2
1
-1
1
-1
0
1
-1
1
-3
2
-2
2
-1
1
-1
0
-1
0
1
0
0
-1
1
-2
0
-1
1
-1
1
-1
2
0
0
1
-2
2
-3
3
-2
3
-2
2
-1
1
0
0
1
0
0
0
1
-1
2
0
1
-1
0
0
0
1
0
0
1
-1
1
-1
1
-1
1
0
0
0
0
1
0
0
1
0
0
0
1
-1
0
1
0
0
0
0
-1
1
0
1
-1
0
-1
1
0
-1
1
-1
1
-1
0
1
0
1
-1
1
0
0
0
-1
1
-1
1
-1
0
0
1
-1
1
0
0
0
0
1
-1
1
-1
0
0
0
1
0
0
-1
0
0
0
0
0
-1
0
-1
1
0
0
1
0
0
0
0
1
-1
1
0
-1
0
0
0
0
2
-1
2
-3
2
-2
1
-1
0
2
-1
2
-2
3
-3
1
-2
1
-1
0
0
0
1
0
1
-1
0
0
1
-1
2
0
0
0
-1
1
0
0
0
-1
1
-2
1
0
1
-1
0
0
0
1
-1
0
-1
1
-1
1
-2
1
-1
1
-1
0
-1
-1
1
-1
2
0
0
1
-1
1
-2
1
-1
0
0
0
3
-3
2
-2
2
-2
1
-1
0
-1
0
0
-1
1
-1
1
-2
2
-1
0
0
-1
0
-1
0
-1
1
0
-1
0
-1
0
-1
1
-1
1
0
0
0
0
-1
-1
1
-1
2
-2
2
-2
1
-1
0
1
-1
1
-1
1
-1
1
-1
1
-1
1
0
0
0
0
-1
0
0
1
0
1
0
1
0
0
-1
0
0
-1
1
-2
1
-1
1
-1
1
0
0
0
-1
0
0
1
-1
0
0
0
0
0
1
-1
1
0
1
0
1
-1
0
0
0
1
0
1
0
0
-2
1
-1
1
-1
1
0
1
-1
0
1
-1
1
-1
2
-2
1
-2
1
-1
0
0
0
1
-1
1
-2
2
-2
2
0
1
0
0
1
0
1
-2
1
-1
1
0
0
0
-1
1
0
1
0
0
0
0
1
-1
0
0
1
-1
1
0
0
0
-1
1
0
0
0
1
-1
0
0
1
0
0
0
1
0
0
0
0
0
0
0
-1
0
-1
1
-1
2
-1
0
0
0
0
0
0
-1
1
0
0
0
0
-1
0
0
0
0
0
0
0
0
0
0
0
0
0
0
0
0
0
0
0
0
1
0
0
1
0
0
-1
1
0
1
0
0
0
-1
0
-1
1
-1
1
0
0
-1
1
0
1
0
0
0
-1
1
-1
0
-1
1
0
1
0
0
0
0
1
0
0
-1
1
-1
0
0
0
0
0
1
0
0
0
1
0
0
-1
0
0
0
0
-1
0
0
0
0
0
1
-1
1
-1
1
-1
0
-1
0
0
0
0
0
0
0
1
-1
1
0
1
-1
0
0
0
1
-1
1
0
0
0
-1
1
0
1
-1
1
-1
1
-1
0
0
-1
0
-1
1
-2
2
-1
1
0
0
0
-1
0
-1
0
-1
1
0
1
0
0
0
-1
1
-1
1
0
0
0
0
0
0
1
0
0
0
1
0
0
1
0
0
-1
0
-1
0
-1
0
0
0
0
0
0
0
0
0
0
0
0
1
-1
1
0
0
0
1
0
0
0
0
0
-1
0
-1
-1
0
0
0
0
0
-1
0
-1
0
0
-1
1
0
0
-1
1
0
0
0
0
0
-1
0
0
1
-1
0
0
0
0
0
1
-1
1
-1
0
0
0
0
0
1
1
0
0
0
-1
0
0
1
0
-1
0
0
1
0
0
1
0
0
1
0
1
0
0
0
0
0
0
-1
0
0
0
0
0
0
1
0
0
0
0
0
0
-1
-1
0
-1
0
-1
0
0
0
0
0
0
0
0
0
0
-1
0
-1
0
0
0
0
0
0
0
0
0
0
0
0
0
0
0
-1
1
-1
0
0
0
0
0
0
0
0
1
0
1
0
0
0
0
-1
0
0
0
0
0
0
0
0
0
0
-1
0
0
0
0
1
1
0
1
0
0
0
0
0
0
0
0
0
0
-1
-1
-1
-1
0
0
0
0
0
-1
0
0
0
0
0
-1
0
-1
0
1
0
0
1
0
0
-1
0
0
0
1
0
-1
0
1
-1
0
0
0
0
-1
0
1
0
-1
1
1
0
1
-1
0
0
1
0
0
-1
1
0
0
1
0
0
0
0
1
0
0
0
0
1
0
-1
0
-1
0
1
0
1
-1
0
1
0
0
0
0
0
-1
0
0
0
0
0
0
0
0
0
0
-1
0
1
0
1
0
-1
0
0
1
0
0
0
0
0
0
-1
0
-1
0
0
0
0
0
0
0
1
0
1
0
0
0
0
0
-1
0
0
0
0
0
-1
0
0
0
0
0
0
1
0
0
0
0
1
0
0
0
0
0
0
0
0
0
-1
0
1
0
0
0
0
0
0
0
0
0
0
0
0
0
0
0
-1
1
0
0
0
-1
0
0
0
1
0
0
0
-1
0
0
0
0
1
1
0
1
0
0
-1
0
-1
0
0
0
0
0
0
0
0
0
0
0
0
0
1
0
0
0
0
0
0
0
0
0
0
0
0
0
0
0
0
0
0
1
0
0
0
1
0
0
0
0
0
0
0
0
1
1
0
0
1
0
0
0
0
0
1
0
0
-1
1
0
-1
-1
0
0
0
0
0
1
0
1
0
0
0
1
0
-1
0
-1
0
0
-1
0
0
0
-1
0
0
0
0
0
0
0
0
1
-1
0
0
0
0
-1
0
0
0
0
0
1
0
0
0
0
0
0
0
0
1
1
0
0
0
0
0
0
0
0
0
1
0
-1
0
0
0
0
0
0
0
0
0
0
1
0
1
0
1
0
0
0
0
0
0
0
0
0
0
0
0
-1
0
0
0
-1
0
-1
0
0
0
0
0
0
0
-1
1
0
1
0
0
0
0
1
1
0
-1
0
1
-1
0
0
0
0
0
0
0
0
0
0
0
0
0
1
-1
0
0
0
0
0
0
0
-1
0
-1
0
0
0
0
0
-1
0
1
0
0
0
1
0
0
0
0
0
0
0
0
0
0
0
0
0
0
1
0
1
0
-1
-1
-1
0
0
0
0
0
0
0
-1
0
0
1
-1
0
1
0
0
0
0
0
0
0
-1
0
0
0
0
0
0
0
0
0
0
0
0
0
0
0
0
0
0
0
0
0
0
1
0
1
0
0
0
1
0
0
-1
1
0
-1
0
0
-1
0
0
0
0
-1
0
0
0
0
1
0
0
0
1
0
0
1
-1
0
0
0
0
0
0
-1
0
1
0
0
0
1
-1
0
0
0
-1
0
0
0
-1
0
1
0
-1
0
0
-1
-1
0
0
0
0
-1
-1
-1
0
0
0
0
0
0
0
0
0
1
0
-1
0
1
0
1
0
0
0
-1
0
0
0
0
0
0
-1
1
0
0
0
0
1
0
0
0
-1
0
1
0
0
0
0
0
0
0
0
0
0
-1
1
-1
0
1
0
0
0
0
0
0
0
0
0
0
0
0
0
0
0
1
0
0
0
0
-1
1
0
0
0
0
0
0
0
0
0
0
0
0
-1
0
0
0
-1
0
0
1
1
0
0
0
0
-1
0
1
0
-1
0
0
0
0
-1
0
0
0
0
0
-1
-1
0
0
0
0
1
0
0
0
0
-1
0
0
0
0
0
0
0
0
1
0
-1
0
0
-1
0
0
0
0
0
0
0
0
0
0
0
1
0
0
0
0
-1
-1
0
-1
0
0
0
-1
0
0
0
0
1
1
-1
0
0
-1
-1
0
0
-1
0
0
-1
0
0
-1
1
-1
0
0
-1
0
0
0
0
0
0
0
1
0
0
-1
1
1
0
0
0
0
0
0
0
0
0
1
0
0
0
0
0
0
-1
0
0
-1
0
0
1
0
0
1
0
0
0
1
0
0
0
0
0
0
1
-1
0
0
0
1
0
-1
0
0
0
0
0
-1
0
0
0
0
1
0
0
1
0
0
0
1
0
0
0
0
0
1
0
0
0
0
0
0
0
1
0
0
0
0
-1
0
0
-1
-1
0
-1
0
0
0
1
1
0
0
0
-1
1
0
0
0
0
1
0
1
0
0
1
1
0
0
0
0
0
-1
0
0
0
-1
0
0
1
0
0
0
0
1
0
1
0
0
0
0
-1
0
0
0
0
0
-1
0
0
0
1
1
0
0
-1
0
0
1
0
0
-1
1
0
0
0
0
-1
0
0
0
0
0
0
0
0
0
0
0
1
0
0
0
-1
0
1
0
0
1
-1
0
-1
-1
0
0
0
0
0
0
0
0
-1
0
-1
1
0
1
1
0
0
0
0
0
0
0
0
0
0
0
0
0
0
1
0
-1
0
0
0
0
0
0
-1
0
0
-1
0
0
0
0
0
0
0
1
1
0
0
0
0
0
0
0
-1
0
0
0
0
0
0
-1
-1
0
0
0
0
0
1
0
1
-1
0
0
-1
0
0
0
1
0
0
0
0
0
0
0
1
0
1
0
0
0
-1
-1
0
0
0
0
1
0
-1
0
0
0
0
1
0
-1
0
0
0
0
0
1
0
0
0
0
0
0
0
0
0
0
1
0
0
0
0
0
0
0
0
0
0
0
0
0
-1
-1
0
0
0
0
0
0
-1
0
0
-1
0
0
0
0
0
0
0
0
0
0
0
0
0
0
0
0
0
-1
0
0
1
0
0
-1
1
0
0
0
0
0
0
0
0
0
0
-1
1
0
0
-1
0
0
0
1
0
-1
0
0
0
0
0
0
0
1
-1
0
-1
0
-1
-1
0
0
0
1
0
0
0
0
0
1
0
-1
-1
0
0
0
0
0
0
0
-1
0
-1
0
1
0
0
0
0
1
0
0
0
0
0
-1
-1
0
0
0
0
-1
0
1
0
1
0
0
0
0
-1
0
0
0
-1
0
0
0
0
0
0
0
0
-1
0
0
0
1
0
1
0
-1
0
1
0
0
-1
0
0
0
0
0
0
1
0
