0
1
0
0
0
0
0
0
0
0
0
0
0
0
0
0
0
0
0
0
0
0
1
0
0
0
0
-1
0
0
1
0
0
0
0
0
-1
0
0
0
0
0
0
-1
0
0
-1
0
0
0
-1
0
0
0
0
-1
0
0
0
0
0
0
0
0
0
0
0
0
0
0
0
-1
0
0
0
-1
0
-1
0
-1
0
0
0
0
1
0
0
0
0
-1
1
0
0
0
0
0
1
0
0
0
0
0
0
1
0
0
0
0
-1
0
-1
0
0
0
0
0
0
0
0
0
0
0
0
0
0
0
0
0
1
0
1
1
0
1
0
0
0
0
0
1
0
1
0
0
0
1
0
0
-1
0
0
1
0
-1
0
0
0
0
-1
-1
1
0
0
1
0
0
1
0
0
0
-1
1
0
0
0
0
0
0
-1
0
0
0
0
0
0
0
0
0
0
0
0
0
0
0
0
0
0
0
0
-1
0
-1
0
-1
0
0
0
0
0
-1
0
-1
1
0
0
0
0
0
-1
0
-1
0
-1
0
0
0
0
-1
0
-1
0
1
0
0
0
0
0
0
1
0
0
0
0
0
0
-1
0
0
0
0
0
0
0
0
1
0
1
1
0
0
0
0
0
0
0
0
0
0
1
0
1
0
0
0
0
0
0
0
1
0
0
0
1
0
1
1
0
0
0
0
-1
0
0
1
0
0
0
0
0
0
0
0
0
0
0
0
0
-1
0
0
0
0
0
0
0
0
0
-1
0
1
0
0
0
0
0
0
0
-1
1
0
0
0
1
0
1
0
0
0
0
0
0
0
-1
0
1
0
0
0
1
0
0
0
0
-1
1
1
0
0
1
0
0
0
0
0
0
0
0
-1
0
0
0
0
1
0
0
0
0
0
0
-1
-1
1
0
0
1
0
0
-1
0
-1
1
0
1
0
0
0
0
1
-1
0
0
0
0
0
0
0
0
0
0
0
0
0
0
-1
0
0
0
0
1
0
0
0
0
0
0
0
0
-1
0
0
0
-1
0
0
1
0
-1
0
0
0
0
1
1
1
0
0
-1
0
0
-1
0
0
0
0
-1
0
0
0
0
0
0
1
0
0
0
0
0
1
0
0
0
0
0
0
0
-1
1
-1
0
-1
0
0
0
0
-1
0
0
0
0
0
0
0
0
0
1
0
0
0
0
0
0
0
0
0
0
0
0
0
0
-1
0
0
0
1
0
0
0
0
-1
0
-1
0
1
0
0
1
0
0
0
0
0
0
0
0
0
0
1
-1
0
-1
0
0
-1
0
0
0
0
-1
0
0
0
0
0
1
0
0
0
0
0
0
0
-1
0
0
0
0
0
0
-1
0
0
0
0
0
0
-1
0
-1
0
0
0
0
1
0
0
0
0
0
0
0
0
0
0
0
0
1
0
0
0
0
1
0
-1
0
1
0
0
0
0
0
0
0
-1
-1
0
0
0
1
0
-1
0
0
-1
0
0
0
-1
0
0
1
0
0
0
0
0
0
1
0
0
0
0
1
0
0
0
1
1
0
0
0
0
0
0
1
0
1
0
0
0
1
0
0
0
-1
1
1
0
-1
0
0
0
0
0
0
0
0
0
0
0
1
0
1
0
0
0
0
0
-1
0
1
0
0
-1
0
-1
0
0
-1
0
0
0
0
0
0
0
0
0
0
0
0
0
0
0
0
0
0
0
0
0
0
0
0
0
0
0
0
0
0
0
0
0
-1
0
0
0
0
0
0
0
-1
0
0
0
0
0
0
0
0
0
0
0
0
0
0
0
0
0
0
0
0
0
0
1
-1
0
0
0
0
0
0
0
1
0
0
0
0
0
-1
0
0
0
0
0
0
0
0
0
0
-1
-1
-1
-1
0
-1
0
0
0
0
0
0
-1
-1
0
-1
0
0
0
-1
0
0
0
0
0
0
0
1
0
0
0
0
0
0
0
0
0
0
1
1
0
0
0
0
0
0
0
0
0
0
0
1
0
0
0
0
0
1
1
0
0
0
0
0
-1
0
0
0
0
0
0
1
0
0
1
0
0
0
1
0
0
1
0
1
1
0
0
0
0
0
0
0
0
0
0
1
0
1
1
-1
0
0
0
0
0
0
0
0
0
0
0
1
0
0
1
0
0
0
1
0
0
0
-1
0
0
0
0
0
0
0
0
0
0
1
0
0
0
-1
-1
0
0
0
0
0
0
0
0
0
0
-1
0
1
0
0
0
0
0
0
0
-1
0
1
0
0
0
0
-1
0
-1
-1
0
0
0
0
1
0
0
0
0
0
0
0
0
1
1
0
1
-1
0
0
0
0
0
0
0
0
0
0
0
0
0
0
0
0
0
0
0
0
0
0
0
0
0
0
0
0
-1
1
0
1
0
0
1
0
0
0
0
0
1
-1
0
0
0
0
0
1
0
0
-1
0
0
0
0
1
0
0
1
-1
-1
0
0
0
0
0
0
0
0
0
0
0
-1
0
0
0
1
0
0
0
0
1
0
-1
-1
0
0
0
-1
0
0
0
0
0
-1
0
0
0
0
-1
0
0
0
0
0
0
0
0
0
0
0
0
0
0
-1
0
0
0
0
0
0
0
0
0
1
0
-1
0
0
0
0
0
0
0
0
0
0
0
0
0
0
0
0
0
0
0
-1
0
0
0
0
0
0
0
0
0
0
0
0
0
1
0
0
0
0
0
0
0
1
0
0
0
1
1
0
0
0
-1
1
1
0
0
0
0
0
0
0
1
0
0
0
1
0
0
0
0
0
-1
0
0
0
0
0
0
0
0
0
0
-1
-1
-1
0
0
0
0
-1
0
0
0
0
0
0
0
0
0
1
0
1
0
0
0
0
0
0
1
-1
0
1
-1
0
0
0
0
0
0
0
-1
0
0
0
-1
0
-1
0
0
0
0
0
-1
0
0
0
0
0
0
-1
0
0
0
0
0
0
0
0
-1
-1
0
0
0
0
0
1
0
0
0
0
0
-1
0
0
0
0
0
0
0
0
0
1
0
1
0
0
1
-1
1
0
0
0
-1
-1
0
0
0
-1
0
-1
0
0
0
-1
0
0
0
0
1
0
0
0
0
0
0
1
0
1
0
0
0
0
0
0
1
0
0
0
1
1
0
0
0
0
0
0
0
0
-1
1
0
0
0
0
0
0
0
1
0
0
-1
0
0
0
-1
-1
0
0
1
0
-1
0
0
0
0
0
0
-1
-1
0
0
-1
1
0
1
0
0
0
0
0
0
1
0
0
0
-1
0
0
0
0
0
1
-1
0
0
0
0
0
0
0
0
0
1
0
0
0
0
0
0
-1
0
0
-1
0
0
-1
0
0
0
0
0
0
0
0
1
0
0
-1
1
0
0
-1
-1
0
0
0
1
-1
0
0
0
-1
1
0
0
0
1
-1
0
0
0
0
0
0
0
0
0
0
0
-1
0
0
0
0
0
0
0
0
0
0
1
-1
0
0
-1
1
0
0
0
0
0
0
0
0
0
0
0
0
0
0
-1
0
0
0
0
0
0
0
-1
0
0
0
-1
0
0
-1
-1
0
0
0
0
0
1
1
-1
0
-1
0
0
0
0
0
0
0
0
1
0
0
0
0
-1
0
0
0
1
0
0
0
0
0
0
1
0
0
0
0
0
-1
0
-1
1
0
1
0
0
1
0
0
1
0
0
0
0
-1
-1
1
0
0
0
-1
0
0
1
0
0
0
0
0
0
-1
1
0
0
-1
0
0
1
1
-1
0
0
0
0
0
0
0
0
0
-1
1
0
0
1
0
0
0
0
1
-1
0
0
0
0
-1
1
0
0
-1
0
0
0
0
0
-1
0
-1
1
0
0
1
0
0
0
0
0
0
1
0
-1
0
0
0
1
0
1
0
0
0
0
-1
0
0
1
1
0
0
0
-1
-1
0
0
0
-1
0
0
1
0
1
0
-1
0
0
0
1
0
0
0
0
0
0
0
0
0
-1
0
-1
1
0
0
0
-1
0
0
0
0
-1
0
-1
0
-1
0
0
0
0
0
-1
0
0
0
1
0
0
0
0
0
0
0
0
0
0
1
1
0
0
0
0
0
0
0
0
0
0
0
0
0
0
0
0
0
0
0
0
0
-1
0
-1
0
0
0
0
-1
0
-1
-1
0
0
0
0
-1
0
0
-1
-1
0
0
0
-1
0
0
0
0
0
0
0
0
-1
0
0
1
0
0
0
1
1
0
0
0
0
0
0
1
1
1
1
1
1
0
0
1
0
0
0
-1
0
0
0
0
1
0
0
0
0
0
1
0
0
0
0
0
0
0
0
0
0
1
0
0
0
-1
0
0
0
0
0
0
1
-1
-1
0
0
0
0
0
1
0
-1
0
0
0
0
0
0
0
-1
-1
0
0
0
0
1
0
0
0
0
0
-1
1
1
1
0
0
0
1
0
0
0
0
1
0
0
0
1
0
1
1
1
0
0
1
1
1
0
1
0
0
1
0
0
0
0
0
0
-1
0
0
-1
-1
0
0
0
-1
0
0
0
0
0
0
-1
0
-1
-2
-2
-1
-1
-1
1
0
0
1
1
0
0
0
-1
0
0
0
0
0
0
0
-1
-1
-1
-1
-1
-1
0
0
1
2
3
2
1
0
0
-1
-1
-1
0
1
2
2
3
1
1
-1
-1
-2
-2
-1
-1
1
0
1
1
1
-1
-1
-1
-2
-2
-1
0
0
-1
-1
-2
-3
-3
-3
-3
-1
1
1
1
1
-1
-2
-2
-2
-1
-1
1
3
4
5
5
4
2
-1
-2
-4
-4
-3
0
1
3
4
6
6
5
3
1
0
-1
0
1
3
4
5
5
4
2
-1
-3
-5
-6
-5
-4
-3
-2
-2
-1
-2
-3
-4
-3
-2
-2
0
2
4
5
4
2
1
-2
-3
-5
-3
-2
0
2
4
5
5
5
3
3
1
1
2
2
3
4
4
2
1
-2
-3
-5
-6
-5
-4
-2
0
2
2
1
0
-2
-4
-4
-3
-2
1
2
4
4
3
1
-2
-5
-7
-8
-7
-6
-3
1
4
5
4
4
1
-2
-6
-8
-9
-8
-6
-2
2
6
8
9
8
4
-1
-4
-8
-9
-8
-5
-1
4
8
10
11
9
6
2
-1
-3
-3
-1
1
3
5
6
5
5
5
4
3
2
4
3
2
1
0
-2
-4
-5
-6
-7
-7
-7
-8
-9
-10
-11
-10
-9
-6
-2
3
5
8
7
6
4
2
1
0
2
5
6
8
7
5
2
-1
-3
-4
-4
0
2
5
5
4
2
-3
-6
-8
-9
-7
-3
2
7
9
10
8
3
-1
-5
-5
-3
0
4
7
7
7
5
1
-3
-5
-7
-5
-2
-1
2
1
-1
-3
-5
-6
-6
-5
-4
-3
-2
-1
-2
-2
-4
-4
-4
-4
-1
2
5
9
11
12
12
9
6
0
-6
-11
-14
-11
-9
-3
2
6
5
3
-1
-4
-5
0
5
12
16
17
14
7
-4
-14
-21
-22
-18
-9
1
10
16
17
14
7
1
-4
-6
-5
-1
3
6
8
6
2
-3
-8
-11
-10
-7
-3
1
3
2
1
-1
-3
-4
-4
-2
-1
1
2
3
3
1
0
-1
-1
0
-1
-1
-2
-5
-5
-3
1
5
10
13
11
8
3
-2
-7
-7
-6
-7
-7
-8
-11
-14
-18
-17
-12
-6
3
14
21
24
23
16
8
1
-2
-2
0
5
10
11
9
3
-6
-16
-23
-27
-26
-24
-16
-8
1
9
13
15
14
11
8
6
4
6
6
8
9
8
6
3
3
2
3
5
5
4
1
-2
-6
-9
-9
-8
-3
2
8
13
13
10
5
-3
-6
-8
-5
-1
5
10
12
10
5
-2
-8
-13
-14
-12
-7
-1
5
10
14
15
11
8
2
-2
-6
-7
-9
-10
-10
-10
-10
-10
-10
-10
-10
-10
-11
-11
-10
-5
2
9
14
17
15
10
1
-8
-15
-18
-17
-8
4
18
31
38
39
30
14
-6
-25
-36
-36
-22
7
44
82
111
121
108
73
26
-23
-61
-76
-69
-42
-2
35
63
68
52
17
-30
-76
-109
-121
-107
-74
-30
12
43
54
44
17
-18
-53
-77
-85
-79
-58
-32
-8
8
11
3
-15
-38
-60
-75
-80
-73
-59
-40
-22
-8
-1
0
-3
-10
-16
-19
-19
-11
2
19
36
49
56
55
48
38
27
18
12
11
18
27
38
48
54
54
51
46
44
46
49
55
61
68
72
75
76
75
72
68
63
59
55
54
49
46
42
39
34
29
23
18
11
4
-2
-8
-11
-12
-11
-11
-12
-14
-18
-22
-27
-32
-33
-34
-33
-31
-28
-24
-22
-22
-25
-30
-37
-42
-46
-51
-53
-58
-61
-64
-66
-65
-62
-58
-55
-53
-51
-52
-55
-60
-66
-72
-75
-73
-65
-54
-46
-43
-45
-52
-60
-70
-78
-84
-87
-85
-75
-62
-46
-31
-20
-13
-8
-6
-6
-6
-10
-12
-13
-12
-10
-7
-2
4
11
19
28
36
44
51
59
67
74
78
82
85
88
92
95
96
94
91
83
74
62
50
38
31
27
28
31
35
36
36
33
29
25
20
15
10
9
10
17
23
28
33
36
38
39
38
34
29
27
28
31
36
38
39
37
34
36
38
40
41
39
36
34
33
32
27
18
7
-2
-6
-3
3
9
9
3
-7
-17
-23
-28
-30
-31
-32
-33
-33
-30
-26
-22
-22
-25
-34
-42
-49
-54
-59
-63
-69
-76
-81
-83
-81
-79
-77
-77
-78
-81
-85
-91
-93
-94
-92
-89
-83
-77
-72
-68
-67
-67
-72
-77
-81
-82
-77
-70
-64
-60
-59
-58
-57
-55
-51
-49
-47
-44
-39
-30
-18
-9
-2
1
3
6
13
22
32
41
48
53
58
63
70
76
81
84
89
94
100
109
116
121
126
130
134
141
147
154
158
157
154
150
145
143
141
138
133
126
121
117
116
115
110
101
87
72
60
53
49
42
33
23
14
8
6
1
-11
-29
-48
-63
-70
-71
-70
-72
-77
-81
-78
-75
-74
-81
-90
-101
-107
-108
-107
-108
-112
-118
-125
-129
-132
-133
-132
-129
-125
-120
-115
-115
-116
-119
-120
-123
-125
-129
-132
-131
-126
-115
-105
-102
-105
-113
-121
-125
-122
-117
-113
-109
-104
-92
-73
-49
-19
6
29
47
64
87
113
139
160
178
193
212
235
257
272
278
274
270
271
274
277
276
271
265
263
268
276
283
283
275
259
243
226
211
195
176
154
132
112
96
88
81
76
68
55
37
17
-4
-23
-38
-55
-75
-99
-124
-143
-157
-168
-179
-192
-207
-223
-239
-256
-275
-296
-315
-331
-344
-357
-370
-379
-378
-375
-374
-380
-394
-411
-431
-446
-452
-450
-444
-436
-428
-420
-414
-408
-400
-393
-388
-391
-402
-415
-418
-411
-400
-398
-412
-441
-471
-495
-504
-503
-496
-484
-470
-444
-390
-300
-175
-34
97
203
286
360
444
540
638
724
788
832
867
902
936
961
972
963
944
923
907
897
891
884
878
880
898
932
972
1007
1014
988
942
894
857
833
807
765
701
625
553
494
452
417
385
350
312
276
245
216
185
147
105
67
33
-1
-40
-87
-133
-176
-218
-258
-298
-340
-386
-434
-480
-517
-549
-584
-632
-683
-731
-768
-796
-818
-840
-865
-894
-924
-947
-964
-980
-1006
-1041
-1073
-1092
-1090
-1077
-1062
-1057
-1056
-1056
-1048
-1037
-1032
-1035
-1051
-1073
-1105
-1145
-1185
-1221
-1250
-1268
-1276
-1271
-1265
-1262
-1240
-1146
-946
-665
-381
-172
-51
44
192
419
692
938
1105
1183
1212
1244
1313
1410
1501
1543
1527
1477
1427
1405
1399
1392
1368
1328
1291
1273
1277
1283
1275
1236
1166
1082
1015
980
983
997
993
954
885
811
750
716
700
692
673
638
588
536
496
467
449
426
387
324
244
163
100
62
38
19
-12
-50
-93
-130
-160
-187
-218
-251
-286
-325
-371
-427
-479
-521
-547
-576
-619
-680
-747
-809
-860
-902
-939
-973
-1008
-1035
-1050
-1050
-1046
-1050
-1070
-1096
-1113
-1116
-1103
-1088
-1079
-1086
-1106
-1133
-1150
-1157
-1158
-1175
-1222
-1293
-1360
-1410
-1439
-1460
-1480
-1503
-1528
-1539
-1495
-1346
-1081
-750
-447
-232
-96
29
219
492
805
1073
1237
1300
1334
1400
1512
1626
1690
1688
1638
1578
1534
1513
1504
1490
1461
1427
1408
1405
1410
1397
1354
1279
1184
1087
1007
950
910
877
842
792
724
641
559
500
470
469
489
519
536
533
511
485
458
418
358
285
219
175
147
125
104
89
85
92
100
99
88
78
80
90
92
76
42
-5
-55
-105
-146
-192
-266
-378
-505
-612
-684
-740
-796
-851
-900
-937
-965
-979
-991
-1010
-1054
-1113
-1160
-1184
-1199
-1227
-1279
-1345
-1416
-1491
-1560
-1614
-1649
-1679
-1718
-1761
-1797
-1817
-1837
-1873
-1923
-1971
-1999
-2001
-1960
-1840
-1607
-1266
-887
-566
-352
-201
-15
268
627
971
1213
1337
1403
1477
1586
1706
1798
1837
1818
1757
1681
1616
1573
1545
1515
1486
1466
1472
1498
1515
1498
1430
1321
1198
1094
1025
987
955
895
792
657
535
458
439
456
476
490
510
552
609
664
699
704
674
614
543
483
445
419
390
364
355
363
373
367
348
334
336
352
372
385
389
373
330
258
173
86
4
-90
-212
-352
-477
-571
-647
-734
-833
-926
-991
-1033
-1064
-1095
-1132
-1177
-1229
-1279
-1325
-1370
-1424
-1494
-1576
-1656
-1725
-1787
-1850
-1915
-1973
-2006
-2018
-2021
-2036
-2072
-2122
-2168
-2194
-2200
-2198
-2181
-2103
-1902
-1561
-1140
-754
-487
-328
-180
61
423
829
1161
1354
1437
1494
1585
1708
1827
1904
1918
1874
1801
1735
1703
1691
1672
1634
1596
1586
1611
1648
1657
1612
1516
1397
1289
1217
1175
1137
1073
956
793
612
454
345
287
264
265
284
326
387
454
513
552
562
547
515
477
445
418
397
387
390
409
431
441
432
415
408
436
495
561
605
613
587
536
472
406
329
224
74
-100
-260
-382
-476
-576
-705
-852
-993
-1108
-1190
-1240
-1276
-1312
-1361
-1419
-1475
-1526
-1574
-1633
-1707
-1793
-1883
-1966
-2036
-2089
-2134
-2182
-2233
-2273
-2289
-2289
-2305
-2347
-2386
-2383
-2334
-2271
-2191
-2023
-1693
-1231
-776
-466
-313
-193
33
406
847
1225
1461
1574
1636
1715
1828
1944
2022
2031
1977
1890
1817
1780
1756
1715
1654
1606
1603
1637
1673
1678
1647
1585
1498
1406
1330
1280
1231
1149
1010
820
607
404
232
106
36
23
60
128
210
303
402
492
546
552
537
535
565
599
605
582
556
549
557
554
532
500
482
495
539
602
661
691
670
604
522
452
391
307
172
-4
-179
-319
-429
-539
-673
-822
-972
-1103
-1207
-1277
-1316
-1336
-1360
-1399
-1447
-1503
-1560
-1624
-1692
-1765
-1847
-1938
-2023
-2088
-2129
-2168
-2227
-2304
-2373
-2420
-2457
-2496
-2522
-2507
-2447
-2359
-2236
-2020
-1654
-1173
-709
-394
-232
-103
129
495
910
1255
1467
1574
1649
1748
1872
1980
2028
2006
1945
1887
1858
1842
1803
1726
1638
1586
1591
1633
1666
1658
1606
1526
1441
1372
1326
1295
1250
1154
989
769
535
321
141
-6
-113
-162
-153
-99
-29
50
140
234
307
345
361
390
445
516
569
583
562
536
527
528
525
509
494
504
548
612
666
688
666
608
539
475
416
340
228
83
-70
-208
-326
-441
-571
-718
-872
-1015
-1131
-1216
-1269
-1304
-1331
-1355
-1382
-1415
-1466
-1530
-1605
-1682
-1763
-1849
-1938
-2022
-2090
-2149
-2209
-2281
-2355
-2416
-2464
-2503
-2532
-2527
-2470
-2365
-2221
-2011
-1685
-1238
-754
-364
-124
33
231
543
924
1273
1516
1654
1741
1828
1935
2045
2121
2132
2079
1996
1925
1878
1837
1771
1681
1602
1570
1589
1628
1642
1610
1537
1448
1366
1307
1273
1242
1172
1030
814
562
315
105
-59
-179
-258
-293
-285
-230
-131
3
141
255
327
372
418
487
578
664
717
725
700
668
644
622
588
546
524
544
599
653
671
641
580
514
465
426
373
278
139
-23
-174
-300
-412
-535
-681
-840
-988
-1100
-1176
-1226
-1271
-1319
-1369
-1414
-1455
-1493
-1537
-1596
-1673
-1772
-1883
-1990
-2078
-2146
-2206
-2270
-2348
-2429
-2495
-2541
-2579
-2613
-2628
-2590
-2486
-2326
-2104
-1787
-1355
-864
-435
-146
37
237
534
907
1257
1505
1648
1737
1825
1931
2040
2116
2126
2069
1985
1917
1880
1849
1788
1700
1619
1586
1608
1648
1668
1644
1581
1497
1419
1365
1332
1299
1230
1101
907
667
413
174
-26
-181
-286
-341
-347
-305
-221
-108
17
138
239
319
389
465
548
626
688
731
758
761
737
688
633
593
579
587
612
640
653
636
590
530
473
417
353
265
141
-12
-174
-316
-436
-549
-686
-849
-1012
-1145
-1236
-1299
-1350
-1411
-1478
-1544
-1595
-1620
-1628
-1638
-1678
-1758
-1870
-1979
-2064
-2126
-2186
-2268
-2368
-2463
-2526
-2562
-2588
-2612
-2622
-2593
-2511
-2367
-2137
-1785
-1313
-799
-355
-56
146
360
668
1040
1379
1602
1717
1793
1896
2029
2149
2208
2196
2142
2084
2041
2008
1961
1885
1795
1727
1712
1740
1775
1774
1719
1626
1526
1449
1396
1356
1306
1230
1116
953
736
479
218
-10
-181
-301
-382
-418
-402
-338
-236
-105
51
206
327
405
458
519
606
700
771
806
805
778
733
674
612
558
527
524
540
548
521
459
385
327
286
232
139
9
-128
-248
-360
-483
-633
-806
-980
-1135
-1254
-1337
-1396
-1454
-1520
-1599
-1677
-1729
-1739
-1720
-1708
-1735
-1804
-1890
-1970
-2042
-2110
-2187
-2282
-2394
-2505
-2591
-2638
-2666
-2690
-2706
-2683
-2592
-2407
-2097
-1641
-1081
-536
-127
130
349
660
1075
1486
1771
1904
1954
2009
2108
2227
2305
2298
2212
2099
2011
1963
1923
1842
1711
1583
1530
1573
1668
1735
1731
1665
1575
1496
1433
1383
1343
1300
1236
1135
982
771
516
255
33
-126
-236
-314
-368
-382
-331
-209
-43
115
231
310
373
436
509
587
662
712
724
696
657
629
610
575
512
443
412
429
459
453
393
307
231
167
83
-37
-187
-346
-489
-612
-725
-855
-1017
-1202
-1366
-1471
-1511
-1530
-1570
-1634
-1691
-1715
-1716
-1723
-1749
-1773
-1790
-1812
-1862
-1933
-1994
-2036
-2079
-2148
-2239
-2329
-2398
-2443
-2472
-2488
-2473
-2394
-2201
-1840
-1324
-737
-237
85
283
487
781
1126
1416
1595
1681
1751
1855
1982
2072
2088
2016
1892
1751
1626
1540
1474
1421
1377
1360
1384
1457
1549
1608
1589
1482
1329
1184
1100
1100
1166
1240
1260
1201
1080
928
754
569
390
255
210
260
378
516
657
815
989
1123
1158
1080
944
825
758
731
713
669
594
497
385
263
124
-30
-173
-277
-307
-261
-189
-157
-190
-254
-301
-343
-409
-506
-611
-690
-742
-792
-871
-994
-1153
-1305
-1423
-1498
-1554
-1631
-1727
-1817
-1882
-1940
-2009
-2085
-2128
-2125
-2090
-2052
-2039
-2047
-2081
-2125
-2170
-2233
-2379
-2652
-2969
-3122
-2906
-2281
-1392
-531
55
299
342
393
503
578
526
455
645
1250
2044
2597
2654
2338
1978
1737
1560
1299
961
688
629
794
1064
1294
1397
1377
1309
1305
1390
1479
1457
1332
1271
1404
1699
1982
2088
1982
1757
1516
1274
969
576
166
-131
-228
-126
88
329
592
945
1408
1905
2260
2328
2103
1731
1409
1231
1165
1126
1089
1064
1049
976
752
362
-121
-584
-932
-1107
-1102
-981
-851
-764
-778
-898
-1122
-1391
-1623
-1713
-1636
-1455
-1277
-1164
-1093
-1061
-1122
-1349
-1704
-2033
-2257
-2427
-2622
-2852
-3055
-3220
-3312
-3327
-3288
-3258
-3273
-3313
-3375
-3454
-3629
-3871
-4129
-4360
-4627
-4847
-4420
-2635
551
3832
5587
5407
4504
4288
4604
4297
2822
1335
1441
3342
5544
6330
5322
3355
1466
21
-1239
-2556
-3720
-4194
-3561
-1982
-173
1034
1280
923
645
898
1495
1874
1847
1857
2498
3838
5172
5654
4987
3622
2223
1110
132
-905
-1907
-2543
-2526
-1958
-1262
-980
-1333
-2028
-2386
-1906
-647
924
2378
3604
4595
5438
5921
5770
4840
3486
2374
1916
2048
2280
2230
1732
908
26
-806
-1567
-2297
-2926
-3221
-3037
-2462
-1852
-1647
-1937
-2434
-2647
-2329
-1689
-1220
-1117
-1107
-800
-303
-81
-403
-1129
-1850
-2327
-2615
-2990
-3631
-4446
-5098
-5351
-5254
-5090
-5215
-5620
-5960
-5939
-5556
-5178
-5081
-5303
-5611
-5686
-4880
-2319
2155
7048
9941
10069
8881
8423
8676
7955
5432
2533
1603
3188
5577
6519
5216
2569
-126
-2270
-4019
-5604
-6776
-7063
-6052
-3791
-938
1424
2515
2503
2293
2697
3592
4171
3925
3353
3394
4449
5854
6458
5564
3450
1108
-797
-2284
-3790
-5332
-6287
-6224
-5171
-3705
-2560
-2182
-2353
-2327
-1322
939
3758
5988
6901
7069
7291
7525
6957
5217
3079
1563
1213
1802
2505
2510
1524
103
-963
-1511
-2008
-2759
-3429
-3487
-2764
-1637
-759
-631
-1281
-2148
-2459
-1901
-958
-420
-531
-723
-369
391
811
297
-1091
-2645
-3581
-3868
-4162
-5020
-6138
-6763
-6558
-5865
-5347
-5424
-5894
-6171
-5866
-5205
-4742
-4649
-4757
-4793
-4469
-3123
109
5060
9879
12284
11849
10190
9031
8231
6405
3210
187
-676
810
2982
3969
3124
1040
-1372
-3462
-5099
-6326
-6973
-6702
-5105
-2271
1140
4066
5690
6034
5732
5546
5453
4900
3636
2261
1637
2172
3367
4034
3340
1413
-862
-2909
-4721
-6419
-7724
-8129
-7275
-5325
-2848
-668
681
1447
2403
4222
6474
8098
8434
7856
7138
6611
5956
4576
2560
540
-639
-767
-329
-35
-362
-1124
-1771
-1825
-1531
-1443
-1697
-1896
-1604
-900
-143
290
256
-96
-372
-299
-30
104
-91
-558
-1100
-1390
-1396
-1506
-2170
-3365
-4669
-5705
-6388
-7001
-7618
-8035
-7826
-6871
-5602
-4620
-4372
-4503
-4617
-4506
-4497
-4917
-5807
-6119
-3701
2279
9747
14555
14874
12455
10377
9400
7559
3402
-1774
-4517
-3219
490
3471
4073
2832
876
-1046
-2902
-4852
-6670
-7665
-7069
-4640
-706
3565
6707
8151
8316
8101
7611
6409
4155
1265
-919
-1506
-489
1044
1922
1542
258
-1289
-2960
-4892
-6934
-8459
-8777
-7522
-4812
-1400
1619
3564
4470
5045
6107
7734
9003
8815
7409
6059
5261
4381
2749
595
-1555
-3109
-3569
-2994
-1934
-940
-312
-158
-153
272
983
1335
1047
543
510
1112
1844
1741
564
-781
-1245
-819
-466
-867
-1917
-2874
-3195
-3015
-2975
-3553
-4561
-5500
-5995
-6245
-6558
-6939
-7175
-6975
-6140
-4772
-3461
-2748
-2656
-2810
-2969
-3176
-3672
-4617
-5558
-4944
-1172
5448
11935
14893
13767
10919
8867
7426
4676
-102
-4701
-6113
-3825
-22
2753
3651
3048
1635
-58
-1862
-3670
-5276
-6129
-5600
-3342
399
4427
7466
9025
9376
8917
7630
5377
2247
-1022
-3310
-3947
-3036
-1321
106
544
129
-738
-1948
-3704
-5771
-7508
-8019
-6805
-4206
-1058
1851
4229
6226
8177
9899
10530
9332
6895
4525
2825
1681
660
-302
-1161
-1568
-1385
-920
-473
-219
-216
-538
-633
-51
931
1688
1971
1947
1782
1672
1528
882
-452
-1894
-2674
-2618
-2193
-1921
-2138
-2625
-2884
-2644
-2269
-2479
-3590
-5069
-6159
-6656
-6859
-7033
-7189
-7027
-6114
-4569
-3294
-3026
-3620
-4482
-5270
-5986
-6862
-7687
-6418
-968
7768
15131
17549
15779
13147
11581
9427
4494
-2722
-8071
-8369
-4421
281
3277
4380
4243
3478
2070
-139
-3077
-6009
-7733
-7349
-4525
-103
4437
7967
10287
11566
11599
9865
6293
1496
-3025
-5929
-6400
-4939
-2734
-890
215
682
350
-996
-3312
-5951
-8110
-8936
-8056
-5532
-1934
1899
5107
7359
9109
10809
11953
11229
8378
4742
1885
158
-905
-1792
-2578
-2967
-2683
-1873
-1051
-407
90
269
208
432
1339
2650
3701
4062
3625
2912
2319
1573
46
-2026
-3557
-3843
-3190
-2521
-2453
-2878
-3237
-3326
-3407
-3905
-4882
-5926
-6629
-6780
-6527
-6083
-5696
-5423
-4917
-3918
-2695
-2080
-2376
-3260
-4148
-4726
-5295
-6391
-7284
-5226
1438
10367
16406
16972
14002
11383
10123
7663
1782
-5704
-10033
-8934
-4347
144
2886
4037
4320
4214
3349
1302
-1826
-4956
-6723
-6150
-3214
851
4721
7835
10409
12189
12379
10174
5774
337
-4393
-7181
-7646
-6358
-4336
-2374
-795
367
715
-214
-2453
-5227
-7359
-7961
-6788
-4286
-1238
1839
4872
7842
10740
12980
13531
11633
7992
4272
1366
-855
-2835
-4440
-5279
-4978
-3695
-2077
-659
316
772
649
406
691
1563
2493
3081
3415
3659
3888
3744
2680
581
-1768
-3233
-3538
-3329
-3449
-3983
-4307
-3923
-3125
-2779
-3354
-4568
-5728
-6431
-6851
-7227
-7518
-7408
-6708
-5334
-3442
-1728
-950
-1305
-2324
-3467
-4583
-6030
-7951
-8465
-4586
4140
13471
17958
16776
13552
11868
10821
6863
-990
-8949
-12033
-9381
-4164
107
2567
3745
4396
4721
4217
2265
-1068
-4429
-6138
-5109
-1774
2315
5871
8807
11361
13118
13005
10321
5256
-828
-6061
-9013
-9342
-7883
-5763
-3765
-1813
-2
1044
523
-1638
-4518
-6793
-7519
-6495
-4099
-918
2577
6262
10171
13862
16024
15249
11551
6521
1931
-1572
-4235
-6187
-7106
-6627
-4758
-2287
-235
903
1279
1048
419
-95
22
812
1968
3210
4192
4887
5293
4980
3332
616
-1958
-3431
-3811
-3928
-4402
-4973
-4873
-3957
-2968
-2850
-3915
-5550
-6942
-7720
-8133
-8343
-8280
-7802
-6521
-4270
-1767
-368
-605
-1827
-3049
-3955
-5254
-7616
-9224
-6232
2546
12792
18401
17970
15013
13267
12076
7904
-512
-9448
-13580
-11564
-6334
-1332
2034
4046
5343
6147
5865
3711
-203
-4474
-7012
-6434
-3067
1370
5342
8730
11790
14108
14376
11719
6310
-349
-6158
-9524
-10104
-8782
-6697
-4443
-1926
479
1833
1246
-1102
-4225
-6811
-7936
-7223
-4857
-1491
2163
5821
9728
13600
16102
15833
12642
7824
3048
-700
-3369
-5358
-6617
-6627
-5192
-2952
-891
377
796
698
414
164
139
630
1776
3136
4216
4901
5242
4947
3503
1014
-1699
-3535
-4181
-4172
-4247
-4465
-4203
-3278
-2315
-2247
-3412
-5164
-6732
-7784
-8472
-8870
-8877
-8315
-6929
-4713
-2310
-789
-723
-1853
-3292
-4498
-5659
-7400
-8788
-6838
293
10168
17221
18548
16077
13722
12263
8916
1652
-7229
-12701
-12357
-7877
-2790
967
3294
4863
5926
5901
4147
541
-3615
-6418
-6283
-3401
636
4375
7727
11040
13831
14702
12513
7521
1143
-4536
-8253
-9455
-8751
-7032
-4914
-2472
46
1680
1527
-571
-3544
-6092
-7274
-6888
-5120
-2461
771
4385
8436
12703
15925
16328
13294
8331
3485
-254
-3244
-5689
-7187
-6943
-4885
-2022
290
1357
1365
872
473
351
364
448
966
2208
3918
5302
5778
5089
3320
855
-1477
-3088
-3988
-4570
-4979
-4983
-4376
-3320
-2513
-2628
-3796
-5368
-6731
-7749
-8613
-9252
-9357
-8641
-7102
-4961
-2820
-1363
-1108
-1954
-3247
-4697
-6538
-8572
-8399
-3449
5696
14190
17724
16683
14693
13643
11369
5134
-4051
-11407
-13201
-9932
-4945
-814
2015
4057
5779
6715
5992
3035
-1302
-5015
-6081
-4116
-586
2903
6028
9316
12576
14641
13887
9829
3549
-2745
-7328
-9395
-9207
-7741
-5849
-3713
-1145
1062
1748
356
-2418
-5210
-6855
-6798
-5340
-3003
28
3915
8561
13077
16081
16492
14132
9753
4558
-487
-4635
-7418
-8532
-7947
-5900
-2846
331
2461
2868
2032
971
357
34
-193
-53
876
2570
4504
5961
6357
5390
3264
689
-1558
-3177
-4396
-5527
-6388
-6340
-5132
-3553
-2802
-3327
-4587
-5816
-6846
-7801
-8731
-9272
-9005
-7822
-5839
-3502
-1390
-318
-597
-1909
-3756
-5970
-8231
-8451
-4341
3840
11739
15401
15002
13809
13398
11495
5576
-3354
-10580
-12455
-9397
-4682
-842
1744
3643
5321
6438
6096
3458
-856
-4733
-5959
-4102
-559
3003
6036
9065
12237
14427
13888
10050
4008
-2174
-6817
-8970
-8831
-7237
-5125
-2887
-632
1124
1611
188
-2702
-5807
-7644
-7562
-5807
-3002
384
4356
8892
13319
16055
15884
12930
8297
3136
-1608
-5302
-7610
-8331
-7325
-4858
-1777
1031
2796
3085
2132
635
-757
-1586
-1477
-275
1492
3123
4421
5718
6777
6534
4314
938
-1877
-3290
-3796
-4447
-5503
-6072
-5215
-3361
-2234
-2947
-4798
-6602
-7896
-8711
-9175
-9325
-9039
-7812
-5573
-3088
-1244
-463
-751
-2112
-4282
-6939
-8362
-5998
809
8731
13277
13780
12881
12848
12092
7877
-43
-7858
-11494
-10104
-5911
-1601
1691
3687
4795
5266
5011
3283
-243
-4327
-6554
-5442
-1806
2471
6195
9398
12187
14258
14317
11500
6037
-234
-5335
-8163
-8448
-6940
-4725
-2633
-703
768
970
-676
-3713
-6813
-8659
-8549
-6636
-3546
116
4122
8422
12524
15312
15616
13134
8700
3692
-755
-4164
-6446
-7286
-6461
-4273
-1647
547
1814
2063
1532
604
-450
-1360
-1786
-1210
417
2438
3892
4445
4521
4420
3826
2293
303
-1186
-1695
-1843
-2316
-3078
-3409
-3049
-2729
-3304
-4788
-6381
-7519
-8117
-8490
-8706
-8509
-7627
-6054
-4393
-3278
-2977
-3298
-3857
-4585
-5595
-6770
-6103
-1406
6501
13139
14925
12879
10600
9722
8010
3065
-4058
-9040
-9084
-5302
-830
2381
4086
4398
3695
2255
346
-2184
-5056
-7095
-6751
-3512
1351
5889
9006
10999
12458
13145
11840
8060
2773
-2100
-5081
-5576
-4157
-2201
-833
-262
-116
-503
-1928
-4663
-7798
-9800
-9561
-7131
-3484
453
4224
8052
11650
13826
13420
10626
6634
2427
-1137
-3457
-4301
-4008
-2856
-1213
382
1283
1069
-69
-1404
-1852
-1350
-648
-359
-25
961
2293
2986
2476
1275
419
499
1060
1255
962
733
792
553
-506
-2025
-3261
-4161
-5116
-6160
-6889
-6968
-6575
-6267
-6455
-6823
-6634
-5762
-5012
-4912
-5248
-5388
-5298
-5401
-5870
-5471
-2011
4706
11545
14227
12297
8965
7264
6473
3867
-1409
-6459
-7500
-4109
913
4282
5158
4137
2335
368
-1436
-3196
-4971
-6256
-6034
-3501
688
5013
7898
9134
9163
8760
8004
6688
4554
1908
-290
-1107
-186
1445
2311
1366
-907
-3478
-5582
-7152
-8294
-8727
-7890
-5408
-1806
1859
4819
7061
8689
9423
8814
7136
5188
3427
1614
-293
-1643
-1837
-1098
-430
-435
-1019
-1551
-1800
-1903
-1908
-1430
-346
991
2176
2857
2876
2076
756
-698
-1760
-1914
-1107
53
860
1304
1585
1587
881
-526
-2354
-4095
-5324
-5891
-6135
-6518
-6833
-6708
-5994
-5114
-4577
-4650
-5075
-5222
-5009
-4853
-5303
-6363
-7389
-6561
-1894
5959
13043
15165
12201
7687
4945
3707
1435
-2816
-6661
-6984
-3345
1972
6236
7922
6598
3059
-957
-3712
-4795
-5064
-5089
-4405
-2069
1737
5587
7893
8203
7245
5867
4395
2974
1906
1424
1640
2404
3585
4576
4421
2549
-709
-4319
-7352
-9189
-9666
-8757
-6518
-3309
192
3248
5511
6948
7768
8003
7311
5593
3637
2572
2373
1941
676
-854
-1718
-1654
-1311
-1591
-2498
-3162
-2839
-1723
-425
695
1553
2103
2303
2176
1621
684
-443
-1357
-1711
-1322
-430
418
803
693
137
-883
-2047
-2860
-3215
-3546
-4166
-4894
-5371
-5498
-5473
-5584
-5751
-5650
-5127
-4430
-4098
-4250
-4633
-5054
-5762
-6527
-5469
-653
6938
12989
13893
10370
6174
3895
2508
-175
-4044
-6259
-4779
-705
3336
5720
6275
4960
2047
-1501
-4127
-4927
-4163
-2658
-806
1420
3701
5308
5638
4964
4000
3255
2538
1747
1251
1626
2846
4330
5217
4789
3091
653
-1882
-4346
-6606
-8085
-8094
-6379
-3485
-459
1829
3174
4078
5156
6366
6926
6124
4394
2901
2326
2353
2206
1455
237
-820
-1433
-1722
-2108
-2637
-3047
-3033
-2326
-1055
369
1406
1870
1750
1261
706
301
22
-328
-686
-776
-434
16
139
-359
-1331
-2293
-2919
-3229
-3582
-4009
-4405
-4657
-4811
-4918
-4912
-4877
-4812
-4748
-4593
-4336
-4162
-4305
-4942
-5988
-6808
-5766
-1239
6000
12377
14199
11282
6702
3539
1918
5
-2801
-4776
-3944
-638
3044
5193
5181
3236
118
-3069
-5063
-5113
-3365
-724
1792
3730
5000
5479
4858
3368
1712
708
611
1253
2307
3388
4285
4792
4882
4206
2570
62
-2545
-4445
-5423
-5586
-5205
-4290
-2874
-1164
343
1447
2462
3782
5313
6433
6556
5590
4180
2972
2097
1219
243
-505
-615
-229
28
-395
-1477
-2574
-3059
-2882
-2341
-1637
-679
533
1693
2194
1782
763
-216
-765
-955
-985
-992
-862
-596
-348
-463
-1030
-1839
-2578
-3190
-3824
-4515
-5112
-5354
-5252
-4966
-4652
-4290
-3870
-3531
-3429
-3728
-4406
-5382
-6498
-7281
-6387
-2288
4628
11274
13902
11739
7438
4109
2286
469
-1915
-3363
-2240
870
3804
4954
4163
1802
-1577
-4877
-6557
-5690
-2841
450
2937
4419
5174
5047
3753
1855
561
664
1788
3078
3963
4390
4398
3929
2952
1607
252
-921
-1849
-2487
-2734
-2670
-2577
-2741
-3117
-3241
-2583
-986
1321
3852
6054
7320
7236
5890
3825
1831
492
-99
-83
524
1605
2546
2409
797
-1696
-3804
-4569
-3946
-2734
-1499
-254
1079
2159
2273
1196
-503
-1745
-1882
-1118
-286
-8
-294
-855
-1455
-2121
-2730
-3083
-3113
-2938
-2820
-2965
-3445
-4149
-4836
-5262
-5193
-4673
-3998
-3538
-3393
-3465
-3742
-4485
-5854
-7199
-6753
-2850
3862
10099
12303
10042
6013
3333
2611
2227
1165
283
1029
3082
4678
4378
2194
-987
-4148
-6195
-6211
-4122
-978
1801
3324
3585
3007
1954
727
-33
465
2388
4785
6380
6512
5400
3634
1764
199
-862
-1213
-915
-318
-28
-334
-1269
-2563
-3853
-4677
-4536
-3057
-263
2992
5619
6875
6890
5873
4039
1864
242
-58
761
1851
2450
2553
2253
1417
-253
-2409
-3996
-4112
-2711
-909
212
351
98
-92
-385
-966
-1541
-1453
-549
546
924
275
-954
-2150
-3006
-3513
-3557
-3080
-2374
-1962
-2279
-3195
-4335
-5268
-5628
-5251
-4243
-3193
-2585
-2558
-2942
-3587
-4549
-5887
-7168
-6879
-3404
2916
9060
11455
9270
5037
2092
1496
1897
1984
2135
3476
5574
6695
5608
2621
-1142
-4568
-6599
-6544
-4327
-1047
1693
2734
2192
893
-424
-1223
-1023
534
3194
5984
7773
7900
6427
3936
1265
-623
-1251
-792
86
758
880
311
-993
-2757
-4147
-4217
-2830
-776
978
2082
2683
2912
2871
2568
2126
1883
2162
2896
3500
3329
2335
1036
65
-435
-632
-841
-996
-916
-682
-651
-1218
-2159
-2853
-2564
-1383
19
790
733
207
-531
-1462
-2471
-3079
-2948
-2306
-1731
-1634
-1973
-2531
-3246
-4055
-4682
-4807
-4266
-3425
-2630
-2059
-1819
-2072
-2986
-4182
-5029
-5253
-5182
-5032
-3883
-605
4258
7914
7714
4283
921
484
2449
4323
4597
4207
4620
5597
5715
3927
806
-2319
-4131
-4019
-2324
-93
1325
1278
81
-1241
-2004
-2148
-1664
-250
2194
4950
6628
6514
4960
3147
1981
1668
1880
2134
2278
2047
1237
-272
-2010
-3287
-3468
-2378
-585
1094
1819
1526
528
-465
-886
-515
513
1738
2943
3824
4155
3623
2301
658
-547
-802
-215
636
1130
966
214
-760
-1680
-2470
-2987
-2892
-1994
-637
335
229
-864
-2180
-2870
-2826
-2433
-2079
-1886
-1763
-1860
-2478
-3655
-4933
-5575
-5219
-4113
-2843
-1994
-1845
-2320
-3003
-3459
-3563
-3513
-3669
-4005
-3784
-1993
1552
5179
6619
5036
2046
186
545
2249
3630
4153
4298
4459
4438
3863
2785
1472
110
-1012
-1511
-1196
-611
-531
-1112
-1700
-1613
-988
-298
341
1436
3077
4473
4646
3500
2093
1511
2080
3246
4343
4860
4569
3345
1418
-554
-1784
-2043
-1684
-1156
-609
-55
326
233
-364
-1034
-1130
-413
768
1815
2310
2170
1619
1064
778
949
1377
1830
2041
1794
1052
-36
-1098
-1933
-2387
-2453
-2154
-1676
-1305
-1292
-1707
-2429
-3133
-3588
-3684
-3419
-2969
-2467
-2115
-2016
-2263
-2797
-3417
-3761
-3710
-3501
-3432
-3587
-3662
-3453
-3072
-2845
-3005
-3412
-3793
-3655
-2368
408
4003
6531
6447
4136
1878
1573
3059
4574
4968
4479
3997
3657
2901
1522
-63
-1090
-1261
-586
498
1333
1166
-264
-2317
-3862
-4095
-3092
-1353
671
2649
4195
4841
4376
3145
1977
1737
2702
4353
5628
5667
4366
2354
540
-442
-485
45
642
846
481
-378
-1394
-2177
-2398
-1961
-1058
64
1108
1914
2296
2112
1463
819
765
1371
2155
2431
1918
948
62
-393
-669
-945
-1232
-1502
-1900
-2617
-3468
-4082
-4135
-3794
-3460
-3361
-3464
-3650
-3939
-4325
-4536
-4354
-3820
-3162
-2705
-2434
-2274
-2204
-2359
-2801
-3262
-3468
-3253
-2878
-2715
-3044
-3364
-2487
246
3916
6279
5987
3893
2290
2666
4327
5618
5831
5499
5323
5054
4295
3013
1619
377
-648
-1216
-1186
-760
-738
-1597
-2928
-3638
-3135
-1730
-310
663
1308
1737
1891
1526
1025
1077
2026
3559
4955
5586
5342
4368
3043
1793
1177
1439
2128
2424
1779
479
-854
-1669
-1909
-1639
-995
-165
510
616
139
-532
-1018
-1057
-525
643
2177
3420
3622
2615
1010
-230
-569
-196
313
458
127
-695
-1855
-3100
-4129
-4733
-4864
-4627
-4337
-4341
-4818
-5498
-5954
-5931
-5524
-5016
-4552
-4122
-3678
-3330
-3218
-3359
-3455
-3259
-2648
-1978
-1868
-2509
-3079
-2073
921
4489
6171
5056
2736
1869
3396
5806
7079
6766
5996
5681
5545
4892
3649
2356
1355
727
476
574
667
44
-1539
-3444
-4479
-4082
-2702
-1172
-5
813
1183
987
268
-250
298
2053
4194
5548
5621
4635
3145
1779
989
1075
1786
2534
2841
2532
1855
932
-76
-922
-1243
-817
-45
523
439
-159
-881
-1348
-1350
-1000
-395
363
1187
1804
1929
1558
956
533
445
564
603
453
66
-619
-1512
-2352
-2804
-2898
-2994
-3526
-4668
-5972
-6832
-6897
-6543
-6359
-6473
-6510
-6014
-5129
-4348
-4141
-4401
-4670
-4496
-3921
-3307
-3043
-2924
-2004
457
4088
6838
6964
4644
2300
2183
4271
6540
7286
6713
6078
5947
5771
4863
3315
1867
1063
993
1249
1380
884
-384
-1983
-3204
-3474
-2915
-1881
-686
436
1242
1400
972
386
288
944
2176
3461
4283
4307
3538
2429
1670
1786
2535
3130
2969
2181
1390
902
604
172
-364
-772
-786
-519
-281
-322
-622
-1031
-1283
-1182
-618
164
786
921
550
126
-1
227
419
377
172
67
110
7
-463
-1337
-2294
-2956
-3171
-3207
-3563
-4414
-5418
-5948
-5784
-5282
-5081
-5433
-6000
-6378
-6331
-6150
-5881
-5645
-5295
-5006
-4862
-4848
-4237
-2274
916
3963
5091
4035
2420
2376
4350
6907
8278
8112
7304
6807
6573
6198
5438
4373
3227
2285
1787
1534
903
-492
-2289
-3413
-3286
-2241
-1316
-1008
-945
-559
68
435
278
172
787
2335
4112
5225
5181
4228
3085
2473
2762
3568
4213
4057
3219
2197
1402
875
355
-106
-362
-323
-189
-260
-687
-1382
-2079
-2370
-2098
-1396
-715
-437
-572
-776
-729
-375
7
239
403
550
721
753
442
-211
-1066
-1865
-2419
-2780
-3023
-3354
-3817
-4390
-4957
-5520
-6118
-6683
-7071
-7027
-6629
-6084
-5698
-5476
-5211
-4824
-4625
-4885
-5197
-4223
-1349
2496
4883
4469
2359
1095
2124
4555
6602
7408
7325
7001
6607
6026
5325
4670
4010
3258
2609
2207
1852
997
-421
-1707
-2197
-1879
-1434
-1317
-1435
-1385
-1065
-828
-711
-525
241
1539
3021
4020
4184
3547
2656
2262
2758
3948
4940
5146
4515
3618
2848
2273
1761
1277
994
962
1073
1060
650
-180
-1167
-1787
-1738
-1277
-935
-1100
-1552
-1967
-1990
-1602
-1084
-693
-486
-404
-385
-479
-776
-1307
-1781
-1933
-1721
-1520
-1686
-2355
-3410
-4393
-5050
-5150
-4994
-4971
-5454
-6208
-6613
-6447
-6108
-6160
-6498
-6595
-6214
-5773
-5644
-4960
-2699
765
3369
3432
1711
700
2029
4923
7277
8049
7779
7532
7478
7241
6538
5544
4598
3868
3505
3365
2984
1739
-322
-2383
-3510
-3376
-2564
-1897
-1582
-1388
-1056
-830
-937
-1150
-908
235
2068
3773
4570
4122
2943
1994
2109
3411
4974
5701
5104
3818
2805
2506
2528
2217
1596
1161
1241
1557
1522
993
190
-516
-928
-986
-729
-441
-378
-738
-1195
-1368
-1090
-700
-639
-891
-1140
-1148
-1135
-1325
-1684
-1972
-2086
-2255
-2692
-3343
-3947
-4398
-4872
-5302
-5523
-5434
-5339
-5643
-6172
-6604
-6665
-6531
-6405
-6265
-6185
-6166
-5784
-4391
-1728
996
2288
1686
511
634
2393
4709
6189
6669
6665
6550
6357
6203
6204
6299
6068
5424
4669
4122
3541
2428
797
-666
-1393
-1443
-1373
-1507
-1667
-1617
-1487
-1691
-2245
-2588
-2063
-651
1087
2287
2545
2222
1953
2446
3612
4797
5339
5051
4565
4251
4063
3595
2780
2095
1852
2045
2160
1736
771
-368
-1132
-1329
-1085
-857
-922
-1136
-1237
-1076
-896
-933
-1161
-1382
-1296
-911
-442
-324
-738
-1296
-1491
-1290
-1229
-1711
-2581
-3335
-3761
-4014
-4346
-4809
-5284
-5698
-5910
-5885
-5717
-5766
-6190
-6708
-6950
-6914
-6692
-5847
-3829
-884
1365
1559
136
-806
229
2667
4748
5496
5448
5505
5824
6008
5883
5625
5365
5028
4735
4563
4355
3582
2150
534
-438
-529
-233
-98
-309
-512
-517
-442
-587
-1036
-1464
-1359
-520
710
1675
1888
1592
1560
2200
3183
3905
4029
3863
3676
3600
3518
3229
2886
2591
2491
2412
2083
1427
595
-9
-340
-556
-936
-1330
-1449
-1373
-1352
-1642
-2037
-2314
-2392
-2240
-2009
-1782
-1666
-1694
-1696
-1568
-1340
-1309
-1754
-2507
-3236
-3538
-3451
-3230
-3291
-3766
-4418
-4872
-4908
-4812
-4949
-5359
-5715
-5757
-5729
-5715
-5182
-3500
-901
950
977
-331
-1023
65
2213
3969
4586
4668
4946
5394
5547
5257
4900
4632
4373
4009
3631
3291
2723
1798
677
-88
-305
-154
6
-37
-90
7
123
3
-496
-968
-912
-102
1123
2141
2579
2622
2637
2916
3301
3613
3760
3698
3661
3661
3618
3292
2626
1980
1630
1563
1468
1163
830
507
83
-594
-1288
-1537
-1384
-1061
-1075
-1380
-1828
-2198
-2472
-2702
-2806
-2801
-2580
-2227
-2007
-2212
-2958
-3807
-4253
-4114
-3686
-3664
-4123
-4780
-5082
-4924
-4674
-4497
-4516
-4435
-4208
-4153
-4564
-5303
-5207
-3474
-538
1789
1953
467
-785
-211
1824
3799
4797
4939
4877
4859
4807
4700
4535
4293
3937
3719
3808
3843
3242
1883
381
-446
-423
42
390
436
249
7
-278
-540
-638
-428
77
704
1333
1869
2337
2624
2788
2874
3022
3269
3456
3508
3434
3259
2976
2529
2097
1896
1986
2105
1937
1457
830
291
-116
-445
-618
-651
-701
-895
-1298
-1739
-2070
-2257
-2250
-2138
-1975
-1977
-2189
-2579
-2993
-3364
-3672
-3860
-3947
-4056
-4423
-5123
-5891
-6326
-6181
-5640
-5143
-5028
-5229
-5442
-5627
-5827
-5890
-4871
-2416
719
2533
1946
94
-756
605
3188
5203
5926
5762
5416
5062
4628
4469
4579
4694
4357
3761
3271
2851
2066
819
-281
-559
6
684
766
293
-173
-227
-32
92
39
212
811
1852
2889
3588
3624
3216
2913
3142
3756
4069
3695
2890
2273
2194
2421
2467
2111
1433
897
657
756
875
786
447
-11
-397
-652
-786
-911
-1002
-1081
-1196
-1407
-1679
-1971
-2147
-2270
-2261
-2333
-2629
-3092
-3577
-3912
-4216
-4515
-4906
-5463
-6065
-6644
-7040
-7164
-7065
-6703
-6285
-6039
-6181
-6577
-6238
-4286
-1208
1263
1511
311
-411
794
3215
5155
5871
5778
5646
5691
5625
5467
5149
4664
3996
3523
3446
3435
2816
1421
-128
-861
-596
10
191
-145
-548
-601
-460
-410
-526
-442
233
1490
2959
4129
4561
4213
3517
3164
3548
4255
4690
4490
4004
3580
3285
2787
2099
1532
1489
1801
1969
1623
781
-141
-813
-1053
-991
-839
-809
-981
-1321
-1701
-1989
-2082
-2014
-1945
-1985
-2248
-2607
-2940
-3158
-3386
-3713
-4075
-4318
-4479
-4845
-5536
-6381
-7011
-7230
-7223
-7257
-7549
-7868
-7991
-7343
-5646
-3348
-1443
-959
-1328
-1378
-71
2040
3798
4667
5077
5640
6337
6556
6185
5543
5162
5119
5212
5224
4769
3792
2325
997
278
204
349
203
-170
-523
-585
-614
-874
-1308
-1500
-956
312
1881
2989
3186
2800
2467
2760
3506
4177
4403
4221
4015
3895
3824
3604
3173
2713
2370
2320
2390
2277
1761
911
191
-159
-152
-99
-221
-587
-1060
-1445
-1688
-1781
-1780
-1742
-1784
-1952
-2355
-2838
-3299
-3599
-3829
-4077
-4406
-4842
-5345
-5964
-6674
-7299
-7579
-7403
-7261
-7561
-8276
-8278
-6711
-3981
-1777
-1578
-2620
-3095
-1648
829
2807
3579
3871
4403
5238
5622
5414
4839
4436
4353
4585
4947
4954
4291
2942
1622
977
1089
1366
1216
729
371
399
419
153
-304
-346
311
1508
2730
3459
3366
2651
1801
1545
2110
3090
3858
3802
3165
2310
1747
1526
1513
1602
1890
2256
2393
1906
954
96
-225
148
706
1020
796
295
-222
-607
-768
-783
-726
-794
-1009
-1326
-1679
-2216
-2897
-3645
-4115
-4305
-4462
-4784
-5335
-6007
-6676
-7205
-7459
-7552
-7666
-7883
-7559
-6024
-3626
-1797
-1876
-3091
-3674
-2322
111
1999
2670
2731
3096
3696
4005
3892
3628
3588
3650
3753
3940
3964
3531
2432
1252
685
935
1412
1430
994
662
802
1117
1081
729
561
1119
2286
3452
4065
3839
3204
2620
2517
2824
3131
3176
2918
2573
2288
1980
1590
1115
824
902
1306
1716
1686
1112
287
-353
-452
-165
177
239
45
-218
-406
-480
-589
-858
-1255
-1492
-1410
-1209
-1376
-2046
-3060
-3847
-4273
-4364
-4440
-4712
-5330
-6176
-6975
-7558
-7931
-8108
-7670
-6239
-4098
-2376
-2137
-3048
-3753
-2948
-887
1322
2753
3319
3434
3432
3403
3452
3550
3686
3767
3787
3781
3511
2789
1576
381
-211
-55
450
819
882
742
558
341
203
373
995
1949
2894
3625
4016
4059
3828
3532
3500
3788
4116
4033
3503
2886
2580
2515
2306
1821
1256
991
1022
1049
799
275
-285
-669
-822
-854
-809
-740
-667
-593
-578
-646
-799
-953
-1095
-1158
-1199
-1287
-1460
-1767
-2162
-2713
-3244
-3684
-4088
-4624
-5366
-6109
-6789
-7368
-7742
-7484
-6223
-4395
-3043
-3067
-3889
-4266
-3245
-1363
342
1360
2049
2805
3534
3823
3639
3259
3087
3163
3323
3477
3344
2689
1431
102
-622
-515
-21
206
60
-119
3
278
444
468
621
1323
2438
3556
4099
4010
3550
3289
3396
3745
3985
3923
3575
3190
2970
2869
2732
2418
2072
1796
1598
1377
972
459
-35
-379
-586
-696
-742
-687
-532
-415
-484
-797
-1186
-1394
-1283
-961
-701
-731
-1065
-1602
-2191
-2708
-3077
-3393
-3762
-4303
-4929
-5564
-6156
-6635
-6687
-5939
-4494
-3125
-2794
-3435
-4169
-3888
-2537
-806
454
1163
1669
2253
2757
2924
2728
2469
2491
2795
3151
3211
2873
2029
1002
151
-235
-207
-13
128
158
194
276
312
203
157
431
1212
2178
2931
3111
2765
2231
1868
1896
2194
2542
2670
2620
2465
2322
2158
1965
1779
1675
1678
1676
1576
1318
920
483
76
-142
-186
-115
-60
-129
-294
-533
-723
-871
-918
-859
-677
-500
-509
-802
-1333
-1975
-2576
-3063
-3391
-3579
-3728
-4075
-4701
-5348
-5527
-4898
-3806
-2899
-2710
-3000
-3148
-2697
-1839
-956
-244
493
1273
1928
2185
2033
1718
1491
1475
1669
1968
2152
1996
1451
752
192
-59
-26
128
332
579
877
1104
1135
986
882
1087
1654
2338
2812
2824
2473
1991
1617
1450
1444
1539
1615
1597
1405
1112
791
549
431
465
590
644
517
224
-62
-207
-151
-37
0
-97
-235
-211
-62
102
103
-3
-76
-44
50
59
-83
-377
-734
-1105
-1467
-1864
-2313
-2800
-3286
-3679
-3968
-4085
-3999
-3622
-3139
-2827
-2811
-2836
-2521
-1854
-1058
-430
131
682
1175
1381
1270
1068
982
1071
1181
1255
1245
1122
855
497
201
94
214
466
771
1067
1358
1622
1784
1835
1838
1898
2056
2277
2470
2545
2436
2195
1918
1703
1462
1121
719
487
492
596
513
185
-180
-394
-377
-284
-242
-350
-503
-583
-484
-203
108
314
334
292
333
488
669
770
807
805
748
563
237
-139
-431
-611
-825
-1203
-1751
-2305
-2762
-3118
-3477
-3834
-4020
-3923
-3633
-3386
-3315
-3300
-3094
-2621
-2046
-1535
-1069
-544
11
409
559
506
436
470
637
845
961
914
656
365
183
189
304
441
617
846
1176
1537
1853
2110
2292
2438
2553
2694
2875
3077
3195
3133
2917
2638
2393
2194
1994
1743
1452
1193
1020
875
714
548
446
369
200
-132
-502
-723
-698
-577
-536
-622
-769
-877
-964
-997
-949
-748
-419
-129
-33
-165
-363
-485
-514
-500
-536
-666
-939
-1344
-1804
-2246
-2619
-2939
-3180
-3324
-3357
-3319
-3264
-3208
-3096
-2940
-2746
-2478
-2098
-1600
-1078
-659
-412
-274
-135
10
127
238
403
622
791
810
746
754
882
1051
1160
1261
1481
1877
2372
2794
3026
3094
3062
3043
3127
3341
3569
3615
3367
2901
2448
2188
2079
1932
1632
1242
967
853
737
469
98
-180
-266
-254
-322
-529
-766
-936
-1014
-1031
-1026
-1021
-1052
-1117
-1142
-1057
-880
-742
-718
-777
-805
-754
-685
-704
-864
-1126
-1412
-1642
-1842
-2076
-2392
-2726
-2958
-3048
-3031
-3003
-2960
-2827
-2578
-2276
-2036
-1849
-1618
-1255
-791
-386
-137
-32
18
55
79
122
178
234
243
206
171
232
373
491
490
470
659
1176
1911
2574
2948
3010
2943
2967
3216
3620
4000
4173
4085
3822
3502
3264
3098
2972
2810
2607
2369
2089
1774
1407
1025
667
388
167
-31
-299
-674
-1106
-1469
-1647
-1663
-1637
-1680
-1766
-1798
-1705
-1563
-1445
-1376
-1301
-1182
-1033
-926
-937
-1093
-1338
-1566
-1738
-1853
-2025
-2336
-2777
-3236
-3538
-3581
-3368
-3052
-2815
-2751
-2784
-2739
-2469
-1967
-1386
-886
-541
-303
-98
109
315
477
577
597
597
613
661
730
760
745
681
593
542
609
860
1247
1662
1981
2139
2187
2219
2330
2506
2721
2898
3014
3062
3055
3057
3086
3129
3108
2998
2850
2764
2757
2761
2650
2372
1970
1528
1148
833
565
286
-45
-436
-858
-1221
-1478
-1622
-1685
-1703
-1680
-1642
-1634
-1679
-1755
-1796
-1766
-1687
-1624
-1645
-1801
-2056
-2369
-2633
-2819
-2993
-3209
-3416
-3417
-3166
-2827
-2687
-2813
-2971
-2876
-2450
-1912
-1509
-1297
-1151
-946
-629
-294
-37
110
164
180
211
346
586
835
955
880
738
674
760
946
1177
1426
1668
1847
1901
1839
1791
1876
2090
2283
2323
2247
2158
2160
2273
2439
2582
2630
2577
2512
2533
2654
2763
2723
2496
2173
1894
1692
1513
1319
1079
799
470
98
-238
-486
-601
-650
-739
-917
-1133
-1277
-1333
-1377
-1496
-1674
-1809
-1841
-1865
-1985
-2244
-2563
-2877
-3140
-3304
-3285
-3059
-2765
-2591
-2651
-2823
-2895
-2736
-2387
-1990
-1653
-1408
-1243
-1095
-918
-686
-453
-256
-111
3
112
193
285
412
568
669
660
597
635
824
1089
1282
1327
1281
1243
1250
1264
1299
1338
1364
1329
1247
1202
1282
1460
1645
1760
1851
1968
2097
2187
2225
2285
2367
2420
2358
2175
1975
1804
1672
1527
1353
1161
954
765
575
403
245
96
-82
-289
-487
-648
-765
-867
-971
-1105
-1287
-1497
-1702
-1870
-2028
-2220
-2453
-2608
-2555
-2308
-2047
-1987
-2180
-2452
-2536
-2328
-1943
-1610
-1479
-1533
-1631
-1626
-1453
-1191
-961
-830
-792
-724
-551
-299
-44
147
285
403
559
777
1031
1278
1454
1513
1458
1352
1290
1287
1281
1203
1035
819
608
434
338
347
436
552
653
735
831
945
1077
1217
1353
1472
1532
1514
1467
1458
1524
1613
1623
1529
1358
1179
1024
933
893
866
768
550
248
-67
-314
-500
-652
-796
-959
-1141
-1346
-1556
-1763
-1939
-2071
-2104
-1966
-1669
-1339
-1166
-1223
-1397
-1470
-1312
-984
-694
-608
-725
-893
-972
-935
-880
-900
-999
-1073
-1030
-857
-611
-421
-328
-306
-271
-136
139
521
909
1187
1275
1220
1134
1135
1205
1254
1186
1005
812
648
488
294
90
-28
-9
105
226
270
256
242
262
310
360
378
360
340
358
436
554
667
693
624
522
480
532
634
718
735
673
532
363
203
82
-38
-161
-301
-448
-583
-720
-884
-1093
-1270
-1288
-1065
-703
-413
-370
-534
-700
-676
-417
-88
101
62
-116
-255
-263
-205
-192
-299
-499
-673
-723
-607
-414
-261
-224
-272
-293
-151
178
575
867
964
935
913
960
1028
1031
963
872
782
665
477
242
45
-43
-32
60
149
163
71
-62
-153
-129
-46
-16
-69
-204
-339
-409
-375
-273
-151
-86
-90
-151
-205
-190
-118
-29
22
29
-25
-99
-181
-257
-349
-480
-621
-712
-741
-773
-858
-978
-1009
-833
-476
-91
138
172
130
168
370
620
789
817
766
737
746
750
672
501
257
36
-81
-56
44
131
139
63
-3
42
212
425
576
626
616
600
582
524
411
298
228
184
103
-22
-131
-186
-197
-208
-188
-109
-2
64
22
-79
-165
-187
-182
-223
-329
-471
-574
-613
-577
-511
-461
-475
-547
-607
-586
-476
-338
-246
-234
-294
-391
-483
-574
-664
-750
-812
-852
-901
-1009
-1170
-1280
-1202
-877
-393
35
226
193
144
293
659
1069
1313
1344
1265
1217
1234
1275
1258
1129
941
771
688
690
723
728
686
620
606
693
838
970
1016
997
941
859
742
607
462
323
206
58
-130
-327
-461
-507
-514
-520
-510
-461
-367
-294
-290
-348
-416
-468
-523
-579
-652
-717
-788
-857
-886
-851
-787
-760
-800
-873
-896
-828
-676
-530
-453
-493
-611
-757
-864
-919
-971
-1000
-1041
-1102
-1234
-1398
-1458
-1284
-851
-328
39
125
61
112
419
908
1326
1496
1434
1293
1249
1340
1491
1555
1447
1208
983
905
987
1119
1191
1162
1103
1096
1167
1279
1360
1403
1416
1392
1283
1091
860
628
438
271
89
-113
-305
-446
-548
-613
-651
-634
-578
-512
-475
-475
-474
-485
-533
-641
-776
-890
-935
-943
-932
-919
-917
-959
-1030
-1076
-1069
-1018
-951
-875
-814
-792
-838
-945
-1054
-1128
-1191
-1257
-1326
-1399
-1483
-1602
-1717
-1692
-1405
-880
-343
-44
-20
-55
104
542
1091
1477
1587
1489
1385
1383
1486
1590
1587
1462
1280
1158
1154
1259
1385
1471
1481
1461
1479
1561
1671
1754
1772
1708
1563
1352
1131
936
779
646
488
275
22
-208
-370
-461
-509
-532
-530
-537
-558
-601
-646
-694
-748
-813
-888
-964
-1033
-1082
-1096
-1059
-981
-911
-902
-940
-978
-970
-914
-826
-752
-732
-766
-870
-1009
-1144
-1257
-1345
-1437
-1522
-1623
-1748
-1905
-2020
-1967
-1643
-1114
-635
-414
-436
-438
-185
325
872
1216
1282
1202
1159
1238
1402
1555
1611
1566
1461
1394
1417
1526
1679
1805
1865
1869
1864
1873
1912
1965
1993
1917
1724
1468
1232
1058
942
839
684
471
237
47
-94
-188
-262
-321
-369
-401
-439
-514
-640
-794
-921
-1023
-1092
-1156
-1233
-1319
-1374
-1357
-1275
-1175
-1103
-1066
-1057
-1036
-972
-852
-721
-616
-600
-675
-800
-921
-1010
-1093
-1180
-1285
-1403
-1545
-1677
-1745
-1653
-1372
-990
-696
-582
-560
-454
-163
246
611
800
808
759
779
890
1050
1172
1219
1179
1125
1138
1252
1437
1611
1735
1785
1797
1816
1854
1919
1996
2028
1958
1775
1531
1299
1123
1014
926
820
664
486
325
193
94
8
-51
-71
-71
-102
-216
-399
-595
-757
-885
-1001
-1127
-1266
-1391
-1464
-1482
-1457
-1416
-1378
-1336
-1294
-1235
-1156
-1040
-909
-783
-719
-730
-795
-876
-957
-1029
-1093
-1156
-1244
-1388
-1545
-1629
-1526
-1215
-825
-541
-444
-440
-358
-97
283
627
796
781
714
710
814
960
1067
1072
996
926
955
1097
1270
1410
1482
1511
1518
1535
1569
1623
1678
1713
1676
1533
1303
1042
837
725
692
654
555
397
239
125
70
55
48
49
49
40
-9
-109
-240
-382
-532
-686
-842
-979
-1068
-1121
-1156
-1201
-1254
-1302
-1324
-1307
-1257
-1193
-1119
-1026
-935
-878
-869
-901
-958
-1027
-1072
-1096
-1116
-1167
-1261
-1395
-1499
-1469
-1256
-910
-587
-400
-345
-292
-112
209
549
774
854
854
878
980
1132
1251
1279
1234
1194
1230
1338
1480
1585
1633
1640
1634
1629
1631
1628
1630
1633
1599
1495
1294
1041
815
666
590
536
451
318
159
28
-46
-67
-77
-80
-94
-129
-202
-296
-400
-497
-588
-671
-760
-866
-980
-1073
-1113
-1093
-1054
-1049
-1102
-1184
-1230
-1197
-1102
-1012
-958
-950
-959
-980
-1022
-1087
-1157
-1204
-1227
-1242
-1291
-1374
-1475
-1521
-1437
-1199
-870
-573
-393
-318
-235
-54
231
528
738
834
872
925
1032
1179
1305
1371
1383
1400
1474
1608
1753
1851
1892
1889
1866
1833
1810
1797
1777
1718
1606
1428
1195
952
757
634
546
448
314
166
29
-69
-134
-166
-184
-206
-254
-332
-432
-539
-636
-707
-750
-789
-856
-964
-1080
-1144
-1118
-1027
-956
-978
-1084
-1192
-1220
-1154
-1058
-1001
-1011
-1049
-1075
-1089
-1117
-1176
-1243
-1289
-1299
-1294
-1319
-1397
-1491
-1528
-1444
-1218
-908
-621
-451
-381
-307
-135
122
393
593
694
742
817
949
1104
1236
1320
1378
1456
1586
1747
1901
2011
2082
2128
2158
2168
2146
2108
2070
2018
1921
1764
1545
1294
1076
917
811
707
565
378
190
46
-52
-124
-195
-261
-343
-449
-584
-726
-844
-919
-962
-1021
-1118
-1244
-1337
-1360
-1307
-1237
-1205
-1237
-1310
-1361
-1348
-1276
-1207
-1173
-1179
-1185
-1187
-1189
-1215
-1273
-1335
-1362
-1355
-1354
-1385
-1446
-1493
-1495
-1409
-1228
-975
-717
-523
-415
-353
-242
-48
193
400
536
615
685
786
930
1087
1214
1312
1396
1515
1676
1863
2025
2136
2202
2240
2260
2250
2216
2172
2147
2117
2042
1890
1668
1432
1250
1160
1116
1039
887
696
525
406
322
237
134
21
-92
-210
-342
-475
-586
-681
-797
-950
-1108
-1229
-1274
-1254
-1217
-1227
-1307
-1413
-1488
-1506
-1484
-1452
-1439
-1444
-1465
-1478
-1475
-1477
-1516
-1589
-1644
-1653
-1631
-1609
-1599
-1606
-1612
-1571
-1433
-1194
-901
-631
-451
-368
-310
-183
39
292
494
602
649
694
776
895
1016
1121
1209
1299
1403
1537
1684
1816
1907
1961
1976
1960
1923
1890
1882
1889
1874
1789
1635
1458
1323
1254
1237
1208
1129
999
873
775
703
618
501
369
243
142
49
-55
-181
-315
-441
-567
-696
-812
-891
-922
-920
-919
-956
-1039
-1141
-1229
-1282
-1305
-1317
-1331
-1356
-1402
-1461
-1518
-1571
-1644
-1743
-1827
-1860
-1865
-1874
-1895
-1926
-1949
-1918
-1773
-1512
-1201
-935
-767
-682
-597
-431
-180
93
312
448
522
586
687
822
962
1080
1192
1308
1449
1593
1728
1825
1882
1905
1900
1875
1834
1806
1794
1786
1740
1632
1476
1317
1209
1169
1162
1130
1052
942
835
749
673
587
492
410
341
272
178
59
-71
-179
-256
-320
-396
-486
-557
-588
-589
-594
-642
-736
-837
-905
-925
-929
-960
-1029
-1117
-1190
-1233
-1268
-1335
-1451
-1581
-1675
-1712
-1735
-1786
-1873
-1953
-1977
-1922
-1780
-1571
-1335
-1141
-1007
-916
-802
-636
-427
-211
-26
113
212
303
405
530
661
796
936
1096
1259
1403
1518
1622
1718
1783
1803
1780
1742
1726
1751
1776
1743
1626
1466
1324
1235
1203
1188
1156
1080
977
861
755
666
594
534
474
400
304
191
82
-7
-77
-147
-233
-341
-438
-486
-473
-446
-458
-527
-623
-697
-726
-719
-724
-768
-849
-918
-954
-967
-1010
-1103
-1221
-1314
-1370
-1402
-1443
-1516
-1607
-1679
-1694
-1657
-1578
-1451
-1262
-1058
-902
-822
-772
-688
-536
-341
-162
-47
16
87
196
338
468
576
678
811
970
1118
1223
1298
1375
1454
1505
1497
1451
1417
1430
1464
1471
1394
1255
1116
1053
1056
1070
1031
937
828
739
683
634
587
527
473
408
342
274
206
136
70
15
-51
-132
-226
-286
-310
-305
-321
-381
-478
-565
-620
-654
-690
-744
-807
-867
-908
-939
-989
-1075
-1169
-1240
-1286
-1329
-1385
-1447
-1500
-1532
-1538
-1511
-1458
-1360
-1207
-1005
-815
-689
-627
-563
-454
-297
-134
-8
66
114
188
299
424
525
608
707
835
966
1063
1117
1166
1229
1287
1295
1252
1194
1176
1198
1230
1207
1108
972
880
867
893
894
826
724
636
589
558
512
445
376
329
296
270
225
165
105
64
28
-28
-95
-154
-170
-167
-167
-209
-285
-373
-433
-464
-492
-539
-610
-678
-736
-775
-825
-900
-997
-1089
-1164
-1226
-1291
-1357
-1407
-1434
-1441
-1445
-1438
-1396
-1284
-1098
-884
-715
-623
-563
-469
-319
-153
-16
81
158
239
340
448
539
613
706
838
984
1074
1099
1101
1135
1197
1237
1216
1151
1098
1095
1133
1146
1088
964
843
783
788
798
758
668
571
505
464
407
318
231
193
206
227
204
134
49
0
-3
-4
-39
-102
-148
-166
-168
-193
-249
-322
-373
-401
-421
-462
-531
-594
-636
-649
-666
-708
-783
-861
-922
-968
-1021
-1095
-1170
-1233
-1270
-1297
-1327
-1358
-1334
-1218
-1020
-820
-696
-653
-623
-524
-355
-166
-25
60
114
191
302
424
523
600
694
818
945
1026
1057
1075
1113
1158
1171
1138
1084
1054
1065
1090
1078
998
882
781
729
711
686
623
534
439
358
284
212
147
116
124
153
164
131
67
17
11
28
27
-13
-70
-120
-149
-171
-203
-250
-289
-316
-340
-386
-454
-521
-559
-566
-561
-580
-630
-693
-740
-768
-797
-851
-931
-1012
-1066
-1092
-1105
-1134
-1159
-1138
-1029
-852
-668
-549
-501
-464
-384
-240
-79
60
149
215
285
382
483
568
634
706
797
879
928
940
949
973
998
993
948
886
839
831
836
819
747
640
537
470
435
401
349
276
200
126
68
25
10
15
35
48
42
16
-9
-11
9
23
7
-41
-99
-144
-172
-189
-203
-218
-231
-247
-277
-323
-375
-414
-428
-426
-429
-453
-507
-570
-627
-673
-720
-778
-845
-911
-964
-996
-1010
-1020
-1017
-989
-914
-791
-644
-513
-415
-341
-261
-154
-20
129
264
367
443
510
582
656
725
785
839
874
893
902
913
926
927
903
857
804
759
731
711
678
619
534
442
368
319
280
235
183
128
80
48
30
22
18
21
26
33
39
38
34
29
23
8
-18
-54
-90
-115
-126
-132
-143
-167
-196
-223
-243
-254
-266
-276
-289
-302
-324
-360
-414
-475
-540
-599
-654
-709
-769
-832
-880
-909
-912
-898
-871
-828
-763
-675
-564
-445
-327
-218
-110
12
152
300
429
522
586
632
675
713
741
750
742
725
712
701
684
650
609
570
539
508
472
428
381
333
284
227
159
93
37
-1
-28
-53
-78
-98
-104
-94
-73
-51
-30
-11
15
41
64
73
67
53
43
37
30
13
-15
-44
-61
-70
-80
-98
-123
-147
-160
-166
-172
-183
-201
-227
-259
-302
-351
-404
-453
-497
-540
-588
-637
-673
-686
-676
-653
-625
-589
-539
-468
-379
-283
-188
-94
4
113
224
328
410
471
511
542
564
576
573
559
538
515
494
470
441
408
371
335
305
279
249
213
174
131
85
37
-11
-51
-79
-97
-107
-112
-110
-106
-91
-65
-29
10
46
76
104
132
157
174
184
189
191
188
178
158
132
108
91
75
54
24
-10
-43
-71
-95
-116
-141
-167
-194
-225
-260
-298
-336
-370
-406
-445
-487
-521
-538
-538
-525
-507
-487
-461
-424
-371
-303
-225
-146
-66
9
85
158
226
287
337
371
391
398
397
391
378
359
335
309
280
248
212
178
148
123
102
76
45
10
-24
-53
-75
-95
-109
-118
-116
-103
-86
-69
-54
-35
-6
28
63
91
114
135
156
176
194
208
218
223
223
217
205
188
171
153
132
107
80
55
30
9
-11
-30
-46
-60
-74
-92
-115
-141
-169
-200
-234
-270
-304
-334
-361
-385
-402
-413
-415
-406
-392
-369
-338
-298
-247
-193
-143
-98
-54
-11
37
80
110
126
131
130
127
126
120
109
95
80
66
53
38
25
15
10
5
-1
-8
-15
-18
-16
-8
5
23
48
77
104
131
155
179
207
240
274
304
328
346
359
371
379
384
385
380
372
358
339
316
288
257
225
192
161
131
102
76
53
32
12
-6
-28
-49
-72
-97
-125
-157
-190
-222
-254
-285
-316
-346
-373
-394
-409
-418
-424
-427
-423
-410
-392
-372
-349
-330
-307
-285
-261
-240
-226
-220
-219
-223
-224
-224
-220
-216
-211
-206
-203
-199
-188
-170
-148
-123
-99
-77
-54
-30
-2
28
59
92
127
164
201
236
266
297
333
371
409
445
476
504
531
551
564
572
571
565
553
535
511
481
445
409
374
337
300
264
233
207
189
174
159
144
129
112
96
77
52
24
-12
-47
-84
-122
-162
-205
-247
-287
-323
-352
-381
-409
-436
-458
-474
-481
-486
-492
-500
-505
-507
-504
-503
-508
-519
-531
-537
-536
-528
-519
-509
-499
-484
-462
-434
-399
-361
-319
-273
-225
-175
-122
-67
-13
41
94
145
198
252
304
350
393
432
470
503
534
565
592
617
635
648
654
655
651
640
624
603
578
549
519
488
458
428
399
375
355
341
332
323
314
303
291
276
258
240
216
187
154
117
77
32
-16
-64
-115
-164
-213
-263
-309
-356
-403
-448
-492
-535
-574
-609
-640
-669
-697
-724
-750
-774
-798
-816
-829
-836
-839
-838
-833
-819
-798
-765
-726
-680
-629
-570
-504
-432
-354
-273
-189
-105
-22
60
140
219
298
374
442
503
557
606
650
687
718
741
759
771
779
777
769
753
735
712
687
655
620
586
555
525
496
468
441
422
409
400
391
381
369
360
352
343
331
315
294
269
243
211
172
129
80
29
-24
-78
-134
-191
-251
-309
-367
-425
-482
-538
-590
-638
-683
-725
-766
-802
-837
-865
-886
-904
-919
-931
-937
-935
-924
-904
-878
-844
-801
-749
-691
-625
-556
-477
-394
-305
-216
-132
-47
38
125
208
285
359
427
493
553
603
644
678
710
736
756
765
764
759
749
737
721
700
674
649
624
600
575
551
529
511
497
484
474
461
450
436
422
409
396
383
368
350
328
303
274
241
204
161
114
66
18
-33
-90
-151
-214
-275
-336
-397
-458
-518
-574
-629
-676
-720
-758
-792
-823
-850
-875
-895
-910
-921
-927
-926
-920
-907
-883
-853
-815
-773
-721
-664
-598
-523
-446
-370
-294
-218
-140
-61
16
88
157
221
284
341
394
439
480
518
553
583
607
623
634
642
649
651
648
637
624
611
598
586
574
562
553
549
549
549
546
541
535
528
522
512
499
482
461
436
407
373
333
288
239
188
136
83
27
-30
-92
-152
-211
-268
-321
-373
-426
-476
-521
-561
-597
-629
-660
-688
-715
-737
-756
-770
-781
-787
-787
-781
-769
-751
-724
-690
-651
-608
-561
-511
-455
-396
-337
-281
-227
-174
-121
-67
-15
35
80
125
169
209
248
284
320
354
387
414
438
458
477
494
504
509
510
510
511
514
512
509
506
510
519
530
537
538
537
535
535
532
522
506
484
459
431
399
360
317
270
225
179
131
79
26
-26
-76
-123
-170
-217
-263
-304
-343
-377
-409
-438
-464
-487
-508
-531
-554
-574
-590
-603
-613
-621
-626
-625
-617
-602
-580
-554
-524
-491
-456
-417
-378
-337
-297
-260
-225
-190
-158
-125
-95
-65
-36
-6
23
54
82
110
138
164
188
211
229
245
260
275
290
304
318
328
340
352
365
380
398
416
435
454
469
483
492
498
502
503
498
489
472
450
425
397
369
337
302
262
219
175
135
96
56
14
-27
-67
-103
-137
-170
-202
-233
-261
-284
-308
-332
-356
-377
-394
-410
-426
-441
-454
-459
-457
-450
-445
-440
-432
-418
-398
-375
-352
-331
-310
-288
-263
-238
-214
-191
-169
-145
-123
-100
-77
-55
-31
-5
19
39
57
74
90
105
120
134
148
163
177
190
202
213
225
237
252
269
285
300
314
329
343
353
361
366
368
364
360
351
341
329
311
291
267
245
221
195
168
139
111
84
57
30
0
-31
-60
-86
-113
-137
-163
-189
-212
-231
-249
-267
-284
-301
-312
-321
-326
-329
-328
-326
-320
-312
-304
-297
-288
-277
-261
-245
-230
-217
-205
-194
-181
-168
-154
-141
-126
-110
-92
-72
-52
-35
-20
-6
8
20
32
43
54
66
76
89
103
119
134
150
164
179
196
214
234
252
266
277
287
297
305
311
311
308
301
294
287
278
266
251
233
214
195
177
158
138
120
102
84
67
47
27
7
-11
-29
-46
-63
-78
-93
-108
-121
-135
-149
-163
-176
-186
-191
-197
-201
-204
-208
-209
-212
-212
-214
-213
-213
-211
-212
-213
-216
-220
-221
-223
-222
-219
-215
-209
-200
-188
-177
-165
-153
-140
-125
-109
-91
-76
-62
-47
-30
-11
9
31
51
72
92
112
132
153
173
194
213
231
247
260
271
282
289
293
291
287
283
277
272
264
253
238
222
204
188
169
151
131
111
93
75
56
37
16
-1
-17
-32
-45
-56
-67
-76
-86
-93
-100
-107
-112
-116
-119
-123
-126
-129
-132
-135
-138
-142
-143
-148
-148
-151
-153
-157
-161
-164
-167
-168
-167
-167
-168
-167
-165
-161
-155
-147
-139
-131
-122
-112
-101
-90
-77
-65
-51
-38
-22
-5
13
31
49
66
85
103
121
139
155
171
185
197
206
215
220
225
226
226
224
222
216
211
203
194
183
172
161
148
135
120
106
87
71
53
38
23
9
-4
-17
-30
-41
-53
-62
-71
-79
-87
-94
-100
-106
-113
-117
-121
-124
-127
-129
-131
-131
-130
-130
-129
-129
-130
-132
-132
-133
-134
-134
-135
-136
-138
-139
-140
-139
-138
-136
-134
-129
-125
-118
-110
-100
-89
-76
-62
-45
-27
-9
10
29
48
67
86
105
123
141
158
172
187
199
208
217
222
226
229
229
227
222
216
210
202
193
182
170
155
141
125
108
92
74
57
40
24
9
-6
-22
-35
-48
-60
-71
-81
-91
-102
-110
-118
-125
-130
-135
-139
-143
-145
-148
-151
-153
-154
-154
-153
-152
-151
-150
-149
-148
-146
-143
-139
-136
-132
-127
-124
-117
-112
-107
-101
-94
-86
-76
-66
-54
-41
-26
-10
8
25
44
62
80
97
113
128
143
156
168
179
191
200
208
216
220
225
226
226
225
219
214
207
199
190
181
170
158
144
130
114
100
84
69
53
37
21
6
-9
-24
-37
-51
-63
-75
-86
-97
-109
-119
-127
-136
-143
-149
-156
-161
-168
-173
-178
-181
-184
-186
-187
-186
-186
-184
-183
-181
-179
-176
-171
-166
-160
-154
-146
-138
-129
-119
-109
-97
-85
-72
-57
-42
-28
-12
4
21
36
53
68
84
99
113
126
137
150
159
169
177
185
193
199
206
211
214
216
216
215
212
208
204
198
191
184
176
168
159
149
140
130
120
108
97
84
70
57
43
28
14
-1
-16
-33
-48
-63
-79
-94
-108
-122
-135
-147
-159
-169
-179
-188
-196
-202
-207
-210
-213
-214
-213
-213
-213
-210
-207
-203
-198
-192
-185
-177
-169
-159
-149
-137
-126
-112
-99
-83
-69
-52
-36
-20
-4
13
28
44
57
72
85
96
108
117
128
137
144
151
159
164
170
175
179
182
185
186
186
185
184
181
178
174
169
165
160
154
148
143
137
131
124
116
108
98
90
80
68
57
44
30
16
1
-15
-31
-47
-62
-79
-94
-109
-124
-137
-150
-161
-172
-181
-190
-197
-203
-207
-210
-213
-215
-215
-214
-212
-208
-204
-196
-188
-179
-169
-159
-147
-134
-120
-106
-91
-76
-61
-45
-29
-14
1
15
31
46
59
72
84
95
106
115
124
130
138
145
149
153
158
160
162
165
165
165
166
166
165
163
161
157
153
150
146
142
138
134
129
124
118
111
104
96
89
81
71
62
51
40
28
15
2
-12
-26
-40
-54
-69
-84
-98
-112
-126
-139
-151
-163
-173
-182
-191
-198
-205
-210
-214
-217
-216
-216
-212
-208
-203
-195
-186
-176
-164
-152
-138
-123
-109
-93
-78
-63
-47
-31
-15
-1
15
30
45
60
73
86
98
108
118
127
133
139
145
149
153
156
159
160
162
164
164
166
165
164
164
162
160
158
154
150
146
141
135
128
120
113
105
96
87
76
67
55
44
33
21
7
-5
-18
-31
-45
-58
-70
-84
-96
-108
-120
-131
-142
-152
-161
-169
-176
-184
-189
-193
-197
-198
-199
-199
-197
-193
-189
-182
-174
-165
-155
-144
-134
-122
-109
-96
-83
-70
-56
-42
-29
-14
0
13
26
39
51
62
72
81
88
96
102
108
113
117
122
127
130
134
137
140
142
143
145
146
147
146
145
145
143
141
139
135
132
126
120
114
108
101
92
84
76
67
60
51
40
31
21
11
0
-11
-22
-33
-45
-55
-66
-76
-86
-96
-105
-114
-121
-129
-136
-142
-147
-153
-155
-158
-159
-159
-158
-156
-153
-148
-143
-137
-130
-123
-116
-108
-100
-93
-84
-76
-67
-58
-49
-39
-29
-18
-9
1
9
18
26
34
42
49
57
63
72
80
85
93
99
105
109
114
118
121
123
125
127
127
126
126
124
124
121
118
113
109
103
98
91
85
78
71
64
55
48
40
32
24
16
7
-1
-10
-20
-28
-35
-44
-52
-59
-66
-72
-78
-84
-89
-94
-98
-102
-104
-106
-107
-107
-107
-105
-103
-100
-97
-92
-88
-83
-78
-75
-69
-65
-60
-56
-51
-46
-41
-36
-30
-25
-19
-15
-7
-2
5
12
18
24
31
38
44
51
58
64
70
75
80
85
89
93
95
97
97
97
97
96
94
90
88
83
78
72
67
61
54
48
41
34
27
20
14
7
0
-5
-12
-18
-23
-28
-33
-38
-42
-46
-51
-54
-58
-60
-62
-64
-66
-67
-67
-67
-67
-67
-66
-65
-63
-61
-59
-57
-55
-54
-51
-49
-47
-45
-42
-40
-37
-36
-33
-30
-28
-25
-21
-17
-15
-11
-6
-2
3
7
11
15
19
24
26
31
35
39
43
47
49
53
56
59
62
65
67
68
70
71
71
70
70
68
65
62
59
54
50
44
39
34
29
23
16
11
6
1
-5
-10
-13
-18
-22
-26
-30
-32
-35
-37
-39
-43
-43
-45
-46
-47
-46
-46
-46
-45
-44
-44
-42
-41
-40
-38
-36
-34
-32
-30
-29
-26
-24
-23
-21
-19
-17
-15
-13
-11
-8
-6
-4
-2
1
3
6
8
9
14
15
17
19
21
23
24
25
27
27
28
28
29
29
28
28
28
27
27
25
24
22
21
19
18
17
15
12
11
10
7
6
4
3
2
-1
-2
-3
-4
-8
-8
-11
-13
-14
-15
-17
-18
-19
-21
-21
-21
-22
-21
-20
-19
-19
-16
-15
-14
-11
-9
-7
-6
-3
-2
0
2
3
4
6
6
7
7
8
8
9
9
9
9
9
10
9
9
10
9
9
9
10
9
9
11
9
9
10
9
9
9
9
8
8
7
7
6
5
4
4
2
2
0
0
-1
-1
-3
-5
-5
-6
-7
-7
-8
-8
-9
-10
-10
-11
-9
-10
-10
-9
-10
-10
-10
-9
-8
-9
-7
-7
-7
-6
-7
-5
-5
-5
-5
-5
-4
-4
-4
-4
-4
-3
-3
-1
-1
0
1
1
2
2
4
5
5
7
7
7
8
9
9
11
10
11
10
10
10
10
9
10
10
9
9
7
7
6
5
4
4
3
2
1
1
1
1
-1
-1
-3
-3
-3
-5
-6
-6
-8
-9
-10
-11
-12
-13
-14
-15
-15
-16
-16
-17
-15
-16
-16
-15
-15
-13
-12
-11
-10
-8
-6
-5
-3
-2
0
2
4
5
6
7
8
9
9
10
10
10
10
10
10
9
9
9
9
8
9
9
7
7
8
8
8
8
9
9
8
9
9
10
9
10
9
9
10
9
8
8
7
6
5
4
3
2
1
0
-1
-2
-3
-4
-4
-5
-5
-6
-7
-7
-7
-8
-8
-7
-7
-7
-8
-7
-8
-7
-7
-8
-7
-8
-7
-8
-7
-7
-6
-7
-6
-6
-4
-4
-4
-3
-3
-2
-1
-1
0
1
2
2
3
3
3
2
3
2
2
2
1
1
1
0
-1
-1
-2
-3
-4
-4
-5
-5
-6
-7
-7
-7
-8
-7
-7
-7
-7
-6
-5
-5
-4
-3
-4
-3
-1
0
0
1
2
4
4
4
6
7
8
9
9
11
11
10
12
13
13
13
14
14
14
14
14
14
14
14
14
14
14
13
12
12
12
10
11
10
9
7
7
6
6
4
2
1
0
-1
-3
-4
-6
-6
-8
-9
-10
-11
-13
-14
-14
-15
-17
-18
-18
-19
-20
-20
-20
-21
-21
-22
-21
-21
-21
-20
-20
-21
-20
-19
-18
-17
-17
-16
-14
-13
-12
-11
-10
-9
-7
-6
-5
-3
-1
1
2
5
6
7
9
11
12
15
16
17
19
21
22
23
24
25
26
27
28
29
29
30
30
30
29
29
29
29
27
27
25
24
22
22
19
18
17
14
12
11
8
6
3
1
-1
-3
-6
-9
-10
-13
-15
-18
-19
-22
-24
-25
-28
-29
-31
-32
-33
-35
-36
-37
-38
-37
-38
-39
-39
-37
-38
-37
-36
-35
-34
-32
-31
-29
-28
-25
-23
-21
-18
-15
-12
-9
-6
-2
0
3
6
10
13
16
18
22
25
28
30
32
35
37
40
41
44
45
46
47
48
49
48
48
48
47
47
46
45
44
42
40
38
35
32
30
26
22
19
16
12
9
5
0
-3
-8
-11
-16
-19
-23
-26
-30
-34
-37
-40
-43
-46
-48
-51
-53
-54
-55
-56
-57
-57
-57
-57
-57
-56
-55
-54
-52
-50
-47
-45
-42
-39
-36
-33
-30
-26
-21
-17
-13
-8
-5
0
5
9
13
18
23
26
31
35
38
42
46
50
52
55
58
60
62
64
66
67
67
67
68
67
66
65
63
62
59
57
54
50
47
43
39
34
30
25
20
15
10
4
-2
-7
-13
-18
-22
-27
-33
-37
-42
-47
-51
-54
-57
-60
-63
-64
-67
-69
-71
-71
-71
-71
-71
-70
-70
-68
-67
-64
-62
-60
-57
-53
-50
-47
-43
-38
-35
-30
-27
-22
-17
-12
-8
-3
2
7
11
16
20
24
30
34
39
43
46
51
54
58
60
63
66
68
70
72
73
74
74
74
74
73
72
71
68
67
64
61
58
54
50
46
40
35
30
25
19
13
6
0
-5
-12
-17
-24
-29
-35
-40
-45
-50
-54
-58
-63
-66
-68
-72
-74
-76
-76
-77
-78
-77
-76
-76
-74
-72
-70
-67
-65
-61
-57
-53
-49
-46
-40
-36
-31
-26
-21
-16
-11
-5
0
4
10
14
20
23
28
32
37
39
43
47
50
53
56
58
60
63
64
65
65
67
68
67
67
67
67
65
64
62
60
58
55
52
49
45
42
38
34
29
25
20
16
11
6
2
-4
-9
-15
-19
-23
-28
-33
-37
-42
-45
-50
-53
-55
-59
-61
-63
-65
-68
-69
-69
-71
-71
-70
-70
-70
-68
-66
-66
-63
-61
-59
-55
-53
-49
-45
-41
-38
-32
-27
-24
-18
-15
-10
-5
1
6
10
15
21
25
29
34
38
42
46
50
54
56
59
62
64
67
67
68
70
70
71
72
70
70
68
67
65
63
60
57
55
50
47
44
39
35
31
26
22
17
12
7
2
-3
-8
-12
-17
-21
-26
-31
-34
-38
-41
-46
-49
-52
-55
-57
-59
-62
-63
-65
-65
-65
-66
-66
-65
-65
-63
-61
-60
-57
-56
-53
-50
-46
-44
-40
-35
-31
-27
-23
-18
-14
-9
-3
1
5
10
15
20
23
27
32
35
39
41
45
47
50
51
53
55
55
56
56
57
57
56
55
53
53
51
48
46
44
41
38
35
32
29
25
22
18
15
11
7
4
0
-3
-7
-10
-13
-17
-20
-23
-26
-28
-31
-33
-35
-36
-38
-40
-41
-42
-44
-45
-45
-46
-45
-45
-45
-44
-44
-42
-41
-40
-39
-37
-35
-32
-31
-27
-26
-23
-20
-17
-14
-11
-8
-4
-1
2
5
8
12
14
17
20
23
26
28
30
32
33
36
37
38
39
40
40
41
41
40
41
40
39
38
38
36
34
33
31
30
28
25
24
21
20
17
14
12
10
7
5
2
1
-2
-5
-6
-10
-11
-14
-15
-18
-21
-21
-24
-25
-27
-29
-29
-30
-31
-33
-33
-34
-34
-34
-34
-34
-34
-33
-32
-33
-31
-30
-29
-27
-26
-25
-22
-20
-18
-17
-13
-12
-10
-7
-5
-2
0
2
5
8
10
11
14
15
18
19
21
23
25
26
28
28
28
30
30
31
31
31
30
31
30
30
29
29
27
26
25
24
22
20
18
17
15
13
11
9
7
5
3
1
-2
-3
-5
-7
-9
-11
-13
-14
-16
-17
-18
-19
-21
-22
-23
-23
-24
-24
-25
-26
-25
-25
-24
-25
-25
-25
-23
-22
-23
-21
-20
-19
-18
-16
-15
-14
-12
-10
-9
-7
-6
-3
-1
-1
2
3
4
6
8
9
11
11
13
14
15
16
17
18
19
18
20
20
20
20
19
20
19
19
19
18
17
16
16
14
14
13
12
10
10
9
8
6
6
4
2
1
-1
-1
-2
-3
-4
-5
-6
-7
-9
-8
-9
-9
-11
-12
-11
-12
-12
-13
-12
-13
-13
-13
-13
-13
-12
-12
-12
-12
-11
-10
-10
-9
-9
-8
-7
-7
-6
-5
-5
-4
-3
-2
-2
-1
0
1
2
3
2
3
4
5
5
6
5
7
7
7
7
8
7
8
9
9
9
8
9
9
9
9
9
8
8
7
8
7
6
6
5
4
4
4
3
3
2
1
1
1
0
0
-1
-1
-3
-3
-3
-4
-5
-4
-5
-6
-6
-6
-6
-7
-8
-7
-8
-8
-9
-8
-8
-8
-7
-8
-8
-8
-7
-7
-6
-6
-6
-5
-5
-5
-5
-4
-4
-4
-3
-2
-2
-1
-1
0
0
0
1
2
2
3
3
3
3
5
5
5
6
6
7
7
6
7
6
7
8
7
8
8
8
7
8
7
7
7
7
6
7
5
5
6
5
4
4
4
3
2
2
1
1
1
1
0
0
-1
-1
-1
-2
-3
-3
-3
-4
-3
-4
-5
-4
-5
-5
-5
-5
-6
-5
-6
-6
-6
-6
-6
-6
-6
-6
-6
-5
-4
-4
-4
-4
-4
-5
-5
-4
-3
-3
-4
-3
-2
-2
-1
-2
-1
0
0
0
0
0
0
1
1
1
1
2
2
3
2
2
2
3
3
3
3
3
3
3
3
4
3
2
3
3
2
3
2
3
3
2
2
3
2
2
2
2
2
2
2
1
1
0
0
1
0
0
0
0
0
0
0
0
0
0
0
-1
0
-1
-1
-1
-1
-1
-1
-1
-1
-1
-1
-1
-2
0
-1
-1
-1
-1
-1
-1
-1
-1
-1
-1
-1
0
-1
0
-2
0
0
-1
-1
0
0
0
0
0
0
0
0
-1
0
0
0
-1
0
-1
0
-1
-1
-1
0
0
0
0
0
-1
0
0
1
0
0
0
0
0
0
1
-1
-1
0
0
0
0
-1
0
-1
0
0
0
-1
0
0
0
0
1
0
0
0
0
0
0
1
-1
0
0
0
-1
1
0
0
0
-1
0
0
0
0
0
0
0
0
-1
0
0
0
-1
0
0
0
0
0
1
1
1
0
1
0
1
0
1
1
0
1
1
1
0
0
1
1
1
1
1
1
1
0
0
0
0
0
0
0
1
1
1
0
0
1
0
1
1
0
0
0
0
0
0
0
0
0
-1
0
0
0
1
0
0
0
-1
0
0
0
0
0
-1
0
-1
-1
-1
0
-1
0
-1
-1
0
-1
0
0
0
-1
0
-1
0
-1
0
0
-1
0
0
0
0
1
-1
0
-1
-1
0
-1
0
0
-1
0
0
0
-1
0
-1
0
-1
1
0
0
0
0
0
0
0
0
0
0
0
0
0
0
0
1
0
-1
0
0
0
0
0
0
-1
1
1
0
1
0
1
0
0
0
0
1
1
1
0
0
1
0
0
0
0
1
0
0
0
0
0
0
-1
0
0
0
0
0
1
0
2
-1
0
0
0
0
0
0
1
0
0
0
0
0
0
0
1
0
1
0
0
-1
-1
-1
0
0
0
0
1
0
-1
0
0
0
0
1
0
-1
0
0
0
0
0
1
0
0
0
0
0
0
0
0
0
0
1
0
0
0
0
0
0
0
0
0
0
0
0
0
-1
-1
0
0
0
0
0
0
-1
0
0
-1
0
0
0
0
0
0
0
0
0
0
0
0
0
0
0
0
0
-1
0
0
1
0
0
-1
1
0
0
0
0
0
0
0
0
0
0
-1
1
0
0
-1
0
0
0
1
0
-1
0
0
0
0
0
0
0
1
-1
0
0
0
-1
-1
0
0
0
1
0
0
0
0
0
1
0
-1
-1
0
0
0
0
0
0
0
-1
0
-1
0
1
0
0
0
0
1
0
0
0
0
0
-1
-1
0
0
0
0
-1
0
1
0
1
0
0
0
0
-1
0
0
0
-1
0
0
0
0
0
0
0
0
-1
0
0
0
1
0
1
0
-1
0
1
0
0
-1
0
0
0
0
0
0
1
0
1
0
0
0
0
0
1
0
1
0
0
0
1
0
0
0
0
0
-1
0
0
0
0
0
0
0
0
0
-1
0
0
0
0
0
0
0
0
0
0
1
0
1
0
0
1
0
0
1
0
0
1
0
0
1
0
0
0
0
0
0
0
0
0
0
0
1
0
0
-1
0
0
-1
0
-1
0
0
1
1
0
0
0
-1
0
0
0
0
0
0
1
0
0
-1
0
0
0
0
-1
0
1
0
0
0
0
0
-1
0
0
0
0
0
0
0
1
0
0
0
0
0
-1
0
0
0
0
0
1
0
0
0
0
0
0
0
1
0
-1
0
-1
1
0
0
0
0
-1
0
-1
0
0
0
0
-1
1
0
0
0
1
0
-1
0
1
1
0
-1
0
0
1
0
0
0
0
0
-1
0
0
0
0
1
-1
0
0
-1
0
0
0
0
0
1
1
0
0
0
-1
-1
0
0
0
1
0
0
0
0
0
0
1
0
0
-1
0
0
1
0
0
0
0
0
1
0
0
-1
0
0
0
0
0
0
0
0
1
0
0
0
