0
0
0
0
0
1
0
1
0
0
0
1
0
-1
0
-1
0
0
-1
0
0
0
-1
0
0
0
0
0
0
0
0
1
-1
0
0
0
0
-1
0
0
0
0
0
1
0
0
0
0
0
0
0
0
1
1
0
0
0
0
0
0
0
0
0
1
0
-1
0
0
0
0
0
0
0
0
0
0
1
0
1
1
1
0
0
0
0
0
0
0
0
0
0
0
0
-1
0
0
0
-1
0
-1
0
0
0
0
0
0
0
-1
1
0
1
0
0
0
0
1
1
0
-1
0
1
-1
0
0
0
0
0
0
0
0
0
0
0
0
0
1
-1
0
0
0
0
0
0
0
-1
0
-1
0
0
0
0
0
-1
0
1
0
0
0
1
0
0
0
0
0
0
0
0
0
0
0
0
0
0
1
0
1
0
-1
-1
-1
0
0
0
0
0
0
0
-1
0
0
1
-1
0
1
0
0
0
0
0
0
0
-1
0
0
0
0
0
0
0
0
0
0
0
0
0
0
0
0
0
0
0
0
0
0
1
0
1
0
0
0
1
0
0
-1
1
0
-1
0
0
-1
0
0
0
0
-1
0
0
0
0
1
0
0
0
1
0
0
1
-1
0
0
0
0
0
0
-1
0
1
0
0
0
1
-1
0
0
0
-1
0
0
0
-1
0
1
0
-1
0
0
-1
-1
0
0
0
0
-1
-1
-1
0
0
0
0
0
0
0
0
0
1
0
-1
0
1
0
1
0
0
0
-1
0
0
0
0
0
0
-1
1
0
0
0
0
1
0
0
0
-1
0
1
0
0
0
0
0
0
0
0
0
0
-1
1
-1
0
1
0
0
0
0
0
0
0
0
0
0
0
0
0
0
0
1
0
0
0
0
-1
1
0
0
0
0
0
0
0
0
0
0
0
0
-1
0
0
0
-1
0
0
1
1
0
0
0
0
-1
0
1
0
-1
0
0
0
0
-1
0
0
0
0
0
-1
-1
0
0
0
0
1
0
0
0
0
-1
0
0
0
0
0
0
0
0
1
0
-1
0
0
-1
0
0
0
0
0
0
0
0
0
0
0
1
0
0
0
0
-1
-1
0
-1
0
0
0
-1
0
0
0
0
1
1
-1
0
0
-1
-1
0
0
-1
0
0
-1
0
0
-1
1
-1
0
0
-1
0
0
0
0
0
0
0
1
0
0
-1
1
1
0
0
0
0
0
0
0
0
0
1
0
0
0
0
0
0
-1
0
0
-1
0
0
1
0
0
1
0
0
0
1
0
0
0
0
0
0
1
-1
0
0
0
1
0
-1
0
0
0
0
0
-1
0
0
0
0
1
0
0
1
0
0
0
1
0
0
0
0
0
1
0
0
0
0
0
0
0
1
0
0
0
0
-1
0
0
-1
-1
0
-1
0
0
0
1
1
0
0
0
-1
1
0
0
0
0
1
0
1
0
0
1
1
0
0
0
0
0
-1
0
0
0
-1
0
0
1
0
0
0
0
1
0
1
0
0
0
0
-1
0
0
0
0
0
-1
0
0
0
1
1
0
0
-1
0
0
1
0
0
-1
1
0
0
0
0
-1
0
0
0
0
0
0
0
0
0
0
0
1
0
0
0
-1
0
1
0
0
1
-1
0
-1
-1
0
0
0
0
0
0
0
0
-1
0
-1
1
0
1
1
0
0
0
0
0
0
0
0
0
0
0
0
0
0
1
0
-1
0
0
0
0
0
0
-1
0
0
-1
0
0
0
0
0
0
0
1
1
0
0
0
0
0
0
0
-1
0
0
0
0
0
0
-1
-1
0
0
0
0
0
1
0
1
-1
0
0
-1
0
0
0
1
0
0
0
0
0
0
0
1
0
1
0
0
0
-1
-1
0
0
0
0
1
0
-1
0
0
0
0
1
0
-1
0
0
0
0
0
1
0
0
0
0
0
0
0
0
0
0
1
0
0
0
0
0
0
0
0
0
0
0
0
0
-1
-1
0
0
0
0
0
0
-1
0
0
-1
0
0
0
0
0
0
0
0
0
0
0
0
0
0
0
0
0
-1
0
0
1
0
0
-1
1
0
0
0
0
0
0
0
0
0
0
-1
1
0
0
-1
0
0
0
1
0
-1
0
0
0
0
0
0
0
1
-1
0
-1
0
-1
-1
0
0
0
1
0
0
0
0
0
1
0
-1
-1
0
0
0
0
0
0
0
-1
0
-1
0
1
0
0
0
0
1
0
0
0
0
0
-1
-1
0
0
0
0
-1
0
1
0
1
0
0
0
0
-1
0
0
0
-1
0
0
0
0
0
0
0
0
-1
0
0
0
1
0
1
0
-1
0
1
0
0
-1
0
0
0
0
0
0
1
0
1
0
0
0
0
0
1
0
1
0
0
0
1
0
0
0
0
0
-1
0
0
0
0
0
0
0
0
0
-1
0
0
0
0
0
0
0
0
0
0
1
0
1
0
0
1
0
0
1
0
0
1
0
0
1
0
0
0
0
0
0
0
0
0
0
0
1
0
0
-1
0
0
-1
0
-1
0
0
1
1
0
0
0
-1
0
0
0
0
0
0
1
0
0
-1
0
0
0
0
-1
0
1
0
0
0
0
0
-1
0
0
0
0
0
0
0
1
0
0
0
0
0
-1
0
0
0
0
0
1
0
0
0
0
0
0
0
1
0
-1
0
-1
1
0
0
0
0
-1
0
-1
0
0
0
0
-1
1
0
0
0
1
0
-1
0
1
1
0
-1
0
0
0
0
0
0
0
0
-1
0
0
0
0
1
-1
0
0
-1
0
0
0
0
0
1
1
0
0
0
-1
-1
0
0
0
1
0
0
0
0
0
0
1
0
0
-1
0
0
1
0
0
0
0
0
1
0
0
-1
0
0
0
0
0
0
0
0
1
0
0
0
0
0
0
0
0
1
0
0
0
0
0
0
-1
0
0
0
0
1
0
0
1
0
0
0
1
-1
0
-1
0
0
0
1
0
0
0
0
0
0
1
0
0
0
0
0
0
0
0
0
-1
0
0
0
1
0
0
0
1
0
0
0
0
0
0
0
0
0
0
1
0
1
0
-1
0
0
-1
0
0
0
-1
0
0
0
-1
0
-1
1
-1
1
0
0
0
0
0
1
0
1
0
0
0
0
0
0
0
0
0
0
0
1
0
0
-1
0
0
0
0
0
0
0
0
0
0
-1
0
0
1
0
0
-1
0
0
0
0
0
0
0
0
-1
0
1
0
0
0
0
1
0
0
0
0
0
-1
0
0
-1
0
0
0
0
0
0
0
0
0
0
0
1
1
1
1
0
0
-1
1
0
0
0
0
0
0
0
0
0
0
0
0
1
0
0
1
0
1
0
0
1
0
0
0
0
1
0
0
-1
0
0
1
1
0
0
-1
0
-1
-1
0
0
0
1
1
0
-1
0
1
0
0
0
0
1
0
1
-1
0
1
0
0
0
-1
0
0
0
1
0
-1
0
-1
-1
0
0
1
0
0
0
1
1
0
0
1
1
-1
0
-1
0
0
0
1
0
0
0
0
-1
0
0
-1
0
0
-1
-1
1
0
0
0
0
-1
0
1
0
0
0
-1
1
0
1
0
1
-1
0
0
0
-1
0
0
0
0
0
0
0
0
0
0
0
0
0
0
0
0
0
1
0
0
0
0
1
0
0
0
0
0
0
0
0
0
0
0
0
0
0
0
0
0
0
0
0
1
0
0
0
0
-1
0
0
1
0
0
0
0
0
-1
0
0
0
0
0
0
-1
0
0
-1
0
0
0
-1
0
0
0
0
-1
0
0
0
0
0
0
0
0
0
0
0
0
0
0
0
-1
0
0
0
-1
0
0
0
-1
0
0
0
0
1
0
0
0
0
-1
1
0
0
0
0
0
1
0
0
0
0
0
0
1
0
0
0
0
-1
0
-1
0
0
0
0
-1
0
0
0
0
0
0
0
0
0
-1
0
0
1
0
1
0
0
1
0
0
0
0
0
1
0
0
0
0
0
0
0
0
-1
0
0
0
0
-1
0
0
0
0
-1
0
1
0
0
1
0
0
1
0
0
1
0
1
1
0
0
0
0
0
-1
0
1
0
0
0
0
0
0
0
0
0
0
0
0
0
0
0
0
0
0
-1
0
-1
0
-1
0
0
0
-1
0
-1
0
-1
1
0
0
0
0
0
-1
0
-1
0
-1
0
-1
0
0
-1
0
-1
0
1
-1
-1
0
0
0
0
1
0
0
0
0
0
0
-1
0
0
0
0
0
0
1
1
1
0
1
1
0
0
0
0
0
1
0
0
1
0
1
0
1
0
0
0
0
0
0
0
1
0
0
0
1
0
1
1
0
0
1
0
-1
0
0
1
0
1
0
0
0
0
0
0
0
0
0
1
0
0
0
0
0
0
0
0
0
0
0
-1
0
1
0
0
0
0
-1
-1
0
-1
1
0
-1
-1
0
0
1
0
0
0
0
0
0
0
0
0
1
0
1
1
1
0
0
0
0
-1
0
0
0
-1
0
0
-1
0
-1
-1
0
0
0
-1
0
0
0
0
1
1
0
1
0
1
1
0
0
2
1
1
1
0
1
0
2
0
1
0
1
0
0
0
-1
0
-1
-1
-1
-1
-1
-1
-1
-2
-1
-2
-1
-1
-1
-1
-1
-2
-1
-1
0
-1
0
-1
0
0
1
1
1
1
1
0
1
1
1
0
0
0
1
0
-1
0
-1
-1
-1
-1
-1
-1
-2
-1
-3
-2
-2
-3
-2
-1
-1
-1
-1
0
0
1
0
1
1
2
1
1
2
2
3
3
3
2
2
2
2
2
2
2
3
1
3
1
2
2
2
2
1
1
1
1
1
1
1
0
0
0
0
-1
-1
-1
-1
-1
-1
-1
-1
-2
-2
-2
-2
-2
-1
-2
-1
-1
-1
0
-1
-1
-1
-1
-2
-1
-2
0
0
-1
-1
-1
-2
-2
-2
-1
-2
-1
-1
-1
-2
-2
-1
-2
-1
-2
-1
0
0
1
1
1
1
0
0
-1
0
0
1
2
2
1
0
0
-1
-1
-1
-1
0
0
1
1
2
1
1
1
1
1
1
2
4
3
4
3
3
3
3
3
4
3
2
2
2
2
2
1
2
0
-1
-1
-2
-1
-1
-1
-1
-2
-1
-2
-3
-1
-1
-2
-2
-4
-3
-3
-2
-1
-3
-2
-4
-2
-3
-1
-1
-2
0
-3
-2
-2
-2
0
-1
0
0
2
0
3
2
3
2
2
2
0
3
1
4
1
2
-1
1
-1
2
0
-1
0
-2
-2
-6
-1
-3
-1
-1
-1
1
-2
2
1
2
0
3
5
1
2
5
5
5
6
5
4
3
3
5
-1
3
0
1
1
-1
3
-2
0
-7
-2
-6
-5
-1
-5
-1
-8
-1
-6
-4
-4
-3
-1
-2
-1
-1
0
-4
0
-4
0
-3
3
0
1
3
-5
7
-6
4
0
3
3
-2
4
0
0
0
4
1
2
-1
0
1
-4
1
-1
3
-2
-2
1
-6
2
-5
4
1
-4
3
-7
5
-3
4
5
1
6
-1
8
2
10
3
9
6
2
5
2
7
-2
2
0
3
-2
8
3
2
1
-5
0
-12
-6
-7
-10
-3
-4
0
3
-4
1
-7
-6
-7
-6
-6
-2
-4
0
0
3
0
-2
1
-5
-8
1
-3
-3
3
-3
3
-6
7
-5
6
2
-1
4
-4
4
-6
8
3
0
4
5
0
0
-3
5
-6
4
-4
10
-6
-1
3
-5
2
-7
4
0
-2
3
2
4
-2
6
2
8
2
4
9
-3
5
-2
5
2
0
2
3
-4
3
4
0
4
1
-4
-3
-10
-5
-2
-8
1
-4
1
1
-7
8
-5
-3
-2
4
-8
3
-6
3
-4
-5
12
-5
12
-4
6
-1
-1
0
-4
0
-6
7
-12
8
-2
5
-4
0
8
-6
-2
-3
11
-7
3
4
0
-3
-10
7
-4
-4
8
5
1
-6
3
7
-5
-6
12
-7
-3
-9
8
9
-7
2
8
-1
-1
-17
19
-12
-3
9
-9
-2
-8
8
-7
1
3
1
0
-8
11
-8
8
-18
6
9
-12
18
1
3
-9
7
6
2
4
8
10
-12
3
9
-10
-12
18
-8
16
3
0
6
-16
1
-15
3
-16
14
0
-8
13
-14
16
-14
12
10
-10
1
6
-9
-9
5
-6
8
2
5
20
-26
7
4
5
-19
5
15
-8
-3
-6
6
8
-9
-22
25
-5
18
-12
-6
6
-18
6
-10
12
14
-11
-1
17
-2
-5
11
-14
10
-18
11
4
5
-13
4
-17
-12
8
3
12
-27
-4
7
-4
7
-25
26
-6
-19
24
-28
38
-27
27
-30
24
8
-33
38
-56
23
4
4
24
-15
0
-12
24
-31
9
-11
20
-25
6
7
15
-10
-15
53
-33
30
-35
28
-12
2
-10
22
32
-39
41
-7
3
-33
26
-11
18
-18
36
-18
-10
18
-52
52
-42
42
-17
-25
27
-29
36
-19
-16
29
-30
6
-33
52
-36
0
-27
35
-48
26
-41
54
-15
-36
70
-49
57
-69
54
-3
0
-33
20
40
-56
38
10
7
-25
-7
36
-6
-9
16
-9
6
-15
-8
-5
11
-2
-22
2
12
-1
-11
-12
34
-23
-2
-1
-1
-17
4
36
-49
36
-28
16
4
-18
42
-34
33
-21
32
-22
16
-5
5
-6
14
-21
9
14
13
-5
-22
21
-14
-2
-25
26
6
-18
19
-16
16
-23
-5
-4
26
-22
2
-9
3
-16
-29
54
-49
63
-31
14
-28
6
16
-33
49
-26
44
-53
44
-16
5
18
-57
89
-54
25
-14
-18
29
-18
12
-4
0
7
-54
43
-31
26
-23
14
20
-25
6
-19
16
10
-17
30
-22
5
8
-25
48
-26
24
-36
6
27
-97
111
-69
29
-11
-54
136
-173
127
-108
101
-8
-59
46
-59
100
-106
83
-28
-20
50
-85
92
-65
46
-25
50
5
-24
-26
53
-33
-2
2
-51
93
-69
50
-29
17
3
-53
69
-87
63
-59
87
-55
32
1
-19
59
-110
87
-41
20
-68
88
-6
-25
1
12
26
-101
79
-59
37
-27
45
-6
-7
9
-22
28
-44
55
-62
39
-45
78
-92
18
45
-16
27
-91
154
-111
49
-44
41
-14
-47
52
-99
165
-146
102
-30
14
15
-62
79
-67
45
-60
85
-72
1
51
-29
41
-82
71
-32
-16
12
46
-73
35
3
-11
-20
11
54
-53
13
-25
26
31
-41
-22
65
-34
-20
6
21
-6
18
-57
8
85
-39
-49
25
21
34
-85
27
49
-30
4
-24
67
-33
-1
-30
-1
46
-95
85
-41
12
30
-40
54
-121
105
-62
37
-20
25
33
-35
6
-15
-2
37
-25
-5
25
22
-63
-2
38
11
-43
28
7
-21
45
-79
43
7
-34
12
28
-17
25
-56
45
-3
-29
32
-50
13
26
-20
-9
-11
45
5
-83
36
61
-51
10
-44
36
27
-38
21
-9
73
-121
68
-68
136
-134
59
14
4
0
-113
171
-91
11
-51
100
-63
39
-9
-28
99
-109
8
20
-35
46
-97
147
-108
86
-49
7
-1
-53
81
-51
8
-5
105
-131
89
-49
39
-16
-57
162
-150
-1
59
-42
24
40
-67
71
-72
9
-1
59
-37
13
-12
9
43
-114
96
-38
37
-74
105
-31
-51
98
-102
55
-47
-5
-28
98
-73
40
-7
0
7
-89
96
-96
44
-15
2
20
20
-47
-8
164
-187
91
27
-82
25
-58
121
-99
37
73
-113
85
-111
89
-7
-20
6
-35
126
-197
110
4
-18
53
-74
120
-61
-25
-8
-2
49
-17
-27
46
-84
22
6
-12
30
36
-20
-13
33
-29
-89
100
-113
84
-15
-37
107
-37
-28
7
69
-32
-35
-8
89
-66
-55
56
64
-34
-16
36
17
-4
-137
163
-108
63
-77
5
94
-150
133
-114
160
-166
24
127
-144
66
-78
93
20
-83
30
-16
142
-210
121
-19
-39
40
-91
131
-9
-23
15
-18
70
-102
-36
123
-98
62
-156
214
-74
-34
113
-126
129
-172
106
9
-66
1
2
58
-118
118
-33
13
-1
18
-6
-45
-9
5
33
42
2
-97
130
-65
-64
93
-105
83
-136
85
-12
69
-54
25
41
-86
61
-77
77
-65
-49
190
-191
117
-35
51
-112
77
34
-129
152
-195
194
-109
14
15
13
9
-62
124
-79
15
-59
28
-13
28
41
-68
191
-217
43
82
-63
14
-10
16
28
-100
32
85
-62
9
-11
38
-94
99
-41
-30
114
-192
203
-127
-60
140
-162
197
-155
166
-150
61
-49
15
81
-103
89
-89
140
-72
-57
119
-95
-18
53
-27
84
-111
39
-39
89
-47
-31
22
131
-222
188
-70
-26
-12
63
-67
-58
250
-257
183
-140
137
-165
57
66
-136
157
-123
57
-91
143
-85
28
-6
20
-42
31
-116
230
-190
-41
258
-275
155
-107
159
-175
89
152
-401
507
-430
348
-270
180
-41
-83
217
-251
244
-273
108
1
17
79
-184
204
-108
-80
183
-227
212
-161
57
12
-137
268
-350
285
-106
112
-21
-169
262
-321
293
-206
164
-107
109
-69
-49
162
-144
77
-38
56
-133
88
-27
-33
90
-151
91
-40
-27
-47
214
-169
154
-177
120
-14
-163
261
-222
201
-239
171
-72
70
21
-67
76
-82
69
-164
252
-370
315
-194
183
-17
-84
209
-421
458
-327
229
-112
13
56
-116
107
-99
50
-11
2
65
-27
-141
241
-235
109
-68
-14
21
2
115
-149
203
-149
35
-28
125
-235
148
190
-364
345
-186
116
-185
207
-213
219
-208
130
-61
-84
136
-195
406
-552
491
-306
111
102
-233
183
-134
121
-144
141
-18
-80
42
31
42
4
-64
15
53
-81
-2
2
59
-188
217
-68
-46
146
-191
62
38
-124
77
-1
-49
7
101
-163
96
62
-143
173
-120
80
-59
-5
99
-198
316
-298
119
-38
-51
76
-105
317
-494
443
-247
-2
35
9
52
-110
194
-270
373
-285
45
15
34
65
-165
318
-364
294
-261
150
97
-384
684
-701
672
-459
127
4
-142
185
-309
485
-469
295
-118
72
-11
-25
-9
-33
18
-30
-54
171
-118
-48
182
-193
229
-281
281
-175
-65
266
-415
519
-379
97
153
-121
45
-128
199
-255
279
-277
243
-84
-51
103
-215
235
-200
5
192
-272
165
-22
-158
379
-418
428
-417
372
-364
165
82
-228
397
-395
511
-464
360
-194
-88
250
-379
317
-270
161
35
-217
339
-328
178
-67
-57
151
-266
438
-393
201
46
-334
432
-477
435
-356
413
-336
167
-16
-170
271
-346
421
-530
586
-533
365
-127
-106
128
-57
113
-193
331
-369
219
61
-132
117
-80
57
-83
62
-32
-179
370
-312
135
126
-121
-12
21
-53
-97
276
-329
235
-75
54
-168
261
-56
-292
490
-426
49
111
-74
-85
336
-213
-124
346
-386
250
6
-99
53
-31
42
-72
39
21
23
-49
106
-305
449
-398
172
10
-3
-2
-87
157
-125
213
-315
375
-274
134
-125
121
-152
115
-137
-67
422
-483
403
-225
33
-36
191
-382
396
-263
-19
194
-349
354
-317
322
-400
436
-323
195
28
-97
189
-355
454
-438
398
-222
0
175
-150
184
-242
282
-305
223
-134
63
-21
-91
206
-232
182
-31
-68
47
131
-350
360
-214
-18
211
-320
310
-266
240
-165
125
-57
-84
87
-59
73
-204
345
-331
327
-265
152
-23
-125
126
-132
173
-157
3
333
-434
423
-266
-4
221
-311
206
-61
-138
197
-215
228
-204
168
-158
198
-233
55
38
-64
58
-90
144
-115
132
-210
137
-41
4
-103
260
-80
-128
234
-287
253
-230
166
-32
-106
144
-200
293
-360
310
-168
10
123
-185
143
-38
-4
53
-151
188
-114
8
91
-131
223
-191
109
76
-148
136
-135
132
-189
139
-109
1
121
-105
-89
299
-284
11
250
-339
335
-194
132
-95
207
-359
261
-97
67
-129
106
93
-423
636
-564
253
137
-408
430
-216
124
-262
364
-352
72
201
-366
457
-290
145
-110
251
-316
41
215
-358
319
-85
-35
58
11
-55
108
12
-51
-136
256
-215
60
125
-349
328
-40
-228
314
-154
-21
47
-47
57
-118
66
-60
-33
237
-307
286
-34
-225
200
-137
150
-91
40
-57
116
-218
112
-124
201
-162
-2
348
-578
658
-620
356
-66
-270
518
-631
782
-753
400
105
-421
418
-78
-232
324
-300
189
-86
-119
313
-338
314
-268
261
-91
-94
71
-78
183
-339
483
-385
417
-395
143
-65
-82
175
-415
683
-694
440
-92
-262
575
-641
368
48
-332
333
-132
105
-70
117
-183
150
-43
-172
447
-562
534
-552
274
34
-156
150
-60
319
-420
304
-386
449
-431
309
-122
23
102
-135
63
-176
561
-678
526
-257
90
-160
-12
149
-344
470
-483
442
-364
255
-109
-1
278
-308
209
-152
46
-221
451
-607
508
-247
-60
464
-458
277
-77
-250
227
-71
-299
718
-754
391
-191
259
-169
41
178
-169
331
-519
463
-318
-44
29
169
-41
29
99
-281
441
-650
608
-592
448
-60
-398
536
-350
127
110
-211
148
119
-628
755
-648
535
-196
18
199
-257
405
-460
548
-385
60
109
-10
-217
259
-208
65
66
-211
170
-62
-89
-6
154
-185
77
-245
362
-250
255
-316
-25
256
-390
337
-4
63
-203
80
-42
281
-199
116
256
-431
286
-348
223
-35
-56
-31
97
7
-31
-115
102
61
-249
225
-173
231
-371
325
-191
12
77
-94
9
219
-312
261
-64
-102
314
-375
443
-269
211
-170
-153
277
-297
268
-94
354
-318
402
-341
-19
151
-456
448
-283
286
-249
258
-355
83
156
-422
445
-280
183
92
-234
98
-234
240
-283
417
-526
678
-813
797
-354
-146
477
-922
922
-725
409
-215
345
-119
59
33
-110
331
-444
553
-621
566
-306
85
106
-177
107
-328
163
-97
180
-475
762
-538
793
-639
337
-73
-458
178
-341
705
-293
216
-339
489
-370
-8
23
31
85
-351
417
-338
383
-506
507
-180
-117
-242
163
-18
-148
317
-335
527
-416
20
-56
299
-394
18
204
-7
182
-234
305
-29
13
-216
170
101
-144
-328
312
-78
27
-40
-323
656
-501
67
-63
312
58
-560
395
-223
306
-392
424
-93
284
-319
26
628
-672
235
-410
572
-276
-48
69
48
9
-268
-32
127
-229
-221
122
-14
274
-338
260
-87
-65
-44
-195
357
-112
-41
-14
168
-133
104
-320
44
58
-521
613
-490
334
-291
-219
305
-391
355
-229
274
-42
90
5
279
270
-67
579
-187
534
14
-1
411
-256
384
-88
150
98
61
-252
89
-40
-87
279
-506
345
-628
150
-285
-400
-115
-366
223
-416
334
-454
-35
-204
-395
281
-355
248
-144
294
-88
116
139
-82
400
-272
611
-399
456
235
204
711
129
769
-11
692
33
231
-59
-98
377
-314
245
-108
26
-36
-114
-195
-100
-325
-517
-126
-349
73
-442
-560
-530
-840
-760
-624
-655
-370
-524
-188
-284
-433
-366
-772
-382
-149
-125
213
160
-28
294
-51
382
344
314
385
455
1010
428
530
512
321
635
832
856
1208
876
847
930
857
914
641
945
507
683
855
537
681
550
258
310
617
419
321
187
-126
-433
-615
-644
-922
-961
-1159
-964
-1026
-1105
-1181
-1646
-1510
-2072
-2064
-1807
-2031
-1794
-1681
-1912
-1861
-1857
-2097
-1850
-1734
-1598
-1143
-634
-365
-229
105
143
392
785
700
1166
1454
1509
1885
1816
1949
1566
1760
1670
1826
2069
1753
2356
2042
2160
2355
2616
2623
2839
2605
2525
2551
2248
2442
2029
2181
1578
1582
1427
981
738
123
121
-352
-498
-704
-884
-1377
-1745
-2071
-2152
-2174
-2241
-2311
-2903
-3025
-3611
-3831
-4008
-4456
-4475
-4994
-4867
-4696
-5151
-5110
-5654
-5652
-5638
-5665
-5984
-6375
-4155
-2008
2480
3557
2950
1701
577
2748
3968
5836
5403
5909
6773
8705
9900
9048
6815
4530
3598
3328
4735
4735
5004
4040
3120
2841
2037
1473
-420
-1292
-1259
-136
729
761
-33
-700
-1411
-1126
-977
-627
-85
61
924
1219
1515
1191
-92
-886
-1798
-2120
-2724
-3172
-4101
-4916
-5571
-6174
-6437
-7383
-8575
-10232
-11225
-12582
-12982
-14045
-12052
-8651
-3649
534
155
29
-2007
594
3156
6127
7990
8568
10681
12859
14676
14065
11874
9309
8042
7989
8804
8951
8771
7060
4311
1858
-892
-2050
-3364
-4661
-5627
-6102
-5476
-4060
-2628
-1600
-2035
-2195
-2294
-1335
709
1932
3382
3547
3672
4527
5346
6029
5030
3531
2439
2640
3115
2447
473
-2196
-4033
-4861
-5324
-6764
-8621
-10909
-12159
-12378
-12402
-12669
-13751
-14680
-15906
-16927
-17086
-14000
-8755
-669
3206
4134
2499
1623
5315
8670
12250
12817
13646
15695
18965
21005
19396
14841
10194
8056
8710
10033
10305
9232
5697
1708
-2086
-4722
-6359
-8129
-9968
-10909
-10295
-8655
-7350
-6984
-7162
-6978
-5208
-2151
1503
3967
4938
4742
4751
5531
7359
9398
10153
9468
7405
5752
4795
3761
1727
-898
-2943
-3492
-3411
-4437
-7161
-11081
-14242
-16101
-15732
-15371
-15287
-15953
-17045
-17960
-18788
-19224
-16723
-11164
-2757
4611
6157
5770
3532
6013
10492
14319
16722
17093
18869
21255
23339
22015
17257
12403
9362
9676
10892
10963
9328
5713
1156
-3343
-7007
-8854
-10217
-11326
-12157
-12088
-10956
-10224
-9993
-9644
-8378
-5297
-2220
922
2855
4278
5360
6072
7249
8827
11045
12509
12386
10442
7829
6085
4448
2741
662
-1272
-2539
-3806
-5608
-8472
-11542
-14604
-16403
-17199
-17154
-17102
-17316
-18187
-19481
-21075
-21933
-17875
-10391
187
6396
6093
3480
1399
6018
12011
16974
18591
18364
19800
22036
23777
21283
15979
11283
8841
10297
11749
11823
9638
4249
-1559
-6729
-9330
-9418
-9362
-10324
-11586
-11905
-11074
-10020
-9359
-8588
-7130
-4736
-2332
694
3659
5834
6726
6391
7103
9330
12382
13851
12600
9510
6289
4546
3589
2465
473
-2321
-4434
-5840
-7286
-9543
-12901
-15532
-16870
-16809
-16169
-15901
-16280
-17712
-19670
-21605
-21094
-15507
-6402
4228
8333
6430
2352
1263
7317
14152
18952
19549
18791
20052
21940
22585
19295
13830
9600
8310
10298
11933
11550
7922
1414
-4535
-9017
-9979
-9023
-8827
-9852
-11776
-12235
-11353
-9908
-8791
-7927
-5869
-3495
-1082
1501
3725
5575
6328
6481
7632
10443
13313
13741
11302
7219
4202
3138
2946
2482
603
-2331
-4872
-6895
-8784
-10858
-13510
-14860
-15259
-15173
-14677
-15360
-15959
-17975
-19955
-21470
-18697
-10960
-469
8395
8471
4469
-179
2060
9489
16558
20078
19501
18876
19654
20616
19624
15522
11049
8417
9025
11169
12127
10305
4762
-2364
-8018
-10362
-9104
-7232
-7118
-9104
-11492
-12336
-11800
-10313
-8744
-6823
-4248
-2002
128
2050
3666
4656
4855
5458
7675
11214
13684
13032
9390
5081
2665
2476
2872
2523
53
-2865
-5502
-7509
-8905
-10966
-12405
-13254
-13364
-13205
-13671
-14458
-15984
-17802
-19544
-19660
-14400
-5677
4913
9232
6346
812
-1836
3597
11410
17973
19921
18727
17969
17771
17328
15038
11426
8826
8104
9959
11219
10544
6837
12
-6228
-10075
-9687
-7082
-5109
-5950
-8985
-11487
-12463
-11450
-8972
-6073
-2828
-211
954
1955
2848
4009
4920
5502
7226
10247
13510
14382
11575
6628
2535
1211
1961
2983
2117
-505
-4125
-7365
-9976
-11724
-12892
-13336
-13296
-13684
-14174
-15349
-16478
-17914
-19754
-20721
-17248
-9097
2219
9178
7874
1987
-2941
363
8395
16822
21200
20832
19352
17666
16343
14695
12175
10665
9842
10757
11652
11103
8385
2127
-4563
-9548
-10206
-7360
-4609
-4191
-7099
-10799
-13163
-12971
-10190
-6069
-1889
545
847
250
678
2443
4537
6214
7630
10082
12983
14149
11930
6657
1853
276
1753
4207
4374
1469
-3348
-8034
-11364
-12969
-13277
-12811
-12037
-12280
-13656
-15535
-17531
-18929
-20002
-20789
-17806
-11008
-387
7854
8531
3581
-2912
-2100
4951
14710
21564
22957
21301
18122
15513
13473
12094
11874
11684
12317
12170
11405
8793
3508
-2711
-8026
-9373
-7318
-4310
-3448
-6103
-10315
-13849
-14633
-11978
-7175
-1969
936
600
-1354
-2381
-741
2511
5801
8278
10413
12355
12902
10925
6874
2705
1465
2949
5586
6504
3813
-1293
-6999
-10824
-12195
-11609
-10271
-9249
-9805
-11867
-14789
-17349
-18457
-18811
-18397
-17548
-13430
-6223
2639
6848
4541
-1350
-4653
142
9119
18489
22503
21288
17475
13591
11625
11317
12571
14196
14641
13574
10950
7898
4332
1
-3953
-6206
-5615
-3845
-2927
-4785
-9044
-13120
-15050
-13350
-8637
-3141
972
1445
-1062
-4007
-4112
-741
4388
8638
11035
12121
11922
10427
7252
4144
2752
4267
6533
8169
6310
1712
-3926
-9174
-11117
-11241
-9380
-7975
-8141
-10384
-14177
-17486
-19125
-18721
-17172
-16302
-15469
-12397
-6914
632
3559
1923
-2371
-3673
2192
10361
18129
20274
18355
14742
11514
10587
11409
13837
15923
15697
13365
9064
5492
2757
810
-811
-2194
-2569
-3184
-3861
-6272
-9431
-11900
-12566
-10265
-6154
-1945
568
-15
-2813
-4790
-3853
560
5854
9668
10933
10412
8827
6789
4719
3734
4809
6845
8197
7143
3744
-835
-5027
-7965
-9068
-8535
-7135
-6449
-7519
-11138
-15183
-18227
-18572
-16688
-14991
-14078
-14384
-12518
-8485
-2453
617
294
-1681
-1792
2905
9073
14656
16525
15653
13470
11528
10773
11625
13672
15536
15242
12552
8703
5728
4143
3221
2218
744
-584
-2029
-3556
-5551
-7532
-8927
-9109
-7835
-5294
-2796
-1343
-1928
-3682
-4432
-3101
671
4578
7264
7907
7312
6088
4780
3897
4009
5447
7028
7282
5306
1807
-1857
-4546
-6097
-6675
-6376
-6004
-6194
-8013
-11025
-14047
-15583
-15101
-13533
-12594
-13004
-14473
-14242
-11043
-5712
-247
1111
618
-1091
677
5010
9817
13268
14005
13622
12335
11145
10703
11556
13339
14190
13095
10207
7367
5647
4689
3719
2050
588
-607
-1865
-3340
-5356
-6588
-6996
-6406
-5324
-3939
-2517
-1804
-2171
-3162
-3166
-1474
1434
4116
5517
5748
4900
3629
2585
2379
3510
4999
5638
4380
1834
-1084
-3171
-4431
-5025
-4867
-4810
-4867
-6268
-8461
-10691
-12145
-11834
-11145
-10304
-10902
-12014
-13340
-12773
-9544
-4757
155
1412
891
-741
-2
3059
6716
10135
11660
11900
10872
9287
8437
8889
10576
11822
11517
9720
7649
6104
4949
3948
2742
1714
562
-922
-2178
-3238
-3476
-3535
-3980
-4204
-3880
-2476
-1017
-787
-1463
-1944
-1193
525
2298
3376
3834
3636
3104
2599
2498
3215
4017
4106
3234
1456
-395
-1890
-3115
-3537
-3772
-3829
-4332
-5646
-7092
-8371
-8724
-8798
-8966
-9340
-9845
-10062
-10434
-10736
-10609
-8751
-5347
-1421
626
484
-780
-1143
816
3755
7108
9120
9874
9341
7959
6958
6913
8339
9946
10459
9649
7872
6391
5174
4143
3031
2235
1944
1680
1165
-44
-1386
-2652
-3509
-3587
-2572
-875
594
696
-624
-2015
-2499
-1531
125
1736
3006
3523
3248
2282
1281
837
1179
1901
2340
2153
1206
-142
-1657
-2831
-3499
-3667
-3573
-3655
-3892
-4810
-5743
-7109
-7736
-7943
-7503
-6978
-7134
-7379
-8432
-8688
-8656
-6772
-4087
-1208
362
-211
-1085
-1843
-424
1741
4495
6727
7608
7342
5597
4279
4107
5734
8184
9554
9258
7109
4835
3377
3445
4424
5220
5112
3515
1504
-179
-718
-414
160
673
838
825
309
-730
-1785
-2308
-1703
-209
1237
2074
1896
1116
-23
-936
-1261
-750
372
1351
1661
982
-188
-1289
-1898
-2057
-2083
-2132
-2397
-2701
-3162
-3573
-3935
-4131
-4070
-4118
-3818
-3808
-3718
-4058
-4827
-5432
-6060
-5735
-5278
-4107
-2824
-1967
-1140
-1736
-1669
-2041
-1111
154
1536
3088
3487
3878
3026
2518
2377
3408
5483
6752
7236
5877
4643
3777
3884
4720
5266
5824
5262
4211
2549
1150
707
736
1309
1457
1656
1404
780
-334
-1687
-2374
-2460
-1642
-701
89
462
52
-700
-1534
-1678
-922
268
1306
1476
1026
47
-683
-1055
-1021
-823
-855
-998
-1340
-1536
-1692
-1871
-2001
-2145
-1943
-1931
-1897
-2366
-3010
-3661
-4218
-4222
-4324
-4432
-5009
-5443
-5700
-4812
-3707
-2269
-1738
-2278
-2741
-3184
-1749
-301
1404
2018
2041
2086
2135
3115
4115
5659
6644
6824
6265
5244
4950
4840
5254
5395
5456
5364
4568
3460
1759
656
32
189
399
433
-10
-925
-2024
-3125
-3332
-2982
-1961
-1271
-899
-912
-965
-726
-358
276
733
1255
1560
1789
1694
1305
843
565
724
1046
1190
849
59
-892
-1527
-1562
-1214
-800
-987
-1615
-2567
-3233
-3205
-2816
-2227
-2238
-2751
-3548
-4071
-4040
-3600
-3269
-3371
-3621
-3677
-2896
-1622
-169
693
623
-137
-792
-551
699
2402
3597
3938
3447
2674
2148
2146
2763
3446
3840
3651
2943
2114
1339
891
725
789
880
782
490
48
-392
-823
-1147
-1338
-1299
-1003
-734
-530
-473
-467
-364
-270
73
782
1798
2781
3111
2704
1852
1262
1254
1722
2134
2194
1696
899
-64
-950
-1236
-1053
-535
-426
-937
-1760
-2404
-2538
-2438
-2234
-2117
-2062
-1837
-1582
-1076
-593
-304
-261
-535
-687
-414
123
730
933
715
185
-485
-1239
-1724
-1733
-1276
-646
-497
-873
-1731
-2394
-2673
-2436
-1967
-1421
-1094
-1047
-1284
-1702
-1758
-1434
-604
242
737
896
814
836
948
1191
1671
2331
3065
3525
3586
3264
2881
2564
2424
2616
2865
3166
2902
2148
1215
469
341
648
1180
1397
1216
478
-414
-1081
-1429
-1253
-1009
-832
-921
-1185
-1356
-1311
-914
-576
-323
-323
-291
-102
167
468
691
985
1211
1303
1197
910
742
575
541
557
598
586
322
-223
-869
-1249
-1261
-1005
-848
-1085
-1764
-2621
-3282
-3426
-3203
-2884
-2711
-2752
-2920
-3111
-3154
-2927
-2347
-1565
-829
-356
-80
76
183
288
442
780
1367
1958
2308
2212
1855
1621
1709
2072
2375
2492
2226
1781
1142
596
333
296
411
424
329
146
7
-117
-142
-35
171
518
703
759
633
569
647
788
909
973
1099
1166
1197
1039
835
606
380
272
211
234
178
-43
-473
-825
-1148
-1241
-1301
-1299
-1163
-1223
-1238
-1431
-1489
-1391
-1159
-861
-612
-353
-239
-157
-149
-41
153
377
512
520
471
421
448
407
317
267
271
287
175
-35
-254
-334
-402
-503
-700
-785
-669
-395
-182
-120
-179
-336
-469
-589
-548
-349
-140
-81
-200
-342
-412
-270
-78
50
59
-8
-61
-49
17
45
67
15
25
55
136
232
286
331
255
316
364
530
615
640
503
220
77
-11
113
211
342
383
398
353
240
76
-21
-14
84
318
442
533
504
422
318
228
334
641
1059
1289
1241
953
525
285
247
503
866
1134
1161
841
379
-53
-191
-117
87
254
229
-27
-479
-892
-1184
-1129
-918
-661
-606
-892
-1354
-1862
-2095
-2039
-1705
-1349
-1143
-1221
-1523
-1852
-2054
-1879
-1501
-963
-540
-384
-426
-608
-662
-611
-350
-77
204
483
658
795
767
715
650
741
927
1151
1288
1332
1232
1060
876
857
946
1060
1065
965
884
814
800
731
593
523
527
664
859
956
877
603
305
212
364
620
791
779
606
359
171
57
18
-6
-25
-82
-88
-93
-68
-148
-330
-556
-677
-654
-520
-408
-424
-559
-788
-965
-999
-839
-574
-380
-390
-577
-810
-974
-1051
-1016
-920
-860
-780
-792
-780
-824
-955
-1088
-1142
-964
-630
-304
-133
-188
-258
-284
-90
157
349
425
489
602
815
985
981
895
799
872
1107
1359
1488
1423
1195
1006
962
1030
1118
1016
905
692
558
351
129
-51
-178
-159
-250
-315
-551
-751
-907
-972
-843
-739
-562
-577
-613
-769
-867
-853
-743
-409
-125
134
215
200
168
130
215
220
311
319
373
443
415
417
239
144
-78
-163
-195
-104
-21
-147
-349
-626
-679
-649
-506
-450
-404
-313
-168
-55
-58
-135
-200
-153
28
291
523
641
557
404
253
360
537
707
651
441
288
148
152
128
148
109
19
-170
-350
-402
-347
-268
-375
-500
-582
-454
-367
-281
-384
-444
-449
-413
-280
-254
-71
-84
-8
-121
-107
-61
19
163
159
245
193
309
290
309
197
230
250
400
513
475
375
225
180
230
343
407
410
357
344
435
504
520
438
293
186
276
494
741
749
565
239
21
64
170
361
309
158
-132
-439
-578
-695
-579
-627
-665
-854
-997
-1078
-1153
-1094
-1145
-1036
-958
-772
-715
-698
-784
-829
-710
-489
-80
218
394
330
140
4
-23
169
310
511
494
471
345
264
290
226
289
178
216
91
-3
-107
-149
-83
12
164
213
238
154
140
245
449
709
799
772
619
472
546
730
1015
1121
1060
857
681
599
543
515
396
280
158
8
-103
-210
-291
-409
-609
-817
-982
-974
-895
-762
-702
-691
-722
-787
-767
-757
-692
-651
-562
-463
-284
-95
25
42
-94
-176
-204
-90
101
260
342
294
94
-107
-284
-251
-125
18
46
-126
-353
-588
-619
-519
-304
-141
-38
-103
-149
-247
-180
-20
237
573
668
790
716
806
834
961
1061
1137
1209
1161
1112
964
900
799
749
623
526
408
289
76
-149
-384
-527
-595
-621
-630
-708
-716
-794
-818
-916
-1018
-962
-844
-517
-308
-156
-173
-268
-318
-327
-197
-9
177
248
138
-52
-194
-235
-165
-102
-115
-152
-195
-203
-219
-274
-357
-405
-316
-156
54
101
70
-82
-152
-124
24
286
508
649
618
519
449
510
670
801
883
860
799
712
590
532
423
393
303
243
173
89
53
-67
-141
-319
-401
-443
-355
-240
-155
-164
-329
-446
-551
-518
-478
-357
-262
-210
-222
-310
-341
-380
-293
-275
-183
-132
-92
-94
-140
-141
-165
-129
-131
-144
-152
-108
-14
30
-36
-151
-252
-259
-190
-101
-4
76
122
74
-1
-78
-59
12
70
139
200
373
506
593
544
430
331
265
353
472
635
710
648
481
237
103
74
94
120
73
-9
-134
-224
-298
-317
-297
-265
-215
-212
-239
-223
-240
-179
-157
-84
-42
-23
-50
-107
-132
-115
-29
58
96
56
-8
-85
-155
-192
-271
-284
-312
-307
-310
-344
-331
-378
-330
-331
-203
-135
-76
-61
-97
-54
-11
159
313
404
409
296
258
304
453
611
665
642
512
415
358
321
339
316
273
182
132
104
135
97
-19
-223
-302
-316
-187
-126
-165
-267
-436
-514
-549
-464
-371
-290
-285
-308
-318
-253
-181
-109
-99
-73
-41
60
113
108
46
-41
-61
-68
9
62
56
-8
-128
-200
-210
-148
-113
-99
-103
-113
-98
-78
-29
12
38
80
132
215
297
403
396
411
385
435
484
538
546
456
387
324
325
348
364
380
312
259
180
106
84
6
-10
-88
-106
-142
-175
-230
-296
-331
-310
-243
-189
-207
-298
-415
-546
-590
-576
-471
-421
-374
-392
-377
-337
-357
-352
-431
-439
-412
-335
-194
-154
-119
-192
-175
-165
-76
35
129
192
182
202
223
277
330
362
375
369
402
469
559
626
653
645
614
657
634
628
555
486
405
341
340
351
418
371
313
141
26
-35
-73
-111
-155
-216
-257
-303
-335
-373
-420
-456
-510
-500
-523
-477
-472
-479
-485
-531
-492
-465
-397
-356
-306
-284
-292
-325
-379
-421
-398
-317
-238
-143
-143
-141
-196
-207
-218
-181
-93
1
85
92
96
94
157
196
260
314
324
360
283
319
278
330
382
429
502
471
503
457
466
463
446
478
450
477
459
458
441
379
364
288
305
298
299
286
225
186
131
87
3
-55
-145
-187
-208
-223
-248
-359
-401
-531
-562
-623
-574
-541
-531
-516
-564
-614
-704
-673
-641
-533
-437
-402
-361
-394
-343
-291
-209
-123
-49
10
56
139
74
116
77
127
202
226
306
268
232
164
108
92
111
184
226
185
120
27
-74
-44
-21
55
118
166
149
152
100
144
263
289
469
402
465
399
367
475
395
491
460
439
421
385
324
271
177
165
138
64
89
-54
-114
-205
-333
-330
-391
-334
-337
-364
-387
-391
-405
-395
-323
-412
-328
-322
-358
-255
-296
-199
-129
-165
-135
-113
-168
-90
-65
-13
39
23
39
-42
-54
-35
-5
42
-3
6
-36
-69
-23
-67
1
9
39
15
48
28
16
115
3
92
20
-7
7
-24
-52
57
88
127
205
130
88
78
18
48
88
75
200
100
121
144
36
126
103
96
157
36
207
9
80
84
13
157
5
210
43
120
166
120
119
94
43
43
64
53
220
108
192
88
56
-3
-83
3
-131
-7
-59
-100
-32
-129
-133
-126
-287
-245
-279
-317
-270
-276
-232
-332
-176
-278
-112
-79
-196
-41
-344
-155
-197
-170
71
-12
118
-54
-64
-49
-196
4
26
71
59
-15
-27
-152
-127
-103
7
10
61
193
60
91
55
-9
49
35
130
165
208
206
103
165
-37
97
153
206
364
208
343
142
185
201
99
254
114
191
150
-33
156
17
128
254
96
221
-44
4
-99
-144
26
-79
178
23
183
37
-43
76
-199
32
-124
-47
7
-145
-21
-212
-82
-134
-126
-127
-230
-186
-246
-275
-213
-185
-279
-132
-198
-208
-232
-137
-249
-203
-94
-180
-4
-136
-17
-47
-149
13
-196
-73
-117
-124
-21
-87
47
101
-5
107
26
12
35
-33
168
160
237
250
202
146
230
134
81
255
33
205
283
152
313
183
73
270
-24
278
205
165
364
41
321
76
157
297
3
281
-19
14
32
-153
233
-57
46
111
-188
39
-338
-233
-311
-446
-94
-380
-86
-64
-326
-92
-310
-336
-296
-324
-190
-174
-55
-59
-147
-35
-291
-165
-80
-380
-29
-221
-236
83
-188
-53
-31
-402
-8
-339
-144
2
-154
233
-54
360
152
4
460
-120
494
161
407
675
53
803
152
269
523
73
453
159
269
345
-11
406
-77
174
212
-282
155
-128
-183
-4
-189
-171
-138
-153
-182
-291
-82
-289
169
-91
-38
143
-196
130
-306
56
-106
-3
168
-18
168
-80
41
-138
12
107
108
-22
50
-149
-264
109
-316
62
-32
-418
264
-472
-367
200
-678
80
-145
-450
141
-422
-34
-210
-214
-42
-264
208
-187
229
228
-22
394
47
125
207
189
242
398
400
331
412
217
401
-23
205
170
50
286
-94
245
-107
-252
80
-471
-184
-103
-419
-18
-345
-88
36
-285
-7
-79
-343
146
-133
-12
269
-123
321
294
76
429
128
19
239
-270
229
-110
20
222
-215
223
-121
-128
-304
-312
-440
-312
16
-308
-59
195
-570
263
-565
-320
200
-709
641
-84
163
338
-48
186
-122
156
322
-76
518
198
96
527
-144
295
77
41
-42
260
-133
162
340
-504
513
-480
-110
278
-630
289
-82
-369
195
-138
-123
104
53
-332
-121
-120
-265
308
-143
389
62
-69
377
-433
153
-134
-158
212
-48
95
439
-340
22
28
-471
330
-243
-110
-56
-296
75
-144
-30
-12
140
-206
95
-181
-302
201
-370
372
-2
260
389
-233
403
-285
161
136
-90
630
-337
444
183
-252
255
-297
115
-8
91
221
-248
110
-242
-225
90
-359
476
-248
59
44
-327
137
-280
127
-43
85
269
44
211
-136
215
-35
164
253
-166
392
-311
284
-123
-112
26
-280
172
-552
213
-300
-347
189
-676
125
-367
-227
-137
-335
-205
-94
-201
-122
87
179
126
65
240
-344
144
152
-90
664
-14
383
310
57
229
221
-176
212
68
-158
513
-453
841
-411
210
108
-469
106
67
-109
33
237
-304
304
-123
130
-147
193
-167
217
119
43
228
59
64
44
235
-109
146
-150
-77
-77
-180
45
131
-92
186
-230
-447
-78
-484
1
-113
-182
-290
-160
-323
-134
-137
-95
-263
-36
-196
-438
241
-246
92
59
-297
170
-179
107
87
-100
155
129
204
110
215
-29
147
114
49
167
207
-36
190
189
-62
445
-90
99
456
-230
305
2
-244
135
153
26
-11
261
-236
278
-89
-79
452
-392
492
-58
-321
334
-208
186
225
127
109
-148
-76
-234
-197
43
0
-54
-58
-117
-106
-212
-271
-83
-530
117
-419
192
-148
-288
366
-701
138
14
-439
272
-142
-388
372
-657
585
-173
-122
510
-454
599
-286
199
92
-226
539
31
107
582
-413
601
-190
177
369
-344
674
-411
428
111
-30
343
-327
321
-57
-433
575
-702
111
155
-479
317
-196
-78
65
-50
-222
238
-408
353
-306
-40
86
-412
464
-173
77
350
-369
203
-230
112
54
-411
510
-496
229
166
-346
282
-408
11
-76
-131
-203
-72
-328
165
7
-350
505
-627
-13
352
-637
563
-264
-240
366
-243
328
52
91
258
-295
449
164
-352
637
-280
167
583
-243
564
-155
18
217
-227
266
-216
100
303
-263
205
34
-146
-9
155
-174
-130
-49
-49
-250
395
-121
41
157
-379
125
-255
16
-399
328
-248
-22
554
-634
592
-303
-196
-11
-147
-31
-103
57
-53
27
-121
135
-73
-317
101
-379
-84
91
-246
139
-117
-42
159
-312
269
-85
-2
361
-376
459
71
-145
230
38
215
136
49
264
-25
172
344
-248
285
-39
104
302
-153
105
-189
-134
8
-80
-63
-62
331
-417
356
-226
-258
188
-34
-324
376
-54
-210
650
-342
249
76
-178
51
-51
107
-51
52
209
-480
338
-415
-70
-147
-349
34
-550
287
-319
-48
232
-282
-87
-107
-165
-83
-14
268
-376
537
-87
-38
557
-481
711
-483
296
12
-23
245
-41
343
-359
222
67
-417
392
-425
-38
259
-487
411
-359
50
-169
116
-213
-235
595
-634
541
98
85
3
225
-36
-239
496
-415
638
3
20
559
-395
222
353
-298
397
-310
225
-278
66
200
-436
332
-331
-6
-125
-108
-52
-110
2
-85
-58
-168
-92
119
-279
-113
305
-381
143
41
-183
360
-345
403
-155
93
154
-72
201
-66
61
318
-223
-158
362
-581
236
113
-370
191
-146
-197
-89
-211
12
-343
41
-81
-427
343
-324
87
200
-131
122
-133
126
-125
404
-189
431
122
130
302
-134
291
-82
281
31
71
239
0
-79
176
-77
-191
352
-150
-65
372
-343
-60
309
-699
364
-42
-430
670
-569
536
-121
-51
358
-618
391
-142
-153
192
-161
239
-395
469
-170
-337
298
-372
2
-119
82
-268
27
132
-412
445
-374
-42
-22
-252
3
-135
15
-245
118
-1
-178
272
-344
122
-179
132
-79
63
74
-200
247
-70
254
-164
290
-25
-137
456
-327
248
133
-225
482
-230
324
128
-112
198
-180
20
-107
186
38
-3
384
-258
57
220
-524
367
-291
-57
256
-220
186
-53
137
-24
-103
246
-295
111
-115
-61
199
-235
330
-184
71
30
-108
61
-277
204
-414
258
-81
19
-130
250
-420
70
188
-763
814
-715
194
228
-611
605
-371
93
32
-23
32
-83
339
-418
468
-226
91
83
16
46
-113
502
-724
631
-296
-72
252
-316
257
-95
-141
152
-51
-226
264
-213
80
61
23
95
-30
4
181
-216
137
84
-152
282
-176
311
-185
98
98
-112
10
129
-154
16
121
-85
-185
363
-487
311
-133
-10
168
-234
244
-251
131
-129
-61
122
-151
37
86
-227
-86
45
104
-332
429
-236
-68
109
-179
220
-342
206
-69
73
-25
159
-235
38
43
-203
216
-94
-130
148
-149
195
-5
-155
117
-201
195
-260
220
-25
-326
501
-411
160
143
-263
176
-124
71
25
71
-29
154
-48
247
-272
560
-383
168
304
-478
366
-92
65
-193
326
-196
29
232
-376
476
-501
164
177
-431
359
-40
-260
188
7
-198
155
55
-206
155
80
-332
243
-71
-85
111
99
-38
-56
214
-154
-152
326
-390
333
-62
-72
146
-128
-92
197
-193
-55
397
-536
164
217
-638
432
-109
-220
309
-249
-108
185
-231
211
-176
281
-189
137
-34
-115
163
-295
419
-514
545
-444
255
133
-666
1049
-1084
480
274
-887
986
-898
584
-201
-247
536
-665
654
-542
583
-366
308
-58
-149
301
-385
561
-285
144
141
-203
209
-76
255
-189
268
49
-322
554
-456
225
-93
-158
201
-374
469
-520
527
-489
202
-10
-308
329
-262
8
68
-252
20
3
-37
20
18
72
-131
8
195
-269
158
187
-356
390
-183
19
118
-128
32
-60
40
-43
-30
7
-172
142
-119
-44
175
-191
-34
215
-307
93
192
-468
487
-151
-129
414
-335
149
240
-257
226
-17
-111
212
-151
94
57
-178
148
-60
73
-135
162
-134
18
52
81
-243
307
-161
-195
365
-431
417
-260
131
79
-136
171
-177
126
151
-447
670
-613
455
-288
201
-24
-107
260
-384
301
-224
183
-300
284
-157
-135
207
-199
70
-116
188
-228
55
144
-300
232
-100
-125
324
-425
338
-9
-289
442
-386
205
22
-275
506
-374
19
438
-607
390
6
-395
501
-397
282
-264
177
-72
-239
502
-559
323
20
-193
52
2
38
-244
285
-162
-80
369
-427
434
-302
91
171
-414
403
-322
192
-279
388
-211
-154
573
-595
279
216
-462
346
58
-405
573
-383
106
178
-244
231
-90
-37
58
281
-650
991
-725
322
272
-566
567
-527
422
-231
-70
426
-666
703
-593
331
-138
-119
236
-543
547
-539
446
-305
157
-62
-92
294
-522
471
-205
-138
344
-425
420
-422
359
-168
-244
510
-537
306
-119
61
-77
-23
129
-143
37
-102
237
-343
178
154
-419
536
-361
240
-193
87
79
-360
522
-412
289
101
-330
529
-519
394
-143
22
207
-286
375
-351
230
-47
5
66
10
-28
129
-80
27
35
-94
77
-135
70
-17
6
-22
136
-371
419
-374
92
29
-181
268
-356
314
-305
80
48
-203
273
-255
160
-135
30
15
-85
35
41
21
-122
238
-307
306
-190
43
26
-92
237
-253
18
234
-457
371
-72
-247
486
-606
559
-369
105
164
-202
128
-50
73
-58
-22
191
-113
37
93
-114
135
14
24
-135
344
-388
277
-76
-46
216
-233
65
-27
102
-174
94
-28
-9
-97
274
-407
326
-143
-138
311
-255
230
-68
-112
98
18
-191
334
-300
169
-12
-98
124
-147
60
3
-105
130
-166
65
-63
-82
209
-222
66
-39
18
-53
-11
296
-502
440
-126
-197
343
-379
262
-106
-33
175
-133
86
70
-129
92
-6
-65
88
-51
-23
-43
159
-188
89
82
-224
249
-140
151
-143
158
44
-190
280
-157
114
-99
164
-151
74
147
-318
393
-226
-9
204
-234
258
-202
75
-18
-81
123
-200
196
-264
227
-129
-62
177
-185
4
39
-26
-226
357
-390
131
58
-237
156
56
-192
267
-166
16
132
-203
113
-110
98
-109
186
-142
131
-24
-126
261
-213
89
93
-132
78
73
-140
87
-56
7
40
49
-205
231
-138
-120
229
-237
150
14
-128
197
-163
-39
343
-498
463
-166
-116
315
-346
234
-106
65
-92
167
-92
23
112
-214
194
-150
86
88
-235
231
-21
-135
124
30
-283
318
-163
-160
345
-415
235
-64
-107
199
-348
331
-248
16
185
-281
347
-314
394
-328
284
-83
-23
207
-266
413
-330
148
151
-343
316
-144
4
48
-85
104
-212
124
-54
-4
-28
-46
87
-160
136
-115
107
-161
122
81
-285
323
-196
-33
158
-76
-36
29
53
-133
167
-147
195
-75
-12
145
-262
253
-256
213
-166
44
86
-91
14
74
-98
37
48
-80
43
-42
21
-94
214
-207
149
-8
-167
257
-328
266
-190
42
71
-84
54
82
-26
-32
160
-239
184
-139
20
42
-74
72
-27
3
-9
74
-113
39
47
-146
100
-22
-37
-25
-10
44
-143
202
-136
30
13
-61
46
-36
112
-117
77
-78
67
4
-16
71
-141
205
-207
244
-126
8
136
-165
54
127
-157
88
37
-92
167
-134
108
81
-201
247
-205
24
177
-327
407
-324
189
-47
-130
129
-99
50
-14
90
-128
131
-75
-20
-30
4
-19
-17
14
12
13
-83
111
-63
-130
163
-165
66
-12
36
-41
-62
66
-34
-37
78
-1
-142
221
-204
101
-43
53
-26
68
-34
1
32
-179
298
-315
199
101
-351
422
-286
91
84
-85
-4
44
5
-77
145
-139
77
4
45
-82
146
-137
159
-84
-107
291
-380
330
-143
-70
239
-296
248
-79
-105
254
-207
-36
304
-423
277
-63
-125
256
-148
-38
136
-144
60
-38
54
-72
-1
92
-305
386
-341
132
133
-223
243
-211
46
-58
34
-4
-94
201
-255
127
-51
34
-34
71
-62
21
43
-142
171
-110
-18
123
-68
-26
156
-119
-52
207
-182
119
-6
-19
24
-73
111
-69
76
-4
-71
146
-163
91
72
-112
98
-73
62
-90
116
-151
126
-36
-13
13
-2
-78
47
20
-177
275
-284
265
-174
122
-154
53
54
-162
176
-105
42
-27
40
-11
-133
224
-122
-73
236
-279
125
-21
-45
109
-117
132
55
-162
232
-203
110
28
-71
60
-7
-108
247
-250
126
147
-273
265
-98
-92
133
-161
77
1
-33
121
-124
20
-20
-36
-41
83
-112
71
60
-39
18
-48
5
-114
106
-88
66
82
-149
227
-220
171
-132
43
48
-62
61
-26
39
-191
357
-415
259
-52
-189
328
-366
277
-61
-168
207
-159
71
1
13
-55
43
-84
35
-24
-13
98
-240
330
-335
258
-67
-144
321
-372
310
-158
110
22
-78
103
-82
38
11
26
-38
69
-63
41
-22
69
-44
-27
95
-105
4
55
-106
46
-5
21
4
-92
97
-115
113
-46
89
-53
-38
74
-73
87
49
0
58
-53
-40
77
-28
-12
110
-187
166
-165
45
-34
-31
37
-50
50
-76
37
-91
47
34
-98
152
-76
-36
87
-98
88
-75
42
-79
161
-128
91
54
-131
172
-87
-89
160
-247
234
-180
84
7
-72
163
-222
246
-186
53
28
-92
72
-89
19
49
-138
257
-258
209
17
-263
308
-295
216
-137
55
147
-328
398
-276
68
170
-247
199
-80
-35
-18
62
-67
62
-133
141
-122
60
55
-92
127
-194
159
-107
76
-14
-61
114
-89
73
21
-50
98
-65
-51
147
-168
33
176
-318
379
-409
329
-154
48
119
-247
248
-200
127
-74
137
-179
190
-151
12
94
-193
241
-165
134
-169
189
-117
-76
198
-261
159
9
-132
146
-51
-70
149
-143
92
-27
-111
99
-25
-28
60
17
-46
46
-76
41
46
-88
120
-49
-96
222
-218
44
74
-212
218
-177
127
-14
-110
94
-89
125
-152
163
-14
-137
275
-297
237
-36
-172
291
-326
311
-152
3
114
-141
188
-105
-48
154
-123
92
-120
51
11
-173
258
-176
47
128
-247
282
-242
62
57
-163
221
-176
170
-119
41
48
-136
75
29
-68
11
46
-52
33
64
-161
153
-130
62
48
-151
28
12
-12
-105
221
-148
38
86
-150
138
-88
-54
134
-166
197
-45
-60
125
-82
46
13
-31
-20
101
-193
204
-43
-16
34
2
-87
120
-77
-43
88
-69
50
-56
20
-86
104
-201
163
-90
-48
152
-222
313
-224
67
70
-206
167
-67
62
54
-118
145
-33
-66
131
-84
45
-35
78
-47
-14
53
0
-44
32
-47
24
-22
-55
114
-104
43
-10
-30
-8
-2
-31
66
3
-76
62
-124
108
-92
133
-73
-21
91
-69
-9
108
-111
68
-19
-81
154
-190
169
-57
17
88
-143
207
-176
58
9
-32
1
52
2
-92
145
-129
99
-9
-65
102
-95
52
4
35
-3
-17
-7
41
-117
160
-232
191
-202
109
64
-206
234
-154
103
-32
62
-170
184
-239
217
-143
93
-80
81
-111
109
22
-156
159
-63
-29
42
-24
0
-28
1
36
-12
-11
33
-56
-19
131
-198
173
-133
81
11
-79
45
-6
-21
43
-37
72
-78
4
-44
27
-31
-64
185
-159
43
129
-192
88
-2
-26
6
11
58
18
-103
143
-88
-8
140
-236
222
-154
130
-98
76
-14
-87
114
-108
128
-66
-3
21
20
-81
157
-177
198
-171
108
38
-171
304
-316
251
-138
-11
150
-213
221
-166
93
-46
-78
165
-212
137
8
-106
118
-56
-62
112
-185
108
-98
74
-25
15
70
-103
128
-163
112
-63
101
-72
-44
140
-146
23
106
-111
113
-65
-38
98
-130
162
-245
157
-59
53
-13
-35
164
-170
82
-51
24
-14
93
-63
-1
66
-154
155
-63
-58
106
-54
40
37
-18
-87
139
-105
51
20
-152
237
-299
234
-120
35
6
0
12
-82
113
-183
176
-73
-29
128
-162
110
-11
-49
19
28
-70
39
109
-231
154
-81
25
-59
79
-35
31
30
-165
267
-278
181
-76
-28
115
-43
-77
66
-22
33
-94
159
-140
109
-93
26
132
-172
248
-276
128
-14
-44
69
-24
-22
104
-42
-52
70
-123
84
-88
190
-154
8
113
-224
191
-62
7
2
-4
54
-99
94
-115
152
-123
7
85
-114
161
-243
181
-65
34
-23
-2
32
-49
-22
98
-102
111
-83
75
-19
-72
142
-128
98
-139
111
-119
119
-63
41
38
-59
19
-41
-32
83
-91
28
78
-117
117
-106
66
0
-34
19
9
-37
91
-31
44
-84
53
-38
10
30
-61
132
-202
197
-132
100
28
-121
138
-33
-35
-20
-17
50
-96
85
0
-64
107
-147
166
-100
-18
82
-71
4
58
-31
43
-45
6
33
-66
12
1
-37
51
-72
-13
73
-89
93
-43
-30
23
-11
-30
16
24
-60
25
29
-17
25
23
7
-46
133
-101
117
-154
134
-148
107
10
-69
30
38
-97
196
-183
78
-13
-39
-8
-131
261
-270
109
7
-72
81
-28
17
50
-111
125
-224
243
-123
-21
94
-53
41
-55
151
-166
188
-125
30
22
-1
-86
92
11
-95
91
-16
10
-35
69
-166
146
-6
27
-79
136
-126
8
32
15
13
-77
118
-143
171
-161
117
-107
94
-46
-1
62
-97
66
-90
54
-68
91
-92
55
23
-15
0
3
-1
-35
119
-49
-30
125
-106
0
73
-120
113
-141
122
-49
-43
29
-78
84
-195
218
-150
55
15
-101
137
-95
90
21
-126
161
-167
107
-16
-25
32
20
20
-22
33
36
-93
54
102
-181
194
-164
110
-36
-50
15
-9
29
-59
76
-24
-95
155
-129
97
-88
18
-3
-3
88
-117
73
-46
41
-50
52
-25
16
-32
10
78
-146
85
-72
99
-91
44
21
-33
37
-46
13
31
-46
32
-45
-10
48
-40
-11
66
-37
-31
27
43
-100
59
-40
-29
170
-138
19
25
45
-87
45
62
-109
76
4
-49
44
-42
74
-169
111
103
-188
174
-129
77
-87
120
-79
-53
174
-191
24
125
-44
-34
54
-36
37
-63
57
31
-34
86
-110
33
47
-79
67
-106
172
-214
157
-68
-30
138
-121
51
-22
92
-135
62
27
-74
-19
115
-122
64
-63
151
-157
48
95
-195
117
-44
77
-139
147
-17
-48
22
32
-55
2
40
67
-144
69
-27
-15
36
-35
47
-120
156
-139
29
18
3
-90
100
-24
-71
39
-4
28
-47
110
-49
-50
37
-34
-9
2
111
-124
33
101
-80
-72
166
-75
-50
106
-35
-1
13
13
-96
42
81
-21
-115
207
-126
-121
111
3
-1
-59
147
-137
17
43
-85
20
48
-26
-25
44
38
-60
2
67
-82
28
-40
33
-15
-21
51
-18
21
-13
13
-2
-31
52
-19
-33
71
-63
68
-110
93
-68
64
-33
-10
30
-82
147
-148
137
-68
-7
74
-101
168
-192
104
-58
-21
85
-31
27
-23
34
-21
-19
18
43
-54
-3
64
-85
103
-56
-9
-30
53
-42
-30
39
-51
70
-81
25
-1
-64
129
-119
79
-17
-23
8
-7
43
-81
61
-5
26
12
-9
48
-69
66
14
-55
-19
47
1
-45
34
-14
40
-116
141
-90
-8
-6
-5
46
-113
76
37
-41
-115
178
-131
21
94
-55
5
-48
145
-142
17
97
-93
26
13
85
-97
17
70
-84
-25
83
-23
-32
42
-29
-47
47
55
-216
148
22
-74
55
-19
65
-124
126
17
-100
70
-22
-32
-10
84
-32
-109
143
-6
-86
30
105
-99
-70
165
-121
-11
73
-38
-37
54
-8
-119
112
17
-78
-5
125
-121
-13
76
-60
-34
27
37
-45
72
-65
52
-42
106
-71
-3
38
-34
10
-51
99
-83
24
7
3
-30
54
-46
21
-13
37
25
-64
74
16
-87
46
68
-133
103
-56
-2
66
-37
20
-36
34
1
-73
67
12
-112
89
-12
-8
-67
164
-145
76
-7
-65
36
49
-65
-7
68
-21
-30
35
37
-58
14
54
-45
3
3
-31
15
-29
63
-71
40
19
-29
80
-99
59
-6
9
-31
2
32
-45
-31
20
-27
11
-11
13
-2
38
-60
32
-28
-9
2
-92
155
-80
35
12
41
-48
-24
71
-133
106
-26
-25
28
14
-29
13
54
-64
13
-39
-6
97
-119
56
36
-31
-20
8
48
-27
35
-27
74
-96
-19
52
-86
126
-134
110
-64
48
-81
27
57
-39
-40
50
14
-92
49
15
-50
17
37
-37
78
-65
15
18
48
-40
-22
38
6
-36
8
45
-18
10
24
-42
-4
72
-113
19
80
-26
-90
101
36
-78
-57
131
-64
-31
80
-23
0
-27
13
-44
83
-61
-11
89
-33
11
-15
-41
41
-41
27
21
-31
-22
4
3
-13
22
-17
59
-97
80
-25
-42
37
-3
-13
-24
73
-43
29
-48
40
-20
24
-5
31
-47
39
-72
73
-30
-6
2
-10
-1
77
-32
-49
71
-49
42
-27
4
-38
43
-54
-21
46
6
-95
58
58
-55
6
-13
27
32
-42
-27
43
24
-15
-80
82
27
-66
-27
60
17
-34
19
-5
30
-33
0
-10
86
-82
14
-19
26
-6
-62
96
-28
-14
-36
3
34
-61
26
10
-16
28
-40
86
-47
23
-1
-36
41
-7
6
31
-48
30
-5
22
-47
21
12
-21
20
3
14
-93
80
-50
3
28
3
-8
-48
48
-22
56
-63
-27
88
-57
-43
29
91
-128
-1
60
-48
36
-43
69
-89
85
-81
-9
62
-19
38
-76
139
-122
21
46
-37
34
-63
52
-34
53
-3
-31
107
-100
85
-41
14
28
-58
22
-59
109
-62
86
-108
78
13
-90
66
-71
83
-106
130
-38
-64
61
-96
57
-21
9
44
-76
108
-72
-7
-41
6
62
-46
0
88
-6
-41
27
-17
25
-7
-29
6
5
-21
-29
45
37
-110
77
-2
-40
-5
17
22
-81
99
-27
-103
143
-83
-16
33
7
-45
2
17
-11
-4
-8
6
15
21
-62
61
-16
34
-58
-18
106
-61
-60
165
-94
-50
25
10
-13
-13
125
-88
104
-32
-127
90
-64
6
32
-12
8
-57
50
38
-30
-17
14
11
12
26
-10
6
4
-32
18
7
-32
54
-37
39
13
-67
17
-16
-7
20
-29
17
39
-81
42
3
-119
103
20
5
-2
-13
59
-55
40
-2
-26
1
-10
-3
36
-11
-36
76
-54
50
8
-77
64
-12
-35
-7
2
14
-40
75
-8
24
-64
18
11
-79
52
35
-25
17
-19
1
-27
38
-43
53
-5
-32
32
-41
17
-17
-16
42
-80
98
-60
-11
53
-26
16
-40
55
9
-68
69
-20
-32
64
-41
39
-37
35
-13
-27
81
-29
-67
21
27
-24
-23
33
49
-107
67
-41
4
-20
8
90
-77
50
-24
-52
103
-134
72
33
-71
25
-88
91
2
-88
83
58
-74
5
27
1
-46
30
-19
19
-18
6
-67
52
33
-27
-13
25
32
-43
44
-63
29
6
-53
23
-25
53
-33
-1
39
-16
28
-32
35
-42
50
-34
-33
76
-58
10
-17
39
68
-27
24
-32
26
-77
-8
72
-59
20
21
15
-34
31
-15
-57
-9
39
-16
-23
66
-60
-37
43
7
-7
48
-1
-36
8
-7
-13
31
17
-13
-19
48
-62
13
14
29
-18
33
52
-74
-6
12
-18
8
-7
39
-37
-23
42
-43
68
-63
23
4
-1
-20
-34
95
-81
26
-40
15
45
-52
44
-2
0
-43
15
33
-38
9
-15
66
-26
1
23
-31
37
-58
39
-58
56
17
-25
60
-36
-35
-28
5
-48
35
-24
38
64
9
-80
41
32
-60
27
20
-9
-18
-9
5
-35
11
-12
16
4
-15
44
-42
-25
0
-54
103
-54
38
-23
23
-4
-40
31
-2
-2
-8
68
-13
-19
-39
70
-32
-42
17
39
-28
-10
51
-20
-34
31
-23
-10
39
-20
-16
6
74
-35
-19
-42
26
0
47
-15
-44
42
-9
-5
58
-54
3
-69
26
81
-54
27
-4
26
-52
-10
58
-34
-82
47
15
-45
90
3
-53
73
-47
-24
5
30
-12
-17
60
-2
23
-18
-39
7
-19
12
-12
29
5
-29
46
-17
-18
19
13
-18
-12
26
-50
13
-59
54
52
3
-38
-37
46
-15
14
42
-41
-31
-4
-10
24
6
-9
-9
11
13
6
10
-36
9
35
-56
47
-38
13
-6
-9
2
2
26
-68
32
-11
34
-15
44
12
-22
12
-51
17
-29
53
-10
-10
-17
9
6
6
5
29
10
-14
-44
-6
-59
15
12
5
-1
-14
19
-23
29
-27
23
28
-4
0
-45
25
-77
63
19
-1
37
-4
-35
-44
39
2
-18
-32
74
-36
-15
17
-6
3
14
-32
16
31
26
-22
2
51
-31
-28
-3
-3
-22
24
10
70
-27
-19
-28
-34
15
22
13
-19
17
15
-9
-10
47
-12
-72
46
-8
-1
12
28
-34
20
-16
-9
23
18
21
0
-30
20
-26
-59
48
27
-21
35
-26
-27
-8
-23
-4
54
-23
-19
20
-14
-12
-17
2
6
-5
13
14
13
18
14
-5
-46
32
-63
-11
51
30
-7
-43
63
10
-23
-56
23
40
-55
6
6
48
-32
-11
21
-2
-23
-29
23
13
-6
-24
32
-3
-22
26
34
-41
14
25
8
-21
-2
15
-41
-3
-26
18
12
-16
-31
52
5
-40
17
-1
35
-47
36
4
23
-69
1
41
-31
32
-11
21
45
-14
-53
18
31
-33
-15
29
13
-42
29
15
-4
14
-45
10
10
-27
-41
-22
56
13
-20
36
-20
-17
-48
19
11
3
10
-20
17
38
-3
-29
34
-32
-3
7
-28
21
-11
15
17
18
26
-27
-30
22
5
-60
-3
42
-39
43
6
11
-10
-32
33
1
-7
49
-17
0
-32
-20
48
-54
51
9
38
-20
-20
33
-17
-6
-2
19
14
-30
36
-47
23
43
-47
17
-19
-22
-1
-17
24
16
-30
-18
12
-26
-6
32
-19
21
-13
-28
29
8
-41
15
26
0
-26
30
4
-34
-37
11
19
12
23
-9
43
-22
9
-21
15
29
-18
-11
6
19
-35
-74
61
9
-51
9
35
17
-20
19
-21
-2
-23
-12
9
-10
28
-25
35
31
-40
2
12
20
-33
36
-2
-28
7
-22
26
-20
-15
27
-9
9
-7
15
0
-24
-11
16
18
0
-6
9
2
-5
-1
-10
9
-8
-8
6
-17
-11
13
15
20
1
12
-5
16
-4
-19
-16
-3
-8
5
23
-9
-10
24
-1
-14
39
6
-18
-28
28
-11
0
-29
10
37
-30
8
7
0
-4
-15
0
18
4
6
15
-4
11
-17
-11
-5
-8
13
0
-14
23
-9
-39
5
14
-8
9
-14
12
1
-11
11
11
12
-16
41
2
4
-25
-29
5
15
0
-8
15
-4
-10
-18
2
3
-13
2
1
0
-9
0
2
12
-4
-9
10
0
-2
0
24
6
-7
14
3
13
-13
1
7
-15
-2
-20
11
-1
4
-10
-1
-13
-4
-10
-6
-11
-5
12
11
-21
7
4
12
-1
14
12
-10
6
-5
16
-15
13
28
-25
11
-4
-7
2
-20
17
-15
13
0
-9
2
-3
-7
-19
26
-1
-17
11
-8
-7
-27
8
14
-15
17
7
8
-2
4
-12
17
9
-17
8
-16
10
-15
-19
34
-11
-6
4
18
-1
-10
-3
11
7
-17
14
13
-11
-15
1
10
-8
-1
0
22
5
-15
16
-10
4
-30
6
-5
4
-7
6
27
-9
-1
3
15
-7
-2
12
15
-37
0
18
-10
4
-1
31
-13
6
12
-7
4
-10
4
1
-4
-6
20
8
-2
-6
-2
-10
-4
-6
-6
-12
9
1
-4
-7
9
-3
-2
10
4
4
-12
-6
5
-15
1
5
-7
-11
12
9
2
-4
-6
6
3
-10
-8
3
10
-3
-3
3
24
-19
3
-6
9
-13
-11
3
3
5
-38
17
12
-20
-12
11
6
-22
-3
25
-25
23
-21
-5
16
-10
0
0
-2
7
-9
12
-9
6
6
-17
4
16
3
-14
6
6
10
5
-22
25
10
-11
2
9
21
-22
5
14
-1
-1
-11
1
-1
-1
-4
-4
9
3
1
12
0
-2
-24
12
5
-11
-2
13
8
-10
10
-14
8
-2
-7
0
2
-7
8
-16
7
7
-27
10
11
0
-3
7
1
3
1
-7
10
-3
4
4
-4
6
-8
13
-14
-5
2
1
2
-11
10
-6
5
-2
2
1
-1
9
-1
0
1
9
0
-3
3
-4
4
-11
4
5
-11
1
-1
2
-4
9
-4
0
-8
-6
1
-7
-5
0
-7
-8
6
0
9
-19
14
-2
-5
2
-5
-1
-1
-4
6
1
-2
9
3
5
5
-11
9
3
-12
7
-1
5
-15
1
8
-3
8
-6
5
4
-14
10
