0
0
0
0
0
1
0
0
0
0
0
0
0
-1
0
0
0
0
0
0
-1
0
0
0
0
0
0
-1
0
-1
0
0
0
0
1
0
0
0
0
0
0
0
0
0
0
0
0
1
0
0
0
0
1
0
-1
0
1
0
0
0
0
0
0
0
-1
-1
0
0
0
1
0
-1
0
0
-1
0
0
0
-1
0
0
1
0
0
0
0
0
0
1
0
0
0
0
1
0
0
0
1
1
0
0
0
0
0
0
1
0
1
0
0
0
1
0
0
0
-1
1
1
0
-1
0
0
0
0
0
0
0
0
0
0
0
1
0
1
0
0
0
0
0
-1
0
1
0
0
-1
0
-1
0
0
-1
0
0
0
0
0
0
0
0
0
0
0
0
0
0
0
0
0
0
0
0
0
0
0
0
0
0
0
0
0
0
0
0
0
-1
0
0
0
0
0
0
0
-1
0
0
0
0
0
0
0
0
0
0
0
0
0
0
0
0
0
0
0
0
0
0
1
-1
0
0
0
0
0
0
0
1
0
0
0
0
0
-1
0
0
0
0
0
0
0
0
0
0
-1
-1
-1
-1
0
-1
0
0
0
0
0
0
-1
-1
0
-1
0
0
0
-1
0
0
0
0
0
0
0
1
0
0
0
0
0
0
0
0
0
0
1
1
0
0
0
0
0
0
0
0
0
0
0
1
0
0
0
0
0
1
1
0
0
0
0
0
-1
0
0
0
0
0
0
1
0
0
1
0
0
0
1
0
0
1
0
1
1
0
0
0
0
0
0
0
0
0
0
1
0
1
1
-1
0
0
0
0
0
0
0
0
0
0
0
1
0
0
1
0
0
0
1
0
0
0
-1
0
0
0
0
0
0
0
0
0
0
1
0
0
0
-1
-1
0
0
0
0
0
0
0
0
0
0
-1
0
1
0
0
0
0
0
0
0
-1
0
1
0
0
0
0
-1
0
-1
-1
0
0
0
0
1
0
0
0
0
0
0
0
0
1
1
0
1
-1
0
0
0
0
0
0
0
0
0
0
0
0
0
0
0
0
0
0
0
0
0
0
0
0
0
0
0
0
-1
1
0
1
0
0
1
0
0
0
0
0
1
-1
0
0
0
0
0
1
0
0
-1
0
0
0
-1
1
0
0
1
-1
-1
0
0
0
0
0
0
0
0
0
0
0
0
0
0
0
1
0
0
0
0
1
0
-1
-1
0
0
0
-1
0
0
0
0
0
-1
0
0
0
0
-1
0
0
0
0
0
0
0
0
0
0
0
0
0
0
-1
0
0
0
0
0
0
0
0
0
1
0
-1
0
0
0
0
0
0
0
0
0
0
0
0
0
0
0
0
0
0
0
-1
0
0
0
0
0
0
0
0
0
0
0
0
0
1
0
0
0
0
0
0
0
1
0
0
0
1
1
0
0
0
-1
1
1
0
0
0
0
0
0
0
1
0
0
0
1
0
0
0
0
0
-1
0
0
0
0
0
0
0
0
0
0
-1
-1
-1
0
0
0
0
-1
0
0
0
0
0
0
0
0
0
1
0
1
0
0
0
0
0
0
1
-1
0
1
-1
0
0
0
0
0
0
0
-1
0
0
0
-1
0
-1
0
0
0
0
0
-1
0
0
0
0
0
0
-1
0
0
0
0
0
0
0
0
-1
-1
0
0
0
0
0
1
0
0
0
0
0
-1
0
0
0
0
0
0
0
0
0
1
0
1
0
0
1
-1
1
0
0
0
-1
-1
0
0
0
-1
0
-1
0
0
0
-1
0
0
0
0
1
0
0
0
0
0
0
1
0
1
0
0
0
0
0
0
1
0
0
0
1
1
0
0
0
0
0
0
0
0
-1
1
0
0
0
0
0
0
0
1
0
0
-1
0
0
0
-1
-1
0
0
1
0
-1
0
0
0
0
0
0
-1
-1
0
0
-1
1
0
1
0
0
0
0
0
0
1
0
0
0
-1
0
0
0
0
0
1
-1
0
0
0
0
0
0
0
0
0
1
0
0
0
0
0
0
-1
0
0
0
0
0
-1
0
0
0
0
0
0
0
0
1
0
0
-1
1
0
0
-1
-1
0
0
0
1
-1
0
0
0
-1
1
0
0
0
1
-1
0
0
0
0
0
0
0
0
0
0
0
-1
0
0
0
0
0
0
0
0
0
0
1
-1
0
0
-1
1
0
0
-1
0
0
0
0
0
0
0
0
0
0
0
-1
0
0
0
0
0
0
0
-1
0
0
0
-1
0
0
-1
-1
0
0
0
0
0
1
1
-1
0
-1
0
0
0
0
0
0
0
0
1
0
0
0
0
-1
1
0
0
1
0
0
0
0
0
1
1
0
0
0
0
0
-1
0
-1
1
0
1
0
0
1
0
0
1
0
0
0
1
-1
-1
1
0
0
0
-1
0
0
1
0
0
0
0
0
0
-1
0
0
0
-1
0
0
1
1
-1
0
0
0
0
0
0
0
0
0
-1
1
0
0
1
0
0
0
0
1
-1
0
0
0
0
-1
1
0
0
-1
0
0
0
0
0
-1
0
-1
1
0
0
1
0
0
0
0
0
0
0
0
-1
0
0
0
1
0
1
0
0
0
0
-1
0
0
1
1
0
0
0
-1
-1
0
0
0
-1
0
0
1
0
1
0
0
1
0
0
1
0
0
0
0
0
0
0
0
0
0
0
-1
1
0
0
0
0
0
0
0
0
0
0
-1
0
-1
0
0
0
0
0
-1
0
0
0
0
0
0
0
0
0
0
0
0
0
-1
1
1
-1
0
0
0
0
0
0
0
0
0
0
0
0
0
-1
0
0
0
0
0
0
0
0
-1
0
0
0
0
-1
0
-1
0
0
0
0
0
-1
0
0
-1
0
0
0
1
0
0
0
0
0
0
1
0
0
0
0
0
1
0
0
0
1
1
0
0
0
0
0
0
0
0
1
1
1
0
0
-1
0
0
0
-1
-1
0
0
0
0
0
0
0
0
0
0
0
0
0
0
0
0
0
0
0
0
0
1
1
1
0
-1
0
0
0
0
0
0
1
-1
-1
0
0
0
0
0
1
0
-1
0
0
0
0
0
0
0
0
-1
0
0
0
0
1
0
0
0
0
0
-1
1
1
0
0
0
0
1
0
0
0
0
0
0
0
0
0
0
0
0
1
0
0
0
0
0
0
1
0
0
0
0
0
0
0
0
0
0
1
0
-1
0
0
0
0
-1
0
0
0
0
0
0
-1
0
0
-1
0
0
0
-1
1
0
0
0
0
0
0
0
0
0
0
0
0
0
-1
0
-1
0
0
0
0
0
0
0
0
0
1
0
0
0
0
0
0
0
0
0
0
0
1
0
0
0
0
0
0
0
0
0
-1
0
0
1
0
0
0
0
0
0
0
1
0
0
0
0
0
0
-1
0
1
0
0
0
0
0
0
0
0
-1
0
0
0
0
0
0
0
0
1
0
-1
0
1
0
0
-1
0
0
0
0
-1
0
0
0
0
1
0
0
0
0
0
0
0
0
-1
0
0
0
0
0
0
0
0
0
1
0
0
0
0
0
1
0
0
1
0
1
-1
0
0
0
0
0
0
0
0
-1
0
-1
-1
0
0
0
0
0
0
0
0
0
0
-1
0
-1
0
0
0
0
0
0
-1
0
0
0
0
0
0
0
0
0
0
0
0
0
0
0
0
0
1
1
0
-1
0
0
0
0
0
0
0
0
0
0
0
0
0
0
0
0
1
0
0
0
0
0
1
0
0
0
0
0
0
0
-1
-1
0
0
0
0
0
-1
-1
0
0
0
-1
1
0
0
-1
0
0
0
0
0
0
0
0
0
0
0
0
0
0
0
0
0
0
0
0
0
0
0
0
0
0
1
0
0
-1
-1
0
0
0
0
-1
0
0
1
0
0
0
0
0
1
0
1
0
0
0
-1
1
0
0
0
0
0
0
0
0
1
0
0
1
0
0
0
0
-1
0
-1
0
0
0
0
0
0
0
0
0
0
0
0
-1
0
-1
0
0
0
0
1
0
0
0
0
0
0
0
1
0
1
-1
1
-1
-1
0
-1
1
-1
2
-1
1
0
0
0
-1
0
-1
2
-1
1
0
1
0
-1
-1
-2
0
-1
1
0
2
1
1
0
0
0
-2
0
-1
1
1
2
1
1
1
-1
0
-3
-1
-2
0
-1
1
0
1
0
-1
0
-2
1
-2
0
-1
0
1
-2
2
-1
1
-2
2
-1
0
0
-1
1
-2
2
-2
1
-1
2
0
0
1
-1
1
-1
0
1
0
0
0
2
0
1
-2
0
-1
1
1
1
1
1
1
-1
1
-3
0
-2
1
0
1
1
2
2
1
1
-3
0
-4
0
-1
0
1
1
2
2
3
0
1
-1
0
-3
-2
-1
-1
1
-1
3
-1
5
-1
2
-2
-1
-1
-3
2
-2
0
-1
2
2
1
0
0
1
-2
2
-4
1
-2
0
0
1
0
-1
1
0
3
-2
3
-2
0
-1
2
-1
-2
1
0
1
-2
4
-4
-1
1
-2
-2
5
-2
5
1
0
-2
1
-1
-1
0
-8
2
-4
6
2
3
-3
2
2
1
-1
-4
-2
-4
5
-4
5
-1
1
-3
6
-1
-2
6
-5
-2
4
-3
0
1
1
1
-1
-1
-2
2
0
-1
-10
7
-2
6
8
-3
1
6
-9
4
-9
-6
5
-5
11
-2
4
-3
2
-5
0
5
-6
-3
3
-1
-2
6
-2
-2
10
-9
1
-1
-4
1
5
4
-5
4
3
-1
3
-7
-1
1
-3
3
8
-4
-3
7
-13
9
-2
-2
-1
2
3
4
3
-10
0
6
0
-4
0
-11
21
-10
8
1
-7
5
-6
18
-24
18
-17
-1
7
-10
11
3
-3
3
-1
1
5
-1
6
-17
6
-9
-8
16
-9
4
-1
9
-2
7
-9
-2
0
-7
11
0
-6
2
4
-9
15
-10
6
0
-8
5
-4
-4
1
5
-13
14
2
-6
20
-19
9
5
-4
-3
-10
0
5
12
-19
9
-7
1
16
-1
-10
7
-6
12
-4
-23
18
-11
7
11
-4
-13
7
5
-4
4
-10
-6
19
-12
1
6
-6
4
13
0
-4
5
-18
12
-9
-1
-2
-3
-3
4
-3
1
11
-5
-2
16
-18
-3
6
8
1
-3
3
-2
1
4
-2
5
-7
-14
13
0
-18
27
-4
-3
-6
-9
7
-8
12
-2
-8
-11
25
-6
20
-6
-21
21
-26
2
14
1
-17
6
13
-10
-1
23
8
-27
18
-9
-9
3
-2
-13
-4
-15
9
20
3
-9
-3
8
-7
2
9
12
-23
8
6
-1
2
0
-13
0
3
-14
24
-18
23
-11
-7
11
-17
6
-1
-5
14
1
9
-5
-13
2
-8
16
-11
13
12
-19
21
-12
-5
-5
-7
2
8
-20
10
5
-12
36
-30
17
-19
13
-20
13
8
-20
32
-9
17
-7
0
-4
-8
-23
-7
2
11
-10
11
13
-18
27
-29
41
-29
3
21
10
6
-19
-2
-22
10
-5
5
-8
4
-17
25
-18
9
10
-8
-10
-3
2
-21
32
-8
24
-27
17
-7
19
-10
-11
27
-39
17
0
13
11
-16
25
-20
-25
15
-8
-3
-5
4
-13
16
-28
13
17
-12
9
-4
1
-9
6
4
14
-52
44
-10
21
-4
1
7
-16
28
-14
9
-33
-15
18
22
-27
21
-13
-26
20
4
-4
-8
12
-22
20
6
-30
25
-23
34
-19
31
-2
-20
17
-29
8
-12
-2
1
34
7
-9
21
-20
7
-1
16
-14
-33
-2
-16
16
-30
29
-13
20
3
7
11
-10
4
-2
21
-35
24
-19
1
8
-33
19
16
-20
7
-7
16
-5
11
-4
5
-5
-37
23
-31
17
21
-12
31
-12
20
10
-1
1
-29
2
-29
-10
10
-12
21
7
-9
25
13
-32
4
-5
-18
19
-19
19
-17
9
7
21
-9
-2
10
-11
25
0
-6
-6
-35
7
37
-5
2
-12
-8
-3
4
-14
23
-40
19
-2
-31
34
-10
52
-20
6
-9
-18
-16
10
11
-27
22
14
-6
28
-9
11
-13
-2
-13
-8
6
-31
35
-48
49
-18
7
-3
5
26
-26
33
-47
8
-24
11
0
-19
12
14
21
-5
33
-40
55
-17
-43
31
-65
18
-10
32
8
-4
21
0
18
-42
51
-59
-20
-43
3
19
-18
68
-1
57
-2
21
7
-28
-44
-32
-25
-5
-13
-9
28
9
24
32
18
-4
-5
-4
-5
-28
-28
-1
19
8
14
27
-2
-19
-7
11
-24
-7
11
6
-5
-13
0
-19
-14
-4
34
25
16
27
39
-11
-2
-15
-30
-26
-22
-30
4
-19
-3
16
33
-7
25
14
17
-3
13
5
-73
20
-30
24
9
14
14
-22
30
31
9
-9
-5
-37
-16
-34
-16
6
-21
-18
7
-12
45
36
11
13
-1
3
16
14
-7
-6
-66
16
-3
-6
39
0
-5
11
10
-14
-19
-18
-9
0
20
1
26
-17
5
19
-28
12
-25
-10
-9
37
-8
14
-24
-30
17
22
12
19
-26
-11
22
2
36
-32
-13
-45
14
35
-25
7
-39
39
16
9
-8
-6
-16
18
47
-32
-25
-11
-2
35
-20
9
-29
3
11
33
7
-38
39
-58
13
11
-42
21
-10
37
16
-8
4
-13
24
-61
14
-4
-27
38
-5
4
30
-2
27
9
-7
-23
0
-34
17
-23
8
15
-20
35
-31
20
-28
41
-32
26
-25
-5
-14
-48
43
5
5
24
27
-8
40
19
-15
-8
-59
-20
-25
-19
38
-18
80
-12
37
-38
-36
20
-40
41
-34
27
-25
24
22
-48
20
-17
-52
67
-4
29
0
4
54
-42
7
-27
-34
17
6
-14
-9
21
28
10
19
-41
-11
-43
-4
-9
-31
12
21
57
5
62
-44
-17
18
-28
-8
9
-36
-24
12
24
33
-24
48
-2
24
8
-49
-1
-56
-5
2
32
1
8
-6
-5
18
16
31
-21
-19
-33
-11
-22
34
-32
23
-4
10
38
44
16
-12
-15
-42
-27
4
0
-17
17
-18
22
38
-2
-10
23
-48
28
-44
1
-39
20
30
-15
23
-12
57
-10
40
-20
-37
-12
-29
40
-19
-25
28
-13
30
18
19
-52
-4
-21
-10
2
-21
28
-11
15
22
80
-28
-3
-5
-21
-10
-39
10
-27
10
53
0
-20
-14
18
-8
-11
5
-15
10
15
-4
8
37
-37
16
-2
-12
-6
-13
31
-46
15
-38
30
11
31
15
6
3
-47
-20
-9
-1
2
11
-3
20
-5
29
24
-20
-37
22
5
10
-14
-15
18
-45
14
-32
8
-39
38
44
22
22
-59
22
-7
-4
10
-28
-8
-26
33
37
-10
12
-55
22
9
25
13
11
9
16
-11
-23
-25
-62
19
-46
17
9
35
-18
51
22
-77
44
-39
-1
0
-26
10
36
14
34
20
-8
22
18
0
-53
-54
-52
9
40
1
58
-43
-7
-7
5
-9
5
2
-25
69
-6
31
5
1
-43
-22
-30
-15
24
-44
37
5
59
23
3
-2
1
-23
-13
13
-97
-15
55
-24
14
24
18
0
35
-16
-5
-26
-7
44
-38
-28
-18
19
21
36
-8
12
13
19
34
-18
-87
-7
-12
6
23
-73
-27
25
49
31
41
6
22
20
-15
-14
-52
-69
21
-14
42
35
-21
22
32
28
-12
-50
-46
-29
-51
1
38
-12
21
13
69
64
-25
23
-28
-31
-90
48
18
-22
4
40
27
37
-18
21
-35
-44
-34
-33
-27
-26
3
30
2
70
54
-34
-18
3
64
-17
-39
-29
4
-7
46
-12
-22
19
27
37
21
-42
-63
-28
-61
29
43
0
-15
24
77
28
-24
-34
-68
-56
17
12
14
5
66
51
43
42
-66
-36
-46
-58
-43
-46
40
40
62
39
1
5
-42
32
-13
5
-45
15
0
-65
41
1
-32
45
-43
39
44
30
25
-1
-21
-104
13
-25
0
-4
24
57
-4
37
19
-68
-17
-31
-19
16
11
37
25
-25
-18
10
24
-17
-22
-7
7
34
-28
42
-25
19
-48
33
-46
-17
21
2
65
-43
79
9
9
-36
-50
-3
-42
-40
-33
40
5
29
49
-8
37
-34
20
16
-34
-21
10
6
-27
44
-75
79
-15
-11
31
-20
44
-4
0
-48
-3
-42
-14
33
-32
-5
17
33
16
-6
-4
31
-15
-32
22
-1
-5
29
15
0
15
-26
-22
2
13
-6
-35
-16
-16
45
13
-21
-12
4
17
35
8
-29
-24
30
16
10
-28
-28
-11
31
25
23
-50
-46
-2
4
21
9
-4
1
10
31
34
-70
-9
8
8
34
-18
35
-16
21
-44
-11
-29
52
-47
11
-2
-27
15
14
43
5
-2
0
-21
19
-6
-25
19
-80
-16
-29
99
-4
19
36
46
-11
9
-6
-61
-22
-68
35
-11
11
-13
46
39
6
11
-30
-1
-63
-1
3
-15
77
-43
59
-3
4
38
-76
23
-106
29
14
39
4
33
-4
-5
19
-64
-36
-15
-37
44
68
19
46
-28
73
-23
-22
-1
-47
-68
-29
43
35
-17
18
15
72
-18
23
-41
-95
-38
-11
38
-15
74
14
50
27
-20
19
-72
-39
0
-58
5
8
58
50
-19
20
-20
21
3
-26
-49
-34
45
-28
34
6
-17
9
15
14
-68
16
-15
17
41
-28
-33
42
38
40
-21
-8
12
-30
35
-4
-62
-10
11
53
-4
-8
-14
10
-6
-19
17
-37
-33
-8
37
4
7
-33
23
-27
9
23
39
27
-22
46
-4
-5
-32
-15
-27
-23
40
0
44
6
-20
20
-48
-21
-35
-44
-28
24
44
24
21
48
16
5
-17
25
-44
-11
35
-7
-8
-37
50
14
-33
7
-1
-13
-5
21
-11
9
-12
-22
-39
-3
0
23
20
8
-14
-27
14
-25
-29
-13
31
27
28
27
-2
5
0
-4
-11
-51
-12
10
18
-8
1
23
9
12
-27
-15
-48
-20
-5
-3
20
48
51
45
23
40
6
6
-21
-4
-25
-3
-19
-21
-19
20
36
31
28
2
-31
-66
-7
-79
-51
-7
7
18
50
51
-3
24
-10
-34
-48
-36
-46
-14
-12
-32
31
39
31
47
10
11
24
54
75
41
16
36
60
43
13
-1
-7
-43
-62
-35
-84
-103
-67
-62
-51
-95
-62
-64
-18
-5
31
26
51
27
95
94
83
91
69
82
84
84
78
52
15
27
43
-23
-23
-40
-46
-68
-50
-61
-43
-17
-28
3
6
34
38
-9
36
25
-11
9
-11
-28
15
56
59
33
11
35
55
-4
-6
-7
-80
-99
-39
-23
-45
-43
-72
-85
-73
-49
-58
-66
-78
-36
-25
-21
-23
16
36
64
65
67
68
74
63
53
53
2
-16
-67
-58
-71
-4
14
-9
-18
-38
-8
77
71
6
-82
-51
-25
-2
7
-22
-27
1
51
40
38
14
-17
19
-11
-19
-20
21
-43
-43
-91
-78
-28
-26
12
-27
22
49
126
93
105
44
50
43
74
86
60
46
42
67
55
38
-13
-52
-60
-72
-55
-84
-59
-50
-59
-34
-49
-40
-31
-10
-33
-28
-33
9
39
35
61
74
92
93
113
88
93
91
115
97
82
34
14
-2
-2
-19
-44
-100
-142
-147
-146
-146
-134
-127
-108
-89
-65
-26
-13
7
8
-6
-4
22
31
26
22
15
31
32
20
8
9
-3
-22
-52
-72
-77
-91
-101
-96
-92
-64
-32
9
39
54
80
104
113
119
117
98
107
114
110
111
90
57
36
-10
-62
-102
-157
-214
-261
-297
-300
-287
-283
-252
-230
-176
-109
-29
41
114
180
261
346
408
444
460
454
444
410
372
282
201
122
5
-115
-211
-322
-406
-435
-482
-498
-524
-514
-469
-387
-311
-231
-149
-56
83
188
274
347
419
493
518
503
459
399
325
222
70
-99
-260
-440
-602
-789
-920
-1037
-1096
-1152
-1196
-1227
-1215
-1106
-966
-730
-462
-167
182
557
914
1248
1503
1655
1700
1621
1450
1198
885
515
142
-247
-545
-734
-845
-899
-906
-873
-822
-779
-725
-709
-680
-616
-512
-317
-40
335
810
1354
1944
2473
2934
3270
3444
3403
3138
2658
2030
1310
566
-179
-833
-1330
-1684
-1840
-1827
-1685
-1467
-1134
-824
-509
-200
72
363
645
890
1079
1302
1458
1565
1601
1526
1342
1036
642
143
-407
-975
-1535
-2053
-2582
-3116
-3567
-3880
-4118
-4287
-4470
-4649
-4840
-5074
-5217
-5155
-4879
-4442
-4032
-3660
-3113
-2048
-269
1740
3491
4716
5747
6779
7765
8401
8274
7367
5974
4531
3131
1744
389
-908
-1954
-2697
-3037
-3063
-2862
-2513
-2244
-2274
-2620
-3012
-3138
-3002
-2743
-2436
-1924
-953
651
2736
4851
6732
8134
9072
9468
9345
8529
6968
4718
2152
-313
-2426
-4052
-5143
-5575
-5423
-4662
-3420
-1850
-228
1263
2417
3199
3620
3803
3835
3713
3493
3160
2814
2518
2203
1774
1238
509
-352
-1397
-2576
-3776
-4900
-5915
-6707
-7297
-7762
-8140
-8554
-8914
-9173
-9296
-9424
-9708
-10407
-11099
-10875
-8717
-4846
-580
3205
6485
10056
13963
17397
19036
18367
15758
12234
8519
4859
1244
-2238
-5174
-7094
-7829
-7508
-6455
-4888
-3147
-1967
-1829
-2625
-3577
-4277
-4784
-5489
-6168
-5979
-4216
-829
3469
7690
11097
13674
15452
16378
16096
14088
10464
5755
905
-3436
-6854
-9311
-10743
-11103
-10304
-8367
-5812
-2991
-415
1742
3174
4051
4655
5178
5648
6034
6269
6479
6803
7309
7674
7445
6488
4841
2773
479
-1759
-3932
-5840
-7404
-8427
-8757
-8458
-7850
-7167
-6737
-6754
-7263
-8245
-9368
-10467
-11276
-11836
-12246
-12777
-13088
-12065
-8547
-2822
3319
8226
11810
15111
18579
21564
22329
20231
15664
10341
5294
909
-3114
-6882
-10043
-12141
-12547
-11648
-9666
-7210
-4469
-2244
-1184
-1329
-1946
-2072
-1946
-1843
-2012
-1425
805
4999
10306
15163
18540
19985
20045
18650
15881
11111
4573
-2898
-10082
-15940
-20039
-21964
-21795
-19363
-15283
-9744
-3528
2718
8157
12325
14893
15901
15652
14389
12774
10876
9034
7291
5938
4983
4375
3637
2530
1023
-881
-2831
-4893
-6865
-8703
-10037
-10679
-10606
-9950
-8820
-7449
-6160
-5172
-4552
-4257
-4390
-4974
-5824
-6639
-7190
-7393
-7403
-7621
-8246
-8637
-7400
-3617
1538
5969
8531
10271
12391
15087
16977
16447
13230
8420
3868
145
-2940
-6241
-9562
-12294
-13392
-12639
-10526
-7663
-4478
-1021
1842
3589
4126
4374
4668
4825
4417
3695
3825
5569
9003
12468
14506
14289
12607
10099
6948
2765
-3049
-9563
-15667
-19738
-21624
-21255
-18926
-14521
-8583
-1694
5644
12471
17990
21233
22410
21436
18960
15273
11167
7053
3303
248
-1956
-3067
-3388
-3024
-2766
-2817
-3281
-3794
-4508
-5477
-6661
-7734
-8328
-8334
-7596
-6401
-4746
-3151
-1776
-875
-391
-468
-1132
-2354
-4110
-5851
-7165
-8007
-8843
-10141
-12111
-13796
-13262
-9106
-2836
2961
6684
9688
13449
18073
21566
21725
18031
11831
5572
-31
-4795
-9786
-14327
-17756
-18691
-16736
-12410
-6619
-440
5648
10175
12597
12740
11920
10446
8084
4633
801
-1390
-912
2360
6010
8369
8452
7311
5815
3962
771
-4555
-10705
-16343
-19383
-19945
-17513
-12835
-6346
734
8050
15338
21397
25312
26047
24023
19346
13424
7116
1520
-3228
-6724
-9015
-9802
-8930
-6577
-3501
-1188
-5
126
-114
-963
-2221
-3816
-5258
-6332
-6735
-5997
-4378
-2366
-761
322
451
-173
-1247
-2554
-4112
-6228
-8482
-10446
-11439
-11471
-10952
-11033
-12282
-13681
-12726
-7337
822
8466
13070
15716
18564
22480
25783
25129
19347
9477
-471
-8314
-13531
-17751
-21670
-24089
-23324
-17994
-9596
-104
8025
14568
18685
20015
18284
14206
9240
3620
-1696
-6418
-8504
-7537
-3093
2566
7168
9373
9186
8182
6054
2778
-3031
-9832
-16301
-19774
-19725
-16058
-9518
-1695
6476
14018
21345
26647
28613
26132
20512
12779
4342
-3455
-9313
-12994
-14559
-13881
-10986
-6036
-473
4769
7895
8719
7598
5553
2499
-1511
-5710
-9270
-11359
-11961
-10305
-6952
-2927
276
2496
3711
3889
2951
981
-1841
-5380
-8598
-11033
-12170
-12383
-11757
-11102
-11015
-11931
-12812
-11451
-5923
2724
10922
15797
17901
20182
23573
26184
23999
15982
3729
-7830
-15857
-20112
-22722
-24891
-24922
-21019
-12024
-628
10330
17963
22597
24315
23090
18483
10972
2874
-4989
-10815
-14581
-14684
-11333
-4559
3627
10445
14157
14276
12717
9368
4717
-2422
-10429
-17625
-21268
-20541
-16496
-10388
-3585
4669
13362
21604
26714
28119
25420
19862
12694
5006
-2316
-9174
-14143
-16490
-15119
-11203
-5717
-401
3897
6690
7939
7823
5861
2493
-1953
-6318
-9800
-11179
-10359
-7898
-4809
-1670
1588
4358
6442
7018
5990
3170
-750
-4710
-8006
-10517
-12611
-14008
-14705
-14201
-12820
-10943
-10005
-10739
-11328
-8348
11
10304
17968
20555
20851
21578
23376
23064
17354
6037
-7261
-17072
-21601
-21527
-20213
-18233
-14942
-8443
1174
11254
18622
21360
20905
17627
12453
5102
-2394
-8697
-12892
-14412
-13353
-9108
-2504
6286
14113
18348
17314
13029
7818
2420
-3668
-11062
-17811
-22329
-21668
-16432
-8293
-224
6904
13497
19368
23530
24120
21167
15168
8261
1411
-4256
-8659
-11259
-11577
-9702
-6167
-2277
1386
4029
5559
5747
4948
3161
533
-2306
-4590
-5617
-5536
-4420
-2876
-1129
451
1916
3163
3620
2915
899
-1755
-4462
-6567
-8062
-9203
-10186
-10935
-11215
-10758
-9585
-8040
-6623
-5687
-5425
-6178
-7385
-6900
-1965
6504
14482
17958
17695
17310
18769
20372
17992
9921
-2115
-12495
-17599
-17299
-15105
-13980
-13503
-11494
-5654
2870
10825
14646
14391
11989
9089
5857
1887
-1906
-5135
-6866
-6823
-4317
425
6584
12459
15411
13934
8654
2725
-2257
-6367
-11133
-16289
-20092
-19886
-14468
-5820
2691
8575
12482
15750
18911
20144
17924
12062
4554
-1788
-5412
-6496
-6532
-5953
-4379
-1162
3140
6992
8938
8328
5660
1997
-1525
-4543
-7224
-9523
-11067
-10867
-8615
-4672
-485
2805
5012
6260
6749
6061
4257
1190
-2856
-7156
-10509
-12142
-12071
-11018
-9542
-7732
-5588
-3109
-895
415
13
-2649
-7356
-11975
-12646
-6989
2402
10421
14130
15454
17542
21289
23659
20862
11138
-2291
-13409
-18694
-18475
-16959
-16142
-15473
-12204
-4818
5109
13549
17383
16984
13955
10346
6030
1739
-2405
-6036
-8164
-7814
-4392
1034
7435
12315
13796
10641
4745
-1379
-6346
-10347
-14189
-17267
-18343
-14956
-7020
3395
12188
17100
18757
18911
17877
14790
8927
894
-6771
-11778
-12601
-9969
-5379
-302
4994
9996
13977
15511
13381
7849
217
-7163
-12991
-16725
-18573
-18200
-15064
-9070
-1178
6781
13035
16548
17395
15867
12239
6662
-348
-7745
-14285
-18731
-20310
-19009
-15641
-11028
-5809
-602
3661
6239
6849
5424
1953
-3180
-9871
-17058
-21802
-19821
-9636
4370
15867
21716
24272
26788
29839
29514
21671
5796
-12481
-25387
-29618
-27515
-24275
-21728
-18530
-11387
358
13466
22512
24642
21609
16438
11362
6041
601
-4876
-9373
-11135
-9064
-3587
3292
9862
13853
13691
8832
1759
-4846
-9748
-13279
-15926
-17101
-15433
-9151
825
11293
18067
19904
18233
15252
11601
6774
328
-6628
-11543
-12549
-9472
-3861
2359
7678
11343
13117
13132
10599
5062
-2663
-10580
-16458
-19193
-18531
-15074
-9767
-3277
4031
11193
16757
19530
19096
15624
9639
2371
-4837
-11211
-16226
-19321
-20100
-18412
-14504
-8895
-2782
2556
6474
8488
8422
6399
3115
-955
-5714
-11367
-17600
-22957
-24231
-17392
-3082
12698
22831
25973
26007
26679
27340
23416
11512
-6728
-23399
-31916
-31056
-25135
-18952
-13614
-7448
1695
13171
23272
27380
24723
18120
10966
4746
-949
-5958
-9973
-11780
-10289
-5314
1348
7802
12526
13718
10307
2877
-5150
-11177
-14365
-15522
-14922
-12354
-6855
1974
12052
19647
21427
17898
11932
6281
1268
-3767
-9300
-13723
-14485
-10581
-3276
4436
10364
13478
13994
12631
9764
4801
-2186
-9736
-15429
-17418
-15731
-11248
-5504
357
6056
11343
15322
16803
15186
11163
5580
-577
-6325
-11196
-14773
-16747
-16841
-15091
-11937
-7567
-2580
1939
5279
7274
7788
6366
3136
-779
-4713
-8878
-13587
-19136
-23874
-23757
-14749
1212
16722
25073
26467
25421
25442
25311
20216
7328
-10784
-25790
-31418
-27514
-19625
-12522
-7078
-1267
6870
16068
22505
22651
17652
11103
5632
1128
-3039
-6334
-7955
-6892
-3334
1632
5962
8814
10060
8711
3694
-4016
-11427
-15963
-16621
-14437
-10236
-4985
1322
8561
15118
18300
16569
10961
4119
-1735
-6016
-8912
-10686
-10351
-6996
-1087
5190
9876
12249
12526
10883
7716
3546
-1237
-6001
-9737
-11269
-10378
-7645
-3986
-143
3362
6395
8645
9699
9173
7300
4666
1514
-2062
-5950
-9583
-12113
-13001
-12467
-10991
-8880
-5998
-2424
1227
4348
6300
6431
4630
1632
-1589
-4764
-8572
-13800
-20050
-24669
-22878
-11576
5814
21309
28997
29488
27495
25940
23288
15297
235
-17180
-29574
-32312
-25970
-15849
-6496
779
6858
12894
18100
20126
17696
12077
5563
-160
-4878
-7846
-8152
-5873
-1971
1795
4355
5633
6532
7045
5290
-243
-8303
-14955
-16945
-13932
-8396
-2916
1437
5743
10740
14957
15924
12328
5597
-1183
-5704
-7640
-7933
-7403
-5593
-2146
2363
6747
9998
11343
10571
8134
5024
1765
-1766
-5183
-7914
-9221
-8902
-7042
-4132
-1049
1654
3839
5493
6442
6678
6099
4438
1632
-1905
-5303
-7817
-9112
-9216
-8556
-7474
-5738
-2874
782
4145
6337
6844
5386
2368
-1085
-4195
-7462
-11830
-17412
-22988
-25341
-20333
-6532
11073
24792
30084
28926
25879
23239
19156
10004
-4689
-20149
-29140
-28358
-19931
-9581
-1221
4134
7503
10097
11442
10417
6939
2823
-336
-2115
-3019
-2801
-932
2118
5082
6391
5459
3190
1354
324
-1571
-5710
-10805
-13732
-12365
-7263
-900
4259
7564
9800
11370
11545
9301
4877
-239
-4357
-6577
-6982
-6115
-4218
-1480
1658
4376
6177
7233
7673
7320
6091
4246
1803
-972
-3613
-5512
-6499
-6613
-5614
-3657
-1183
1349
3572
5080
5701
5527
4751
3331
1152
-1315
-3534
-5171
-6046
-6252
-6216
-6044
-5319
-3558
-1108
1018
2316
2434
1192
-987
-3289
-5460
-8318
-12636
-17928
-22119
-21405
-12320
3733
19950
29223
29879
25922
21637
17782
11522
359
-13915
-25231
-28231
-22658
-13043
-4260
1702
5040
6829
7232
6207
4174
2631
2793
4057
4784
4440
4358
5470
7271
7589
5011
210
-4030
-5380
-4815
-5069
-7663
-10733
-11284
-8011
-2356
2864
5889
6942
7260
7290
6549
4641
2051
-393
-2117
-2985
-3132
-2458
-804
1368
3068
3762
4053
4692
5615
6274
6073
4508
1554
-1776
-4292
-5564
-5835
-5238
-3710
-1463
1106
3556
5303
5779
5039
3605
1959
364
-882
-1703
-2511
-3472
-4266
-4716
-5163
-5727
-5809
-5056
-3846
-2365
-951
-371
-1218
-3181
-5289
-7375
-9901
-13419
-17664
-20075
-16182
-3737
13235
26618
31026
27733
21726
16752
12052
4308
-7570
-19665
-25892
-23565
-15353
-6419
58
3570
5343
6039
5450
3643
1980
2446
5208
8103
8738
7264
5610
5168
5098
3348
-840
-5708
-8161
-7234
-5074
-4646
-6347
-8021
-7479
-4424
-438
2536
4029
4847
5531
5911
5383
4180
2943
2035
1226
107
-1027
-1315
-367
1206
2473
3225
3965
5028
6152
6879
6451
4156
557
-2775
-4651
-4954
-4026
-2327
-423
1069
2035
2329
1755
497
-869
-1780
-1959
-1259
252
1772
2244
1430
-445
-3125
-6211
-8715
-9726
-9211
-7614
-5314
-3012
-1829
-2142
-3408
-5017
-7040
-9899
-13658
-16712
-15284
-5981
9410
23742
30223
27793
20909
14540
9965
4432
-4401
-14726
-21264
-20380
-13345
-4885
967
3321
3526
3134
2248
547
-1104
-612
3117
8326
11623
11177
8309
5412
3632
1802
-1487
-5775
-8687
-8266
-5437
-2923
-2667
-4035
-5238
-4985
-3455
-1517
295
2055
3878
5421
6375
6589
6578
6417
5733
4002
1663
-74
-375
468
1548
2368
2698
2769
2755
2876
2611
1150
-1319
-3574
-4318
-3156
-642
1990
3512
3497
2364
644
-1305
-3076
-4094
-4070
-2922
-787
1839
3952
4412
2662
-1054
-5729
-9992
-12400
-12406
-10369
-7169
-3914
-1642
-1211
-2520
-4698
-6942
-8968
-11155
-13385
-13390
-7325
5800
20900
30006
29042
20745
11359
5361
1992
-2229
-8824
-15038
-16672
-12513
-5271
613
2485
510
-2700
-4726
-4618
-2757
518
5122
10075
13606
14058
11694
8119
4740
1680
-1467
-4375
-5639
-4211
-1282
445
-767
-4020
-7352
-9253
-9495
-8261
-5589
-1602
3039
7086
9854
10998
10830
9601
7513
4811
2249
898
1211
2645
3947
4363
3584
1669
-818
-3066
-4659
-5492
-5290
-3675
-807
2435
5072
6399
6167
4613
2166
-694
-3397
-5255
-5632
-4344
-1869
770
2163
1591
-493
-2889
-4743
-5936
-6626
-6867
-6427
-5201
-3558
-2468
-2764
-4719
-7679
-10533
-12280
-12773
-12570
-11203
-6653
2530
14202
23136
25021
20144
12400
5883
1860
-960
-3849
-6438
-7359
-6209
-3747
-1441
-473
-1511
-4448
-8221
-10814
-9881
-4375
4229
12211
16015
14801
10979
7643
5897
4352
1566
-1811
-3503
-1694
2364
5012
3393
-2131
-8567
-13018
-14297
-12810
-9309
-4474
920
5707
8926
10398
10502
9621
7775
5377
3478
3305
5097
7672
9182
8185
4519
-647
-5296
-7936
-8597
-8073
-6758
-4231
-438
3753
6915
7773
6012
2560
-793
-2543
-2139
-332
1170
1004
-518
-2045
-2937
-3799
-5446
-7662
-8972
-7805
-4128
183
2807
2508
-296
-4168
-7710
-10281
-11848
-12580
-12679
-12344
-11632
-9066
-2486
8062
18291
22555
19026
11107
4336
1605
1564
1137
-755
-2436
-1996
401
2723
2951
383
-4219
-9167
-12619
-13024
-9683
-2868
5603
12645
15303
12832
7552
3018
1382
2076
3211
3780
4434
5931
7192
5921
1123
-5813
-12225
-15979
-16131
-12660
-6584
172
5089
6657
5363
3081
1797
2313
4445
7314
10269
12811
14382
14135
11561
6350
-1075
-8485
-12900
-12783
-9230
-4386
-139
2525
3198
2302
598
-1156
-2025
-1685
-353
1585
4123
6690
7814
6285
2141
-3352
-8513
-11747
-12256
-10327
-7118
-4034
-1863
-771
-564
-1396
-3525
-6627
-9731
-11614
-11595
-10225
-8657
-7845
-6863
-3196
4637
13989
19431
17797
11000
4017
465
135
453
-169
-1019
-591
863
2030
1899
606
-1658
-4694
-8011
-10167
-9226
-4284
3293
9565
11115
7713
2661
-82
973
4154
6984
8350
8971
9532
9158
5996
-305
-7578
-12931
-14691
-13116
-9352
-4734
-539
2071
2202
303
-1964
-2522
-325
4361
10190
15290
18120
17929
15021
10065
3885
-2465
-7538
-9733
-8608
-5271
-1703
707
1406
455
-1573
-3806
-5171
-4982
-3178
-377
2773
5729
7534
7136
4239
188
-3197
-4926
-5325
-5540
-6093
-6721
-6754
-6288
-5905
-6164
-6913
-7706
-7906
-7090
-5638
-4687
-5236
-7338
-9741
-9265
-3230
7349
16870
20008
15879
8444
2553
280
27
-719
-2200
-2854
-1438
1173
3336
3780
2197
-1010
-4836
-7874
-8424
-5399
335
5903
7844
5236
269
-3146
-2748
791
5129
8557
10801
12278
12747
10763
5370
-2453
-9637
-13494
-13024
-9383
-4608
-468
1662
1087
-1892
-5339
-6726
-4294
1277
7717
12761
15556
16067
14390
10872
6251
1553
-2213
-3880
-3018
-732
1012
865
-1141
-3866
-6067
-7023
-6800
-5393
-2909
75
2391
3336
3050
1872
261
-1227
-1762
-1203
-163
434
-1
-1454
-3570
-6064
-8654
-10830
-11729
-10932
-9026
-7038
-5575
-5029
-5742
-7604
-9678
-9235
-3624
6754
16791
20781
17320
9870
3391
424
148
173
-485
-1231
-1203
-563
-112
-390
-1721
-3638
-5281
-5513
-3604
158
4507
7347
6965
2949
-2646
-6614
-6440
-2043
4640
11062
14894
15402
12769
7983
2051
-3496
-7358
-8785
-7358
-3756
472
2932
2195
-1764
-6861
-9982
-9174
-4680
1550
7631
11953
13830
13168
10512
6477
2176
-711
-986
1425
5025
7624
7319
4047
-536
-4709
-7467
-8663
-8255
-6512
-4011
-1504
143
503
-454
-2070
-3510
-3985
-3187
-1518
216
1161
1193
554
-512
-2082
-3914
-5581
-6772
-7666
-8556
-9542
-10487
-11266
-12013
-12836
-12442
-8082
987
11653
18169
17730
12076
5843
2748
3165
5412
7143
7463
5823
2533
-1639
-5305
-7364
-7976
-7503
-6666
-4930
-1943
2143
5645
6268
2955
-2870
-7336
-7414
-2661
4525
11425
15862
16817
14326
9399
3601
-1476
-4519
-5309
-4261
-1983
579
1918
1004
-1980
-5846
-8827
-9471
-7050
-2340
3156
7796
10421
10746
9072
6303
3315
1387
1153
2561
4764
6530
7036
5789
3147
-75
-2933
-4784
-5428
-5094
-4460
-4188
-4708
-5708
-6496
-6470
-5637
-4450
-3029
-1679
-719
-649
-1228
-1776
-1792
-1151
-515
-387
-1097
-2513
-4630
-7144
-9760
-12134
-14182
-14976
-12080
-4485
5548
12448
13155
8778
3848
1984
3320
6223
8682
10544
10818
9063
5034
-45
-4429
-7327
-8122
-7466
-5458
-3031
-786
614
449
-1440
-4660
-7146
-7045
-3593
2102
8224
12889
14996
14343
11276
6968
2862
625
354
1269
2038
1846
506
-1849
-4493
-6930
-8282
-8003
-5776
-2208
1658
4845
6353
6271
5294
4435
4182
4590
5400
6082
6454
6264
5253
3244
770
-1366
-2713
-3096
-2714
-1862
-1245
-1464
-2835
-4999
-7073
-8437
-8737
-8136
-6703
-5121
-3903
-3378
-3440
-3629
-3822
-3818
-3709
-3152
-2591
-2441
-3346
-5232
-7595
-9015
-6784
-732
6500
9774
7746
2739
-1053
-1127
1427
4985
7544
9261
9143
7087
3745
481
-1655
-3479
-4865
-5631
-4442
-1509
1632
2863
1114
-2811
-6960
-8851
-7259
-2780
2542
6834
9054
9217
7949
6212
4509
3272
2959
3621
4912
6009
6292
5000
1906
-2340
-6452
-8638
-8240
-5647
-2489
-30
1343
1758
2012
2335
3054
4048
5278
6682
8101
9435
9839
8615
5603
2002
-753
-2112
-2433
-2565
-2793
-3461
-4580
-6008
-7164
-7241
-6369
-5467
-5328
-5537
-5427
-5106
-5316
-6358
-7555
-7983
-7196
-5697
-4282
-3421
-3775
-5413
-7640
-7557
-3182
4297
10475
11444
8107
3660
1931
2935
5134
6343
6058
4929
3160
1565
-23
-1060
-2127
-3202
-3848
-3672
-2122
-54
1680
1759
-130
-3178
-5569
-5480
-3015
645
3701
5645
6446
6550
6407
5870
4901
3520
2178
1239
1245
2167
3242
3165
1484
-1147
-3446
-4083
-3103
-1312
19
636
668
613
730
1059
1678
2514
3701
4956
6325
7606
8430
8200
6670
4320
1848
27
-903
-1152
-1152
-1558
-2734
-4679
-6756
-8316
-9245
-9564
-9291
-8098
-6409
-5020
-4673
-5332
-6376
-7279
-7740
-7955
-7797
-7529
-7274
-7305
-5968
-1480
5428
11319
12382
9016
4173
1860
2957
5801
8075
8546
7714
5519
2920
232
-1850
-3299
-4352
-4755
-4731
-3939
-2886
-1922
-1514
-1778
-2600
-3520
-3505
-2134
593
3753
6576
8212
8366
7490
6135
4821
3613
2634
1978
1707
1772
1772
1256
164
-1255
-2695
-4005
-4857
-4835
-3789
-1854
370
2332
3485
3895
3948
4187
4895
5932
6922
7357
7215
6553
5636
4558
3401
2185
922
-297
-1254
-2112
-3150
-4717
-6574
-7954
-8428
-8071
-7607
-7350
-7529
-8087
-8656
-9064
-8971
-8488
-8013
-7888
-8357
-8738
-8943
-7504
-3355
2981
8789
10486
8340
4664
3510
5527
9077
11567
11699
10448
8008
5376
2484
319
-1074
-2186
-3279
-4788
-5929
-6605
-6567
-6233
-6210
-6354
-6335
-5321
-3360
-679
2128
4528
6426
7650
8377
8506
8082
7465
6869
6388
5945
5582
5054
3992
2149
-545
-3582
-6136
-7491
-7633
-6802
-5267
-3602
-2397
-1652
-997
109
1817
3878
5877
7623
9232
10431
10782
10069
8844
7615
6434
5109
3448
1512
-612
-2718
-4803
-6488
-7448
-7837
-8212
-9118
-10234
-11203
-11541
-11278
-10780
-10363
-10363
-10485
-10423
-9898
-9068
-8056
-5668
-1032
5015
9380
9553
6538
3473
3419
6293
10087
12588
12896
11453
8680
5519
2494
375
-905
-1565
-1940
-2619
-3519
-4800
-5788
-6278
-6431
-6567
-6795
-6247
-4879
-2832
-936
562
1775
2969
4549
6019
7403
8625
9687
10113
9666
8758
7668
6364
4367
1617
-1296
-3449
-4395
-4546
-4510
-4611
-4988
-5423
-5481
-4661
-2902
-706
1471
3348
4944
6145
6636
6508
6308
6808
8056
9200
9318
8020
5654
2655
-288
-2544
-3681
-3919
-4231
-5514
-7955
-10598
-12506
-13499
-14052
-14326
-14279
-13818
-13180
-12620
-12026
-11219
-8754
-3944
2463
7671
9269
7944
5899
5882
7885
10727
12774
13287
12449
9856
6407
2839
674
-166
-516
-902
-1793
-2660
-3766
-4778
-5561
-6034
-6139
-6531
-7004
-7309
-6501
-4203
-1078
1820
3526
4576
5368
6076
6508
6692
6959
7272
7459
7422
7348
6936
5567
2897
-216
-2406
-3049
-2456
-1603
-1283
-2007
-3424
-4668
-4774
-3362
-1003
1334
2878
3872
4656
5403
5898
6160
6457
6737
6785
6207
5022
3251
1342
-307
-1370
-1770
-2153
-3103
-5073
-7508
-9637
-11079
-11841
-12081
-12050
-12328
-13266
-14670
-15661
-15570
-13185
-7982
-1079
4712
6660
5369
3302
3612
6779
11095
14428
15488
14590
11942
8747
5680
3666
2589
1734
809
-835
-2769
-4794
-6265
-6926
-7139
-7213
-7572
-7726
-7516
-6480
-4549
-1879
934
2885
3934
4340
4724
5283
5873
6500
6940
7330
7723
8228
8238
6840
3923
539
-1667
-2014
-1023
-30
-112
-1672
-3945
-5658
-5786
-4231
-1789
550
2222
3246
3969
4588
5124
5825
6678
7360
7422
6643
5289
3668
2083
823
-121
-738
-1400
-2492
-4395
-6910
-9266
-10881
-11644
-11908
-11906
-12133
-12837
-14027
-15214
-15616
-13816
-8830
-2011
3480
4904
3158
1292
2198
6015
10476
13464
14041
13057
10937
8526
6271
4780
4075
3519
2878
1626
85
-1888
-4052
-5810
-6931
-7194
-7224
-7169
-7171
-6996
-6225
-4647
-2523
-528
1081
2154
2921
3568
4385
5490
6645
7707
8567
9139
9057
7774
5523
3184
1790
1654
2021
1899
555
-1717
-3980
-5312
-5240
-3955
-1894
55
1387
1911
1911
1929
2317
3367
4812
6139
6612
6028
4621
2967
1825
1341
1291
1204
910
74
-1779
-4416
-7119
-9148
-10636
-11629
-12260
-12448
-12537
-13255
-14643
-15792
-14299
-9651
-3523
847
1821
851
150
1901
5662
10010
13089
13764
12680
10549
8935
7804
7197
6640
5693
4450
2495
388
-1820
-3740
-5213
-6326
-6969
-7481
-7635
-7762
-7454
-6426
-4779
-2949
-1600
-370
517
1035
1175
1483
2682
4599
6889
8492
9227
9029
7913
6217
4442
3562
3596
3837
3295
1532
-784
-2742
-3686
-3693
-2949
-1777
-573
487
1117
1279
927
672
1178
2461
3859
4545
4360
3555
2778
2402
2412
2503
2391
1674
-73
-2587
-4948
-6372
-7107
-7809
-9035
-10536
-11913
-13238
-14600
-15690
-14694
-10792
-5268
-1254
-652
-2078
-3007
-1370
2421
6811
10354
12110
12100
10701
9214
8320
8287
8440
8009
6714
4580
2472
594
-1069
-2756
-4545
-5910
-6722
-6997
-7328
-7759
-7753
-6850
-5161
-3411
-1850
-628
167
569
842
1934
4296
7379
9559
9767
8519
6940
5619
4713
4262
4083
3746
2660
903
-1146
-2714
-3412
-3155
-2211
-1058
25
543
711
609
458
567
1077
2161
3374
4289
4390
3772
3034
2466
2018
1456
994
396
-404
-1506
-3022
-4918
-6948
-8581
-9827
-10778
-11745
-12643
-13274
-12408
-9566
-5633
-2701
-2154
-3034
-3598
-2103
1163
4962
8043
9665
10034
9132
7912
6792
6314
6370
6296
5833
4487
2919
1283
-21
-972
-2045
-3281
-4788
-5917
-6599
-6732
-6456
-6020
-5386
-4662
-3475
-2224
-1198
-523
269
2091
4600
7098
8218
8079
7365
6668
6267
5842
5442
4621
3496
2366
1370
421
-897
-2149
-2966
-2787
-1813
-833
-308
-569
-1010
-1224
-901
65
1211
2029
2330
2401
2581
2816
2769
2389
1838
1324
814
59
-879
-2086
-3620
-5634
-7889
-10023
-11525
-12260
-12082
-10197
-6889
-3342
-1818
-2753
-4496
-4696
-2270
1635
5336
7497
8066
7530
6757
6549
6826
7315
7255
6542
5183
3422
1926
805
255
-250
-1079
-2508
-4251
-5689
-6665
-6947
-6597
-5703
-4676
-3904
-3191
-2537
-1763
-659
970
3024
5139
6735
7355
6965
5975
5060
4562
4539
4576
4386
3714
2706
1379
-149
-1290
-1712
-1394
-927
-755
-815
-1039
-1141
-1199
-1353
-1520
-1493
-948
66
1342
2350
2582
2024
1238
785
626
675
653
247
-740
-2400
-4463
-6634
-8539
-10020
-11173
-11051
-8753
-4796
-1421
-796
-2487
-4433
-4367
-1867
1896
5183
7036
7394
6502
5462
4907
5147
5842
6334
6405
5873
4764
3224
1337
-376
-1832
-2877
-3606
-3895
-4033
-4405
-4903
-5219
-4897
-4394
-3896
-3441
-2542
-745
1341
3184
4101
4577
5018
5439
5777
5421
4628
3633
3198
3267
3222
2763
1765
632
-573
-1423
-1824
-1636
-1018
-446
-185
-489
-1053
-1833
-2551
-2698
-2067
-650
856
1952
2383
2293
1788
739
-376
-974
-754
-210
-120
-970
-2780
-5219
-7710
-9693
-10472
-9096
-6079
-2863
-1498
-2278
-3851
-4516
-3207
-530
2626
5187
6682
6855
5818
4577
3902
4456
5543
6444
6549
5696
4375
2748
1243
-64
-1234
-2359
-3552
-4504
-5087
-5139
-4693
-3975
-3246
-2654
-1663
-392
889
1747
2336
3258
4463
5832
6814
7144
6740
5534
3874
2158
1260
1085
1198
1027
249
-880
-2436
-3760
-4457
-4164
-3074
-2025
-1570
-2018
-2815
-3581
-3696
-2776
-866
1274
2582
2800
2138
1163
525
399
741
1028
765
-416
-2300
-4241
-5977
-7398
-8427
-7761
-5208
-1691
389
-253
-2464
-4298
-3940
-1762
1206
3719
4988
5105
4159
3353
3040
3609
4437
4717
4494
3712
2991
2307
1608
771
-587
-2161
-3686
-4665
-5185
-5252
-4712
-3679
-2247
-1023
59
822
1394
1985
2850
4118
5434
6467
6830
6787
6530
6074
5286
4106
3156
2694
2469
2218
1559
580
-707
-2147
-3362
-4065
-4197
-4129
-4309
-4770
-5312
-5404
-4924
-4011
-2890
-1941
-1250
-743
-182
519
1109
1346
1224
847
226
-745
-1927
-3205
-4283
-5337
-5665
-4559
-2111
394
922
-271
-2082
-2552
-1258
1127
3736
5265
5652
4419
2828
1810
2060
3191
3897
4006
3348
2450
1422
225
-739
-1801
-2794
-4054
-5094
-5575
-5452
-4843
-4105
-2969
-1786
-429
628
1253
1581
1950
2943
4329
5759
6633
6693
6180
5369
4639
4144
3961
3904
3732
3393
2911
2283
1306
87
-1168
-2056
-2449
-2630
-2945
-3487
-4063
-4387
-4524
-4327
-3995
-3635
-3377
-3185
-2827
-2364
-1819
-1528
-1465
-1732
-2256
-2887
-3690
-4371
-5041
-4797
-3007
-115
2648
3278
2085
74
-954
-175
1849
4666
6692
7557
6448
4308
2395
1691
2407
3215
3559
2847
1477
84
-1201
-1766
-2201
-2629
-3558
-4676
-5220
-4915
-3646
-2320
-1247
-806
-584
-324
-80
115
153
417
1098
2298
3662
4470
4422
3560
2703
2316
2597
3177
3586
3724
3562
3268
2588
1656
625
-272
-1061
-1763
-2169
-2049
-1615
-1332
-1690
-2423
-3023
-3127
-2974
-2904
-2922
-2925
-2965
-3291
-4039
-4796
-5285
-5520
-5724
-6069
-5174
-2785
889
3477
3955
2878
1493
1276
1952
3592
5509
7183
7885
7000
5455
3801
2864
2239
1766
1679
1671
1758
1086
-146
-1664
-2857
-3509
-3902
-3861
-3501
-2747
-1904
-1296
-961
-945
-634
-182
222
270
153
304
613
1045
1252
1366
1278
985
493
179
503
1436
2205
2369
1912
1240
420
-381
-1031
-1250
-847
-102
566
705
376
-354
-1175
-1869
-1987
-1667
-1299
-1339
-1869
-2775
-3850
-4918
-5888
-6584
-7064
-7152
-6087
-3609
27
2719
3216
1883
302
254
1801
4503
7213
9058
9404
8033
5828
3870
3325
3779
4186
3818
2561
1266
108
-694
-1465
-2249
-2956
-3511
-3737
-3621
-3026
-2161
-1295
-630
-252
176
522
719
623
446
518
841
1385
1749
1735
1175
339
-451
-910
-1004
-910
-757
-467
-311
-618
-1571
-2616
-3176
-2968
-2286
-1672
-1288
-1186
-1104
-1113
-1193
-1203
-1106
-951
-916
-1091
-1304
-1570
-1892
-2683
-3829
-5087
-5549
-4258
-1416
1902
3563
3274
1562
144
63
1405
3882
6261
7946
8006
6839
5297
4260
4104
4004
3676
2997
2279
1855
1241
643
-194
-1049
-1942
-2759
-2937
-2481
-1426
-578
-112
-148
-314
-340
-450
-618
-820
-574
1
669
1118
1175
1047
725
348
-46
-303
-334
-301
-292
-436
-783
-1487
-2378
-3076
-3239
-2959
-2671
-2626
-2649
-2431
-2152
-2067
-2399
-2793
-2956
-3003
-2995
-3058
-3176
-3396
-4010
-4866
-5769
-5770
-4154
-1248
1892
3636
3883
2984
2094
1890
2612
4294
6161
7916
8634
8297
7075
5533
4301
3288
2712
2374
2261
2379
2320
1958
1005
-352
-1823
-3007
-3358
-2790
-1393
-31
868
978
805
688
598
433
244
611
1556
2629
3188
2952
2173
1193
273
-566
-1245
-1599
-1793
-1890
-2014
-2113
-2400
-3034
-3853
-4416
-4391
-3867
-3210
-2650
-2353
-2310
-2423
-2680
-2803
-2786
-2731
-2777
-2957
-3035
-3199
-3670
-4687
-5777
-5567
-3564
-227
2561
3660
3289
2201
1359
1032
1715
3364
5480
7161
7556
6821
5356
3944
2740
1890
1702
1995
2697
3181
3298
2864
1720
121
-1674
-2897
-3086
-2113
-609
655
1421
1611
1405
841
133
-418
-299
697
2146
3473
4133
4092
3348
2192
987
125
-156
-165
-189
-401
-593
-801
-1331
-2306
-3541
-4496
-4816
-4535
-3959
-3396
-3119
-3262
-3797
-4490
-5039
-5333
-5322
-5043
-4604
-4160
-4045
-4314
-4872
-4864
-3547
-890
2134
4267
5120
4867
4274
3728
3562
3960
4954
6157
6833
6680
5753
4468
2878
1241
23
-323
271
1240
1923
1907
1262
53
-1579
-3123
-3915
-3496
-2166
-582
714
1423
1571
1082
188
-716
-971
-239
1192
2815
4013
4588
4383
3480
2122
755
-67
-204
165
705
1151
1262
852
-140
-1565
-2969
-3721
-3537
-2677
-1799
-1384
-1612
-2484
-3667
-4854
-5697
-6018
-5850
-5376
-4948
-4897
-5324
-6015
-6097
-4939
-2486
312
2364
3431
3618
3517
3319
3311
3715
4573
5679
6435
6703
6486
5862
4728
3133
1508
485
469
1145
1982
2418
2162
1004
-979
-3139
-4548
-4565
-3387
-1746
-309
540
886
645
-152
-1221
-1920
-1760
-753
681
2096
3150
3543
3074
1796
365
-549
-631
-137
450
1064
1587
1807
1358
187
-1203
-2203
-2433
-2012
-1203
-328
162
-95
-1167
-2555
-3710
-4420
-4730
-4737
-4387
-3946
-3873
-4382
-5052
-4923
-3568
-1386
514
1609
1995
2101
2255
2480
2981
3688
4522
5082
5280
5285
5184
4885
4100
2994
1939
1234
1051
1303
1911
2402
2138
733
-1440
-3420
-4365
-3989
-2800
-1393
-170
490
492
-124
-994
-1656
-1777
-1365
-547
621
1875
2923
3189
2390
878
-616
-1474
-1615
-1274
-734
-158
343
448
-111
-1255
-2478
-3219
-3194
-2550
-1600
-707
-141
-127
-700
-1647
-2724
-3475
-3754
-3477
-2802
-2038
-1671
-1793
-1876
-1393
-175
1159
2024
2402
2518
2656
2724
2772
2922
3161
3425
3413
3237
3068
3002
2861
2364
1784
1363
1218
1299
1545
1952
2138
1666
370
-1316
-2625
-3071
-2673
-1819
-876
-50
388
218
-438
-1109
-1305
-921
-280
430
1198
1941
2380
2153
1232
54
-858
-1359
-1554
-1443
-1002
-341
125
16
-645
-1549
-2292
-2687
-2603
-2179
-1566
-1055
-906
-1087
-1612
-2313
-2997
-3576
-3772
-3554
-2991
-2320
-1860
-1745
-1960
-2069
-1692
-653
803
2169
3105
3541
3562
3266
2910
2759
2889
3245
3556
3704
3684
3460
3062
2460
1810
1347
1215
1403
1648
1684
1292
476
-552
-1500
-2105
-2326
-2107
-1579
-901
-289
51
174
202
253
351
478
662
950
1303
1625
1733
1590
1219
613
-164
-901
-1357
-1376
-995
-571
-351
-486
-906
-1440
-1930
-2227
-2252
-2095
-1875
-1633
-1464
-1415
-1498
-1796
-2253
-2672
-2885
-2726
-2365
-1951
-1697
-1694
-1843
-2040
-2086
-1773
-974
138
1253
2059
2449
2513
2397
2182
1972
1904
2144
2607
3096
3444
3578
3479
3168
2729
2227
1802
1488
1342
1233
1041
678
91
-594
-1211
-1559
-1533
-1240
-843
-477
-167
73
255
405
476
496
510
508
531
606
703
723
481
110
-317
-590
-638
-619
-535
-650
-850
-1090
-1302
-1376
-1537
-1690
-1901
-1938
-1769
-1573
-1472
-1537
-1676
-1736
-1638
-1411
-1088
-803
-644
-673
-892
-1210
-1474
-1602
-1456
-1035
-456
200
715
984
1027
910
824
810
985
1294
1675
2083
2416
2686
2798
2677
2372
1872
1399
1131
1086
1139
1090
891
546
190
-157
-403
-593
-583
-431
-189
93
295
560
819
986
984
838
697
632
621
573
472
325
196
62
-86
-263
-477
-741
-1050
-1369
-1525
-1523
-1385
-1303
-1430
-1633
-1802
-1827
-1754
-1708
-1715
-1672
-1490
-1201
-743
-363
-86
-37
-248
-561
-759
-717
-505
-285
-107
9
96
111
97
93
144
250
373
588
881
1287
1619
1767
1687
1457
1242
1065
1036
1107
1201
1214
1013
759
558
443
311
92
-64
-92
102
349
464
518
414
328
239
257
427
570
653
610
411
251
115
42
-48
-248
-389
-449
-465
-370
-363
-510
-766
-1064
-1277
-1351
-1328
-1281
-1209
-1197
-1233
-1368
-1422
-1351
-1147
-940
-749
-496
-272
-193
-273
-453
-588
-501
-273
25
286
469
471
333
62
-92
-83
64
408
639
738
738
655
577
509
482
550
724
929
1040
947
785
623
473
430
429
456
520
496
498
505
627
819
941
1013
931
905
848
765
697
536
378
204
65
-36
-198
-335
-514
-680
-634
-626
-700
-812
-949
-1085
-1043
-966
-848
-678
-684
-674
-847
-914
-857
-718
-543
-440
-303
-180
-59
-80
-283
-481
-658
-698
-570
-354
-26
140
132
-185
-555
-782
-690
-308
-34
166
196
141
129
91
119
248
355
498
500
545
551
618
697
647
565
367
320
351
455
600
694
739
739
789
884
887
961
983
910
841
764
774
801
804
758
568
413
225
102
44
-97
-202
-399
-588
-718
-783
-764
-802
-881
-1106
-1277
-1439
-1484
-1302
-1183
-1001
-780
-682
-462
-358
-299
-342
-415
-355
-330
-34
186
277
345
150
36
-139
-292
-283
-148
-41
72
78
-50
-170
-202
-285
-217
-175
-223
-184
-196
-70
84
145
123
66
-23
-55
58
306
543
717
753
696
668
590
603
592
596
642
723
759
862
896
730
659
502
429
551
686
797
709
676
401
277
152
-35
-35
-177
-304
-409
-570
-705
-676
-713
-765
-910
-955
-915
-791
-668
-517
-491
-516
-520
-574
-499
-281
-88
73
51
70
127
59
47
-39
-21
-28
63
148
116
116
56
-165
-271
-398
-339
-259
-225
-186
-199
-223
-298
-309
-407
-256
-203
-160
-21
115
246
347
338
220
190
94
130
154
322
474
519
386
281
114
187
301
437
576
547
615
537
549
500
512
525
341
241
154
0
72
8
-79
-107
-150
-253
-324
-334
-463
-340
-280
-323
-322
-289
-310
-183
-86
-116
19
-25
50
124
58
117
151
123
13
5
-7
3
13
-41
-190
-236
-192
-207
-100
-139
-306
-406
-577
-528
-406
-472
-367
-255
-381
-153
73
55
46
32
-167
-161
-67
8
304
321
233
266
12
-2
117
113
238
412
440
383
329
331
192
194
155
139
228
168
263
175
13
-39
-83
-154
-36
82
96
80
85
-75
-142
-187
-189
-116
-141
-20
42
-30
25
125
65
88
101
68
29
51
145
199
220
169
91
-1
14
-21
165
97
119
-20
-181
-188
-227
-227
-174
-253
-260
-227
-215
-138
-230
-196
-337
-341
-403
-247
-109
16
84
-13
-93
-264
-255
-120
76
221
339
309
172
102
-51
57
125
229
274
202
108
-49
-175
-159
-165
-56
-70
-4
-15
-25
59
51
140
79
56
17
-59
-63
-12
35
84
78
110
140
125
182
83
64
109
147
238
230
330
144
68
35
-104
146
179
241
187
-64
-109
-280
-255
-142
-189
-31
-21
41
85
18
-77
-271
-384
-371
-277
-104
116
129
33
-74
-71
-171
-102
-7
-51
-3
-72
-32
-55
6
11
1
94
-8
-30
-149
-275
-205
-253
-135
-23
100
96
41
-50
-128
48
25
102
155
187
206
66
28
11
-53
-29
-61
14
50
111
164
103
214
106
0
-91
-212
-129
-77
80
201
291
337
223
31
-80
-45
5
0
103
72
129
120
130
102
-35
-3
-40
-49
-102
12
72
105
93
54
-30
-71
-104
-30
8
13
35
30
-2
-70
97
26
17
29
-95
-158
-54
-138
-97
9
-152
-164
-327
-335
-359
-221
-68
25
139
123
21
-140
-275
-326
-220
-86
98
280
348
286
152
4
-236
-180
-195
-19
36
52
136
24
65
-32
-110
-118
-265
-246
-213
-47
199
241
332
220
9
-141
-180
-196
-53
117
155
287
388
220
189
93
9
-76
-20
74
181
337
307
414
238
25
-12
-80
-62
-18
79
130
153
187
203
108
17
-174
-228
-236
-239
-98
5
-22
34
-25
-100
-159
-363
-300
-315
-297
-104
-27
32
238
81
3
-11
-174
-204
-107
-79
-38
78
94
164
147
-45
-101
-238
-332
-211
-170
62
109
155
132
-103
-34
-193
-176
-6
-133
64
38
24
140
18
45
-10
-56
-115
-73
56
103
197
250
223
203
251
162
119
80
5
117
190
202
255
241
161
109
52
-26
-35
-1
-113
-3
70
42
72
15
-128
-93
-157
-161
-79
-176
-87
-176
-113
-188
-50
41
-33
167
-70
-36
-157
-264
-72
-154
-39
35
53
31
61
-108
-116
-194
-275
-146
-138
0
53
75
110
58
-12
-136
-207
-134
-171
107
16
72
162
81
132
-62
65
-132
-65
-6
142
302
287
262
152
135
-53
73
58
58
145
98
126
198
72
1
-50
-110
-134
-46
41
128
151
19
87
-13
-40
-19
-34
16
6
-22
-17
-77
-77
-27
-68
-37
-14
-41
10
32
-49
2
-53
-40
-43
-85
35
-59
-114
-51
-8
-46
28
5
24
8
-41
-82
-50
-79
-49
-28
-4
-67
-111
-120
-112
-105
-121
-74
62
55
23
21
-32
22
-87
-13
-9
-17
75
98
169
234
94
125
35
132
96
10
22
-41
13
-97
53
73
95
-8
32
-6
-74
-161
-81
97
58
67
15
41
12
-84
-47
2
-62
52
32
143
83
-7
-30
-42
-119
9
-36
96
91
63
161
-75
66
-149
-30
-140
-84
120
65
146
53
31
-50
-49
-74
-99
-33
-46
-78
21
-101
-32
-3
106
-14
-98
-75
-115
-195
-145
-52
24
65
90
150
25
36
-68
-64
23
-20
-3
46
49
74
39
47
-26
-21
-33
-140
-53
-59
42
84
137
73
16
-59
-116
-120
-132
-15
22
108
151
116
71
-9
-109
-80
-58
-95
131
135
169
216
57
16
-27
-157
-49
-83
15
126
119
167
31
72
-37
-91
-89
-98
-48
7
68
109
47
67
22
-80
-77
-97
17
-88
6
6
-56
109
-147
-24
-35
-100
101
-44
-69
0
-93
-71
-19
32
46
79
37
-63
-57
-95
-41
-30
57
79
61
-4
-120
-72
-166
-54
-14
-81
29
47
103
43
118
80
3
-52
-79
-68
72
145
142
191
9
10
21
-52
-22
-96
10
-7
65
53
94
142
14
24
-80
-71
-48
-31
38
51
133
79
-10
76
34
-71
17
-2
-10
55
2
-37
4
14
-30
-28
-86
-163
-68
-109
-20
-29
9
-19
14
-27
-79
-38
-67
-15
-59
2
32
14
-18
25
-60
-48
-57
-126
-53
-33
21
22
14
-31
-16
-23
102
22
69
109
94
160
-16
128
88
-59
-18
-36
61
63
104
71
44
-29
-75
27
5
-48
26
-24
-41
-3
-16
4
19
-42
-12
6
-39
-19
18
23
21
85
59
12
10
-55
-21
31
-15
69
12
-2
33
-73
-78
-125
29
-26
6
-59
-86
-24
-125
-27
-75
48
-35
-6
108
-24
-16
-37
-67
14
-54
-24
10
-40
38
9
-5
2
4
-37
-27
-8
1
5
65
72
64
53
-39
-7
-111
31
-23
23
78
80
181
37
51
50
0
-44
-46
36
9
64
52
74
-67
27
-26
-128
41
-109
-33
6
114
98
-21
92
-66
-41
1
-11
-7
69
-111
-20
117
-68
90
38
-34
-11
-74
-73
-36
88
-102
38
107
-94
-104
-131
-52
-149
4
84
18
120
-38
-72
-5
-119
-61
41
57
62
151
-5
74
-4
-56
62
-34
28
41
49
76
21
-30
-137
-86
-107
10
80
148
98
31
0
-54
-74
41
-149
0
32
87
60
82
-22
-69
2
-82
-26
13
43
8
43
7
43
5
-12
-84
13
-92
-27
49
10
101
91
34
-84
-42
-148
-48
98
35
90
106
-126
-57
-105
-142
-57
-6
-16
31
106
-96
34
-24
-50
-121
13
-24
32
127
-1
66
-17
52
74
68
33
18
56
-60
10
-6
-89
91
28
20
-22
-32
-99
-63
-1
51
44
3
-61
-22
-34
-49
12
-31
21
37
86
-6
32
-55
-48
-87
-58
45
15
119
19
53
-6
31
-5
43
96
-29
7
-35
69
64
31
2
-12
-38
-69
-79
5
7
-38
60
5
22
-49
-21
2
-56
-41
-25
35
-39
-5
46
26
39
17
32
-39
-33
-9
20
29
27
-18
24
-23
-121
-5
-5
16
1
3
26
-11
-16
-34
-20
24
-62
7
41
41
61
-36
83
-74
0
-32
-16
26
-12
34
5
41
-74
8
-7
-11
34
9
44
5
24
-19
-85
36
-44
-87
85
-52
7
65
-38
50
-21
-42
-27
-41
-15
48
-34
7
57
7
26
50
45
-9
-12
-29
-41
-11
-28
-14
132
68
-4
73
-86
-89
-58
-26
19
26
73
49
51
-19
28
-19
-52
-79
-35
-25
8
-24
15
53
12
25
-54
56
4
-7
-69
12
42
-31
68
87
-57
10
-48
-79
-1
-70
-36
24
59
-70
76
11
-46
49
-45
23
-37
-11
-52
11
25
65
27
69
-6
-79
-25
-13
80
19
82
-12
-19
-15
-3
-18
-72
10
-38
23
64
89
44
0
18
-30
-64
48
-110
0
102
-41
148
-82
-32
-26
6
-73
-7
30
-87
64
32
-65
71
-34
-53
16
-16
-2
-3
-12
-9
77
-29
59
-12
18
-45
66
-23
-22
72
-90
-48
39
-59
35
75
-46
81
-53
-30
-8
47
-57
-11
3
-65
39
-34
18
-54
80
-58
-4
50
-66
-6
6
-15
7
39
62
-40
-2
-20
-21
95
-16
144
127
-26
-34
-53
-69
-44
-38
-17
26
6
21
29
49
5
-71
-49
-44
-34
33
3
45
17
3
-37
-34
15
23
94
1
-2
17
-15
-3
-5
-1
-3
-46
45
-96
0
8
11
107
-58
-1
-85
-75
13
101
3
50
48
-14
26
-58
-63
-5
-61
-3
114
44
9
35
-20
-104
-64
-35
-29
54
67
19
65
18
-102
0
-103
-30
54
4
65
88
14
-9
46
-68
-21
46
14
63
8
-7
-35
13
-38
-12
-13
-58
-85
6
49
82
31
0
-7
-60
-42
-27
93
38
3
55
-14
0
64
-94
-5
-74
-74
5
6
68
60
84
-43
-58
-73
-40
-127
-26
15
27
100
33
82
-21
-19
-30
-74
-14
-37
0
70
73
68
69
56
17
-112
-26
-93
-83
-50
42
63
39
33
-64
-25
0
-34
-69
34
-7
44
53
-14
60
12
35
-36
39
8
-33
-8
31
-10
-21
32
-26
26
-3
-18
-4
49
-31
6
12
-5
-32
-57
75
38
-3
-31
2
15
-137
80
25
-21
-30
59
32
-97
8
-56
-33
-11
13
83
21
17
-6
-16
42
2
-19
-18
7
76
-62
49
-18
-16
29
17
-17
-44
-67
-29
31
-18
54
28
-13
6
-4
46
-17
-23
-5
-67
65
-65
36
35
-89
59
16
5
55
-11
-62
-37
-75
24
17
12
-1
70
-26
53
16
-36
-19
-34
-2
-5
14
28
47
-7
70
-13
-37
-40
-34
-37
-12
30
16
15
72
-1
-5
3
-73
57
-79
-8
55
67
3
-78
66
-81
-2
21
-6
50
50
-15
8
33
-46
30
-4
-17
-100
-17
-44
-5
45
-19
-14
-9
-8
-61
48
78
-12
3
30
3
-51
16
-6
-49
-4
-25
42
35
21
51
10
-8
-43
-19
6
-10
4
-34
23
11
-45
82
45
-34
-22
2
-104
12
-12
45
49
1
-4
27
-11
-8
4
-17
-59
-1
63
26
77
-43
4
12
-52
-13
-19
50
-18
10
43
107
-16
-19
-41
-73
-36
-4
39
5
24
-31
7
78
-20
-45
-77
-42
-22
47
76
18
-24
55
-37
-13
3
-9
18
-84
33
-40
-76
15
55
30
65
56
-62
50
-38
-46
-17
-9
26
-29
30
9
-24
7
6
4
71
-23
9
59
-21
-17
-24
-43
-27
18
2
9
-25
-31
-10
23
11
40
-36
-51
-3
-92
43
24
36
28
11
73
-57
65
44
3
-18
23
-20
-29
-19
-35
57
-36
-4
-73
21
23
-44
53
11
-50
-42
-49
36
6
26
96
34
41
-38
1
0
-79
-35
40
34
23
-1
-9
19
-53
4
-4
16
-52
-20
-10
62
-12
0
17
-18
43
-34
5
-42
-3
-53
-19
26
68
-5
-26
22
18
-10
-58
30
47
8
-32
51
-29
-14
-22
59
25
-59
36
-37
-6
-31
53
-23
-12
-25
25
34
0
14
-24
49
-36
1
20
-46
37
-34
-30
66
18
15
3
37
-6
18
-42
-10
-1
-46
-11
-15
-24
49
67
2
15
3
-35
-38
31
-54
9
20
-27
12
56
-48
5
30
-64
24
12
-26
-14
26
40
-40
-15
29
-54
-1
49
-17
3
-10
-11
-3
81
-32
28
27
-50
-7
-22
12
-12
-8
-51
-9
33
-61
-6
38
-50
-18
-2
8
-24
-1
38
1
49
8
40
47
3
-32
20
-2
-14
-42
7
31
34
50
40
-37
-21
-41
-20
-1
-44
-52
10
20
0
19
72
-29
22
-14
-14
3
-3
2
-29
67
-9
49
-1
-19
38
-35
11
-9
-14
22
0
0
-36
-17
-6
-31
-36
22
-9
-11
3
8
29
43
-27
-37
59
-48
-36
31
32
-35
4
57
-28
-11
3
-19
-31
42
12
21
5
-53
46
1
-55
11
5
-57
-9
50
-41
83
-14
-30
19
17
-13
-5
47
-25
5
26
26
31
23
-1
-34
6
-42
19
63
-38
11
18
-66
-41
-36
-30
27
57
37
-19
40
-34
-37
4
-90
9
31
16
-5
20
-18
4
10
-20
-8
6
10
-16
25
17
-10
11
-17
10
21
-12
13
-15
33
-29
-16
-13
40
11
9
23
-9
-10
-22
-18
8
-40
3
-16
-10
15
18
30
-10
25
-55
41
-2
-11
-3
-6
50
-45
31
-27
-9
12
-35
20
4
24
-7
-1
22
-20
11
-14
-23
-9
-2
15
-32
55
-5
-12
23
2
-37
0
52
-2
17
11
-3
-7
-17
18
-25
-23
13
-12
15
13
22
-25
19
-10
-27
-2
19
-11
-35
34
-27
6
3
16
16
3
15
-9
-7
-26
-1
-7
12
21
-36
-21
33
-30
-4
51
-40
-10
21
-9
17
33
-14
39
-3
4
20
3
13
-65
25
-8
-3
8
-4
-34
4
18
-1
-20
-6
-32
-22
31
16
-20
-11
-20
-6
19
8
11
13
10
2
-6
-1
4
4
12
-21
20
-4
10
30
-17
16
-40
-18
26
-12
-23
2
-14
12
24
16
9
3
14
-3
17
-15
-21
-36
6
-14
35
36
-25
28
-21
-19
-4
-27
-13
11
-16
8
28
-42
24
1
-14
49
-36
46
-17
-15
34
-8
16
-22
-2
8
-51
-1
14
-40
10
28
-42
22
-8
-41
47
-22
0
-28
32
-32
7
47
1
58
-9
-9
33
-22
-20
0
-36
11
21
30
-9
42
-23
-12
-9
2
-1
-1
36
-37
40
-19
2
9
-25
-19
-39
-9
20
-4
38
3
8
-10
9
-10
5
15
6
-12
-20
35
-10
19
-3
-3
11
-5
1
-8
-31
26
-20
6
5
-22
20
-19
1
14
-10
-2
-33
14
11
0
18
-39
-12
31
2
20
22
-3
-3
-24
6
-10
-11
-8
15
-10
20
-7
-16
31
-41
-13
-6
-34
47
-10
9
26
12
-13
-25
-8
10
-17
-2
24
-19
19
-2
21
2
-36
27
-37
-5
27
5
19
11
-17
25
-6
-8
-4
11
-20
11
23
-20
20
-38
1
40
-39
63
-35
7
17
-50
7
18
-9
-16
19
5
6
-23
-17
24
-55
29
-26
-48
69
-63
14
55
-39
19
27
-29
11
37
1
8
14
5
-19
28
-2
-68
58
-22
-56
72
-19
-2
10
-25
1
5
-10
-33
22
18
-25
39
24
-7
4
-29
-18
45
-24
-1
44
-18
5
0
28
-10
-14
-12
-18
11
-20
-4
13
-6
-9
-13
20
2
1
-28
15
5
-8
-2
-6
18
-30
49
-34
16
7
-34
32
-10
-7
-36
30
23
-31
50
-71
38
41
-37
42
-21
-3
-30
20
-19
4
-1
-23
9
25
27
6
10
20
-33
-8
-15
-26
4
-8
25
-2
14
-15
-2
9
-15
16
3
-23
-2
-7
31
2
7
-24
26
-7
-21
19
-16
7
-20
31
23
2
26
-44
-3
-8
-14
30
-14
13
-6
-12
12
-10
18
-7
23
-43
34
-30
-40
9
-17
12
-25
46
-7
15
-12
-19
26
-2
-9
4
26
-5
6
-20
16
18
-10
-15
8
-2
3
8
-11
-10
7
-7
-4
15
-21
2
2
-11
22
-9
23
5
-23
32
-14
5
4
-6
-12
-11
24
-9
43
-19
-8
2
-17
-8
8
-13
2
17
-2
1
14
-9
-9
29
-38
5
-4
5
3
18
-7
-20
18
-14
-4
-2
10
-7
-8
10
0
4
-1
-13
13
-8
-14
8
17
2
-16
13
4
-1
17
-11
0
-7
-4
7
13
-9
-3
-4
-13
10
3
-2
13
-12
-9
-11
-5
4
-17
12
-23
8
12
15
10
4
-10
-10
4
-7
5
11
-3
-1
-4
-2
10
8
-4
1
-21
3
15
-8
3
9
-3
0
3
-12
16
-7
-16
16
5
-5
-2
16
-11
7
25
-36
5
11
-12
5
-2
-1
-6
-8
-16
14
-4
16
-2
-3
-8
-6
-22
-2
11
5
27
0
6
-10
1
2
-3
-14
9
-10
12
5
0
-5
-8
12
3
3
-9
4
-8
25
-10
0
-6
-9
-1
1
6
1
0
-16
10
-4
4
-3
-10
-14
18
9
0
16
-1
1
-1
3
-5
1
-7
-8
9
15
-9
24
3
-12
8
-5
-15
5
11
-37
10
1
-1
-1
4
3
3
5
-15
1
-8
-5
12
1
-9
-4
9
-9
8
13
-7
2
-1
-8
15
2
-6
5
-9
1
-1
-1
0
1
-5
-6
3
7
-3
0
0
-7
4
0
-7
7
7
-2
-6
6
-20
10
-3
-6
10
18
-8
3
5
-8
6
-2
-8
-2
3
0
13
-12
-3
-8
-3
5
-2
7
-5
6
-7
-1
-1
9
-13
0
0
8
3
3
14
0
9
-7
6
-3
-6
-3
6
-2
3
8
-3
-6
-4
-5
-5
-9
3
-6
4
6
1
0
7
0
-3
-1
2
-5
1
4
-1
10
4
0
-5
5
-15
-8
1
3
4
-4
-6
11
-2
-8
7
-2
-11
-7
5
-5
4
2
-8
7
-2
9
4
0
-5
-2
4
-5
4
-7
-2
7
-1
3
-2
-5
4
0
3
-2
4
2
0
-2
-2
1
-4
3
4
-4
10
2
1
4
1
-6
-5
11
-13
3
-2
3
-3
5
4
-5
0
5
-5
-2
5
-6
-2
5
-7
2
-2
-5
-3
-4
1
-6
4
-6
9
-1
1
4
-7
-1
6
-1
2
12
-1
8
0
3
6
2
-2
4
-4
-8
0
1
-6
-1
0
2
-7
2
2
1
-2
2
-1
-1
0
1
3
-5
1
-1
2
2
0
-1
3
-8
0
2
-5
1
3
2
-1
6
3
6
-10
2
-4
-5
6
2
3
1
6
0
1
0
-2
-3
3
0
-7
5
-1
0
2
0
-3
-2
-1
-7
-2
-4
3
-4
4
2
-2
5
2
0
2
6
-3
-2
3
2
0
2
-2
-2
-4
1
-3
6
-4
7
1
-7
2
-2
-2
-2
6
-8
3
-1
-2
1
-1
3
0
0
5
1
1
5
-2
0
2
-4
-3
4
-2
1
1
-1
-1
-6
1
-5
-2
1
-1
1
2
5
3
3
-1
-2
-2
-2
1
1
0
3
3
-1
1
-1
0
1
2
-1
0
-2
0
-1
-4
-1
1
-3
4
-1
-1
2
1
-1
0
0
0
0
1
-1
2
0
2
1
-1
3
1
1
0
0
-1
0
0
-2
1
-2
-1
0
0
-3
2
-2
0
-2
0
-3
-1
-1
-1
0
-1
1
-2
1
0
-1
2
-1
1
2
0
2
-1
2
-1
1
-1
0
-1
1
1
-1
2
0
0
-1
-1
-3
0
-2
-1
1
-1
2
2
2
1
0
1
-2
-2
-1
-3
0
-1
0
1
1
2
1
2
-2
0
-1
0
1
0
-2
1
-3
0
-2
-2
1
-1
3
0
4
0
2
-1
-1
-2
0
1
-2
1
-1
0
1
1
-1
1
0
-2
0
-1
-2
-1
-1
0
0
2
-1
2
1
-1
2
0
0
1
2
-1
1
0
0
0
1
-2
0
-1
-2
-2
-2
-3
-3
-1
-1
-1
2
0
3
1
1
1
1
2
0
2
2
0
1
2
-2
0
-1
0
-3
0
-1
0
-1
0
2
-1
2
0
0
0
1
-1
0
0
-2
2
-1
1
-1
1
-2
1
-2
0
-1
0
0
0
0
0
-1
-2
1
-1
0
-1
1
-1
0
0
0
1
0
-1
0
1
0
1
0
0
0
1
0
1
0
1
1
-1
2
-1
1
0
0
-1
0
-1
-1
0
-1
-1
-1
0
-1
1
-1
0
-1
0
0
0
1
1
0
0
0
0
1
1
1
1
0
-1
0
-1
1
-1
1
0
0
-1
0
1
0
0
0
0
0
0
0
1
0
1
1
0
0
0
0
0
0
1
-1
0
-1
0
0
-1
-2
-1
-1
0
0
0
0
0
0
0
1
0
1
0
0
1
1
0
1
1
1
0
0
0
0
0
0
1
-1
-1
0
-1
0
-1
-1
-1
0
0
0
-1
1
0
1
1
0
0
1
1
1
1
0
1
-1
0
-1
-1
-1
-1
-1
-1
0
-1
-1
-1
0
0
0
0
0
0
1
1
0
0
1
1
0
0
0
1
0
1
1
-1
0
0
-1
-1
0
0
-1
0
0
-1
0
0
-1
0
0
0
1
0
0
0
1
-1
1
0
1
0
0
0
1
1
0
0
0
0
0
0
-2
2
-1
0
-1
0
0
0
-1
0
0
0
0
0
0
0
0
0
0
0
0
0
0
0
0
0
1
0
-1
0
1
-1
0
0
0
0
0
0
1
1
-1
0
-1
0
0
0
0
0
0
0
0
0
0
0
0
0
-1
1
0
0
1
0
0
0
0
0
1
1
0
0
0
0
0
-1
0
-1
0
0
0
-1
0
0
0
0
0
-1
0
0
0
-1
-1
1
0
0
1
0
0
0
1
0
0
0
0
0
0
-1
1
0
0
-1
0
0
1
0
-1
0
0
0
0
0
0
0
0
0
-1
1
0
0
1
0
0
0
1
1
0
1
0
0
0
-1
0
0
0
-1
0
0
0
0
0
-1
0
-1
1
0
0
1
0
0
0
0
0
0
0
0
-1
0
0
0
1
0
1
0
0
0
0
0
0
0
1
1
0
0
0
-1
-1
0
0
0
-1
0
0
1
0
1
0
0
1
0
0
1
0
0
0
0
0
0
0
0
0
0
0
0
1
0
0
0
-1
0
0
0
0
-1
0
-1
0
-1
0
0
0
0
0
-1
0
0
0
1
0
0
0
0
0
0
0
0
0
-1
1
1
-1
0
0
0
0
0
0
0
-1
0
0
0
0
0
0
0
0
0
0
0
0
0
0
-1
0
0
0
0
-1
0
-1
0
0
0
0
0
-1
0
0
-1
0
0
0
1
0
0
0
0
0
0
1
0
0
0
0
0
1
0
0
0
1
1
0
0
0
0
0
0
0
0
1
1
1
0
0
-1
0
0
0
-1
-1
0
0
0
0
0
0
0
0
0
0
0
0
0
0
0
0
0
0
0
0
0
1
1
1
1
-1
0
0
0
0
0
0
1
-1
-1
0
0
0
0
0
1
0
-1
0
0
0
0
0
0
0
0
-1
0
0
0
0
1
0
0
0
0
0
-1
1
1
0
0
0
0
1
0
0
0
0
0
0
0
0
0
0
0
0
1
0
0
0
0
0
0
1
0
0
0
0
0
0
0
0
1
0
1
