0
1
0
0
0
-1
1
0
0
0
0
0
0
-1
0
0
0
0
0
0
0
0
0
0
0
0
0
0
0
0
0
0
0
0
-1
0
-1
0
-1
0
0
0
0
0
-1
0
-1
1
0
0
0
0
0
-1
0
-1
0
-1
0
0
0
0
-1
0
-1
0
1
0
0
0
0
0
0
1
0
0
0
0
0
0
-1
0
0
0
0
0
0
0
0
1
0
1
1
0
0
0
0
0
0
0
0
0
0
1
0
1
0
0
0
0
0
0
0
1
0
0
0
1
0
1
1
0
0
0
0
-1
0
0
1
0
0
0
0
0
0
0
0
0
0
0
0
0
-1
0
0
0
0
0
0
0
0
0
-1
0
1
0
0
0
0
0
0
0
-1
1
0
0
0
1
0
1
0
0
0
0
0
0
0
-1
0
1
0
0
0
1
0
0
0
0
-1
1
1
0
0
1
0
0
0
0
0
0
0
0
-1
0
0
0
0
1
0
0
0
0
0
0
-1
-1
1
0
0
1
0
0
-1
0
-1
1
0
1
0
0
0
0
1
-1
0
0
0
0
0
0
0
0
0
0
0
0
0
0
-1
0
0
0
0
1
0
0
0
0
0
0
0
0
-1
0
0
0
-1
0
0
1
0
-1
0
0
0
0
1
1
1
0
0
-1
0
0
-1
0
0
0
0
-1
0
0
0
0
0
0
1
0
0
0
0
0
1
0
0
0
0
0
0
0
-1
1
-1
0
-1
0
0
0
0
-1
0
0
0
0
0
0
0
0
0
1
0
0
0
0
0
0
0
0
0
0
0
0
0
0
-1
0
0
0
1
0
0
0
0
-1
0
-1
0
1
0
0
1
0
0
0
0
0
0
0
0
0
0
1
-1
0
-1
0
0
-1
0
0
0
0
-1
0
0
0
0
0
1
0
0
0
0
0
0
0
-1
0
0
0
0
0
0
-1
0
0
0
0
0
0
-1
0
-1
0
0
0
0
1
0
0
0
0
0
0
0
0
0
0
0
0
1
0
0
0
0
1
0
-1
0
1
0
0
0
0
0
0
0
-1
-1
0
0
0
1
0
-1
0
0
-1
0
0
0
-1
0
0
1
0
0
0
0
0
0
1
0
0
0
0
1
0
0
0
1
1
0
0
0
0
0
0
1
0
1
0
0
0
1
0
0
0
-1
1
1
0
-1
0
0
0
0
0
0
0
0
0
0
0
1
0
1
0
0
0
0
0
-1
0
1
0
0
-1
0
-1
0
0
-1
0
0
0
0
0
0
0
0
0
0
0
0
0
0
0
0
0
0
0
0
0
0
0
0
0
0
0
0
0
0
0
0
0
-1
0
0
0
0
0
0
0
-1
0
0
0
0
0
0
0
0
0
0
0
0
0
0
0
0
0
0
0
0
0
0
1
-1
0
0
0
0
0
0
0
1
0
0
0
0
0
-1
0
0
0
0
0
0
0
0
0
0
-1
-1
-1
-1
0
-1
0
0
0
0
0
0
-1
-1
0
-1
0
0
0
-1
0
0
0
0
0
0
0
1
0
0
0
0
0
0
0
0
0
0
1
1
0
0
0
0
0
0
0
0
0
0
0
1
0
0
0
0
0
1
1
0
0
0
0
0
-1
0
0
0
0
0
0
1
0
0
1
0
0
0
1
0
0
1
0
1
1
0
0
0
0
0
0
0
0
0
0
1
0
1
1
-1
0
0
0
0
0
0
0
0
0
0
0
1
0
0
1
0
0
0
1
0
0
0
-1
0
0
0
0
0
0
0
0
0
0
1
0
0
0
-1
-1
0
0
0
0
0
0
0
0
0
0
-1
0
1
0
0
0
0
0
0
0
-1
0
1
0
0
0
0
-1
0
-1
-1
0
0
0
0
1
0
0
0
0
0
0
0
0
1
1
0
1
-1
0
0
0
0
0
0
0
0
0
0
0
0
0
0
0
0
0
0
0
0
0
0
0
0
0
0
0
0
-1
1
0
1
0
0
1
0
0
0
0
0
1
-1
0
0
0
0
0
1
0
0
-1
0
0
0
0
1
0
0
1
-1
-1
0
0
0
0
0
0
0
0
0
0
0
-1
0
0
0
1
0
0
0
0
1
0
-1
-1
0
0
0
-1
0
0
0
0
0
-1
0
0
0
0
-1
0
0
0
0
0
0
0
0
0
0
0
0
0
0
-1
0
0
0
0
0
0
0
0
0
1
0
-1
0
0
0
0
0
0
0
0
0
0
0
0
0
0
0
0
0
0
0
-1
0
0
0
0
0
0
0
0
0
0
0
0
0
1
0
0
0
0
0
0
0
1
0
0
0
1
1
0
0
0
-1
1
1
0
0
0
0
0
0
0
1
0
0
0
1
0
0
0
0
0
-1
0
0
0
0
0
0
0
0
0
0
-1
-1
-1
0
0
0
0
-1
0
0
0
0
0
0
0
0
0
1
0
1
0
0
0
0
0
0
1
-1
0
1
-1
0
0
0
0
0
0
0
-1
0
0
0
-1
0
-1
0
0
0
0
0
-1
0
0
0
0
0
0
-1
0
0
0
0
0
0
0
0
-1
-1
0
0
0
0
0
1
0
0
0
0
0
-1
0
0
0
0
0
0
0
0
0
1
0
1
0
0
1
-1
1
0
0
0
-1
-1
0
0
0
-1
0
-1
0
0
0
-1
0
0
0
0
1
0
0
0
0
0
0
1
0
1
0
0
0
0
0
0
1
0
0
0
1
1
0
0
0
0
0
0
0
0
-1
1
0
0
0
0
0
0
0
1
0
0
-1
0
0
0
-1
-1
0
0
1
0
-1
0
0
0
0
0
0
-1
-1
0
0
-1
1
0
1
0
0
0
0
0
0
1
0
0
0
-1
0
0
0
0
0
1
-1
0
0
0
0
0
0
0
0
0
1
0
0
0
0
0
0
-1
0
0
-1
0
0
-1
0
0
0
0
0
0
0
0
1
0
0
-1
1
0
0
-1
-1
0
0
0
1
-1
0
0
0
-1
1
0
0
0
1
-1
0
0
0
0
0
0
0
0
0
0
0
-1
0
0
0
0
0
0
0
0
0
0
1
-1
0
0
-1
1
0
0
0
0
0
0
0
0
0
0
0
0
0
0
-1
0
0
0
0
0
0
0
-1
0
0
0
-1
0
0
-1
-1
0
0
0
0
0
1
1
-1
0
-1
0
0
0
0
0
0
0
0
1
0
0
0
0
-1
1
0
0
1
0
0
0
0
0
1
1
0
0
0
0
0
-1
0
-1
1
0
1
0
0
1
0
0
1
0
0
0
1
-1
-1
1
0
0
0
-1
0
0
1
0
0
0
0
0
0
-1
0
0
0
-1
0
0
1
1
-1
0
0
0
0
0
0
0
0
0
-1
1
0
0
1
0
0
0
0
1
-1
0
0
0
0
-1
1
0
0
-1
0
0
0
0
0
-1
0
-1
1
0
0
1
0
0
0
0
0
0
0
0
-1
0
0
0
1
0
1
0
0
0
0
-1
0
0
1
1
0
0
0
-1
-1
0
0
0
-1
0
0
1
0
1
0
0
1
0
0
1
0
0
0
0
0
0
0
0
0
0
0
-1
1
0
0
0
0
0
0
0
0
0
0
-1
0
-1
0
0
0
0
0
-1
0
0
0
1
0
0
0
0
0
0
0
0
0
-1
1
1
-1
0
0
0
0
0
0
0
0
0
0
0
0
0
-1
0
0
0
0
0
0
0
0
-1
0
0
0
0
-1
0
-1
0
0
0
0
0
-1
0
0
-1
0
0
0
1
0
0
0
0
0
0
1
0
0
0
0
0
1
0
0
0
1
1
0
0
0
0
0
0
0
0
1
1
1
0
0
-1
0
0
0
-1
-1
0
0
0
0
0
0
0
0
0
0
0
0
0
0
0
0
0
0
0
0
0
1
1
1
0
-1
0
0
0
0
0
0
1
-1
-1
0
0
0
0
0
1
0
-1
0
0
0
0
0
0
0
0
-1
0
0
0
0
1
0
0
0
0
0
-1
1
1
0
0
0
0
1
0
0
0
0
0
0
0
0
0
0
0
0
1
0
0
0
0
0
0
1
0
0
0
0
0
0
0
0
0
0
1
0
-1
0
0
0
0
-1
0
0
0
0
0
0
-1
0
0
-1
0
0
0
-1
1
0
0
0
0
0
0
0
0
0
0
0
0
0
-1
0
-1
0
0
0
0
0
0
0
0
0
1
0
0
0
0
0
0
0
0
0
0
0
1
0
0
0
0
0
0
0
0
0
-1
0
0
1
0
0
0
0
0
0
0
1
0
0
0
0
0
0
-1
0
1
0
0
0
0
0
0
0
0
-1
0
0
0
0
0
0
0
0
1
0
-1
0
1
0
0
-1
0
0
0
0
-1
0
0
0
0
1
0
0
0
0
0
0
0
0
-1
0
0
0
0
0
0
0
0
0
1
0
0
0
0
0
1
0
0
1
0
1
-1
0
0
0
0
0
0
0
0
-1
0
-1
-1
0
0
0
0
0
0
0
0
0
0
-1
0
-1
0
0
0
0
0
0
-1
0
0
0
0
0
0
0
0
0
0
0
0
0
0
0
0
0
1
1
0
-1
0
0
0
0
0
0
0
0
0
0
0
0
0
0
0
0
1
0
0
0
0
0
1
0
0
0
0
0
0
0
-1
-1
0
0
0
0
0
-1
-1
0
0
0
-1
1
0
0
-1
0
0
0
0
0
0
0
0
0
0
0
0
0
0
0
0
1
0
0
-1
0
0
0
0
0
0
1
0
0
-1
-1
0
0
0
0
-1
0
0
0
0
0
1
0
0
1
0
1
0
0
0
0
0
0
-1
0
0
0
0
0
0
1
0
0
0
0
0
0
-1
-1
0
-1
0
0
0
0
0
0
0
0
0
0
0
0
0
0
-1
0
0
0
0
1
0
0
0
0
0
0
0
0
0
0
-1
1
-1
0
0
0
0
0
0
0
0
1
0
1
0
0
0
1
-1
0
0
0
0
0
0
0
0
0
0
-1
0
0
0
0
1
1
0
1
0
0
0
0
0
0
0
0
0
0
-1
-1
-1
-1
0
0
0
0
0
-1
0
0
0
0
0
-1
0
-1
0
1
0
0
1
0
0
-1
0
-1
0
0
0
-1
0
1
-1
0
0
0
0
-1
0
1
0
-1
1
1
0
1
-1
0
0
1
0
0
-1
1
0
0
1
0
0
0
0
1
0
0
0
0
1
0
0
0
-1
0
1
0
1
-1
0
1
0
1
-1
0
0
-1
0
0
0
-1
1
0
1
0
-1
1
-2
1
0
1
0
1
-1
-1
1
0
1
0
1
-1
1
0
0
0
-1
2
-3
2
-2
0
2
-2
2
0
-1
1
0
-1
3
-4
1
0
-1
3
-1
0
-2
1
-3
3
1
-3
3
-3
2
-1
0
1
0
-1
-1
-1
2
-2
2
0
0
-1
-2
0
0
3
1
-2
1
-1
2
-1
0
4
-5
-1
1
0
2
2
-3
2
-4
0
0
-1
2
1
2
-4
4
-1
-1
1
-3
-3
7
-7
4
5
-7
6
-5
1
1
-3
5
-9
11
-8
4
1
-6
2
-1
2
-1
7
-6
2
-1
-4
2
5
-6
4
4
-14
13
-6
-5
9
-7
5
-5
7
-4
0
5
-7
3
-2
8
-8
10
-2
-5
4
-5
-3
8
0
-5
9
-7
8
-5
-2
4
-9
9
-10
14
-6
6
-2
-12
14
-19
21
-15
6
8
-14
5
6
-6
1
11
-20
19
-11
2
5
-9
6
-1
-2
-2
7
-13
17
-17
10
3
-19
23
-19
14
-8
2
6
-16
16
-7
2
0
0
-7
3
7
-7
4
4
-16
13
2
-10
14
-13
6
-11
12
4
-6
13
-19
8
-1
-9
12
-1
0
-1
5
-7
4
-6
4
0
-7
16
-12
-1
8
-4
-3
11
-8
0
4
-6
6
0
-1
0
1
-6
13
-19
21
-13
-6
18
-20
24
-17
10
-18
12
-7
-3
14
-8
18
-29
25
-25
17
-7
4
4
-9
7
-5
5
-10
24
-34
32
-20
4
9
-14
21
-27
15
-5
7
-4
-3
10
-17
6
4
0
4
-4
-2
-8
10
-8
7
6
-20
18
-3
-7
10
-14
-1
15
-11
14
-2
-19
15
-6
-8
18
-10
12
-12
0
-8
10
10
-27
44
-34
14
-9
0
-4
8
0
-17
27
-18
14
-10
1
15
-30
36
-39
31
-28
11
18
-31
31
-19
11
-17
10
3
-1
8
-18
28
-32
14
-17
32
-16
11
-18
5
-4
6
15
-20
22
-22
6
-14
32
-17
0
-1
-2
-7
3
29
-40
44
-30
-5
23
-29
24
-4
-2
6
-5
-23
39
-38
33
1
-31
6
12
-17
27
19
-66
59
-39
26
-7
-5
4
-25
40
-47
70
-50
2
16
-28
16
13
-21
4
15
-23
43
-26
3
-22
24
-31
4
53
-57
60
-77
74
-51
9
26
-39
41
-34
31
-24
-1
5
-24
27
9
-23
23
-18
-14
67
-66
23
1
-24
18
-15
33
-16
-12
11
-8
11
-5
22
-35
24
-33
24
18
-26
15
-8
-10
23
-21
19
3
-38
27
-10
37
-24
-20
14
15
-32
52
-34
-2
17
-46
62
-56
30
5
-12
20
-21
20
-46
55
-35
4
39
-70
77
-65
25
-14
23
10
-36
27
-29
44
-54
37
-6
-10
48
-73
62
-57
56
-52
24
15
-29
25
-32
41
-38
31
-21
5
1
-4
20
-42
45
-51
50
-9
-23
9
7
-14
1
45
-57
42
-36
-1
47
-54
53
-32
-3
4
15
-35
34
-33
27
12
-34
53
-92
110
-93
42
8
-21
45
-94
131
-133
88
-25
-28
66
-62
52
-70
64
-37
31
0
-56
75
-59
45
-36
27
-35
14
22
-30
38
-66
92
-81
24
56
-87
86
-76
39
-52
77
-54
29
-2
-37
66
-89
105
-100
81
-41
-10
29
-18
34
-60
68
-72
29
25
-32
31
-20
-22
49
-41
16
14
-33
31
-34
47
-66
72
-45
26
-22
1
24
-17
-14
29
-8
-30
53
-81
109
-123
146
-143
97
-8
-80
123
-172
208
-202
167
-116
68
-2
-75
103
-120
147
-138
102
-29
-39
49
-56
77
-88
73
-28
-9
23
-29
35
-34
12
23
-13
-25
33
-7
-25
23
-27
46
-51
42
-47
45
-6
-11
42
-78
91
-117
106
-56
-14
80
-82
50
-55
85
-64
15
23
-34
37
-62
77
-98
121
-124
100
-31
-12
10
-11
-6
-7
52
-81
113
-128
121
-118
115
-95
45
20
-97
121
-88
74
-45
24
-19
5
33
-74
45
-5
-7
12
6
-15
35
-67
72
-34
-31
97
-140
146
-130
90
-50
-6
77
-138
166
-136
95
-53
1
67
-104
68
-39
31
-4
-61
115
-99
33
4
2
41
-87
83
-36
-38
64
-71
55
-29
16
-9
55
-93
102
-79
-20
91
-121
174
-190
166
-145
79
26
-81
103
-107
109
-126
126
-140
149
-110
70
-19
-61
117
-152
165
-160
147
-99
61
-57
19
74
-146
143
-135
114
-94
123
-109
94
-59
-32
54
-87
127
-107
104
-93
73
-64
41
1
-62
82
-85
91
-34
-11
29
-49
60
-84
70
-55
97
-127
141
-111
39
16
-83
128
-118
93
-59
38
7
-54
55
-48
35
-43
40
8
-60
76
-56
42
-21
34
-20
-21
-13
24
-8
16
22
-68
97
-160
124
-56
-3
105
-139
157
-155
106
-55
19
38
-101
134
-137
82
-53
58
-88
91
-33
-23
80
-94
69
-76
132
-156
104
-50
-16
50
-66
108
-94
43
-4
4
-24
29
-16
29
-93
92
-57
32
8
-6
18
-29
13
-22
66
-87
55
-55
21
-14
45
11
-15
-16
18
-50
-8
51
10
-31
51
2
-56
27
-9
18
-32
46
-66
49
-59
47
-25
15
-11
30
-59
98
-69
23
34
-132
137
-90
72
-45
73
-111
102
-62
-23
75
-59
30
3
-3
-8
11
-53
37
-8
26
-31
30
-36
44
-34
19
-6
-2
25
-77
108
-121
124
-151
172
-134
102
-42
9
3
-113
185
-206
219
-152
83
-59
39
-38
30
17
-23
28
-80
96
-160
204
-168
149
-90
10
44
-124
162
-162
173
-133
105
-32
-43
58
-128
154
-106
76
-60
38
-93
131
-108
89
-58
47
-13
-74
140
-182
170
-126
97
-10
-92
191
-255
250
-192
127
-30
-44
17
-26
55
-61
103
-122
65
-61
63
-17
7
7
-4
-36
-4
37
-8
-4
22
4
-77
104
-78
65
-59
29
-2
25
-35
10
8
-14
-26
36
-25
50
-89
125
-93
27
31
-60
118
-93
28
-89
92
-147
182
-133
113
-92
109
-104
110
-96
7
12
-14
36
-31
109
-215
281
-249
132
-26
-45
78
-47
30
-52
63
-62
89
-172
190
-161
49
16
-9
31
-12
22
-58
36
-9
3
70
-90
72
-59
-1
38
-54
125
-186
202
-180
122
-105
126
-135
123
-115
69
34
-79
120
-216
254
-225
192
-123
57
10
-117
95
-108
196
-154
163
-127
29
-58
15
64
-109
249
-250
176
-145
39
-26
48
-2
-64
89
-49
86
-190
219
-244
235
-141
40
49
-104
102
-65
91
-117
132
-183
140
-61
50
15
-51
23
-68
72
-47
59
-63
53
-12
-124
225
-187
174
-102
-10
46
-64
92
-153
138
-61
-3
32
-41
33
53
-80
76
-89
50
-54
26
-13
-5
84
-112
194
-242
235
-222
94
9
-30
39
18
-86
33
67
-158
202
-150
124
-103
73
-35
-93
190
-232
283
-310
209
-78
-10
149
-189
191
-193
134
-133
104
-36
-24
119
-139
91
-55
25
-38
93
-56
-7
2
-70
117
-175
184
-58
18
-9
-38
14
42
-45
3
110
-206
246
-167
59
41
-117
92
-57
44
-76
33
26
-53
120
-164
123
-99
70
20
-16
21
-71
28
-32
79
-6
4
-105
84
-39
32
32
-79
67
-60
120
-139
118
-59
-38
109
-230
179
-39
-60
143
-166
134
-105
89
-7
-21
53
-80
135
-124
0
-21
31
2
39
-9
33
-90
115
-108
20
26
-77
91
-120
139
-125
197
-176
45
6
-43
133
-137
158
-155
71
-79
6
52
-45
162
-129
92
-115
84
-78
73
-163
166
-120
89
7
-165
211
-239
257
-86
10
80
-54
-55
3
1
-29
122
-110
132
-100
-29
-18
-28
93
-83
159
-221
201
-95
-32
66
-94
120
-129
198
-263
245
-174
208
-162
47
68
-129
229
-238
134
-174
128
-136
78
-6
-47
137
-41
20
-34
65
-140
224
-312
145
-19
-80
147
9
37
-62
86
-163
124
-183
110
-92
134
41
-5
45
-78
7
-177
233
-181
95
24
-123
208
-246
172
-103
82
10
-111
119
-113
-28
168
-105
76
-46
-24
52
1
53
-91
90
-116
116
-120
180
-175
89
-55
-41
59
-89
117
-14
-30
15
94
-127
97
-94
-27
19
-48
104
-146
197
-45
-68
171
-159
19
37
-8
-74
116
-91
31
95
-183
142
-96
66
29
-58
64
-178
125
-77
46
43
-60
75
-52
70
-91
133
-111
40
31
-138
65
-24
95
-88
159
-174
145
-99
53
32
-89
118
-240
202
-176
118
-41
16
52
-55
50
-58
129
-157
73
-97
95
-109
170
-90
16
33
-115
210
-155
165
-179
115
-115
103
-122
88
-13
-111
239
-174
137
-177
52
71
-127
195
-189
100
-86
66
-59
-15
53
3
28
-50
109
-97
64
-89
50
-4
-54
213
-273
247
-249
155
48
-142
216
-310
318
-397
327
-84
-130
300
-278
300
-304
259
-254
150
-50
-56
83
-144
100
-45
129
-109
103
-194
201
-234
162
-101
104
-33
-20
141
-84
76
-18
-25
7
16
10
2
57
-175
84
-48
-13
-19
32
-51
50
-68
-33
-38
36
35
-7
166
-155
98
-48
28
38
-106
177
-120
183
-169
16
185
-331
315
-169
31
4
-38
-41
-57
47
-69
70
48
-214
226
-55
-62
279
-388
298
-163
-7
168
-284
264
-53
-55
50
55
-84
64
22
-93
74
-50
-43
86
-225
258
-205
136
-20
-160
298
-307
259
-198
114
-20
56
5
-106
185
-275
243
-164
200
-192
171
-111
-120
189
-70
-26
30
-15
2
145
-256
194
-187
217
-145
1
150
-338
395
-221
83
21
-104
91
33
-70
-33
52
-80
48
-171
347
-293
222
-110
102
-41
-43
-1
-31
261
-360
253
-211
164
-190
277
-297
125
65
-135
208
-240
112
-50
206
-269
278
-165
61
-74
-5
153
-186
278
-464
416
-404
184
-5
-23
137
-215
319
-326
315
-344
326
-257
182
-58
-31
100
-244
286
-300
329
-286
274
-152
20
107
-88
112
-123
133
-212
194
-147
47
-23
-60
162
-188
125
-72
-18
52
8
-39
61
-67
41
-59
-41
79
-67
49
-99
201
-245
244
-197
220
-70
-78
146
-339
472
-407
165
164
-239
390
-522
550
-523
284
-139
73
62
-257
341
-436
396
-332
208
-17
-16
59
-34
2
-117
163
-147
138
42
-166
134
-113
-45
88
-71
100
-32
150
-66
-5
27
-101
151
-180
62
-44
12
33
-84
108
-136
143
-13
-21
-193
190
-37
-14
50
-90
6
46
-82
70
29
-128
267
-300
319
-246
135
-98
172
-141
-2
86
-73
76
-119
104
-37
45
-76
92
-31
-55
23
4
-56
100
-121
83
117
-132
-21
-18
3
13
33
17
54
-55
-77
125
-149
164
-272
508
-428
265
-179
49
-113
-66
222
-276
372
-326
326
-313
188
18
-169
399
-543
487
-350
250
-304
214
-25
-51
138
-235
391
-525
576
-490
299
-193
22
174
-191
322
-441
449
-329
267
-198
94
4
-34
69
-256
360
-410
274
-200
-25
89
-185
207
-157
141
-122
-18
114
-83
-33
-1
101
-132
220
-302
324
-288
298
-435
472
-332
146
195
-369
401
-367
280
-94
38
26
-53
224
-414
362
-377
283
-64
-150
447
-487
575
-339
197
-164
82
-103
28
72
-235
149
-233
229
-133
-2
72
-16
6
202
-153
28
-64
-84
202
-262
200
-26
26
22
47
108
-171
274
-221
174
-108
-77
5
112
-183
96
-102
-64
27
-199
168
-344
219
-205
207
2
-131
446
-452
439
-192
105
-33
114
135
-342
444
-437
222
-149
24
81
-85
50
-175
139
-217
137
-44
89
-74
135
213
-106
71
-134
-68
-78
-91
-71
286
-106
-51
285
-134
74
-12
-91
-84
59
-40
235
-217
-179
-23
228
-75
124
-7
-204
225
-16
197
-81
-175
139
-210
273
-207
-18
-185
74
-20
-152
157
-192
155
157
-5
161
-71
-219
10
42
-344
177
99
109
264
-25
-19
-230
69
-162
368
-43
52
131
-95
129
-236
55
-388
98
-404
-58
50
83
-182
158
-249
-92
359
-519
100
-392
13
-305
23
-117
-253
441
-456
340
-227
-391
-147
-165
-144
-232
183
-226
298
-71
-37
104
-141
217
-166
495
67
320
194
289
187
35
492
-106
587
-76
284
414
11
442
0
276
0
255
178
252
125
-25
228
-235
42
-218
204
-427
188
-148
-208
57
-503
55
-418
-78
-168
-65
50
-397
222
-394
-284
-207
-181
-480
171
-287
-414
135
-501
272
-271
137
-499
111
-314
-489
278
-661
190
-53
27
62
157
255
-28
492
-147
602
166
441
301
70
548
-154
452
-9
198
407
127
303
184
-30
-136
-110
255
-41
173
56
-56
148
-171
36
-111
-123
-24
-96
130
-215
-222
-433
-171
-271
-59
80
36
0
64
26
-63
-20
-139
129
-171
58
-24
-162
-107
-321
-43
-247
-308
-197
-191
-152
-82
443
-42
536
249
418
442
246
400
180
467
-53
493
-330
6
-258
-461
70
-937
153
-221
-184
23
-339
10
-374
-359
-324
-466
-344
32
-17
346
-309
73
345
-57
620
-37
750
135
639
208
-71
116
-494
188
-395
98
2
-3
17
131
416
84
428
292
340
198
171
120
140
82
151
358
325
297
120
-144
-294
-289
-82
131
-53
344
-108
100
180
-197
-60
-781
-116
-796
-338
-235
-675
-255
-971
-546
-689
-580
-428
-203
-610
36
-343
-333
-61
-390
-262
-420
72
-4
546
-47
590
59
137
413
316
595
307
674
302
648
169
323
86
219
611
-124
818
288
226
254
167
626
201
626
492
651
441
584
605
233
626
126
358
220
182
-236
-241
-440
-611
-691
-816
-333
-800
-337
-478
-367
-493
-628
-412
-588
-493
-845
-885
-1050
-1147
-1012
-920
-792
-968
-880
-577
-295
-43
64
470
476
469
328
405
215
13
179
19
425
234
459
661
466
542
751
1247
1222
1300
1313
1299
1167
1011
1077
940
1100
1072
1206
1334
1498
1474
1581
1699
1604
1576
1468
1640
1269
938
558
147
-301
-748
-872
-985
-1052
-1276
-1473
-1751
-2134
-2283
-2612
-2688
-2753
-2953
-3040
-3447
-3780
-4371
-4438
-4440
-4435
-4593
-4821
-5063
-5513
-5906
-5882
-6477
-5661
-3703
-551
3379
3041
3010
1164
1937
3756
4954
6690
6195
7484
8352
9715
9897
7921
6876
5564
6659
7365
7800
7557
5612
4190
2854
2227
1613
456
-791
-1241
-1388
-1175
-1348
-2035
-3040
-3285
-2709
-1615
-1014
-1262
-1839
-2126
-2061
-1536
-1273
-1103
-1468
-1486
-1853
-2265
-3258
-4306
-5312
-5978
-6495
-7866
-8888
-10437
-11225
-12698
-13607
-15164
-13378
-9473
-2626
1855
1420
46
-2583
958
3893
8107
9167
9517
11412
14019
16831
15329
11975
8766
7736
8627
9311
9970
9682
7459
4235
225
-2462
-3564
-4046
-3985
-4905
-5401
-5263
-4515
-4050
-4769
-4942
-4349
-2586
-230
1438
2690
2597
2899
3467
4580
5792
6249
6235
5614
4576
3574
2534
1065
-373
-1769
-2498
-2628
-3737
-5338
-7953
-10066
-11167
-11412
-10937
-11099
-11559
-12810
-13560
-14686
-15614
-16698
-16047
-11734
-4606
3591
6670
6724
4051
4117
7108
10701
14449
15622
17123
18569
19851
19249
15311
10844
7496
6919
7232
7302
7135
5097
1849
-2991
-7443
-9820
-10681
-10182
-9928
-9637
-9311
-8360
-7192
-6537
-5974
-5115
-2955
194
3698
6024
7108
7222
7507
8257
9371
10415
10833
9980
8062
6059
3892
2099
-67
-1895
-3525
-4481
-5098
-6210
-8267
-11239
-13556
-14348
-13778
-12447
-11809
-11862
-12877
-13966
-15014
-15863
-15812
-15258
-10393
-3238
6432
11581
10932
7983
5081
8267
12085
16701
18519
18809
19940
20431
20391
15673
10093
5723
4358
5724
5816
5909
3723
-371
-5542
-10818
-12863
-13376
-12288
-11648
-11481
-10945
-10011
-8199
-7023
-5523
-4282
-1828
1587
5222
7980
9259
9453
9607
10182
11286
12760
13047
11844
9333
6211
3706
1502
-623
-2685
-4959
-6053
-6786
-7643
-9709
-13001
-15510
-16526
-15333
-13282
-12238
-12420
-13968
-14774
-15679
-15871
-16520
-14937
-8200
1481
12553
14057
11162
5596
5099
10736
15333
19587
19121
19632
20729
21555
19189
12229
6318
3162
4745
6221
6229
5411
1191
-3889
-9940
-13245
-12992
-11704
-10441
-10960
-11143
-10795
-9215
-7459
-5987
-4133
-2198
881
4091
7182
8894
9275
9202
9825
10810
12675
13762
12925
10234
6144
2781
558
-914
-2226
-4158
-6299
-7695
-8661
-10086
-12558
-15318
-16798
-16312
-14292
-12359
-11738
-12988
-14322
-15650
-15939
-16329
-15473
-8785
578
12467
15326
11977
5902
3720
9619
14994
20277
20348
20185
20688
20974
19280
12231
6113
2636
4273
6734
6436
5550
1051
-4215
-10598
-14322
-13487
-11075
-8827
-9400
-10481
-11321
-10560
-8984
-7038
-4234
-1823
1443
4097
6908
8629
8864
8928
9632
11449
13616
15101
14340
11296
6760
2717
668
-140
-680
-1974
-4499
-6859
-8417
-9862
-11651
-13847
-15126
-15015
-13207
-11371
-10633
-12224
-14346
-15963
-16514
-16108
-15780
-9924
-1350
10354
14809
10978
4741
560
6559
12889
19197
20045
18832
18828
18561
18106
12193
6090
2517
3687
7140
7206
6438
1817
-3831
-10253
-14628
-13530
-10249
-6952
-7256
-9050
-11099
-11414
-10323
-8392
-4921
-1696
1410
3677
5548
6862
7267
7300
8581
10739
13775
15884
15690
12570
7294
2436
282
557
1348
1270
-1273
-4716
-7646
-9668
-10901
-12379
-13337
-13235
-11712
-10036
-9639
-11538
-14622
-16119
-16788
-15459
-15425
-11614
-4314
5782
13862
11029
5640
-1342
2076
9816
17157
20829
18628
17277
15591
15492
12241
7039
3776
3365
6545
6960
6108
3024
-2537
-8103
-13545
-13243
-9514
-5116
-3951
-6353
-9276
-11138
-10270
-8245
-4202
-160
2925
4481
5015
5509
5932
6133
7441
9866
12658
15264
15095
12338
6780
1234
-1489
-1120
668
1456
-221
-4269
-8322
-11074
-12186
-12540
-12834
-12227
-10935
-9549
-9255
-10708
-13566
-15376
-16041
-14881
-14088
-11423
-4763
4353
13344
12144
6407
-1039
-4
8550
16690
21775
19758
16998
14398
13357
11526
7597
5026
4435
6953
7673
6260
3435
-1970
-7286
-12591
-13055
-8884
-4117
-2060
-4653
-8508
-11184
-10817
-8427
-4172
452
3691
4848
4147
3532
3755
4556
6308
9169
11903
14162
13848
10913
5830
347
-2417
-1762
801
2341
741
-3992
-9019
-12339
-12751
-11556
-10546
-9618
-9269
-8672
-9038
-10179
-12578
-14126
-14455
-13309
-12352
-11147
-5773
2015
11810
12523
6810
-1090
-2290
6415
15346
21639
19826
16036
12670
11481
10852
8165
6176
5251
7189
7725
5841
3241
-1332
-5773
-10674
-12145
-8698
-4101
-1701
-3943
-8049
-11111
-11150
-8965
-4643
315
3883
4871
3251
1640
1660
3159
5761
8934
11436
13294
12852
10313
6188
1600
-1027
-772
1478
3346
2178
-2642
-8169
-11949
-12467
-10750
-9051
-7922
-8164
-8670
-9666
-10745
-12524
-13942
-14028
-13229
-11881
-11953
-8177
-1903
7784
11937
7798
800
-3794
2982
11783
19960
20427
16512
12434
9831
9885
8227
7303
6434
7486
7994
5731
3493
88
-3271
-7391
-10216
-8279
-4265
-1020
-2238
-5827
-9161
-9870
-8034
-4513
809
4455
5989
3900
1484
776
2192
5226
8529
11156
12160
11536
9087
5591
1821
-830
-815
920
2519
2103
-2173
-7475
-11713
-12579
-10816
-8798
-7119
-7467
-8153
-9747
-10648
-11603
-12613
-12347
-12218
-10831
-11592
-9775
-4856
3490
10878
8830
3278
-3536
-557
7965
16202
19837
16437
12538
8963
8903
8440
7639
7292
7219
8180
6107
3965
1836
-792
-3687
-7396
-7297
-4393
-1374
-1295
-4307
-7241
-8761
-7783
-5385
-911
3229
5114
3553
210
-1295
-78
3078
6722
9350
10461
9848
7324
4270
1281
-731
-913
569
1894
1910
-1378
-6187
-10265
-11812
-10401
-8498
-6617
-6452
-7215
-9095
-10606
-11610
-12036
-12089
-11718
-11260
-11415
-8252
-2784
6691
10091
6842
113
-3884
2196
10034
18110
19016
16126
11658
8481
8347
7836
8810
8867
9640
9096
5706
3261
874
-383
-2639
-5363
-5305
-3720
-1721
-2688
-5336
-7885
-8536
-7104
-4180
181
3394
3949
1211
-1695
-2392
-181
3056
6657
8804
9220
7689
4588
2195
327
-149
555
1601
2208
860
-2753
-6775
-9829
-10062
-8547
-6543
-5298
-5696
-6860
-9355
-10529
-11591
-11040
-10930
-11067
-11018
-11396
-7579
-2030
6899
9123
5598
-1051
-3908
2250
9525
17103
17770
15332
10638
7036
6626
6744
9057
10148
10955
9161
5003
2213
58
-433
-1994
-3498
-3315
-2479
-1857
-3619
-6115
-7884
-7691
-6045
-3113
559
3031
2842
-40
-2446
-2328
384
3874
7162
8828
8442
6065
2811
898
288
978
2283
2828
2636
424
-3397
-6783
-8921
-8090
-6349
-4919
-4647
-6099
-7708
-9693
-10253
-10333
-9820
-9780
-10376
-10829
-11597
-8434
-3427
4718
7826
5062
-203
-3824
999
6929
14261
15957
14396
10530
6510
5878
5669
8364
9906
11005
9435
5385
2701
658
416
-449
-1451
-1216
-909
-907
-2860
-5092
-6394
-6113
-4771
-2599
239
2436
2688
358
-1757
-2418
-400
2483
5522
7371
6961
4723
1344
-395
-669
493
1898
2319
1767
-561
-3813
-6647
-7958
-7105
-5289
-4345
-4690
-6256
-7785
-8587
-8880
-8616
-8387
-8107
-8641
-9102
-10197
-8911
-4880
1078
6449
5601
2560
-1939
-953
3179
8762
12764
12711
11347
7497
5876
4628
5716
7942
9600
10479
7941
5070
2321
952
321
-106
681
1582
1692
-136
-2564
-4266
-4498
-3593
-2078
259
2183
2882
1379
-922
-2460
-1996
45
2799
5293
5904
4420
1282
-1555
-2476
-1914
-471
979
1243
114
-2876
-5809
-7177
-6717
-4892
-3825
-3577
-4552
-5738
-6928
-7535
-7297
-6620
-5690
-5479
-5943
-6806
-7980
-7691
-5362
-1044
3767
4582
3165
-780
-1878
-204
3391
7612
9365
10394
8165
5959
3027
2283
3956
6763
9643
9111
7103
3531
1006
-185
332
2479
4281
4594
2214
-517
-2665
-2865
-1849
-924
704
1416
2144
1222
-700
-2479
-3217
-1603
695
3428
4159
3142
537
-2163
-3396
-3101
-1037
1164
2543
1574
-1177
-4201
-5668
-5092
-3566
-2042
-1656
-1856
-2941
-4105
-4721
-4754
-3783
-3239
-2703
-3084
-3506
-4404
-5150
-5670
-5166
-3148
-600
1786
1286
40
-2509
-2920
-1842
838
4171
5830
6401
4178
1967
283
966
3826
6639
8447
7340
5044
2548
1542
2258
3989
5726
5880
4823
2602
1229
360
380
787
1278
2279
1999
1204
-947
-2449
-2795
-2117
-714
-100
296
-312
-1328
-2669
-3446
-2968
-1736
-256
385
286
-659
-1735
-2629
-2718
-2239
-1640
-874
-711
-775
-1278
-1706
-1655
-1497
-957
-644
-227
-33
-133
-729
-2210
-3578
-4813
-4947
-4710
-4203
-3462
-3232
-2732
-3244
-3500
-3901
-3493
-2100
-1020
448
625
1160
1231
1421
2036
2700
4516
5878
7063
6753
5980
5268
5177
5892
6388
7013
6468
5735
4278
2994
2025
1193
1126
680
632
-205
-1233
-2501
-3648
-3887
-3767
-2832
-2122
-1355
-1158
-1424
-1686
-1847
-1263
-558
438
1229
1603
1568
976
661
691
1214
1656
1604
1194
431
2
-124
365
704
443
-400
-1507
-2112
-2520
-2746
-3279
-3801
-4449
-4916
-5154
-5233
-4985
-5062
-5403
-5978
-6033
-5046
-3360
-1894
-1328
-1647
-1945
-1594
-438
1061
2386
3466
4077
4305
4086
3993
4356
5260
6107
6111
5496
4375
3660
3302
3176
3048
2406
1571
476
-178
-536
-736
-911
-1325
-1649
-2086
-2253
-2250
-1762
-1111
-484
25
438
955
1292
1721
2066
2511
2956
3079
3050
2721
2574
2506
2576
2545
2024
1417
429
-4
-410
-590
-1084
-1969
-2635
-3121
-2989
-2844
-2554
-2503
-2839
-3388
-4074
-4054
-3382
-2290
-1472
-1427
-1793
-2209
-2163
-1922
-1671
-1497
-1322
-788
-340
37
21
-180
-399
-670
-624
-275
478
1028
1061
568
-181
-584
-579
-98
414
759
773
517
244
-17
-124
76
443
1051
1470
1615
1432
912
645
525
1016
1733
2396
2826
2695
2400
1848
1609
1786
2309
2878
2852
2414
1660
1055
679
341
85
-296
-417
-537
-631
-915
-1295
-1714
-2157
-2369
-2323
-1796
-1271
-934
-1164
-1613
-1725
-1260
-332
487
1132
1300
1403
1219
1151
1384
1807
2343
2302
1883
1158
571
305
142
-24
-438
-877
-1484
-2206
-2967
-3520
-3547
-3156
-2802
-2712
-3168
-3745
-4071
-3771
-2730
-1561
-569
-343
-548
-947
-1119
-732
104
1238
2145
2672
2657
2366
2099
2171
2674
3239
3586
3464
2971
2308
1629
1086
791
776
969
1106
1020
465
-469
-1515
-2152
-2093
-1394
-573
-166
-359
-1128
-1796
-2061
-1600
-856
-131
248
283
215
128
293
602
1010
1243
1299
1206
1148
1116
1038
918
704
600
473
310
17
-358
-542
-509
-313
-140
-242
-588
-1071
-1403
-1486
-1355
-1044
-660
-253
-84
-188
-536
-846
-841
-457
147
669
813
654
392
300
415
727
1066
1174
1054
658
282
-40
-143
-14
241
474
438
-30
-747
-1395
-1565
-1271
-819
-539
-645
-985
-1362
-1586
-1550
-1336
-1002
-702
-439
-241
-12
223
366
454
401
460
681
1091
1460
1604
1489
1178
783
376
254
335
522
557
374
57
-337
-689
-837
-778
-556
-344
-255
-372
-551
-682
-551
-254
117
467
648
689
577
503
477
654
951
1348
1716
1837
1725
1282
852
514
481
678
818
780
508
245
113
-90
-373
-799
-1158
-1267
-1100
-769
-566
-656
-1028
-1458
-1677
-1572
-1240
-932
-786
-757
-812
-819
-786
-650
-503
-350
-206
-29
98
123
30
-163
-333
-465
-356
-82
264
458
328
-15
-375
-466
-281
92
431
590
476
140
-199
-295
-72
352
759
981
996
815
531
262
151
312
693
1090
1341
1275
999
674
367
224
252
521
824
937
761
330
-12
-118
3
165
195
88
-123
-374
-549
-616
-541
-446
-389
-438
-539
-642
-673
-609
-460
-248
-31
113
2
-286
-577
-586
-243
196
416
165
-371
-915
-1110
-858
-411
-92
-195
-600
-1129
-1504
-1590
-1368
-930
-525
-300
-375
-603
-758
-684
-335
190
690
1043
1211
1217
1062
866
843
1050
1496
1930
2125
1920
1405
833
480
528
847
1199
1281
998
443
-87
-373
-387
-269
-205
-290
-445
-622
-717
-742
-786
-775
-805
-780
-727
-622
-492
-498
-576
-687
-615
-287
91
321
289
165
136
257
430
458
296
43
-125
-66
145
340
309
31
-344
-617
-667
-547
-320
-135
-34
-96
-319
-525
-612
-537
-300
28
325
456
337
105
-61
-53
147
442
702
865
792
493
115
-120
-13
340
687
773
572
188
-136
-229
-111
42
69
-47
-206
-344
-399
-424
-473
-513
-559
-576
-539
-414
-270
-192
-318
-544
-708
-634
-300
96
351
318
120
-99
-184
-122
60
216
301
330
269
135
-65
-176
-182
-90
7
10
-9
-8
136
236
238
153
26
74
248
501
700
734
673
536
430
421
508
684
878
991
982
756
379
23
-158
-78
131
271
185
-118
-466
-726
-793
-711
-565
-444
-449
-578
-759
-822
-796
-705
-636
-555
-420
-288
-138
-88
-129
-201
-226
-140
86
310
432
389
210
42
-15
18
81
74
6
-84
-183
-293
-440
-561
-630
-599
-503
-386
-279
-218
-157
-85
-23
61
140
251
395
514
606
645
697
769
838
854
831
809
826
945
1037
982
739
403
185
175
295
417
406
267
133
-9
-182
-460
-779
-949
-912
-672
-379
-202
-206
-414
-705
-901
-886
-680
-340
-70
6
-171
-490
-711
-743
-554
-263
-7
111
118
20
-61
-132
-163
-168
-142
-102
-111
-229
-414
-590
-689
-643
-537
-338
-108
126
315
367
351
295
261
307
406
566
745
883
910
821
708
661
753
944
1125
1217
1132
844
469
170
98
265
448
508
371
128
-78
-251
-359
-451
-491
-471
-417
-439
-527
-666
-788
-832
-788
-628
-443
-277
-289
-424
-657
-780
-665
-363
-27
130
81
-129
-288
-304
-198
8
171
257
139
-97
-340
-443
-320
-99
104
110
-30
-191
-275
-210
-101
3
55
53
66
120
244
376
494
527
492
419
377
400
513
656
759
757
650
486
304
188
195
289
421
450
370
199
8
-141
-234
-258
-233
-153
-90
-98
-201
-374
-527
-573
-472
-321
-201
-212
-297
-437
-547
-585
-517
-305
-83
59
32
-73
-219
-270
-232
-86
85
203
264
194
32
-169
-282
-264
-125
23
88
20
-121
-270
-349
-319
-221
-82
58
122
127
118
107
137
174
228
276
317
377
469
569
635
615
504
372
296
331
424
474
487
424
356
270
171
55
-75
-179
-215
-176
-148
-152
-257
-390
-488
-499
-392
-256
-133
-102
-180
-348
-515
-567
-463
-180
79
192
115
-95
-278
-393
-356
-216
-50
77
70
-37
-197
-333
-375
-359
-270
-202
-164
-147
-162
-190
-209
-194
-144
-48
40
127
213
292
351
378
361
329
325
396
536
703
810
810
741
639
550
507
464
427
359
329
312
290
250
121
-57
-226
-306
-307
-254
-222
-269
-419
-589
-693
-665
-537
-372
-286
-326
-441
-539
-529
-398
-175
33
109
48
-74
-144
-109
-34
63
130
195
263
273
200
17
-206
-366
-413
-300
-133
2
-3
-153
-342
-475
-457
-329
-160
9
104
124
117
132
186
239
295
386
512
652
755
801
752
671
566
550
556
593
543
443
307
196
143
46
-24
-165
-236
-326
-380
-448
-508
-576
-653
-698
-721
-672
-615
-537
-492
-457
-479
-467
-415
-323
-213
-117
-21
81
185
255
266
237
233
289
382
446
461
385
263
111
21
-3
50
105
79
-21
-171
-256
-265
-181
-98
-85
-128
-169
-206
-149
-71
65
215
332
401
365
339
316
371
439
517
580
602
583
452
299
150
105
93
101
43
-80
-187
-296
-295
-324
-338
-417
-504
-574
-580
-523
-458
-377
-360
-337
-367
-347
-292
-204
-71
-23
32
3
34
95
172
220
213
203
137
124
68
2
-12
-60
-37
-27
-25
-10
-57
-124
-178
-225
-194
-154
-69
-65
-48
-36
-22
60
130
233
286
377
411
442
462
436
430
401
425
479
531
581
520
423
290
198
158
144
114
7
-66
-192
-207
-279
-289
-387
-486
-546
-606
-558
-571
-503
-535
-501
-513
-479
-407
-366
-291
-262
-234
-194
-109
-15
79
139
166
164
170
175
195
202
194
116
87
64
106
198
235
186
58
-96
-128
-137
-47
48
47
106
0
41
-50
54
62
152
235
224
327
198
293
213
303
303
335
345
309
361
336
344
269
213
94
61
20
64
83
15
6
-191
-257
-378
-382
-371
-349
-312
-373
-391
-494
-560
-525
-488
-322
-182
-130
-88
-203
-211
-195
-100
69
169
246
169
117
17
49
72
126
154
173
154
72
38
-99
-78
-130
1
72
116
128
47
-17
-107
-108
-99
43
112
227
234
195
166
101
129
126
151
179
178
123
103
24
49
52
123
87
-2
-1
-127
-60
-107
-18
-6
-33
-61
-160
-99
-129
-43
-32
-32
27
-33
0
-73
-67
-51
-68
-43
-68
16
-4
99
10
59
26
-76
20
-58
62
-2
56
-16
-84
-37
-138
11
-57
17
-37
-95
26
-127
-35
-96
-121
-78
-99
-30
7
16
22
7
-23
-15
-49
105
43
173
125
117
86
28
111
43
128
43
116
105
59
168
73
85
69
39
-36
-62
-19
-43
61
19
5
-39
-156
-116
-141
-99
-86
-68
-42
-97
-75
-138
-136
-79
7
7
25
55
-109
-13
-74
-22
46
80
98
70
92
23
24
4
51
32
122
71
21
-16
-89
-102
-73
8
12
92
-29
-17
-83
-94
-62
-84
32
37
49
58
38
24
-4
-29
5
-5
94
76
178
64
103
29
-5
118
41
121
16
19
-2
-73
-53
-111
-112
-80
-88
-60
-52
-47
-60
-94
-101
-138
-93
48
46
36
65
-10
20
6
78
60
86
103
82
53
64
99
26
76
2
8
36
-8
127
-58
28
-93
-117
-70
-204
9
-118
-28
-3
-123
-61
-165
-85
-81
-53
85
15
120
-21
-13
-21
-49
105
129
178
228
141
28
35
-30
27
126
81
113
84
43
-1
-80
-126
-65
-101
-104
-13
-124
-17
-122
-78
-65
-201
77
-201
-10
77
-140
139
-71
21
160
-48
177
-3
-50
103
-43
170
97
53
87
-144
29
-65
-21
-16
-60
-41
-113
93
-104
16
-15
-85
36
-127
-88
6
-58
12
101
122
197
108
153
-56
-92
-44
-79
136
179
232
232
0
61
-12
-4
58
-47
-17
-71
-118
-10
-92
22
-46
-141
-1
-156
-89
-47
-220
-1
-203
66
46
-38
83
-92
199
0
165
111
12
174
-133
-8
-199
-266
90
-70
137
168
-42
28
-194
-63
-326
63
-182
-142
70
-335
289
-241
8
193
-180
295
-45
372
-49
135
278
-126
480
-99
209
55
-149
327
-85
134
9
19
77
-295
294
-201
-10
81
-191
-38
-155
169
-33
122
241
-156
162
-318
-183
-127
-576
62
-237
32
224
-233
265
-196
-64
104
-219
182
139
295
420
-28
236
-166
-201
90
-164
161
-87
313
-77
118
26
-157
45
-40
-113
-112
-196
-244
-71
46
-65
204
-108
-57
118
-417
322
-352
163
432
-190
550
-105
-227
40
-390
142
85
79
296
33
160
264
-137
110
-119
-101
-138
-175
-45
-67
-12
-131
-112
-415
204
-123
276
378
-192
349
-161
-302
294
-243
125
309
-163
110
-31
-130
-136
-32
-186
-33
217
163
212
228
-189
7
-243
-247
171
-134
79
173
-201
74
-4
-51
128
-35
6
-33
-72
50
83
-19
34
-60
24
-139
-4
52
-194
23
232
-272
216
-202
-109
-61
-106
93
243
203
412
137
-84
240
-351
161
-141
-482
433
-319
262
443
-471
299
-39
-211
152
-203
-411
-115
-341
169
111
271
284
-190
-15
-299
154
-357
235
85
133
558
202
133
-315
-402
-538
92
26
209
542
86
-1
189
-514
-121
-118
-609
-110
-224
-352
443
78
510
410
206
111
-444
-205
-562
-138
144
127
546
200
307
310
-426
5
-304
45
53
196
-25
51
13
-18
298
-201
212
-36
-352
-246
-307
-234
-89
464
145
351
367
-523
12
-859
-372
-79
-30
525
410
447
392
133
-85
-296
-796
15
-415
325
556
333
664
321
3
-75
-463
-556
-429
-205
-31
247
266
487
-10
-16
-223
-681
-240
-452
48
41
208
281
305
317
158
-15
-299
-444
-357
-72
155
368
363
337
216
127
-173
-330
-331
-509
342
23
435
456
-206
223
-333
-18
-286
166
-182
14
154
-105
318
17
204
-115
-44
-486
-80
-378
23
304
92
228
82
-254
-109
-78
-335
421
71
181
113
-20
-266
-157
208
-298
201
-30
133
-33
-29
-20
-90
-130
205
-117
279
-186
-53
-80
-359
646
-31
348
1
-248
-410
-7
-472
471
29
213
390
-48
2
-112
-130
-185
156
-55
234
-65
85
-57
211
-50
244
-135
-105
-88
-66
-118
-148
-42
-58
74
373
12
-81
1
-496
14
-277
267
152
70
558
-502
355
-255
-227
230
-405
162
215
-172
465
-317
265
146
-394
511
-710
224
-158
-103
296
-316
322
-612
228
-397
17
208
-90
281
-335
280
-21
-32
559
-203
29
118
-150
-63
485
-250
183
462
-522
493
-214
-270
387
-114
-32
-19
-372
-187
-33
-180
230
-124
-7
138
-378
195
-352
75
-132
134
-9
369
154
91
245
-312
226
-408
2
87
-332
568
-248
223
280
-55
30
143
-346
139
6
-280
138
-102
-44
234
-27
9
149
-273
7
-271
-273
111
6
218
-41
47
-288
-177
-113
-324
148
196
146
518
273
11
267
-380
49
-282
45
247
122
255
96
116
-194
-202
-208
-359
-188
196
-323
-1
318
-387
449
-70
-435
368
-559
145
25
-225
44
314
-46
85
340
-149
250
54
-299
291
-451
290
147
-248
568
-172
268
-19
-139
309
-403
163
-260
-107
133
-146
146
-263
76
-129
14
91
-169
205
-227
173
-331
251
-179
82
211
-376
424
-120
-32
234
-63
-100
72
115
-99
159
-106
-198
-227
-65
67
-32
339
4
99
64
-228
8
-284
-57
1
170
-191
462
-210
334
-198
194
-51
16
237
-294
342
-377
180
-102
120
51
87
11
-54
-129
-71
-140
-172
262
-153
140
130
-89
85
-142
120
-80
10
146
-128
78
-95
-100
-75
-164
-56
61
14
94
-347
343
-450
242
161
-55
347
-88
125
-90
-300
142
-200
12
470
-389
510
-327
180
-13
-122
-9
15
-67
-281
667
-351
314
229
-386
224
-263
-149
-240
37
-96
192
284
-456
353
-60
-310
140
7
-102
-112
355
-27
143
293
-191
167
-149
-80
212
-110
187
-16
-113
-49
-178
-87
38
-138
238
-56
-127
-29
-14
229
-353
521
-307
-294
318
-631
520
-303
247
379
-248
600
-248
-28
-99
-141
-24
-45
55
179
-281
290
-13
-41
38
-199
155
-261
44
-203
-19
-5
151
5
-54
76
-247
10
-105
157
-122
371
-306
329
78
-210
217
-55
36
338
122
-47
2
-38
-353
246
-197
-33
454
-579
290
-178
-273
7
-84
-100
151
-52
-40
-116
195
-246
141
324
-377
403
-246
-200
269
-285
267
180
103
146
191
-143
63
65
-244
-100
239
-266
360
-64
-155
376
-779
367
-341
-9
-13
138
-1
96
146
-160
51
-308
163
-332
197
1
130
118
81
107
-276
285
-306
-33
171
-76
185
-50
164
-135
123
34
114
58
-123
64
-331
-83
-50
-95
4
240
-152
294
-343
23
-404
5
-275
144
325
-129
322
64
-198
141
32
-212
367
-299
427
-234
294
-125
41
-70
116
-185
147
-60
20
-95
-45
44
-267
457
-296
307
108
-206
63
-158
-101
-58
28
33
91
51
130
-117
42
127
-419
373
-120
-338
278
-349
100
-46
160
-114
-6
270
-447
313
-309
-22
-5
-24
272
32
153
-49
190
-273
270
-300
240
-43
-16
-10
-63
130
-237
417
-337
150
3
-172
42
76
-231
312
12
-100
180
-134
23
-9
-98
125
-120
159
-107
-110
89
-153
38
113
-104
165
-65
-11
82
-139
-249
157
-141
-140
425
-285
299
23
-77
8
37
-161
157
-45
-74
205
-94
-39
75
-212
126
1
-90
167
-251
206
-219
166
16
23
150
-40
-192
248
-340
44
270
-394
561
-213
199
-122
-16
-9
-121
139
-292
227
-44
63
113
-103
8
-389
175
-139
4
323
-223
473
-443
228
-103
-408
239
-224
-118
429
-243
121
130
-245
36
75
-99
51
137
-43
163
-99
291
-194
143
97
-75
145
23
-142
-53
-62
-70
81
108
8
-25
52
-206
111
-294
122
-136
-47
39
67
-156
91
193
-344
488
-392
339
-200
112
78
-343
476
-383
169
49
-141
122
-42
69
24
-113
133
-49
-119
77
5
-251
258
-296
297
-392
405
20
-183
455
-602
388
-437
199
62
-178
294
-150
8
40
13
-102
91
3
86
89
-32
-204
95
-256
-57
81
-23
196
-22
184
-199
54
76
-40
-109
270
-240
-22
50
-25
125
-84
193
-191
63
47
-144
91
-15
-3
-95
291
-179
23
292
-350
310
-190
-77
48
-129
-97
143
-159
121
127
-135
87
-106
28
-235
-6
231
-369
466
-102
-125
354
-279
58
42
-18
126
-66
97
-169
132
-193
34
85
-147
234
-290
360
-406
254
-171
70
-21
35
-68
18
-184
157
-23
9
279
-116
-188
390
-366
12
337
-496
309
-72
-81
68
-75
100
-160
201
-118
133
-65
26
17
-53
24
38
-118
115
-21
-83
120
-30
-59
217
-64
63
5
-145
-43
-146
158
-200
126
87
-76
15
-15
-17
-30
50
196
-262
219
-14
-260
367
-222
161
-81
153
-174
87
-33
35
-79
-45
68
-28
121
-98
8
31
-26
-18
25
30
119
-204
270
-343
217
-196
69
68
-241
306
-280
225
-130
-40
81
-166
111
-3
-119
210
-175
54
-120
68
-11
31
162
-125
-37
73
-185
100
180
-198
206
-30
20
-10
-6
85
-184
76
171
-307
284
-162
-129
400
-272
127
2
-127
-17
-65
-42
-1
122
-41
63
128
-149
231
-82
80
6
-254
201
-242
-104
212
-400
209
105
-262
446
-263
-13
118
-199
4
90
-139
25
106
-42
-140
261
-335
312
-199
222
34
-113
402
-443
399
-221
100
105
-119
86
-68
3
19
-192
194
-172
262
-231
85
-15
-233
245
-172
-57
49
-60
-82
258
-231
209
-90
76
-88
68
-12
-99
273
-223
281
-145
87
67
-108
-12
23
-24
-54
83
-17
-79
-82
48
-69
-100
167
-165
96
-17
48
24
-114
186
-238
83
-49
40
14
43
147
-95
161
-71
-38
111
-136
174
-96
-64
23
-55
46
-124
137
-98
45
111
-54
-39
-91
-49
-56
52
-40
197
-124
166
-42
20
93
-91
149
-168
-20
94
-193
241
-139
51
-32
-96
196
-349
431
-305
149
-71
-58
76
-93
120
-164
145
-165
159
-158
179
-115
157
7
-71
184
-362
296
-164
57
83
-25
62
-47
139
-173
70
-2
-156
223
-184
102
15
-84
145
-128
63
-167
186
-243
54
19
-118
181
-191
279
-155
-100
231
-282
28
119
-232
332
-279
26
249
-412
434
-103
-24
74
70
-173
133
-113
-11
215
-230
252
-63
-82
20
-25
-185
124
-32
104
-51
169
-111
74
-171
141
-236
135
-24
-115
157
-197
152
51
-56
49
21
-189
234
-248
81
-66
89
-39
63
-13
93
-109
76
-63
1
119
-145
172
-52
-23
80
-36
-36
166
-143
42
-24
35
-87
28
55
-76
115
-81
37
60
-218
123
45
-265
365
-264
22
161
-333
372
-277
163
23
-44
54
-61
191
-220
195
-170
26
-35
31
-52
143
-48
-77
71
-248
50
27
-91
106
96
-25
44
119
-63
-56
0
-13
-3
96
-154
206
-146
82
49
-123
42
-72
-2
-159
207
-161
78
92
-54
10
27
-67
-3
-6
-2
24
37
-9
-9
22
-8
112
-187
167
-109
-4
71
8
-1
25
-154
-11
-3
4
52
56
-167
189
-11
-216
425
-350
178
21
-214
189
-170
71
56
-35
-1
91
-43
-49
55
-41
-41
14
-45
-60
99
-76
106
55
-72
172
-253
172
-229
117
2
-201
294
-210
37
230
-284
233
-3
-88
98
-107
-6
-81
67
-11
42
-33
103
27
-94
-56
115
-242
197
-72
-27
149
-200
260
-174
13
118
-181
180
-55
-4
50
-86
113
-116
-33
171
-170
108
-71
19
85
-52
86
-72
79
-54
7
64
-100
114
-96
12
-54
4
16
-134
168
-89
-3
-7
-50
19
-68
128
-76
180
-233
222
-240
25
153
-309
342
-237
202
-100
108
-154
103
110
-302
382
-249
93
110
-180
205
-199
234
-184
102
56
-246
348
-351
277
-87
-39
121
-233
189
-235
201
-243
238
-221
108
-25
-155
278
-293
256
-59
-47
206
-277
134
104
-299
326
-207
96
25
-22
-29
90
-21
19
-97
-26
38
-144
100
10
-37
1
42
-173
202
-106
-21
121
-153
69
-24
47
-19
95
-35
15
51
-111
41
28
-55
118
-51
31
-5
-23
-5
-2
-25
29
-41
50
75
-150
152
-127
64
-7
-90
39
-44
40
-39
-9
27
-5
28
57
-68
26
35
1
-88
151
-178
153
-89
98
13
-86
113
-157
71
-58
58
-91
168
-138
24
72
-136
52
-22
23
84
-79
127
-118
112
-101
-33
95
-52
26
-72
46
-55
50
-101
104
-1
-24
-9
-1
89
-116
47
71
-217
331
-344
284
-99
-31
95
-92
89
-146
79
-74
33
38
-12
-92
198
-130
29
123
-115
-45
73
-120
132
-57
24
-136
148
-130
79
11
-167
213
-154
7
70
-72
15
31
-68
79
-26
121
-155
166
-85
18
87
-122
119
59
-25
-24
144
-183
148
-134
29
-71
45
-39
-80
273
-322
306
-284
140
49
-67
86
-24
-103
-3
3
-108
200
-122
92
-88
101
-90
71
-22
-100
127
-101
79
26
-114
6
48
-140
32
69
-78
16
117
-128
92
-27
-50
115
-25
-29
88
-55
53
-47
34
53
-47
98
-150
117
-157
74
-19
-46
98
-67
31
-91
-11
51
-114
255
-187
72
121
-181
73
-101
-65
36
43
-66
115
20
-21
74
-29
-53
60
-49
23
9
-2
-26
145
-129
87
48
-222
178
-135
119
-85
-1
23
-53
17
28
-97
67
-16
-66
177
-211
116
-55
-12
41
136
-237
268
-125
-28
149
-233
251
-118
95
-34
-4
85
-195
145
-132
27
85
-141
157
-196
162
-90
-4
194
-340
215
-67
-69
145
-132
95
36
-104
177
-137
37
-5
-107
178
-45
-44
95
-27
-91
131
-93
33
11
-13
-41
23
-46
45
-1
37
-33
-33
-41
36
-7
7
6
-25
-24
-14
45
4
76
-32
32
13
8
-24
-102
100
-143
147
-76
17
66
-86
63
-69
147
-208
137
-77
-22
128
-176
158
-134
97
-66
-14
99
-174
161
-93
90
-50
19
-25
-83
174
-178
146
23
-115
181
-198
126
-25
-121
68
25
-2
-58
78
-139
75
17
10
62
10
-55
93
-59
-28
85
-7
-24
17
152
-333
398
-287
115
-37
-117
117
-155
223
-302
308
-179
58
31
-137
115
-38
32
-93
145
-53
-104
190
-144
174
-139
23
-26
-80
187
-272
155
60
-153
202
-216
88
-25
13
-69
114
-18
-68
144
-239
168
-70
2
63
-158
283
-234
215
-104
-10
120
-234
189
-125
100
-143
91
14
-27
66
-138
159
-83
92
-205
318
-277
97
80
-166
229
-134
66
-75
18
-77
43
77
-119
204
-141
-26
62
-109
84
10
-7
33
-70
68
-76
38
-115
55
-65
100
-57
53
24
-87
152
-211
217
-229
161
-113
75
37
-86
182
-168
216
-124
1
125
-192
93
40
-19
-20
-23
-11
-13
-18
8
29
-15
49
-62
61
-15
-79
117
-106
30
53
-97
53
-73
15
-35
30
30
-22
82
-55
-5
50
-76
49
-35
-43
-6
95
-119
114
-21
23
138
-215
233
-197
8
105
-119
146
-125
68
-1
-84
115
-130
138
-162
50
67
-76
112
-146
48
93
-127
121
-60
18
-48
-84
63
-68
51
7
67
-54
109
-60
-62
62
-1
-63
97
31
-73
35
-48
-5
34
-91
159
-76
55
-55
-34
90
-167
139
-85
127
-36
22
31
-55
-29
1
-70
63
-27
31
-36
66
-114
18
36
-85
70
-20
158
-174
235
-133
-24
99
-76
-62
117
-63
47
-59
93
-78
53
28
-81
19
-72
25
-19
70
-141
147
-99
-30
62
-46
27
-17
-73
167
-183
129
-10
-21
29
-56
47
23
4
3
3
0
-32
-33
130
-18
-96
99
-70
-70
100
-90
87
-90
114
-141
108
-39
-24
100
-103
31
-37
-34
40
-53
43
6
5
31
3
58
-60
50
-107
85
-47
50
5
4
-42
36
-44
47
-47
32
45
-106
146
-198
137
-95
64
69
-77
102
-70
10
53
-101
87
-91
80
22
-69
136
-198
135
-104
-31
90
-57
37
-17
-32
10
-9
-35
-37
128
-112
166
-136
56
12
-132
182
-196
158
-106
45
26
-60
91
-55
0
-15
99
-132
79
-20
-31
74
50
-17
-28
17
18
-112
147
-136
131
-10
-50
123
-154
102
-156
208
-179
57
25
-108
49
-91
93
-18
54
-41
-24
-15
-105
103
23
58
-100
99
-152
90
61
-196
251
-135
-3
37
-44
67
-154
124
28
-195
271
-263
157
-71
25
57
-55
95
-131
167
-207
176
-66
37
-45
33
-8
8
68
-63
75
-99
-15
103
-58
21
-7
55
-57
22
-8
-36
9
15
-16
-23
-17
13
20
27
26
-47
-20
38
-37
72
32
-96
115
-130
45
-84
17
87
-131
74
-78
41
87
-90
88
-7
-27
19
-52
1
30
-67
102
2
-59
86
-18
-29
19
2
23
-52
53
19
-24
-31
-83
81
3
-8
2
24
-39
-26
49
-13
-2
-16
25
-112
123
-97
15
6
-97
71
39
-30
30
7
17
-52
41
-78
106
-35
-5
114
-96
87
-169
138
-88
40
-23
-10
-40
7
-8
-45
124
-75
14
37
26
-114
106
-34
-29
69
-15
9
140
-213
122
41
-112
124
-196
244
-255
197
-124
82
-40
-44
93
-142
169
-207
165
-99
67
-55
-10
-42
52
-51
146
5
-101
168
-206
101
-78
123
-114
87
73
-137
111
-75
38
-26
-39
60
-57
71
-65
45
39
-180
214
-170
127
-103
42
57
-174
144
-78
140
-181
63
7
-82
81
-121
123
-52
32
67
-119
133
-192
181
-89
55
31
-111
174
-145
101
-68
-18
105
-136
155
-90
53
57
-68
-20
-45
90
-151
119
21
-121
149
-105
8
0
-23
130
-225
293
-246
115
-68
2
94
-89
183
-217
114
-12
-114
186
-163
40
-17
-54
163
-119
101
-87
72
-66
55
-22
82
-49
-19
35
10
-73
53
6
-3
21
-113
174
-222
184
-150
53
9
-138
11
88
-10
-58
150
-88
13
-99
72
-67
14
40
-21
75
18
-73
45
-3
27
-10
14
-52
33
-36
-66
141
-149
137
-146
133
-36
-46
98
-146
191
-146
66
30
-17
65
-121
69
-1
-30
-18
-13
46
-102
75
-56
111
-14
-81
39
-47
26
12
1
-1
50
47
-2
-5
19
-40
-30
33
-14
19
36
-73
104
-154
137
5
2
47
-137
104
-175
137
-16
-11
-43
-19
19
-57
59
-87
42
16
-8
44
-39
66
-148
159
-60
-70
150
-177
128
-8
-30
84
-42
59
-47
-20
88
-189
159
-33
-110
201
-178
33
45
-14
-88
28
92
-105
75
33
-33
33
-63
6
63
-106
95
-100
167
-76
-2
-24
-33
66
-120
150
-14
-67
36
-27
-29
44
-104
123
-122
95
-60
-58
121
-138
81
7
-41
98
-109
22
59
-51
74
-89
68
-38
11
20
-80
124
-104
81
35
-55
124
-159
154
-153
32
76
-133
171
-108
31
52
-88
131
-235
223
-102
-70
108
-103
38
-21
34
-26
-58
157
-150
69
-7
-26
55
-85
128
-67
38
0
45
-7
-62
75
-30
-55
6
29
-107
116
10
-49
37
-58
38
16
-25
-64
61
-46
17
61
5
-97
46
-42
-45
128
-63
50
-15
-19
67
-98
81
-12
-34
95
-58
69
-38
0
36
-88
84
-89
108
-141
119
-79
-53
80
-118
75
-34
64
-83
31
10
-43
76
-108
93
-21
-17
23
-34
63
-95
83
-73
23
37
-60
87
-73
86
-6
-129
210
-156
1
72
-70
24
11
42
-32
49
-58
13
74
20
-10
6
7
-45
34
-45
86
-122
96
-67
34
-57
60
-39
-7
13
-12
-4
-3
62
-98
47
-70
30
36
12
42
-13
-60
51
-101
20
11
-30
96
28
-52
46
-81
101
-71
-40
115
-132
79
-48
64
-42
-6
27
-39
20
22
-85
69
-23
12
35
-78
21
-66
24
46
-80
-6
76
-24
-7
72
-48
-60
128
-92
41
-22
51
-29
-23
89
-121
88
33
-60
21
-4
6
-100
120
-35
-27
-24
32
-63
0
161
-143
14
-2
4
-19
42
16
-69
76
10
-22
59
-38
-17
-60
88
-33
16
-66
64
-70
17
28
37
0
-50
61
-91
54
-54
2
-1
-14
81
-20
47
-12
-36
60
-20
6
4
-46
-11
41
11
-4
43
-72
-30
73
-85
50
-35
10
37
-24
-7
-38
53
-41
12
-25
-5
42
-5
9
34
-11
5
-18
-4
-22
-26
87
-51
-1
11
25
-72
77
-33
-9
23
-13
0
-32
31
-76
68
-22
23
-74
92
18
-109
52
48
-67
34
28
-50
34
-12
21
2
16
-66
46
-7
31
-39
14
24
-42
-32
32
-48
5
11
-43
84
-18
-59
36
74
-93
108
-54
-12
71
-94
22
60
-77
108
-36
-53
10
-9
26
-96
156
-39
-35
38
-113
61
-29
34
5
-47
105
-92
42
40
7
-3
-3
52
-57
17
34
16
-1
-53
69
-50
15
-19
0
-32
14
10
-40
-4
-25
21
27
-41
4
28
-73
46
-39
52
16
-28
36
-24
-8
30
-54
64
-60
17
7
-7
41
-18
12
-88
93
-92
33
20
-37
33
-34
-15
91
-82
50
-5
-60
12
-80
105
-26
56
-38
32
-21
-24
19
-41
71
-41
-8
71
19
-64
44
-62
37
10
-16
11
36
-38
15
-11
-48
85
-112
113
-23
11
-2
-15
-34
50
-63
-35
81
-102
43
23
-14
64
-106
76
-22
-27
71
-22
-17
47
-44
61
-31
-9
-16
-77
54
-24
13
11
58
-48
17
17
-34
3
6
30
2
-22
63
-46
16
22
-22
7
3
-24
44
-24
-3
-60
13
-12
0
30
-14
21
4
-9
19
-49
-23
52
-51
74
-41
4
14
-45
63
-50
63
-31
14
16
-38
36
-93
119
-10
-53
108
-52
-16
22
-25
-27
20
-42
46
-38
29
4
-34
9
9
-2
-4
28
-58
14
10
-61
5
-2
-11
45
-59
78
-19
5
43
6
-43
1
11
-37
16
22
-20
15
10
-14
27
-52
70
-54
45
7
11
-59
55
-11
-19
29
-37
48
-35
-10
4
7
-15
0
12
22
-28
21
-37
57
-43
-10
38
-28
40
-35
40
-22
-1
0
6
23
-2
-21
11
18
-60
66
17
-45
-7
45
-61
13
13
-51
53
-21
1
15
-7
-28
10
0
-1
22
-3
-18
29
-36
1
-3
-11
13
7
6
6
6
-5
-20
-15
19
-44
48
-16
-4
23
-48
13
-4
-18
5
26
-10
9
-19
-16
18
-45
41
-2
-17
-3
-1
19
1
-8
4
7
-4
11
-1
21
13
-22
22
13
-30
25
4
-4
6
-8
7
-4
-9
7
15
0
18
-38
29
-10
-38
41
-43
-2
21
-14
-4
-14
-19
16
-3
-31
25
6
-42
37
26
-16
55
-33
31
-34
7
12
16
-30
52
-44
2
32
-39
51
-45
44
-32
11
-30
32
-12
-17
15
-4
2
-10
42
-13
-22
24
-14
-32
45
-17
23
2
-6
-5
7
-18
10
-6
16
-27
-3
20
-36
32
-4
-11
8
-4
-33
40
-29
-14
33
-13
-4
49
-24
-6
1
10
-8
1
17
-23
32
-31
37
-39
5
-3
-9
25
-2
-12
-12
42
-43
36
8
-66
48
-36
-3
25
6
15
-9
1
5
-6
-5
21
-29
18
-5
-20
8
16
-29
19
15
-24
5
15
7
-30
40
-21
2
21
-28
0
-7
-13
0
7
8
1
-16
-2
-13
10
1
-3
-1
21
-6
-1
-3
-2
7
3
-13
11
8
-26
12
12
-17
25
-27
20
-3
0
-3
1
7
-12
22
-6
1
4
-15
23
-3
-9
37
-37
37
-24
-3
11
-32
21
-20
14
-8
4
2
-6
20
-24
-9
7
-3
-19
9
-12
31
-15
-3
26
-38
33
-5
6
-6
-9
13
-8
-3
13
-14
8
5
-6
11
-25
18
-14
19
-21
17
-3
-16
24
-13
-3
1
3
-4
-17
25
4
-26
29
-7
-15
0
14
-18
4
14
-19
18
-3
11
-14
-10
29
-25
6
27
-28
6
3
-11
7
4
-15
9
8
-6
12
-14
2
13
-33
11
25
-30
14
9
-7
-14
20
2
-12
27
-25
18
-5
-6
8
3
-14
3
9
-10
7
15
-26
26
-28
-22
45
-29
2
29
-24
9
-7
-6
10
-18
19
-12
22
-26
15
-4
-11
20
-20
21
-14
5
2
11
0
-4
4
-11
2
-7
9
-3
-2
15
-16
10
-6
-12
2
8
-4
0
15
-18
3
9
-7
11
-20
2
6
-20
12
-3
5
6
0
-2
11
-3
-19
23
-24
7
-4
3
9
-3
9
-10
4
-2
7
-11
20
-2
-20
26
-17
-28
37
-31
1
27
-14
5
-19
20
-17
19
-5
1
16
-25
12
2
-11
16
-6
0
5
-10
22
-19
-5
10
-12
6
13
-14
-3
-2
-6
-2
2
10
-16
23
-15
26
-31
17
2
-7
13
-6
14
-22
22
-23
17
7
-31
27
-16
10
1
-21
23
-27
14
0
7
-2
-8
25
-31
19
-17
25
-18
14
-3
-25
21
-13
0
28
-16
0
9
-14
28
-34
31
-18
-18
19
-19
4
18
3
-34
27
0
-22
30
-5
-16
24
-25
15
-12
8
5
-17
30
-31
7
13
-25
24
-5
-9
27
-38
12
13
-29
28
-9
-7
19
-23
13
4
-29
46
-23
-15
31
-17
-7
3
13
-19
27
3
-15
4
18
-39
23
-3
-12
6
0
1
1
17
-17
0
1
0
-10
-9
12
-12
24
12
-3
0
-14
6
-9
-12
6
3
-12
31
-31
24
-19
-8
25
-3
12
-5
3
-17
-3
-5
9
-5
18
-3
-9
-6
20
-31
28
-10
-10
21
-22
33
-22
9
-2
-25
26
-10
-1
4
2
3
-17
22
-35
31
-10
-19
22
-19
8
17
-30
25
3
-25
35
-39
22
4
-6
18
-8
-18
14
-14
12
-9
4
15
-11
20
-31
21
-13
5
-7
13
-19
9
24
-25
12
16
-21
5
3
-26
37
-32
18
-12
4
-1
1
12
0
-11
1
-9
16
-16
29
-19
7
-3
-11
20
-20
13
-9
-3
-10
6
-13
-2
0
-19
26
-15
26
7
-8
-7
3
4
-12
14
-12
12
7
15
-10
2
-11
-7
-4
17
1
-1
12
-15
-4
4
-11
-2
14
-13
17
4
-5
19
-27
23
-17
-12
21
-38
29
4
-7
6
-1
-22
17
24
-20
27
-61
4
5
-3
2
18
-1
8
-8
7
-36
22
-14
0
9
10
16
1
18
-42
26
-28
12
-21
24
-7
8
1
-7
-5
13
-1
-1
17
-15
-21
18
-22
19
1
1
-1
-12
0
5
5
-2
3
-3
-2
1
-15
10
6
10
1
3
3
-21
6
-1
-4
6
-5
6
-4
-7
-13
16
8
-8
18
-16
-3
22
-19
20
18
-27
11
-10
8
-1
-3
-3
0
-6
15
-2
-10
1
10
-11
9
-10
-4
-12
-9
24
-27
33
-19
9
1
-8
14
-12
5
2
-11
7
-3
18
-3
11
0
-32
27
-21
41
-24
10
2
-29
27
-17
24
-26
3
7
-4
7
-22
-2
12
-24
19
-6
2
4
5
17
-27
10
-11
11
-4
10
19
-39
34
-16
-12
17
-11
19
3
4
2
-1
-2
-12
11
-6
0
-8
-13
13
-20
1
-3
-13
27
-8
2
-8
-2
-2
10
-8
13
-2
-3
12
-13
10
1
18
-3
-8
-10
8
-9
8
2
-7
3
-8
-4
1
-11
7
8
-6
20
-9
8
13
-20
10
-11
-3
16
-7
6
16
-16
5
-5
-6
7
-4
2
-4
-14
5
4
-7
8
7
-42
13
-21
14
6
13
0
-12
18
-17
11
2
4
-7
19
-8
14
-6
-8
13
-23
14
-23
12
6
-14
22
-26
18
-18
-2
3
-1
11
-7
12
-12
10
0
10
-5
1
3
0
6
-8
-17
-7
1
24
-10
10
-16
1
-3
2
5
-11
17
-15
10
-1
0
8
-2
6
2
-2
-1
-1
-8
1
0
-7
-3
11
-10
0
0
7
-8
11
