0
0
0
0
0
0
0
0
0
-1
0
0
0
0
1
0
0
0
0
0
0
0
0
-1
0
0
0
-1
0
0
1
0
-1
0
0
0
0
1
1
1
0
0
-1
0
0
-1
0
0
0
0
-1
0
0
0
0
0
0
1
0
0
0
0
0
1
0
0
0
0
0
0
0
-1
1
-1
0
-1
0
0
0
0
-1
0
0
0
0
0
0
0
0
0
1
0
0
0
0
0
0
0
0
0
0
0
0
0
0
-1
0
0
0
1
0
0
0
0
-1
0
-1
0
1
0
0
1
0
0
0
0
0
0
0
0
0
0
1
-1
0
-1
0
0
-1
0
0
0
0
-1
0
0
0
0
0
1
0
0
0
0
0
0
0
-1
0
0
0
0
0
0
-1
0
0
0
0
0
0
-1
0
-1
0
0
0
0
1
0
0
0
0
0
0
0
0
0
0
0
0
1
0
0
0
0
1
0
-1
0
1
0
0
0
0
0
0
0
-1
-1
0
0
0
1
0
-1
0
0
-1
0
0
0
-1
0
0
1
0
0
0
0
0
0
1
0
0
0
0
1
0
0
0
1
1
0
0
0
0
0
0
1
0
1
0
0
0
1
0
0
0
-1
1
1
0
-1
0
0
0
0
0
0
0
0
0
0
0
1
0
1
0
0
0
0
0
-1
0
1
0
0
-1
0
-1
0
0
-1
0
0
0
0
0
0
0
0
0
0
0
0
0
0
0
0
0
0
0
0
0
0
0
0
0
0
0
0
0
0
0
0
0
-1
0
0
0
0
0
0
0
-1
0
0
0
0
0
0
0
0
0
0
0
0
0
0
0
0
0
0
0
0
0
0
1
-1
0
0
0
0
0
0
0
1
0
0
0
0
0
-1
0
0
0
0
0
0
0
0
0
0
-1
-1
-1
-1
0
-1
0
0
0
0
0
0
-1
-1
0
-1
0
0
0
-1
0
0
0
0
0
0
0
1
0
0
0
0
0
0
0
0
0
0
1
1
0
0
0
0
0
0
0
0
0
0
0
1
0
0
0
0
0
1
1
0
0
0
0
0
-1
0
0
0
0
0
0
1
0
0
1
0
0
0
1
0
0
1
0
1
1
0
0
0
0
0
0
0
0
0
0
1
0
1
1
-1
0
0
0
0
0
0
0
0
0
0
0
1
0
0
1
0
0
0
1
0
0
0
-1
0
0
0
0
0
0
0
0
0
0
1
0
0
0
-1
-1
0
0
0
0
0
0
0
0
0
0
-1
0
1
0
0
0
0
0
0
0
-1
0
1
0
0
0
0
-1
0
-1
-1
0
0
0
0
1
0
0
0
0
0
0
0
0
1
1
0
1
-1
0
0
0
0
0
0
0
0
0
0
0
0
0
0
0
0
0
0
0
0
0
0
0
0
0
0
0
0
-1
1
0
1
0
0
1
0
0
0
0
0
1
-1
0
0
0
0
0
1
0
0
0
0
0
0
0
1
0
0
1
-1
-1
0
0
0
0
0
0
0
0
0
0
0
0
0
0
0
1
0
0
0
0
1
0
-1
0
0
0
0
-1
0
0
0
0
0
-1
0
0
0
0
-1
0
0
0
0
0
0
0
0
0
0
0
0
0
0
-1
0
0
0
0
0
0
0
0
0
1
0
0
0
0
0
0
0
0
0
0
0
0
0
0
0
0
0
0
0
0
0
-1
0
0
0
0
0
0
0
0
0
0
0
0
0
1
0
0
0
0
0
0
0
1
0
0
0
1
1
0
0
0
-1
1
1
0
0
0
0
0
0
0
1
0
0
0
1
0
0
0
0
0
-1
0
0
0
0
1
0
0
0
1
0
-1
-1
-1
0
0
0
0
-1
0
0
0
0
0
0
0
0
0
1
0
1
0
0
0
0
0
0
1
-1
0
1
-1
0
0
0
0
0
0
0
-1
0
0
0
-1
0
-1
0
0
0
0
0
-1
0
0
0
0
0
0
-1
0
0
0
0
0
0
0
0
-1
-1
0
0
0
0
0
1
0
0
0
0
0
-1
0
0
0
0
0
0
0
0
0
1
0
1
0
0
1
-1
1
0
0
0
-1
-1
0
0
0
-1
0
-1
0
0
0
-1
0
0
0
0
1
0
0
0
0
0
0
1
0
1
0
0
0
0
0
0
1
0
0
0
1
1
0
0
0
0
0
0
0
0
-1
1
0
0
0
0
0
0
0
1
0
0
-1
0
0
0
-1
-1
0
0
1
0
-1
0
0
0
0
0
0
-1
-1
0
0
-1
1
0
1
0
0
0
0
0
0
1
0
0
0
-1
0
0
0
0
0
1
-1
0
0
0
0
0
0
0
0
0
0
0
0
0
0
0
0
-1
0
0
-1
0
0
-1
0
0
0
0
0
0
0
0
1
0
0
-1
1
0
0
-1
-1
0
0
0
1
-1
0
0
0
-1
1
0
0
0
1
-1
0
0
0
0
0
0
0
0
0
0
0
-1
0
0
0
0
0
0
0
0
0
0
1
-1
0
0
-1
1
0
0
-1
0
0
0
0
0
0
0
0
0
0
0
-1
0
0
0
0
0
0
0
-1
0
0
0
-1
0
0
-1
-1
0
0
0
0
0
1
1
-1
0
-1
0
0
0
0
0
0
0
0
1
0
0
0
0
-1
1
0
0
1
0
0
0
0
0
1
1
0
0
0
0
0
-1
0
-1
1
0
1
0
0
1
0
0
1
0
0
0
1
-1
-1
1
0
0
0
-1
0
0
1
0
0
0
0
0
0
-1
0
0
0
-1
0
0
1
1
-1
0
0
0
0
0
0
0
0
0
-1
1
0
0
1
0
0
0
0
1
-1
0
0
0
0
-1
1
0
0
-1
0
0
0
0
0
-1
0
-1
1
0
0
1
0
0
0
0
0
0
0
0
-1
0
0
0
1
0
1
0
-1
0
0
-1
0
0
1
1
0
0
0
-1
-1
0
0
0
-1
0
0
1
0
1
0
0
1
0
0
1
0
0
0
0
0
0
0
0
0
0
0
-1
1
0
0
0
0
0
0
0
0
0
0
-1
0
-1
0
0
0
0
0
-1
0
0
0
0
0
0
0
0
0
0
0
0
0
-1
1
1
-1
0
0
0
0
0
0
0
0
0
0
0
0
0
-1
0
0
0
0
0
0
0
0
-1
0
0
0
0
-1
0
-1
0
0
0
0
0
-1
0
0
-1
0
0
0
1
0
0
0
0
0
0
1
0
0
0
0
0
1
0
0
0
1
1
0
0
0
0
0
0
0
0
1
1
1
0
0
-1
0
0
0
-1
-1
0
0
0
0
1
0
0
0
0
0
0
0
0
0
0
0
0
0
0
0
0
1
1
1
0
-1
0
0
0
0
0
0
1
-1
-1
0
0
0
0
0
1
0
-1
0
0
0
0
0
0
0
0
-1
0
0
0
0
1
0
0
0
0
0
-1
1
1
0
0
0
0
1
0
0
0
0
0
0
0
0
0
0
0
0
1
0
0
0
0
0
0
1
0
0
0
0
0
0
0
0
1
0
1
0
-1
0
0
0
0
-1
0
0
0
0
0
0
-1
0
0
-1
0
0
0
-1
1
0
0
0
0
0
0
0
0
0
0
0
0
0
-1
0
-1
0
0
0
0
0
0
0
0
0
1
0
0
0
0
0
0
0
0
0
0
0
1
0
0
0
0
0
0
0
0
0
-1
0
0
1
0
0
0
0
0
0
0
1
0
0
0
0
0
0
-1
0
1
0
0
0
0
0
0
0
0
-1
0
0
0
0
0
0
0
0
1
0
-1
0
1
0
0
-1
0
0
0
0
-1
0
0
0
0
1
0
0
0
0
0
0
0
0
-1
0
0
0
0
0
0
0
0
0
1
0
0
0
0
0
1
0
0
1
0
1
-1
0
0
0
0
0
0
0
0
0
0
-1
-1
0
0
0
0
0
0
0
0
0
0
-1
0
-1
0
0
0
0
0
0
-1
0
0
0
0
0
0
0
0
0
0
0
0
0
0
0
0
0
1
1
0
-1
0
0
0
0
0
0
0
0
0
0
0
0
0
0
0
0
1
0
0
0
0
0
1
0
0
0
0
0
0
0
-1
-1
0
0
0
0
0
-1
-1
0
0
0
-1
1
0
0
-1
0
0
0
0
0
0
0
0
0
0
0
0
0
0
0
0
1
0
0
-1
0
0
0
0
0
0
1
0
0
-1
-1
0
0
0
0
-1
0
0
0
0
0
1
0
0
0
0
1
0
0
0
0
0
0
-1
0
0
0
0
0
0
1
0
0
0
0
0
0
-1
-1
0
-1
0
0
0
0
0
0
0
0
0
0
0
0
0
0
-1
0
0
0
0
1
0
0
0
0
0
0
0
0
0
0
-1
1
-1
0
0
0
0
0
0
0
0
1
0
1
0
0
0
1
-1
0
0
0
0
0
0
0
0
0
0
-1
0
0
0
0
1
1
0
1
0
0
0
0
0
0
0
0
0
0
-1
-1
-1
-1
0
0
0
0
0
-1
0
0
0
0
0
-1
0
-1
0
1
0
0
1
0
0
-1
0
-1
0
0
0
-1
0
1
-1
0
0
0
0
-1
0
1
0
-1
1
1
0
1
-1
0
0
1
0
0
-1
1
0
0
1
0
0
0
0
1
0
0
0
0
1
0
-1
0
-1
0
1
0
1
-1
0
1
0
0
0
0
0
-1
0
0
0
0
0
0
0
0
0
0
-1
0
1
0
1
0
-1
0
0
1
0
0
0
0
0
0
-1
0
-1
0
0
0
0
0
0
0
1
0
1
0
0
0
0
0
-1
0
0
0
0
0
-1
0
0
0
0
0
0
1
0
0
0
0
1
0
0
0
0
0
0
0
0
0
-1
0
1
0
0
0
0
0
0
0
0
0
0
0
0
0
0
0
-1
1
0
0
0
-1
0
0
0
1
0
0
0
-1
0
0
0
0
1
1
0
1
0
0
-1
0
-1
0
0
0
0
-1
0
0
0
0
0
0
0
0
1
0
0
0
0
0
0
0
0
0
0
0
0
0
0
0
0
0
0
1
0
0
0
1
0
0
0
0
0
0
0
0
1
1
0
0
1
0
-1
0
0
0
1
0
0
-1
1
0
-1
-1
0
0
0
0
0
1
0
1
0
0
0
0
0
-1
0
-1
0
0
-1
0
0
0
-1
0
0
0
0
0
0
0
0
1
-1
0
0
0
0
-1
0
0
0
0
0
1
0
0
0
0
0
0
0
0
1
1
0
0
0
0
0
0
0
0
0
1
0
0
0
0
0
1
0
0
1
-1
0
0
0
0
1
0
0
1
0
-1
1
-1
0
1
-1
-1
1
-1
-1
-1
-1
1
-1
-1
1
-1
-1
0
0
1
0
0
0
-2
1
0
1
-1
0
0
0
2
0
2
-2
-2
2
1
1
-2
-2
2
-1
1
2
-1
3
-6
0
7
2
-2
0
-4
5
4
-5
4
-3
-2
0
5
-3
2
-4
-4
8
0
-1
-5
5
-1
-2
2
3
-4
-2
-3
3
5
-7
3
-3
-1
0
-2
5
-1
-4
-2
-1
2
2
-1
-5
-4
-5
5
1
3
-4
-1
-5
3
3
4
6
-12
3
7
3
5
-3
0
-1
1
9
-2
-6
-1
1
1
0
-3
0
3
-7
4
0
0
4
-2
1
-4
4
3
2
-4
-3
8
-2
-4
11
-5
2
-6
2
-4
1
11
-12
-4
-18
9
8
-7
-4
-10
-2
9
-2
9
-2
-7
3
-2
21
0
5
-10
-2
12
9
4
-9
3
-6
8
-1
-10
0
-11
9
-2
2
-19
-9
9
2
13
-15
-9
5
5
5
4
9
-15
-5
14
11
9
-11
-11
6
10
2
3
-4
-6
-3
1
3
1
-2
-13
4
1
0
2
-7
1
-4
-2
2
-1
8
-3
-8
0
3
-4
8
-1
6
-1
-15
3
7
3
6
-6
-18
10
-1
6
4
-11
-10
-5
4
18
-14
-17
4
0
12
-11
1
1
0
2
3
2
-9
2
8
6
-1
-7
-2
11
3
11
-1
-8
0
15
3
7
-17
16
-8
-4
13
4
-6
-9
5
-7
20
-8
-20
3
-9
12
4
-15
-13
-5
9
1
-4
-7
7
-6
3
12
0
1
4
-2
15
-1
-6
4
14
-8
-2
-2
-6
19
-18
6
-18
19
-2
-4
1
-9
-4
-8
21
-5
-12
-14
10
1
1
0
-5
-2
11
1
4
5
-12
16
6
0
-1
-10
3
10
-8
11
-11
-13
9
7
-4
9
-9
-6
12
8
14
-13
-9
11
6
3
-1
-24
5
6
-11
11
-11
-28
1
18
-14
-19
7
-8
-8
2
-3
13
6
-19
4
22
-13
17
-5
-5
15
0
11
-7
-7
-13
23
-7
4
3
-19
3
-10
12
12
-1
-29
15
-7
-4
30
-9
-15
-16
12
10
0
-3
-24
7
0
1
21
-8
-38
32
2
-5
7
24
0
-21
26
-11
30
4
-9
7
-3
-13
23
-10
-1
3
-34
6
3
-10
-19
-6
4
-8
-8
6
1
-8
1
12
-3
-2
-9
27
16
-16
10
23
-13
2
22
16
-7
-9
6
-28
28
7
-6
7
-48
-1
20
9
-17
-4
-40
1
32
-6
10
-17
10
-3
5
26
15
-12
-7
1
9
18
-1
-4
8
-21
19
-2
-3
-8
-14
19
-22
9
-4
-20
-1
-1
16
-23
-9
12
1
-4
13
-15
-16
27
-27
39
13
-16
1
7
20
-15
-3
1
10
17
-16
-22
14
5
7
-32
12
-2
-5
25
-10
9
-11
-33
21
15
9
3
-18
-19
8
37
5
-5
-57
1
17
20
34
-62
-31
-15
-4
51
1
-21
-43
-23
29
28
10
-21
-30
-9
38
13
1
-9
-13
1
23
3
20
-16
-19
36
-5
4
21
5
-24
10
0
13
17
-15
-8
9
-22
25
16
-8
5
-25
9
1
-15
22
5
-27
8
-1
-4
8
8
20
-32
-21
9
7
16
12
-12
-45
3
4
30
35
-30
-31
0
2
40
56
-65
-27
1
37
16
3
1
-45
-1
46
22
-22
-13
-11
9
0
14
-10
-10
-25
2
8
1
-6
-2
-5
-1
7
6
-2
-23
-2
28
2
-3
-8
-1
-6
26
7
-15
-11
-13
33
-3
-22
-21
21
-14
36
-2
-31
-8
11
13
-14
12
-18
-1
3
-13
-12
15
-4
-12
-11
-6
4
-5
10
24
5
-26
-34
39
20
-6
-1
-37
34
28
-17
-6
7
-16
-27
36
9
-15
1
15
-13
-2
11
8
0
-17
10
26
-7
4
0
-5
7
-4
-5
4
2
5
11
-7
-19
9
-19
6
23
-1
-14
-15
-3
5
14
16
-14
-27
-1
11
27
-9
-11
-5
-2
14
20
19
-9
-10
-9
-7
30
5
4
-26
-20
37
-31
10
2
-33
13
34
-18
-26
15
-23
12
4
-7
-7
4
-26
-16
8
-14
-8
-36
22
-36
-6
8
-28
6
-15
-14
12
26
-14
-7
-13
-12
21
25
23
2
-25
7
20
54
17
-20
-22
20
21
44
-7
-41
14
-22
10
-1
-11
10
3
-17
-8
-13
22
-1
-20
13
-12
5
3
15
-16
13
8
-14
-11
-18
15
11
14
-35
-14
-11
-10
-2
-2
-11
-26
15
-5
-11
-7
-4
9
-10
8
18
9
20
19
14
36
12
5
22
25
37
9
-6
-5
-4
43
40
-27
-24
-8
0
21
-1
-5
-25
-11
19
19
-28
-20
-3
-2
14
3
-11
-42
-32
-10
1
-4
-29
-12
-7
-34
-23
3
-16
-11
-1
-24
4
11
9
-9
-23
16
32
41
-2
-16
6
29
32
5
1
-9
1
25
24
19
-7
2
-6
11
48
33
13
-25
-18
6
18
34
28
-6
-16
17
15
14
27
4
-12
-6
1
14
12
-16
-33
-44
-14
4
-10
-35
-39
-15
-17
-11
-11
-6
-21
-12
-8
-12
4
9
-3
-40
-24
-5
-1
4
-12
-35
-17
-20
-23
7
0
-33
-3
16
15
12
18
23
25
56
36
17
25
52
51
53
43
23
15
7
17
13
4
-16
-23
-36
-26
-22
-55
-63
-44
-22
-36
-38
-49
-38
-27
-4
3
2
7
5
25
38
62
60
54
54
67
63
70
82
59
64
82
60
49
58
45
44
58
41
26
27
20
26
24
7
-5
2
-4
-8
-5
-17
-44
-44
-38
-35
-36
-61
-83
-99
-105
-88
-90
-116
-138
-155
-146
-124
-119
-135
-153
-162
-126
-95
-80
-89
-101
-77
-42
-1
12
25
20
32
56
93
113
109
110
111
121
115
113
110
117
101
77
68
73
54
38
23
4
-6
-18
-25
-28
-34
-48
-53
-63
-48
-34
-28
-22
-19
-10
15
41
50
63
86
105
122
134
156
172
167
167
177
174
166
162
143
124
104
82
63
45
21
-3
-32
-53
-65
-79
-86
-94
-104
-110
-103
-92
-92
-93
-82
-70
-66
-71
-78
-83
-91
-103
-120
-138
-157
-188
-231
-258
-269
-282
-300
-309
-310
-306
-301
-276
-228
-160
-101
-59
-13
51
126
197
258
311
352
379
397
420
439
453
437
396
345
300
262
221
166
93
22
-32
-80
-135
-193
-229
-246
-264
-292
-317
-318
-306
-286
-270
-251
-223
-185
-139
-93
-53
-17
24
75
118
144
163
201
246
265
262
268
297
322
320
296
274
259
242
211
170
132
99
59
10
-36
-63
-85
-114
-142
-161
-162
-152
-142
-140
-138
-125
-100
-71
-60
-64
-68
-66
-70
-80
-100
-127
-177
-247
-327
-378
-407
-449
-520
-604
-662
-700
-685
-629
-576
-548
-493
-339
-173
-77
-24
125
385
582
623
647
803
978
1017
944
957
1046
1033
875
711
682
684
579
383
205
61
-61
-183
-303
-413
-510
-581
-611
-654
-722
-762
-740
-643
-592
-578
-534
-402
-258
-194
-171
-67
137
311
383
401
471
609
705
714
727
817
925
890
755
777
972
1038
896
783
922
1047
861
566
517
626
486
146
-14
45
-66
-441
-679
-597
-521
-692
-900
-913
-844
-854
-874
-802
-754
-812
-890
-842
-819
-902
-929
-930
-990
-1161
-1233
-1233
-1288
-1504
-1657
-1727
-1792
-1930
-2059
-1993
-1795
-1538
-1300
-1060
-866
-536
-94
336
653
1030
1507
1860
1980
2074
2436
2797
2845
2626
2475
2456
2393
2151
1893
1715
1507
1201
818
472
146
-154
-403
-613
-854
-1100
-1178
-1194
-1361
-1600
-1651
-1492
-1248
-1164
-1164
-1088
-839
-617
-437
-272
7
367
609
685
708
909
1179
1316
1355
1427
1549
1610
1505
1404
1534
1889
2008
1802
1568
1645
1795
1626
1219
1041
1196
1022
463
51
47
-50
-537
-982
-997
-832
-1023
-1392
-1485
-1321
-1250
-1289
-1271
-1214
-1288
-1386
-1391
-1350
-1400
-1460
-1417
-1467
-1661
-1888
-2008
-2123
-2312
-2514
-2689
-2887
-3214
-3355
-3039
-2421
-1998
-1957
-1830
-1305
-596
-132
274
1018
1842
2189
2154
2401
3106
3684
3703
3477
3406
3405
3238
3015
2904
2799
2472
2002
1670
1313
853
355
42
-159
-500
-925
-1168
-1150
-1298
-1737
-2054
-2005
-1735
-1618
-1710
-1779
-1597
-1325
-1212
-1172
-891
-332
38
69
2
252
691
1016
1122
1236
1492
1695
1705
1630
1855
2301
2555
2339
2011
2141
2458
2337
1749
1472
1635
1575
1008
420
369
259
-289
-836
-888
-637
-741
-1154
-1477
-1444
-1283
-1189
-1145
-1164
-1246
-1372
-1448
-1490
-1457
-1506
-1507
-1530
-1747
-2081
-2325
-2282
-2337
-2690
-3127
-3386
-3587
-3757
-3598
-3125
-2539
-2213
-2027
-1719
-1195
-575
192
1075
1755
2061
2246
2643
3277
3695
3903
4032
4025
3748
3358
3210
3364
3411
2984
2366
1919
1660
1252
708
233
-58
-345
-714
-1000
-1195
-1386
-1657
-1987
-2116
-2062
-1880
-1745
-1737
-1749
-1771
-1632
-1411
-1103
-703
-328
-170
-139
56
368
716
1001
1276
1562
1664
1612
1616
1825
2250
2727
3006
2856
2427
2195
2328
2417
2208
1898
1661
1265
580
83
48
45
-448
-1079
-1283
-1204
-1250
-1498
-1567
-1521
-1475
-1441
-1395
-1336
-1483
-1678
-1829
-1840
-1756
-1635
-1590
-1850
-2233
-2585
-2701
-2807
-2920
-3073
-3443
-3930
-4324
-3970
-3020
-2052
-1848
-1935
-1754
-1190
-254
736
1796
2334
2497
2485
2868
3532
4076
4417
4426
4116
3517
3176
3295
3549
3410
2804
2150
1730
1483
1122
561
45
-253
-424
-784
-1084
-1305
-1362
-1577
-2036
-2295
-2182
-1775
-1519
-1575
-1722
-1837
-1674
-1307
-889
-460
-78
214
221
208
408
888
1488
1890
2013
1893
1770
1845
2257
2910
3448
3613
3250
2675
2373
2534
2723
2464
2012
1547
995
242
-248
-358
-504
-1032
-1661
-1877
-1907
-1906
-1997
-2083
-2172
-2153
-2013
-1850
-1920
-2210
-2415
-2417
-2225
-2056
-1950
-2015
-2337
-2727
-3045
-3079
-2992
-3092
-3412
-3861
-4175
-3980
-2883
-1411
-908
-1643
-2178
-983
1162
2334
2149
2050
2896
3573
3495
3462
4436
5406
4920
3408
2577
3183
3954
3773
2826
1974
1573
1370
1157
733
122
-514
-901
-998
-1186
-1459
-1593
-1513
-1637
-2229
-2734
-2460
-1482
-911
-1261
-1973
-2036
-1304
-655
-444
-394
79
691
724
343
392
1267
2187
2349
1896
1671
2005
2423
2658
2866
3359
3677
3428
2710
2277
2521
2788
2530
1780
1208
855
387
-323
-892
-981
-1121
-1544
-2016
-2171
-2118
-2249
-2453
-2443
-2241
-2059
-2007
-2130
-2453
-2718
-2689
-2393
-2083
-2035
-2266
-2750
-3204
-3433
-3309
-3196
-3363
-3747
-4294
-4458
-3910
-2490
-1179
-1032
-1795
-1857
-318
1612
2582
2567
2746
3489
3839
3761
4063
5146
5798
4962
3430
2828
3572
4243
3897
2703
1748
1402
1335
1092
578
-46
-657
-990
-1154
-1391
-1551
-1517
-1446
-1776
-2460
-2739
-2198
-1279
-1033
-1524
-2005
-1776
-1063
-670
-568
-353
252
721
563
207
428
1376
2189
2331
2015
2116
2706
3210
3405
3454
3763
3922
3692
3237
2932
2764
2374
1828
1331
1108
714
-95
-992
-1601
-1781
-1874
-1965
-2051
-2267
-2595
-2863
-2917
-2800
-2554
-2370
-2333
-2632
-3145
-3323
-2977
-2485
-2341
-2613
-3059
-3465
-3670
-3611
-3442
-3411
-3776
-4428
-4515
-3407
-1477
-367
-872
-1920
-1565
675
2778
3506
3187
3236
3794
3982
4088
4817
6152
6403
4755
2743
2360
3518
4349
3858
2462
1204
528
300
253
43
-463
-1149
-1670
-1997
-2248
-2168
-1804
-1566
-2076
-2932
-3067
-2097
-942
-787
-1438
-1841
-1335
-574
-191
-170
188
905
1128
667
337
992
2272
3194
3291
2966
2773
3138
3912
4522
4551
4246
4111
3837
3078
2314
2279
2497
1728
291
-455
-358
-585
-1584
-2491
-2567
-2362
-2543
-2845
-2930
-3093
-3555
-3919
-3804
-3291
-2923
-2978
-3485
-4048
-4108
-3637
-3105
-3046
-3371
-3709
-4019
-4242
-4232
-3998
-3928
-3859
-3281
-1747
-252
-295
-1331
-1159
1183
3726
4606
4112
4016
4578
4814
4871
5759
7322
7528
5709
3434
2740
3701
4507
4083
2715
1288
258
-362
-658
-975
-1520
-2114
-2440
-2598
-3003
-3399
-3333
-2783
-2622
-3095
-3359
-2666
-1390
-865
-1285
-1708
-1187
-73
621
699
777
1285
1748
1716
1475
1862
3175
4397
4605
3826
3436
4011
4806
5080
4861
4960
4853
3954
2572
2006
2255
2176
1221
-105
-837
-1230
-1732
-2377
-2739
-2934
-3252
-3634
-3911
-4061
-4277
-4675
-4847
-4786
-4493
-4195
-4199
-4470
-4822
-4801
-4520
-4204
-4066
-4003
-4129
-4618
-5044
-5056
-4645
-3815
-2535
-601
514
-280
-1743
-823
2977
6213
6344
4695
4443
5746
6360
6154
6889
8828
9042
6147
2963
2701
4911
6086
4735
2276
660
-87
-674
-1128
-1583
-2106
-2917
-3675
-4254
-4552
-4385
-3847
-3359
-3752
-4720
-4882
-3393
-1440
-805
-1514
-2034
-1139
375
1060
989
1455
2770
3572
2971
2179
2987
5107
6325
5679
4688
4990
5828
5661
4805
4880
5883
5780
4017
2131
1727
1894
1279
115
-560
-747
-1436
-2738
-3799
-3939
-3684
-3724
-4231
-4791
-5106
-5284
-5494
-5749
-5700
-5200
-4667
-4647
-5310
-5913
-5987
-5520
-4971
-4737
-4815
-5146
-5513
-5981
-5954
-4614
-1658
1194
1304
-1209
-2674
59
4987
7455
6455
5254
6211
7367
6785
6119
7933
10581
9839
5891
2909
3720
6082
6400
4263
2058
1174
822
31
-1217
-2356
-2974
-3271
-3623
-4295
-4858
-4885
-4466
-4432
-5367
-6102
-5206
-2815
-1271
-1931
-3439
-3297
-1181
746
1207
1174
2015
3198
3295
2762
3341
5250
6837
6921
6139
5710
5801
5741
5662
5905
6237
5795
4424
2806
1643
1133
957
779
225
-762
-1915
-3060
-3843
-3944
-3660
-3452
-3875
-4819
-5479
-5634
-5604
-5640
-5633
-5550
-5452
-5546
-5857
-6132
-6386
-6354
-6035
-5758
-5871
-6339
-6774
-6879
-5862
-3528
-764
201
-1206
-2498
-769
3487
6378
6341
5427
5985
7230
7343
7059
8257
10544
10534
7370
4272
4250
6432
7358
5750
3267
1995
1804
1330
185
-1174
-1976
-2380
-2740
-3322
-4018
-4361
-4278
-4283
-4935
-5654
-5259
-3608
-2272
-2518
-3703
-3905
-2316
-373
293
82
542
1922
2993
3156
3453
4746
6299
6813
6574
6605
6958
6887
6381
6058
6017
6000
5248
3981
2532
1258
386
-96
-289
-705
-1469
-2814
-4159
-4798
-4583
-4157
-4282
-4838
-5614
-6101
-6269
-6198
-5815
-5437
-5361
-5757
-6268
-6609
-6631
-6434
-6263
-6281
-6632
-7173
-7548
-6740
-4183
-1176
-256
-2069
-3530
-1538
3199
6456
6136
4942
5345
6700
6963
7175
9188
11492
10808
6862
3796
4412
7057
7918
5970
3308
1752
1340
1220
719
-321
-1570
-2543
-3141
-3426
-3749
-3808
-3432
-3438
-4438
-5745
-5531
-3340
-1085
-1150
-3114
-4120
-2785
-455
616
424
754
1844
2637
2647
3251
4800
6222
6617
6300
6530
6945
6755
6188
5817
5860
5708
5028
3822
2468
1277
354
-189
-564
-902
-1605
-2847
-4214
-4842
-4702
-4436
-4611
-5195
-5720
-6116
-6552
-6718
-6325
-5685
-5441
-5795
-6482
-6986
-7106
-6891
-6634
-6516
-6782
-7213
-6410
-3961
-1240
-930
-2965
-3474
-180
4518
5998
4485
3830
5574
7189
6653
6597
9015
11395
9830
5239
2975
5089
8179
8118
5123
2342
1305
1345
1016
452
-127
-987
-2179
-3419
-4147
-4218
-3383
-2412
-2516
-3934
-5600
-5279
-2761
-438
-585
-2207
-2509
-1038
331
172
-7
1479
3781
4525
3312
2696
3851
6145
7449
7293
6616
6063
5885
5300
4951
5090
5372
5018
3062
716
-476
-291
66
-380
-1316
-2527
-3682
-4804
-5241
-4864
-4622
-5000
-6122
-6922
-7121
-6928
-6774
-6877
-6864
-6717
-6628
-7020
-7634
-7951
-7840
-7495
-7506
-7217
-5160
-1954
-160
-2073
-4684
-3114
2843
7699
6928
3741
3408
6184
7905
7147
7651
10362
11616
8253
3388
2507
5915
8921
7613
3862
1101
535
961
857
166
-901
-1939
-2757
-3570
-4299
-4528
-3614
-2441
-2816
-5015
-6527
-4968
-1490
336
-1001
-2807
-2275
-57
1133
900
1758
4484
6276
4845
2409
3102
6847
9568
8738
6616
6127
6357
5568
4447
5020
6512
5937
2825
-143
-593
254
372
-480
-1357
-2001
-3034
-4479
-5399
-5366
-5028
-5341
-6400
-7200
-7358
-7304
-7767
-8445
-8682
-8463
-8082
-8028
-8338
-8889
-9533
-9905
-9230
-6428
-2396
250
-967
-4475
-4864
95
6647
9095
7035
5288
5901
7155
7085
7892
11246
13611
11258
5331
2018
4006
7921
8705
5669
2110
417
409
274
-642
-1776
-2361
-2526
-3361
-4759
-5612
-4740
-3067
-3075
-5020
-6808
-5720
-2493
-227
-979
-3131
-3238
-914
1363
1809
1931
3807
6551
6748
4341
3371
6196
9918
10449
8219
6804
7071
6680
4946
4318
5860
6823
4855
1260
-913
-1098
-877
-976
-1170
-1431
-2457
-4369
-6232
-7037
-6684
-6160
-6298
-7259
-8202
-8733
-9214
-9900
-10196
-9642
-8975
-9053
-10021
-10629
-10976
-10680
-8062
-3335
679
-351
-4264
-4640
1090
7989
9511
7160
6538
8614
9667
8069
8248
11996
14800
12203
6133
3391
5448
8192
7332
4214
2036
1346
693
-927
-2468
-3410
-3721
-3994
-4533
-5258
-6076
-6111
-5423
-5045
-5905
-7089
-6055
-3174
-1160
-2154
-4147
-3365
-46
2353
2279
2585
5161
7760
7387
5515
6219
9514
11686
10800
9185
8663
8244
7052
6120
6751
7459
6119
3156
845
177
106
-531
-1575
-2131
-2365
-3313
-5276
-7146
-7678
-7175
-7213
-8210
-9417
-9908
-10290
-10983
-11520
-11652
-11553
-11875
-12222
-12141
-12188
-11967
-9483
-4767
-925
-1812
-4830
-3857
2506
8970
9803
7571
7802
10487
11522
9807
10089
13992
16365
12918
6486
4154
7099
10107
8614
4225
1287
804
839
-325
-2201
-3643
-4278
-4910
-5922
-6731
-6964
-6160
-5200
-5494
-7235
-8701
-7413
-3982
-1548
-2417
-4524
-4092
-1070
1427
1972
2956
5518
7493
6803
5581
7062
10269
11863
10653
9177
9198
9425
8692
7406
6944
7003
6347
4972
3171
1675
648
-106
-615
-1285
-1932
-2725
-4101
-6138
-8003
-8666
-8384
-8307
-9119
-10347
-11810
-12918
-13548
-13670
-13286
-13110
-13057
-13846
-14231
-11804
-6844
-2645
-3505
-6543
-5486
1256
7992
8671
6358
6765
10113
11749
10091
10399
14432
17334
14051
7279
4651
7801
11670
10920
6198
2022
820
1315
977
-774
-2801
-3586
-3834
-5109
-6901
-7536
-5881
-3961
-4396
-7215
-9435
-7893
-3739
-1027
-2155
-4598
-4425
-1584
1039
2000
2746
4709
6199
5901
5082
5949
8373
10004
9715
8439
7440
7271
7513
7463
7077
6376
5591
4750
3959
3322
2764
1708
169
-791
-898
-943
-2111
-4215
-6239
-7627
-8422
-8798
-8964
-9480
-10827
-12965
-15054
-16054
-15793
-14698
-14075
-13491
-11653
-8600
-6616
-7857
-8679
-4992
2237
7142
6152
3977
5425
9364
11188
10138
11172
14352
15509
11701
6481
5664
8877
11481
9654
5353
2299
1698
1897
845
-1138
-2458
-2488
-2979
-4812
-6512
-6232
-3926
-2770
-4333
-7168
-8312
-5889
-2432
-844
-1877
-3250
-2497
-561
968
1900
3475
5644
6393
5517
4539
5313
7236
8567
8443
7316
6183
5474
5175
4736
4432
4542
4706
4367
3155
1852
1189
972
784
850
843
173
-1477
-3634
-4961
-5435
-5795
-6538
-7475
-8664
-10166
-12179
-14032
-15154
-15093
-14834
-13915
-11417
-8199
-6523
-8830
-11167
-8380
-440
6166
6066
3100
3150
6350
8737
8446
9897
13648
15211
11232
4989
3333
6883
10739
10326
6143
2254
942
1238
1157
-357
-2106
-2675
-2518
-3158
-4840
-5776
-4355
-2279
-2422
-5179
-7648
-6204
-2338
133
-786
-2742
-2058
802
3157
3232
2835
4152
6202
6875
5754
5189
6271
7413
7143
5791
5294
5334
4715
3363
2598
3315
3915
3230
1654
606
474
502
504
354
5
-839
-2389
-3953
-4712
-4626
-4889
-6112
-8053
-9537
-10548
-11529
-12813
-13789
-14321
-13882
-11197
-7256
-4925
-7304
-10556
-8731
-1186
5718
6331
3943
4174
6580
7650
6691
8642
13394
15262
10825
4005
1975
5186
8681
8258
4553
1118
-345
-617
-665
-1343
-2390
-3461
-4528
-5347
-5543
-4681
-2857
-1728
-2732
-5213
-6646
-4574
-466
1965
809
-1592
-1484
1749
5057
5730
4616
4694
6494
7395
6458
5586
6448
7617
6732
4880
4445
5088
4691
2641
1415
1991
2893
2791
1800
994
183
-850
-1102
-269
774
387
-2005
-4748
-5907
-5197
-4444
-5255
-7264
-9409
-10980
-12456
-13836
-14495
-14141
-11679
-8180
-5532
-6769
-10099
-10333
-4978
2726
6142
5186
4638
5975
7362
6704
7306
11611
15522
14487
8319
3438
3509
6466
8003
6469
3613
1412
-216
-1747
-3331
-4286
-4148
-3722
-4360
-6053
-7359
-6460
-3862
-2592
-3906
-6453
-6653
-3551
26
1022
-335
-706
1682
4274
4604
3943
5201
8211
9251
6977
4786
5335
7367
7726
6351
5572
5198
4213
2214
1329
2447
3790
3737
2241
550
-510
-755
-216
248
12
-839
-2093
-3472
-4887
-5624
-5488
-5322
-6339
-8433
-10561
-12236
-13135
-14279
-14098
-11126
-6641
-3807
-6667
-11098
-11066
-4568
3253
5925
5140
5281
6524
6480
4650
6195
12103
16724
14408
7037
1982
2951
6562
8082
6257
3424
1698
222
-1784
-3996
-4993
-4002
-2978
-3982
-6322
-7634
-5894
-3263
-2782
-4786
-6558
-5207
-1926
351
446
313
1788
3581
3271
2067
3106
6826
9375
7976
4775
3500
4486
5448
5293
5122
5334
4460
2440
712
845
2387
3572
3604
2455
836
-125
-210
190
296
12
-482
-1518
-3000
-4334
-5005
-5430
-6381
-7800
-9055
-10315
-11694
-13488
-13992
-11416
-6919
-3764
-5506
-9152
-9583
-4691
1685
4302
4052
4667
6474
7109
5418
5801
10003
14078
12919
7047
2663
3257
6352
7239
4887
1873
766
557
-425
-2660
-4425
-4418
-3803
-4319
-5761
-6257
-4653
-2790
-2827
-4729
-6398
-5277
-1807
1282
1889
1027
1063
2385
2884
2688
3631
6398
8321
7034
4268
2949
3367
4184
4592
4944
4800
3127
842
-375
442
2192
3559
3801
2768
993
-182
-278
481
944
952
413
-1001
-2911
-4557
-5036
-4920
-5506
-7162
-9264
-10967
-12355
-13462
-12325
-8939
-4825
-4399
-7564
-9629
-6864
-665
3493
3835
3884
5490
7198
6477
5375
7516
11253
12494
9154
4929
3483
4934
5813
4670
2255
843
764
845
-479
-3139
-5404
-5654
-4574
-3788
-4003
-3912
-2784
-2302
-3410
-5359
-5057
-1836
1960
3947
3573
2252
1470
1226
2219
4189
6391
7216
5633
2992
745
55
1282
3068
3881
2828
557
-1170
-1641
-975
478
2249
3442
3155
1711
830
1005
1468
1399
954
1141
1139
57
-1905
-3736
-4457
-4981
-6040
-7775
-9512
-10692
-12023
-11914
-9592
-5587
-3903
-6588
-9622
-8239
-1951
3611
4469
3281
3555
5295
5909
5469
7289
10584
12057
8801
4040
1919
3595
5777
5526
2805
100
-945
-734
-707
-1827
-3397
-4186
-4322
-4529
-4521
-3661
-1334
-75
-1268
-4045
-4945
-2175
2321
5870
6486
4700
2080
873
2079
4570
6486
6808
5530
3259
267
-1485
-1051
1122
2175
1010
-1201
-2600
-2562
-2216
-1549
-549
845
1688
1884
1464
1040
572
384
528
1013
1390
1185
142
-1534
-3460
-5466
-6901
-7894
-7745
-8507
-9638
-9586
-7168
-4129
-4862
-7744
-8336
-4025
1819
3912
3002
2797
4100
5268
4375
5007
8056
11137
9902
4949
578
434
3046
4891
3754
636
-1799
-2607
-2205
-2211
-3024
-3881
-4098
-4251
-4272
-4005
-1915
711
1718
-272
-2848
-2308
2415
7991
10300
8189
4728
3470
4415
5859
6299
6590
6555
4984
1276
-2102
-2752
-779
366
-784
-3159
-4530
-4530
-4129
-3789
-3254
-2417
-1693
-861
-130
597
262
-648
-1178
-506
1027
2118
1815
39
-2383
-4581
-5883
-6351
-6206
-6728
-7824
-7547
-5417
-3018
-3963
-6794
-6993
-2664
2753
4633
3560
3408
4761
5551
4640
4886
7874
10778
9519
4529
228
-78
2179
3448
2156
-763
-3032
-4054
-4046
-4088
-4355
-4889
-5443
-6189
-6521
-5552
-2889
188
1494
10
-2470
-2818
1265
8010
12640
12256
7937
4860
5013
7346
9338
10264
10131
7990
3618
-342
-1497
276
1830
989
-1589
-3959
-5176
-5417
-5152
-4388
-3421
-3121
-3057
-3037
-2396
-2084
-2485
-2966
-2624
-1410
-390
-593
-1583
-3066
-4579
-6070
-7290
-7699
-7934
-7052
-4915
-1935
-1232
-4280
-7434
-6212
-208
5348
6551
5191
4748
5497
5656
4881
6365
9905
12288
9522
3696
-290
262
2556
3233
1225
-1439
-3255
-4207
-4926
-5842
-6580
-6840
-6921
-7185
-7224
-6392
-4006
-1700
-1046
-2567
-3744
-1774
3821
9109
10820
8401
6005
5964
7574
9048
9771
10331
9630
6858
3460
1918
2481
3348
2783
1308
-410
-1750
-2707
-3003
-2749
-2128
-2186
-2569
-2890
-2707
-2473
-2981
-3535
-3500
-2777
-2100
-1928
-2505
-3695
-5643
-7141
-8110
-8222
-8446
-8159
-6542
-3957
-2412
-3987
-6672
-6885
-2706
2918
5877
5172
3860
4004
5481
6195
6849
8432
10572
10314
6636
2258
1051
3118
4984
3883
378
-2402
-3417
-3177
-3437
-4406
-5722
-6645
-7357
-7618
-7253
-5614
-3168
-1712
-2081
-3702
-3703
-378
4517
7911
7882
6120
5054
5151
5786
6484
7454
8175
7531
5212
2524
1130
1590
2865
3308
2513
847
-541
-1268
-1155
-450
266
488
-89
-1082
-1964
-2353
-2238
-1908
-1832
-1849
-1836
-2081
-3097
-5120
-6964
-8141
-8478
-8969
-9056
-7034
-3569
-1336
-3525
-7555
-8514
-3921
2625
5828
4673
2821
2641
3734
4234
5008
7379
10297
10186
5874
809
-551
2165
5016
4800
1563
-1402
-2609
-2346
-2333
-3105
-4246
-5004
-5523
-5831
-5769
-4536
-2515
-1053
-1185
-2322
-2380
-109
3479
5850
6220
5410
4963
4531
3943
3536
4099
5151
5547
4180
1693
-509
-1236
-246
1388
2295
1713
-13
-1624
-2115
-1190
498
1725
1835
756
-583
-1564
-1571
-1087
-351
342
779
-1
-2000
-4512
-5748
-5886
-6054
-7365
-8409
-6578
-2575
55
-2448
-7246
-8708
-3950
2858
6080
4743
2583
2183
2699
2494
2993
5796
9520
9905
5435
-458
-2609
-63
3261
3806
1276
-1365
-2686
-2985
-3381
-4086
-4642
-4862
-5043
-5084
-4880
-3804
-2085
-591
-487
-1160
-701
1959
5501
7110
6580
5343
5117
5463
5489
4984
4547
4130
3535
2425
1114
-209
-1148
-1444
-1235
-935
-1083
-1806
-2564
-2683
-2134
-1470
-1126
-917
-505
-418
-996
-1692
-1749
-949
-6
536
301
-916
-2819
-4395
-5245
-5321
-5929
-5743
-3697
22
1666
-1261
-5701
-6402
-1246
5088
7682
5920
3576
2996
3375
3240
3620
5942
8934
8771
4352
-1211
-3149
-1201
1540
1636
-487
-2777
-4000
-4334
-4742
-5464
-6312
-6792
-6497
-5741
-4661
-3282
-1760
-666
-340
-215
664
2943
5729
8077
8529
7473
5919
5200
5404
5812
5834
5581
4714
3003
841
-893
-1443
-1125
-452
-171
-1086
-2894
-4514
-4641
-3385
-2025
-1475
-1870
-2622
-3226
-3328
-2981
-2232
-1545
-1032
-1086
-1869
-3060
-4106
-4497
-4579
-4886
-5769
-5704
-3338
811
2913
550
-3788
-4825
-40
6597
10006
8691
5926
4564
4816
5173
5706
7348
9585
9873
6236
755
-2480
-1776
787
1498
-309
-3032
-4719
-5097
-5454
-6506
-8130
-8970
-8411
-6834
-5347
-4245
-3243
-2412
-1859
-1656
-484
2018
5422
7901
8253
6876
5325
4859
5400
6274
6872
7077
6280
4381
1747
-120
-387
479
1451
1471
414
-1592
-3537
-4326
-3607
-2140
-1231
-1512
-2723
-3959
-4551
-4384
-3759
-3073
-2261
-1892
-2547
-4208
-6037
-6661
-6345
-5776
-6244
-6306
-4487
-807
1563
-45
-3655
-4892
-793
5504
9637
9342
7048
5475
5497
6343
7286
8847
10414
10750
8461
4418
1081
67
1116
2139
1740
-300
-2818
-4587
-5249
-5805
-7107
-8645
-9121
-7818
-5864
-4344
-3773
-3596
-3465
-3308
-2588
-559
2668
5741
6937
5840
3765
2469
2930
4582
6327
7090
6401
4606
2460
820
180
801
2153
3062
2408
207
-2354
-3741
-3244
-1581
-251
-416
-1673
-2955
-3417
-3255
-2960
-2641
-2202
-1759
-1991
-3036
-4682
-5711
-6017
-6007
-6409
-7111
-6424
-4135
-1267
-840
-3139
-5757
-5226
-765
4684
7715
6934
4512
3074
4043
6247
8360
9690
10212
9505
7244
4441
2521
2516
3513
4116
3324
1147
-1309
-3069
-3802
-4284
-5103
-5975
-6235
-5626
-4603
-3570
-2936
-2812
-3252
-3646
-3094
-982
1999
4078
4177
2660
1175
775
1503
2723
4007
4925
4747
3292
1129
-294
-188
1140
2489
2746
1656
-273
-1990
-2607
-1891
-570
257
105
-662
-1266
-1409
-1234
-980
-565
73
491
290
-608
-1898
-3172
-4093
-4513
-4555
-4665
-4874
-4981
-4497
-3905
-3995
-4841
-5377
-4312
-1845
762
2095
2052
1374
1361
2326
4057
5843
6976
7105
6073
4621
3598
3618
4373
4835
4284
2857
1373
425
-125
-645
-1279
-1810
-2094
-2148
-2095
-1705
-1009
-442
-648
-1551
-2139
-1530
162
1825
2361
1610
173
-847
-766
407
1838
2495
1986
772
-247
-538
-128
519
981
828
91
-823
-1337
-1169
-714
-373
-266
-157
27
163
115
-69
-179
-2
438
946
1221
1051
276
-824
-1855
-2360
-2289
-2138
-2448
-3229
-3888
-3853
-3452
-3251
-3644
-4055
-3796
-2719
-1299
-249
176
111
-40
144
988
2315
3431
3503
2613
1738
1665
2264
2662
2379
1715
1146
825
671
643
623
505
176
-176
-212
236
1020
1556
1448
771
95
-34
525
1377
1874
1611
751
21
16
758
1557
1771
1212
394
-69
128
620
780
295
-472
-957
-950
-615
-328
-297
-623
-1039
-1170
-836
-284
198
307
-9
-518
-624
-86
811
1375
1087
147
-697
-806
-292
106
-97
-772
-1412
-1837
-2019
-1935
-1656
-1477
-1713
-2203
-2439
-2051
-1386
-1020
-1120
-1315
-1228
-958
-870
-962
-955
-705
-493
-638
-921
-958
-624
-358
-563
-942
-864
-171
592
826
616
503
735
1177
1614
2016
2327
2488
2482
2413
2379
2325
2269
2269
2444
2743
2972
2773
2044
1225
825
1086
1546
1690
1277
520
-148
-476
-398
-107
125
66
-319
-907
-1377
-1493
-1186
-724
-450
-478
-626
-682
-575
-356
-188
-83
-19
109
280
400
477
487
410
141
-123
-43
379
695
358
-507
-1326
-1536
-1217
-878
-852
-1079
-1388
-1847
-2552
-3297
-3551
-3046
-2202
-1823
-2312
-3226
-3751
-3545
-2919
-2328
-1864
-1486
-1138
-967
-929
-811
-421
203
852
1435
1901
2174
2136
1919
1819
2019
2384
2723
2989
3173
3155
2755
2068
1518
1487
1980
2490
2578
2199
1650
1145
727
547
718
1186
1563
1524
1017
278
-383
-730
-697
-419
-96
115
149
-108
-571
-971
-972
-544
30
382
422
340
375
535
644
698
817
1089
1513
1888
1905
1465
753
192
54
242
428
326
-109
-936
-2064
-3154
-3657
-3391
-2776
-2507
-2951
-3822
-4587
-4888
-4737
-4278
-3660
-2987
-2532
-2388
-2460
-2428
-2164
-1705
-1086
-294
506
1000
944
523
270
574
1338
2118
2500
2293
1686
1012
700
936
1555
2096
2189
1880
1508
1365
1544
1797
1958
2035
2162
2309
2277
1950
1467
1130
1006
934
747
604
688
898
829
313
-312
-579
-338
139
469
552
504
506
555
573
599
844
1396
2072
2455
2301
1831
1330
1012
918
1033
1274
1385
1069
235
-837
-1638
-1883
-1695
-1507
-1683
-2216
-2859
-3383
-3737
-3920
-3931
-3777
-3586
-3407
-3233
-3098
-3047
-3100
-3051
-2737
-2051
-1220
-619
-522
-844
-1149
-994
-252
651
1167
1013
377
-282
-503
-103
606
1090
1009
531
127
157
562
987
1213
1301
1340
1338
1267
1228
1335
1518
1549
1328
1086
1103
1371
1550
1374
931
542
450
641
1013
1347
1416
1197
936
876
1063
1493
2060
2627
2927
2801
2400
2101
2069
2152
2203
2267
2318
2185
1647
817
73
-244
-203
-214
-587
-1190
-1677
-1956
-2225
-2609
-2969
-3121
-3062
-2949
-2876
-2856
-2852
-2817
-2784
-2663
-2366
-1892
-1433
-1248
-1358
-1462
-1327
-1061
-917
-872
-718
-569
-729
-1238
-1630
-1414
-766
-345
-481
-852
-964
-749
-425
-134
202
563
683
412
35
-14
382
849
996
798
512
434
566
725
673
423
177
178
429
772
1008
1065
1000
876
856
1101
1686
2385
2887
2984
2797
2613
2621
2785
2970
3110
3236
3288
3098
2625
2026
1573
1380
1280
1005
525
28
-336
-654
-1048
-1507
-1826
-1938
-1956
-2035
-2144
-2203
-2203
-2199
-2173
-2018
-1789
-1640
-1612
-1622
-1525
-1292
-1080
-1081
-1266
-1380
-1300
-1159
-1215
-1439
-1575
-1464
-1249
-1171
-1223
-1209
-1021
-788
-647
-556
-369
-82
89
9
-149
-127
94
310
377
330
324
372
366
160
-197
-465
-448
-214
25
95
-13
-110
-151
-96
49
334
780
1274
1643
1749
1694
1700
1868
2125
2361
2605
2826
2944
2765
2381
2019
1841
1758
1638
1492
1327
1101
688
184
-168
-234
-163
-158
-300
-492
-634
-701
-732
-707
-602
-459
-390
-446
-561
-602
-538
-483
-486
-563
-677
-839
-1092
-1385
-1627
-1689
-1580
-1512
-1676
-1998
-2172
-2014
-1667
-1414
-1348
-1358
-1331
-1264
-1138
-906
-559
-246
-151
-264
-371
-247
121
470
486
142
-322
-567
-424
-54
245
246
-13
-269
-288
-66
228
507
748
951
1070
1123
1226
1429
1682
1875
2000
2045
2015
1920
1798
1661
1486
1266
1028
838
702
578
354
26
-275
-379
-311
-255
-292
-362
-401
-402
-336
-217
-65
95
237
320
380
467
582
661
685
710
692
519
191
-137
-290
-259
-242
-409
-790
-1234
-1514
-1510
-1300
-1095
-1079
-1271
-1564
-1773
-1765
-1524
-1147
-844
-786
-947
-1115
-1113
-888
-543
-285
-280
-543
-874
-1004
-812
-450
-217
-227
-376
-430
-325
-130
123
408
683
855
929
1026
1268
1573
1832
1993
2064
2036
1921
1828
1786
1719
1510
1213
914
703
500
244
-26
-265
-460
-625
-726
-776
-855
-951
-968
-860
-708
-600
-504
-353
-146
19
160
333
549
724
843
924
965
873
623
387
352
526
655
534
169
-233
-416
-335
-150
-85
-250
-552
-839
-966
-949
-850
-779
-798
-889
-973
-998
-980
-959
-937
-934
-963
-1004
-1042
-1063
-1063
-1014
-919
-792
-678
-577
-487
-357
-148
99
347
560
748
943
1191
1473
1697
1769
1727
1692
1729
1810
1795
1623
1356
1081
831
632
482
316
92
-190
-494
-754
-889
-926
-918
-935
-1006
-1068
-1078
-1017
-908
-743
-540
-359
-182
1
202
365
440
453
452
485
535
570
582
577
520
428
347
304
307
331
311
183
-9
-148
-156
-109
-128
-246
-365
-434
-477
-537
-611
-634
-622
-637
-753
-937
-1046
-1011
-923
-905
-926
-877
-748
-653
-672
-649
-443
-75
254
418
445
491
716
1069
1411
1583
1566
1454
1388
1432
1504
1496
1328
1030
722
540
473
419
274
26
-273
-555
-785
-924
-956
-924
-930
-991
-1059
-1030
-924
-805
-717
-634
-501
-293
-41
182
291
223
76
1
101
340
559
587
415
196
108
182
328
428
410
283
103
-25
-13
101
189
118
-88
-265
-291
-230
-236
-330
-436
-520
-611
-700
-741
-702
-648
-709
-851
-899
-752
-538
-418
-404
-394
-250
19
307
501
613
683
780
931
1124
1322
1460
1482
1403
1291
1198
1082
933
777
697
664
551
290
-32
-278
-434
-540
-665
-768
-823
-836
-923
-1070
-1149
-1050
-794
-559
-460
-492
-515
-420
-184
45
107
-7
-138
-120
21
153
161
96
61
54
30
-6
22
131
202
122
-40
-72
89
273
293
157
29
14
80
114
93
39
-23
-105
-212
-293
-328
-317
-325
-397
-485
-502
-436
-378
-390
-418
-335
-131
93
216
278
348
446
525
573
674
885
1129
1246
1163
933
687
545
546
639
731
726
547
215
-116
-314
-322
-243
-212
-284
-402
-504
-581
-640
-644
-554
-385
-214
-127
-142
-182
-162
-65
12
-17
-127
-205
-179
-137
-167
-266
-351
-399
-438
-498
-527
-469
-364
-344
-421
-479
-424
-289
-178
-141
-94
21
131
130
48
31
150
319
363
245
84
15
65
161
216
197
136
58
-17
-67
-46
64
194
274
297
316
341
340
297
294
413
641
824
812
605
350
203
180
221
271
319
299
141
-125
-335
-358
-243
-170
-222
-310
-326
-285
-266
-272
-218
-73
78
156
177
211
280
333
320
256
222
235
225
115
-80
-262
-339
-325
-335
-440
-599
-717
-762
-754
-723
-687
-664
-677
-718
-732
-646
-450
-233
-118
-136
-215
-242
-159
17
199
278
229
117
59
132
309
439
414
280
194
240
354
428
440
460
500
524
510
498
492
497
520
564
602
558
389
143
-27
-25
80
132
43
-152
-335
-413
-385
-316
-266
-300
-423
-539
-527
-364
-142
30
95
90
77
114
233
426
617
698
645
514
415
404
440
422
300
130
-10
-86
-145
-242
-372
-492
-570
-614
-627
-631
-645
-690
-756
-797
-746
-606
-474
-426
-446
-461
-429
-353
-258
-171
-122
-116
-119
-78
15
107
139
115
97
142
232
325
387
422
441
472
533
615
679
701
703
704
682
591
449
314
248
231
213
142
14
-142
-288
-361
-354
-310
-305
-374
-492
-593
-614
-528
-349
-148
-26
-17
-54
-20
110
286
442
561
632
633
572
499
477
491
489
438
357
278
203
127
41
-46
-151
-249
-305
-309
-314
-365
-450
-519
-544
-543
-535
-514
-480
-457
-459
-477
-487
-472
-443
-425
-411
-362
-271
-190
-180
-235
-272
-217
-72
89
192
228
222
213
239
340
504
653
705
642
526
429
390
381
372
348
298
203
67
-71
-167
-212
-223
-229
-263
-344
-459
-557
-582
-518
-402
-281
-189
-121
-67
-22
26
114
255
412
530
580
575
552
543
549
547
518
475
451
454
441
368
246
132
60
22
-3
-21
-45
-103
-203
-293
-315
-278
-246
-261
-298
-308
-283
-261
-276
-314
-337
-333
-320
-309
-296
-274
-262
-271
-298
-307
-266
-166
-49
28
38
10
6
66
181
312
397
390
296
175
101
102
155
204
197
120
2
-124
-223
-265
-240
-188
-192
-298
-452
-535
-489
-376
-285
-239
-208
-158
-98
-51
-15
45
142
250
327
346
323
307
325
353
353
336
340
383
433
437
373
271
185
161
201
258
267
199
90
-1
-27
6
52
61
18
-50
-86
-58
7
48
24
-58
-136
-141
-80
-20
-26
-98
-197
-269
-279
-227
-154
-116
-135
-172
-175
-134
-70
-2
50
50
-13
-93
-139
-126
-78
-39
-40
-91
-166
-238
-279
-280
-246
-206
-206
-262
-332
-350
-303
-225
-150
-93
-59
-52
-55
-32
33
120
189
218
218
213
211
206
196
186
172
146
123
131
178
221
201
114
22
1
72
180
235
192
94
24
28
93
171
220
226
202
175
168
198
259
318
338
305
251
207
190
193
196
178
131
77
36
3
-34
-69
-85
-76
-69
-85
-120
-151
-166
-184
-226
-294
-355
-372
-350
-326
-323
-344
-384
-445
-494
-477
-388
-292
-259
-303
-374
-408
-361
-239
-90
26
68
42
-5
-21
40
160
269
301
253
169
101
79
108
147
143
83
21
4
23
35
20
-21
-71
-95
-63
1
38
21
-25
-55
-43
22
115
185
195
161
144
189
288
382
420
411
400
411
429
424
399
373
361
363
365
343
281
198
137
127
141
130
75
4
-53
-103
-162
-236
-304
-350
-364
-353
-347
-378
-445
-520
-568
-567
-508
-427
-373
-382
-433
-467
-440
-348
-209
-60
38
35
-50
-126
-107
21
187
298
286
168
32
-26
15
91
128
120
76
4
-58
-79
-58
-29
-26
-48
-84
-98
-74
-28
7
15
8
1
17
38
82
132
175
196
220
271
334
395
409
425
444
476
477
443
422
410
428
425
390
344
313
289
225
158
119
118
113
62
-20
-121
-186
-233
-259
-254
-253
-276
-342
-426
-476
-466
-427
-395
-370
-364
-387
-392
-403
-392
-329
-212
-106
-76
-96
-172
-213
-165
-55
55
114
95
16
-69
-118
-78
-7
25
8
-45
-101
-153
-176
-176
-159
-166
-173
-204
-245
-229
-153
-103
-114
-120
-137
-108
-64
-10
39
81
135
138
148
170
256
336
393
397
366
379
418
451
472
474
453
395
373
367
340
325
245
209
182
192
165
66
-25
-88
-76
-65
-71
-126
-202
-223
-235
-226
-223
-250
-267
-293
-235
-213
-233
-248
-241
-177
-134
-62
-27
-29
-34
-57
3
89
121
81
46
48
41
68
47
24
-21
-35
-14
-40
-86
-116
-122
-144
-165
-190
-195
-197
-223
-206
-193
-204
-219
-245
-214
-183
-120
-74
-47
-67
-64
-8
63
138
153
246
272
259
217
237
314
386
461
436
409
365
354
413
435
389
333
328
318
263
230
180
135
112
93
70
15
-26
-37
-81
-115
-99
-63
-64
-121
-196
-243
-220
-179
-109
-70
-100
-153
-183
-168
-121
-54
-17
6
-47
-77
-71
-61
-28
-14
-32
-101
-138
-148
-118
-148
-197
-204
-230
-239
-247
-256
-245
-243
-290
-312
-266
-228
-218
-206
-229
-225
-251
-235
-224
-176
-103
-82
-72
-68
-52
-52
-25
-42
-20
30
73
99
113
65
23
45
46
59
122
151
134
115
56
39
33
42
63
81
64
25
20
6
38
35
49
100
161
176
105
20
-17
34
79
142
141
62
2
-79
-90
-63
43
122
223
171
-63
-162
-44
504
524
58
-312
24
526
238
-202
-514
-413
-253
145
255
-147
-542
-543
-127
-124
-304
-518
-225
251
489
383
144
180
260
726
949
903
616
490
730
872
671
187
99
115
224
148
48
4
-228
-547
-662
-434
-354
-201
-174
-88
-61
-286
-204
46
201
196
436
659
547
532
427
409
379
406
668
793
620
289
252
303
239
112
-126
-269
-287
-153
-89
-145
-333
-467
-477
-535
-587
-575
-480
-357
-213
-216
-356
-509
-563
-450
-327
-257
-384
-412
-300
-289
-392
-515
-512
-477
-417
-370
-428
-486
-519
-447
-420
-445
-388
-354
-326
-308
-257
-264
-293
-186
-115
-64
-29
58
90
64
71
48
50
29
87
136
164
112
46
49
1
-19
19
27
79
123
142
158
181
124
99
83
125
219
287
318
315
312
262
307
387
480
516
495
538
570
557
543
510
493
515
550
555
537
477
368
268
191
130
119
130
123
77
8
-93
-178
-251
-314
-276
-169
-186
-260
-228
-227
-338
-420
-428
-357
-272
-192
-172
-164
-185
-180
-156
-126
-72
8
68
136
193
120
46
32
82
135
186
195
166
108
109
82
22
-78
-134
-125
-112
-174
-233
-242
-254
-202
-172
-141
-210
-251
-173
-50
53
107
134
93
31
125
228
255
273
317
356
313
233
184
187
162
156
160
162
151
147
126
59
-3
-46
-67
-86
-52
21
29
-43
-66
-108
-191
-226
-139
-62
-133
-268
-324
-258
-224
-237
-214
-193
-214
-258
-261
-255
-245
-249
-237
-174
-160
-142
-94
-75
-78
-68
-84
-63
-2
29
25
-4
24
45
30
-16
-86
-132
-176
-170
-105
-29
-10
-53
-37
7
25
14
-15
25
84
82
44
-11
-12
66
147
148
55
-3
30
123
195
176
164
256
371
406
338
254
256
316
384
390
307
210
151
160
159
100
74
47
56
86
-1
-118
-167
-195
-193
-174
-177
-223
-262
-279
-304
-311
-257
-227
-214
-199
-156
-117
-127
-103
-47
-29
-42
8
106
137
78
109
92
-93
-161
-59
-14
-96
-108
-48
-95
-216
-242
-172
-170
-181
-62
68
44
-52
-72
-33
-56
-84
-12
28
35
39
52
37
18
78
165
237
203
139
115
132
124
106
146
194
233
228
187
151
109
59
93
156
217
214
231
246
206
138
51
63
94
93
82
146
160
58
-37
-124
-148
-147
-154
-129
-80
-109
-179
-197
-206
-204
-160
-93
-49
-56
-64
-76
-94
-107
-81
-68
-88
-99
-116
-92
-57
-61
-91
-115
-107
-96
-77
-39
11
26
9
8
17
31
25
19
-21
-48
-15
30
25
-21
-49
-33
4
29
53
33
24
59
92
44
-16
6
72
97
111
111
84
27
4
42
52
25
3
21
18
-5
-36
-39
-29
-14
17
43
20
-27
-53
-59
-67
-62
-19
4
9
13
-2
-32
-81
-103
-85
-43
-19
-5
2
-12
-15
12
51
60
67
77
39
-35
-82
-81
-53
-13
12
-8
-12
2
6
-35
-68
-60
-31
-7
7
25
25
28
14
-9
-50
-53
-23
17
52
78
85
84
74
62
73
96
142
185
227
270
293
279
248
220
198
179
160
133
101
64
21
-36
-73
-94
-144
-214
-249
-253
-271
-283
-269
-258
-287
-314
-296
-248
-206
-165
-107
-60
-58
-68
-37
22
60
74
102
128
122
94
88
87
60
42
68
85
46
-19
-71
-100
-111
-91
-62
-55
-76
-88
-71
-49
-51
-46
-30
-12
0
34
62
76
87
107
113
101
92
81
70
51
46
34
37
58
83
72
38
22
30
44
62
123
184
213
223
263
279
244
194
175
164
144
127
92
26
-49
-101
-149
-205
-255
-279
-293
-313
-321
-324
-333
-339
-303
-236
-174
-146
-130
-98
-59
-9
54
114
143
151
150
133
100
71
53
45
61
72
59
33
9
-27
-67
-89
-93
-78
-46
-8
0
-1
-7
-3
-20
-32
-24
15
58
89
97
80
69
67
64
39
18
10
24
49
67
75
72
78
91
118
154
189
224
255
276
267
248
228
209
173
137
114
99
78
31
-32
-104
-172
-230
-276
-317
-347
-358
-358
-378
-395
-393
-387
-386
-353
-281
-219
-184
-146
-84
-14
52
101
128
142
154
160
147
128
109
97
92
89
74
41
3
-28
-45
-52
-58
-64
-73
-77
-74
-54
-35
-38
-50
-39
-4
19
21
29
50
63
65
75
91
104
112
119
120
111
109
116
133
149
166
179
190
201
210
212
216
234
246
240
218
187
154
127
109
89
69
56
51
33
-5
-51
-89
-121
-155
-187
-215
-239
-254
-256
-264
-284
-302
-302
-288
-268
-246
-213
-170
-124
-88
-66
-56
-44
-26
-4
10
14
9
4
4
0
-19
-41
-50
-43
-17
15
28
-1
-42
-59
-62
-69
-61
-37
-16
-5
-1
-14
-50
-80
-78
-48
-6
36
74
96
97
85
73
72
90
131
179
218
236
231
210
187
172
180
206
239
258
254
231
198
160
122
93
84
85
83
67
42
9
-25
-53
-72
-92
-112
-121
-125
-135
-159
-181
-186
-173
-150
-126
-104
-88
-80
-86
-103
-127
-148
-159
-151
-134
-120
-114
-111
-118
-144
-168
-171
-150
-119
-78
-33
-2
8
10
11
5
-3
0
15
31
41
46
48
47
43
34
18
5
-1
1
17
49
86
107
114
114
111
104
100
110
128
149
164
168
162
148
130
125
131
137
135
130
121
99
67
37
20
17
26
37
43
35
15
-8
-27
-42
-57
-60
-51
-44
-52
-69
-88
-108
-125
-126
-116
-108
-103
-104
-114
-134
-158
-175
-183
-181
-166
-145
-127
-121
-122
-126
-133
-135
-123
-93
-60
-36
-21
-15
-24
-49
-71
-77
-69
-53
-34
-16
-3
2
0
-7
-12
-3
24
63
108
154
186
199
197
191
182
171
170
189
217
240
253
255
249
228
203
176
155
138
124
109
89
73
58
36
8
-24
-48
-64
-67
-61
-52
-47
-46
-49
-56
-62
-63
-62
-53
-39
-23
-21
-29
-37
-43
-51
-58
-59
-55
-58
-74
-97
-125
-150
-168
-175
-175
-174
-177
-187
-200
-213
-215
-204
-179
-147
-117
-99
-91
-86
-78
-69
-57
-36
-5
24
47
63
67
64
60
64
77
102
134
166
189
199
195
181
161
142
133
139
158
180
194
199
194
178
150
119
91
71
55
43
33
24
8
-15
-43
-70
-91
-100
-100
-93
-82
-64
-46
-39
-45
-52
-49
-35
-13
7
21
33
39
42
41
37
29
22
16
4
-20
-52
-82
-100
-106
-109
-114
-127
-147
-168
-185
-197
-203
-200
-181
-156
-135
-126
-127
-130
-131
-124
-103
-75
-44
-12
18
42
51
49
41
35
40
59
87
114
138
159
173
177
175
173
178
188
202
214
222
223
214
201
181
157
133
109
86
59
28
0
-25
-46
-67
-86
-97
-105
-109
-111
-106
-99
-93
-84
-71
-54
-38
-23
-6
10
22
32
40
48
51
48
40
31
19
4
-14
-27
-37
-45
-51
-57
-67
-83
-101
-117
-131
-144
-155
-160
-163
-164
-164
-160
-158
-155
-146
-129
-108
-86
-65
-45
-26
-10
7
22
39
56
72
84
97
110
123
137
150
165
177
191
200
202
196
189
185
183
182
177
166
152
137
122
102
83
61
39
18
-3
-24
-40
-48
-51
-52
-58
-67
-76
-82
-85
-85
-81
-77
-72
-66
-62
-58
-57
-59
-61
-68
-78
-90
-101
-109
-111
-107
-97
-91
-89
-94
-103
-112
-116
-114
-107
-100
-93
-90
-89
-94
-100
-105
-105
-99
-85
-71
-59
-50
-45
-38
-29
-15
6
29
53
73
88
101
112
122
134
149
163
177
188
195
197
198
194
191
188
184
179
173
164
150
135
121
109
98
88
78
66
55
43
32
23
15
9
3
-5
-19
-33
-49
-62
-70
-76
-78
-78
-78
-80
-82
-87
-92
-99
-109
-121
-134
-144
-148
-145
-140
-134
-131
-131
-133
-133
-133
-130
-121
-108
-92
-75
-58
-48
-45
-45
-47
-45
-41
-32
-20
-7
1
6
7
7
10
17
28
41
55
67
76
80
82
81
83
90
99
110
118
121
119
113
106
103
103
103
105
103
97
88
76
64
55
49
49
51
53
54
52
51
49
49
49
48
47
41
34
26
19
10
2
-8
-17
-24
-30
-38
-50
-63
-80
-97
-114
-130
-142
-149
-151
-153
-157
-162
-169
-174
-173
-170
-161
-149
-135
-118
-103
-90
-79
-70
-58
-43
-27
-16
-6
-1
5
8
10
11
13
18
26
36
45
50
53
56
58
62
65
69
73
81
91
104
115
123
127
126
120
111
101
96
92
95
97
98
92
82
68
56
50
50
57
64
73
80
83
82
77
70
66
63
62
59
55
48
41
31
19
6
-7
-22
-36
-50
-63
-76
-89
-100
-112
-123
-133
-143
-153
-160
-168
-173
-175
-174
-169
-162
-153
-143
-133
-122
-110
-96
-83
-68
-54
-43
-34
-28
-26
-24
-23
-21
-15
-10
-2
7
16
22
28
30
33
36
41
48
54
61
66
72
78
82
85
87
87
85
82
77
72
68
65
64
66
67
68
65
61
60
63
71
78
87
93
99
106
111
111
109
106
103
99
92
80
65
48
31
12
-9
-33
-57
-78
-94
-106
-115
-123
-130
-138
-143
-150
-155
-158
-158
-156
-149
-141
-130
-117
-105
-94
-83
-72
-61
-48
-38
-28
-21
-16
-13
-12
-12
-15
-17
-16
-12
-8
-1
5
12
21
27
34
38
40
44
46
49
53
57
60
64
65
66
65
62
59
57
56
55
55
53
51
48
46
48
52
58
64
70
72
72
74
74
77
80
86
91
95
97
92
81
69
55
40
25
9
-8
-26
-41
-56
-70
-84
-97
-107
-116
-124
-131
-138
-142
-144
-142
-137
-131
-126
-121
-115
-106
-97
-88
-79
-69
-57
-46
-33
-24
-14
-6
0
5
7
6
5
3
3
6
9
13
14
14
12
9
10
11
15
21
28
35
41
42
42
43
47
51
57
63
68
72
75
77
78
80
84
88
90
92
93
95
98
102
106
107
104
99
92
85
78
70
65
58
51
43
31
15
-2
-18
-34
-46
-59
-70
-78
-85
-90
-96
-102
-112
-121
-127
-132
-134
-135
-135
-133
-130
-126
-122
-119
-116
-112
-106
-98
-90
-82
-73
-63
-52
-41
-32
-26
-22
-17
-11
-3
3
9
11
13
13
14
11
10
11
16
23
31
38
44
50
55
60
67
70
75
80
89
97
104
111
115
120
125
128
129
129
126
121
116
110
101
96
89
83
77
70
61
50
40
32
25
18
13
8
1
-7
-17
-29
-40
-49
-56
-61
-65
-69
-73
-79
-85
-92
-100
-106
-109
-111
-111
-110
-110
-108
-109
-108
-107
-104
-102
-98
-92
-84
-77
-71
-63
-56
-47
-38
-30
-23
-18
-13
-9
-6
-4
-2
-1
1
1
4
6
8
11
16
22
28
33
37
44
51
59
67
74
82
89
95
101
107
110
111
111
110
107
100
92
84
75
69
64
59
52
45
38
29
20
13
6
2
0
0
1
1
-3
-8
-14
-21
-27
-33
-36
-38
-39
-40
-41
-44
-48
-53
-59
-66
-71
-77
-80
-81
-82
-81
-79
-79
-80
-79
-78
-78
-76
-75
-71
-66
-62
-56
-49
-44
-37
-31
-27
-21
-15
-11
-5
-1
3
5
8
10
13
17
23
30
37
44
52
59
68
75
82
90
97
103
107
111
112
111
109
105
98
92
85
77
69
62
55
49
42
36
28
21
14
8
3
-1
-1
-1
-2
-2
-3
-6
-10
-15
-19
-23
-27
-29
-31
-33
-35
-37
-43
-48
-56
-63
-71
-78
-83
-87
-90
-92
-93
-93
-95
-96
-98
-98
-97
-95
-92
-85
-79
-72
-64
-57
-47
-39
-29
-19
-9
0
9
16
22
26
31
34
39
46
51
56
61
66
69
72
77
82
87
90
93
94
94
91
87
81
74
69
62
56
51
45
39
33
28
22
19
15
12
11
10
8
8
8
9
9
10
10
11
10
9
8
5
0
-4
-10
-15
-20
-24
-29
-34
-39
-45
-51
-58
-62
-67
-71
-75
-78
-79
-81
-82
-81
-82
-80
-79
-77
-75
-74
-72
-71
-69
-65
-59
-51
-43
-33
-23
-14
-5
2
9
16
24
30
39
46
54
60
65
69
72
74
76
78
80
80
80
78
73
68
61
55
48
42
37
34
31
28
27
24
22
19
18
17
18
19
20
22
24
25
25
25
25
25
23
20
18
15
11
7
0
-6
-12
-17
-23
-29
-33
-38
-42
-46
-51
-55
-59
-62
-64
-66
-67
-69
-70
-69
-70
-71
-71
-72
-73
-75
-76
-76
-74
-72
-67
-60
-50
-42
-31
-22
-13
-3
7
17
26
34
42
49
56
62
67
70
73
75
75
75
72
69
65
59
53
46
42
38
34
32
31
31
31
32
33
32
31
31
31
32
31
31
30
30
29
26
24
21
16
11
6
0
-5
-10
-16
-21
-25
-30
-33
-37
-41
-43
-45
-47
-50
-51
-51
-52
-51
-50
-49
-48
-47
-45
-44
-43
-42
-41
-40
-40
-40
-41
-41
-42
-40
-39
-34
-31
-26
-19
-13
-6
1
8
14
21
28
34
39
46
50
54
58
59
61
60
58
56
50
45
40
35
30
25
22
20
19
20
21
22
22
23
22
23
21
20
20
18
17
16
15
12
9
6
3
-1
-5
-9
-12
-15
-17
-18
-20
-19
-20
-21
-23
-25
-27
-28
-29
-29
-29
-30
-31
-31
-32
-32
-32
-32
-31
-31
-30
-28
-26
-26
-26
-27
-27
-27
-29
-27
-26
-22
-17
-12
-5
1
7
12
17
20
24
27
29
33
36
39
41
44
44
42
40
36
29
24
20
16
13
11
9
11
11
13
14
16
16
18
18
19
17
17
16
15
13
11
8
6
2
-2
-5
-8
-11
-13
-14
-15
-15
-14
-13
-13
-14
-14
-15
-14
-16
-16
-17
-17
-18
-19
-21
-23
-25
-26
-26
-26
-25
-24
-21
-20
-19
-20
-23
-25
-26
-29
-28
-26
-23
-18
-11
-4
2
6
11
14
17
18
18
19
20
22
22
23
23
21
20
18
13
11
8
6
4
5
6
8
10
12
15
17
19
22
23
26
28
28
28
28
26
23
19
14
10
4
0
-3
-6
-9
-8
-8
-6
-6
-3
-3
-3
-4
-6
-8
-11
-12
-12
-12
-11
-12
-13
-15
-18
-21
-23
-25
-25
-24
-21
-18
-14
-11
-11
-9
-10
-11
-12
-11
-10
-6
-2
3
7
11
16
18
20
22
23
24
25
26
25
24
23
20
17
12
8
2
-2
-5
-8
-10
-10
-10
-9
-8
-7
-6
-4
-2
-1
2
3
4
4
5
6
6
4
3
2
0
-3
-5
-8
-10
-10
-11
-9
-7
-6
-4
-1
-1
-2
-2
-4
-4
-6
-8
-8
-9
-9
-9
-11
-12
-12
-14
-15
-16
-17
-16
-16
-15
-13
-11
-9
-8
-7
-5
-4
-2
1
5
10
14
21
24
29
31
34
35
35
35
35
34
33
31
29
25
21
16
10
4
-1
-4
-7
-8
-10
-10
-10
-10
-10
-12
-11
-11
-10
-9
-10
-10
-9
-9
-8
-8
-7
-8
-8
-9
-9
-9
-9
-9
-7
-4
-2
0
2
4
6
6
6
5
5
5
3
1
0
-2
-6
-8
-13
-17
-20
-23
-23
-25
-23
-23
-22
-20
-17
-16
-13
-12
-9
-7
-5
-2
3
7
13
17
21
23
25
25
23
23
22
22
21
21
20
20
19
16
13
10
6
4
1
0
-1
-1
1
2
3
3
3
2
1
-1
-2
-4
-5
-6
-9
-11
-13
-16
-17
-19
-19
-19
-17
-17
-16
-14
-11
-10
-6
-4
-1
2
5
8
10
11
11
11
10
7
4
1
-1
-5
-7
-8
-9
-10
-9
-8
-7
-5
-2
0
2
6
8
10
12
14
15
15
17
18
19
20
23
23
23
23
22
21
20
17
15
15
12
9
7
3
2
-1
-2
-5
-5
-6
-5
-5
-5
-4
-4
-3
-6
-8
-10
-13
-16
-20
-23
-26
-28
-30
-31
-30
-29
-27
-25
-24
-22
-21
-20
-20
-19
-19
-18
-16
-14
-13
-10
-8
-6
-4
-2
0
1
0
1
1
2
1
1
2
2
3
5
7
9
11
13
17
18
21
22
21
22
23
23
24
25
27
29
31
32
34
34
34
33
32
31
29
27
24
20
14
10
5
1
-2
-5
-7
-6
-8
-5
-5
-3
-2
-2
-3
-6
-9
-12
-16
-20
-23
-26
-28
-29
-29
-28
-28
-26
-25
-22
-22
-20
-20
-20
-21
-22
-23
-24
-25
-25
-25
-23
-21
-19
-15
-13
-9
-7
-5
-5
-2
-3
-1
0
0
1
3
3
4
5
8
9
11
13
15
16
17
19
20
22
22
25
26
27
28
29
28
28
25
25
23
22
21
20
18
16
13
11
9
7
6
5
4
5
5
5
5
5
3
1
1
-2
-4
-8
-10
-12
-15
-16
-17
-17
-17
-16
-16
-14
-14
-14
-13
-15
-16
-17
-20
-21
-22
-25
-26
-26
-25
-26
-24
-22
-20
-17
-15
-13
-9
-7
-5
-3
-2
0
1
3
4
4
5
7
7
8
9
9
8
9
9
10
12
13
15
17
19
21
23
22
22
21
20
19
18
17
15
15
14
13
12
10
10
9
10
10
10
10
10
10
10
9
9
7
5
3
1
-1
-1
-3
-3
-4
-5
-3
-3
-3
-4
-3
-3
-3
-5
-5
-7
-9
-11
-13
-16
-18
-19
-22
-23
-24
-25
-25
-25
-25
-24
-23
-21
-21
-19
-19
-17
-15
-13
-11
-10
-8
-6
-4
-4
-2
-2
0
1
2
3
6
7
10
11
14
15
17
18
19
19
18
18
17
16
14
12
10
9
8
7
7
5
6
5
5
5
6
7
7
7
7
6
7
6
6
5
4
5
4
5
5
6
7
8
9
9
9
10
9
9
9
7
6
4
3
-1
-3
-5
-7
-10
-12
-14
-16
-16
-19
-20
-21
-21
-21
-22
-20
-19
-18
-16
-14
-12
-11
-9
-7
-7
-6
-6
-5
-4
-3
-2
-1
1
2
3
5
6
6
7
8
8
8
8
8
5
5
4
3
1
0
0
-1
-1
-1
-2
-1
0
0
1
2
3
3
3
5
5
5
6
6
6
7
8
10
10
11
12
13
15
14
15
14
14
12
11
9
5
2
0
-4
-6
-10
-11
-13
-15
-17
-18
-18
-18
-18
-18
-17
-17
-16
-14
-12
-12
-10
-9
-7
-6
-4
-4
-2
-1
0
3
4
5
7
9
11
13
14
15
16
15
16
16
16
16
15
14
13
12
10
9
8
6
4
3
2
0
-2
-2
-2
-3
-2
-2
-2
-1
1
2
3
5
6
7
8
9
8
9
9
8
7
5
4
2
1
-2
-5
-7
-11
-13
-15
-18
-20
-23
-24
-25
-27
-27
-27
-27
-26
-26
-24
-25
-22
-20
-19
-18
-16
-15
-15
-12
-12
-10
-8
-6
-4
-3
0
2
3
6
9
11
14
16
18
20
22
23
24
24
25
25
25
25
24
24
23
22
21
20
19
18
17
15
14
13
13
12
12
12
12
12
13
13
13
13
13
13
11
12
10
9
7
5
4
1
-1
-3
-6
-8
-9
-13
-14
-16
-18
-20
-21
-22
-24
-25
-27
-27
-27
-28
-29
-28
-28
-28
-27
-28
-28
-26
-25
-25
-24
-22
-21
-20
-18
-17
-15
-13
-11
-8
-7
-4
-1
1
3
6
8
11
12
13
15
18
19
19
20
22
22
23
24
25
24
25
25
25
25
24
24
23
23
22
21
20
19
18
17
16
15
13
12
10
9
8
6
4
2
1
-1
-3
-4
-6
-7
-9
-11
-13
-13
-15
-16
-17
-18
-18
-19
-19
-20
-20
-21
-20
-20
-20
-20
-19
-20
-19
-19
-17
-17
-17
-15
-14
-13
-12
-11
-9
-8
-7
-5
-4
-2
-1
0
2
3
4
6
7
9
9
10
11
12
13
13
14
14
14
16
17
16
17
17
19
18
18
19
19
18
18
18
18
16
15
14
13
12
10
10
8
7
4
4
2
0
-2
-3
-6
-8
-10
-11
-12
-13
-14
-15
-17
-17
-17
-17
-18
-18
-18
-18
-18
-18
-16
-16
-15
-16
-14
-13
-13
-12
-11
-9
-10
-8
-6
-6
-4
-3
-2
-1
0
1
2
2
4
5
6
6
7
7
8
9
9
9
9
9
11
11
12
12
13
13
12
14
14
14
15
15
15
16
16
14
14
15
14
13
13
12
11
10
8
8
6
4
2
1
-1
-2
-3
-6
-7
-8
-9
-11
-11
-13
-13
-14
-16
-16
-17
-17
-18
-18
-18
-18
-18
-17
-17
-16
-17
-15
-15
-14
-13
-13
-12
-11
-10
-9
-8
-6
-5
-5
-4
-3
-2
-1
1
1
3
3
3
4
5
6
6
7
7
7
7
9
9
9
9
10
10
11
10
11
12
11
13
13
13
13
14
14
14
14
14
13
13
12
13
12
11
9
8
7
7
6
4
2
2
0
-1
-2
-3
-4
-6
-7
-7
-8
-9
-8
-9
-9
-10
-10
-10
-10
-10
-10
-9
-10
-10
-9
-10
-9
-9
-10
-9
-9
-8
-9
-9
-8
-7
-7
-7
-7
-6
-5
-5
-4
-4
-3
-3
-2
-2
-1
-1
0
0
1
2
2
2
3
3
4
4
5
5
5
6
7
7
7
7
9
8
8
8
9
10
10
11
11
10
11
11
10
10
11
10
9
9
8
6
6
5
4
3
2
1
0
-1
-3
-3
-4
-6
-6
-7
-7
-8
-8
-8
-8
-8
-9
-9
-8
-9
-8
-8
-9
-6
-8
-8
-7
-7
-6
-6
-6
-5
-5
-4
-4
-3
-3
-3
-3
-2
-1
-1
-1
0
0
0
0
1
1
1
1
1
2
1
2
2
2
3
3
3
4
5
4
5
4
5
5
6
6
6
6
6
6
7
6
6
6
6
5
6
6
5
6
5
5
4
4
4
4
3
2
1
2
1
0
-1
0
-2
-1
-2
-2
-4
-4
-4
-4
-5
-5
-6
-6
-6
-6
-7
-7
-6
-7
-7
-6
-7
-7
-6
-6
-6
-6
-6
-5
-4
-4
-5
-3
-4
-3
-3
-3
-2
-1
-1
-2
-1
-1
-1
0
0
1
0
1
1
1
2
2
2
3
3
3
3
4
4
3
4
4
4
4
4
5
4
4
4
4
4
4
4
4
3
4
3
5
4
4
4
3
3
3
3
3
2
2
2
0
1
1
0
1
0
0
-1
-2
-2
-2
-3
-2
-2
-2
-2
-3
-3
-3
-4
-4
-3
-3
-3
-3
-2
-1
-1
-2
0
-1
-1
0
0
0
1
0
0
0
0
1
1
1
1
1
0
1
0
2
1
0
1
0
1
1
0
0
0
1
0
1
-1
0
1
0
0
0
0
0
0
0
1
0
0
0
0
-1
-1
-1
-1
-1
-2
0
-1
-2
-2
-2
-2
-2
-2
-1
-2
-2
-1
-2
-1
-2
-1
-1
-1
0
0
-1
0
0
-1
0
-1
0
0
0
0
0
0
0
0
0
1
1
1
0
1
1
0
1
2
1
2
1
2
1
2
2
1
2
1
2
1
1
2
2
1
2
1
2
2
1
1
1
0
0
0
1
0
1
0
0
0
-1
-2
-1
-2
-1
-2
-2
-2
-2
-2
-2
-2
-2
-2
-2
-2
-3
-2
-2
-2
-2
-2
-2
-2
-1
-1
-1
-1
-1
0
0
0
-2
-1
0
0
0
0
0
1
-1
-1
0
0
0
0
0
1
0
-1
1
1
0
1
1
1
1
1
0
1
1
1
1
2
2
2
1
2
2
1
3
2
2
2
2
2
3
2
1
1
2
2
1
1
1
1
1
2
1
2
1
1
1
1
1
0
1
1
0
1
1
1
0
0
1
1
0
1
0
-1
-1
0
0
0
-1
0
0
-1
-1
-1
-1
-2
-1
-2
-2
-2
-1
-1
-2
0
-2
-2
-1
-1
-2
-1
-1
-2
-1
-1
-1
-1
-1
-1
-1
-1
0
0
0
0
0
0
0
0
0
0
0
0
-1
0
-1
0
-1
-1
0
-1
-1
0
-1
-1
-1
-1
-1
0
-1
-1
0
-1
-1
-1
0
-1
0
0
0
0
0
0
1
0
1
1
1
1
1
0
1
2
2
2
2
1
2
2
2
2
1
1
2
1
1
1
1
1
1
2
1
0
0
1
0
0
-1
0
0
0
-1
-1
-1
-1
-1
-1
0
-1
-1
0
-1
-1
-1
-1
-1
-1
-1
-1
0
0
-1
0
0
0
-1
0
0
-1
0
0
0
1
0
0
1
0
1
-1
0
0
1
1
0
0
0
0
0
0
0
0
0
0
0
1
1
0
0
0
1
0
0
1
0
1
1
1
1
0
0
0
0
0
1
1
1
0
1
1
0
0
0
1
0
0
0
0
0
0
0
0
-1
0
-1
-1
-1
0
0
0
-1
0
-1
0
-1
