0
0
0
0
0
0
0
1
0
0
0
0
-1
0
0
-1
-1
0
-1
0
0
0
1
1
0
0
0
-1
1
0
0
0
0
1
0
1
0
0
1
1
0
0
0
0
0
-1
0
0
0
-1
0
0
1
0
0
0
0
1
0
1
0
0
0
0
-1
0
0
0
0
0
-1
0
0
0
1
1
0
0
-1
0
0
1
0
0
-1
1
0
0
0
0
-1
0
0
0
0
0
0
0
0
0
0
0
1
0
0
0
-1
0
1
0
0
1
-1
0
-1
-1
0
0
0
0
0
0
0
0
-1
0
-1
1
0
1
1
0
0
0
0
0
0
0
0
0
0
0
0
0
0
1
0
-1
0
0
0
0
0
0
-1
0
0
-1
0
0
0
0
0
0
0
1
1
0
0
0
0
0
0
0
-1
0
0
0
0
0
0
-1
-1
0
0
0
0
0
1
0
1
-1
0
0
-1
0
0
0
1
0
0
0
0
0
0
0
1
0
1
0
0
0
-1
-1
0
0
0
0
1
0
-1
0
0
0
0
1
0
-1
0
0
0
0
0
1
0
0
0
0
0
0
0
0
0
0
1
0
0
0
0
0
0
0
0
0
0
0
0
0
-1
-1
0
0
0
0
0
0
-1
0
0
-1
0
0
0
0
0
0
0
0
0
0
0
0
0
0
0
0
0
-1
0
0
1
0
0
-1
1
0
0
0
0
0
0
0
0
0
0
-1
1
0
0
-1
0
0
0
1
0
-1
0
0
0
0
0
0
0
1
-1
0
-1
0
-1
-1
0
0
0
1
0
0
0
0
0
1
0
-1
-1
0
0
0
0
0
0
0
-1
0
-1
0
1
0
0
0
0
1
0
0
0
0
0
-1
-1
0
0
0
0
-1
0
1
0
1
0
0
0
0
-1
0
0
0
-1
0
0
0
0
0
0
0
0
-1
0
0
0
1
0
1
0
-1
0
1
0
0
-1
0
0
0
0
0
0
1
0
1
0
0
0
0
0
1
0
1
0
0
0
1
0
0
0
0
0
-1
0
0
0
0
0
0
0
0
0
-1
0
0
0
0
0
0
0
0
0
0
1
0
1
0
0
1
0
0
1
0
0
1
0
0
1
0
0
0
0
0
0
0
0
0
0
0
1
0
0
-1
0
0
-1
0
-1
0
0
1
1
0
0
0
-1
0
0
0
0
0
0
1
0
0
-1
0
0
0
0
-1
0
1
0
0
0
0
0
-1
0
0
0
0
0
0
0
1
0
0
0
0
0
-1
0
0
0
0
0
1
0
0
0
0
0
0
0
1
0
-1
0
-1
1
0
0
0
0
-1
0
-1
0
0
0
0
-1
1
0
0
0
1
0
-1
0
1
1
0
-1
0
0
0
0
0
0
0
0
-1
0
0
0
0
1
-1
0
0
-1
0
0
0
0
0
1
1
0
0
0
-1
-1
0
0
0
1
0
0
0
0
0
0
1
0
0
-1
0
0
1
0
0
0
0
0
1
0
0
-1
0
0
0
0
0
0
0
0
1
0
0
0
0
0
0
0
0
1
0
0
0
0
0
0
-1
0
0
0
0
1
0
0
1
0
0
0
1
-1
0
-1
0
0
0
1
0
0
0
0
0
0
1
0
0
0
0
0
0
0
0
0
-1
0
0
0
1
0
0
0
1
0
0
0
0
0
0
0
0
0
0
1
0
1
0
-1
0
0
-1
0
0
0
-1
0
0
0
-1
0
-1
1
-1
1
0
0
0
0
0
1
0
1
0
0
0
0
0
0
0
0
0
0
0
1
0
0
-1
0
0
0
0
0
0
0
0
0
0
-1
0
0
1
0
0
-1
0
0
0
0
0
0
0
0
-1
0
1
0
0
0
0
1
0
0
0
0
0
-1
0
0
-1
0
0
0
0
0
0
0
0
0
0
0
1
1
1
1
0
0
-1
1
0
0
0
0
0
0
0
0
0
0
0
0
1
0
0
1
0
1
0
0
1
0
0
0
0
1
0
0
-1
0
0
1
1
0
0
-1
0
-1
-1
0
0
0
1
1
0
-1
0
1
0
0
0
0
1
0
1
-1
0
1
0
0
0
-1
0
0
0
1
0
-1
0
-1
-1
0
0
1
0
0
0
1
1
0
0
1
1
-1
0
-1
0
0
0
1
0
0
0
0
-1
0
0
-1
0
0
-1
-1
1
0
0
0
0
-1
0
1
0
0
0
-1
1
0
1
0
1
-1
0
0
0
-1
0
0
0
0
0
0
0
0
0
0
0
0
0
0
0
0
0
1
0
0
0
0
1
0
0
0
0
0
0
0
0
0
0
0
0
0
0
0
0
0
0
0
0
1
0
0
0
0
-1
0
0
1
0
0
0
0
0
-1
0
0
0
0
0
0
-1
0
0
-1
0
0
0
-1
0
0
0
0
-1
0
0
0
0
0
0
0
0
0
0
0
0
0
0
0
-1
0
0
0
-1
0
-1
0
-1
0
0
0
0
1
0
0
0
0
-1
1
0
0
0
0
0
1
0
0
0
0
0
0
1
0
0
0
0
-1
0
-1
0
0
0
0
0
0
0
0
0
0
0
0
0
0
0
0
0
1
0
1
1
0
1
0
0
0
0
0
1
0
1
0
0
0
1
0
0
-1
0
0
1
0
-1
0
0
0
0
-1
-1
1
0
0
1
0
0
1
0
0
0
-1
1
0
0
0
0
0
0
-1
0
0
0
0
0
0
0
0
0
0
0
0
0
0
0
0
0
0
0
0
-1
0
-1
0
-1
0
0
0
0
0
-1
0
-1
1
0
0
0
0
0
-1
0
-1
0
-1
0
0
0
0
-1
0
-1
0
1
0
0
0
0
0
0
1
0
0
0
0
0
0
-1
0
0
0
0
0
0
0
0
1
0
1
1
0
0
0
0
0
0
0
0
0
0
1
0
1
0
0
0
0
0
0
0
1
0
0
0
1
0
1
1
0
0
0
0
-1
0
0
1
0
0
0
0
0
0
0
0
0
0
0
0
0
-1
0
0
0
0
0
0
0
0
0
-1
0
1
0
0
0
0
0
0
0
-1
1
0
0
0
1
0
1
0
0
0
0
0
0
0
-1
0
1
0
0
0
1
0
0
0
0
-1
1
1
0
0
1
0
0
0
0
0
0
0
0
-1
0
0
0
0
1
0
0
0
0
0
0
-1
-1
1
0
0
1
0
0
-1
0
-1
1
0
1
0
0
0
0
1
-1
0
0
0
0
0
0
0
0
0
0
0
0
0
0
-1
0
0
0
0
1
0
0
0
0
0
0
0
0
-1
0
0
0
-1
0
0
1
0
-1
0
0
0
0
1
1
1
0
0
-1
0
0
-1
0
0
0
0
-1
0
0
0
0
0
0
1
0
0
0
0
0
1
0
0
0
0
0
0
0
-1
1
-1
0
-1
0
0
0
0
-1
0
0
0
0
0
0
0
0
0
1
0
0
0
0
0
0
0
0
0
0
0
0
0
0
-1
0
0
0
1
0
0
0
0
-1
0
-1
0
1
0
0
1
0
0
0
0
0
0
0
0
0
0
1
-1
0
-1
0
0
-1
0
0
0
0
-1
0
0
0
0
0
1
0
0
0
0
0
0
0
-1
0
0
0
0
0
0
-1
0
0
0
0
0
0
-1
0
-1
0
0
0
0
1
0
0
0
0
0
0
0
0
0
0
0
0
1
0
0
0
0
1
0
-1
0
1
0
0
0
0
0
0
0
-1
-1
0
0
0
1
0
-1
0
0
-1
0
0
0
-1
0
0
1
0
0
0
0
0
0
1
0
0
0
0
1
0
0
0
1
1
0
0
0
0
0
0
1
0
1
0
0
0
1
0
0
0
-1
1
1
0
-1
0
0
0
0
0
0
0
0
0
0
0
1
0
1
0
0
0
0
0
-1
0
1
0
0
-1
0
-1
0
0
-1
0
0
0
0
0
0
0
0
0
0
0
0
0
0
0
0
0
0
0
0
0
0
0
0
0
0
0
0
0
0
0
0
0
-1
0
0
0
0
0
0
0
-1
0
0
0
0
0
0
0
0
0
0
0
0
0
0
0
0
0
0
0
0
0
0
1
-1
0
0
0
0
0
0
0
1
0
0
0
0
0
-1
0
0
0
0
0
0
0
0
0
0
-1
-1
-1
-1
0
-1
0
0
0
0
0
0
-1
-1
0
-1
0
0
0
-1
0
0
0
0
0
0
0
1
0
0
0
0
0
0
0
0
0
0
1
1
0
0
0
0
0
0
0
0
0
0
0
1
0
0
0
0
0
1
1
0
0
0
-1
1
-1
0
1
0
0
0
1
0
1
0
1
0
0
0
1
0
0
1
0
1
1
0
-1
0
-1
0
1
0
-1
1
1
-1
1
1
0
-1
1
0
-1
1
0
-1
0
1
-1
0
0
1
0
0
1
-1
0
1
-1
-1
4
-2
-2
3
-1
-2
3
0
-2
3
-1
0
0
0
0
1
-1
-2
3
-3
-1
4
-2
-3
4
0
-4
4
1
-5
2
2
-3
0
2
0
-3
1
2
-2
-3
6
0
-4
2
3
-5
1
1
-2
0
0
2
-1
2
-3
5
-4
0
3
0
-2
2
3
-4
3
1
-2
-1
3
-1
-2
2
2
-4
2
3
-5
1
4
-4
0
3
-3
1
2
-5
5
-2
-3
8
-5
-2
7
-5
-5
10
-6
-5
11
-4
-4
6
1
-6
6
-1
-3
4
-1
-4
7
-4
-4
9
-3
-5
8
-2
-10
12
-4
-6
6
3
-8
4
5
-6
-3
7
-1
-6
4
3
-2
-5
6
1
-6
1
10
-13
2
11
-9
-3
14
-10
-1
8
-6
-1
1
3
-5
3
-4
5
-3
-3
6
-2
-3
-3
13
-12
-1
10
-6
-3
5
1
-7
6
-3
2
-3
5
-3
-1
1
-1
-2
2
1
-4
5
-4
4
-6
5
1
-5
4
1
-6
3
3
-7
3
4
-7
4
1
-2
2
-4
5
-2
0
0
4
-3
-6
10
-2
-9
6
6
-11
2
10
-11
2
6
-6
3
2
-6
4
3
-8
5
3
-5
1
5
-5
1
4
-3
2
-1
0
-4
3
3
-8
5
3
-8
6
0
-2
0
4
-7
6
-1
-8
12
-8
-4
10
-7
3
-5
9
-7
3
0
0
3
-5
1
3
0
-14
17
-5
-12
13
2
-11
3
14
-17
7
0
1
-4
2
-1
0
11
-23
18
6
-22
9
16
-22
4
13
-12
3
0
7
-12
12
1
-18
24
-4
-25
31
-4
-27
29
-4
-19
14
12
-26
12
11
-17
4
8
-7
1
2
-3
3
3
-15
21
-6
-15
18
6
-26
11
19
-29
4
20
-10
-19
32
-12
-9
15
-9
4
-6
7
-9
3
14
-34
29
6
-44
55
-28
-6
23
-15
1
1
7
-15
13
-7
-6
14
-6
-15
29
-9
-24
26
9
-40
30
4
-28
21
-6
-3
8
-9
12
-11
11
-9
-1
14
-16
9
-10
20
-22
3
19
-17
-6
26
-14
-18
38
-26
6
0
3
8
-29
26
9
-43
44
-12
-23
43
-35
-3
53
-78
48
17
-64
62
-25
-12
29
-23
4
18
-34
25
8
-42
50
-25
-21
54
-57
34
-5
-8
-2
20
-28
13
13
-30
25
-5
-5
-5
21
-16
-14
51
-54
18
32
-50
20
24
-31
-16
64
-63
17
28
-43
35
-13
-13
29
-9
-32
42
0
-44
36
12
-46
27
24
-63
58
-9
-46
54
-4
-54
53
2
-49
35
9
-28
13
8
-20
29
-17
-14
26
19
-76
59
38
-119
85
28
-102
79
-8
-42
52
-36
5
27
-31
-5
53
-70
42
2
-26
31
-51
99
-130
96
0
-84
95
-47
3
-2
11
7
-34
32
-6
3
-27
40
-10
-38
63
-50
12
27
-53
57
-37
-2
36
-47
38
-32
37
-36
10
24
-25
-20
61
-42
-40
109
-106
38
38
-76
65
-25
-11
18
4
-31
27
1
-21
8
9
2
-41
77
-77
37
22
-64
74
-58
22
11
-17
-7
22
5
-47
46
5
-35
1
56
-63
19
8
2
-5
-19
33
-10
-16
10
15
-24
23
-26
17
28
-81
66
16
-74
46
10
-7
-20
-9
84
-110
48
39
-80
73
-48
14
25
-50
40
-4
-29
44
-37
15
-6
22
-32
3
37
-30
-21
48
-12
-50
84
-81
53
8
-94
131
-58
-59
89
-5
-83
97
-69
34
42
-158
209
-131
12
15
38
-55
-6
64
-59
39
-67
106
-76
-11
71
-65
41
-50
78
-82
56
-21
-23
91
-164
166
-64
-76
143
-106
13
66
-62
-21
83
-35
-71
99
-16
-83
110
-62
-22
86
-78
4
45
16
-127
142
-16
-128
148
-56
-32
47
-10
-24
18
49
-148
194
-128
-11
126
-161
132
-85
50
-23
-13
67
-101
67
17
-70
38
50
-106
73
29
-137
175
-112
-9
100
-101
28
50
-67
19
28
-5
-69
90
-8
-104
140
-94
43
-36
35
10
-76
100
-81
70
-66
22
51
-81
54
-45
98
-149
131
-57
-14
69
-136
192
-174
73
31
-59
23
14
-10
-37
91
-103
56
17
-66
69
-45
33
-61
98
-78
-17
120
-146
83
-15
25
-89
97
-13
-88
117
-78
20
27
-44
16
23
-20
-30
64
-40
7
-29
76
-65
-20
97
-108
70
-22
-19
46
-51
47
-52
57
-34
-7
25
-15
24
-82
143
-130
40
53
-91
93
-100
121
-124
89
-43
28
-37
25
40
-122
166
-133
44
42
-83
84
-86
112
-154
167
-118
12
88
-112
59
-2
18
-102
173
-163
85
-7
-25
27
-42
92
-171
237
-222
91
95
-203
169
-64
25
-102
207
-211
88
72
-163
174
-158
158
-178
192
-160
60
73
-158
144
-67
18
-48
100
-57
-100
225
-175
3
86
-4
-124
127
5
-146
220
-239
216
-133
15
58
-50
42
-97
166
-147
56
-8
51
-76
-1
105
-122
79
-73
101
-86
26
18
-40
86
-136
109
0
-78
50
25
-32
-29
70
-62
80
-157
207
-146
29
39
-44
62
-109
112
-57
5
-6
29
-33
16
8
-36
73
-87
46
17
-26
-23
35
65
-230
313
-215
-5
186
-210
120
-66
113
-182
178
-91
-42
158
-193
134
-53
29
-67
78
-28
-37
66
-44
14
-18
88
-183
188
-53
-108
130
-18
-64
20
80
-147
177
-159
67
57
-82
-7
52
37
-167
199
-140
84
-66
46
10
-71
100
-79
14
32
-10
-68
137
-117
2
114
-129
43
77
-132
87
-7
-28
-24
84
-41
-64
122
-49
-93
126
-15
-124
134
-25
-55
33
50
-132
168
-122
26
36
-1
-72
72
25
-144
187
-151
110
-110
114
-60
-18
67
-65
35
-10
-8
-32
100
-132
67
94
-209
158
2
-154
209
-138
3
78
-14
-144
248
-213
98
-38
24
24
-86
143
-159
132
-93
28
37
-22
-93
180
-122
-9
106
-123
120
-88
-41
193
-243
151
-16
-62
116
-179
147
7
-106
11
198
-271
135
68
-200
189
-83
-93
214
-149
-87
292
-231
-16
198
-142
-59
192
-159
31
85
-143
118
-44
-25
46
30
-122
99
41
-190
237
-150
10
69
-68
17
35
-85
87
-17
-66
70
-2
-8
-78
186
-187
54
77
-104
48
3
14
-93
177
-173
102
5
-103
132
-90
94
-175
200
-136
53
6
-51
82
-98
102
-112
134
-119
18
116
-186
152
-108
87
-67
-29
182
-277
245
-135
57
-16
-11
13
16
13
-121
197
-136
-37
156
-122
-7
124
-109
8
74
-76
-17
136
-165
57
81
-107
-9
133
-125
-38
183
-194
103
-13
20
-113
202
-190
60
114
-204
136
-2
-43
-25
120
-145
81
-3
11
-49
50
6
-86
123
-134
104
-45
6
18
-15
-23
60
-78
77
-50
20
-3
-9
-9
21
-29
17
58
-182
288
-270
92
128
-273
303
-237
150
-81
47
-61
75
3
-196
384
-366
160
49
-120
66
-38
75
-112
69
9
5
-81
107
-23
-105
202
-250
230
-151
49
-13
62
-82
-12
204
-340
356
-321
275
-242
192
-52
-173
374
-463
401
-203
-33
129
-61
21
-175
408
-465
245
88
-260
217
-38
-117
94
70
-228
296
-256
160
-85
68
-74
40
47
-181
286
-280
206
-138
64
38
-143
165
-82
-36
73
4
-132
142
16
-195
231
-133
15
6
131
-272
279
-149
-51
182
-143
46
-22
121
-252
282
-244
174
-107
16
126
-270
322
-264
136
43
-194
233
-155
48
20
19
-160
284
-228
-16
315
-480
416
-183
-83
204
-139
-7
105
-109
31
44
-61
37
-28
56
-71
51
-39
54
-96
149
-153
112
-21
-84
147
-118
17
98
-154
94
22
-155
219
-168
68
30
-81
57
-2
-32
66
-55
-13
53
-32
-38
102
-87
10
55
-112
167
-178
136
-63
31
-25
-16
66
-71
-20
147
-205
179
-114
3
160
-277
306
-257
171
-101
56
-24
-27
128
-249
287
-194
23
78
-81
87
-111
130
-107
58
-37
52
-52
24
23
-113
215
-240
136
20
-70
-28
155
-200
152
-36
-123
254
-288
247
-212
191
-161
125
-79
30
34
-169
351
-435
398
-312
195
-28
-181
361
-368
210
-41
-70
60
62
-175
170
-40
-160
280
-206
17
137
-158
108
-93
138
-139
21
101
-128
43
83
-151
166
-154
104
-14
-86
187
-257
216
-61
-151
250
-136
-54
147
-68
-123
257
-193
-5
168
-204
75
127
-200
69
147
-206
41
195
-300
191
-5
-75
79
-113
117
-47
-57
130
-111
45
42
-85
24
67
-84
8
95
-138
87
-32
107
-274
359
-235
-75
328
-333
152
66
-199
131
87
-243
219
-58
-52
5
106
-115
4
163
-342
408
-288
59
100
-71
-56
92
21
-193
327
-386
313
-54
-275
464
-434
245
-25
-123
152
-70
-38
70
-41
17
9
-59
136
-132
-23
223
-335
295
-126
-80
238
-267
131
30
-65
-31
136
-98
15
-4
-15
60
-87
99
-92
96
-167
222
-131
-114
339
-376
259
-113
103
-234
337
-230
-47
309
-475
474
-367
266
-152
36
42
-53
66
-156
309
-411
337
-105
-147
297
-320
302
-344
389
-363
199
119
-478
660
-517
186
43
-19
-112
92
180
-537
697
-547
214
153
-419
520
-484
395
-328
258
-135
-47
222
-368
427
-330
161
-53
85
-189
194
37
-361
459
-255
-72
266
-234
47
100
-39
-145
250
-167
4
72
-5
-129
151
-32
-146
297
-319
162
38
-143
167
-198
208
-125
12
106
-104
-81
211
-168
21
126
-165
50
173
-394
433
-220
-42
191
-209
189
-271
410
-484
378
-139
-98
270
-328
270
-208
238
-258
271
-233
50
170
-311
327
-254
130
-14
-15
2
-39
168
-336
431
-333
58
226
-374
299
-121
-9
54
-35
7
-39
131
-179
180
-102
-55
171
-209
129
29
-136
108
-16
-49
100
-118
161
-200
183
-131
42
26
-13
-92
170
-61
-185
354
-310
82
108
-68
-72
145
-121
11
86
-109
95
-93
145
-183
86
101
-245
303
-344
416
-373
117
174
-321
305
-245
201
-100
-54
141
-84
-19
2
155
-237
148
0
-138
227
-235
221
-224
184
-92
-35
139
-247
304
-263
213
-145
10
152
-295
360
-274
141
-122
123
-30
-107
247
-282
263
-283
272
-172
36
78
-171
219
-234
139
46
-189
241
-185
85
-73
87
23
-188
201
-103
-32
137
-77
4
-9
70
-113
82
24
-141
210
-213
156
-112
153
-161
31
92
-122
55
44
-50
-74
134
-52
-109
206
-125
-101
333
-400
277
-131
165
-272
278
-68
-242
483
-488
325
-172
99
-69
-18
140
-295
386
-372
212
-34
-97
210
-274
290
-233
146
-104
49
22
-67
201
-338
340
-229
81
22
-32
6
66
-139
80
45
-211
311
-244
76
-21
202
-382
392
-147
-160
347
-375
290
-81
-99
107
-85
52
-69
69
-63
42
49
-137
96
88
-287
272
-91
-174
347
-289
141
-40
48
-130
219
-259
117
136
-354
497
-405
211
-91
2
66
-121
107
-102
86
-86
33
106
-207
152
109
-337
351
-145
-71
111
65
-270
264
-130
-101
303
-311
150
54
-132
-40
226
-281
160
83
-162
195
-211
187
-104
-62
231
-163
42
14
149
-312
300
-211
30
37
-18
-31
19
60
-188
248
-278
198
-74
28
-24
14
67
-200
254
-180
55
73
-146
138
-129
186
-233
354
-311
95
154
-247
100
84
-148
81
26
-8
-114
109
16
-184
256
-271
227
-195
194
-117
-17
110
-187
224
-219
157
-48
-34
49
12
-83
42
99
-280
375
-220
-72
239
-237
102
100
-192
51
132
-241
157
50
-137
94
86
-148
11
161
-169
18
120
-207
224
-163
26
46
-71
-115
176
-19
-302
382
-184
-134
254
-239
127
-4
-82
93
-99
23
3
44
-112
46
48
-22
-55
140
-54
-115
150
-105
-26
36
42
-199
237
-281
201
-121
70
-32
-46
268
-410
466
-333
358
-364
325
32
-350
638
-521
339
-44
-141
238
-108
180
-173
184
-60
-26
139
31
-97
180
-89
61
92
-190
254
-228
226
-252
406
-353
65
132
-242
263
-257
242
-244
120
65
-259
344
-284
92
26
-34
-100
141
-109
-49
45
-69
29
-3
30
62
-138
188
-64
-121
246
-120
-124
267
-416
356
-294
42
133
-224
105
-118
148
-378
138
-116
-199
75
9
-94
3
73
24
-25
43
8
50
28
-115
316
-383
9
120
-168
126
-30
188
-145
110
116
-72
-42
74
9
57
66
99
86
22
-29
157
34
-131
269
11
-103
304
-89
129
191
-72
167
172
50
-190
589
-367
15
418
-432
15
-229
28
-515
36
-306
-440
255
-706
149
-233
-352
-18
-154
-116
-180
154
-235
252
15
26
134
196
-62
257
320
-213
471
-4
22
131
160
118
136
141
42
293
-167
179
-110
-189
-40
-204
-232
-212
-286
-311
-72
-378
0
-203
-146
-140
51
-159
-94
171
-368
173
6
-129
150
36
-136
185
84
40
194
2
171
39
117
63
306
18
114
345
30
168
115
235
62
169
99
257
46
10
328
46
54
235
155
165
202
75
116
151
21
71
167
23
-31
198
-55
-38
68
-90
122
4
75
93
107
7
14
28
-87
62
19
49
-36
67
52
-260
135
-81
-227
48
-46
-228
-26
-136
-269
-85
-393
-256
-276
-359
-286
-254
-244
-339
-254
-354
-292
-338
-385
-230
-441
-342
-345
-416
-494
-538
-577
-605
-504
-717
-560
-489
-760
-534
-560
-577
-509
-435
-445
-278
-344
-361
-136
-246
-31
-29
-18
67
148
249
281
289
306
471
477
563
608
717
696
831
874
813
974
1005
1093
1122
1198
1398
1377
1484
1488
1546
1515
1462
1552
1436
1350
1251
1155
1043
905
807
755
678
545
459
504
193
173
124
-22
-44
-140
-127
-308
-289
-518
-613
-763
-964
-943
-939
-1116
-1261
-1192
-1304
-1426
-1404
-1494
-1544
-1600
-1601
-1574
-1707
-2025
-2066
-1969
-2261
-2388
-2357
-2644
-2805
-3049
-3147
-3309
-3501
-3620
-3492
-3095
-2849
-1684
-1367
-835
-649
-22
1023
1393
2172
2612
3401
3693
4427
4726
4498
4577
4116
4486
4299
4146
4085
3478
2941
2057
1798
1122
623
152
-500
-569
-1020
-1198
-1570
-2115
-2524
-2521
-1761
-1256
-848
-743
-435
122
347
901
1243
1526
1955
2490
3017
3149
3035
2762
2690
2664
2605
2665
2377
2030
1829
1536
1178
655
204
-77
-296
-540
-675
-883
-1379
-1716
-1743
-1807
-1857
-2016
-2249
-2183
-2207
-2211
-2381
-2605
-2767
-2748
-2801
-3062
-3239
-3635
-3859
-3967
-4201
-4357
-4795
-5168
-5310
-5564
-5977
-6586
-5183
-3559
-1637
-1435
-1485
-324
534
2330
2745
3710
4251
5656
7055
7165
7012
6079
6363
5701
5314
5556
5647
5548
3805
2303
1151
535
13
-1003
-1815
-2350
-1659
-1410
-2270
-3788
-4895
-4562
-3862
-3213
-2526
-1774
-1326
-1173
-1386
-761
650
2198
2763
2917
4087
5264
5875
5304
4674
4456
4703
5292
5398
4435
3120
2430
2127
1552
673
233
170
-156
-690
-787
-941
-1355
-1678
-1623
-1272
-1119
-1282
-1556
-1930
-2176
-2083
-2078
-2292
-2445
-2350
-2477
-2988
-3584
-4053
-4052
-4193
-4515
-4462
-4778
-5044
-5637
-6027
-6140
-6408
-6582
-6776
-6590
-6896
-5237
-2948
-973
-286
-414
1253
2663
4770
5600
6324
6921
7861
9474
9448
8999
7653
7384
7099
6375
6148
5470
4944
2811
573
-905
-1529
-1899
-3044
-3927
-4630
-4129
-3659
-4210
-5531
-6578
-5850
-4290
-2789
-1760
-918
-199
260
648
1198
2303
3539
4482
5543
6604
7387
7435
6887
5979
5155
5074
5141
4844
3525
2403
1612
544
-606
-1583
-1594
-1430
-1370
-1582
-1795
-1834
-1892
-1725
-1548
-1192
-909
-603
-578
-849
-998
-1303
-1547
-2131
-2277
-2228
-2539
-3128
-3878
-4114
-4339
-4599
-4941
-5342
-5761
-6256
-6491
-6839
-7033
-7413
-7628
-7576
-7684
-7664
-7231
-4681
-1584
690
1046
1523
3397
5632
7706
8285
8768
9500
11018
11840
11145
9603
7957
7432
6442
5362
4487
3543
1953
-1037
-3407
-4552
-4742
-5195
-6238
-6988
-6825
-5205
-4265
-4846
-6018
-5758
-3566
-903
975
1762
2726
3605
4227
4511
4997
5978
6477
6372
6064
6604
7187
6572
4726
2900
2449
2408
2188
1092
-311
-1317
-1593
-1511
-1959
-2560
-2677
-1704
-1010
-823
-711
-287
230
469
866
1132
1296
843
396
98
-136
-411
-1195
-2303
-3214
-3744
-4253
-4860
-5557
-6029
-5993
-6058
-6239
-6844
-7151
-7258
-7169
-7035
-6895
-6786
-6816
-6586
-6263
-5938
-4930
-1516
1816
3937
3684
4302
6266
8336
9793
9684
10111
10500
11644
11529
9804
7393
5328
4570
3276
2098
831
-176
-1969
-4709
-6591
-7179
-6765
-6710
-7298
-7328
-5897
-3483
-2069
-2421
-3214
-2217
560
3453
5228
5692
6396
7014
7217
6823
6451
6499
6206
5222
4141
3733
3447
2287
324
-1395
-1796
-1616
-1688
-2346
-3061
-3002
-2352
-1347
-963
-779
-187
655
1237
1437
1982
2740
3192
3068
2586
2011
1298
393
-374
-926
-1300
-1952
-2960
-4174
-5296
-6047
-6722
-7137
-7310
-6956
-6479
-6235
-6390
-6569
-6462
-6164
-5774
-5409
-5014
-4698
-4207
-4065
-3815
-4141
-2658
541
3717
5141
4446
5372
6495
8330
8453
8284
8252
8585
9509
8624
7037
4230
2625
1611
549
-242
-1145
-1613
-3229
-5198
-6446
-6280
-5199
-4973
-5093
-4577
-2396
428
1602
1095
123
1197
3686
5978
6947
6813
6908
6776
6196
4937
3872
3238
2413
1167
107
-15
-104
-1032
-2685
-3771
-3348
-2323
-1679
-1625
-1274
-202
1152
2214
2562
2640
2886
3377
3822
4027
4081
4139
3672
2577
1212
27
-885
-1793
-2570
-3057
-3345
-3900
-4939
-6031
-6747
-6981
-6933
-6754
-6344
-5514
-4682
-4388
-4662
-4701
-4540
-4097
-3888
-3753
-3512
-3502
-3090
-3483
-3722
-4614
-3885
-750
2535
4183
3137
3596
4547
6264
6709
6505
6663
7083
8315
7880
6634
4247
2489
1635
772
267
-382
-716
-2019
-3913
-5097
-5127
-4091
-3876
-4112
-3872
-1877
1114
2492
1867
501
1016
2988
5102
6035
5886
5890
5583
4938
3414
2284
1488
674
-342
-1204
-876
-514
-732
-2220
-3219
-2987
-1805
-667
-248
421
1271
2618
3346
3332
2856
2601
3082
3563
3953
3874
3527
2558
1103
-341
-1244
-1705
-2192
-2692
-2966
-3088
-3639
-4589
-5541
-6046
-5996
-5668
-5268
-4760
-4198
-3595
-3598
-3923
-4312
-4114
-3755
-3686
-3739
-3686
-3487
-3566
-4001
-4606
-5347
-4636
-1179
2516
4066
2707
2538
3679
5486
6265
6017
6299
6923
8229
8079
6706
4251
2285
1670
1230
937
433
80
-1047
-2935
-4346
-4444
-3420
-2888
-3080
-2905
-670
2356
3599
2403
662
994
2967
5289
6219
5831
5305
4629
3695
1967
482
-424
-930
-1608
-2217
-1985
-1603
-1837
-3183
-4090
-3530
-2062
-321
619
1239
1978
3066
3870
3514
2866
2730
3597
4438
4571
4180
3378
2183
604
-510
-1089
-1442
-1859
-2490
-2821
-3190
-3786
-4846
-5827
-6223
-6141
-5714
-5279
-4739
-4247
-4019
-4144
-4377
-4415
-4272
-3973
-3920
-3899
-3845
-3857
-4023
-4800
-5616
-5779
-2560
1912
4391
3225
1818
3009
4958
6657
6319
6274
6720
8145
8664
7322
4985
2497
1745
1504
1415
819
595
-59
-1866
-3729
-4451
-3451
-2492
-2416
-2639
-1112
2234
4360
3373
758
-188
1859
4703
6203
5553
4636
4128
3253
1380
-855
-1759
-1922
-1997
-2684
-2936
-2259
-1944
-2758
-3953
-3531
-1602
495
1755
2358
3193
4213
4920
4780
3976
3679
4196
5014
4955
4034
2988
1944
672
-866
-1920
-2193
-2394
-2935
-3700
-4173
-4397
-4821
-5471
-6108
-6106
-5810
-5196
-4556
-3900
-3419
-3447
-3643
-3942
-3729
-3200
-3000
-3513
-4084
-4276
-4329
-4882
-5634
-6285
-4501
-350
3338
3381
1443
1436
3479
6000
6623
6457
6647
7820
8666
7977
6029
3632
2379
2179
2182
1680
1090
550
-918
-3092
-4487
-4076
-2715
-2144
-2498
-1860
659
3470
3560
1115
-734
418
3560
5874
5851
4563
3753
3272
1805
-375
-1925
-2215
-1976
-1909
-2115
-2022
-1985
-2309
-3155
-3159
-1563
511
2203
2851
3521
4346
5098
4767
3770
3301
3788
4635
4608
3683
2430
1556
523
-960
-2200
-2730
-2733
-2906
-3385
-3988
-4329
-4523
-4969
-5475
-5706
-5473
-5008
-4442
-3745
-3383
-3265
-3541
-3951
-4056
-3660
-3422
-3727
-4482
-5041
-5363
-5747
-6116
-6236
-3259
829
3327
2351
1323
2715
4826
6789
6907
7208
7926
9017
8898
7212
5140
3151
2501
2361
1994
1104
531
-98
-1970
-4159
-5250
-4395
-2963
-2278
-2081
-767
2075
3654
2601
259
-327
1917
4946
6565
5701
4532
3922
3202
1092
-1610
-2803
-2545
-1897
-2042
-2146
-1912
-1947
-2785
-3449
-2483
-432
1560
2743
3497
4470
5358
5531
4403
3206
3303
4504
5204
4324
2826
1716
1205
229
-1446
-2906
-3515
-3308
-3296
-3595
-4205
-4702
-4888
-5178
-5355
-5507
-5171
-4801
-4328
-3703
-3036
-2721
-3158
-3810
-3968
-3482
-3351
-3795
-4448
-4993
-5547
-5687
-5743
-4094
-663
2612
3252
1901
2182
3813
6065
6813
7005
7246
7984
8257
6980
5109
2988
1957
1585
1479
921
151
-341
-1382
-3091
-4827
-5021
-3782
-2217
-1602
-1076
774
3122
3616
1788
216
933
3394
5434
5718
4858
3955
3281
1663
-918
-2909
-3385
-2666
-2021
-1568
-1376
-1569
-2040
-2518
-2244
-1092
858
2709
3769
4346
5076
5720
5022
3415
2455
3476
4989
4791
3095
1464
896
344
-913
-2657
-3823
-3945
-3702
-3713
-4113
-4475
-4909
-5230
-5484
-5354
-4950
-4549
-4134
-3692
-2986
-2644
-2764
-3216
-3586
-3787
-3807
-3587
-3800
-4430
-5305
-6141
-5227
-1706
2506
3896
2549
1771
3075
5438
6749
6939
7016
7590
7774
6821
5016
2930
1324
414
187
-6
-231
-683
-1663
-3031
-4285
-4583
-3938
-2708
-1722
-796
828
2981
4214
3595
2210
1858
3146
5004
5819
5493
4877
4210
2668
-13
-2316
-3230
-2766
-2056
-1938
-2192
-2442
-2477
-2708
-2663
-1872
-447
1189
2524
3510
4113
4626
4645
4088
3527
3574
4091
4164
3475
2201
1074
191
-617
-1558
-2574
-3446
-4164
-4614
-4713
-4681
-4708
-5000
-5325
-5198
-4475
-3692
-3390
-3170
-2711
-2076
-1814
-1737
-1860
-1879
-2177
-2876
-3749
-4179
-4176
-4432
-5285
-5595
-3271
424
3035
2437
1284
1310
3125
5016
6173
6749
6753
6483
5644
4836
3627
2216
965
207
38
110
183
-479
-1952
-3566
-4205
-3408
-1922
-1043
-610
556
2636
4218
4118
2952
2189
2656
3936
5182
5638
5498
4324
2318
-195
-1798
-2283
-1918
-1405
-1211
-1496
-1801
-1617
-1537
-1939
-1987
-812
976
2369
3010
3302
3619
3600
3041
2633
2849
3158
3013
2635
2124
1363
279
-1083
-2343
-2999
-3072
-3319
-3910
-4337
-4515
-4558
-4824
-5198
-5462
-5053
-4241
-3713
-3453
-3327
-3027
-3101
-3423
-3635
-3584
-3622
-4174
-4998
-5765
-5621
-3386
15
2383
2369
1775
2490
4130
5356
5200
5111
5882
7137
7138
5699
3403
1193
-311
-1070
-1399
-1640
-1589
-1701
-2241
-3104
-3686
-3553
-2771
-1859
-970
758
3353
5662
6207
5277
4240
4146
4923
5618
5920
5896
5607
4326
1759
-904
-2654
-3173
-3231
-3175
-3228
-3119
-2398
-1704
-1572
-2086
-1752
-356
1295
2387
3315
4423
5030
4586
3571
3215
3487
3616
3041
2225
1632
1088
317
-972
-2407
-3541
-4108
-4320
-4454
-4593
-4980
-5567
-5921
-5629
-4890
-4125
-3642
-3489
-3609
-3245
-2246
-1487
-1191
-1649
-1845
-2245
-2731
-3411
-4109
-4546
-4948
-3322
-161
2792
2719
1226
780
1962
3606
4372
4779
5073
5520
5383
4757
3585
1958
266
-855
-1012
-749
-392
-384
-896
-1817
-2726
-2945
-2407
-1443
-630
708
3038
5325
5904
4550
3034
2797
3782
4860
5125
4828
4331
3427
1795
-217
-1675
-2239
-2207
-2185
-2169
-1755
-943
-162
-87
-381
-677
-68
1150
2348
3068
3528
3936
3671
2876
2048
1654
1519
1365
1060
601
36
-740
-1734
-2845
-3707
-4201
-4415
-4581
-4780
-4865
-4900
-4717
-4609
-4443
-4382
-4193
-3884
-3356
-2766
-2473
-2392
-2539
-2759
-3001
-3541
-4233
-5112
-4720
-2393
701
2828
2887
2784
2548
3142
3540
4342
4972
5329
5383
4975
4433
3111
1537
-245
-1447
-2174
-2342
-1898
-1452
-1387
-2147
-2871
-3099
-2628
-2018
-1106
854
3370
5377
5676
4979
4204
4123
4607
4976
4976
4728
4335
3463
2041
482
-1098
-2223
-2801
-2609
-2466
-2158
-1524
-561
-1
-33
51
496
1282
2017
3081
4215
4774
4163
3037
2335
1938
1547
1004
666
390
-50
-785
-1665
-2593
-3474
-4243
-4744
-4744
-4584
-4462
-4631
-4784
-5005
-4997
-4730
-4248
-3721
-3306
-3002
-2762
-2354
-1913
-1905
-2228
-2662
-3098
-3613
-4008
-2661
180
3277
4108
3359
2498
2765
3733
4238
4445
4210
4397
4097
3612
2668
1640
467
-974
-2096
-2806
-2417
-1505
-708
-878
-1731
-2259
-2275
-1690
-1119
142
1902
3808
4724
4417
3763
3413
3638
3805
3812
3740
3614
3235
2180
986
-7
-445
-877
-1408
-1597
-1223
-243
485
1059
1183
1312
1238
1297
1508
2039
2804
3296
3375
2823
2140
1343
626
-76
-646
-876
-922
-1086
-1704
-2459
-3213
-3876
-4517
-5019
-5267
-5224
-4854
-4600
-4745
-5083
-5020
-4589
-4311
-4213
-3939
-3247
-2677
-2367
-2402
-2387
-2501
-2907
-3516
-3154
-935
2139
4294
4579
4255
4030
4500
4714
4684
4363
4309
4159
3725
3077
2188
1124
-223
-1438
-2468
-3045
-2962
-2424
-1851
-1591
-1552
-1559
-1349
-1086
-714
175
1663
3089
3710
3830
3866
4119
4244
4063
3678
3302
2928
2318
1640
1134
985
708
-54
-754
-1030
-536
97
979
1663
2106
2115
1850
1591
1559
1941
2309
2499
2394
2249
2019
1621
897
56
-503
-870
-1242
-1590
-1737
-1903
-2527
-3520
-4562
-5163
-5389
-5468
-5740
-6054
-6237
-6085
-5730
-5409
-5260
-5121
-4801
-4409
-3873
-3408
-2906
-2839
-2865
-3042
-2292
-266
2705
5066
6035
6179
5929
5878
5560
5319
4777
4452
4128
3655
2870
1749
564
-683
-1771
-2830
-3639
-3898
-3411
-2592
-2058
-1851
-1705
-1173
-585
35
673
1734
2895
3528
3563
3467
3751
4094
4184
3930
3663
3252
2539
1563
1003
1014
1149
850
179
-359
-479
16
631
1104
1417
1803
2251
2558
2715
2711
2692
2470
2275
2153
2317
2295
1763
1023
249
-461
-1400
-2151
-2545
-2496
-2676
-3349
-4304
-4960
-5380
-5803
-6374
-6777
-6884
-6772
-6568
-6435
-6215
-6086
-5839
-5640
-5190
-4591
-4092
-3728
-3480
-2386
-429
1975
3930
5208
6499
7562
8228
7927
7349
6560
5866
4942
3987
3241
2461
1475
41
-1335
-2645
-3685
-4401
-4558
-4238
-3855
-3537
-3170
-2328
-1296
-279
534
1356
2211
2881
3251
3353
3504
3662
3737
3739
3699
3576
3108
2245
1221
551
375
350
229
-42
-9
267
839
1326
1681
1707
1653
1771
2300
3032
3368
3294
2944
2726
2522
2207
1762
1330
909
267
-649
-1595
-2184
-2537
-2862
-3364
-3900
-4442
-4971
-5567
-6144
-6538
-6676
-6690
-6774
-6733
-6490
-6023
-5777
-5729
-5777
-5381
-4796
-4226
-3913
-3144
-1346
1083
3363
4696
5757
6675
7681
8172
8165
7688
7000
6145
5239
4431
3641
2785
1714
610
-596
-1828
-2906
-3599
-3881
-4033
-4106
-3969
-3372
-2529
-1739
-967
-131
750
1219
1424
1635
2144
2618
2875
2822
2813
2974
3138
3105
2854
2358
1791
1322
1215
1186
1118
1044
1209
1413
1640
1825
2034
2175
2108
2016
1916
1949
1830
1825
1876
1990
1763
1226
684
208
-266
-960
-1584
-2042
-2336
-2653
-3131
-3666
-4234
-4718
-5255
-5670
-6008
-6248
-6459
-6570
-6572
-6615
-6668
-6764
-6610
-6192
-5494
-5000
-4859
-4623
-3492
-1441
794
2568
4022
5460
6862
7759
8083
8010
7748
7148
6315
5499
4938
4517
3964
3210
2269
1295
410
-356
-1189
-2179
-3212
-3922
-4023
-3737
-3299
-2724
-1868
-953
-461
-383
-339
128
676
911
789
871
1367
2036
2572
3003
3407
3676
3633
3309
2992
2806
2639
2454
2308
2237
2105
1857
1628
1562
1611
1569
1347
1062
843
703
594
451
419
409
383
215
-19
-365
-816
-1434
-2156
-2799
-3190
-3308
-3415
-3659
-4024
-4353
-4565
-4747
-4950
-5188
-5332
-5420
-5475
-5488
-5366
-5048
-4722
-4571
-4707
-4807
-4433
-3407
-2039
-817
185
1139
2275
3477
4523
5258
5664
5668
5274
4685
4275
4181
4215
4098
3799
3496
3326
3253
3043
2433
1397
220
-729
-1334
-1708
-1926
-1954
-1702
-1362
-1101
-1030
-952
-818
-790
-943
-1163
-1237
-1059
-655
5
837
1700
2356
2853
3382
3909
4248
4273
4237
4136
3870
3437
3126
3033
2948
2625
2036
1463
998
587
52
-516
-962
-1111
-1054
-911
-874
-932
-1019
-1134
-1330
-1569
-1813
-2044
-2250
-2428
-2559
-2602
-2593
-2673
-2870
-3153
-3347
-3469
-3527
-3647
-3738
-3697
-3491
-3253
-3156
-3248
-3424
-3567
-3645
-3701
-3631
-3345
-2773
-1987
-1157
-320
489
1209
1722
2058
2313
2546
2683
2699
2672
2699
2832
3031
3275
3467
3486
3401
3315
3210
2852
2195
1484
913
519
186
-103
-232
-156
39
171
147
88
48
69
101
177
276
413
569
761
983
1278
1649
2000
2217
2344
2512
2757
2958
2981
2784
2471
2102
1710
1213
701
163
-329
-672
-811
-734
-572
-473
-568
-702
-786
-760
-727
-704
-764
-740
-667
-543
-531
-687
-1020
-1455
-1885
-2329
-2600
-2756
-2740
-2705
-2700
-2734
-2770
-2732
-2684
-2675
-2724
-2812
-2882
-2909
-2905
-2838
-2738
-2624
-2531
-2446
-2289
-2066
-1807
-1475
-1087
-592
1
650
1184
1544
1774
1948
2050
2030
1989
2029
2182
2376
2574
2790
3019
3153
3077
2765
2414
2127
1882
1667
1500
1493
1595
1713
1728
1672
1620
1540
1386
1144
903
686
470
242
99
96
201
343
523
735
918
1014
999
838
542
155
-202
-463
-569
-591
-570
-485
-367
-195
-52
51
64
10
-142
-243
-308
-274
-201
-164
-179
-323
-532
-790
-1024
-1224
-1360
-1473
-1538
-1595
-1605
-1560
-1489
-1485
-1603
-1725
-1794
-1760
-1693
-1628
-1538
-1490
-1605
-1970
-2426
-2803
-3077
-3290
-3413
-3352
-3098
-2763
-2409
-2006
-1526
-1011
-559
-126
308
749
1126
1449
1701
1900
2106
2332
2575
2816
3041
3237
3393
3483
3528
3539
3540
3487
3347
3131
2910
2701
2479
2251
2001
1746
1479
1219
920
604
308
47
-169
-324
-354
-256
-98
30
64
63
76
76
13
-93
-175
-220
-262
-283
-226
-93
41
77
71
94
149
181
120
46
-108
-293
-507
-681
-754
-768
-814
-887
-967
-977
-912
-840
-805
-849
-926
-1072
-1209
-1265
-1256
-1237
-1208
-1256
-1368
-1534
-1706
-1891
-2123
-2387
-2670
-2910
-3069
-3154
-3162
-3136
-3084
-3044
-2985
-2845
-2550
-2131
-1659
-1176
-689
-228
207
606
990
1313
1578
1844
2116
2460
2817
3186
3511
3783
3979
4077
4061
3968
3824
3640
3442
3208
2948
2632
2282
1894
1462
996
550
155
-130
-294
-416
-495
-553
-574
-582
-608
-609
-578
-462
-325
-173
-55
60
145
129
69
-7
11
32
82
151
244
406
439
370
191
11
-81
-209
-290
-411
-419
-370
-336
-296
-338
-281
-264
-205
-186
-190
-225
-392
-602
-845
-1067
-1285
-1511
-1700
-1902
-2117
-2310
-2415
-2435
-2493
-2679
-2946
-3145
-3200
-3190
-3192
-3176
-3105
-2937
-2706
-2375
-1942
-1400
-859
-393
12
443
951
1463
1923
2265
2550
2817
3091
3336
3559
3744
3906
4049
4182
4296
4324
4208
3907
3477
2939
2371
1848
1390
1029
720
494
281
68
-154
-384
-591
-765
-912
-990
-999
-896
-684
-434
-236
-191
-255
-300
-295
-313
-382
-442
-409
-321
-205
-138
-35
79
218
332
365
369
351
229
130
74
123
200
209
207
174
225
244
172
-22
-266
-499
-714
-897
-1074
-1268
-1548
-1816
-2058
-2225
-2362
-2517
-2731
-2993
-3148
-3236
-3268
-3384
-3523
-3687
-3771
-3733
-3609
-3386
-3134
-2744
-2285
-1708
-1040
-272
520
1196
1720
2107
2436
2652
2833
2968
3156
3375
3623
3857
4054
4240
4339
4322
4135
3845
3455
2995
2463
1905
1393
996
728
469
204
-26
-203
-336
-445
-540
-609
-586
-486
-368
-265
-151
-20
31
-13
-104
-110
-56
-41
-76
-172
-238
-307
-293
-179
1
207
358
462
469
467
465
477
481
465
451
468
515
551
536
445
299
133
-35
-250
-496
-761
-1067
-1339
-1571
-1817
-2122
-2483
-2811
-3097
-3327
-3513
-3662
-3851
-4063
-4256
-4351
-4388
-4370
-4220
-3961
-3536
-3048
-2426
-1628
-667
354
1263
2019
2573
2986
3271
3383
3388
3301
3236
3162
3081
3079
3137
3287
3414
3531
3470
3281
2960
2526
2045
1548
1042
526
64
-239
-334
-253
-129
-41
44
134
314
504
708
762
680
578
448
403
305
233
166
130
145
88
-10
-162
-351
-467
-508
-449
-273
-78
100
296
480
565
604
557
513
443
388
341
264
111
-118
-374
-593
-828
-1073
-1362
-1579
-1738
-1915
-2100
-2385
-2735
-3126
-3510
-3833
-4110
-4281
-4380
-4539
-4745
-4877
-4754
-4386
-3809
-3115
-2286
-1280
-148
1103
2292
3315
4063
4492
4718
4785
4658
4318
3798
3270
2828
2501
2243
1998
1788
1668
1488
1203
791
421
47
-359
-778
-1122
-1143
-964
-783
-576
-277
247
942
1488
1837
2118
2366
2582
2692
2734
2728
2586
2334
1873
1415
1044
728
398
-57
-520
-803
-927
-878
-741
-643
-542
-428
-167
216
619
896
930
836
644
491
306
65
-284
-761
-1147
-1471
-1673
-1950
-2415
-3009
-3617
-4082
-4465
-4849
-5202
-5531
-5839
-6092
-6287
-6295
-6213
-6010
-5498
-4496
-3047
-1578
-151
1245
2754
4310
5647
6517
6876
6878
6568
5986
5163
4218
3340
2591
1975
1533
1160
906
763
438
-135
-889
-1528
-1968
-2450
-2858
-3076
-2802
-2003
-1019
-174
627
1587
2689
3542
4064
4259
4192
3959
3663
3421
3232
3009
2595
2046
1411
867
472
112
-445
-1130
-1730
-2014
-1903
-1532
-1079
-574
63
791
1525
2161
2619
2641
2280
1771
1290
807
239
-397
-974
-1442
-1844
-2275
-2856
-3560
-4449
-5425
-6338
-7158
-7961
-8742
-9369
-9613
-9513
-9298
-8902
-7933
-6055
-3527
-939
1461
3860
6305
8454
9948
10472
10250
9529
8387
6943
5283
3734
2324
1154
245
-420
-916
-1327
-1630
-2076
-2804
-3602
-4034
-4063
-3951
-3695
-3210
-1989
-101
1817
3273
4341
5423
6439
6952
6737
5953
5186
4523
3782
2891
2155
1772
1246
318
-857
-1669
-2181
-2610
-3237
-3819
-3996
-3529
-2612
-1416
-33
1305
2567
3770
4843
5575
5730
5365
4571
3581
2547
1617
850
48
-866
-1895
-2831
-3713
-4721
-6046
-7479
-8913
-10157
-11112
-11851
-12429
-12695
-12600
-11840
-9900
-6875
-3319
-42
2956
5801
8531
10747
11943
11828
10685
9196
7723
6115
4295
2514
991
-201
-1025
-1746
-2397
-2928
-3452
-4271
-5247
-5914
-5900
-5365
-4692
-3706
-2073
490
3472
6100
7802
8877
9699
9932
9512
8321
6599
4825
3144
1681
555
-93
-587
-1461
-2733
-3937
-4532
-4739
-4960
-5295
-5411
-4930
-3699
-1855
245
2293
3875
5063
6079
6974
7475
7085
6025
4646
3406
2491
1732
1026
110
-904
-1932
-2926
-4001
-5343
-7075
-8929
-10573
-11764
-12391
-12772
-12944
-12700
-11381
-8518
-4750
-1113
1994
4935
7714
10129
11557
11749
10895
9192
7203
5178
3356
1689
55
-1551
-2800
-3488
-4092
-4580
-5029
-5504
-6303
-7037
-7021
-6039
-4509
-3004
-1329
946
4156
7404
9728
10865
11210
11152
10508
9126
7261
5457
3796
2204
854
67
-170
-630
-1757
-3213
-4423
-5086
-5399
-5646
-5749
-5454
-4463
-2744
-604
1541
3310
4472
5257
5840
6167
5941
5065
3868
2737
1866
1396
1037
565
-252
-1294
-2331
-3416
-4734
-6568
-8563
-10350
-11466
-12016
-12120
-11912
-11275
-9405
-6181
-2169
1424
4445
7195
9587
11282
11868
11413
9964
8013
5751
3625
1839
348
-1150
-2726
-3939
-4839
-5477
-6156
-6707
-7427
-8274
-8751
-8356
-6895
-5012
-2966
-616
2537
6096
9035
10607
11014
10994
10535
9389
7590
5684
4049
2661
1328
507
356
313
-265
-1378
-2583
-3531
-4000
-4268
-4473
-4552
-4096
-2868
-966
1237
3077
4388
5165
5810
6258
6173
5533
4360
3038
1736
882
488
35
-815
-2164
-3426
-4388
-5350
-6651
-8327
-9890
-10924
-11181
-11095
-10821
-10394
-8966
-6101
-2295
1394
4329
6984
9356
11402
12356
12169
10947
8989
6706
4314
2288
634
-735
-2315
-3752
-4821
-5621
-6142
-6574
-7079
-7955
-8557
-8360
-6946
-5028
-3098
-944
1845
5195
8034
9641
9823
9435
8748
7684
6216
4571
3159
1795
632
-77
-209
-136
-603
-1611
-2864
-3597
-3845
-3684
-3594
-3583
-3320
-2498
-846
1059
2746
3733
4351
4858
5426
5742
5527
4855
3863
2895
2159
1792
1274
166
-1557
-3342
-4783
-6029
-7333
-8721
-9962
-10708
-10900
-10715
-10384
-9599
-7548
-4422
-1004
1807
4380
7021
9384
10922
11183
10500
9193
7553
5494
3361
1450
25
-1281
-2593
-3498
-4154
-4528
-4869
-5209
-5882
-6681
-6960
-6258
-4868
-3582
-2205
-190
2858
5945
7917
8376
8048
7755
7329
6483
5125
3698
2411
1311
461
16
-147
-576
-1458
-2527
-3231
-3431
-3184
-2862
-2635
-2447
-1916
-766
703
1986
2590
2659
2709
3139
3598
3720
3398
2809
2243
1860
1784
1529
735
-719
-2412
-3881
-4984
-5957
-7073
-8071
-8671
-8716
-8388
-8005
-7410
-5879
-3313
-367
1985
3927
5883
7806
9142
9438
8817
7629
6101
4311
2442
778
-584
-1802
-2974
-3761
-4249
-4540
-4646
-4605
-4655
-5076
-5386
-4937
-3695
-2335
-1208
20
2010
4448
6213
6674
6275
5909
5742
5432
4707
3766
2890
2016
1180
591
250
-232
-1234
-2455
-3289
-3391
-3044
-2548
-2139
-1718
-1067
-131
945
1740
1974
1619
1342
1375
1711
1939
1823
1648
1505
1541
1551
1402
674
-647
-2352
-3917
-5101
-6077
-7030
-8049
-8534
-8430
-7883
-7379
-6237
-3945
-780
2070
3950
5508
7116
8620
9164
8682
7403
5983
4606
3188
1910
761
-268
-1363
-2140
-2597
-2924
-3426
-3789
-4010
-4367
-4657
-4498
-3610
-2483
-1461
-555
792
2546
4000
4480
4069
3667
3625
3702
3551
3239
2990
2727
2281
1752
1464
1221
590
-663
-1973
-2574
-2266
-1588
-1306
-1320
-1213
-518
591
1517
1842
1518
1046
729
825
1066
1036
679
193
48
144
356
21
-884
-2351
-3835
-4849
-5573
-6188
-7163
-7951
-8248
-7780
-7135
-5954
-3777
-666
2433
4537
6276
7823
9184
9541
8718
7096
5287
3693
2250
1149
117
-854
-1925
-2590
-2774
-2885
-3200
-3626
-3785
-3915
-3826
-3333
-2213
-970
-98
595
1592
3131
4245
4327
3457
2693
2619
2887
3059
2685
2325
1893
1579
1071
617
207
-429
-1400
-2387
-2597
-2126
-1158
-606
-358
-282
212
1033
1869
2381
2286
1910
1498
1697
2115
2304
1722
863
218
-158
-409
-1192
-2286
-3736
-5089
-6301
-7021
-7494
-7973
-8617
-9196
-9181
-8531
-6612
-3597
-62
2810
5046
7106
9093
10482
10607
9410
7357
5263
3521
2227
1349
600
-456
-1700
-2500
-2823
-3099
-3687
-4317
-4743
-4882
-4467
-3287
-1632
-127
919
1839
3060
4380
5120
4689
3733
3041
3115
3313
3266
2932
2371
1628
783
122
-525
-1322
-2452
-3394
-3806
-3407
-2412
-1268
-518
-302
-131
204
961
1617
1925
1886
1806
2070
2576
3297
3701
3505
2700
1790
1109
459
-552
-2070
-3699
-5256
-6303
-7005
-7438
-7988
-8743
-9462
-9879
-9131
-6880
-3363
-81
2563
4839
7223
9374
10455
10220
8676
6637
4583
3033
1996
1441
803
-346
-1512
-2285
-2640
-3303
-4061
-4934
-5563
-5575
-4709
-2980
-1355
-54
830
2069
3488
4549
4572
3807
3169
3073
3682
4199
4625
4316
3707
2645
1556
562
-562
-1783
-3211
-4176
-4484
-3742
-2476
-1321
-901
-926
-799
-388
251
551
764
809
827
954
1513
2572
3265
3147
2387
1824
1417
900
-229
-1665
-3045
-4308
-5368
-6241
-6763
-7408
-8404
-9508
-9618
-7880
-4485
-1051
1564
3734
6047
8227
9404
9468
8358
6659
4734
3199
2413
2139
1911
1006
-173
-1201
-1814
-2427
-3291
-4318
-5294
-5720
-5199
-3656
-1962
-746
-39
820
1970
2989
3234
2642
1913
1928
2784
3917
4683
4814
4343
3297
2214
1262
498
-614
-1955
-3152
-3379
-2645
-1396
-569
-429
-500
-459
-236
-125
-59
-27
1
-12
52
512
1266
1827
1704
1287
930
615
43
-959
-1981
-2917
-3532
-4215
-4771
-5431
-6066
-7206
-8296
-8487
-7087
-4237
-1388
1125
3255
5635
7535
8560
8436
7464
6042
4492
3334
2707
2769
2664
2015
945
66
-573
-1472
-2401
-3467
-4203
-4603
-4130
-2808
-1434
-446
38
705
1358
1871
1735
1324
1001
1163
1749
2591
3416
3677
3185
1978
746
-200
-690
-1328
-2176
-2934
-2943
-1993
-660
335
490
424
496
656
581
343
412
499
362
158
437
1184
1697
1491
883
544
334
-255
-1350
-2495
-3274
-3897
-4473
-4983
-5536
-6196
-7392
-8342
-8127
-6195
-3474
-1091
959
2970
5239
6685
7392
7021
6292
5095
3876
3206
3084
3459
3202
2456
1428
742
21
-828
-1850
-2831
-3411
-3491
-2575
-1261
-99
430
721
1336
1912
2136
1796
1422
1457
1956
2639
3318
3774
3703
2719
1097
-411
-1457
-2117
-2807
-3578
-4122
-3946
-2891
-1471
-480
-196
-26
303
662
683
472
345
137
-190
-456
-125
701
1171
1011
635
703
898
565
-333
-1363
-2084
-2744
-3288
-4060
-4768
-5950
-7273
-7924
-6952
-4357
-1966
48
1407
3254
4630
5479
5518
4952
4231
3134
2468
2192
2684
2949
2667
1757
858
169
-442
-936
-1647
-2124
-2468
-1975
-996
63
701
981
1555
2020
2405
2174
2112
2259
2739
3078
3268
3426
3331
2928
1700
368
-1007
-1769
-2292
-2652
-3156
-3632
-3466
-2681
-1629
-1024
-549
-163
368
616
643
736
634
179
-702
-1145
-793
-304
-386
-983
-1319
-1047
-786
-934
-1366
-1649
-1886
-2341
-2908
-3397
-3997
-5118
-6174
-6225
-4411
-2064
106
1346
2654
3912
4667
4920
4365
3968
3242
2714
2202
2294
2520
2442
1762
696
-85
-802
-1091
-1457
-1543
-1665
-1496
-940
-300
247
515
925
1362
1911
2094
2596
3107
4068
4647
4714
4355
3685
3038
1670
305
-1233
-1992
-2368
-2422
-2613
-2854
-2743
-2397
-1820
-1546
-1199
-863
-354
-51
152
457
671
576
-115
-684
-812
-528
-504
-996
-1595
-1836
-1703
-1724
-1878
-2079
-2217
-2453
-3031
-3457
-3884
-4360
-4886
-4828
-3480
-1637
277
1293
2457
3239
3910
3910
3389
3183
2927
2932
2508
2459
2399
2299
1611
686
-177
-1001
-1576
-2051
-1755
-1283
-610
-277
-86
134
374
822
1043
1445
1446
1909
2599
4077
5380
5885
5793
4873
4238
2820
1346
-486
-1707
-2368
-2676
-2906
-3036
-2727
-2296
-1766
-1703
-1412
-1083
-576
-371
-400
-181
157
462
134
-447
-735
-617
-436
-747
-1290
-1736
-1847
-1943
-2067
-2265
-2434
-2706
-3252
-3901
-4588
-4905
-4928
-4153
-2839
-1155
375
1466
2650
3136
3586
3113
2731
2451
2508
2802
2661
2736
2543
2496
1795
1015
-41
-805
-1519
-2087
-2102
-1670
-734
-218
18
-158
-17
284
724
904
830
1192
1990
3572
4860
5747
5673
5261
4624
3683
2362
790
-421
-1264
-1748
-2300
-2469
-2396
-1900
-1716
-1694
-1635
-1304
-871
-818
-782
-731
-253
114
139
-176
-445
-477
-586
-1038
-1576
-1830
-1751
-1708
-1891
-2068
-2053
-1999
-2399
-3301
-4421
-4894
-4827
-3807
-2676
-1239
31
1069
2104
2552
3001
2544
2173
1725
1960
2453
2738
2784
2496
2413
1982
1486
513
-256
-958
-1358
-1610
-1533
-940
-358
11
-198
-388
-365
-22
193
233
285
897
2095
3498
4503
4896
4785
4397
3779
2667
1507
355
-245
-817
-1295
-1589
-1526
-1040
-769
-746
-961
-1028
-969
-1015
-1148
-1169
-865
-469
-258
-288
-429
-381
-442
-727
-1161
-1468
-1284
-1050
-851
-939
-972
-989
-1310
-1863
-2851
-3526
-3958
-3680
-2987
-2022
-852
-113
608
771
1060
962
734
490
398
912
1388
1946
2026
2188
2248
2212
1873
1201
615
89
-46
-193
-176
-75
98
197
59
-183
-446
-510
-578
-610
-700
-328
471
1519
2352
2706
2867
2763
2463
1680
862
211
-136
-393
-643
-722
-596
-122
220
467
424
385
337
371
554
663
796
738
649
487
330
221
73
-139
-390
-463
-339
-93
124
199
68
-174
-538
-1032
-1534
-2097
-2528
-2904
-3033
-2952
-2827
-2745
-2849
-2836
-2849
-2837
-2994
-3070
-2839
-2320
-1627
-1022
-518
19
588
1138
1540
1731
1887
2000
2170
2246
2256
2214
2163
2021
1675
1224
820
578
369
149
68
278
778
1244
1502
1632
1814
2097
2115
1856
1448
1202
1171
1114
1049
980
980
956
846
666
515
406
368
288
285
294
340
289
25
-360
-800
-1071
-1205
-1263
-1319
-1275
-1052
-653
-199
82
110
-11
-232
-452
-750
-1063
-1375
-1722
-2006
-2278
-2415
-2518
-2589
-2679
-2865
-3069
-3211
-3102
-2859
-2529
-2169
-1736
-1201
-493
224
830
1215
1515
1796
2046
2358
2477
2445
2363
2316
2285
2122
1856
1527
1188
908
716
712
786
825
678
550
702
1081
1396
1395
1169
1037
1149
1349
1427
1353
1298
1340
1474
1475
1363
1156
953
718
505
285
54
-210
-598
-1034
-1486
-1777
-1988
-2114
-2271
-2358
-2299
-2097
-1791
-1538
-1358
-1287
-1160
-1082
-997
-954
-964
-984
-1174
-1375
-1556
-1521
-1393
-1409
-1549
-1765
-1786
-1654
-1423
-1255
-1152
-956
-663
-204
349
908
1383
1677
1875
2063
2270
2360
2201
1910
1662
1574
1495
1360
1177
1028
962
890
806
650
413
85
-220
-224
14
302
436
426
466
585
827
913
929
907
1066
1370
1632
1795
1775
1721
1618
1532
1312
1006
666
338
-63
-512
-901
-1162
-1334
-1589
-1806
-1949
-1905
-1829
-1819
-1850
-1839
-1726
-1576
-1421
-1324
-1231
-1198
-1299
-1500
-1679
-1741
-1691
-1720
-1836
-1926
-1859
-1627
-1398
-1235
-1168
-1042
-820
-421
63
546
1051
1454
1828
2129
2419
2571
2458
2142
1791
1606
1530
1448
1272
1131
1153
1304
1330
1140
782
358
-17
-187
-135
-13
44
6
-5
96
318
436
452
473
706
1063
1408
1651
1717
1650
1561
1446
1240
982
621
303
-73
-420
-708
-887
-1008
-1254
-1504
-1681
-1686
-1618
-1601
-1675
-1715
-1661
-1523
-1349
-1162
-924
-820
-903
-1154
-1395
-1483
-1464
-1478
-1641
-1786
-1801
-1642
-1457
-1364
-1359
-1379
-1298
-1113
-774
-355
130
559
918
1276
1616
1915
2028
1955
1775
1677
1652
1612
1495
1427
1443
1524
1591
1503
1323
1039
764
585
591
684
666
509
307
230
268
315
322
345
455
711
1019
1300
1451
1443
1351
1205
1056
823
538
257
-18
-300
-550
-657
-737
-912
-1155
-1370
-1447
-1432
-1414
-1495
-1592
-1587
-1545
-1455
-1337
-1166
-1027
-999
-1168
-1394
-1514
-1461
-1294
-1254
-1333
-1435
-1408
-1265
-1086
-974
-950
-940
-881
-693
-413
-83
277
556
823
1076
1331
1488
1548
1554
1592
1662
1752
1751
1677
1618
1593
1616
1540
1405
1129
843
689
734
834
797
542
224
40
-12
-12
-51
-85
-100
58
347
696
981
1132
1087
979
860
754
641
462
264
-19
-225
-306
-336
-464
-708
-990
-1142
-1187
-1202
-1264
-1436
-1564
-1690
-1738
-1730
-1624
-1460
-1381
-1408
-1543
-1563
-1440
-1173
-965
-893
-935
-993
-888
-688
-468
-368
-394
-410
-308
-74
164
343
490
582
709
811
868
824
741
723
800
1014
1197
1258
1253
1259
1324
1419
1462
1356
1108
874
811
940
1046
915
572
219
1
-60
-78
-149
-215
-200
-53
198
483
712
796
743
652
616
617
619
570
419
212
119
126
129
26
-208
-429
-592
-679
-723
-817
-986
-1207
-1404
-1535
-1540
-1442
-1384
-1437
-1573
-1688
-1699
-1514
-1238
-1026
-964
-1004
-998
-833
-529
-289
-183
-162
-68
147
413
649
778
857
873
879
862
801
671
502
410
424
584
728
788
785
818
966
1148
1279
1280
1138
976
953
1064
1124
935
566
181
-65
-191
-288
-345
-370
-333
-254
-93
137
299
331
226
107
87
188
312
354
269
185
190
197
146
9
-175
-361
-476
-554
-578
-610
-717
-915
-1187
-1394
-1503
-1531
-1570
-1688
-1836
-1911
-1879
-1724
-1444
-1181
-1074
-1100
-1117
-965
-654
-342
-105
29
181
457
759
1024
1195
1270
1229
1115
1027
938
815
629
421
344
404
517
559
535
603
786
1053
1289
1427
1433
1368
1402
1461
1472
1291
992
653
366
169
25
-5
-10
-24
-65
-27
52
89
24
-109
-166
-106
21
137
177
197
210
206
143
19
-160
-354
-520
-638
-673
-695
-676
-719
-857
-1057
-1220
-1327
-1413
-1500
-1637
-1729
-1810
-1827
-1801
-1668
-1420
-1213
-1110
-1088
-1022
-849
-577
-301
-56
188
435
686
918
1167
1308
1353
1301
1229
1171
1112
969
753
594
451
377
329
301
272
387
656
979
1259
1393
1431
1417
1439
1419
1297
1029
715
443
242
145
125
178
210
181
96
66
46
8
-57
-109
-68
8
107
175
217
234
234
132
-65
-281
-472
-622
-741
-838
-892
-928
-1004
-1106
-1182
-1226
-1301
-1374
-1470
-1512
-1546
-1608
-1670
-1764
-1799
-1794
-1713
-1552
-1399
-1263
-1092
-866
-582
-264
93
386
617
806
978
1136
1240
1304
1293
1287
1241
1200
1117
953
816
676
574
497
459
461
601
841
1120
1365
1443
1427
1355
1298
1254
1113
847
560
380
315
287
258
225
229
186
131
36
-17
3
12
59
120
217
300
353
390
439
411
277
54
-180
-355
-458
-537
-625
-717
-801
-863
-911
-930
-950
-1012
-1135
-1204
-1245
-1267
-1296
-1388
-1561
-1765
-1957
-2062
-2002
-1848
-1653
-1511
-1378
-1102
-714
-280
107
365
502
570
635
746
839
861
825
744
747
766
786
760
696
664
668
695
733
824
954
1139
1313
1430
1474
1449
1361
1245
1146
1039
954
822
675
530
448
400
375
335
235
96
-6
4
64
152
216
249
224
206
268
350
316
138
-136
-339
-425
-486
-563
-695
-800
-826
-830
-826
-805
-782
-822
-899
-992
-1004
-977
-1002
-1098
-1250
-1393
-1567
-1738
-1883
-1921
-1798
-1583
-1383
-1223
-989
-622
-203
111
286
349
379
430
482
523
486
433
408
439
547
687
767
785
813
850
920
981
1019
1080
1179
1341
1455
1500
1407
1281
1232
1260
1281
1180
1030
876
754
666
588
522
458
385
310
266
307
381
454
467
429
428
435
401
310
190
4
-212
-408
-538
-600
-644
-709
-810
-857
-826
-809
-804
-830
-902
-963
-1024
-1067
-1134
-1184
-1285
-1463
-1610
-1753
-1866
-1992
-2052
-2002
-1780
-1509
-1283
-1060
-817
-544
-347
-194
-89
-17
28
63
100
134
214
258
306
384
497
596
652
692
737
831
924
1015
1068
1146
1251
1342
1419
1465
1401
1289
1206
1186
1190
1139
1024
891
787
685
632
636
612
598
541
502
517
573
671
694
678
611
545
516
421
278
118
-32
-123
-204
-289
-406
-501
-574
-612
-592
-612
-651
-700
-739
-783
-852
-981
-1165
-1379
-1526
-1643
-1754
-1834
-1905
-1960
-1981
-1920
-1791
-1579
-1362
-1221
-1101
-933
-692
-443
-261
-154
-82
-7
109
238
353
422
448
513
623
787
956
1046
1065
1095
1104
1137
1213
1262
1263
1253
1274
1307
1286
1181
1053
951
903
847
769
699
692
701
706
693
687
690
654
598
553
567
607
622
610
612
595
534
465
379
289
170
10
-164
-291
-398
-510
-591
-657
-688
-673
-701
-769
-869
-993
-1133
-1280
-1416
-1504
-1538
-1564
-1609
-1654
-1683
-1737
-1809
-1867
-1882
-1808
-1658
-1521
-1371
-1186
-992
-751
-520
-346
-228
-97
51
159
265
407
569
711
876
1035
1179
1276
1266
1243
1233
1244
1240
1232
1189
1161
1113
1075
1055
984
859
756
756
769
782
753
714
672
676
684
656
647
627
582
530
533
600
687
664
662
652
610
552
417
308
185
66
-88
-233
-341
-400
-437
-502
-575
-645
-697
-773
-872
-944
-982
-1024
-1060
-1085
-1125
-1173
-1244
-1318
-1401
-1485
-1561
-1676
-1803
-1906
-1889
-1766
-1585
-1439
-1321
-1170
-992
-783
-561
-358
-133
82
282
502
720
904
1039
1143
1204
1261
1265
1225
1203
1170
1130
1079
1027
975
930
934
973
1003
989
926
883
917
970
971
942
866
789
760
766
766
748
753
729
691
713
751
756
711
657
574
494
404
294
182
109
24
-132
-293
-432
-538
-658
-738
-806
-828
-793
-764
-763
-768
-755
-764
-763
-772
-821
-908
-1034
-1197
-1316
-1383
-1471
-1624
-1826
-1994
-2088
-2084
-1992
-1879
-1777
-1665
-1482
-1221
-910
-609
-341
-90
152
381
586
718
807
882
917
947
972
966
919
869
859
917
957
979
988
994
1071
1178
1246
1262
1219
1133
1070
1061
1055
1069
1062
1009
970
955
939
908
818
699
599
523
487
459
435
364
285
179
73
-49
-166
-263
-379
-475
-534
-566
-603
-605
-627
-604
-568
-506
-426
-375
-350
-368
-405
-455
-517
-604
-689
-811
-950
-1100
-1257
-1427
-1623
-1784
-1867
-1897
-1877
-1790
-1658
-1475
-1251
-1029
-802
-529
-265
-39
170
319
473
597
675
736
772
787
774
796
864
916
933
930
937
985
1037
1069
1105
1144
1206
1281
1314
1363
1367
1329
1272
1200
1135
1050
985
888
792
697
586
504
449
385
293
215
134
38
-11
-70
-151
-221
-295
-369
-435
-471
-509
-567
-623
-645
-655
-631
-579
-538
-521
-534
-538
-520
-523
-567
-658
-743
-844
-977
-1095
-1228
-1343
-1471
-1566
-1628
-1666
-1660
-1650
-1596
-1524
-1399
-1240
-1062
-845
-606
-390
-216
-54
112
256
384
518
634
730
782
819
851
894
946
956
974
967
984
1027
1067
1130
1179
1234
1271
1329
1347
1335
1284
1208
1099
991
908
821
748
679
651
564
466
400
364
308
263
250
199
171
116
81
70
57
35
-53
-112
-204
-268
-316
-353
-404
-470
-502
-544
-537
-560
-561
-565
-604
-649
-671
-697
-745
-786
-841
-890
-941
-971
-1011
-1063
-1097
-1120
-1141
-1144
-1133
-1128
-1119
-1078
-1019
-930
-813
-694
-558
-425
-278
-119
83
255
419
576
663
768
841
907
931
956
969
966
979
975
962
920
909
883
857
839
788
733
666
617
567
543
518
473
425
387
371
376
377
356
325
276
238
242
248
248
256
236
214
187
151
116
67
7
-64
-116
-166
-235
-303
-362
-414
-466
-499
-511
-525
-530
-537
-557
-527
-527
-536
-549
-566
-583
-619
-634
-648
-683
-726
-788
-857
-920
-961
-995
-1021
-992
-958
-914
-829
-727
-618
-490
-362
-231
-115
33
179
301
424
526
612
687
729
762
788
815
825
828
817
789
783
762
739
676
622
600
574
533
514
519
500
481
447
431
413
402
401
409
394
392
385
370
363
352
360
334
302
249
198
147
94
11
-92
-164
-229
-269
-290
-274
-297
-308
-302
-311
-294
-286
-253
-253
-244
-238
-221
-202
-232
-257
-311
-357
-435
-499
-557
-655
-709
-777
-824
-887
-916
-915
-918
-887
-845
-791
-756
-678
-598
-495
-401
-309
-215
-126
-15
74
173
222
301
370
434
484
508
540
548
547
539
532
510
518
515
521
525
512
498
502
515
516
519
535
554
573
604
622
632
643
618
604
570
537
475
398
345
278
218
143
79
18
-32
-77
-109
-129
-151
-131
-125
-116
-123
-108
-89
-89
-90
-99
-112
-132
-132
-147
-172
-209
-269
-328
-372
-414
-460
-500
-551
-607
-638
-684
-708
-710
-729
-751
-775
-794
-794
-781
-772
-750
-733
-702
-668
-605
-534
-471
-425
-379
-313
-247
-156
-90
-31
-8
48
112
154
203
239
272
303
368
415
453
512
577
645
703
790
854
910
966
1009
1025
1015
996
965
939
905
850
779
719
631
535
459
383
329
253
203
140
87
76
46
33
13
13
15
10
4
-1
-4
-21
-23
-27
-45
-79
-99
-141
-189
-226
-257
-306
-356
-397
-429
-485
-519
-564
-633
-692
-749
-793
-844
-860
-892
-925
-945
-958
-967
-965
-955
-956
-937
-906
-852
-786
-722
-657
-608
-540
-475
-391
-322
-251
-173
-99
-8
64
150
221
323
428
534
626
717
810
888
982
1044
1108
1140
1159
1169
1174
1167
1125
1083
1031
975
897
834
780
692
595
499
432
377
325
283
262
234
225
214
207
184
179
180
191
202
177
176
164
150
132
120
75
29
-14
-51
-83
-124
-161
-204
-249
-320
-390
-469
-541
-620
-693
-743
-807
-856
-911
-957
-1011
-1065
-1111
-1148
-1191
-1212
-1229
-1236
-1228
-1204
-1173
-1138
-1073
-1015
-936
-862
-787
-684
-580
-451
-338
-234
-117
8
138
262
385
495
608
702
775
839
895
947
996
1031
1062
1075
1083
1070
1037
995
950
896
839
795
738
694
674
665
640
620
610
603
596
590
593
586
582
571
552
520
495
463
428
385
341
288
213
144
81
22
-40
-106
-176
-237
-306
-366
-425
-473
-522
-570
-616
-672
-711
-757
-796
-843
-884
-929
-971
-1010
-1038
-1070
-1096
-1101
-1111
-1111
-1111
-1096
-1066
-1024
-970
-904
-844
-771
-698
-605
-508
-394
-281
-163
-48
69
183
285
384
468
543
606
659
703
746
778
809
823
830
824
823
813
805
791
777
772
769
785
788
802
802
807
819
824
830
812
800
777
758
733
687
634
570
504
432
362
284
205
116
43
-22
-86
-142
-206
-253
-303
-340
-386
-430
-474
-523
-556
-592
-621
-661
-706
-750
-791
-820
-851
-878
-913
-943
-967
-986
-992
-1001
-988
-971
-943
-917
-892
-852
-810
-750
-688
-611
-528
-439
-347
-255
-169
-82
-17
55
113
181
247
301
356
393
441
478
514
539
551
567
577
606
636
682
711
745
771
804
837
855
876
872
885
880
892
886
871
846
802
762
706
651
577
512
436
374
299
235
172
111
55
-10
-61
-121
-164
-214
-259
-298
-343
-381
-426
-454
-488
-510
-538
-561
-583
-609
-627
-652
-675
-702
-727
-744
-759
-765
-760
-750
-729
-711
-685
-656
-618
-563
-510
-452
-398
-351
-299
-254
-210
-168
-132
-92
-60
-32
-9
9
36
63
96
123
149
176
202
235
275
323
378
431
485
534
584
627
671
700
728
746
765
777
782
780
762
744
708
673
631
585
542
488
440
388
338
292
244
199
147
96
45
-4
-54
-104
-155
-201
-246
-286
-325
-362
-394
-432
-468
-510
-551
-588
-622
-649
-676
-694
-711
-712
-711
-695
-677
-647
-608
-567
-519
-479
-429
-383
-336
-292
-252
-211
-173
-131
-93
-58
-29
-6
10
26
40
53
67
74
90
103
126
147
174
211
247
294
333
375
411
447
480
504
529
543
562
575
583
586
572
559
536
509
480
445
413
376
344
314
285
256
220
186
150
110
71
29
-9
-44
-79
-114
-155
-188
-220
-242
-273
-305
-345
-380
-413
-446
-473
-504
-521
-538
-537
-536
-526
-508
-484
-450
-418
-383
-349
-312
-273
-234
-197
-167
-138
-109
-80
-53
-33
-19
-12
1
8
22
25
29
35
41
56
65
81
96
119
149
179
216
244
271
293
309
327
341
355
359
364
365
367
368
366
360
350
333
312
284
257
231
210
190
170
150
132
112
89
66
38
16
-10
-32
-58
-81
-103
-129
-146
-171
-190
-215
-241
-269
-300
-326
-354
-372
-387
-391
-391
-387
-381
-374
-360
-342
-314
-285
-252
-218
-181
-146
-116
-86
-61
-36
-17
-4
6
13
16
18
16
16
16
18
24
29
43
58
81
102
127
152
176
201
217
233
241
251
259
266
274
281
291
295
304
307
309
309
301
294
279
267
255
243
231
212
195
172
151
126
101
75
46
19
-13
-39
-70
-99
-129
-161
-188
-218
-243
-272
-298
-323
-347
-368
-387
-396
-401
-399
-393
-388
-378
-368
-352
-339
-320
-301
-277
-248
-220
-191
-166
-141
-114
-90
-67
-48
-32
-19
-8
1
11
21
29
40
55
74
98
123
147
168
190
215
237
258
271
281
289
295
300
300
304
309
319
330
334
337
332
329
319
308
297
286
277
267
256
242
224
205
183
158
135
111
87
60
30
-2
-34
-68
-104
-141
-178
-212
-244
-273
-299
-320
-334
-346
-355
-362
-365
-364
-361
-356
-353
-345
-335
-322
-311
-298
-284
-267
-247
-229
-213
-197
-181
-162
-144
-127
-111
-95
-78
-59
-39
-20
-3
18
36
59
84
108
134
154
176
195
212
227
237
243
242
237
232
229
231
233
232
230
226
223
218
215
208
201
195
187
183
175
168
160
156
154
154
152
144
133
119
104
86
66
45
23
3
-18
-42
-64
-86
-105
-123
-140
-157
-174
-187
-199
-205
-210
-213
-216
-220
-218
-215
-212
-211
-210
-209
-203
-200
-194
-189
-182
-176
-171
-166
-161
-150
-139
-125
-111
-96
-78
-62
-43
-27
-9
10
28
45
63
83
101
117
133
142
154
159
165
169
170
173
170
171
170
170
169
167
164
158
157
150
146
138
128
121
115
111
106
103
98
93
88
82
76
69
61
53
46
37
27
18
6
-7
-19
-29
-40
-53
-65
-79
-92
-101
-112
-120
-130
-138
-147
-154
-160
-168
-173
-181
-186
-189
-192
-194
-197
-200
-201
-200
-194
-188
-176
-166
-153
-140
-121
-104
-87
-70
-55
-39
-24
-8
3
18
31
47
63
80
95
110
124
137
151
162
173
181
188
194
195
197
194
191
186
180
176
169
162
152
141
130
116
104
92
83
71
63
55
47
43
41
41
39
38
36
33
28
20
12
3
-4
-10
-13
-16
-20
-25
-31
-39
-50
-60
-73
-86
-96
-107
-116
-126
-136
-146
-155
-164
-172
-178
-182
-185
-185
-182
-177
-171
-163
-152
-141
-130
-118
-106
-94
-85
-75
-67
-58
-49
-41
-30
-18
-5
8
23
37
51
65
77
89
100
110
120
128
136
144
149
153
156
157
155
153
147
140
130
119
106
95
85
73
64
55
48
41
38
34
32
32
32
34
37
39
41
41
40
35
31
25
18
12
7
4
0
-3
-6
-12
-19
-26
-32
-40
-45
-53
-61
-68
-73
-79
-84
-88
-92
-94
-97
-99
-99
-100
-101
-101
-104
-106
-108
-110
-110
-111
-109
-107
-103
-99
-94
-88
-79
-72
-62
-51
-40
-27
-14
-3
10
22
35
49
59
71
80
88
95
98
101
102
102
99
98
95
92
89
83
81
76
70
65
59
56
52
51
52
55
58
61
64
64
66
63
60
55
47
40
31
24
14
6
-1
-8
-13
-17
-20
-22
-25
-27
-30
-32
-37
-40
-44
-48
-50
-53
-52
-53
-53
-53
-54
-54
-57
-57
-59
-61
-62
-63
-64
-64
-65
-65
-64
-64
-63
-61
-58
-55
-50
-46
-39
-32
-26
-18
-10
-2
5
13
18
25
30
33
37
40
43
44
46
47
48
48
48
49
49
48
47
45
45
43
42
41
40
41
41
42
41
39
37
33
28
23
18
12
6
2
-1
-3
-5
-5
-6
-4
-2
0
2
2
5
6
6
7
7
6
6
4
4
3
2
0
-3
-6
-10
-12
-17
-21
-25
-29
-33
-37
-40
-42
-44
-46
-47
-47
-48
-47
-46
-43
-41
-38
-35
-31
-28
-26
-22
-20
-15
-13
-10
-8
-6
-5
-3
-1
1
3
6
8
11
16
19
22
25
28
30
30
32
33
33
32
31
30
29
28
25
22
19
17
14
12
11
10
9
10
11
10
12
12
12
14
14
15
15
16
16
15
13
11
9
7
5
4
3
2
2
0
-1
-3
-4
-7
-8
-10
-13
-14
-17
-17
-19
-20
-22
-23
-23
-23
-23
-21
-21
-19
-18
-15
-14
-12
-11
-10
-10
-9
-9
-9
-9
-9
-10
-9
-9
-10
-9
-10
-8
-8
-6
-4
-1
2
5
8
11
13
14
16
17
16
16
16
14
13
12
12
10
10
9
10
9
9
10
10
11
10
11
11
11
11
9
9
7
6
4
3
1
0
-1
-3
-3
-3
-3
-2
-4
-4
-4
-3
-4
-5
-5
-6
-7
-7
-8
-8
-9
-10
-9
-10
-9
-9
-10
-8
-8
-8
-7
-7
-6
-7
-7
-7
-7
-9
-10
-10
-10
-11
-9
-9
-9
-8
-7
-5
-3
-2
0
1
3
5
7
8
9
11
11
12
13
13
14
14
13
12
12
11
10
9
8
7
6
6
6
5
4
5
5
6
5
5
4
4
4
3
3
2
2
1
1
0
1
1
1
1
1
1
2
2
1
1
1
1
0
0
0
-2
-1
-2
-2
-3
-3
-3
-3
-5
-5
-6
-6
-7
-8
-9
-9
-11
-12
-13
-12
-13
-13
-12
-11
-10
-9
-8
-8
-7
-5
-4
-4
-2
-2
-1
1
1
3
3
4
6
6
6
6
7
7
7
7
7
7
7
8
8
7
8
7
7
6
6
6
6
6
5
5
3
3
3
3
2
2
2
2
2
2
2
1
2
3
2
2
2
1
1
0
0
0
-1
-3
-3
-4
-4
-4
-4
-3
-5
-4
-5
-4
-4
-5
-4
-4
-3
-5
-4
-5
-3
-3
-3
-2
-2
-2
-2
-1
-1
0
0
-1
0
0
-1
-1
1
1
0
1
1
0
1
2
2
2
2
2
3
2
3
3
3
2
3
3
3
2
3
3
2
2
1
0
1
0
-1
-1
-1
-1
-1
-1
-2
-1
0
0
0
0
0
0
1
1
1
0
0
0
0
-1
-1
-1
-1
-1
-2
-2
-2
-2
-3
-2
-2
-3
-3
-1
-3
-3
-2
-2
-2
-1
-1
1
0
0
1
1
1
1
1
2
2
2
3
3
2
2
3
2
3
3
2
2
2
2
2
2
1
2
1
1
1
0
1
1
0
0
0
0
0
-1
-1
-1
-2
-2
-2
-1
-2
-2
-2
-2
-2
-1
-1
-1
-1
0
-1
-1
-1
-1
-1
0
0
0
-1
-1
-1
0
-1
-1
-1
-1
-2
-1
-1
-2
-1
-1
-2
-2
-1
-2
-1
-1
-1
-1
-1
0
1
0
1
1
1
1
1
1
1
2
2
2
2
3
2
2
2
1
1
1
1
1
2
1
1
1
1
0
1
1
1
0
0
1
1
0
0
0
0
0
0
-1
-1
1
-1
0
0
-1
-1
0
0
-1
0
-1
0
0
-1
-1
-1
-1
-1
-1
-1
0
-1
0
-1
-1
0
-1
-1
0
-1
0
-1
-1
0
-1
-1
-1
0
0
-1
0
-1
0
-1
0
0
0
0
0
0
0
0
1
0
0
0
1
0
0
0
0
0
0
0
0
0
0
-1
0
0
0
1
0
0
0
0
0
1
1
1
1
0
0
0
1
-1
0
0
0
0
0
0
0
0
1
0
1
1
0
0
0
0
0
0
0
0
0
-1
0
0
0
-1
-1
-1
0
0
0
-1
0
0
-1
-1
0
-1
0
1
0
0
0
0
-1
0
0
1
0
1
0
1
1
0
0
0
0
0
0
1
0
0
0
0
0
0
0
0
0
0
0
-1
0
1
0
0
0
0
0
0
0
-1
1
0
0
0
1
0
1
0
0
0
0
0
0
0
-1
0
1
0
0
0
1
0
0
0
0
-1
0
0
0
-1
0
0
0
0
0
0
0
0
0
-1
0
0
0
0
1
0
0
0
0
0
0
-1
-1
1
0
0
1
0
1
0
1
-1
1
0
1
0
0
0
0
1
-1
0
0
0
0
0
0
0
0
0
0
0
0
0
0
-1
0
0
0
0
1
0
0
0
0
0
0
0
0
-1
0
0
0
-1
0
0
1
0
-1
0
0
0
0
0
0
0
0
0
-1
0
0
-1
0
0
0
0
-1
0
0
1
0
1
0
1
0
0
0
0
1
1
0
0
0
0
0
0
0
-1
1
-1
0
-1
0
0
0
0
-1
0
0
0
0
0
0
0
0
0
1
0
0
0
0
0
0
0
0
0
0
0
0
0
0
-1
0
0
0
1
0
0
0
0
-1
0
-1
0
1
0
0
1
0
0
0
0
0
0
0
0
0
0
1
-1
0
-1
0
0
-1
0
0
0
0
-1
0
0
0
0
0
1
0
0
0
0
0
0
0
-1
0
0
0
0
0
0
-1
0
0
0
0
0
0
-1
0
-1
0
-1
0
0
1
0
0
0
0
0
0
0
0
0
0
0
0
1
0
0
0
0
1
0
-1
0
1
0
0
0
0
0
0
0
-1
-1
0
0
0
1
0
-1
0
0
-1
0
0
0
-1
0
0
1
0
0
0
0
0
0
1
-1
0
0
0
1
0
0
0
1
1
0
0
0
0
0
0
1
0
1
0
0
0
1
0
0
0
-1
1
1
0
-1
0
0
0
0
0
0
0
0
0
0
0
1
0
1
0
0
0
0
0
-1
0
1
0
0
-1
0
-1
0
0
-1
0
0
0
0
0
0
0
0
0
0
0
0
0
0
0
0
0
0
0
0
0
0
0
0
0
0
0
0
0
0
0
0
0
-1
0
0
0
0
0
0
0
-1
0
0
1
0
0
0
0
0
0
0
0
0
0
0
0
0
0
0
0
0
0
0
1
-1
0
0
0
0
0
0
0
1
0
0
0
0
0
-1
0
0
0
0
0
0
0
0
0
0
-1
-1
-1
-1
0
-1
0
0
0
0
0
0
-1
-1
0
-1
0
0
0
-1
0
0
0
0
0
0
0
1
0
0
0
0
0
0
0
0
0
0
1
1
0
0
0
0
0
0
0
0
0
0
0
1
0
0
0
0
0
1
1
0
0
0
0
0
-1
0
0
0
0
0
0
1
0
0
1
0
0
0
1
0
0
1
0
1
1
0
0
0
0
0
0
0
0
0
0
1
0
1
1
-1
0
0
0
0
0
0
0
0
0
0
0
1
0
0
1
0
0
0
1
0
0
0
-1
0
0
0
0
0
0
0
0
0
0
1
0
0
0
-1
-1
0
0
0
0
0
0
0
0
0
0
-1
0
1
0
0
0
0
0
0
0
-1
0
1
0
0
0
0
-1
0
-1
-1
0
0
0
0
1
0
0
0
0
0
0
0
0
1
1
0
1
-1
0
0
0
0
0
0
0
0
0
0
0
0
0
0
0
0
0
0
0
0
0
0
0
0
0
0
0
0
-1
1
0
1
0
0
1
0
0
0
0
0
1
-1
0
0
0
0
0
1
0
0
-1
0
0
0
0
1
0
0
1
-1
-1
0
0
0
0
0
0
0
0
0
0
0
0
0
0
0
1
0
0
0
0
1
0
-1
-1
0
0
0
-1
0
0
0
0
0
-1
0
0
0
0
-1
0
0
0
0
0
0
0
0
0
0
0
0
0
0
-1
0
0
0
0
0
0
0
0
0
1
0
-1
0
0
0
0
0
0
0
0
0
0
0
0
0
0
0
0
0
0
0
-1
0
0
0
0
0
0
0
0
0
0
0
0
0
1
0
0
0
0
0
0
0
1
0
0
0
1
1
0
0
0
-1
1
1
0
0
0
0
0
0
0
1
0
0
0
1
0
0
0
0
0
-1
0
0
0
0
0
0
0
0
0
0
-1
-1
-1
0
0
0
0
-1
0
0
0
0
0
0
0
0
0
1
0
1
0
0
0
0
0
0
1
-1
0
1
-1
0
0
0
0
0
0
0
-1
0
0
0
-1
0
-1
0
0
0
0
0
-1
0
0
0
0
0
0
-1
0
0
0
0
0
0
0
0
-1
-1
0
0
0
0
0
1
0
0
0
0
0
-1
0
0
0
0
0
0
0
0
0
1
0
1
0
0
1
-1
1
0
0
0
-1
-1
0
0
0
-1
0
-1
0
0
0
-1
0
0
0
0
1
0
0
0
0
0
0
1
0
1
0
0
0
0
0
0
1
0
0
0
1
1
0
0
0
0
0
0
0
0
-1
1
0
0
0
0
0
0
0
1
0
0
-1
0
0
0
-1
-1
0
0
1
0
-1
0
0
0
0
0
0
-1
-1
0
0
-1
1
0
1
0
0
0
0
0
0
1
0
0
0
-1
0
0
0
0
0
1
-1
0
0
0
0
0
0
0
0
0
1
0
0
0
0
0
0
-1
0
0
-1
0
0
-1
0
0
0
0
0
0
0
0
1
0
0
-1
1
0
0
-1
-1
0
0
0
1
-1
0
0
0
-1
1
0
0
0
1
-1
0
0
0
0
0
0
0
0
0
0
0
-1
0
0
0
0
0
0
0
0
0
0
1
-1
0
0
-1
1
0
0
0
0
0
0
0
0
0
0
0
0
0
0
-1
0
0
0
0
0
0
0
-1
0
0
0
-1
0
0
-1
-1
0
0
0
0
0
1
1
-1
0
-1
0
0
0
0
0
0
0
0
1
0
0
0
0
-1
1
0
0
1
0
0
0
0
0
1
1
0
0
0
0
0
-1
0
-1
1
0
1
0
0
1
0
0
1
0
0
0
1
-1
-1
1
0
0
0
-1
0
0
1
0
0
0
0
0
0
-1
0
0
0
-1
0
0
1
1
-1
0
0
0
0
0
0
0
0
0
-1
1
0
0
1
0
0
0
0
1
-1
0
0
0
0
-1
1
0
0
-1
0
0
0
0
0
-1
0
-1
1
0
0
1
0
0
0
0
0
0
0
0
-1
0
0
0
1
0
1
0
0
0
0
-1
0
0
1
1
0
0
0
-1
-1
0
0
0
-1
0
0
1
0
1
0
0
1
0
0
1
0
0
0
0
0
0
0
0
0
0
0
-1
1
0
0
0
0
0
0
0
0
0
0
-1
0
-1
0
0
0
0
0
-1
0
0
0
1
0
0
0
0
0
0
0
0
0
-1
1
1
-1
0
0
0
0
0
0
0
0
0
0
0
0
0
-1
0
0
0
0
0
0
0
0
-1
0
0
0
0
-1
0
-1
0
0
0
0
0
-1
0
0
-1
0
0
0
1
0
0
0
0
0
0
1
0
0
0
0
0
1
0
0
0
1
1
0
0
0
0
0
0
0
0
1
1
1
0
0
-1
0
0
0
-1
-1
0
0
0
0
0
0
0
0
0
0
0
0
0
0
0
0
0
0
0
0
0
1
1
1
0
-1
0
0
0
0
0
0
1
-1
-1
0
0
0
0
0
1
0
-1
0
0
0
0
0
0
0
0
-1
0
0
0
0
1
0
0
0
0
0
-1
1
1
0
0
0
0
1
0
0
0
0
0
0
0
0
0
0
0
0
1
0
0
0
0
0
0
1
