0
-1
0
0
0
0
0
0
0
0
1
0
-1
0
0
-1
0
0
0
0
0
0
0
0
0
0
0
1
0
0
0
0
-1
-1
0
-1
0
0
0
-1
0
0
0
0
1
1
-1
0
0
-1
-1
0
0
-1
0
0
-1
0
0
-1
1
-1
0
0
-1
0
0
0
0
0
0
0
1
0
0
-1
1
1
0
0
0
0
0
0
0
0
0
1
0
0
0
0
0
0
-1
0
0
-1
0
0
1
0
0
1
0
0
0
1
0
0
0
0
0
0
1
-1
0
0
0
1
0
-1
0
0
0
0
0
-1
0
0
0
0
1
0
0
1
0
0
0
1
0
0
0
0
0
1
0
0
0
0
0
0
0
1
0
0
0
0
-1
0
0
-1
-1
0
-1
0
0
0
1
1
0
0
0
-1
1
0
0
0
0
1
0
1
0
0
1
1
0
0
0
0
0
-1
0
0
0
-1
0
0
1
0
0
0
0
1
0
1
0
0
0
0
-1
0
0
0
0
0
-1
0
0
0
1
1
0
0
-1
0
0
1
0
0
-1
1
0
0
0
0
-1
0
0
0
0
0
0
0
0
0
0
0
1
0
0
0
-1
0
1
0
0
1
-1
0
-1
-1
0
0
0
0
0
0
0
0
-1
0
-1
1
0
1
1
0
0
0
0
0
0
0
0
0
0
0
0
0
0
1
0
-1
0
0
0
0
0
0
-1
0
0
-1
0
0
0
0
0
0
0
1
1
0
0
0
0
0
0
0
-1
0
0
0
0
0
0
-1
-1
0
0
0
0
0
1
0
1
-1
0
0
-1
0
0
0
1
0
0
0
0
0
0
0
1
0
1
0
0
0
-1
-1
0
0
0
0
1
0
-1
0
0
0
0
1
0
-1
0
0
0
0
0
1
0
0
0
0
0
0
0
0
0
0
1
0
0
0
0
0
0
0
0
0
0
0
0
0
-1
-1
0
0
0
0
0
0
-1
0
0
-1
0
0
0
0
0
0
0
0
0
0
0
0
0
0
0
0
0
-1
0
0
1
0
0
-1
1
0
0
0
0
0
0
0
0
0
0
-1
1
0
0
-1
0
0
0
1
0
-1
0
0
0
0
0
0
0
1
-1
0
0
0
-1
-1
0
0
0
1
0
0
0
0
0
1
0
-1
-1
0
0
0
0
0
0
0
-1
0
-1
0
1
0
0
0
0
1
0
0
0
0
0
-1
-1
0
0
0
0
-1
0
1
0
1
0
0
0
0
-1
0
0
0
-1
0
0
0
0
0
0
0
0
-1
0
0
0
1
0
1
0
-1
0
1
0
0
-1
0
0
0
0
0
0
1
0
1
0
0
0
0
0
1
0
1
0
0
0
1
0
0
0
0
0
-1
0
0
0
0
0
0
0
0
0
-1
0
0
0
0
0
0
0
0
0
0
1
0
1
0
0
1
0
0
1
0
0
1
0
0
1
0
0
0
0
0
0
0
0
0
0
0
1
0
0
-1
0
0
-1
0
-1
0
0
1
1
0
0
0
-1
0
0
0
0
0
0
1
0
0
-1
0
0
0
0
-1
0
1
0
0
0
0
0
-1
0
0
0
0
0
0
0
1
0
0
0
0
0
-1
0
0
0
0
0
1
0
0
0
0
0
0
0
1
0
-1
0
-1
1
0
0
0
0
-1
0
-1
0
0
0
0
-1
1
0
0
0
1
0
-1
0
1
1
0
-1
0
0
0
0
0
0
0
0
-1
0
0
0
0
1
-1
0
0
-1
0
0
0
0
0
1
1
0
0
0
-1
-1
0
0
0
1
0
0
0
0
0
0
1
0
0
-1
0
0
1
0
0
0
0
0
1
0
0
-1
0
0
0
0
0
0
0
0
1
0
0
0
0
0
0
0
0
1
0
0
0
0
0
0
-1
0
0
0
0
1
0
0
1
0
0
0
1
-1
0
-1
0
0
0
1
0
0
0
0
0
0
1
0
0
0
0
0
0
0
0
0
-1
0
0
0
1
0
0
0
1
0
0
0
0
0
0
0
0
0
0
1
0
1
0
-1
0
0
-1
0
0
0
-1
0
0
0
-1
0
-1
1
-1
1
0
0
0
0
0
1
0
1
0
0
0
0
0
0
0
0
0
0
0
1
0
0
-1
0
0
0
0
0
0
0
0
0
0
-1
0
0
1
0
0
-1
0
0
0
0
0
0
0
0
-1
0
1
0
0
0
0
1
0
0
0
0
0
-1
0
0
-1
0
0
0
0
0
0
0
0
0
0
0
1
1
1
1
0
0
-1
1
0
0
0
0
0
0
0
0
0
0
0
0
1
0
0
1
0
1
0
0
1
0
0
0
0
1
0
0
-1
0
0
1
1
0
0
-1
0
-1
-1
0
0
0
1
1
0
-1
0
1
0
0
0
0
1
0
1
-1
0
1
0
0
0
-1
0
0
0
1
0
-1
0
-1
-1
0
0
1
0
0
0
1
1
0
0
1
1
-1
0
-1
0
0
0
1
0
0
0
0
-1
0
0
-1
0
0
-1
-1
1
0
0
0
0
-1
0
1
0
0
0
-1
1
0
1
0
1
-1
0
0
0
-1
0
0
0
0
0
0
0
0
0
0
0
0
0
0
0
0
0
1
0
0
0
0
1
0
0
0
0
0
0
0
0
0
0
0
0
0
0
0
0
0
0
0
0
1
0
0
0
0
-1
0
0
1
0
0
0
0
0
-1
0
0
0
0
0
0
-1
0
0
-1
0
0
0
-1
0
0
0
0
-1
0
0
0
0
0
0
0
0
0
0
0
0
0
0
0
-1
0
0
0
-1
0
0
0
-1
0
0
0
0
1
0
0
0
0
0
1
0
0
0
-1
0
0
0
0
0
0
0
0
1
0
0
0
0
-1
0
-1
0
0
0
0
0
0
0
0
0
0
0
0
0
0
0
0
0
0
0
1
1
0
1
0
0
0
0
0
1
0
0
0
0
0
1
1
1
0
0
0
0
-1
-1
-1
0
0
1
0
0
1
-1
0
0
0
0
1
0
0
1
-1
1
0
0
0
0
0
0
-1
0
1
0
0
0
0
0
-1
-1
0
0
1
0
1
1
0
0
-1
-1
-1
-2
0
-1
0
0
1
1
0
-1
-1
-1
-1
-1
0
0
0
0
1
0
-1
0
-1
0
-1
0
0
0
0
-1
0
-1
0
0
0
0
0
1
1
1
1
0
0
-1
-1
-1
-1
-1
0
1
1
2
1
0
0
-1
-1
-2
-1
0
0
1
2
3
2
1
0
-2
-2
-3
-1
-1
1
1
1
2
2
1
0
-1
-1
-2
-2
-1
1
1
2
2
1
0
0
-1
-2
-1
-1
1
1
1
1
1
1
0
-1
-1
-2
-1
-1
1
1
1
1
1
0
0
-1
-1
-1
-1
0
0
1
2
2
1
1
0
-1
-2
-2
-2
0
0
0
1
3
2
2
0
-1
-1
-2
-2
-1
0
0
1
2
1
1
0
0
-1
-1
0
1
0
1
0
-1
-2
-1
-1
-1
1
2
3
2
1
0
-2
-2
-2
-1
0
3
3
3
2
-1
-2
-3
-4
-3
1
2
3
3
1
0
-3
-2
-2
1
2
3
3
2
1
-1
-1
-3
-2
-1
0
0
0
0
-1
0
0
0
1
1
2
2
1
1
0
-1
-1
-1
-2
-1
-1
0
0
2
2
2
0
-1
-2
-3
-3
-2
0
3
3
3
2
0
-2
-3
-2
0
2
3
5
4
3
1
-4
-6
-7
-7
-5
-3
2
6
8
8
6
1
-4
-8
-8
-5
-1
4
7
8
6
2
-1
-3
-3
-3
-3
-1
-3
-2
-2
0
1
3
4
4
3
0
-3
-6
-6
-3
1
4
6
6
3
-1
-5
-6
-7
-4
-1
3
5
7
7
6
3
0
-4
-5
-6
-6
-3
-2
0
0
0
-1
0
-2
0
2
3
5
4
2
1
0
1
0
1
1
1
0
-1
-1
-4
-3
-5
-3
-3
-4
-6
-5
-2
3
6
9
8
5
2
-1
-3
-4
-3
1
5
8
7
3
-3
-6
-10
-10
-8
-3
3
8
11
8
3
-5
-10
-10
-9
-3
1
5
7
7
4
2
-2
-4
-3
-1
2
4
4
3
1
-2
-5
-7
-7
-6
-1
5
9
11
9
3
-2
-8
-13
-15
-13
-7
2
12
18
18
14
5
-5
-12
-15
-14
-8
0
5
8
10
6
3
-1
-4
-5
-4
-5
-5
-2
-1
2
5
10
9
7
3
-2
-5
-12
-10
-10
-6
0
6
10
7
6
3
1
-1
-2
-1
0
2
4
7
5
1
-4
-10
-9
-7
-4
1
4
3
2
4
6
2
-1
-5
-9
-7
0
2
4
4
3
4
4
3
5
5
2
4
-3
-6
-12
-10
-7
-2
4
7
9
6
0
-7
-10
-12
-5
7
10
14
13
7
0
-10
-15
-14
-5
3
11
12
5
3
-1
-5
-10
-10
-11
-3
4
3
8
11
8
3
5
-3
-4
-2
0
-5
-9
-4
2
9
6
10
0
-2
-7
-11
-12
-11
2
11
18
12
4
-5
-13
-12
-10
-2
5
10
15
13
6
0
-6
-7
-9
-8
-3
-1
2
4
5
1
1
-3
-1
-2
-10
-10
-9
1
10
17
17
9
-5
-7
-7
-6
1
3
9
9
8
-3
-6
-13
-16
-6
-1
4
6
13
2
-8
-17
-22
-12
-3
15
16
11
9
11
7
-1
-5
-11
-6
4
15
10
6
7
1
-4
-8
-21
-21
-4
7
13
11
-1
-7
-12
-7
-8
0
-3
7
5
6
-1
-1
3
6
6
15
17
11
8
-4
-14
-22
-20
-19
-8
-2
7
16
19
10
1
-1
-4
-3
4
2
-7
-11
-10
-5
3
3
2
7
12
16
12
2
-10
-20
-11
-3
1
-6
5
3
11
14
8
-7
-14
-11
-13
-3
0
9
8
7
4
4
9
8
2
-2
-19
-15
-12
-12
-1
7
14
13
14
10
14
-5
-12
-12
-25
-16
4
6
21
11
7
6
6
2
-5
-1
-27
-7
-4
1
8
-1
8
-9
-6
-12
-4
-5
17
23
16
14
-3
-3
-15
-5
-13
-9
-6
7
1
0
11
-2
-7
-3
8
-3
-7
-5
0
7
24
13
10
3
-4
4
-1
3
-7
1
-23
-11
-22
-22
-11
-16
8
8
20
31
25
28
10
7
-27
-26
-19
-14
4
3
10
11
6
18
-1
-14
-4
-15
7
4
-6
-6
-17
-6
11
13
-2
5
16
-1
14
-4
-8
-19
-16
4
-1
21
7
4
-15
-3
2
-8
14
1
8
7
2
-3
-6
0
-8
4
-27
-1
-2
17
15
6
10
-6
-3
-22
-4
-26
-8
29
46
24
5
-7
-29
-21
-22
-37
-15
21
39
35
36
-1
-11
-15
-41
-32
-19
-2
21
40
23
22
14
-2
-30
-38
-41
-26
12
37
59
28
9
-15
-36
-9
-29
-5
21
18
7
23
25
-8
-36
-27
-37
-18
-10
14
38
10
32
12
-16
-1
-25
-4
-8
1
4
5
25
18
23
6
-11
-29
-44
-18
-11
16
17
25
21
-9
-5
-26
-17
-5
7
30
14
6
5
-37
-30
-25
11
23
45
31
11
-6
-29
7
-24
6
9
17
7
-12
-35
-26
-2
-9
1
-1
7
6
17
6
-12
-13
-13
4
35
45
16
3
-23
-4
0
-29
-26
-15
0
29
46
-11
-1
-30
-30
10
-19
14
8
19
-4
-4
-8
-4
2
1
4
38
33
7
-7
-49
-26
-26
-9
1
25
29
4
31
22
-41
-21
-14
-16
11
7
28
5
-2
20
9
-42
-47
-31
44
36
34
19
15
-20
-47
-13
-39
-35
-28
45
33
15
19
8
8
-6
2
6
-1
7
33
7
-20
-29
-1
-16
-54
-46
7
14
43
78
25
17
-30
-35
-20
-15
-24
-21
-17
3
77
40
5
-8
-40
-10
8
6
3
-9
1
-6
-1
-2
18
31
-5
3
-54
-11
-19
-6
6
0
33
-6
48
14
8
-19
-24
19
-24
-14
12
-1
-16
-48
-15
30
10
24
38
51
1
1
-24
-23
-32
-38
17
0
-20
12
-18
21
48
20
10
-15
1
-47
-30
-42
0
40
65
53
8
4
-20
6
-84
-58
-34
13
41
-6
67
7
-11
16
17
-23
-66
35
39
42
-40
-20
26
-8
-21
-30
5
-11
12
-16
24
21
17
29
1
-42
-39
-21
0
10
-11
50
41
35
-71
1
2
-31
-3
35
49
-17
-31
-32
-1
-55
31
29
-10
7
33
44
50
17
-26
-15
-108
-107
-59
-52
69
88
156
137
0
-39
-107
-27
-75
-14
-5
-22
26
8
-3
45
-15
63
-25
25
-11
6
-21
-60
10
-34
70
-13
36
25
-15
-19
-59
26
-7
-35
0
2
49
10
36
76
-7
-69
-35
-29
-44
-49
29
98
26
26
14
28
-70
-98
-40
-42
22
29
127
70
0
3
-39
-61
-84
11
24
19
31
25
62
14
-6
-82
-60
-79
18
-10
-23
68
78
95
-23
-28
-17
-8
-38
-3
21
-59
10
-4
59
60
-12
34
-108
-88
-80
77
62
48
102
19
53
-69
-64
-57
-82
-75
-20
59
57
90
71
-14
-37
-58
34
17
2
-1
-3
-23
-23
38
-71
-29
-26
55
110
48
-38
-58
-23
-3
7
-18
-20
15
7
31
-12
-39
54
-53
44
-42
30
27
34
30
-34
32
-90
-47
-61
-56
90
92
97
86
-24
-71
-114
-94
-71
3
56
70
116
27
18
-35
-99
-81
-15
34
112
92
40
23
-46
-109
-115
1
-11
66
-32
14
88
42
46
-49
-35
-82
-66
-53
11
37
95
132
100
-17
-40
-111
-103
-48
-137
72
56
160
147
41
-42
-112
-62
-109
1
-17
20
78
17
42
32
5
-58
-119
-17
19
17
63
46
41
21
-27
-11
-13
-41
-55
-103
49
27
13
12
65
119
2
52
-78
-61
-121
-78
36
55
87
75
32
-124
-72
-98
34
63
62
91
25
25
-94
35
-14
-65
-9
-24
10
-57
0
41
81
24
-70
-32
-20
-28
12
-17
91
90
25
26
-44
-84
-94
16
35
70
77
18
-59
-113
-29
22
-12
-96
5
61
28
68
9
1
0
26
62
8
-73
-63
26
-58
-3
62
-7
19
-27
23
7
-49
-40
2
31
-32
-22
2
-61
45
100
122
10
-58
-54
-15
-38
-14
69
-64
6
69
20
-80
-101
-102
-40
-14
97
209
140
108
75
-76
-99
-221
-136
40
35
41
1
92
-22
44
-4
17
-16
-72
-23
-107
101
4
86
-19
-11
44
-17
-65
-116
-28
4
151
145
175
-59
-106
-53
-84
-68
-42
94
28
39
61
-40
-62
-86
-18
101
62
-65
-53
-37
-45
9
117
140
-8
-43
-43
-16
-46
-49
77
4
76
-14
89
-35
-93
-75
-25
-14
-34
46
68
68
8
1
-128
72
13
-30
-83
-50
40
25
100
49
-10
-61
35
-4
-6
-58
-20
81
-2
-32
-15
-8
13
-42
7
0
96
111
86
-50
-115
-108
-125
17
-90
30
-1
169
118
-27
-4
-60
68
-42
21
-43
8
24
50
44
-111
-142
-105
-42
-59
-3
52
96
138
68
183
17
-39
-35
-117
-119
-165
9
35
57
-8
56
178
26
26
-80
-119
-173
-68
164
78
36
-2
35
-5
-8
-55
46
41
15
8
-29
49
-167
78
71
108
-10
-24
66
-72
-80
-56
33
-85
-45
-50
40
3
90
118
123
48
18
-44
-84
-86
-162
-35
-22
14
-36
110
86
23
38
70
-59
-50
-46
-59
-42
-88
-22
-35
1
11
90
187
183
138
11
22
-128
-209
-144
-176
-29
8
244
179
71
103
52
22
-112
-82
-126
-204
-129
-134
35
142
82
83
57
139
7
77
50
3
-27
-45
-38
-92
-28
-93
-56
-65
-97
73
154
107
18
-15
-47
-97
-90
-97
-82
-70
19
52
85
-18
-33
97
62
34
56
60
60
83
163
68
-65
-199
-140
-74
-131
-64
-46
30
76
89
127
134
99
39
115
33
-3
-76
-23
60
79
79
-23
25
-28
72
23
-83
-23
-150
-120
-65
19
7
41
22
-50
55
-41
-83
-83
-115
-154
-20
-69
-40
-41
27
38
38
32
-41
-49
-100
-89
-32
2
-2
23
83
126
33
27
-36
-96
-55
78
34
70
48
6
1
17
7
23
80
56
77
69
133
40
41
32
13
5
-27
-25
-43
57
74
123
96
78
97
59
-56
-165
-153
-72
-50
-70
-4
-51
59
27
92
119
139
140
75
146
16
11
-74
-115
-200
-216
-140
-146
-27
68
86
146
86
82
21
-31
-57
-72
26
-17
-1
18
38
42
16
-28
-118
-139
-111
-13
44
81
69
94
2
-6
67
63
61
-37
7
-5
-2
29
29
77
-88
-53
-76
-31
-66
-127
-60
-177
-86
-56
10
20
29
161
151
82
54
-33
-126
-175
-148
-104
-42
40
78
147
163
114
129
159
48
-38
-116
-116
-153
-52
-57
-105
-95
-76
-38
-97
-87
-84
-99
-78
-24
13
-42
-82
-75
43
91
82
34
51
22
4
11
-23
-71
-129
-125
-90
-58
48
131
210
240
187
158
82
-14
-57
-93
-202
-229
-235
-153
-19
105
171
276
363
363
352
294
232
186
157
144
93
100
94
95
122
63
49
39
-28
-57
-48
17
6
44
31
9
-44
-28
21
-46
-79
-169
-165
-153
-191
-145
-151
-141
-144
-121
-40
-50
29
31
6
-33
-88
-147
-240
-236
-295
-250
-223
-153
-22
52
123
112
75
54
-39
-135
-227
-285
-239
-195
-127
-103
-73
-63
30
38
60
35
-25
-14
-69
-79
-89
-97
-119
-88
-29
32
105
156
244
271
221
195
89
-5
-126
-180
-188
-124
-11
101
226
344
399
395
316
245
135
23
38
104
173
227
375
456
534
591
593
525
401
226
104
0
-125
-234
-338
-387
-403
-292
-207
-129
-90
-60
-54
-115
-89
-148
-203
-237
-285
-281
-244
-164
-152
-130
-165
-217
-289
-426
-557
-669
-811
-917
-972
-994
-1017
-992
-930
-878
-832
-724
-628
-511
-342
-161
-12
143
253
307
384
419
456
379
323
235
144
75
5
-78
-182
-223
-226
-164
-53
106
232
395
599
773
935
1147
1374
1589
1815
2000
2165
2304
2365
2385
2318
2190
1977
1697
1354
977
612
253
-105
-446
-668
-781
-763
-659
-468
-296
-84
89
211
295
376
430
472
489
444
392
358
286
94
-75
-302
-567
-855
-1151
-1461
-1816
-2165
-2489
-2784
-3072
-3305
-3480
-3623
-3735
-3810
-3866
-3895
-3931
-3917
-3920
-3872
-3900
-3986
-4134
-4178
-3595
-2278
-443
1372
2964
4572
6370
8114
9281
9592
9027
7778
6189
4490
2694
807
-1065
-2670
-3764
-4174
-3950
-3353
-2642
-2017
-1541
-1173
-930
-820
-988
-1428
-1794
-1808
-1202
-38
1619
3468
5339
7009
8408
9366
9607
9000
7497
5313
2797
247
-2107
-4072
-5547
-6368
-6388
-5591
-4236
-2647
-1053
427
1732
2791
3482
3711
3532
3173
2794
2512
2315
2136
1882
1527
1164
848
503
-138
-1163
-2350
-3492
-4482
-5287
-5835
-6217
-6495
-6588
-6500
-6379
-6430
-6682
-6962
-7166
-7122
-6940
-6840
-6975
-7051
-6125
-3539
137
3585
6366
8810
11398
13809
15248
15065
13165
10201
6855
3606
514
-2447
-5067
-7098
-8250
-8279
-7311
-5819
-4157
-2644
-1557
-957
-672
-512
-649
-1244
-2031
-2249
-1401
504
3076
5962
8804
11148
12853
13650
13354
11657
8608
4507
83
-3922
-7316
-9845
-11370
-11652
-10616
-8373
-5334
-2039
957
3442
5410
6803
7518
7530
6976
6169
5445
4930
4650
4426
4158
3707
3112
2350
1493
263
-1432
-3307
-5040
-6319
-7167
-7609
-7775
-7640
-7220
-6628
-6011
-5600
-5470
-5632
-5948
-6332
-6655
-6714
-6461
-5996
-5488
-5008
-4677
-4242
-2904
-183
3177
5844
7504
8887
10627
12306
12899
11861
9294
6046
2898
148
-2405
-5038
-7422
-9046
-9413
-8489
-6628
-4435
-2216
-131
1593
2722
3320
3569
3329
2488
1405
954
1570
3255
5485
7611
9155
9996
10249
9743
8135
5086
826
-3894
-8115
-11216
-13108
-13889
-13477
-11396
-7571
-2527
2735
7398
11048
13504
14771
14819
13726
11478
8374
5100
2422
669
-346
-873
-1177
-1272
-1194
-905
-758
-1131
-2169
-3738
-5359
-6657
-7329
-7602
-7683
-7521
-6728
-5300
-3712
-2495
-1872
-1811
-2066
-2537
-3168
-3991
-4918
-5827
-6487
-6756
-6798
-7083
-8029
-8564
-7066
-3162
1249
4414
6676
9281
12644
15591
16654
15005
11148
6537
2247
-1538
-5372
-9074
-12045
-13231
-12184
-9252
-5457
-1478
2453
5814
7822
8229
7733
6711
4773
1772
-1145
-2582
-1859
551
3465
5982
7737
8891
9401
8802
6467
2183
-3264
-8532
-12382
-14464
-15038
-14270
-11798
-7218
-884
6157
12357
16644
18754
19129
18018
15363
11248
6172
1098
-3099
-5580
-6367
-5900
-4781
-3343
-1707
-40
1354
1844
1211
-572
-2829
-4931
-6320
-7034
-7327
-7282
-6576
-5011
-2973
-1091
6
222
-306
-1174
-2179
-3338
-4829
-6504
-8035
-8870
-9024
-8952
-9151
-10116
-11381
-11228
-7691
-1289
4938
8962
11761
15384
19857
22940
22300
17427
10065
2786
-3031
-7824
-12463
-16470
-18425
-17075
-12579
-6365
-208
5102
9423
12298
12934
11368
8541
5104
1131
-3034
-5911
-6186
-3691
582
5090
8675
10898
11905
11557
9285
4716
-1597
-8233
-13706
-16847
-17743
-16718
-13807
-8288
-272
8487
15921
20812
23231
22961
20339
15732
9713
2525
-4627
-9915
-12294
-11960
-10025
-7046
-3623
35
3506
6175
7100
5899
3112
-501
-4185
-7247
-9158
-10161
-10513
-9814
-7464
-3892
-368
2126
3403
3475
2589
1209
-585
-3068
-6286
-9372
-11612
-12758
-13042
-12871
-12934
-13513
-13098
-9404
-1961
6482
12721
16141
18720
21885
24477
23810
18321
9116
-649
-8301
-13338
-17044
-20027
-21332
-19158
-13105
-4699
3549
9859
14232
16916
17484
15119
10575
5192
-128
-5034
-8630
-9519
-7235
-2520
2959
7812
10935
12265
12001
10017
5904
-360
-7436
-13542
-17028
-17520
-15689
-12319
-7431
-782
6871
14188
19913
23261
23512
20871
16570
11409
5110
-2114
-8556
-12533
-13698
-12728
-9919
-6026
-1924
1855
5311
7848
8480
6985
3960
261
-3278
-5873
-7577
-8799
-9389
-8615
-6326
-3141
121
2719
4040
3963
3324
2363
481
-2853
-7031
-10981
-14067
-15971
-16599
-16117
-15114
-13971
-12737
-10150
-4444
4560
13577
18899
20439
20970
22244
22634
19586
11880
1003
-9240
-15561
-17685
-18017
-17919
-16640
-12318
-4817
4118
11461
15457
16518
15721
13361
8960
3372
-2149
-6697
-10027
-11046
-8948
-4096
2264
8486
13190
15012
14136
11243
6972
1229
-5838
-12943
-18127
-19480
-17130
-12474
-7077
-1061
5595
12119
17165
19570
19091
16027
11614
6949
2746
-1156
-4648
-7063
-7461
-5586
-2724
-194
1509
2819
3816
4237
3857
2598
447
-2214
-4471
-5573
-5534
-4976
-4438
-3894
-2807
-914
1291
2741
2874
2007
804
-414
-1706
-3354
-5610
-8350
-10901
-12506
-13034
-12847
-12313
-11431
-10079
-8470
-7339
-6101
-2739
4132
12235
17402
18315
17581
18122
19234
17667
11279
1262
-8339
-13825
-14748
-14003
-14011
-14177
-11854
-5795
2245
8783
11434
11105
9997
8971
6749
2863
-1476
-4629
-6102
-5904
-3767
140
5199
10111
13471
13838
11297
7179
2634
-2472
-8557
-14742
-19097
-19548
-15930
-9962
-3966
1384
6821
12520
17202
19164
17706
13404
8053
3234
-323
-3006
-5118
-6056
-5129
-2162
1910
5566
7447
7385
6145
4285
1750
-1574
-5254
-8723
-11259
-12080
-10645
-7589
-4272
-1296
1523
4467
7111
8712
8521
6349
2806
-1005
-4331
-7143
-9717
-12042
-13461
-13357
-11641
-8940
-6385
-4614
-3371
-2446
-2448
-4186
-6632
-6784
-2474
4442
9912
12079
13031
15473
18870
19864
15716
6959
-2558
-9011
-11556
-12638
-14411
-16233
-15352
-10244
-2413
4735
8755
10228
10891
11336
10213
7009
2790
-791
-3155
-4150
-3423
-976
2717
6582
9455
9938
7855
4201
203
-3951
-8619
-13357
-16614
-16574
-12724
-6412
-150
4917
9280
13538
16808
17395
14695
9605
3991
-541
-3544
-5377
-6219
-5565
-3074
931
5293
8661
9726
8143
4882
1078
-2904
-7183
-11203
-14138
-15110
-13433
-8971
-2882
2920
7429
10813
13385
14641
13733
10155
4246
-2639
-8718
-12889
-15468
-16947
-17212
-15915
-12886
-8482
-3579
151
1546
1068
-291
-2674
-6676
-10703
-11121
-5860
2727
10308
14852
17824
21416
24975
25223
19271
7666
-5211
-14763
-19395
-21132
-22449
-23156
-20658
-13060
-2187
7965
14328
17156
18015
17346
14597
9705
4030
-1095
-4923
-7043
-6785
-3923
881
6038
9689
10374
7979
3943
-416
-4712
-9501
-14408
-17729
-17245
-12191
-4533
2770
8062
11969
15251
17323
16729
12900
6763
427
-4140
-6288
-6388
-5093
-2629
840
5041
9021
11276
10423
6580
1181
-4201
-8796
-12416
-14771
-15327
-13528
-9167
-2632
4585
10582
14241
15682
15423
13608
9848
3944
-3402
-10575
-15834
-18417
-18633
-17365
-14991
-11452
-6760
-1615
2688
4938
4597
2411
-717
-4510
-9361
-14129
-15513
-10522
-579
9376
15583
18684
21519
24447
24687
18893
6984
-7128
-18007
-23035
-23650
-22938
-21583
-17668
-9384
2250
13367
20333
22445
21462
18729
14153
7601
430
-5526
-9191
-10538
-9441
-5915
-436
5771
10686
12240
9590
4330
-1230
-5762
-9837
-13906
-16799
-16169
-10674
-2015
6320
11790
14437
15551
15577
13657
9120
2562
-3995
-8263
-9221
-7419
-4105
18
4485
8669
11672
12563
10616
5801
-746
-7260
-12169
-14833
-15267
-13621
-10064
-4646
2244
9362
14798
17278
16823
14352
10495
5469
-782
-7889
-14572
-19118
-20518
-19254
-16439
-12860
-8546
-3714
1076
4847
6614
5809
2860
-1040
-5295
-10133
-15316
-18131
-14874
-4958
7365
16397
20363
21922
23848
24924
21251
10764
-4075
-17313
-24368
-24908
-22285
-19203
-15364
-8809
991
11707
19578
22373
20819
16790
11536
5255
-963
-5449
-7434
-7634
-6644
-3960
840
6846
11624
12709
8954
2023
-4952
-9679
-12338
-14276
-15608
-14613
-9297
-165
9421
15558
16917
15057
12197
8953
4598
-1063
-6695
-10107
-9902
-6275
-736
5080
9790
12641
13527
12613
9723
4488
-2552
-9571
-14479
-16239
-14925
-11531
-7033
-1969
3569
9376
14221
16644
15863
12409
7499
2198
-3059
-8420
-13770
-18055
-19894
-18800
-15443
-10963
-6404
-2230
1456
4566
6570
6498
4060
-114
-4866
-9787
-14854
-18686
-18061
-10414
2158
13945
20500
22543
23572
24746
23296
15705
2067
-13126
-23733
-26850
-24219
-19591
-14814
-8885
-447
9939
19187
23863
23085
18449
12141
5207
-1498
-6331
-8374
-8314
-7413
-5473
-1598
4158
9663
12093
9458
2524
-5265
-10652
-12636
-12864
-12687
-11645
-7802
-250
8901
15529
16882
13722
9000
4786
1161
-2538
-6173
-8353
-7644
-3809
1837
7430
11565
13321
12682
10394
7132
2699
-3241
-9542
-14095
-15492
-13909
-10345
-5962
-1543
2860
7568
12029
14875
14827
11844
7093
1958
-2618
-6852
-11170
-15252
-17806
-17730
-15009
-10663
-5946
-1797
1419
4054
6190
7132
5825
2115
-2993
-8536
-14304
-19324
-20678
-14949
-2520
11305
20682
24108
24659
24822
23507
17200
4412
-11575
-24367
-29207
-26139
-18997
-11262
-3970
3577
11569
18595
22194
20899
15599
8175
299
-6452
-9971
-9121
-5415
-1723
611
2620
5674
9318
11078
8299
577
-8790
-15363
-16773
-14179
-10190
-6320
-2230
3522
10469
15910
16889
13082
6737
507
-4109
-6884
-7854
-7064
-4536
-703
3684
7930
11303
12735
11523
8235
4101
-118
-4432
-8582
-11776
-13165
-12338
-9517
-5345
-707
3827
8104
11920
14561
15107
13009
8766
3490
-1879
-6938
-11517
-15147
-17149
-17039
-14893
-11166
-6646
-2193
1435
4066
5797
6485
5387
2249
-2390
-7934
-14106
-20234
-23151
-18835
-6301
9472
21324
25916
25619
24197
22133
16625
5409
-9638
-22710
-28208
-24819
-16012
-6404
1266
6754
10741
13328
13742
11268
6717
1466
-3275
-6696
-7125
-3351
3222
8852
10556
8827
6237
5012
4526
2283
-3554
-11402
-17070
-17347
-12531
-5747
-112
3295
5786
8496
10778
10669
7472
2560
-2020
-4875
-5619
-4249
-1290
2349
5304
6763
7087
7321
7561
6821
4586
1604
-1099
-3323
-5024
-6221
-6819
-6809
-5855
-3640
-499
2980
6264
9008
10600
10536
8709
5522
1645
-2325
-5906
-8994
-11389
-12603
-12283
-10780
-8666
-6236
-3600
-1141
859
2415
3343
2986
829
-2788
-7345
-12810
-18646
-22081
-19019
-7814
7681
20282
25352
24197
21116
18156
13390
4442
-7760
-18572
-23054
-19604
-11066
-2147
4024
6807
7126
5921
3923
1681
-56
-751
-698
-306
1164
5028
10725
14804
13873
8116
1066
-3409
-4459
-4389
-6024
-9632
-12573
-12014
-7644
-1829
2498
3875
3340
2816
3177
3783
3740
3160
2522
2142
2125
2712
4058
5547
5905
4398
2150
1110
1842
3081
3489
2789
1243
-693
-2396
-3559
-4290
-4652
-4321
-2928
-429
2797
5758
7529
7743
6686
4649
2004
-714
-2959
-4774
-6539
-8299
-9661
-10176
-10003
-9216
-7891
-6052
-3895
-1759
13
902
451
-1562
-4842
-9094
-14188
-18679
-18738
-11015
3092
16984
24206
23685
19391
15409
11864
6046
-3179
-12870
-18169
-16515
-9504
-1361
4395
6530
5650
2751
-917
-3844
-4510
-2297
1465
4502
5853
7124
10179
13863
14592
10087
2137
-4746
-7175
-5459
-3058
-3053
-5453
-7818
-7971
-5887
-3263
-1894
-1993
-2333
-1640
362
3171
6242
8748
9870
9182
7135
5041
3886
3478
2797
1556
493
702
2186
3877
4498
3400
773
-2291
-4477
-5259
-4798
-3630
-2000
-69
1911
3538
4406
4401
3681
2521
1108
-83
-681
-1067
-2142
-4287
-7001
-9444
-11074
-11515
-10651
-8595
-5715
-2526
159
1494
967
-1384
-4941
-9047
-13267
-17195
-18481
-13480
-1408
12843
22115
23154
18563
13306
9646
5899
22
-7035
-11560
-10704
-5016
1983
6578
7214
4417
-329
-5578
-9746
-11056
-8295
-2160
4300
8144
9281
9982
11513
12196
9598
3659
-2557
-5381
-3656
304
2810
1897
-1574
-5338
-7783
-8617
-8524
-8040
-6912
-4517
-721
3766
7984
10946
11903
10570
7559
4363
2470
2252
2928
3616
4087
4440
4397
3600
2113
69
-2478
-4768
-5614
-4733
-2659
-199
2044
3443
3669
2818
1330
-93
-814
-587
83
738
1103
987
-231
-3035
-6729
-10012
-11951
-12297
-10764
-7728
-4241
-1361
384
603
-1136
-4403
-8214
-11707
-14529
-15378
-11518
-1668
11314
21191
23352
18168
10280
4151
294
-3115
-6914
-9218
-7851
-2653
4011
8660
9358
6162
557
-5671
-10347
-11693
-8862
-2633
4436
9176
10145
8871
7403
6115
3952
864
-1711
-1922
774
4767
7287
6310
2069
-3691
-9048
-12492
-13202
-11290
-7694
-3520
464
3883
6693
8580
8854
7229
4595
2851
3340
5738
8339
9632
9122
7115
4132
628
-2613
-5097
-6399
-6221
-4295
-1104
2177
4247
4255
2580
218
-1824
-3000
-2995
-1603
686
2771
3855
3810
2572
-224
-4436
-8760
-11666
-12360
-10974
-8029
-4717
-2395
-1883
-3038
-5139
-7551
-9541
-10906
-11821
-12547
-10973
-4097
8109
20403
25690
21613
11677
2419
-2473
-4024
-5219
-6986
-7281
-4300
1307
6384
8352
6572
2240
-3145
-7947
-10304
-8679
-2875
4789
10267
10596
7078
3411
1894
1535
640
-708
-735
2205
7277
11426
11339
6326
-1455
-8934
-13538
-14329
-11934
-7975
-3706
-97
2053
2694
2420
1893
1370
1198
1985
4621
9212
14316
17398
16856
12860
6679
47
-5103
-7503
-7421
-5662
-2973
48
2386
3039
1559
-1635
-5079
-7183
-7058
-4683
-519
4287
8038
9259
7487
3651
-887
-5026
-8189
-9751
-9427
-7687
-5406
-3514
-2837
-4130
-7194
-10962
-13992
-15145
-14173
-11717
-9546
-7519
-2821
6425
17668
24552
23311
15223
5913
140
-1638
-2063
-3397
-4912
-5046
-2881
208
2343
2222
92
-3165
-6354
-7742
-6280
-1661
4526
9461
10049
6332
1511
-1095
-690
1000
2897
4561
6707
9278
11093
10173
5341
-2168
-9940
-14627
-14489
-9829
-3584
1128
2742
1314
-1599
-4479
-6039
-5870
-3503
1291
8129
15620
21393
23165
19925
12752
4225
-2767
-6341
-6405
-4234
-1320
1252
2615
2184
-294
-4317
-8710
-11509
-11035
-7337
-1758
3557
7216
8343
7001
3855
-10
-3389
-5529
-5917
-4725
-2410
-221
606
-741
-4237
-8961
-13545
-16927
-18429
-17951
-16351
-14566
-13149
-9540
-1308
10802
21516
25415
22211
15372
9880
7101
6047
4446
1532
-2003
-5030
-6520
-6946
-6727
-7002
-7747
-8834
-8900
-6491
-1341
5431
10353
10766
6160
459
-2434
-1189
2422
6132
9706
12746
15071
14804
11244
4700
-3192
-10464
-15380
-16021
-12204
-5524
515
3506
2265
-2001
-6772
-9564
-9120
-5604
509
7964
15454
21337
23933
22006
15984
7996
591
-4013
-4752
-2364
775
2540
2113
-230
-3559
-6838
-9076
-9881
-8858
-6276
-2897
508
3014
3835
2449
-121
-2346
-3150
-2696
-1676
-485
525
1212
935
-687
-3574
-7266
-10957
-14135
-16110
-16895
-17017
-17293
-17820
-15561
-7941
4437
15743
20887
19533
15447
12958
12478
12619
11158
8509
5427
2465
-946
-5306
-9700
-13132
-14573
-14618
-13155
-9947
-4438
2581
8128
9136
4809
-1109
-4343
-2779
1908
7523
12767
16718
19000
18367
14520
7430
-949
-8458
-13113
-13500
-10118
-5016
-1363
-477
-2502
-5911
-8779
-9276
-6670
-1698
4643
10587
14980
17165
17164
14961
10904
6528
3153
1922
2641
4149
4648
2964
-290
-4097
-6950
-8128
-7381
-5317
-2864
-1109
-904
-1991
-3913
-5742
-6947
-6988
-5875
-3784
-990
1606
3034
2466
596
-1736
-3416
-4400
-5163
-6172
-7610
-8998
-10972
-13669
-17029
-17704
-12922
-2943
7389
12865
12768
9407
7366
7438
8984
9922
10378
10945
11327
10441
6628
695
-6153
-11740
-15176
-15616
-12728
-7444
-1306
2685
2886
-721
-5010
-6804
-5220
-1401
3009
8041
12906
16964
17990
15418
9956
3988
-12
-1588
-705
661
1429
236
-2528
-6479
-10639
-13425
-13481
-9791
-3425
3876
9511
12274
12382
10767
8551
6771
6341
7033
7986
8393
7930
6512
3955
644
-2920
-5767
-7118
-6748
-5049
-3095
-1929
-2529
-4629
-7102
-8750
-9285
-8865
-7676
-6198
-4682
-3607
-2999
-2827
-2821
-3106
-3434
-3367
-2748
-2405
-3735
-6949
-11042
-12054
-7884
430
7549
9857
7952
4617
3161
3305
4485
5068
5581
6094
6183
5520
4090
3006
1410
-1037
-4618
-7201
-6696
-3339
663
1802
-679
-5439
-8634
-8264
-4837
-417
3478
6781
8899
10180
10094
8830
6106
2896
550
-40
1678
4115
5720
4752
1663
-2352
-5541
-6555
-5766
-3905
-2111
-298
1497
3131
4522
5200
5548
5913
7008
8486
9817
10455
9600
7237
3789
677
-1732
-3188
-3965
-4080
-3839
-3988
-4960
-6844
-8581
-9489
-9266
-8610
-8104
-7470
-6320
-5025
-4754
-6131
-8447
-10376
-10831
-9546
-7400
-5672
-4720
-2506
2362
8748
12576
11285
6258
1416
328
2759
6731
9300
9584
7535
4247
1028
-1591
-2927
-3990
-4975
-6065
-5990
-4084
-1245
1121
837
-1646
-5080
-6182
-4074
164
4422
7041
8446
8188
7490
6269
5373
4434
3535
2733
1745
1232
565
32
-1039
-2187
-3458
-4697
-5298
-5004
-3227
-621
2250
4459
5689
6356
6718
7289
7607
7311
6204
5019
4738
5121
5657
5521
4891
3813
2474
586
-1942
-4444
-6345
-7383
-8172
-8504
-8508
-8284
-8498
-9105
-9563
-9867
-10196
-10716
-10914
-10367
-9122
-8053
-8211
-9052
-7550
-2390
4894
9662
9955
7405
5460
6551
9358
12020
12637
11532
8965
5494
1785
-1483
-3306
-4168
-4379
-4854
-5349
-5588
-5909
-6183
-7023
-7643
-7804
-6231
-3084
740
4451
7325
9482
9961
9674
8924
8511
8095
7572
7112
6504
6037
4640
2211
-1115
-4078
-6338
-8180
-9301
-9563
-8149
-5416
-1902
860
1938
1844
1493
2309
4371
7373
9944
11620
12593
12731
12276
10829
8817
6112
3253
785
-1209
-2734
-4528
-6730
-9252
-10947
-11183
-10284
-9463
-9710
-10913
-12443
-13569
-14155
-14160
-13632
-12890
-12156
-9711
-4405
3087
8945
10205
8066
5508
5985
8848
11999
13124
12027
9762
6706
3944
1561
540
156
-318
-1455
-3488
-5186
-6721
-7537
-8394
-9337
-10052
-9720
-7194
-3469
184
2125
2839
3164
4261
6664
9457
11497
11410
10092
8622
8268
8859
9087
8106
5414
1896
-1899
-4883
-6752
-7577
-7512
-7059
-6192
-5678
-5202
-4787
-4252
-3412
-2129
214
3326
7075
10350
12354
12449
11079
9353
7806
7023
6472
5863
4521
2459
-113
-2992
-5315
-7290
-8912
-11127
-13372
-15223
-16598
-17395
-18277
-18638
-18998
-17620
-13092
-5486
2266
5872
5883
4487
5646
9385
13745
16547
16426
15187
12993
10860
8113
5287
3096
1417
329
-1594
-3719
-6540
-9242
-11508
-13129
-13391
-12803
-10667
-8367
-6275
-4570
-2413
536
3455
6301
8138
9571
10220
10908
11465
11746
12020
11820
11662
10386
7929
4018
58
-2903
-4687
-4832
-4381
-3802
-4492
-5766
-6768
-7043
-6356
-5149
-3033
-402
2867
5703
7213
7243
6256
5576
5144
5242
5413
5311
4574
3052
1624
343
-770
-2252
-3845
-5573
-7516
-9611
-11632
-13373
-15131
-16924
-18143
-16779
-12453
-6378
-2432
-1980
-3200
-2922
929
6454
11506
13952
14134
12969
11393
10148
8998
8555
7963
7110
5286
2602
146
-2489
-4633
-7060
-9455
-11766
-13145
-12861
-11722
-10388
-9413
-7889
-5719
-2767
166
2516
4350
5820
7496
9086
10829
12654
14476
15786
15113
12117
7437
3611
1737
1770
2427
2073
39
-3753
-7300
-9643
-10077
-9056
-7271
-4989
-2885
-600
1207
2501
3249
3989
5189
5991
6574
6719
6858
6533
5354
3614
1914
682
-346
-1609
-3733
-6723
-9949
-12703
-15039
-17409
-18778
-17061
-12548
-6998
-4204
-4395
-5534
-4824
-744
4750
9868
12795
13625
12899
11444
10008
8672
8064
7642
7199
5715
3099
504
-1881
-3260
-5059
-7073
-9201
-10310
-10126
-9530
-8867
-8414
-7205
-5820
-3831
-1571
723
2449
2997
3433
4286
6217
9055
11627
12951
12080
9685
6906
5209
5042
5774
5788
4251
1559
-1523
-4030
-5998
-7130
-7332
-6529
-5123
-3777
-2714
-2058
-1577
-952
345
2080
3647
4766
5170
4933
4058
3367
3233
3367
3099
1766
-495
-3337
-5519
-7056
-8827
-11556
-14374
-14009
-10459
-5287
-2928
-4144
-6517
-7126
-4057
512
5156
7831
8698
8240
7132
6662
6468
7042
7095
6623
5478
3705
2548
1347
815
-697
-2929
-5450
-7349
-8011
-8437
-8169
-7568
-6206
-5284
-4812
-4188
-3138
-1351
-35
1336
3054
6012
9735
12296
12827
11228
9090
6978
6010
6377
7385
7505
5614
2456
-1241
-4099
-5808
-6271
-5881
-5595
-5463
-5766
-5696
-5277
-4611
-3470
-2208
-771
285
1394
2387
3092
3714
4039
3904
3121
2352
1396
-350
-2560
-4603
-6040
-7844
-9195
-8410
-5513
-1986
-1406
-3437
-6242
-6773
-3789
711
4844
6648
6757
5787
5051
5223
6070
7442
7953
7741
6258
4282
2668
1119
295
-1295
-3295
-5925
-8037
-9271
-10279
-10749
-10408
-8596
-6472
-4676
-3739
-3261
-2381
-893
1630
5081
9141
12629
13886
13235
11819
10572
9273
8096
7245
6714
5700
3844
1140
-2104
-4846
-6273
-5890
-4513
-3634
-4133
-5746
-7267
-7378
-5935
-3872
-2354
-1763
-1590
-1503
-1393
-514
1060
2496
2620
1770
772
-191
-1279
-2732
-4333
-6380
-6953
-4800
-783
2222
1079
-2581
-5953
-5623
-1656
3209
6672
7169
6001
4055
3310
3913
5490
7188
7558
6920
5044
3188
1817
637
-57
-1497
-3172
-5216
-6349
-6929
-7798
-8614
-8959
-7695
-6106
-4265
-3004
-2442
-2320
-2113
-133
3368
7316
9417
8996
7730
7058
7708
8584
9045
8428
6936
5163
3542
2040
384
-876
-1607
-1578
-1251
-1344
-2268
-4102
-5688
-6536
-6479
-5797
-5098
-4684
-5213
-6019
-6078
-4693
-2778
-1605
-1369
-1718
-2007
-2283
-2801
-3522
-4212
-2933
499
4452
5927
3309
-689
-3274
-2147
1511
5147
7244
7058
5843
3757
2145
1488
2196
3980
5225
5671
4626
3062
1449
-25
-733
-1347
-1768
-2940
-4345
-5763
-7050
-7574
-7162
-5518
-3900
-2569
-1908
-1666
-1265
-364
1381
3308
5302
7103
8082
7947
6713
5432
4667
4705
5303
5861
5981
5013
3128
843
-693
-892
-166
744
527
-1049
-3294
-5063
-5953
-6193
-5782
-5051
-4420
-4343
-4346
-4462
-4788
-5266
-5512
-5549
-5397
-5096
-5278
-6168
-7741
-7140
-3659
1391
4902
4442
2147
227
1229
4348
7384
9303
9166
8182
6672
5875
5686
5843
6056
5381
4286
2403
800
-482
-1704
-2485
-3857
-5260
-6616
-7040
-6827
-6867
-6795
-6491
-5343
-4056
-2687
-1528
-303
1648
3435
4958
5566
6274
7157
7263
6898
5712
4563
3268
2321
2132
2139
2103
1419
515
-426
-785
-700
-565
-444
-783
-854
-954
-1104
-1669
-2607
-3153
-3176
-2409
-1525
-1085
-1561
-2547
-3442
-4337
-5266
-6025
-6625
-7276
-8633
-9174
-7327
-3247
1121
2077
68
-2632
-2571
1009
5862
9924
11158
10205
7753
5656
5232
6279
7965
8027
6826
4915
3307
2372
1001
-239
-2258
-4205
-6096
-7251
-7278
-7371
-7747
-8593
-8497
-7318
-5374
-2846
98
2970
4746
5196
5427
6349
7751
8478
7951
6637
5109
3781
2916
2582
2698
2352
1083
-1013
-3118
-4206
-4385
-3778
-3226
-2633
-2478
-2946
-3717
-4428
-4598
-4586
-3920
-2530
-905
-171
-368
-943
-1572
-2188
-3000
-3758
-4454
-5151
-5963
-5823
-3923
-567
1812
1290
-710
-1822
-5
3714
7034
8717
8473
7469
6152
5306
5431
6563
7787
7719
6309
3805
1584
193
-528
-797
-1729
-2999
-4877
-6440
-7298
-7705
-7661
-7179
-6016
-4574
-2069
758
3239
3649
2406
1438
1908
4597
7811
9596
8843
6018
3063
1296
1242
2073
2770
2336
861
-906
-2556
-3093
-3166
-2876
-2646
-2655
-2837
-3656
-4889
-6295
-6855
-6023
-4198
-2657
-2446
-3082
-4118
-4747
-5306
-5863
-6433
-6629
-6355
-5480
-3134
213
3614
4263
2482
250
183
3265
7508
10792
11390
9797
7339
5354
4785
5426
6632
6888
5799
3813
1651
390
-428
-670
-1265
-2498
-4276
-6095
-6823
-6651
-5944
-4993
-3716
-1729
493
2561
3533
3459
2791
2480
3525
5415
7615
8307
7022
4423
1670
33
-512
-250
303
370
-34
-1227
-2906
-4474
-5159
-4858
-4216
-3814
-4187
-4782
-5325
-5330
-4778
-4018
-2934
-2025
-1505
-1850
-2939
-4463
-5814
-6551
-6724
-6464
-6406
-5354
-3129
12
2105
1708
283
-686
888
4198
7765
10397
10857
10130
8203
6771
6218
6694
7606
7491
6461
4270
2280
528
-1037
-2116
-3356
-4401
-5799
-6800
-7047
-6659
-5303
-3523
-1166
763
2115
2471
2168
2258
3081
5040
7160
8919
9596
8706
7007
4909
3305
2223
1716
1505
1375
1171
259
-1493
-4009
-6290
-7682
-7924
-7433
-7226
-7461
-7995
-8259
-8007
-7526
-6527
-5205
-3864
-3305
-3754
-4570
-5175
-5324
-5248
-5161
-4060
-1313
2359
4884
4296
2093
190
361
2626
5638
8432
9729
9456
7721
5725
4585
4594
5356
5584
5149
3811
2101
770
-469
-1239
-2575
-4035
-5421
-6060
-5544
-4652
-3472
-2569
-1348
-190
859
1402
1384
1481
2078
3682
5598
6960
7545
7056
6106
4973
4223
3982
3962
3812
3173
2396
1787
1494
806
-779
-3125
-5522
-7017
-7307
-6871
-6509
-6765
-7414
-8173
-8661
-9000
-9016
-8941
-8702
-8239
-7763
-7057
-6530
-5242
-2868
540
3583
4708
4500
3996
4702
6315
8016
9533
10494
11113
10605
9304
7759
6702
6205
5324
4128
2549
1310
82
-1546
-3223
-4996
-6260
-7256
-7687
-7219
-6115
-4617
-3507
-2679
-2076
-1352
-673
-92
565
1453
2696
3918
4817
5336
5382
5213
4866
4351
3809
3269
2952
2744
2515
1972
1137
55
-950
-1720
-2458
-3220
-3913
-4334
-4497
-4721
-5258
-6081
-6952
-7758
-8417
-8827
-9033
-9216
-9749
-9268
-6957
-2914
964
2542
2423
1633
2005
3928
6831
9943
11974
12709
11916
10424
8968
8049
7835
7475
6932
5534
3748
2050
322
-1023
-2811
-4459
-5775
-6108
-5331
-4602
-4139
-4319
-4158
-3721
-2862
-1944
-1382
-998
-913
-616
-51
1233
3204
4807
5353
4390
2830
1672
1284
1493
1592
1539
1073
176
-1355
-2798
-3586
-3697
-3611
-3862
-4318
-4732
-4956
-5130
-5479
-5874
-6128
-6207
-6496
-7027
-7533
-7487
-5840
-3016
463
2532
2853
2041
1462
2368
4492
7445
9985
11456
11558
10449
9017
7721
7187
7079
6832
6437
5512
4561
3197
1642
-45
-1687
-3057
-4213
-4731
-4779
-4345
-3975
-3802
-3878
-4063
-4013
-3769
-3295
-2714
-2034
-1374
-659
411
1755
3063
3769
3591
2922
2206
1800
1807
2154
2611
2615
1755
236
-1208
-2024
-2367
-2753
-3537
-4195
-4583
-4878
-5727
-7248
-8766
-9650
-9770
-9649
-9582
-9439
-8050
-5485
-2285
52
1180
1600
1934
2732
4015
6092
8486
10421
11286
10877
10058
9233
8645
8118
7175
6430
5604
5236
4944
4488
3597
1750
-321
-2446
-3575
-3775
-3187
-2301
-1960
-2234
-3091
-3502
-3429
-2947
-2665
-2580
-2135
-1326
-24
1163
1832
2035
1776
1496
1227
1151
1398
1686
1776
1294
317
-831
-1631
-2011
-2195
-2603
-3202
-3697
-4040
-4352
-4839
-5519
-6070
-6482
-6872
-7336
-7874
-8238
-7996
-6614
-4085
-1077
828
1460
1149
881
1430
2653
4565
6541
8210
9017
8842
8128
7357
6778
6020
5274
4641
4352
4549
4543
4331
3355
1805
16
-1458
-1849
-1528
-771
-278
-118
-595
-1413
-2296
-2919
-3037
-3093
-2885
-2640
-1910
-674
521
1314
1329
926
460
224
430
927
1570
1943
1876
1269
415
-251
-672
-892
-1390
-1842
-2173
-2291
-2501
-3286
-4305
-5384
-6120
-6715
-7369
-7927
-8422
-8421
-7359
-5308
-2418
-160
1007
1032
558
611
1367
3061
4895
6509
7383
7615
7556
7359
7229
6644
5627
4497
3797
4105
4811
5263
4682
3093
1009
-992
-1978
-2097
-1406
-805
-448
-529
-902
-1238
-1859
-2335
-2825
-2821
-2307
-1423
-173
881
1576
1554
1107
500
-49
-405
-562
-355
-44
316
274
-154
-779
-1391
-1778
-2128
-2275
-2114
-1767
-1488
-1706
-2260
-2856
-3241
-3539
-4020
-4796
-5757
-6765
-7442
-6929
-5032
-2230
-14
893
677
94
-66
335
1289
2579
3967
5259
6151
6520
6326
5672
4749
3908
3582
3895
4747
5448
5412
4571
3246
2018
1007
290
-325
-793
-1135
-1198
-988
-713
-522
-786
-1485
-2515
-3291
-3303
-2519
-1165
201
1235
1621
1335
579
-217
-628
-642
-379
-35
482
1093
1570
1507
853
-177
-1212
-1888
-1980
-1606
-1029
-572
-647
-1264
-2294
-3342
-4117
-4524
-4595
-4497
-4532
-4805
-5072
-4777
-3742
-2372
-1313
-755
-405
-99
266
683
1262
2076
2920
3596
4062
4396
4740
4878
4655
4087
3570
3360
3572
4079
4538
4763
4405
3493
2184
751
-503
-1270
-1353
-935
-332
-21
-44
-466
-1174
-2068
-2897
-3171
-2626
-1419
-66
952
1314
1101
454
-380
-1150
-1509
-1284
-475
540
1311
1555
1226
487
-453
-1244
-1614
-1447
-805
22
669
696
20
-1209
-2533
-3559
-4105
-4098
-3783
-3475
-3552
-4313
-5505
-6429
-6553
-5561
-3878
-1905
-300
766
1176
1124
1044
1244
2049
3112
4259
5256
5901
6158
5973
5522
5050
4616
4258
4010
4164
4608
4900
4385
2853
903
-1010
-2294
-3000
-3034
-2549
-1771
-1129
-966
-1184
-1569
-1916
-2163
-2027
-1458
-377
885
1900
2303
1984
1210
341
-325
-562
-346
189
819
1205
1171
748
122
-420
-787
-912
-751
-345
76
172
-24
-485
-1077
-1682
-2266
-2667
-2800
-2785
-2792
-3092
-3650
-4365
-4969
-5281
-5157
-4580
-3722
-2735
-1801
-1013
-503
-198
31
506
1239
2121
2935
3568
4005
4326
4493
4420
4269
4100
4066
4019
3855
3480
2995
2577
2146
1530
678
-224
-1047
-1580
-1831
-1783
-1437
-937
-536
-403
-559
-748
-712
-425
59
594
1130
1506
1516
1141
636
291
233
448
721
890
828
562
292
24
-168
-465
-805
-1109
-1292
-1308
-1314
-1345
-1475
-1592
-1692
-1673
-1560
-1493
-1399
-1316
-1134
-935
-794
-724
-770
-921
-1171
-1559
-1941
-2093
-1901
-1455
-990
-701
-558
-497
-510
-508
-438
-176
219
645
1003
1317
1529
1618
1580
1463
1488
1603
1819
2004
2168
2334
2359
2141
1676
1250
994
811
499
106
-144
-91
205
505
693
611
335
-25
-370
-387
-92
372
730
834
700
482
106
-261
-535
-641
-545
-507
-446
-458
-563
-753
-1049
-1230
-1271
-1085
-792
-479
-80
326
562
626
574
573
635
773
946
1089
1130
974
597
84
-320
-692
-1012
-1420
-1954
-2517
-3138
-3602
-3842
-3875
-3695
-3302
-2818
-2366
-1961
-1618
-1413
-1220
-939
-377
374
1078
1564
1817
2038
2294
2583
2807
2985
3146
3190
3058
2851
2642
2472
2166
1678
1108
620
282
6
-137
-110
-43
28
-31
-186
-291
-431
-635
-854
-926
-723
-444
-216
-119
-102
-68
-16
7
89
236
394
497
596
760
988
1125
1080
939
741
748
783
966
1003
931
728
475
222
-52
-309
-675
-942
-1069
-1130
-1197
-1247
-1316
-1418
-1639
-1919
-2290
-2533
-2630
-2627
-2640
-2704
-2695
-2708
-2642
-2440
-2042
-1528
-971
-493
-174
177
582
1034
1436
1748
1880
1887
1867
1863
1824
1707
1598
1451
1295
1131
969
854
655
363
56
-271
-452
-581
-626
-603
-414
-102
87
124
24
-25
37
257
552
965
1421
1768
1835
1700
1563
1600
1743
1762
1714
1501
1199
969
704
575
469
256
-6
-431
-762
-874
-901
-747
-624
-603
-684
-794
-944
-1066
-1006
-895
-756
-619
-469
-232
-126
-37
-150
-228
-256
-319
-267
-223
-149
-147
-439
-706
-862
-902
-833
-816
-915
-1043
-1109
-1261
-1391
-1512
-1348
-1027
-714
-501
-470
-622
-866
-1027
-1068
-887
-442
33
271
306
31
-269
-310
-232
45
290
500
719
896
1106
1146
1171
1221
1244
1280
1262
1395
1630
1843
1884
1700
1428
1223
1144
1011
982
994
960
821
491
267
2
-89
-114
-190
-137
-217
-221
-258
-307
-261
-204
-166
-13
69
288
389
421
219
-5
-21
-34
88
224
357
325
299
55
-180
-413
-581
-549
-599
-551
-383
-445
-587
-829
-1219
-1460
-1552
-1503
-1457
-1265
-1077
-1115
-1171
-1278
-1431
-1511
-1474
-1266
-964
-688
-390
-261
-408
-578
-648
-665
-506
-155
-28
85
195
271
339
369
280
257
260
420
684
951
1174
1175
1057
799
635
744
1004
1347
1448
1285
1290
1260
1228
1266
1180
1048
1093
1099
936
783
662
666
639
710
638
529
459
205
2
-146
-339
-169
-78
61
128
-14
-222
-374
-442
-384
-260
-170
-17
-109
-138
-238
-306
-282
-365
-279
-241
-210
-233
-320
-406
-537
-598
-721
-850
-763
-781
-814
-870
-954
-972
-1099
-1106
-1243
-1304
-1206
-1176
-1058
-939
-918
-755
-745
-752
-583
-503
-397
-367
-262
-300
-181
26
175
361
577
685
612
585
558
464
473
661
862
1047
1299
1284
1246
1068
868
648
517
542
644
761
769
737
513
276
29
-117
-245
-190
-54
120
208
272
229
67
-14
-81
-47
-1
176
363
464
569
593
530
450
441
415
392
472
560
558
502
412
205
-39
-160
-225
-175
-185
-291
-459
-658
-847
-843
-922
-890
-935
-904
-778
-732
-671
-653
-735
-795
-779
-760
-583
-406
-238
-187
-179
-234
-277
-258
-243
-206
-269
-137
12
212
365
363
263
-15
-215
-292
-291
-121
86
165
128
95
25
-49
-95
-178
-330
-362
-197
137
377
463
524
279
-40
-198
-139
75
341
618
793
753
756
759
586
446
550
657
720
902
915
872
693
517
416
298
335
375
391
314
229
143
69
-11
-160
-177
-170
-188
-185
-315
-385
-477
-518
-437
-387
-308
-366
-359
-432
-472
-556
-585
-559
-570
-415
-273
-156
-174
-124
-213
-331
-423
-387
-242
-97
79
195
257
-28
-211
-428
-609
-634
-331
-198
54
123
-38
-166
-391
-562
-600
-371
-219
2
112
116
10
-87
-109
-53
147
287
369
444
387
291
154
250
341
355
442
525
537
548
601
520
350
234
213
262
381
547
529
386
213
62
-20
81
164
229
258
186
42
-104
-98
-151
-109
-121
-63
66
6
37
-62
-97
-140
-185
-150
-248
-126
-99
-78
-49
-52
-156
-265
-275
-277
-239
-181
-154
-93
-54
-110
-121
-248
-295
-276
-189
-207
-114
-4
-77
-59
-147
-291
-287
-176
-187
28
81
48
43
-113
-145
-181
-89
3
151
151
191
222
135
113
147
139
79
149
215
190
253
226
200
127
85
20
-10
6
-13
43
-42
-14
48
-14
0
-11
-132
-98
-101
-39
-47
-8
114
158
69
133
144
58
68
63
110
138
185
236
133
149
71
28
-4
-82
3
-33
-38
88
13
-64
-54
-122
-219
-204
-158
-188
-138
-203
-174
-149
-235
-218
-260
-156
-153
-74
-120
-193
-96
-104
-97
-62
13
-47
-8
23
-64
-24
19
95
76
128
210
89
108
101
96
64
104
156
178
198
35
17
-23
-86
-17
1
192
104
81
108
-134
76
-64
-62
96
106
96
97
131
31
72
28
171
141
149
193
79
121
37
83
125
177
296
129
119
44
-78
-91
6
12
-14
23
-57
-149
-157
-185
-154
-190
-149
-222
-131
-127
-132
-84
-192
-130
-188
-212
-201
-144
-151
-186
-180
-137
-139
-160
-56
-43
-121
-81
-174
-125
-167
-149
-42
-90
-25
86
14
-4
70
-25
-22
77
71
90
118
146
137
77
130
65
110
253
126
197
200
82
149
70
57
40
-41
121
42
80
208
91
57
72
66
-22
44
79
115
84
165
264
48
137
81
-58
68
50
81
165
-40
50
-115
-217
-4
-107
-89
-41
-39
-226
-138
-98
-196
-163
-117
-91
-110
-85
-17
-69
-43
-85
-101
75
-118
-50
-40
-104
4
-111
29
25
-38
24
-100
-77
-48
-79
-100
-106
27
-134
94
140
-127
123
-79
-80
31
75
109
87
143
-5
130
95
-14
84
-10
-59
33
103
62
155
74
-27
120
-18
-39
26
-1
41
82
137
33
101
15
-136
63
-19
-86
166
9
-5
24
-48
-65
-167
-57
-95
51
-39
-42
6
-91
16
-29
-6
-18
-81
-17
-67
-65
80
-23
-10
85
-68
54
133
-17
-63
71
11
-6
155
79
38
57
-28
9
34
-22
64
27
47
-57
46
-28
6
139
37
-38
-16
11
-63
39
44
21
-46
24
-109
-36
-34
-15
6
-57
24
-28
-115
-38
43
-88
-82
43
-80
-108
-5
-143
-25
-71
69
80
-82
104
-42
-93
-64
32
2
-34
124
18
56
99
-87
-6
-136
-157
27
-61
75
10
-12
-67
-68
-20
-111
67
64
-46
31
163
-45
54
14
-23
76
17
77
146
-81
139
125
-102
185
-26
-25
127
30
54
-43
81
25
-102
66
32
5
88
33
-25
31
-74
33
31
20
-37
33
-72
-47
88
-33
82
-6
-74
2
9
-87
-41
18
-83
-92
13
30
-7
-20
-47
-114
-109
-21
-34
89
-122
33
-26
-67
59
-81
-113
27
-13
-59
53
20
45
-70
98
1
24
-43
-19
68
-9
96
17
103
0
0
52
-45
-46
92
-72
60
107
-55
85
-175
-27
-5
-41
92
31
70
15
83
-78
-119
23
-110
82
151
-54
155
52
-34
63
-133
11
15
18
31
98
96
-131
108
-95
-93
-5
-80
71
-5
6
-25
27
-100
-46
-27
-6
-77
-74
16
-18
-16
-87
-35
5
-40
-83
53
-16
0
-20
-30
0
23
78
-3
143
-139
114
18
13
60
-47
43
-41
47
-47
77
30
-6
-45
-83
-32
43
-53
72
-15
-63
47
-30
76
-15
10
2
-106
46
70
29
72
43
-25
45
98
-10
-20
-45
-11
8
24
21
100
-77
62
18
-43
45
-31
-31
-13
-52
2
62
-32
-20
-93
-49
-12
-2
57
-17
-63
64
24
-14
9
-100
32
-70
58
32
38
12
-32
29
-33
-72
48
-83
-22
116
-58
154
2
-53
53
-52
28
46
-79
78
-20
4
146
-56
43
-29
-46
-42
45
-38
-18
45
-45
-32
-26
-21
-39
-31
-44
4
-93
9
14
4
41
19
-10
31
-42
12
15
-58
121
-56
45
-41
40
20
-88
39
-8
-58
40
57
-36
90
-39
-47
7
-66
42
57
-18
81
39
24
-2
-16
36
-95
6
77
-57
95
16
-117
25
-4
13
28
66
-6
-139
-13
30
-24
73
2
-20
-71
-46
15
1
51
-14
18
15
-54
15
45
-10
64
-26
-28
7
-36
18
26
-38
39
-9
-18
30
-26
18
-59
-14
48
-100
7
67
-112
69
-3
-42
79
-52
-2
33
-102
-32
-66
31
-42
61
97
-67
55
-1
-1
-16
-35
20
67
17
20
108
-30
29
15
-63
26
17
19
8
18
76
-63
70
5
-71
17
36
-6
-12
38
-28
-38
-8
-19
-6
7
-25
30
-2
-3
-19
-48
9
-50
10
3
18
-13
-33
28
0
13
-23
34
-8
-7
-18
-41
27
34
10
0
-57
0
16
8
-16
-31
-45
12
67
-20
10
9
-48
-9
28
11
16
-23
13
25
15
-6
18
3
-59
-7
-31
-30
-25
1
26
0
11
-4
-46
-1
-81
-11
83
-43
5
71
-11
48
24
-33
-24
-44
76
68
70
77
-24
18
7
-15
-58
-12
64
-32
71
16
30
-57
-73
21
-23
4
51
19
-44
47
-24
3
3
-35
-18
-35
-6
27
-65
6
17
-25
-22
48
-36
-24
-25
3
30
-43
36
-9
-51
3
64
-41
62
8
-10
18
-11
58
-38
-37
36
-18
-27
-25
-85
-12
-65
49
-1
-38
31
-73
35
-31
-29
40
32
-41
-36
108
-29
-3
102
-13
52
50
-28
20
-1
-12
35
49
33
-6
75
47
-20
20
-77
31
-13
-9
25
43
-42
12
26
-45
-1
-45
29
-20
-6
-11
3
-5
13
27
-23
-2
18
22
3
1
12
17
1
45
-3
-14
-54
-23
-53
-4
51
-42
41
-64
-66
7
-40
-33
-7
0
3
3
-79
7
-38
0
29
7
65
-55
-47
84
-61
-38
89
-32
-14
9
8
-12
6
-65
15
15
-63
39
43
-3
-13
9
-60
46
-8
-82
49
-27
-13
75
28
-12
-1
-3
75
39
8
-26
-16
60
26
44
75
-81
-9
26
-32
87
13
3
-13
34
8
25
10
-22
31
6
-10
11
3
3
43
-24
37
-105
68
-57
-36
55
-63
59
-31
1
-32
-58
-16
-40
-37
15
28
-21
0
6
-23
26
-44
-23
37
-81
85
18
-3
-20
-28
15
-7
72
-80
23
-9
-113
61
-39
32
-51
-16
16
11
80
-20
11
-59
-36
19
37
50
13
74
-48
6
16
-53
19
16
28
23
24
22
-8
25
-73
-27
-24
-36
138
0
83
-27
-15
26
-62
19
-16
1
-22
-14
10
-6
59
-22
-17
14
-35
-39
7
45
-48
13
22
4
-38
21
-13
-23
-10
16
-11
20
-27
5
9
-47
7
-4
-8
14
0
-20
37
-44
14
-3
0
-16
-33
0
6
-19
37
13
-42
35
-42
0
76
-22
-43
124
-56
-13
35
1
-37
1
-60
13
87
-86
119
-37
13
64
-79
53
-31
-20
41
39
11
3
34
-29
22
-47
-9
34
-41
56
-2
-1
74
-56
1
-35
0
59
-28
37
-11
-12
-16
-17
-47
-24
-8
5
13
-5
20
-30
-43
-22
22
-36
27
-38
-21
61
-31
18
7
-25
-5
9
8
-4
-1
18
-25
28
29
-12
9
21
-27
24
-56
-53
51
-1
9
51
0
24
-32
-49
28
6
-17
27
15
-4
19
-19
-94
42
-24
-25
123
-6
-23
2
-4
4
21
27
11
10
-13
33
40
28
-6
7
2
-49
-12
2
17
38
-37
-39
-3
9
-27
-25
-26
-19
-31
70
-33
5
29
-59
38
-48
16
-5
-53
62
28
9
21
-56
-11
18
11
12
-6
-18
-3
-8
-20
32
-13
-4
-10
-4
42
-26
10
-20
-15
-12
5
29
6
-19
-6
-41
12
9
8
68
5
-5
9
-24
-11
13
-54
8
16
-37
30
31
8
13
-15
18
-34
-20
21
-14
-20
46
-5
17
83
-78
70
-12
-37
39
-19
12
11
1
19
22
12
13
-46
-7
-2
-31
4
-20
-19
71
-13
-10
5
-46
19
-27
-26
12
31
-16
63
-25
-23
16
-46
2
15
-4
-14
14
-18
-4
-6
21
-21
-6
-34
-22
-15
31
-11
1
71
-51
31
29
0
-20
-55
42
2
-9
35
2
2
-28
18
3
13
1
-26
30
-25
9
15
-53
-21
-19
43
-5
-28
39
-21
8
3
-1
10
-22
-14
50
4
-33
56
-7
12
15
-26
-29
-42
17
34
18
27
-33
7
-14
-20
19
-3
-10
4
45
-2
25
24
-56
40
11
-48
30
-16
-25
34
18
-11
12
-22
-34
2
17
-37
35
-17
-50
46
12
7
15
18
-78
-1
26
-41
16
-17
-9
7
-8
6
16
29
-3
19
-7
-18
35
-26
-1
3
18
-4
-21
35
-36
30
29
-24
-2
-35
-28
10
-10
26
23
16
-32
-8
-19
-45
32
-9
16
8
16
6
8
-42
-54
2
-21
45
22
-24
28
-11
10
-12
-3
26
2
-2
13
0
-10
24
18
-4
-12
38
-8
14
46
-28
-34
3
-41
5
28
-21
23
9
-13
-20
48
-27
15
28
-41
48
-10
5
-13
-32
-8
-11
45
10
20
-5
-32
34
-12
-13
4
-22
-10
18
-8
-16
29
-2
5
-11
-42
-19
-25
6
-18
18
-2
-22
22
-4
5
-2
-60
-18
22
3
31
-3
-11
12
-37
20
20
16
28
-2
21
16
-30
5
45
-17
3
5
-21
21
-40
10
-4
-26
5
-27
15
22
-26
-10
40
-7
6
29
-20
11
11
-31
20
-5
-13
32
14
20
19
-32
-19
13
-6
18
-14
-19
14
-22
11
16
-5
-17
2
25
-27
-4
-15
-22
10
25
-15
11
-4
-6
22
-22
0
-4
-20
-2
10
11
6
-2
36
-3
-4
8
-19
4
-17
1
3
16
5
11
1
-35
2
25
11
-4
-4
-26
-28
-4
17
16
-5
-9
1
-3
-21
20
21
18
11
2
24
-18
-20
13
-43
-20
28
12
0
29
8
-53
26
-10
-10
4
-7
5
4
-5
3
2
-28
16
13
1
-10
1
-12
13
11
1
-23
-19
-13
11
10
12
9
-14
15
-9
2
-7
8
-15
13
-6
-20
5
22
13
-3
12
-14
-4
-5
-12
-18
13
16
-8
7
-11
-3
-6
-40
-12
-12
-6
18
19
-5
13
8
11
11
-10
-10
-25
17
42
15
22
-17
1
-1
4
-4
5
-15
0
34
6
0
0
-19
-20
-22
22
-8
10
-6
5
8
-25
13
-17
10
2
56
-11
-1
7
-43
31
-10
9
1
-4
33
-8
-26
-23
-10
11
-7
11
-4
2
12
16
5
-8
7
-24
7
4
0
13
-19
11
13
-1
4
10
-29
-8
5
-12
-1
3
12
-2
-25
-3
-7
-11
19
-9
4
-11
5
-9
-9
-14
-4
21
-22
16
-5
-10
-22
4
0
17
5
-12
20
1
6
19
5
-18
4
-5
8
5
2
-16
-1
21
-17
13
-3
-13
7
8
12
-3
5
15
5
16
-8
-18
2
-3
6
13
2
-6
-9
-8
-15
-8
-5
-5
3
-1
15
-3
18
-9
-12
-8
-19
-1
1
13
-10
4
11
8
19
-11
9
-8
-11
9
-8
-9
10
-7
-1
6
-1
4
-3
4
-12
-10
-10
1
1
6
0
8
13
2
6
3
-15
0
0
1
14
0
11
-1
5
9
6
-2
3
-2
-10
12
6
-2
-3
-11
-9
13
-4
1
2
-5
-7
0
1
-5
12
-10
1
-8
-7
-5
8
6
4
8
8
-3
-10
-1
-4
3
-15
9
3
2
4
6
-10
-1
-2
-14
11
2
-9
3
3
-5
2
-3
-5
-3
1
-1
-7
-2
2
-6
7
-1
-2
0
1
13
-1
-3
2
-7
5
2
11
5
0
9
-3
-6
5
2
-2
0
-7
-4
-1
-7
1
-3
2
1
-10
-7
1
-5
1
2
3
6
3
-1
4
-4
-4
10
13
0
8
0
-3
5
4
-5
5
0
0
1
-4
-3
-8
-12
-1
3
0
5
11
-4
9
-6
2
3
-6
7
1
0
-7
-3
-6
2
-3
-8
-2
-8
-5
2
-9
3
7
0
6
0
-10
2
-2
4
3
8
2
1
10
-3
0
11
-7
5
1
-4
2
1
0
-8
-1
-3
1
3
3
1
1
8
3
-6
1
-4
-9
2
-6
5
3
6
6
-1
-3
0
-1
0
2
-1
1
3
0
0
-4
-7
0
1
3
5
-3
-3
5
-5
8
1
1
-1
-4
-1
-5
0
3
5
7
4
-2
-1
-2
-6
-9
1
-6
-2
5
-3
3
-2
-2
3
1
-8
1
-1
-7
-4
-3
-7
-3
2
1
5
3
5
1
-1
0
-8
0
0
0
2
4
3
9
6
9
4
1
0
2
2
-2
3
-4
-1
2
-3
-3
-4
-3
-4
-2
0
-4
-1
-1
0
-2
0
-2
0
-1
4
2
2
0
-2
-3
-4
0
-7
0
0
1
4
3
2
1
0
-1
0
-3
-2
0
-2
-1
2
-1
0
-1
-3
-1
-1
-1
1
1
2
4
3
4
4
2
2
2
0
-1
-1
-2
0
2
3
6
2
4
1
0
0
-1
-1
-2
1
-1
0
0
-1
-2
-2
-2
-1
-3
0
0
1
0
3
1
-1
0
-1
1
0
2
1
2
1
4
3
1
0
-1
-1
-1
0
-2
0
-1
2
1
2
1
1
0
2
1
0
1
-1
-1
0
0
-3
-2
-2
-4
-3
-1
-1
-4
0
-2
0
-1
0
1
-1
1
1
-1
-2
-1
-2
-1
-1
2
1
1
1
1
-1
-4
-2
-5
-3
-2
-2
-1
-2
1
0
2
2
2
3
2
0
0
0
-2
-1
0
0
1
1
0
1
-1
1
-1
-2
-1
1
0
-1
1
-2
-4
-1
-2
-2
-2
0
1
0
2
2
2
0
3
3
1
3
3
3
1
4
2
2
1
2
1
0
2
2
0
-1
1
-1
-1
0
1
-1
-1
0
-1
0
0
1
-1
1
1
1
-1
0
-2
-2
-1
-1
0
0
2
0
1
-1
0
0
0
0
0
0
1
0
0
0
-1
-2
-1
0
-1
0
2
0
0
0
0
-1
0
1
0
1
1
1
0
-1
-1
-1
-2
-2
-1
0
-1
0
-2
-2
-2
-1
-2
-2
-1
0
0
1
2
0
0
-1
-1
-1
-2
-1
-1
0
1
0
-1
0
-2
-1
0
0
0
0
1
2
2
1
0
0
0
-1
1
0
0
0
1
0
0
0
-1
0
-1
1
1
1
1
1
-1
0
0
0
1
1
2
2
2
2
1
1
0
0
0
0
0
1
1
2
2
1
1
-1
-1
-2
-1
-1
-1
0
0
0
-1
-2
-3
-2
-2
-1
-1
0
0
1
0
0
0
0
1
0
0
0
1
0
1
0
0
0
-1
0
0
0
0
0
0
0
0
0
1
1
1
1
1
1
0
0
-1
0
-1
-1
0
-1
0
0
0
0
0
-1
0
-1
0
0
0
0
1
1
1
1
0
0
-1
0
0
0
1
0
0
-1
0
0
0
0
0
0
0
0
0
-1
-1
-1
-1
-1
-1
0
1
0
1
0
0
0
-1
0
0
0
1
1
1
0
0
1
0
0
0
0
0
1
1
0
1
1
0
0
0
0
0
0
0
1
1
0
0
0
1
0
0
0
0
0
0
0
1
1
0
1
0
0
0
1
0
-1
0
0
0
0
-1
0
0
0
-1
0
0
0
0
0
0
-1
0
0
-1
0
-1
0
0
-1
-1
0
0
0
0
1
0
0
0
0
0
0
0
0
0
0
0
0
-1
0
0
-1
0
0
0
0
-1
-1
0
0
0
0
-1
-1
0
-1
0
0
1
0
0
0
1
0
0
0
0
0
0
0
0
0
0
0
0
-1
0
0
0
-1
0
-1
0
0
0
0
0
0
0
-1
1
0
1
0
0
1
1
1
1
1
0
1
1
0
0
0
0
0
0
0
0
0
0
0
0
0
0
1
-1
0
0
0
0
0
0
0
-1
0
-1
0
0
0
0
0
-1
0
1
0
0
0
1
0
0
0
0
0
0
0
0
0
0
0
0
0
0
1
0
1
0
-1
-1
-1
0
0
0
0
0
0
0
-1
0
0
1
-1
-1
1
0
0
0
0
0
0
0
-1
0
0
0
0
0
0
0
0
0
0
0
0
0
0
0
0
0
0
0
0
0
0
1
1
1
0
0
0
1
0
0
-1
1
0
-1
0
0
-1
0
0
0
0
-1
0
0
0
0
1
-1
0
0
0
0
0
1
-1
0
0
0
0
0
0
-1
0
1
0
0
0
1
-1
0
0
0
-1
0
0
0
0
0
1
0
-1
0
0
0
-1
0
0
0
0
-1
-1
-1
0
0
0
0
0
0
0
0
0
1
0
-1
0
1
0
0
0
0
0
-1
0
0
0
0
0
0
-1
1
0
0
0
0
1
0
0
0
-1
0
1
0
0
0
0
0
1
0
0
0
0
-1
1
0
0
1
0
0
0
0
0
0
0
0
0
0
0
0
0
0
0
1
0
0
0
0
-1
1
0
-1
0
-1
0
0
0
0
0
0
0
0
-1
0
0
0
-1
0
0
1
1
0
0
0
0
-1
0
1
0
-1
0
0
0
0
-1
0
1
0
0
0
-1
-1
0
0
0
0
1
0
0
0
0
-1
0
0
0
0
0
0
0
0
0
0
-1
0
0
-1
0
0
0
0
0
0
0
0
0
0
0
1
0
0
0
0
-1
-1
0
-1
0
0
0
-1
0
0
0
0
1
1
-1
0
0
-1
-1
0
0
-1
0
0
0
0
0
-1
1
-1
0
0
0
0
0
0
0
0
0
0
1
0
0
-1
1
1
0
0
0
0
0
0
0
0
0
1
0
0
0
0
0
0
-1
0
0
-1
0
0
1
0
0
1
0
0
0
1
0
1
0
0
0
0
1
-1
0
0
0
1
0
-1
0
0
0
0
0
-1
0
0
0
0
1
0
0
1
0
0
0
1
0
0
0
0
0
1
0
0
0
0
0
0
0
1
0
0
0
0
-1
0
0
-1
-1
0
-1
0
0
0
1
0
0
0
0
-1
1
0
0
0
0
1
0
1
0
0
1
1
0
0
0
0
0
-1
0
0
0
-1
0
0
1
0
0
0
0
1
0
1
0
0
0
0
-1
0
0
0
0
0
-1
0
0
0
1
1
0
0
-1
0
0
1
0
0
-1
1
0
0
-1
0
-1
0
0
0
0
0
0
0
0
0
0
0
1
0
0
0
-1
0
1
0
0
1
-1
0
-1
-1
0
0
0
0
0
0
0
0
-1
0
-1
1
0
1
1
0
0
0
0
0
0
0
0
0
0
0
0
0
0
1
0
-1
0
0
0
0
0
0
-1
0
0
-1
0
0
0
0
0
0
0
1
1
0
0
0
0
0
0
0
-1
0
0
0
0
0
0
-1
-1
0
0
0
0
0
1
0
1
-1
0
0
-1
0
0
0
1
0
0
0
0
0
0
0
1
0
1
0
0
0
-1
-1
0
0
0
0
1
0
-1
0
0
0
0
1
0
-1
0
0
0
0
0
1
0
0
0
0
0
0
0
0
0
0
1
0
0
0
0
0
0
0
0
0
0
0
0
0
-1
-1
0
0
0
0
0
0
-1
0
0
-1
0
0
0
0
0
0
0
0
0
0
0
0
0
0
0
0
0
-1
0
0
1
0
0
-1
1
0
0
0
0
0
0
0
0
0
0
-1
1
0
0
-1
0
0
0
1
0
-1
0
0
0
0
0
0
0
1
-1
0
0
0
-1
-1
0
0
0
1
0
0
0
0
0
1
0
-1
-1
0
0
0
0
0
0
0
-1
0
-1
0
1
0
0
0
0
1
0
0
0
0
0
-1
-1
0
0
0
0
-1
0
1
0
1
0
0
0
0
-1
0
0
0
-1
0
0
0
0
0
0
0
0
-1
0
0
0
1
0
1
0
-1
0
1
0
0
-1
0
0
0
0
0
0
0
0
1
0
0
0
0
0
1
0
1
0
0
0
1
0
1
0
0
0
-1
0
0
0
0
0
0
0
0
0
-1
0
0
0
0
0
0
0
0
0
0
1
0
1
0
0
1
0
0
1
0
0
1
0
0
1
0
0
0
0
0
0
0
0
0
