0
0
0
0
0
0
0
0
0
0
0
-1
0
0
0
0
1
0
0
0
0
0
0
0
0
0
0
-1
1
-1
0
0
0
0
0
0
0
0
1
0
1
0
0
0
1
-1
0
0
0
0
0
0
0
0
0
0
-1
0
0
0
0
1
1
0
1
0
0
0
0
0
0
0
0
0
0
-1
-1
-1
-1
0
0
0
0
0
-1
0
0
0
0
0
-1
0
-1
0
1
0
0
1
0
0
-1
0
-1
0
0
0
-1
0
1
-1
0
0
0
0
-1
0
1
0
-1
1
1
0
1
-1
0
0
1
0
0
-1
1
0
0
1
0
0
0
0
1
0
0
0
0
1
0
-1
0
-1
0
1
0
1
-1
0
1
0
0
0
0
0
-1
0
0
0
0
0
0
0
0
0
0
-1
0
1
0
1
0
-1
0
0
1
0
0
0
0
0
0
-1
0
-1
0
0
0
0
0
0
0
1
0
1
0
0
0
0
0
-1
0
0
0
0
0
-1
0
0
0
0
0
0
1
0
0
0
0
1
0
0
0
0
0
0
0
0
0
-1
0
1
0
0
0
0
0
0
0
0
0
0
0
0
0
0
0
-1
1
0
0
0
-1
0
0
0
1
0
0
0
-1
0
0
0
0
1
1
0
1
0
0
-1
0
-1
0
0
0
0
0
0
0
0
0
0
0
0
0
1
0
0
0
0
0
0
0
0
0
0
0
0
0
0
0
0
0
0
1
0
0
0
1
0
0
0
0
0
0
0
0
1
1
0
0
1
0
0
0
0
0
1
0
0
-1
1
0
-1
-1
0
0
0
0
0
1
0
1
0
0
0
1
0
-1
0
-1
0
0
-1
0
0
0
-1
0
0
0
0
0
0
0
0
1
-1
0
0
0
0
-1
0
0
0
0
0
1
0
0
0
0
0
0
0
0
1
1
0
0
0
0
0
0
0
0
0
1
0
-1
0
0
0
0
0
0
0
0
0
0
1
0
1
0
1
0
0
0
0
0
0
0
0
0
0
0
0
-1
0
0
0
-1
0
-1
0
0
0
0
0
0
0
-1
1
0
1
0
0
0
0
1
0
0
-1
0
1
-1
0
0
0
0
0
0
0
0
0
0
0
0
0
1
-1
0
0
0
-1
0
0
0
-1
0
-1
0
0
0
0
0
-1
0
1
0
0
0
1
0
0
0
0
0
0
0
-1
0
0
0
0
0
0
1
0
1
0
-1
-1
-1
0
0
0
0
0
0
0
-1
0
0
1
-1
0
1
0
0
0
0
0
0
0
-1
0
0
0
0
0
0
0
0
0
0
0
0
0
0
0
-1
0
0
0
0
0
0
1
0
1
0
0
0
1
0
0
-1
1
0
-1
0
0
-1
0
0
0
0
-1
0
0
0
0
1
0
0
0
1
0
0
1
-1
0
0
0
0
0
0
-1
0
1
0
0
0
1
-1
0
0
0
0
0
0
0
-1
0
1
0
-1
0
0
-1
-1
0
0
0
0
-1
-1
-1
0
0
0
0
0
0
0
0
0
1
0
-1
0
1
0
0
0
0
0
-1
0
1
0
1
0
0
-1
1
0
0
0
0
0
0
0
0
-1
0
0
0
0
0
1
0
1
0
-1
0
0
0
0
0
-1
1
0
0
0
0
0
-1
1
-1
0
-1
0
0
0
0
0
1
0
0
-1
1
-1
0
1
-1
1
-1
0
1
0
0
0
0
0
0
-1
0
0
-1
-1
1
-2
3
-2
2
-1
1
0
-1
0
0
1
-3
2
-2
1
0
-1
0
1
1
-2
3
-3
0
1
-3
2
-2
1
0
2
-2
0
1
-3
4
-4
4
-3
2
-3
2
0
0
0
-1
1
-3
3
-4
3
-2
1
-3
5
-6
5
-3
0
3
-3
4
-4
5
-6
5
-6
5
-5
3
0
-2
3
-3
2
-3
6
-7
10
-10
8
-6
1
0
-2
2
-2
3
-4
4
-6
6
-7
7
-6
4
-2
0
2
-4
6
-7
5
-3
2
-1
0
-1
1
1
-1
1
-1
2
-2
3
-3
1
2
-5
7
-8
6
-4
3
-3
3
-4
4
-4
1
2
-4
8
-10
14
-15
14
-12
9
-6
4
-2
-1
3
-6
9
-11
12
-16
18
-17
15
-11
4
2
-7
11
-12
12
-12
11
-9
6
-3
3
-4
8
-11
12
-9
5
-1
1
-5
9
-9
4
6
-14
19
-18
16
-12
11
-11
13
-14
14
-12
7
-2
-2
5
-8
10
-12
13
-15
15
-15
16
-13
11
-6
0
7
-14
20
-23
24
-21
18
-11
6
-1
-2
7
-9
14
-16
17
-15
12
-11
9
-9
6
-4
-2
7
-9
9
-6
5
-9
17
-23
23
-17
7
-1
-3
3
-4
5
-6
5
-4
0
1
1
-6
14
-17
16
-12
6
-1
-2
5
-7
6
-7
9
-12
11
-7
2
0
2
-4
2
1
-3
1
3
-5
4
0
-3
5
-4
0
3
-5
7
-4
3
0
0
2
-5
7
-11
11
-7
1
3
-4
2
3
-5
2
3
-9
12
-10
6
-1
0
-4
10
-13
11
-3
-8
18
-26
31
-30
23
-9
-2
8
-6
-1
-1
13
-27
33
-30
21
-16
17
-16
9
1
-9
13
-16
20
-24
27
-26
25
-20
11
-3
-6
18
-32
41
-37
17
5
-18
21
-23
24
-21
5
18
-33
37
-33
25
-14
5
1
0
-7
7
0
-14
29
-47
64
-70
62
-38
11
11
-22
31
-39
52
-63
69
-64
44
-20
-4
17
-22
22
-22
24
-25
21
-17
15
-15
15
-10
3
2
-6
10
-13
12
-3
-3
3
6
-11
2
18
-34
35
-25
13
-2
-8
18
-19
10
2
-6
-3
14
-17
12
-7
8
-12
15
-19
20
-17
6
5
-9
0
9
-10
-5
22
-29
18
-1
-8
3
9
-14
8
3
-12
16
-19
22
-18
7
7
-14
11
-3
-6
14
-19
20
-16
8
3
-11
14
-9
-4
17
-22
15
1
-15
21
-18
9
3
-12
12
-6
1
1
1
-2
-5
17
-32
44
-43
28
-1
-24
37
-38
33
-32
32
-33
27
-17
1
16
-23
18
-2
-10
10
3
-14
15
-13
8
-4
-4
14
-20
20
-20
23
-29
24
-10
-9
25
-38
46
-42
26
-2
-13
13
-7
5
-8
7
-3
0
4
-8
14
-20
19
-11
-1
17
-32
36
-22
-1
13
-11
1
-2
10
-17
13
-5
-3
5
-7
11
-14
3
15
-35
45
-38
23
-7
-1
5
-13
25
-32
32
-29
26
-25
24
-22
19
-11
-2
23
-40
47
-44
34
-26
26
-32
42
-46
38
-15
-17
45
-55
49
-35
25
-25
29
-35
32
-14
-13
34
-33
11
11
-11
-16
49
-70
70
-58
42
-28
15
0
-12
22
-32
49
-65
72
-61
40
-23
24
-35
34
-7
-31
50
-30
-6
26
-18
1
4
1
-5
5
-11
20
-17
-5
38
-58
60
-58
62
-66
57
-31
-8
42
-56
50
-23
-3
10
13
-51
77
-74
46
-13
-12
27
-35
39
-37
25
-14
11
-24
39
-42
26
0
-14
7
9
-18
13
-2
-8
17
-24
31
-29
16
4
-14
10
1
-1
-24
61
-82
62
-10
-37
48
-22
-10
20
-5
-16
24
-20
16
-18
20
-18
11
-10
10
-6
-5
17
-20
12
-2
-4
-1
16
-35
43
-29
-8
46
-58
39
-5
-11
4
9
1
-42
100
-138
138
-107
60
-9
-35
59
-61
47
-42
55
-83
101
-93
64
-33
14
-7
-3
22
-46
60
-52
20
26
-58
53
-2
-66
98
-75
17
26
-32
21
-15
17
-12
-5
19
-11
-14
39
-47
33
-7
-20
39
-39
18
13
-34
28
2
-33
56
-69
73
-58
16
38
-65
42
5
-31
12
31
-62
69
-67
58
-37
6
18
-25
23
-24
23
-16
7
-12
32
-45
29
8
-45
66
-70
62
-36
-8
56
-83
75
-48
30
-38
54
-55
27
16
-52
63
-45
16
-2
20
-57
80
-62
13
32
-45
29
-13
15
-33
52
-56
40
-18
5
-5
14
-20
13
10
-34
38
-13
-28
54
-43
5
33
-53
53
-42
29
-16
10
-17
28
-24
3
16
-15
-4
14
-7
-13
29
-45
66
-92
99
-74
29
7
-20
15
-10
14
-15
10
0
-4
-7
31
-53
58
-36
-8
45
-43
-10
84
-125
106
-46
-14
44
-41
18
14
-38
35
-2
-32
37
-10
-20
18
13
-39
39
-17
-8
14
9
-58
111
-134
101
-25
-45
64
-29
-19
41
-26
-12
53
-81
89
-76
60
-64
94
-130
142
-121
82
-41
3
40
-90
138
-161
151
-113
69
-41
33
-22
6
13
-18
19
-28
39
-38
21
-7
5
-11
-1
35
-64
58
-18
-17
27
-24
28
-38
45
-55
79
-95
71
4
-62
67
-30
18
-46
81
-75
31
5
-13
-3
23
-46
69
-80
58
-1
-68
120
-143
133
-105
65
-25
-13
41
-74
102
-110
78
-19
-36
42
-23
24
-47
77
-70
42
9
-64
122
-148
97
2
-75
71
-13
-71
122
-130
90
-14
-56
70
-34
4
-24
82
-127
132
-116
108
-84
-3
137
-233
252
-153
42
37
-66
93
-108
109
-92
42
-18
-3
-7
30
-74
104
-108
64
11
-82
111
-87
45
-14
22
-69
144
-188
184
-109
5
62
-52
-11
53
-27
-67
166
-209
181
-99
28
-1
11
-48
42
-18
-11
28
-55
99
-146
173
-147
92
-38
12
-11
24
-26
7
38
-78
128
-143
118
-82
39
-12
-10
9
-2
7
-34
58
-43
4
58
-64
26
67
-138
143
-86
17
45
-74
70
-76
75
-57
17
64
-151
157
-99
-21
121
-189
201
-148
79
14
-67
93
-92
66
-31
-18
59
-97
87
-47
-9
65
-69
42
-17
24
-38
36
-18
20
-43
48
-29
11
-1
16
-24
-28
83
-102
74
-11
-54
89
-88
62
-13
-30
33
-16
-22
15
39
-94
94
-50
-30
79
-92
82
-53
23
20
-73
70
-42
-18
64
-87
72
-38
10
7
-6
14
-40
90
-116
77
3
-74
83
-68
26
-24
26
3
-25
56
-39
3
41
-40
20
18
-54
83
-48
-43
119
-148
143
-97
44
7
-42
59
-22
5
-9
56
-81
50
8
-76
62
-24
-21
29
-7
-17
39
-46
28
29
-80
92
-48
-39
97
-124
81
12
-83
136
-94
40
21
-19
-41
114
-137
83
-23
-5
38
-43
29
9
-29
-4
54
-101
78
-67
42
-63
90
-136
146
-111
28
61
-85
85
-47
41
-86
133
-188
154
-102
18
27
-2
-27
32
40
-76
114
-110
79
-83
78
-73
25
16
-73
113
-97
121
-90
49
11
-74
77
-81
47
-37
3
-2
8
16
-26
76
-79
54
8
-41
4
37
-77
29
29
-72
84
-59
113
-140
132
-100
76
-52
16
17
-75
115
-148
165
-182
189
-127
61
-25
41
-71
71
-42
-16
51
-111
185
-204
142
-45
-14
-10
50
-85
57
5
-52
70
-46
31
-22
52
-86
95
-89
20
35
-74
72
-34
28
-42
66
-83
113
-100
53
0
-56
77
-93
89
-84
60
5
-7
17
29
-73
99
-79
40
43
-119
128
-102
63
-29
20
-55
50
-70
-5
70
-101
77
-6
-9
-18
76
-65
45
8
-51
86
-77
45
4
-51
20
12
-10
-41
88
-94
42
33
-48
42
-15
-25
53
-49
-5
60
-113
101
-45
-53
87
-59
-27
114
-112
57
56
-87
103
-60
3
25
-51
12
10
-19
14
-16
0
28
-47
73
-42
-14
36
-59
33
-4
-4
-28
38
-26
0
23
-9
12
-45
80
-82
53
-1
-42
45
-40
11
-22
66
-109
119
-56
-7
60
-34
-19
29
7
-75
126
-139
121
-64
5
31
-35
-1
17
-10
-33
71
-74
75
-73
48
-18
5
2
0
-16
-10
36
-38
37
-15
7
10
-17
14
10
-14
24
-12
3
-22
29
-31
40
-43
27
-12
4
15
-8
3
-6
31
-71
73
-79
35
-10
-11
49
-61
47
-21
20
-15
36
-86
84
-83
37
6
4
4
17
34
-44
67
-67
40
-29
3
-18
31
-74
76
-56
27
-21
32
-57
77
-87
39
46
-90
98
-24
9
-40
87
-103
92
-80
43
-47
37
-25
-7
43
-48
59
-33
7
21
-57
33
9
-70
74
-55
7
15
-8
18
22
-13
1
22
-18
4
13
-39
11
-17
-2
25
-23
-30
63
-65
67
6
-26
46
-22
0
4
-5
-48
90
-127
79
-8
-67
112
-94
52
-19
1
4
4
-32
39
-38
6
8
-30
61
-80
98
-53
3
48
-49
29
-5
-7
-12
10
-25
2
35
-44
56
-10
-16
25
-38
14
-13
8
-4
5
-16
8
32
-79
85
-70
58
-39
44
-38
33
-8
-33
83
-116
91
-54
11
-29
57
-117
158
-164
101
10
-111
191
-159
92
-14
-15
7
10
40
-101
109
-77
-19
83
-72
45
9
-32
28
-26
19
21
-36
52
-75
69
-42
18
12
-30
25
-21
26
-13
0
-1
26
-69
91
-74
51
-11
-32
73
-76
57
-27
-6
-4
11
-25
-7
20
-14
-18
52
-22
11
-33
58
-64
14
4
-26
14
-48
63
-65
53
7
-11
37
-1
19
-32
80
-121
109
-99
14
64
-129
104
-55
-12
79
-80
87
-33
25
-15
18
-16
-40
21
-13
-29
40
-44
35
16
-78
133
-128
72
0
-12
0
18
-55
75
-82
39
9
-77
84
-42
20
0
0
-16
-28
36
-45
63
-56
106
-82
6
83
-93
101
-40
4
-17
21
-35
57
-66
34
-41
-16
48
-45
-21
59
-94
31
65
-95
123
-71
-5
53
-29
38
6
-26
-8
-24
35
-7
-41
108
-123
79
-18
-22
65
-84
71
-86
59
-2
-34
83
-103
34
18
-40
43
16
-44
83
-88
84
-63
23
18
-76
71
-66
23
21
-2
-25
50
-48
49
-16
1
10
-37
-8
41
-69
73
-12
30
16
-26
72
-121
140
-66
-56
64
-136
23
37
-75
95
-16
-45
109
-107
95
-16
-13
-45
64
-105
93
-36
-10
45
-54
30
60
-67
31
16
-87
121
-142
80
-57
-15
-28
97
-144
129
-14
-111
211
-145
93
-36
-74
42
-29
-34
43
-61
-28
139
-150
169
-35
37
42
-41
54
-65
69
-69
33
-75
58
-76
85
-57
111
-78
63
24
-65
101
-111
63
-114
57
49
-29
79
-13
-3
20
2
33
-82
12
-49
-21
12
67
-66
102
-83
48
35
-60
-1
-72
-119
-19
-44
-55
29
-62
49
39
107
34
136
-27
11
0
-69
26
-163
-15
-105
-59
113
-57
133
68
19
68
31
-17
40
-135
57
-142
19
-17
-6
-7
40
45
6
133
-53
167
-64
93
-42
32
2
-61
74
-166
47
-103
-36
25
-83
56
-9
11
16
66
-56
118
-180
124
-103
48
24
-100
154
-113
74
57
-33
80
-22
23
20
-24
11
-39
0
-83
77
-153
65
0
-76
115
-73
50
14
-24
49
-35
41
-79
-10
4
-50
105
-17
73
23
36
19
37
-25
-102
-57
-127
-42
-101
-37
-68
30
8
108
13
141
-2
13
26
-110
42
-98
-58
1
-44
34
65
27
112
51
27
75
5
-14
-70
-49
-88
-163
69
-154
-40
171
-189
241
-4
64
190
-16
154
0
74
-20
26
-14
56
-36
-36
53
-88
53
-51
-33
-39
-111
-71
-55
-169
-71
-58
-117
14
127
-42
69
137
-95
130
-57
13
-154
-32
-170
-111
-51
-180
-2
-113
-38
-113
-12
-136
-88
-254
-161
-256
-182
-218
-69
8
-32
242
101
227
141
271
171
207
240
60
173
186
143
256
205
195
217
147
254
170
180
191
54
90
28
47
51
43
48
99
64
129
20
-39
-79
-131
-274
-253
-277
-249
-240
-309
-229
-285
-227
-185
-247
-267
-303
-198
-346
-179
-169
-215
81
-5
116
164
132
288
161
222
248
-10
263
-54
120
88
13
112
-2
135
-45
39
-216
-29
-249
-235
-196
-367
-312
-289
-316
-149
-92
-196
37
-100
85
107
126
137
212
151
285
279
334
286
236
277
235
421
333
502
416
532
595
538
740
421
547
461
211
368
210
156
100
141
-73
38
-14
-280
-194
-392
-443
-363
-372
-299
-360
-276
-185
-251
-61
-222
-218
-263
-436
-347
-470
-439
-625
-527
-624
-582
-527
-670
-677
-734
-732
-810
-781
-905
-834
-739
-675
-412
-228
-48
321
506
684
793
833
782
695
570
330
278
159
39
-22
-19
-14
72
169
190
193
240
149
165
146
95
144
291
352
406
737
707
951
1021
1027
1147
1125
1008
946
910
726
689
452
266
214
106
-32
11
-164
-65
-100
-130
46
-58
124
192
232
408
473
679
684
776
809
760
642
355
4
-375
-768
-1299
-1767
-2149
-2583
-2813
-3089
-3394
-3612
-4004
-4231
-4401
-4465
-4622
-4807
-5001
-4702
-4079
-2854
-1627
-291
1208
2955
4842
6478
7716
8355
8413
7956
7211
6141
4923
3452
1936
525
-499
-1000
-1180
-1293
-1448
-1625
-1580
-1559
-1480
-1633
-1955
-2292
-2351
-2175
-1645
-929
-57
854
1887
2797
3739
4466
4813
4670
4013
3123
2203
1299
418
-482
-1236
-1737
-1831
-1577
-1156
-785
-493
-205
-4
293
435
535
520
462
470
628
924
1161
1234
1058
752
375
-181
-970
-2074
-3232
-4451
-5522
-6357
-7070
-7659
-8363
-8942
-9290
-9405
-9391
-9394
-9659
-9695
-8800
-6819
-4264
-1711
904
3897
7348
10748
13530
15137
15731
15340
14191
12563
10544
7975
5109
2161
-222
-1765
-2542
-3017
-3378
-3777
-3945
-4046
-4044
-4288
-5040
-6000
-6634
-6709
-6073
-4980
-3367
-1198
1242
3878
6588
9437
12003
13607
13876
13205
12142
10580
8306
5513
2389
-559
-2841
-4217
-4759
-4892
-4786
-4376
-3529
-2366
-1252
-354
94
155
201
547
1143
1786
2246
2487
2714
3051
3407
3363
2557
1177
-636
-2647
-4728
-6684
-8554
-10380
-12005
-13195
-13996
-14389
-14706
-14782
-14798
-14769
-14729
-14754
-13765
-11391
-7573
-3499
743
5197
10314
15552
19898
22561
23240
22164
19957
16988
13474
9288
4608
89
-3593
-5834
-6593
-6572
-6418
-6187
-5873
-5284
-4868
-4794
-5542
-6894
-8365
-8963
-8435
-6787
-4279
-1074
2524
6482
10536
14392
17511
19300
19205
17656
15168
12162
8678
4878
759
-3416
-6676
-8252
-8392
-8003
-7493
-6662
-5237
-3219
-1004
831
2175
2967
3765
4879
6280
7616
8484
8766
8570
8303
7872
6829
4943
2287
-702
-3597
-6211
-8445
-10551
-12515
-14125
-15145
-15647
-15880
-16296
-16889
-17549
-17973
-18069
-17860
-17720
-17525
-15746
-11655
-5356
1319
7865
13996
20253
25765
29791
30938
29349
25070
19398
13077
6743
500
-5669
-10938
-14491
-15309
-14269
-11987
-9697
-7501
-5930
-4359
-3314
-2868
-3859
-5495
-6983
-7002
-5341
-1977
2584
7704
12963
17988
22400
25561
26799
25380
21065
14441
6990
-301
-6908
-12890
-17815
-21035
-21419
-18770
-13918
-8468
-3290
1240
5339
8993
11927
13382
13201
12040
10773
10226
10313
10536
10377
9717
8637
7465
6011
3860
589
-3665
-8139
-11896
-14634
-16361
-17494
-18078
-17992
-17074
-15437
-13554
-12135
-11598
-11697
-11974
-11796
-11451
-11223
-11670
-11489
-8941
-3601
2975
8982
14000
18378
22515
25550
26638
24432
19457
12391
5412
-1001
-6345
-11474
-15607
-18236
-18202
-15728
-11636
-7240
-3618
-902
973
2511
3295
3184
1440
-459
-1510
-385
2323
6551
11125
15629
19122
21543
22605
21938
18787
12738
4426
-4629
-12576
-18652
-22656
-24780
-24755
-22173
-16646
-8502
555
8175
13522
17129
19653
21008
20646
18413
14899
11068
8261
6966
6648
6381
5698
4644
3461
2107
315
-2289
-6025
-10306
-13940
-16178
-17088
-16935
-16110
-14852
-13055
-10751
-8250
-6232
-5166
-5300
-6390
-7834
-8726
-9322
-10147
-11916
-13374
-12293
-7730
-1306
4397
8708
12294
16386
20163
22407
21162
16649
9879
3563
-1452
-5247
-9239
-13023
-15584
-15545
-12525
-7776
-2893
478
2726
4082
5797
7012
7090
5043
2367
638
1307
3910
7503
11083
13897
15666
16287
15901
13846
9501
2402
-6155
-14449
-20700
-24353
-25382
-24000
-20653
-15238
-7142
3323
13352
20420
23940
25233
25084
23607
20433
15462
9589
4315
1352
612
1108
1608
1850
1744
1412
882
-320
-2877
-6709
-10753
-13891
-15511
-15649
-14677
-13268
-11283
-8598
-5395
-2540
-838
-524
-1570
-3582
-6005
-8244
-10441
-12758
-15575
-18337
-18711
-14939
-8113
-1360
4188
9051
14672
20376
24823
25413
21763
14724
7268
1226
-3702
-8724
-14181
-18158
-19133
-15974
-10355
-3963
703
4146
6612
9375
11492
12030
9630
5194
1597
781
2521
4878
7273
8962
10398
11187
11479
10019
6231
-333
-8202
-15257
-20065
-22427
-22597
-20319
-15842
-9000
-93
10303
19946
26338
28547
27956
25925
22466
16988
9901
2563
-3212
-6277
-6353
-4644
-2583
-756
1023
2602
3430
2925
691
-3059
-7378
-10870
-13011
-13563
-12937
-11553
-9397
-6253
-2523
415
1815
1509
48
-2542
-5909
-9684
-13471
-16885
-19850
-22203
-24038
-23217
-18313
-9682
-682
7369
14329
21359
27554
31919
31860
26732
17905
8287
307
-6479
-12850
-19173
-23205
-23674
-18960
-11517
-3399
2444
6731
10007
13208
15204
14339
10038
3651
-1172
-2763
-1353
618
2885
4976
7526
9712
11038
10077
6218
-229
-7532
-13769
-17974
-20273
-20798
-18424
-12493
-4157
4867
14485
23393
29048
29944
27664
23636
17986
10345
2013
-5126
-9748
-11306
-9628
-5715
-1161
2938
6273
8528
9186
7911
4373
-931
-6596
-11140
-14193
-15457
-14716
-12329
-9155
-5227
-689
2942
4140
3043
707
-2416
-6582
-11466
-16164
-20044
-22458
-23090
-22557
-22069
-19840
-13548
-3197
7885
16719
22408
26585
30367
32590
30597
22960
11597
-218
-9265
-15589
-20101
-23891
-25724
-23924
-17045
-7093
2531
9118
12882
15158
16755
17135
14618
8695
1217
-4069
-5308
-3396
-652
2154
4950
8094
10698
11696
9804
5002
-1934
-9261
-15413
-19351
-21015
-20611
-17490
-10550
-597
9542
18446
25997
30676
30618
26607
20667
13409
4754
-4121
-10976
-14291
-14163
-10937
-5486
334
5051
8702
11104
11465
9232
4475
-1946
-8049
-12219
-14424
-15332
-14570
-11603
-7177
-2323
2432
6151
7230
5570
2628
-780
-4984
-10188
-15309
-19376
-21641
-22100
-21178
-20021
-18609
-14472
-6362
3968
12997
19450
23428
26581
28674
28298
23022
13413
1930
-7930
-14667
-18904
-21769
-23317
-22160
-16939
-7947
1725
9383
13980
16376
17315
17155
14971
10001
2970
-3319
-6208
-5352
-2808
73
3192
6675
9622
10901
9546
5616
-175
-6724
-12752
-17202
-19346
-19021
-15936
-10269
-2865
5007
12965
20174
25222
26960
25315
20864
14794
8447
2292
-3945
-9487
-12414
-11507
-7875
-3599
204
3306
5618
7070
7625
6540
3275
-1286
-5278
-7645
-8657
-9206
-9551
-8983
-6748
-3247
-43
1992
3117
3475
2675
813
-1675
-4807
-8685
-12999
-16573
-18832
-19934
-20547
-20641
-20588
-18605
-12352
-2066
8567
16844
22460
26360
29517
30880
28216
19750
7059
-6179
-15333
-19816
-21727
-23173
-23000
-19140
-10085
2092
12916
19041
20328
18853
16770
14520
10335
2753
-6740
-13395
-13658
-8597
-2219
3189
7252
10660
12995
13648
11210
5406
-3288
-12401
-19211
-21804
-20590
-17017
-11974
-5475
2520
11093
18868
24317
26570
24812
20258
15101
10394
5419
-317
-5794
-9447
-10223
-8392
-5262
-2466
-906
19
1307
3161
4353
3760
1451
-1143
-2669
-2845
-2704
-3106
-3884
-4282
-3614
-1882
169
1234
1105
318
-399
-1247
-2937
-6034
-9914
-13600
-16429
-18312
-19266
-19431
-18998
-18191
-17320
-14499
-7323
3321
13366
20547
25143
28327
30251
29958
25400
15513
2470
-9765
-17276
-20110
-20521
-20451
-18685
-13621
-4630
5656
13348
16172
14739
11458
8135
5236
1357
-4406
-10373
-12583
-8754
-1038
6713
12343
15752
17228
16686
13753
7786
-785
-10612
-19154
-24232
-24627
-21330
-15563
-8323
-185
7964
15209
20567
23210
22597
19331
14503
9089
4290
686
-2592
-5752
-7566
-6989
-4518
-1547
919
2654
3980
5146
6292
6891
5896
3283
318
-1930
-3528
-4811
-6205
-7511
-7926
-6651
-4485
-2471
-914
178
561
259
-193
-1628
-4702
-8826
-12446
-15133
-16659
-17443
-17374
-16540
-14669
-12657
-10095
-4757
3800
12853
19218
22729
24073
24512
23389
19813
12211
1743
-9044
-16008
-17994
-16929
-15626
-14123
-10721
-4411
3690
10439
13412
12466
9543
6781
5065
3413
377
-3987
-6768
-5246
221
6434
10986
12751
12104
9518
5816
739
-5620
-13019
-19944
-24295
-24039
-19102
-11328
-2916
4552
10912
16389
21062
23636
22825
18444
12403
7066
3497
1318
-434
-2468
-4487
-4658
-2184
1263
3223
3287
2587
2249
2679
3324
2818
667
-2147
-4065
-4557
-4178
-4050
-4450
-4919
-4292
-2331
70
1467
1314
168
-1370
-2669
-4063
-6381
-10176
-13940
-16318
-16496
-15364
-13783
-12497
-11257
-10328
-9515
-6617
-433
7187
13061
16628
18456
20084
21168
20308
15349
6780
-3331
-10913
-13768
-13232
-12479
-12200
-10709
-6357
666
7729
11790
11566
8648
5610
4072
3080
635
-3719
-7445
-7392
-2818
3392
8275
10350
9930
7697
4404
-25
-5499
-11667
-17282
-20470
-19569
-14466
-6663
1895
9124
14288
17604
19740
20380
18897
14777
9049
3756
536
-509
-609
-1041
-2194
-2655
-1186
1707
3887
4265
3495
3008
3590
4771
5044
3522
797
-1795
-3275
-3820
-4366
-5528
-6876
-7162
-5897
-3723
-1913
-1299
-1778
-2535
-2991
-3474
-4822
-7332
-10161
-11994
-12372
-11728
-11018
-10800
-11072
-11157
-11297
-11230
-8748
-2547
5432
12256
17077
20482
23250
24519
22948
17052
7652
-2897
-10707
-14118
-14428
-14178
-13528
-11426
-6518
562
6999
9735
8376
4889
1892
504
-486
-2737
-5971
-7252
-4382
2090
8771
13052
13794
11975
8314
3807
-1759
-7764
-13666
-17746
-18498
-15112
-8383
-169
7277
12386
15378
16730
16869
15662
13155
8963
4000
220
-888
-65
740
338
-622
-657
1181
3922
5666
5641
4869
4607
4905
5029
3709
405
-4034
-7885
-10000
-10669
-11074
-11465
-10864
-8361
-4378
-109
3014
4269
4150
3559
2417
300
-3095
-7312
-11104
-13404
-14291
-14360
-14159
-13879
-13319
-12249
-11834
-11806
-9051
-1855
7521
15279
20152
22651
24372
25179
23273
16616
5950
-5924
-14574
-17738
-16826
-15216
-14128
-12220
-7626
-331
6266
8783
6813
2846
-147
-587
517
982
77
-395
1840
7405
13501
16981
16048
11522
5199
-1010
-6231
-10596
-14345
-16690
-16081
-11397
-3559
4791
10944
13682
13855
12786
11580
10211
8311
5459
2549
1142
2101
4474
6138
5487
3194
1386
1073
1569
1755
1025
-471
-1493
-1304
-508
-690
-2511
-5442
-8043
-8980
-8115
-6586
-5269
-4025
-1992
865
3687
5270
4996
3212
829
-1409
-3908
-6848
-10033
-12413
-13829
-14208
-13892
-13264
-12618
-11811
-11228
-11721
-11051
-6111
3226
13178
20327
23649
24581
24561
23146
18064
8228
-4852
-16704
-22730
-22189
-17986
-13600
-10094
-6226
-155
6744
11063
10647
6450
1414
-1331
-853
802
1670
1957
3256
6493
10879
14067
14028
10516
4809
-1431
-6426
-9541
-10987
-11368
-10547
-8137
-3932
1393
6071
8437
8097
6135
4211
3913
5283
6904
7629
7654
7919
9017
9806
8482
4613
-109
-3770
-5155
-4767
-3891
-3331
-2899
-2109
-873
415
712
-563
-2828
-4592
-4887
-3861
-2515
-1561
-785
287
1593
2592
2690
1672
-29
-2084
-4359
-6745
-8962
-10843
-12172
-12803
-12802
-12323
-11662
-10942
-10295
-10300
-11435
-11057
-5791
4043
14006
20208
22031
21322
19941
17471
11690
2252
-9010
-17463
-19138
-14200
-6818
-1013
2008
3746
6096
8158
7769
3993
-1609
-6057
-6712
-3589
809
4118
6088
7724
10121
12499
13459
11899
8176
3246
-1554
-4938
-6443
-6582
-6429
-6360
-6246
-5221
-3050
-596
769
791
345
982
3672
7756
11215
12619
11851
10010
8525
6896
3893
-434
-4498
-6853
-6570
-4148
-1537
-13
739
1203
1792
2339
2189
890
-1052
-2546
-2971
-2344
-1807
-1917
-2166
-2003
-1523
-1057
-1082
-1907
-3065
-4336
-6042
-7927
-9331
-10291
-10757
-10697
-10206
-9764
-9550
-9503
-9660
-10644
-12633
-12282
-6312
4105
13901
19570
20802
19749
18298
15882
10401
1690
-7772
-13766
-13249
-7402
-793
2905
3218
2302
2176
2380
1243
-1589
-4738
-6034
-3800
1142
5923
8456
8911
8681
8916
9440
9407
8145
5739
2443
-1026
-3813
-5284
-6109
-7182
-8785
-10268
-10365
-8292
-4895
-1695
667
2327
4365
7623
11481
14116
14423
12348
9542
7621
6318
4172
1133
-1958
-4006
-4196
-3079
-2092
-1636
-1392
-1120
-351
826
1692
1609
621
-788
-1599
-1795
-2194
-2580
-2311
-1665
-1122
-845
-1055
-1797
-2829
-4490
-6797
-8822
-10008
-10463
-10290
-10074
-10175
-10520
-10991
-11457
-11702
-12408
-13427
-11135
-2889
9017
19270
24464
24466
21934
19022
15032
8426
-258
-8606
-12917
-11107
-5003
1140
4113
3295
945
-617
-1403
-2574
-4227
-5346
-4705
-1489
3240
7090
8600
7989
6444
5411
5317
5791
6100
5762
4144
1623
-953
-3186
-5342
-7844
-10782
-13336
-13575
-10726
-5900
-905
2923
5223
7070
9410
11847
13346
12973
10858
8728
7891
7514
6330
4049
842
-2386
-4337
-4818
-4635
-4103
-3254
-2209
-788
807
1857
1616
113
-1966
-3457
-3932
-3657
-2486
-659
728
1082
477
-1032
-3106
-5358
-8012
-10645
-12119
-11987
-10713
-8959
-7792
-7766
-8496
-9487
-10301
-10470
-10486
-10937
-8726
-1099
10315
20503
25385
24469
20408
16014
11257
5232
-1660
-8065
-11292
-9398
-3547
2380
5234
3859
160
-2834
-4547
-5336
-5574
-5071
-3658
-614
3635
6978
8092
6993
5101
4268
4998
6612
8205
9042
8004
5069
929
-3601
-7660
-10905
-13393
-14743
-13591
-9857
-4624
647
4488
6229
6610
7122
8533
10826
12865
13603
13558
13452
12987
11078
6946
1058
-4618
-8371
-10000
-9395
-7118
-4335
-2017
-358
483
378
-672
-2517
-4311
-4866
-3770
-1390
1667
4457
5781
4690
1559
-2355
-5850
-8552
-10406
-11373
-11176
-9626
-7369
-5658
-5662
-7313
-9725
-11783
-12497
-11925
-11044
-10637
-7839
176
11677
21314
24765
22279
17173
12617
8631
4063
-1057
-5811
-7585
-5112
175
4813
5845
2474
-2953
-6813
-8478
-8419
-7260
-5384
-2950
262
3607
5312
4934
3177
1687
2306
4981
8824
12445
14589
13640
9428
3034
-4089
-9930
-13657
-15406
-15487
-13313
-9075
-3798
937
3551
3633
2722
2989
5703
10286
14815
17526
18264
17436
15027
10661
4254
-2692
-8140
-10787
-10601
-7871
-3899
-706
492
-402
-2482
-4617
-5899
-6233
-5460
-3292
-119
3306
6112
7349
6058
2136
-2944
-7121
-9102
-8966
-7809
-6410
-5261
-4387
-4178
-5009
-7343
-10611
-13497
-14807
-14237
-12560
-11026
-9236
-3965
5299
15419
21510
21910
18238
13853
10676
7967
4929
1265
-1831
-2186
233
3394
4352
1737
-3834
-9236
-11853
-11532
-8953
-5650
-2791
-570
1412
2557
2271
1295
737
2134
5904
11129
16541
20113
19852
14723
6314
-2865
-10040
-13816
-14907
-14355
-12543
-9297
-5270
-1758
-251
-1231
-3096
-3154
460
7408
15028
20500
22374
21186
17619
12182
5684
-649
-5490
-8075
-7858
-5414
-2182
-4
-380
-3206
-6860
-9369
-9614
-7782
-4730
-1230
2219
4700
5742
5372
3475
166
-3591
-6321
-6884
-5220
-2959
-1885
-2507
-4070
-5892
-7769
-10056
-12753
-14920
-15843
-15387
-13854
-12256
-11005
-7352
518
10777
18902
22142
20594
16743
13194
10452
7671
4382
1066
-714
-141
1765
2685
900
-3852
-9462
-12991
-13176
-10276
-6090
-2623
-843
-116
59
-315
-721
0
2584
7182
12789
18383
22381
22678
17731
8726
-972
-8211
-11605
-12097
-11527
-10725
-9516
-7938
-6669
-6466
-7449
-8329
-6725
-1447
6933
15861
22188
24349
22841
18687
12684
6671
1949
-1346
-3104
-3130
-1964
-749
-657
-2617
-6210
-9848
-11874
-11297
-8549
-5018
-1586
1173
2383
2097
1081
-337
-1787
-2690
-2854
-2385
-837
974
1497
10
-2831
-5737
-8203
-10377
-12309
-13827
-14680
-15311
-15575
-15886
-14992
-9721
-85
10715
17777
20433
19058
16260
13422
10917
8643
6369
4759
4320
5229
6025
5012
1199
-4961
-10639
-13741
-13225
-9839
-5454
-2310
-1440
-2003
-3564
-5285
-5889
-4181
137
6300
13146
19301
23272
22841
16963
7773
-886
-5674
-6516
-5425
-4885
-5191
-5814
-6726
-8373
-10988
-13337
-13350
-9313
-1723
7041
14620
19197
20464
18583
14294
9292
5488
3905
3963
4814
5070
4177
2106
-1117
-5150
-9024
-11350
-11487
-9662
-6924
-4373
-2626
-2156
-3015
-4580
-5615
-5304
-3735
-1599
81
1107
1474
1227
213
-1560
-3767
-5715
-6815
-7303
-8063
-9470
-11603
-14092
-16574
-17693
-14116
-5696
4833
12471
15545
14802
12778
11213
9688
8685
8036
8348
9399
10529
10260
7400
2368
-3933
-8894
-10954
-10040
-6927
-3549
-1525
-1808
-3621
-6598
-9628
-11019
-9510
-4492
2566
9513
14965
18210
18478
15043
9320
3657
945
1716
3863
4331
2057
-1666
-5529
-8608
-11317
-13323
-13312
-9734
-3145
3895
8977
11161
11416
10797
9994
9060
8499
8456
8846
8994
7914
5264
1669
-1765
-4522
-6192
-6781
-6452
-5727
-5304
-5508
-6195
-6984
-7723
-8097
-7606
-6350
-4809
-3378
-2227
-1552
-1414
-1681
-2075
-2015
-1983
-2537
-3725
-5106
-6400
-8171
-10498
-13626
-14385
-10397
-2698
5049
8857
9049
7280
6803
7557
8797
9549
9142
9022
9523
10384
9526
6436
1501
-3770
-6573
-6846
-4845
-2315
-715
-1103
-3131
-5436
-7944
-9430
-9290
-7017
-3258
617
4188
7185
9371
9250
7228
5004
4460
6396
9062
10093
8217
4486
92
-3939
-7124
-9166
-9476
-7617
-4146
-403
2588
4330
4710
4481
4616
5488
7167
9303
10878
11255
9937
6906
3242
297
-1738
-3147
-3542
-3093
-2230
-1883
-2768
-4832
-6988
-8777
-10046
-10279
-9313
-7813
-6822
-6545
-6615
-6083
-5232
-4458
-4200
-4124
-3346
-2685
-2270
-3611
-6074
-9384
-10817
-7492
-867
6374
9053
8076
5065
3340
3645
4934
7003
8200
9442
10045
10065
9045
6306
2308
-2687
-5255
-5236
-2865
-226
666
-254
-2986
-5569
-7845
-8430
-6888
-3670
240
3031
4938
5642
5314
3087
-114
-1910
-816
3608
8430
11100
10025
6325
2465
-279
-1604
-2484
-2804
-2116
-414
1525
2340
1590
-353
-1808
-1593
434
3551
6795
9124
9838
8881
6952
5089
3778
2626
1333
201
-374
-597
-1397
-3390
-5818
-7562
-8442
-8870
-8795
-8265
-7793
-8014
-8935
-9789
-9768
-9067
-8075
-7185
-6120
-4930
-4138
-3941
-4620
-5643
-6995
-6092
-1571
5069
10177
10880
8520
5441
4381
4740
5551
6203
6408
6683
6549
5960
4366
2165
-440
-2686
-3034
-2032
-369
454
-160
-1999
-4060
-5504
-6532
-6261
-4215
-746
2669
4478
4670
3853
3013
1753
619
412
1572
3740
5227
4910
2940
871
-116
128
899
1663
2218
2649
3129
3183
2728
1856
1234
1494
2727
4174
5059
5167
4589
4076
4035
4342
4597
4330
3297
1796
675
47
-681
-1958
-3700
-5212
-6136
-6711
-7367
-7984
-8520
-9167
-10066
-10769
-10831
-10049
-9073
-8751
-9123
-9655
-9720
-9674
-9583
-9602
-7263
-1168
6623
12166
12786
10235
7206
6506
7710
9344
10457
10372
9561
8253
6650
3960
340
-3221
-5537
-5078
-3049
-1004
-666
-2227
-4931
-7303
-7984
-7589
-6161
-3697
-297
3180
5597
6422
5914
5060
3731
2538
2492
4299
6927
8130
6383
2503
-686
-1805
-1578
-1570
-2132
-2571
-1734
349
2150
2445
1510
655
1104
3015
5360
7032
7744
7517
6897
6390
5924
5222
4200
2861
1368
410
128
-155
-1142
-3121
-5443
-7098
-7652
-7699
-7933
-8669
-9974
-11156
-11749
-11584
-11135
-10726
-10690
-10989
-10922
-10570
-10338
-10327
-8431
-3544
3152
8356
9533
8065
6413
6893
9198
11740
12958
12579
11709
10691
9392
7190
3936
335
-2354
-3214
-3231
-2984
-3713
-5726
-8416
-10451
-10728
-9665
-7716
-5465
-2800
-148
1935
3543
5114
6680
7227
6944
6710
7973
10317
11425
9567
5442
1772
212
545
921
3
-1973
-3580
-3759
-2913
-2047
-1843
-2075
-1738
-298
1913
4047
5450
6211
6963
7753
8454
8995
9090
8380
6665
4452
2491
1114
-43
-1731
-3973
-6118
-7761
-8933
-9873
-10626
-11635
-13052
-14407
-14807
-14222
-13317
-12899
-12820
-12854
-12654
-12514
-10788
-5682
1386
7528
9398
8225
6362
6680
9066
11645
13567
13999
13635
12705
11372
9038
5678
2518
153
-19
615
530
-1445
-5242
-9172
-12091
-12782
-12318
-11229
-9149
-6216
-3091
-963
131
567
1465
2796
4165
6002
8336
11142
13096
12890
10513
7635
6007
5749
5506
4204
1771
-788
-2350
-3166
-3801
-4478
-4990
-4821
-3762
-2196
-608
873
2048
3083
4114
5383
6946
8231
8793
8499
7969
7454
6795
5471
3313
912
-1115
-2681
-4518
-6779
-9114
-11290
-13330
-15061
-16283
-16823
-16890
-16908
-16903
-16978
-16683
-16444
-14181
-8724
-1418
5036
7698
7640
6776
7653
9930
12587
14838
15434
14933
13745
12697
11193
8973
6039
2645
900
305
123
-1331
-4361
-7832
-10585
-11279
-11195
-10552
-9316
-7682
-5716
-4133
-2661
-1287
383
1597
2238
3417
5556
8601
10846
11099
9251
7186
6539
6933
7440
6951
5638
4072
2946
2057
847
-713
-2474
-3466
-3417
-2666
-1853
-1170
-402
354
1431
2626
3726
4572
5143
5535
5868
6210
5879
4986
3801
2459
1303
180
-1120
-2910
-4970
-7022
-9045
-10818
-12370
-13575
-14684
-16060
-17671
-19062
-19349
-19006
-17320
-13035
-6834
-515
2873
3408
2829
3560
6565
10311
13802
15863
16346
15739
14812
13614
11527
8869
5951
4197
3493
2789
1160
-1808
-5045
-8176
-10027
-10841
-11207
-10794
-9830
-8468
-7380
-6281
-4972
-3050
-887
676
1945
3278
5422
7639
8842
8507
7373
7166
8068
9141
9117
7882
6079
4404
3051
1551
368
-138
-66
299
309
-123
-549
-461
209
961
1593
2207
3100
4201
5052
5179
4579
3660
2534
1663
1176
1070
1089
456
-953
-3007
-5290
-7431
-9281
-10572
-11460
-12163
-13028
-13925
-15187
-16633
-18171
-18923
-16402
-10692
-3799
707
1702
1012
1021
3416
7015
10393
12541
13320
13453
13370
13180
12198
10459
8330
6737
6147
5434
4003
1342
-1828
-4825
-7197
-8381
-9066
-9097
-8443
-7482
-6668
-6095
-5449
-4657
-3690
-3040
-2442
-1212
1088
4017
6002
6438
5816
5665
6757
8231
8935
8701
8001
7259
6613
5509
4039
2570
1617
1248
782
-4
-872
-1111
-493
363
993
1482
2177
3026
3820
4084
3861
3274
2311
1286
383
-63
-189
-398
-1064
-2452
-4326
-6351
-7944
-9125
-10023
-10843
-11774
-12664
-13795
-15014
-16399
-16451
-13714
-8639
-3378
-889
-835
-1535
-779
2059
5587
8815
10741
11674
11978
11962
11809
11021
9689
7770
6323
5655
5241
4175
1682
-1312
-4085
-5634
-6351
-6723
-6619
-6262
-5733
-5668
-5718
-5503
-4728
-3618
-3014
-2454
-1310
1080
3756
5277
5163
4120
4095
5465
7266
8043
7633
6951
6627
6616
6088
5036
3696
2599
1913
1461
1346
1245
1273
1273
1141
818
415
285
469
1035
1566
1922
1849
1348
706
48
-90
-173
-519
-1231
-2122
-3353
-5241
-7139
-8775
-9688
-10422
-11272
-12658
-14304
-15540
-15309
-12418
-7898
-3410
-1481
-1941
-3048
-2708
144
3783
7168
9317
10045
10035
9830
9787
9590
9079
7815
6535
5907
5622
5063
3118
236
-2857
-5031
-5987
-6520
-6386
-6006
-5752
-5976
-6121
-5709
-4768
-3608
-3028
-2554
-1571
351
2717
4343
5155
5429
5967
7071
7930
8186
7425
6611
6503
6764
6414
4739
2628
1080
702
840
876
742
742
1172
1263
979
499
71
86
356
813
990
652
-15
-693
-941
-931
-878
-1357
-2303
-3529
-4816
-5787
-6913
-8020
-9124
-10278
-11438
-12912
-13985
-12985
-9543
-5025
-2162
-2000
-3013
-3202
-1367
1777
5031
7764
9401
9715
9144
8366
7779
7412
7093
6915
7203
7224
6360
4109
1065
-1803
-4251
-5764
-6620
-6621
-5781
-4821
-4585
-5208
-5931
-6035
-5200
-4059
-3048
-2126
-898
1010
3019
4676
5579
5996
6562
7425
8184
8234
7890
7494
7499
7158
5849
4038
2280
1399
752
292
-11
-59
439
501
115
-746
-1390
-1523
-1289
-798
-512
-64
217
468
276
-381
-1134
-2029
-2822
-3596
-4275
-5194
-6410
-7858
-9094
-10157
-11355
-13019
-13651
-11595
-7189
-2474
-654
-1329
-2780
-2653
-294
3021
6328
8488
9357
9014
8343
8072
8247
8513
8067
7173
6172
5363
4616
3165
1120
-1636
-4232
-5977
-6839
-6539
-5703
-4823
-4657
-5091
-5615
-5676
-5148
-4590
-3934
-2842
-455
2859
5736
6983
6526
5834
5839
6458
7072
7367
7601
7525
6722
4992
2909
1448
961
1119
1154
847
453
258
243
-88
-864
-1665
-2051
-1890
-1350
-820
-279
-4
-154
-662
-1204
-1280
-1212
-1495
-2302
-3363
-4397
-5517
-6796
-8349
-9853
-11219
-12249
-11696
-9395
-5791
-3083
-2526
-3210
-3748
-2482
134
3142
5827
7707
8804
9191
9215
8792
8244
7519
6827
6682
6629
6594
5570
3530
768
-2325
-4639
-6062
-6350
-5843
-4992
-4650
-4919
-5297
-5529
-5097
-4599
-3972
-2846
-662
2663
5331
6504
5925
4831
4762
5790
7238
7848
7463
6328
5281
4589
3748
2714
1427
570
61
-171
-349
-770
-1019
-1375
-1921
-2628
-3138
-3165
-2881
-2122
-1267
-427
49
51
-291
-829
-1101
-1463
-1801
-2234
-2833
-3840
-5482
-7671
-9929
-11633
-11597
-9178
-5286
-1829
-1082
-2503
-4426
-4576
-2436
937
4306
6505
7491
7409
7048
6690
6451
6211
5694
5536
5797
6125
5898
4323
2174
-245
-2217
-3860
-5080
-5201
-4532
-3602
-3739
-4528
-5354
-5364
-4584
-3680
-2221
-257
2445
4964
6360
6524
5767
5451
5933
7036
7804
7686
6891
5732
4590
3230
1965
1049
474
-34
-969
-1910
-2405
-2429
-2430
-3143
-4210
-4862
-4576
-3526
-2471
-1700
-1320
-1239
-1492
-1930
-1942
-1466
-748
-806
-1802
-3339
-4657
-5735
-6915
-8216
-8879
-7121
-3699
164
1668
584
-1594
-3085
-2081
297
2982
4733
5281
5119
4679
4656
4769
4921
4579
3991
3832
3967
4512
4087
2866
868
-1640
-3557
-5202
-5627
-5222
-4324
-3994
-4510
-5115
-5090
-3708
-2209
-747
530
2381
4738
6310
6835
6416
6243
6837
7494
7617
7262
7015
6843
6403
5279
3620
2199
1113
528
-322
-1457
-2651
-3698
-4108
-4461
-4945
-5728
-6242
-6018
-5118
-3821
-2967
-2533
-2618
-2585
-2273
-1715
-1218
-1501
-2417
-3513
-4373
-5121
-6063
-7061
-6567
-4305
-784
1672
1784
445
-1126
-1172
213
2424
4735
6368
6822
6161
5363
4952
5055
4973
4305
3710
3325
3443
2926
1312
-913
-3620
-5777
-7576
-8321
-7762
-6219
-4883
-4634
-4902
-4847
-3624
-2252
-1298
-529
1047
4119
7317
9001
8617
7109
5916
5779
6567
7461
8015
7964
7254
5956
4351
2896
1701
993
322
-494
-1277
-2115
-2949
-3976
-5144
-6115
-6698
-6570
-5943
-5131
-4381
-3844
-3744
-3962
-4072
-3880
-3290
-2859
-2968
-3504
-4363
-5154
-6107
-6183
-4367
-899
2875
4214
3377
1387
442
1255
2953
5115
6817
7916
7936
7169
6123
5211
4594
3893
3342
3220
3536
3753
2691
565
-2305
-4862
-6647
-7817
-7807
-6832
-5084
-4080
-4175
-4927
-5188
-4461
-3706
-2959
-2326
-513
2116
4224
5197
4640
4101
4170
4877
5912
6909
7875
8176
7723
6433
5026
4108
3566
3162
2151
833
-552
-1754
-2628
-3400
-4085
-4768
-5472
-6029
-6472
-6511
-6260
-5863
-5489
-5214
-5113
-5350
-5665
-5939
-5841
-5653
-5687
-5924
-4998
-2472
1209
4055
4615
3599
2272
2340
3588
5285
6919
7895
8190
7816
7264
6680
6110
5209
3991
3352
3222
3634
3436
2438
1143
-736
-2511
-4407
-5611
-5518
-4335
-3074
-2781
-3151
-3755
-3950
-4203
-4640
-4750
-3991
-1903
271
1535
1589
870
339
217
610
1452
3018
4727
5747
5444
4145
2935
2143
1939
1788
1439
1166
902
495
-191
-1115
-2134
-2977
-3611
-3954
-4004
-3874
-3814
-4103
-4850
-5579
-6291
-6555
-6718
-6848
-6971
-6810
-5193
-2769
339
2040
2610
2427
2463
3467
4768
6439
7868
8896
9254
8976
8617
8284
7766
6751
5335
4390
3644
3480
2777
1800
666
-774
-2071
-3858
-4841
-4828
-3551
-2320
-1929
-2079
-2470
-2363
-2701
-3092
-3106
-1941
274
1610
1720
687
-145
-265
-161
-51
-142
377
965
1349
1099
368
-364
-1339
-2056
-2521
-2424
-1898
-1487
-1509
-1958
-2489
-2940
-3194
-3413
-3612
-3536
-3185
-2727
-2591
-3152
-4052
-5128
-5899
-6441
-6629
-5143
-2480
1021
2853
2601
1268
348
1327
3218
5456
7322
8800
9589
9576
9113
8491
7955
7088
5936
5160
4824
5117
4789
3648
2109
164
-1327
-2887
-3663
-3384
-2137
-1079
-1102
-1806
-2554
-2424
-2525
-2864
-3361
-3002
-1087
815
1811
1569
938
593
195
-220
-578
-134
641
1102
681
-422
-1297
-1960
-2293
-2678
-2916
-2800
-2448
-2231
-2390
-2889
-3662
-4444
-4924
-4911
-4483
-4102
-4131
-4674
-5341
-5699
-6119
-6677
-7489
-6995
-4725
-1048
2387
3489
3026
1539
1184
1986
3650
5804
7745
9360
9928
9783
9240
8682
8035
7004
6047
5567
5814
6375
5860
4592
2407
393
-1384
-2636
-2704
-1943
-562
36
-117
-649
-771
-885
-1515
-2235
-2464
-1177
934
2337
2434
1334
81
-978
-1680
-1948
-1620
-815
-151
-129
-983
-2010
-2912
-3438
-3672
-3708
-3378
-2934
-2476
-2415
-2607
-2912
-3204
-3455
-3759
-3749
-3479
-3187
-3084
-3517
-4090
-4917
-5728
-6646
-7010
-5617
-2937
482
2183
2201
879
-260
-131
848
2765
4689
6230
6847
6600
6354
6420
6482
6020
4934
4362
4510
5584
5934
5491
4278
2617
1124
-541
-1219
-983
171
897
781
190
-123
68
-263
-987
-1712
-1271
512
2376
3583
3614
2835
1769
631
-57
-226
247
657
712
247
-400
-957
-1941
-3035
-4218
-4814
-4650
-4264
-4100
-4401
-4941
-5510
-5937
-6112
-5892
-5296
-4711
-4236
-3986
-3980
-3795
-3773
-3614
-3662
-3471
-2383
-476
1901
3180
3354
2564
1914
1805
2109
3053
4220
5506
6114
5870
5201
4491
4041
3282
2666
2560
3084
3983
4069
3608
2403
1169
-198
-1590
-2176
-1822
-493
389
527
149
-122
-60
-551
-1394
-2003
-1401
499
2289
3419
3519
3381
3168
2768
2363
2067
2462
3016
3342
3019
2283
1531
595
-564
-1901
-2868
-3133
-3099
-3065
-3484
-3984
-4664
-5469
-6385
-7197
-7371
-6921
-6037
-5364
-4993
-5056
-5165
-5309
-5337
-5215
-4516
-2962
-774
1390
2537
2835
2457
2376
2692
3388
4285
5178
5837
6042
5841
5345
5021
4683
4339
3976
3693
3520
3325
2676
1880
954
106
-647
-1433
-1878
-1863
-1500
-1256
-1308
-1467
-1386
-1272
-1611
-2185
-2403
-1740
-414
598
1128
1339
1701
2068
2055
1767
1621
1921
2355
2680
2628
2604
2585
2155
1253
97
-542
-584
-512
-645
-1013
-1341
-1641
-2328
-3354
-4173
-4492
-4302
-4089
-4193
-4321
-4327
-4319
-4442
-4891
-5287
-5327
-5003
-4149
-3013
-1633
-341
554
990
1132
1469
1857
2426
3009
3544
4013
4453
4897
5334
5610
5449
4906
4146
3567
3411
3410
3259
2892
2224
1378
259
-819
-1544
-1546
-1134
-757
-481
-460
-574
-987
-1581
-2066
-2001
-1434
-704
-68
279
342
275
-60
-304
-399
-167
296
674
833
816
727
475
311
57
-50
-48
8
64
-52
-150
-305
-428
-632
-938
-1356
-1545
-1512
-1258
-1036
-1104
-1390
-1958
-2580
-3280
-3692
-3830
-3719
-3680
-3716
-3345
-2517
-1338
-551
-308
-342
-146
367
996
1590
2089
2551
2761
2905
3019
3430
3945
4226
4058
3710
3393
3217
2935
2393
1779
1195
769
341
68
-57
97
29
-213
-546
-614
-452
-363
-422
-584
-543
-477
-372
-512
-523
-496
-488
-794
-1128
-1198
-1109
-964
-1092
-1178
-1216
-1041
-951
-859
-911
-734
-638
-541
-238
-22
413
517
512
463
510
621
621
392
156
-13
-200
-310
-545
-678
-810
-916
-1175
-1473
-1795
-2025
-2232
-2477
-2475
-2183
-1388
-562
34
234
266
382
684
1006
1314
1674
2007
2481
2819
3042
3019
2762
2294
1723
1312
1175
1360
1484
1469
1043
358
-295
-756
-889
-732
-403
-152
-29
-79
-186
-298
-432
-559
-742
-697
-595
-316
-54
115
83
-80
-265
-387
-427
-446
-384
-256
88
240
361
125
-45
-276
-330
-233
-109
192
138
123
-42
-37
68
64
-5
-123
-35
16
56
-132
-390
-683
-893
-1004
-969
-826
-782
-915
-1314
-1613
-1615
-1295
-1074
-969
-1093
-1101
-812
-423
41
264
331
217
193
398
697
1083
1395
1368
1134
927
649
607
671
693
757
686
595
485
439
242
41
-126
-348
-446
-487
-359
-276
-124
-92
-32
-23
55
240
289
555
642
771
899
861
807
886
770
593
605
466
456
494
347
191
10
-126
-130
-90
-62
-29
22
-12
-25
-164
-146
-201
-239
-189
-210
-399
-470
-628
-747
-610
-572
-353
-246
-170
-218
-222
-248
-122
-204
-280
-339
-492
-323
-239
-232
-266
-293
-490
-671
-759
-842
-830
-745
-662
-590
-517
-405
-441
-506
-453
-498
-411
-376
-309
-306
-233
-32
-129
-25
76
324
423
449
459
473
644
754
787
824
868
990
1131
1059
1064
819
774
611
600
781
1024
1242
1158
1008
732
611
614
570
498
540
540
566
585
448
277
26
-261
-382
-426
-352
-104
-78
-173
-251
-276
-38
30
17
-109
-236
-163
-153
-89
-69
-68
-263
-323
-509
-498
-575
-698
-745
-920
-881
-809
-668
-782
-811
-1033
-1219
-1401
-1425
-1266
-1156
-958
-1128
-1215
-1249
-1253
-1099
-1085
-998
-771
-462
-245
-112
61
101
118
60
106
273
500
633
899
982
1035
1132
917
870
737
959
1134
1372
1618
1442
1306
1082
868
615
732
695
752
819
822
888
859
826
619
484
458
631
653
756
732
626
433
278
135
87
-73
-108
-99
-335
-288
-434
-509
-676
-759
-901
-910
-852
-838
-700
-732
-583
-558
-496
-450
-503
-504
-531
-512
-472
-455
-475
-608
-698
-762
-879
-749
-603
-767
-838
-826
-930
-887
-799
-806
-710
-723
-744
-616
-562
-502
-370
-248
-48
115
329
466
398
344
471
540
625
869
891
795
730
794
671
708
864
882
977
1029
1094
1085
1150
1176
1167
1159
1244
1216
1212
1141
1220
1226
1089
1066
951
835
627
462
115
101
-101
-196
-448
-714
-843
-1154
-1197
-1225
-1261
-1328
-1025
-1140
-1136
-912
-1037
-917
-777
-706
-595
-536
-441
-337
-244
-155
-40
-241
-81
-72
-100
-85
-131
-180
-285
-165
-447
-580
-708
-680
-867
-788
-699
-790
-688
-620
-567
-577
-509
-614
-571
-527
-317
-264
-20
126
131
149
124
253
268
641
724
848
995
1069
1201
1148
1228
1114
1324
1285
1462
1496
1394
1555
1300
1364
1193
1063
923
837
583
398
360
210
163
-84
-365
-600
-678
-780
-733
-879
-944
-910
-1013
-900
-805
-665
-484
-445
-353
-435
-428
-358
-337
-242
-199
-79
79
195
152
189
108
96
-16
-193
-121
-225
-136
-185
-394
-417
-698
-606
-650
-660
-604
-584
-514
-729
-746
-810
-618
-658
-461
-634
-540
-410
-381
-286
-244
44
15
433
445
550
516
714
821
1022
1352
1368
1467
1395
1259
1049
1147
1107
1126
1114
949
845
701
448
247
48
-144
-175
-288
-401
-493
-543
-609
-732
-689
-678
-676
-450
-413
-220
-148
-90
140
86
175
216
166
284
332
328
387
283
125
21
-95
-200
-274
-261
-376
-540
-550
-546
-579
-697
-732
-897
-972
-768
-779
-654
-532
-501
-522
-590
-638
-588
-577
-462
-264
-297
-166
-112
-119
-27
70
146
271
521
588
688
683
756
716
647
709
702
695
503
532
373
316
486
483
437
397
224
99
41
47
295
156
160
80
-125
-200
-237
-307
-115
-66
97
194
104
215
178
112
211
302
361
432
531
495
399
482
346
408
277
335
128
116
3
-47
-211
-205
-322
-335
-296
-486
-459
-668
-689
-868
-774
-879
-674
-713
-749
-693
-764
-632
-570
-468
-505
-343
-259
-81
55
197
209
163
211
120
209
226
252
311
210
145
159
-4
10
12
-201
-8
-84
-51
176
288
256
204
9
-120
-95
-101
33
165
233
218
199
133
145
116
149
163
184
347
385
527
473
456
451
396
285
496
459
302
469
258
367
305
395
253
220
164
60
39
5
-97
-148
-194
-400
-273
-418
-404
-534
-605
-703
-633
-592
-439
-333
-202
-315
-345
-245
-360
-297
-289
-278
-162
-20
-43
-24
-93
-67
24
-61
4
42
0
-95
-148
-107
-33
-84
-97
-78
-113
-113
-23
-29
-3
85
-103
20
-37
-111
-25
23
60
102
23
111
164
71
131
110
149
286
413
296
358
442
324
371
329
313
275
388
361
396
412
527
421
269
352
244
347
294
295
137
100
-50
-121
-43
-160
-40
-97
-107
-241
-93
-188
-204
-209
-355
-303
-387
-243
-333
-178
-187
-163
-209
-275
-218
-303
-332
-280
-191
-273
-171
-203
-248
-284
-334
-263
-302
-257
-204
-224
-102
-79
-61
-130
-112
-124
-113
-64
-13
7
22
-61
-94
10
-91
42
-81
11
37
-68
80
175
89
142
199
115
254
248
293
382
335
378
337
376
563
509
448
454
365
304
374
353
373
385
387
264
181
208
128
148
109
40
-63
-105
-171
-170
-176
-155
-135
-182
-171
-192
-251
-252
-274
-259
-272
-180
-265
-335
-271
-342
-343
-345
-293
-290
-297
-185
-168
-244
-203
-180
-287
-193
-202
-258
-225
-264
-229
-194
-225
-121
-72
-182
-69
-118
-130
-91
-105
-80
-97
0
102
99
155
174
179
126
288
231
223
299
414
370
320
352
339
262
279
430
280
369
524
478
441
564
416
478
408
300
375
307
322
343
259
172
163
78
38
-16
-102
-86
-102
-174
-213
-236
-258
-347
-380
-359
-525
-397
-326
-373
-255
-335
-370
-397
-400
-379
-367
-326
-303
-247
-167
-189
-179
-225
-323
-168
-273
-245
-268
-212
-167
-236
-96
-203
-149
-228
-197
-124
-140
14
62
91
157
126
149
219
177
317
246
297
340
229
258
312
224
254
273
258
274
363
302
322
327
288
320
241
278
263
304
264
290
270
144
144
154
79
104
100
48
18
27
4
-34
-84
-86
-174
-174
-165
-145
-217
-176
-169
-274
-206
-187
-268
-158
-197
-149
-120
-144
-79
-166
-222
-229
-184
-291
-184
-233
-152
-140
-161
-232
-218
-284
-276
-195
-261
-154
-101
-120
-119
-33
-92
-108
-26
13
30
138
145
162
111
211
198
146
239
157
177
134
279
134
274
253
278
278
199
228
158
188
156
184
105
185
110
180
169
201
125
109
110
75
72
41
48
-25
54
16
8
9
25
-81
-88
-5
-119
-38
-14
-65
22
-93
-99
-118
-174
-80
-121
-123
-161
-145
-149
-195
-219
-191
-231
-170
-215
-193
-186
-236
-157
-270
-241
-316
-218
-233
-199
-137
-131
-133
-142
-91
-194
-112
-22
22
-28
76
99
-22
91
86
-4
59
118
135
250
222
234
324
141
238
242
161
197
229
179
199
202
229
292
160
195
197
42
100
102
83
90
210
110
165
134
95
73
58
68
53
116
0
109
-2
121
38
-18
11
-117
-8
-122
-17
-57
-35
-125
-54
-185
-188
-100
-199
-140
-213
-149
-171
-177
-142
-164
-213
-258
-280
-303
-236
-215
-197
-165
-142
-146
-121
-199
-118
-165
-163
-92
-73
-43
-11
-11
-32
-30
4
8
-6
113
19
71
66
128
165
104
211
126
155
114
153
102
200
178
202
197
180
237
137
200
167
135
162
183
182
132
204
100
100
87
72
44
29
65
-3
20
33
19
10
-32
-85
-73
-68
-81
39
-108
-5
-33
-124
-106
-107
-160
-111
-144
-166
-111
-150
-97
-105
-157
-93
-124
-97
-110
-160
-87
-150
-201
-132
-155
-105
-90
-48
-66
-23
-63
-48
-88
-93
-26
-33
-24
-1
66
-18
110
2
33
39
41
117
53
180
81
133
106
136
151
169
134
157
162
110
253
107
142
147
99
111
81
92
44
81
37
104
70
-4
68
3
-32
58
-62
6
18
-51
23
7
-32
43
-11
-49
56
-62
-52
-32
-154
-75
-66
-126
-14
-88
-77
-20
-149
-110
-119
-236
-131
-189
-122
-35
-84
-5
-85
-69
-85
-143
-90
-123
-117
-78
-4
-38
18
2
-40
-33
-93
-44
-51
26
-2
26
73
31
68
33
61
57
118
81
124
111
121
78
93
110
75
101
127
151
110
133
46
58
75
21
25
19
6
76
53
-4
7
27
6
20
-37
-59
12
-70
14
63
-34
64
-15
-25
-53
-84
-14
-30
-79
-66
-27
-100
21
-78
-24
-65
-129
-67
-130
-49
-80
11
-59
-16
-72
-50
-79
-52
1
-58
6
-21
-3
8
-5
-6
-6
-9
29
3
120
52
15
157
10
83
48
31
84
84
65
85
68
-2
69
26
16
38
20
24
4
71
-3
70
45
47
22
-1
-15
-79
-24
-31
-35
-24
-7
-82
15
-5
-26
23
-30
12
-63
-9
-63
-39
-58
-26
-7
-41
16
-24
25
-27
-17
1
-5
-53
24
-37
-12
-15
-45
-33
-22
5
-23
16
-3
50
-34
-12
8
-31
-34
13
-11
19
85
35
30
59
-33
-19
3
-60
51
-14
9
34
-7
19
-2
-8
-49
16
-64
-4
7
-5
0
22
8
-21
8
-7
-6
-37
-2
-29
-35
11
0
54
-25
51
-8
5
8
15
18
-15
40
9
0
30
2
19
-11
29
25
3
39
49
-11
19
-10
-19
-36
27
-31
25
1
3
15
-16
-9
21
-21
-31
37
-5
35
2
39
-4
7
47
-2
30
34
35
10
9
2
1
-1
-7
-8
-4
-7
-10
-34
-40
-19
-32
-24
-4
1
13
-12
4
-28
-47
-30
-31
-3
-5
-18
6
-9
-54
-39
-18
-70
-20
-22
-33
-1
-2
6
-6
1
-22
-12
-42
-11
-86
7
50
50
60
43
26
-42
33
-39
19
5
49
78
31
40
53
-13
-1
-19
-45
-4
49
8
42
40
3
43
-4
40
-7
-7
41
15
26
82
15
10
29
-22
-3
-7
-9
10
-24
20
9
7
-20
5
-23
-28
-6
-12
-8
-1
-36
-41
-9
-71
-10
6
-64
1
-31
-15
-28
-45
-31
-37
-44
-41
10
-7
-12
-25
-16
-44
-38
-6
-48
6
-12
10
-25
41
-3
-8
-2
-10
55
6
46
16
31
25
34
32
43
22
50
-3
49
58
6
64
24
58
26
58
-17
66
-16
-2
-2
4
1
13
17
10
56
-63
30
-40
-37
31
-22
5
6
19
-14
21
-21
-45
-29
-57
-32
3
-1
2
20
-33
-24
-7
-30
-13
-5
-35
18
1
-22
-6
-38
-20
-18
-58
39
11
-14
47
-28
14
-39
-9
-23
-47
15
-6
-12
27
67
-17
-3
-7
-40
1
-19
50
27
8
44
-24
44
-9
22
-3
13
11
14
1
10
30
25
13
-15
28
-4
-9
15
-20
-28
3
-3
4
23
41
-32
33
-45
-42
27
-61
35
-25
-14
48
-46
0
0
1
-20
20
-23
-6
2
-57
15
-19
-40
13
-6
-36
32
-6
-9
-19
-9
5
10
16
-9
-27
-16
13
-22
22
-4
24
17
2
7
-5
26
17
5
11
-30
29
-26
-23
-6
-22
14
-60
84
-34
18
46
27
30
13
33
-52
39
-13
10
27
33
28
50
11
-10
41
-79
25
-1
-38
24
-13
-13
48
-35
-4
1
-14
4
-10
12
11
-14
-10
49
-49
5
35
-45
-14
60
-44
51
7
-57
48
-41
-10
9
-30
-30
28
-40
-12
46
-52
18
-3
-30
13
-44
-38
18
-81
20
-20
-13
73
-84
57
16
-101
45
-13
-51
15
19
-46
60
16
10
35
-28
32
-34
28
4
54
-21
33
58
-56
54
16
-36
-10
0
-12
26
38
-34
54
-121
63
-11
-41
69
-42
22
-41
55
-42
55
-15
-15
65
-38
16
-3
-8
-40
39
-47
57
12
-60
71
-84
-9
-28
-6
-19
-15
63
-53
64
-23
-32
64
-106
100
-36
-44
109
-95
17
-13
-56
10
32
-64
88
-42
19
8
-58
46
-31
22
61
13
16
16
48
-51
16
18
-90
39
-26
17
-10
30
62
-64
84
-12
-21
34
-16
25
-14
-24
36
-55
45
23
-5
2
-12
32
-35
73
38
-69
30
-71
21
-20
-22
62
-34
11
47
-83
-11
19
-55
8
18
-14
47
-25
6
-37
-29
15
-20
18
-29
59
-29
14
21
-44
5
-26
3
-36
2
-18
18
-4
40
-8
7
-25
-30
-22
27
22
5
33
-20
30
-51
23
-39
2
35
-9
33
4
48
-40
40
-44
-3
-37
-41
12
-11
-4
6
25
-15
32
-38
6
-29
5
29
-45
42
-2
32
-19
42
-10
-25
82
-67
32
31
-14
31
-32
5
5
-8
16
28
-49
50
-36
4
14
-21
-9
6
-31
26
0
4
68
-34
4
4
-37
-24
38
1
-6
31
-19
-46
33
-26
-17
11
-48
12
-19
0
39
5
-8
36
-35
-33
16
-17
-1
14
27
16
14
12
1
-19
-27
38
-54
55
-9
37
31
-47
31
-73
53
-32
-12
-28
-11
43
-25
33
-11
-2
-40
-21
60
-7
20
15
-51
-5
27
-16
-28
34
43
-14
-4
4
39
-21
49
-15
-26
6
-25
8
34
3
-31
-12
-75
73
30
-53
95
-55
-50
2
-19
-9
69
-40
-38
13
-28
53
-10
-21
33
31
14
35
-52
27
-7
-60
-2
3
1
9
61
-81
49
-25
-23
33
16
-68
75
-78
11
33
-26
22
-2
-17
13
-20
-46
-13
43
-58
35
76
-109
114
-93
44
21
-71
-2
22
-65
38
47
-70
87
-18
-12
11
21
-19
14
28
-68
113
10
26
58
-29
-11
-52
-13
-39
56
-22
-19
31
-71
61
21
-17
0
22
-94
11
72
-66
106
-16
13
-3
-31
-21
-5
21
-25
21
36
-38
43
-60
-4
5
-26
-61
25
-28
-8
52
-5
43
19
-31
-32
35
-14
-5
39
-39
44
-26
-20
34
-60
24
45
-41
40
68
-83
61
-12
-24
17
-33
-18
19
-58
78
63
-46
59
-51
-65
68
-82
20
18
5
15
29
-17
42
-5
-38
9
20
-30
-5
38
-61
38
-33
10
11
-57
24
-31
58
3
4
-13
-2
-61
-4
0
63
-28
46
-38
-31
46
-30
1
9
-43
-26
-5
25
33
-9
17
-12
-73
34
-36
41
7
2
-42
-42
-6
66
12
40
-25
-45
5
4
62
29
27
-95
-13
-55
43
57
-5
-7
-7
-38
-16
28
33
30
-13
0
-21
32
6
62
-13
-77
24
-39
17
93
-33
-41
53
-83
44
4
13
14
14
-15
1
-25
1
-1
4
-8
39
-19
26
46
-85
100
-88
-8
71
-66
7
-39
37
-16
41
-36
-11
40
-53
30
-87
60
-18
-4
10
-24
42
-8
11
-28
44
-65
18
-25
18
45
15
5
-26
17
-70
61
-1
16
16
-33
-6
3
-14
-3
2
13
35
-20
13
-4
-39
7
4
7
8
27
0
-20
21
-45
28
-22
-26
58
-32
36
-17
-11
7
-6
7
-43
-5
8
-28
54
-13
5
7
-66
30
-1
-27
-1
2
-22
17
-1
2
-14
49
-12
3
54
-44
37
-5
-10
12
21
-30
41
-14
-10
50
-35
0
-3
-9
-8
7
-8
4
-32
34
-47
9
-15
-13
16
9
21
-28
7
-18
8
-6
34
8
-13
23
-12
-22
9
11
12
16
-34
21
-50
3
38
-14
0
16
7
-24
20
4
-5
10
-13
17
8
-20
14
-11
-1
3
-6
-11
10
-17
-21
36
-3
-12
15
25
-8
-9
7
-12
-17
16
-3
-16
35
-30
8
-4
-10
39
-15
-5
22
15
4
41
-39
-1
-3
-30
26
-5
4
14
-11
-19
14
-15
-12
-11
-16
-11
7
-1
-7
25
-10
11
-17
-8
-8
22
27
-14
24
-23
9
4
2
6
-11
-11
-5
13
-20
12
3
-17
1
-2
14
-6
13
-8
-6
-7
16
15
-3
0
-18
16
2
-14
27
-13
7
7
-21
32
-10
-17
12
-21
-4
18
19
-18
16
-18
1
5
-1
6
-3
2
-4
-3
-25
1
-9
-3
-12
19
-2
-7
14
-17
1
-10
-9
-10
5
-8
2
5
3
9
5
-5
-7
20
-31
17
0
1
3
5
10
-17
-2
6
-13
-1
26
17
-5
21
-6
-18
23
-24
5
1
2
16
5
8
3
13
-11
16
-13
10
-7
-2
22
-25
11
-15
15
-15
20
2
-6
11
-30
4
-3
-12
26
1
6
-2
-3
-6
2
-13
-7
2
-2
1
2
3
-1
10
-21
26
-16
-3
5
8
4
-5
5
-11
14
-15
3
2
-1
-3
0
-7
-23
25
-15
-2
5
-16
7
-15
11
2
7
-34
8
-19
-5
11
-2
-3
12
13
-30
26
-14
2
-4
-22
13
-4
4
2
8
1
-4
10
-12
1
4
-2
2
4
-11
15
2
3
-6
3
-10
2
1
14
-3
6
4
-23
11
-12
13
0
5
1
-9
2
-9
4
-6
12
-5
3
4
0
16
-3
2
2
7
-3
3
5
-5
2
-1
8
8
-6
12
-5
-1
5
1
4
-5
2
-2
5
-6
11
-4
1
4
-2
-3
-1
-2
-9
5
-1
3
-1
0
2
-7
10
-2
2
3
2
-1
-4
5
4
-1
0
0
-5
0
3
5
0
6
3
-8
2
-3
-7
3
2
-1
-3
6
-7
-4
1
-7
-2
1
-1
3
0
-3
-11
3
-10
-8
6
-9
-2
-2
-7
-6
-3
-9
2
-6
3
3
-2
-1
-1
-4
2
-1
1
4
-1
8
-2
2
-4
-4
1
-7
2
2
-1
5
-5
-1
-4
2
-7
2
2
-6
2
-3
1
-1
5
2
-2
7
1
1
6
-7
8
2
-2
8
5
0
7
-4
-4
5
-4
1
9
4
6
11
0
-2
4
2
2
5
2
13
-2
8
9
-6
8
3
-8
-1
0
-5
3
-7
2
0
-3
2
-2
-9
-1
1
-9
5
0
-1
0
1
-2
6
-3
-1
-5
-5
0
-1
3
-8
5
-5
1
-4
0
-2
-4
-1
-2
-3
0
1
-6
-5
0
-2
-1
5
-5
4
3
-1
3
-3
3
4
-3
8
2
0
4
-1
-1
0
3
-3
0
1
1
-1
1
-2
-1
-2
2
2
-1
4
-2
4
0
2
2
3
4
-2
5
0
1
1
-2
-1
-1
-1
-3
-2
-2
-3
-3
-4
-2
-1
-1
0
-2
0
0
0
-6
2
-2
-3
1
0
-1
2
2
1
2
-2
5
0
-1
1
1
-1
2
0
0
3
0
1
2
-1
-2
-1
-2
-3
0
-1
1
0
0
1
0
-1
0
0
1
1
0
0
1
-1
2
1
0
2
2
0
2
1
-1
3
-2
2
-1
0
0
0
0
-2
0
-3
0
-3
0
-2
2
0
1
1
2
1
0
2
-1
2
-2
2
-2
3
0
1
1
1
0
-1
1
-1
1
-2
2
-3
2
-2
2
-1
0
0
-1
2
-1
2
-2
1
-2
1
0
1
0
1
0
0
1
-1
2
-2
2
-1
0
0
1
1
1
2
0
1
-1
1
-1
0
-1
1
1
0
0
-1
1
-3
0
-2
0
-2
-1
-1
-1
-1
-3
-1
-3
-2
-2
0
-1
2
1
1
2
1
2
0
1
-1
0
-1
-1
0
0
2
0
2
-1
2
0
0
-1
-1
1
-2
1
-3
1
-1
1
-1
1
-1
0
0
-1
1
-1
0
-1
0
-2
-1
-1
-1
0
-1
1
0
0
-1
0
0
-1
0
-1
0
-2
1
-1
1
0
1
0
0
2
1
1
0
1
-1
1
-1
0
1
0
1
-1
1
-2
0
-2
0
-1
0
-1
0
0
-1
0
0
1
0
1
0
1
0
2
0
1
0
1
-1
0
1
1
1
0
1
1
2
-1
0
-1
-1
-1
-1
0
-1
1
0
1
0
0
-2
1
-1
0
-1
-1
0
0
0
0
1
-1
1
-1
0
-1
1
0
-1
-1
-1
-1
-1
0
-1
0
-1
1
0
1
1
0
0
1
1
0
1
0
1
0
0
0
0
0
0
1
1
0
-1
0
0
0
0
0
0
0
-1
-1
0
0
0
0
0
0
0
-1
-1
0
-1
0
0
0
0
0
0
1
0
-1
0
0
1
0
1
0
1
0
1
1
1
1
0
2
1
2
0
2
0
1
1
1
0
0
0
0
1
-1
1
0
-1
-1
0
-1
0
-1
0
0
0
0
0
0
-1
1
0
0
-1
1
0
0
1
0
0
1
0
0
1
0
0
0
1
0
0
0
0
-1
-1
0
0
0
0
0
0
0
-1
0
0
0
-1
-1
-1
-1
0
-1
0
0
0
0
1
0
0
0
1
0
1
0
0
1
0
0
0
1
0
0
0
0
-1
0
0
0
-1
0
0
-1
0
-1
-1
-1
1
0
0
0
0
0
0
0
0
-1
-1
0
-1
0
0
0
0
0
1
0
-1
0
1
0
0
-1
0
0
1
0
0
0
0
0
0
1
1
0
1
0
1
0
0
0
0
1
0
0
0
0
0
0
0
0
1
0
-1
0
0
0
1
0
0
0
0
1
-1
0
0
1
0
0
0
0
0
0
0
-1
-1
0
0
0
0
0
0
0
0
0
0
-1
0
-1
0
0
0
0
0
0
-1
0
0
0
0
1
0
0
0
0
0
0
0
0
0
0
0
0
1
1
0
-1
0
0
0
0
0
0
0
0
0
0
0
0
0
0
0
0
1
0
0
0
0
0
1
0
0
0
0
0
0
0
-1
-1
0
0
0
0
0
-1
-1
0
0
0
-1
1
0
0
-1
0
0
0
0
0
0
0
0
0
0
0
0
0
0
0
0
1
0
0
-1
0
0
0
0
0
0
1
0
0
-1
-1
0
0
0
0
-1
0
0
0
0
0
1
0
0
1
0
1
0
0
0
0
0
0
-1
0
0
0
0
0
0
1
0
0
0
0
0
0
-1
-1
0
-1
0
0
0
0
0
0
0
0
0
0
0
0
-1
0
-1
0
0
0
0
1
0
0
0
0
0
0
0
0
0
0
-1
1
-1
0
0
0
0
0
0
0
0
1
0
1
0
0
0
1
-1
0
0
0
0
0
0
0
0
0
0
-1
0
0
0
0
1
1
0
1
0
0
0
0
0
0
0
0
0
0
-1
-1
-1
-1
0
0
0
0
0
-1
0
0
0
0
0
-1
0
-1
0
1
0
0
1
0
0
-1
0
-1
0
0
0
-1
0
1
-1
0
0
0
0
-1
0
1
0
-1
1
1
0
1
-1
0
0
1
0
0
-1
1
0
0
1
0
0
0
0
1
0
0
0
0
1
0
-1
0
-1
0
1
0
1
-1
0
1
0
0
0
0
0
-1
0
0
0
0
0
0
0
0
0
0
-1
0
1
0
1
0
-1
0
0
1
0
0
0
0
0
0
-1
0
-1
0
0
0
0
0
0
0
1
0
1
0
0
0
0
0
-1
0
0
0
0
0
-1
0
0
0
0
0
0
1
0
0
0
0
1
0
0
0
0
0
0
0
0
0
-1
0
1
0
0
0
0
0
0
0
0
0
0
0
0
0
0
0
0
1
0
0
0
-1
0
0
0
1
0
0
0
-1
0
0
0
0
1
1
0
1
0
0
-1
0
-1
0
0
0
0
0
0
0
0
0
0
0
0
0
1
0
0
0
0
0
0
0
0
0
0
0
0
0
0
0
0
0
0
1
0
0
0
1
0
0
0
0
0
0
0
0
1
1
0
0
1
0
0
0
0
0
1
0
0
-1
1
0
-1
-1
0
0
0
0
0
1
0
1
0
0
0
1
0
-1
0
-1
0
0
-1
0
0
0
-1
0
0
0
0
0
0
0
0
1
-1
0
0
0
0
-1
0
0
0
0
0
1
0
0
0
0
0
0
0
0
1
1
0
0
0
0
0
0
0
0
0
1
0
-1
0
0
0
0
0
0
0
0
0
0
1
0
1
1
1
0
0
0
0
0
0
0
0
0
0
0
0
-1
0
0
0
-1
0
-1
0
0
0
0
0
0
0
-1
1
0
1
0
0
0
0
1
1
0
-1
0
1
-1
0
0
0
0
0
0
0
0
0
0
0
0
0
1
-1
0
0
0
0
0
0
0
-1
0
-1
0
0
0
0
0
-1
0
1
0
0
0
1
0
0
0
0
0
0
0
0
0
0
0
0
0
0
1
0
1
0
-1
-1
-1
0
0
0
0
0
0
0
-1
0
0
1
-1
0
1
0
0
0
0
0
0
0
-1
0
0
0
0
0
0
0
0
0
0
0
0
0
0
0
0
0
0
0
0
0
0
1
0
1
0
0
0
1
0
0
-1
1
0
-1
0
0
-1
0
0
0
0
-1
0
0
0
0
1
0
0
0
1
0
0
1
-1
0
0
0
0
0
0
-1
0
1
0
0
0
1
-1
0
0
0
-1
0
0
0
-1
0
1
0
-1
0
0
-1
-1
0
0
0
0
-1
-1
-1
0
0
0
0
0
0
0
0
0
1
0
-1
0
1
0
1
0
0
0
-1
0
0
0
0
0
0
-1
1
0
0
0
0
1
0
0
0
-1
0
1
0
0
0
0
0
0
0
0
0
0
-1
1
-1
0
1
0
0
0
0
0
0
0
0
0
0
0
0
0
0
0
1
0
0
0
0
-1
1
0
0
0
0
0
0
0
0
0
0
0
0
-1
0
0
0
-1
0
0
1
1
0
0
0
0
-1
0
1
0
-1
0
0
0
0
-1
0
0
0
0
0
-1
-1
0
0
0
0
1
0
0
0
0
-1
0
0
0
0
0
0
0
0
1
0
-1
0
0
-1
0
0
0
0
0
0
0
0
0
0
0
1
0
0
0
0
-1
-1
0
-1
0
0
0
-1
0
0
0
0
1
1
-1
0
0
-1
-1
0
0
-1
0
0
-1
0
0
-1
1
-1
0
0
-1
0
0
0
0
0
0
0
1
0
0
-1
1
1
0
0
0
0
0
0
0
0
0
1
0
0
0
0
0
0
-1
0
0
-1
0
0
1
0
0
1
0
0
0
1
0
0
0
0
0
0
1
-1
0
0
0
1
0
-1
0
0
0
0
0
-1
0
0
0
0
1
0
0
1
0
0
0
1
0
0
0
0
0
1
0
0
0
0
0
0
0
1
0
0
0
0
-1
0
0
-1
-1
0
-1
0
0
0
1
1
0
0
0
-1
1
0
0
0
0
1
0
1
0
0
