-1
0
0
0
0
0
-1
0
0
0
1
0
0
0
0
0
0
0
0
0
-1
1
1
-1
0
0
0
0
0
0
0
0
0
0
0
0
0
-1
0
0
0
0
0
0
0
0
-1
0
0
0
0
-1
0
-1
0
0
0
0
0
-1
0
0
-1
0
0
0
1
0
0
0
0
0
0
1
0
0
0
0
0
1
0
0
0
1
1
0
0
0
0
0
0
0
0
1
1
1
0
0
-1
0
0
0
-1
-1
0
0
0
0
0
0
0
0
0
0
0
0
0
0
0
0
0
0
0
0
0
1
1
1
0
-1
0
0
0
0
0
0
1
-1
-1
0
0
0
0
0
1
0
-1
0
0
0
0
0
0
0
0
-1
0
0
0
0
1
0
0
0
0
0
-1
1
1
0
0
0
0
1
0
0
0
0
0
0
0
0
0
0
0
0
1
0
0
0
0
0
0
1
0
0
0
0
0
0
0
0
0
0
1
0
-1
0
0
0
0
-1
0
0
0
0
0
0
-1
0
0
-1
0
0
0
-1
1
0
0
0
0
0
0
0
0
0
0
0
0
0
-1
0
-1
0
0
0
0
0
0
0
0
0
1
0
0
0
0
0
0
0
0
0
0
0
1
0
0
0
0
0
0
0
0
0
-1
0
0
1
0
0
0
0
0
0
0
1
0
0
0
0
0
0
-1
0
1
0
0
0
0
0
0
0
0
-1
0
0
0
0
0
0
0
0
1
0
-1
0
1
0
0
-1
0
0
0
0
-1
0
0
0
0
1
0
0
0
0
0
0
0
0
-1
0
0
0
0
0
0
0
0
0
1
0
0
0
0
0
1
0
0
1
0
1
-1
0
0
0
0
0
0
0
0
-1
0
-1
-1
0
0
0
0
0
0
0
0
0
0
-1
0
-1
0
0
0
0
0
0
-1
0
0
0
0
0
0
0
0
0
0
0
0
0
0
0
0
0
1
1
0
-1
0
0
0
0
0
0
0
0
0
0
0
0
0
0
0
0
1
0
0
0
0
0
1
0
0
0
0
0
0
0
-1
-1
0
0
0
0
0
-1
-1
0
0
0
-1
1
0
0
-1
0
0
0
0
0
0
0
0
0
0
0
0
0
0
0
0
1
0
0
-1
0
0
0
0
0
0
1
0
0
-1
-1
0
0
0
0
-1
0
0
0
0
0
1
0
0
1
0
1
0
0
0
0
0
0
-1
0
0
0
0
0
0
1
0
0
0
0
0
0
-1
-1
0
-1
0
0
0
0
0
0
0
0
0
0
0
0
0
0
-1
0
0
0
0
1
0
0
0
0
0
0
0
0
0
0
-1
1
-1
0
0
0
0
0
0
0
0
1
0
1
0
0
0
1
-1
0
0
0
0
0
0
0
0
0
0
-1
0
0
0
0
1
1
0
1
0
0
0
0
0
0
0
0
0
0
-1
-1
-1
-1
0
0
0
0
0
-1
0
0
0
0
0
-1
0
-1
0
1
0
0
1
0
0
-1
0
-1
0
0
0
-1
0
1
-1
0
0
0
0
-1
0
1
0
-1
1
1
0
1
-1
0
0
1
0
0
-1
1
0
0
1
0
0
0
0
1
0
0
0
0
1
0
-1
0
-1
0
1
0
1
-1
0
1
0
0
0
0
0
-1
0
0
0
0
0
0
0
0
0
0
-1
0
1
0
1
0
-1
0
0
1
0
0
0
0
0
0
-1
0
-1
0
0
0
0
0
0
0
1
0
1
0
0
0
0
0
-1
0
0
0
0
0
-1
0
0
0
0
0
0
1
0
0
0
0
1
0
0
0
0
0
0
0
0
0
-1
0
1
0
0
0
0
0
0
0
0
0
0
0
0
0
0
0
-1
1
0
0
0
-1
0
0
0
1
0
0
0
-1
0
0
0
0
1
1
0
1
0
0
-1
0
-1
0
0
0
0
0
0
0
0
0
0
0
0
0
1
0
0
0
0
0
0
0
0
0
0
0
0
0
0
0
0
0
0
1
0
0
0
1
0
0
0
0
0
0
0
0
1
1
0
0
1
0
0
0
0
0
1
0
0
-1
1
0
-1
-1
0
0
0
0
0
1
0
1
0
0
0
1
0
-1
0
-1
0
0
-1
0
0
0
-1
0
0
0
0
0
0
0
0
1
-1
0
0
0
0
-1
0
0
0
0
0
1
0
0
0
0
0
0
0
0
1
1
0
0
0
0
0
0
0
0
0
1
0
-1
0
0
0
0
0
0
0
0
0
0
1
0
1
0
1
0
0
0
1
-1
1
-1
1
-1
0
0
0
0
-1
1
-1
0
-1
-1
1
-1
1
0
0
1
0
-1
2
-2
2
0
-1
2
-2
3
0
1
-1
1
-1
1
-1
0
1
-2
2
-2
1
-1
1
0
0
0
0
1
-2
1
-1
0
0
-2
2
-3
1
0
-2
2
-3
2
-1
0
1
-1
1
1
-2
1
0
-1
2
-3
2
-1
-1
2
-3
2
-1
0
0
0
-1
3
-2
3
-2
-1
0
-3
3
-3
4
-3
3
-3
2
-2
-1
3
-3
4
-4
2
0
-2
3
-3
3
-2
1
-1
0
0
0
0
0
1
-1
1
-1
0
1
-1
0
2
-5
7
-8
5
-2
-3
6
-8
9
-7
6
-4
3
-2
1
3
-5
7
-8
7
-5
1
1
-3
2
-1
1
-2
4
-6
7
-5
3
1
-2
3
-3
3
-2
3
-4
5
-6
5
-2
0
2
-3
2
0
-1
2
-2
0
2
-3
3
-3
3
-4
3
-3
1
1
-4
8
-9
10
-9
6
-3
-3
6
-8
10
-9
8
-7
3
-1
-2
5
-7
8
-9
8
-5
1
3
-7
8
-10
9
-7
5
-2
1
-1
0
1
-4
8
-9
11
-10
5
-1
-1
4
-3
3
-2
2
-4
5
-7
7
-6
4
-1
0
5
-4
5
-2
-1
1
-4
2
-2
-2
3
-4
5
-1
1
3
-5
5
-4
3
2
-3
7
-6
3
-2
-6
7
-10
5
-5
0
6
-3
9
-3
5
0
0
-3
3
-6
5
-5
3
-2
-2
-2
-2
-6
3
-5
1
10
-6
27
-16
22
-17
0
-6
-9
5
-19
13
-8
12
1
9
-4
7
-11
3
-4
-4
12
-12
18
-13
9
-10
7
-13
4
-4
3
11
1
10
-13
9
-25
5
-12
5
5
13
2
18
-7
0
2
-32
10
-34
10
3
4
21
7
-4
8
-17
9
-8
-12
9
-15
23
-9
27
-25
25
-31
2
-6
-23
37
-25
36
-8
5
8
-7
-4
-4
-8
-2
6
-10
17
-17
14
-14
12
1
-24
44
-53
41
-36
10
13
-15
49
-22
31
-16
-16
-10
-25
-25
27
-17
37
9
3
38
-27
6
-25
-24
-13
-4
-4
26
-5
21
20
-21
37
-36
18
-14
-15
4
-14
23
-8
10
-7
6
9
-6
13
-32
20
-17
18
24
-25
42
-45
20
-28
-14
9
-29
35
-31
23
-3
6
7
3
-10
23
9
27
3
12
-36
-28
-53
-69
-18
-65
93
32
125
95
69
31
-46
-42
-116
-49
-84
-5
9
22
68
9
41
-10
1
-5
-19
-13
-45
-28
-46
-30
0
19
61
71
85
55
15
-26
-26
-89
-34
-48
-35
34
-12
82
10
44
1
-5
14
-43
22
-51
-14
-12
-34
20
-26
39
13
25
28
14
-10
19
-29
10
-36
-2
3
-35
41
-58
32
-18
11
40
-12
54
-19
21
-36
-42
-2
-51
27
-9
12
37
2
33
11
-6
-8
-25
-18
3
-7
16
-10
12
8
-5
37
-30
29
-24
1
9
-57
36
-37
39
0
7
4
-14
-2
-18
13
-26
45
-8
14
14
-23
22
-39
4
-20
-23
17
-26
45
-17
31
10
-4
23
-25
3
-8
-8
-7
-6
-20
4
4
7
35
-6
16
21
-26
34
-65
27
-46
-11
29
-46
93
-18
16
24
-62
19
-58
-13
26
-49
84
-10
39
35
-18
24
-58
-12
-7
-40
50
-39
35
-13
11
3
-17
16
-31
36
-44
65
-50
53
-25
-20
50
-101
93
-74
26
14
-53
92
-80
72
-42
-4
52
-60
104
-89
68
-34
-23
59
-117
90
-99
76
-15
-6
67
-78
83
-66
14
-5
-51
46
-49
45
-25
6
4
-7
19
-3
17
-15
5
-27
37
-9
22
24
-29
59
-63
64
-50
7
-5
-28
29
-35
16
-6
-9
22
-28
10
-7
-29
29
-43
41
-42
18
-14
-6
48
-5
61
-25
31
-48
5
-18
8
23
-16
27
-38
36
-41
8
-31
-15
3
2
19
14
2
20
-10
38
-41
33
-30
-1
25
-39
36
-34
15
-28
3
0
-6
25
-31
33
-23
5
16
-37
39
-39
29
20
-18
34
-18
-10
25
-57
47
-31
-27
53
-78
68
-36
15
31
-24
53
-24
44
-53
13
-54
-12
6
-15
53
-7
34
3
-13
30
-46
23
-23
-23
5
-30
15
-4
29
20
-3
51
-62
69
-70
4
-13
-66
58
-83
75
-30
25
26
-11
15
10
-12
42
-39
35
-46
8
-17
-1
9
-7
22
-9
8
-2
-3
-3
-7
-4
2
-9
16
-18
24
-43
40
-58
45
-14
16
34
-22
37
-45
29
-32
21
-11
-7
46
-53
74
-62
8
-4
-55
50
-63
54
-25
18
47
-22
23
-27
-34
25
-45
48
-15
2
37
-29
42
-27
-1
11
-50
47
-56
28
7
-30
54
-64
58
-39
20
34
-36
56
-55
20
-2
-32
49
-29
-8
34
-58
47
-40
17
-12
4
14
-5
19
4
28
-28
34
-66
3
0
0
12
35
-59
78
-63
42
21
-115
121
-180
152
-51
31
72
-137
137
-157
132
-89
44
-38
35
-30
43
9
-52
92
-143
118
-93
44
21
-47
44
-45
54
-24
42
-47
38
-42
32
-7
4
-16
2
5
-24
43
-78
75
-85
72
-31
21
31
-27
29
-28
-12
-3
-29
13
0
6
36
8
35
-41
38
-61
21
-38
-6
13
-24
61
-32
38
-6
2
-24
17
-66
64
-82
72
-26
-2
74
-109
161
-146
95
-48
-51
69
-91
115
-76
101
-75
43
-7
-55
75
-105
40
-8
-40
91
-64
88
-59
24
-4
-54
78
-151
149
-185
161
-54
35
116
-140
204
-192
119
-75
-63
65
-151
135
-99
98
-12
-13
55
-58
58
-54
35
-53
19
-39
25
-26
20
55
-35
102
-81
59
-64
-12
11
-72
68
-49
32
38
-26
74
-41
5
8
-77
44
-57
25
5
6
39
-10
8
-13
-20
26
-58
64
-71
48
2
-13
53
-59
46
-51
41
-53
58
-51
31
21
-42
41
-8
-49
83
-101
90
-52
20
21
-73
91
-118
108
-93
70
-35
36
13
-17
32
-59
33
-43
2
24
-26
49
0
5
11
6
-51
48
-77
38
-8
-38
79
-78
83
-44
24
-4
-10
-5
10
-27
31
-12
-14
31
-53
50
-19
-1
48
-78
84
-67
10
44
-102
117
-117
80
-21
-20
77
-75
77
-53
35
-23
-16
1
-23
9
23
-18
41
-32
25
12
-70
87
-126
89
-46
17
25
-20
35
-26
42
-71
80
-122
119
-101
94
-40
17
42
-79
107
-136
105
-97
64
-16
1
17
-26
26
-40
55
-94
106
-136
137
-108
71
-18
-15
47
-40
56
-57
53
-84
85
-85
73
-9
-11
54
-60
34
-14
-53
66
-80
41
19
-55
109
-102
90
-83
16
13
-97
128
-137
157
-106
112
-64
35
-26
-17
7
-78
44
-121
127
-38
81
121
-65
128
-102
33
-22
-77
34
-101
41
-34
-8
53
-58
39
4
-54
90
-90
72
-59
9
-41
-1
-5
-13
82
-41
119
-59
73
-32
-11
-48
-2
-37
-15
59
-41
93
-43
48
-34
46
-70
84
-95
87
-71
21
-1
-43
32
-19
71
-2
103
-16
54
-49
-30
-47
-76
-1
-50
40
-46
125
-68
93
-29
-46
36
-92
22
-5
-34
89
-89
113
-55
71
16
9
78
-79
109
-165
132
-188
98
-57
14
28
-6
27
-50
73
-119
86
-97
38
2
28
14
27
-48
17
-30
2
43
-67
55
-45
0
22
6
29
-34
57
-68
24
-13
-27
39
-39
4
-47
1
-49
39
-26
39
4
-28
82
-114
78
-91
-7
-4
-28
70
1
78
4
32
26
-14
-31
19
-119
38
-42
-9
93
-104
143
-62
82
32
-32
1
-68
-2
-86
28
-76
51
11
76
102
19
28
-25
-88
-40
-98
-7
1
40
49
127
-2
108
-43
4
-27
-94
-14
-64
53
-79
173
-118
146
-36
-70
88
-172
82
-93
-3
71
-42
109
-24
-24
-11
-54
-32
61
-69
131
-35
6
97
-69
49
39
-161
103
-154
28
54
-105
157
-113
75
40
-64
69
-63
-6
0
-49
79
-38
17
68
-113
57
-33
-70
162
-131
190
-109
94
-71
-55
-8
-88
71
22
114
14
61
-54
-37
8
-136
34
-62
3
84
-82
165
-103
31
-18
-48
5
23
-19
42
27
-41
78
-112
64
-70
34
68
-89
141
-100
37
-9
-90
78
-93
144
-63
100
-63
-61
16
-163
93
-50
25
97
0
68
5
25
-57
18
-83
-45
24
-79
73
-5
-3
12
-1
7
82
34
21
-38
-47
-28
-68
39
-42
69
-65
40
-17
-100
123
-101
76
76
-104
104
-9
-53
173
-197
171
-159
16
1
-65
102
-132
200
-120
99
20
-21
41
-116
0
-65
-57
99
-63
127
36
3
79
-111
49
-91
-59
80
-8
-6
113
-104
61
-30
-115
110
-121
149
-109
197
-154
0
115
-252
265
-77
33
207
-84
44
-3
-190
51
-168
16
0
-109
90
-86
22
72
-59
40
21
-90
130
-137
30
-76
-31
207
13
311
72
117
54
-93
29
-145
-79
-166
-9
-157
61
-86
-35
61
-163
157
-163
103
-65
18
39
-2
77
5
99
22
40
16
-24
-60
-75
-53
-70
91
20
144
96
18
13
-38
-84
-63
-38
4
63
20
34
37
-147
92
-128
3
-15
-118
101
-95
133
-64
165
-44
142
-20
48
-45
-63
6
-106
48
-97
-44
63
-95
143
9
21
74
-126
24
-118
-57
-21
-16
11
85
-5
82
-23
-28
-30
15
-58
87
76
25
154
-122
28
-67
-240
69
-153
46
159
-69
270
-75
72
36
6
-2
-88
-64
-122
-92
-10
1
175
-11
266
1
62
33
-139
-4
-134
-51
-41
19
6
37
44
53
-31
94
-35
84
-10
88
-65
-44
-72
-144
19
-156
64
8
35
238
69
152
88
-134
79
-319
-46
-140
-121
160
-52
185
30
31
36
-34
-31
21
-47
24
-3
-37
-40
-35
-105
48
-87
86
-52
89
29
29
100
-28
48
-114
86
-63
66
41
-128
12
-196
-35
-59
-10
57
25
144
11
168
-77
44
-124
-112
24
-266
197
-97
114
214
-112
182
-131
-33
36
-114
114
-90
-40
55
-126
-41
-8
-32
50
161
12
284
-42
33
-79
-175
-139
-44
35
172
130
110
111
-126
-20
-176
-64
-101
86
12
118
54
-10
25
-62
20
0
-50
28
-78
55
15
-36
81
-24
36
-25
-36
-126
-45
-14
-26
141
41
-10
168
-133
172
-89
-46
-67
-189
-16
-169
118
-54
108
37
107
83
76
52
-74
-59
-134
-129
-10
-13
91
131
29
197
-83
103
-78
12
-8
4
16
-81
18
-235
115
-212
126
-20
2
125
-42
165
-104
51
-75
-68
39
-26
75
-83
12
-105
13
74
43
108
-1
32
-73
-11
-75
-108
-63
-65
-62
123
-30
105
178
-83
105
-74
13
5
8
99
-43
28
-126
-58
119
-43
211
16
19
91
-142
94
-91
-117
-32
-220
21
-37
-63
134
-108
99
-51
64
58
-15
167
-100
66
-327
-182
-235
-121
208
255
575
428
555
201
171
-270
-361
-408
-374
-131
-138
-56
-14
-38
45
169
-20
-53
-107
-288
43
-161
150
121
117
233
243
183
186
-6
-224
-151
-409
42
-368
225
-18
154
220
2
229
-117
80
-148
-206
-141
-313
-32
-138
58
171
17
477
24
184
18
-262
2
-256
-2
51
-68
282
-68
196
100
-20
184
-43
107
-34
-116
-106
-319
-129
-330
-28
-54
186
290
248
125
-49
-167
-250
26
-127
241
11
63
-19
-172
-33
-20
208
89
310
-87
32
-153
-119
-22
-108
47
-45
127
-72
70
-93
49
-38
128
-10
35
42
-136
100
-200
10
-114
-111
127
21
299
83
147
-43
-50
-89
-63
-56
-162
-54
-165
27
-92
237
51
294
118
36
64
-183
-70
-142
-42
-127
204
-93
209
129
-56
176
-153
81
-1
-93
-6
-265
64
-173
126
87
-66
129
-213
134
-16
143
47
59
-53
-20
-76
-201
-48
-238
12
-35
3
53
-85
213
39
219
109
-112
12
-360
104
-385
141
-125
-28
178
-98
195
-46
-77
-60
-144
-118
35
-95
128
-147
-47
-74
-304
-17
-277
-29
-77
35
257
6
310
-169
48
-59
-128
120
-92
58
44
10
100
63
24
-9
139
-38
279
-40
149
42
-165
115
-151
192
138
174
157
59
-47
-74
-40
-109
106
40
117
89
-26
-21
-79
-99
-117
-7
-163
39
-2
-21
160
-107
133
44
-31
153
-5
59
5
36
-47
24
37
79
251
83
177
43
-32
-35
-155
40
-12
140
69
87
131
-63
192
-153
17
-156
-133
27
-80
117
-65
-7
-157
-71
-135
-62
-9
-50
63
-30
65
-25
15
4
-144
-70
-161
-124
-73
-146
-119
-221
-169
-95
-128
-34
-153
-150
-134
-230
-12
-96
55
48
-31
44
-72
40
-14
105
6
126
32
-35
114
-146
91
-12
-85
25
-121
-90
32
-11
74
25
68
33
51
-29
-18
-16
67
159
180
265
172
244
192
255
239
301
214
240
242
148
226
64
187
88
158
139
104
95
73
108
69
72
25
35
111
131
187
130
99
53
7
69
60
196
101
211
92
131
125
69
195
29
49
11
-80
13
-164
-131
-209
-337
-296
-480
-434
-540
-585
-605
-644
-588
-648
-585
-577
-602
-552
-579
-595
-559
-585
-538
-513
-487
-452
-399
-376
-278
-252
-168
-175
-167
-198
-214
-217
-145
-98
-9
76
73
186
195
297
286
263
229
240
213
205
217
221
250
300
394
459
550
630
709
808
892
973
1004
1080
1131
1236
1315
1380
1399
1368
1338
1280
1263
1201
1220
1140
1192
1178
1182
1195
1161
1123
1025
940
746
670
363
255
-93
-300
-520
-860
-965
-1296
-1373
-1618
-1713
-1865
-1883
-1906
-1897
-1773
-1760
-1683
-1704
-1747
-1822
-1895
-2132
-2273
-2472
-2620
-2740
-2971
-3159
-3365
-3541
-3590
-3628
-3607
-3559
-3359
-2974
-2448
-1884
-1301
-785
-75
760
1689
2571
3262
3870
4431
5007
5384
5573
5468
5243
5040
4741
4402
3905
3304
2690
2189
1763
1378
1085
838
688
651
634
713
751
835
863
800
772
624
542
365
237
30
-213
-320
-411
-465
-445
-411
-280
-55
78
254
377
420
466
405
291
3
-255
-561
-791
-1010
-1272
-1477
-1726
-1929
-2136
-2189
-2290
-2376
-2543
-2639
-2764
-2836
-3055
-3416
-3818
-4279
-4592
-4947
-5277
-5748
-6106
-6326
-6155
-5672
-5213
-4637
-3961
-2746
-1193
548
1985
3234
4350
5610
6821
7790
8216
8220
8027
7844
7570
6956
5974
4781
3742
2797
2015
1133
398
-257
-543
-772
-856
-1011
-1072
-1000
-832
-718
-704
-725
-643
-503
-440
-386
-460
-324
-71
308
691
1015
1415
1999
2500
3016
3244
3493
3602
3661
3586
3306
2912
2403
1853
1233
633
-165
-808
-1459
-1886
-2195
-2443
-2550
-2676
-2764
-2701
-2694
-2722
-2907
-3159
-3449
-3716
-4121
-4687
-5412
-6210
-6897
-7475
-7986
-8474
-9052
-9233
-8992
-8170
-7070
-6009
-4819
-3253
-1106
1322
3556
5288
6771
8137
9593
10667
11231
11007
10430
9813
9251
8430
7111
5526
4031
2793
1747
684
-385
-1274
-1872
-1987
-2051
-2163
-2336
-2371
-2195
-2044
-2043
-2283
-2424
-2517
-2368
-2202
-2098
-1930
-1611
-865
0
979
1795
2819
3827
4954
5821
6466
6826
7024
6939
6632
6113
5307
4313
3234
2154
1114
25
-909
-1609
-2212
-2622
-3045
-3255
-3398
-3439
-3368
-3290
-3275
-3412
-3680
-4006
-4457
-5127
-5989
-7015
-8054
-9108
-9970
-10733
-11357
-12013
-12295
-11891
-10844
-9155
-7614
-5665
-3572
-703
2316
5333
7601
9480
11016
12606
13914
14530
14172
13176
12096
10903
9619
7742
5667
3479
1778
340
-747
-2013
-2900
-3561
-3592
-3453
-3354
-3301
-3190
-2911
-2678
-2640
-2848
-3028
-3202
-3138
-3177
-3071
-2834
-2168
-1260
-153
1028
2386
3961
5562
7010
8116
8956
9643
10054
10059
9497
8520
7360
6121
4773
3254
1607
120
-1062
-1959
-2581
-3225
-3692
-4110
-4275
-4183
-4051
-3934
-4082
-4252
-4437
-4630
-4981
-5690
-6746
-8047
-9227
-10405
-11327
-12412
-13207
-14025
-14228
-13711
-12484
-10373
-8454
-6074
-3615
-151
3437
6949
9467
11596
13219
14926
16151
16586
15966
14505
13029
11349
9709
7408
4868
2239
271
-1433
-2556
-3793
-4647
-5261
-5106
-4688
-4311
-4033
-3742
-3210
-2801
-2647
-2907
-3011
-3142
-3068
-3283
-3426
-3432
-2901
-1847
-667
636
1970
3703
5740
7789
9255
10292
11037
11755
12041
11777
10775
9409
7839
6273
4657
2913
1063
-690
-1874
-2684
-3187
-3706
-4070
-4364
-4215
-3882
-3455
-3380
-3603
-3957
-4233
-4559
-5272
-6393
-7887
-9462
-10942
-12273
-13366
-14461
-15406
-16199
-16042
-15136
-13258
-10955
-8715
-5946
-2846
1194
5089
8649
11060
13194
14828
16559
17453
17519
16367
14797
13041
11357
9479
7036
4413
1837
-27
-1473
-2445
-3693
-4376
-4842
-4425
-3975
-3512
-3262
-2946
-2557
-2317
-2473
-2796
-3128
-3365
-3631
-4001
-4311
-4365
-3875
-2910
-1589
-327
1277
3160
5575
7663
9442
10626
11743
12462
12809
12444
11505
10100
8449
6752
4992
3053
1107
-636
-1839
-2619
-3204
-3656
-4049
-4050
-3836
-3316
-2965
-2922
-3172
-3505
-3899
-4489
-5496
-6926
-8612
-10389
-12137
-13605
-14997
-16197
-17146
-17871
-17574
-16447
-14295
-11659
-9013
-5867
-2333
1980
6171
9841
12390
14556
16241
18029
18857
18734
17370
15416
13505
11594
9484
6810
3797
1083
-899
-2282
-3286
-4543
-5291
-5643
-5053
-4370
-3797
-3560
-3226
-2855
-2560
-2745
-3152
-3630
-4131
-4511
-4981
-5269
-5398
-4895
-4011
-2598
-1023
838
3085
5601
8122
10180
11882
13202
14222
14559
14338
13337
11951
10107
8243
6227
4158
1927
-68
-1472
-2334
-2909
-3483
-3799
-3828
-3458
-2972
-2506
-2503
-2762
-3214
-3654
-4393
-5621
-7346
-9322
-11369
-13316
-15161
-16666
-18039
-19049
-19768
-19473
-18167
-15938
-12882
-9986
-6460
-2821
1728
6226
10339
13136
15425
17097
18889
19952
19880
18614
16375
14346
12341
10424
7724
4660
1665
-259
-1602
-2377
-3611
-4502
-4917
-4452
-3614
-3098
-2953
-2963
-2883
-2833
-2972
-3664
-4432
-5365
-6015
-6648
-6896
-7031
-6770
-5881
-4373
-2396
-144
2289
5099
7946
10442
12576
14158
15463
16028
15827
14926
13493
11626
9523
7323
5033
2601
318
-1295
-2360
-2976
-3616
-3980
-3964
-3519
-2974
-2545
-2418
-2647
-3060
-3688
-4549
-5859
-7773
-9965
-12275
-14352
-16314
-18017
-19549
-20520
-21128
-20811
-19299
-16867
-13457
-10298
-6508
-2564
2301
6937
11250
14071
16472
18122
19861
20896
20767
19318
16978
14804
12685
10697
7788
4684
1631
-215
-1569
-2260
-3615
-4490
-4922
-4354
-3540
-3032
-3064
-3217
-3172
-3167
-3278
-4109
-4950
-6073
-6583
-7107
-7109
-7257
-6811
-5814
-4069
-1772
592
3240
5977
8940
11410
13562
14914
16030
16285
15941
14656
12950
10767
8506
6103
3631
1094
-1123
-2759
-3725
-4230
-4733
-4873
-4778
-4071
-3297
-2555
-2329
-2402
-2767
-3267
-4061
-5445
-7379
-9742
-12046
-14214
-15987
-17825
-19295
-20447
-20933
-20002
-18249
-15116
-11953
-8461
-4623
16
5050
9783
13331
15960
18095
19824
21359
21499
20578
18239
15741
13275
10970
8150
4906
1424
-1022
-2669
-3588
-4529
-5642
-6052
-5760
-4522
-3578
-3077
-3114
-2851
-2704
-2456
-3080
-3903
-5051
-5832
-6403
-6790
-7002
-7017
-6291
-4921
-2710
-359
2438
5276
8407
11162
13648
15395
16678
17126
16877
15728
13992
11684
9078
6353
3514
849
-1664
-3527
-4845
-5484
-5877
-5932
-5641
-4877
-3793
-2783
-2123
-1886
-1877
-2197
-2852
-4148
-6024
-8428
-10909
-13355
-15529
-17705
-19564
-21036
-21784
-21024
-19418
-16354
-13313
-9634
-5497
-406
4886
9899
13501
16434
18748
20627
22139
21891
20734
18185
15726
13093
10526
7348
3955
577
-1807
-3494
-4386
-5307
-6108
-6134
-5506
-4064
-3096
-2491
-2261
-1773
-1527
-1478
-2320
-3212
-4388
-5189
-5998
-6606
-7037
-7038
-6226
-4698
-2556
-142
2696
5761
9090
11785
14218
15861
17116
17355
16821
15353
13379
10835
8078
5088
2105
-717
-3156
-4896
-6009
-6490
-6742
-6503
-5829
-4575
-3225
-1952
-1260
-823
-828
-1053
-1778
-3319
-5571
-8265
-10886
-13423
-15783
-18253
-20124
-21773
-22089
-21114
-18914
-15766
-12611
-8727
-4059
1511
6850
11595
14665
17636
19579
21636
22342
21582
19582
16799
14353
11802
8875
5403
1841
-1137
-2938
-4384
-5067
-6119
-6334
-5977
-4738
-3341
-2538
-2138
-1675
-1211
-849
-1289
-2342
-3395
-4505
-5106
-5941
-6459
-6911
-6575
-5355
-3581
-1315
1143
3995
7284
10265
12771
14809
15976
16865
16571
15550
13751
11394
8775
5970
2980
112
-2474
-4456
-5674
-6314
-6548
-6548
-5929
-4976
-3466
-2121
-1069
-510
-406
-558
-1116
-2338
-4465
-7191
-10125
-12789
-15291
-17858
-20108
-22100
-22755
-22079
-20045
-16941
-13796
-9846
-5110
721
6500
11534
14871
18034
20243
22431
23311
22412
20196
17127
14378
11687
8715
4990
1265
-1826
-3493
-4631
-5277
-6217
-6316
-5570
-4005
-2358
-1440
-1115
-711
-354
-145
-734
-2262
-3601
-4934
-5643
-6531
-7239
-7812
-7366
-5941
-3902
-1618
940
3888
7358
10526
13006
14852
15844
16591
16251
15172
13068
10508
7626
4875
2079
-695
-3322
-5211
-6165
-6362
-6301
-6096
-5402
-4304
-2596
-1025
141
642
563
266
-381
-1696
-4023
-7103
-10304
-13138
-15757
-18348
-20773
-22849
-23203
-22203
-19627
-16558
-13196
-9189
-3801
2001
7908
12384
15651
18658
20636
22672
22765
21502
18711
15548
12722
9986
6685
3044
-617
-3018
-4347
-5027
-5481
-6104
-5645
-4454
-2498
-844
-106
97
472
591
689
-585
-2163
-3875
-5110
-5942
-6788
-7465
-7730
-6908
-5253
-2940
-505
2290
5202
8530
11127
13404
14613
15313
15261
14363
12768
10454
7656
4829
2201
-292
-2488
-4565
-5737
-6119
-5621
-5121
-4380
-3606
-2320
-676
778
1559
1534
958
176
-888
-2796
-5508
-8769
-11886
-14584
-17086
-19357
-21491
-22427
-21883
-19977
-16889
-13911
-10238
-5612
-133
5505
10306
13394
16535
18520
20634
21215
20263
18120
15213
12732
10184
7432
4000
682
-1991
-3233
-4046
-4280
-5027
-4970
-4193
-2516
-771
138
262
406
607
879
276
-1195
-2622
-3971
-4571
-5361
-5871
-6303
-5529
-4249
-2181
-116
2150
4764
7573
9756
11500
12372
12891
12966
12002
10603
8335
6093
3640
1635
-354
-2097
-3680
-4597
-4732
-4066
-3495
-2839
-2304
-1407
-128
862
1421
1148
355
-633
-1700
-3375
-5686
-8711
-11461
-13910
-15985
-18008
-20049
-20895
-20381
-18462
-15757
-13179
-10050
-5642
-733
4624
8726
11514
14511
16418
18797
19261
18576
16596
14165
11984
9854
7266
4122
1012
-1447
-2562
-3405
-3688
-4523
-4480
-3845
-2326
-762
43
266
579
827
1309
835
-242
-1422
-2421
-2910
-3573
-4095
-4520
-3832
-2740
-939
624
2504
4631
6999
8666
10029
10289
10607
10198
9257
7891
5760
3723
1469
-117
-1588
-2722
-3831
-4267
-4098
-3204
-2451
-1558
-1023
-269
695
1504
1948
1376
276
-973
-2218
-3880
-6115
-8943
-11314
-13605
-15243
-17228
-18659
-18822
-17880
-15570
-13339
-11127
-7845
-3547
1245
6049
8425
11310
13244
15639
17383
17188
15830
13520
11470
9742
7881
4978
1866
-1186
-2596
-3409
-3670
-4580
-5101
-4778
-3608
-1816
-592
-102
310
669
1282
1704
1179
510
-394
-833
-1141
-1461
-1778
-1339
-697
510
1666
2963
4756
6439
7742
8445
8520
8629
8146
7252
5691
3649
1728
-77
-1497
-2774
-3875
-4572
-4689
-4269
-3359
-2438
-1256
-369
491
1371
2095
2595
2285
1264
9
-1493
-3141
-5255
-7744
-10006
-12316
-13942
-15585
-16782
-16668
-15748
-13574
-11361
-9483
-6313
-2561
1737
5868
7825
10250
11751
13650
14943
14703
13370
11043
9041
7371
5886
3366
698
-2079
-3347
-4060
-4173
-4805
-5228
-4886
-4026
-2325
-1311
-606
-240
156
660
1194
978
912
487
546
799
984
1431
2041
3146
4544
5756
6862
7963
8847
9738
9529
9159
7953
6542
4915
2732
585
-1745
-3642
-5204
-6217
-6811
-6860
-6470
-5520
-4279
-2693
-1184
292
1468
2289
2915
3033
2660
1612
41
-1846
-3961
-6385
-8661
-10955
-12809
-14313
-15711
-15841
-14824
-12762
-10003
-7893
-5292
-1593
2304
6694
9131
10691
12017
12825
14007
13591
12218
9656
7085
4836
3320
1298
-876
-3349
-4961
-5473
-5473
-5326
-5762
-5392
-4853
-3446
-2337
-1806
-1518
-1170
-978
-510
-676
-592
-335
23
743
1522
2848
4334
6086
7717
9495
11136
12498
13267
13489
12935
11930
10253
8040
5435
2465
-662
-3541
-5932
-7828
-9104
-10040
-10106
-9356
-7875
-6086
-4250
-2464
-586
1230
2736
3582
3661
2997
1973
667
-1172
-3503
-6287
-8964
-10998
-12723
-14081
-15455
-15811
-14524
-12049
-8786
-6342
-3737
-14
3967
8582
11076
12325
13413
13691
14717
13912
12229
9306
6432
3849
2075
-107
-2421
-4712
-6394
-6843
-7058
-6862
-7296
-6789
-6217
-4885
-3963
-3607
-3419
-2931
-2548
-2093
-2282
-2353
-1721
-901
433
1474
3137
5081
7509
9741
11782
13692
15438
16441
16869
16062
14825
12966
10400
7597
4005
464
-3073
-5832
-8166
-9738
-11068
-11517
-11208
-9892
-8155
-6218
-4329
-2640
-792
871
2326
2914
2640
1533
254
-1226
-2879
-5296
-7867
-10373
-12067
-13216
-14317
-14209
-13373
-10934
-7995
-5652
-2396
1003
5150
9337
11251
13114
13740
14654
15152
14363
12521
9766
6907
4510
2620
104
-2336
-5139
-6691
-7546
-7695
-8418
-8991
-9013
-8225
-6765
-6002
-5854
-5630
-4964
-4076
-3177
-3336
-2893
-2207
-800
803
2364
4052
6111
8406
10645
12785
14519
15805
16601
16780
16004
14719
12499
10204
7475
4368
1003
-2248
-4865
-6742
-8184
-9437
-10251
-10469
-9693
-8251
-6637
-5319
-4178
-2994
-1430
-73
704
466
-358
-1368
-2319
-3371
-4942
-6850
-8947
-10565
-11798
-11674
-11019
-9417
-7368
-5973
-3115
-76
3822
7690
9491
11244
12133
13389
14340
14173
12627
10328
7794
5835
4346
2259
-132
-3055
-5066
-6386
-6674
-7513
-8531
-9409
-9480
-8496
-7579
-7382
-7325
-7011
-6106
-4859
-4446
-3648
-2904
-1489
150
1854
3720
5784
7775
9795
11440
13098
14290
15036
15191
14298
13226
11370
9570
7316
4807
2051
-457
-2606
-4177
-5286
-6369
-7110
-7733
-7725
-7085
-6047
-5227
-4727
-4317
-3531
-2367
-1584
-1657
-2188
-2843
-3177
-3402
-4188
-5435
-6739
-8051
-8630
-8081
-7377
-5661
-4771
-3797
-1398
986
4726
6867
7957
8862
9603
11027
11611
11044
9156
7356
5612
4670
3233
1477
-662
-2490
-3937
-4816
-5471
-6515
-7332
-8038
-8057
-7623
-7419
-7521
-7245
-6944
-5832
-5120
-4223
-3326
-2115
-452
1338
3298
4909
6513
7988
9586
10870
11814
12003
12069
11592
10788
9489
7780
6026
4153
2311
407
-1081
-2456
-3325
-4007
-4440
-4894
-5196
-5446
-5204
-4629
-4144
-3958
-4084
-3948
-3473
-2964
-2938
-3389
-3975
-4068
-4020
-3996
-4520
-5444
-5974
-5292
-4124
-2176
-1305
-838
793
2379
5467
7085
7655
7980
7959
8698
8920
8326
6617
4910
3098
2126
907
-450
-1910
-3223
-4256
-4990
-5567
-6283
-6509
-6778
-6663
-6449
-6389
-6368
-5829
-5285
-4280
-3698
-3053
-2063
-544
1423
3122
4699
5797
7304
8535
9736
10355
10338
9989
9415
8648
7589
6072
4292
2588
1144
-125
-1238
-2248
-3191
-3601
-3864
-3931
-4168
-4549
-4901
-4860
-4535
-4313
-4236
-4529
-4496
-4221
-3826
-3503
-3546
-3705
-3521
-3284
-3012
-2987
-3689
-3314
-2314
-492
1575
1939
3153
4622
6981
9468
9841
9727
9186
9138
9132
8509
6499
4263
1858
89
-1101
-2547
-4102
-5793
-6987
-7556
-7694
-8003
-8439
-8661
-8304
-7596
-6616
-6678
-6114
-5504
-4077
-2587
-1841
-819
460
2878
5218
7157
8169
9130
10259
11558
11967
11630
10315
9043
7854
6383
4807
2653
594
-1116
-2135
-2887
-3350
-4247
-4747
-4903
-4644
-4592
-5009
-5687
-6103
-6035
-6022
-6030
-6325
-6507
-6356
-5778
-5320
-4769
-4480
-3830
-3030
-2396
-2018
-2277
-1155
159
2558
4428
4729
6314
7591
10563
12619
12982
12582
11734
11568
11307
10447
7989
5297
2250
188
-1334
-2935
-4877
-6915
-8660
-9505
-9913
-10355
-11014
-11348
-11268
-10591
-9765
-9615
-8733
-7847
-5949
-4155
-2657
-1089
1395
4476
7616
10042
11180
12563
13740
14823
14882
13725
11802
10083
8227
6526
4372
1912
-318
-1903
-2784
-3285
-3833
-4767
-5243
-5573
-5354
-5461
-6062
-7115
-7747
-7890
-7578
-7604
-8168
-8556
-8399
-7639
-6973
-6665
-6581
-5840
-5174
-4109
-3965
-3029
-1260
963
4315
5502
7714
9315
11887
14890
16098
16549
15666
14893
13985
13266
11136
8615
5182
2283
311
-1288
-2821
-4736
-6643
-8014
-8849
-9442
-10327
-11162
-11739
-12274
-11885
-12343
-11769
-11416
-10202
-8540
-6835
-4669
-1863
1522
4802
8076
10196
12581
13989
15266
15433
14935
13572
11922
10107
8138
6162
3815
1822
284
-540
-1382
-2194
-3457
-4289
-5034
-5431
-6093
-6930
-8155
-8977
-9384
-9131
-8682
-8705
-8713
-8753
-7815
-7102
-6394
-6626
-6717
-6789
-6309
-6353
-5738
-4291
-2144
1584
3193
6195
8281
11843
15284
17053
17802
17249
16871
15900
15061
12640
10256
6869
4127
1978
619
-689
-1980
-3535
-4840
-5807
-6704
-7797
-8822
-9774
-10844
-11272
-12559
-12461
-12475
-11290
-10137
-8533
-6417
-3454
-6
3022
5871
7933
10117
11234
12171
11786
11550
10554
9564
8406
7222
6099
4829
3719
2888
2498
1827
818
-766
-2172
-3694
-4773
-6164
-7284
-8599
-9447
-9743
-9426
-8729
-8248
-8068
-7846
-7333
-6702
-6215
-6430
-7100
-7637
-8286
-8230
-6768
-5200
-1524
296
2920
5653
8774
12973
14904
16037
15447
15250
14415
13947
12080
10129
7738
5450
4028
3091
2617
1938
1152
-88
-972
-2191
-3604
-5270
-6690
-8423
-9343
-11104
-11738
-11880
-11131
-9668
-8255
-5950
-3578
-290
1968
4256
5683
6864
7424
7591
7059
6474
5697
4935
4823
4749
4916
4608
4252
3947
4170
3860
3231
1521
-450
-2461
-3923
-5096
-6096
-7129
-8223
-8360
-8147
-7205
-6556
-6357
-6533
-6679
-6586
-6525
-6616
-7727
-8552
-9895
-9759
-7981
-5596
-1325
471
3390
5641
9242
13051
14628
14826
13206
12345
10930
10221
7993
6272
4167
2947
2506
2773
3352
3725
3721
3067
2257
828
-1015
-2963
-4644
-6457
-7566
-9437
-9635
-9338
-7494
-5759
-3666
-1684
617
2874
4090
5371
5042
4940
3576
2814
1816
1482
902
753
1195
2083
3198
3797
3874
3609
3368
2554
1583
-280
-2122
-3877
-4916
-5469
-5405
-5416
-5145
-4691
-4214
-3625
-3532
-3817
-4674
-5699
-6922
-7835
-8919
-9933
-10840
-11605
-9817
-7309
-2275
1242
3787
6460
8465
12413
13843
14153
11832
9793
7645
6668
5332
3769
2615
1480
1875
2416
3518
3951
4278
3595
2546
534
-1763
-3956
-4791
-5547
-5447
-6217
-6401
-4719
-2205
1124
3007
3867
4293
4927
5121
5176
3777
2205
198
-773
-1113
-646
-179
85
624
1094
1948
2245
2092
963
-271
-1826
-2917
-3876
-4592
-4911
-4822
-4214
-3231
-2183
-1249
-770
-785
-1367
-2386
-3442
-4837
-6085
-7705
-8871
-9835
-10181
-10387
-10205
-7914
-5219
-137
2565
4727
6307
7617
10461
11040
10969
8815
7499
6093
6075
5705
5367
4937
4109
3753
3382
3266
2615
1605
-371
-2312
-4364
-6015
-7045
-6424
-5424
-3276
-2444
-1147
614
3439
6660
7902
8003
6273
5453
4747
4676
3821
2218
442
-365
-63
934
1608
1224
420
-512
-976
-1422
-2188
-3602
-4873
-5907
-5997
-5728
-5051
-4355
-3422
-2464
-1602
-1019
-895
-1006
-1491
-2277
-3427
-4512
-5348
-5715
-5927
-6221
-6852
-7166
-7768
-6278
-4512
-1390
1270
1857
3250
3554
5977
7408
8151
7376
6423
5827
6075
6950
6901
6676
5323
4297
3378
2681
1565
147
-1907
-3781
-5473
-6485
-7363
-6680
-5729
-3613
-1930
-772
896
2961
5814
7498
8382
7351
7162
6555
7007
6754
6153
4813
3432
2732
2364
2565
1712
399
-1533
-2979
-3982
-4546
-5550
-6257
-7147
-7275
-7123
-6430
-5469
-4348
-3249
-2545
-2160
-2225
-2176
-2265
-2284
-2860
-3503
-4378
-4529
-4233
-3805
-3985
-4580
-5724
-4753
-2947
270
2965
3359
3972
3687
5384
6375
6971
5786
4572
3465
3492
4219
4581
4774
3911
3076
2113
1692
851
-126
-2120
-4152
-6041
-6989
-7593
-6860
-5678
-3647
-1541
-242
2094
4085
6948
8134
8461
7730
7198
7014
6954
6988
6560
5959
5084
4823
4514
4524
3455
2020
8
-1727
-3301
-4841
-6386
-7707
-8419
-8606
-8236
-7634
-6538
-5494
-4113
-3415
-3106
-3473
-3968
-4212
-4221
-4229
-4550
-4793
-4900
-4042
-3416
-2508
-2807
-2748
-1351
787
4434
5568
5962
5244
5275
6358
6654
6343
4852
3698
2750
3251
3484
3995
3698
2951
1926
598
-482
-1667
-2798
-4678
-6689
-8487
-9405
-8940
-7111
-4927
-2279
-489
1358
3436
5427
7128
7729
7279
6404
5745
5686
6502
6913
6949
6354
6094
5997
5943
5171
3586
1921
-75
-1943
-3905
-5576
-6824
-7376
-7692
-7425
-6678
-5777
-4536
-3853
-3494
-3592
-3927
-4270
-4681
-5012
-5638
-6076
-6067
-5648
-4733
-4188
-3934
-3734
-2696
-379
2461
5561
6833
7499
7182
7339
8008
8147
7538
5784
4244
3163
3500
3491
3694
3110
2402
1392
198
-991
-2213
-3451
-5367
-7197
-9047
-9740
-9099
-7102
-4538
-1697
293
1890
2876
3888
4909
5358
4982
3799
3116
3289
4706
5779
6449
6327
6379
6389
6161
5227
3581
1920
25
-1701
-3782
-5408
-6460
-6661
-6566
-6277
-5819
-5161
-4421
-3959
-3759
-3866
-3997
-4152
-4215
-4226
-4269
-4219
-4110
-3896
-3604
-3676
-3677
-3419
-1697
542
3502
5318
6213
6982
7274
8394
8480
8244
6930
5802
4630
4339
3999
3597
3023
2101
1574
828
-13
-1488
-2894
-4679
-5761
-7139
-7973
-8273
-7216
-5097
-2396
-249
953
1726
2156
2950
3307
3466
2638
2000
1560
2354
3588
4655
5000
4853
4605
4450
4101
3053
1864
238
-1177
-2761
-4090
-4991
-5018
-4995
-5009
-5539
-6033
-6008
-5580
-5099
-5020
-5285
-5628
-5366
-4688
-3713
-2925
-2514
-2510
-2519
-2447
-2067
-400
1489
4349
6552
7164
7733
7138
8184
8814
9031
7707
5703
4083
3740
4303
4253
3773
2077
1149
364
373
-252
-1197
-2849
-4270
-5239
-5798
-5891
-5241
-4010
-2102
-316
454
863
597
1012
1395
1800
1487
1116
792
1356
2433
3549
3963
3454
2683
1888
1564
916
48
-1179
-2329
-3191
-3710
-4144
-4088
-3830
-3615
-3731
-4584
-5531
-6134
-6099
-5763
-5795
-6038
-6374
-5987
-4967
-3862
-3012
-2983
-2966
-3181
-1875
218
3406
6972
8438
9511
8760
8932
9668
10478
10293
8716
6553
4669
4526
4616
5275
4414
2782
640
-880
-1689
-2099
-2866
-4101
-5275
-6138
-6144
-5382
-3707
-1710
645
1709
2064
1259
618
812
1480
2042
1776
970
480
1298
2781
4250
4309
3239
1352
-71
-943
-1352
-1824
-2709
-3765
-4742
-5134
-5083
-4610
-4273
-4326
-4978
-5907
-6584
-6868
-6563
-6331
-6364
-6671
-6926
-6499
-5502
-4285
-3311
-3162
-2660
-1581
843
4713
7428
9726
9529
9249
9435
10171
11192
10963
9698
7846
7008
6385
6894
6324
5417
3693
1973
471
-902
-2108
-3566
-4483
-5404
-5743
-5951
-5548
-4633
-2839
-1300
-54
91
-517
-930
-883
138
1432
2522
2933
3128
3171
3610
3970
4064
3402
2119
383
-1264
-2160
-2518
-2112
-1873
-2039
-2673
-3630
-4272
-4556
-4688
-5126
-5929
-7054
-7830
-8045
-7567
-6674
-5933
-5541
-5484
-5311
-4921
-3896
-2656
-585
1285
3257
4421
4932
5420
5805
6828
7755
8607
8651
8449
7619
7239
6843
6645
6207
5237
4117
2731
1774
691
-91
-1102
-1892
-2469
-2724
-2635
-2344
-2067
-1821
-1768
-2102
-2499
-3001
-2895
-2273
-1171
-1
1066
1934
2666
3101
2998
2384
1381
391
-452
-1207
-1884
-2392
-2553
-2149
-1606
-1046
-938
-1095
-1383
-1568
-1593
-1777
-1993
-2476
-2721
-2715
-2323
-1705
-1099
-691
-573
-680
-908
-905
-773
-489
-367
-421
-484
-379
-139
2
-31
-170
-238
-26
169
364
565
642
897
1103
1340
1531
1592
1512
1293
1026
649
398
127
-53
-12
237
727
1236
1528
1482
1284
1062
1004
1135
1381
1749
2232
2726
3144
3451
3556
3584
3465
3053
2483
1709
1063
482
-54
-659
-1312
-1818
-2017
-2024
-1940
-1891
-2043
-2037
-2157
-2339
-2718
-3159
-3313
-3118
-2752
-2539
-2420
-2442
-2155
-1818
-1512
-1368
-1210
-855
-300
232
442
536
524
591
628
569
423
305
249
181
187
85
6
-177
-447
-628
-716
-536
-241
24
49
-126
-413
-474
-145
427
904
1074
974
889
1176
1560
1965
2091
2081
2187
2463
2763
2943
2837
2611
2428
2453
2791
3064
3163
2754
2023
1097
234
-556
-1257
-1890
-2434
-2769
-2909
-3003
-3137
-3389
-3627
-3748
-3643
-3391
-3102
-2747
-2464
-2116
-1761
-1454
-1187
-926
-556
-139
273
598
896
1202
1443
1473
1295
1027
824
793
877
1019
1126
1254
1283
1249
1138
891
619
325
74
-170
-481
-887
-1236
-1436
-1406
-1283
-1164
-1039
-781
-377
13
327
490
676
912
1197
1486
1844
2184
2548
2756
2740
2633
2308
2108
1745
1511
1216
974
797
482
261
-154
-478
-863
-1239
-1765
-2336
-2935
-3251
-3361
-3372
-3300
-3374
-3192
-2934
-2488
-2020
-1705
-1483
-1211
-878
-350
257
744
1158
1343
1426
1554
1727
2054
2278
2343
2158
1848
1625
1429
1397
1181
942
588
209
-41
-186
-214
-277
-477
-712
-893
-889
-768
-608
-468
-501
-524
-608
-501
-236
192
608
864
954
1030
1240
1475
1700
1647
1521
1290
1209
1233
1261
1299
1117
972
748
672
707
607
342
-259
-1028
-1758
-2306
-2656
-2764
-2830
-2802
-2773
-2853
-2861
-2885
-2794
-2600
-2492
-2376
-2272
-2060
-1629
-1126
-694
-353
-55
291
632
801
858
821
892
1048
1300
1548
1670
1841
1894
1984
1980
1891
1804
1656
1622
1625
1728
1853
1938
1907
1754
1492
1162
944
734
639
485
343
279
247
383
504
644
665
604
436
162
-136
-449
-594
-587
-391
-128
162
375
501
468
199
-155
-659
-1098
-1452
-1664
-1643
-1559
-1401
-1302
-1355
-1497
-1776
-2227
-2712
-3194
-3408
-3391
-3303
-3220
-3235
-3160
-2924
-2650
-2434
-2426
-2419
-2304
-2007
-1551
-1091
-626
-154
420
1166
2018
2838
3580
3959
4141
4145
4169
4450
4908
5433
5806
5818
5597
5217
4746
4176
3377
2441
1567
860
412
87
-231
-495
-779
-1001
-1296
-1518
-1754
-1904
-2029
-2168
-2184
-2074
-1703
-1256
-844
-505
-352
-250
-168
-122
-119
-210
-285
-359
-433
-617
-826
-1036
-1152
-1225
-1462
-1737
-2096
-2333
-2538
-2764
-2950
-3102
-3083
-3134
-3348
-3762
-4179
-4367
-4024
-3252
-1824
-352
955
1660
1707
1728
1809
2292
2615
2807
2580
2552
2766
3477
4266
4804
4850
4469
4048
3566
3252
2707
2117
1365
815
484
451
628
960
1224
1208
640
-250
-1109
-1622
-1621
-1471
-1258
-1185
-1037
-747
-376
-223
-422
-938
-1415
-1512
-1253
-718
-324
-116
-113
-95
-113
-131
-241
-532
-853
-1203
-1399
-1544
-1482
-1462
-1405
-1566
-1878
-2346
-3116
-3746
-4443
-4415
-4021
-2692
-1151
249
1243
1369
1580
1460
1900
1911
1951
1487
1226
1401
1945
2766
3038
3090
2731
2608
2509
2433
1905
1282
485
87
-37
158
488
811
1120
1164
1132
566
27
-627
-775
-540
-143
203
403
662
938
1215
953
388
-474
-1086
-1274
-1132
-851
-626
-497
-429
-373
-436
-523
-806
-1123
-1470
-1823
-2085
-2318
-2395
-2336
-2173
-2043
-2035
-2143
-2215
-2337
-2451
-2799
-2867
-2558
-1404
133
1606
2530
2625
2528
2197
2366
2274
2280
1874
1634
1719
2128
2787
3135
3275
2965
2688
2270
1912
1290
639
-105
-595
-890
-860
-632
-235
254
528
490
-79
-702
-1321
-1487
-1407
-1109
-843
-556
-270
9
255
244
23
-532
-983
-1365
-1357
-1143
-817
-496
-238
24
133
169
15
-199
-524
-824
-1200
-1558
-1807
-1890
-1805
-1681
-1556
-1559
-1700
-1918
-2239
-2465
-2639
-2676
-2368
-1696
-457
939
2209
2844
2972
2793
2660
2634
2568
2449
2295
2353
2556
2965
3309
3578
3545
3298
2818
2193
1545
922
440
20
-231
-449
-390
-168
227
526
518
168
-434
-1009
-1392
-1457
-1334
-1078
-872
-618
-411
-181
-119
-330
-793
-1368
-1783
-2043
-2015
-1848
-1527
-1150
-800
-617
-503
-452
-512
-671
-1023
-1367
-1734
-1952
-2031
-1940
-1671
-1335
-1075
-1001
-1051
-1214
-1398
-1674
-1917
-2116
-2025
-1614
-894
74
927
1674
2070
2315
2363
2250
2133
2008
2150
2444
2827
3053
3214
3366
3589
3775
3652
3193
2518
1918
1545
1336
1232
1166
1106
1050
932
773
509
207
-143
-572
-1044
-1448
-1669
-1624
-1380
-1092
-894
-883
-956
-1012
-1073
-1277
-1651
-2104
-2334
-2244
-1879
-1437
-1077
-879
-754
-695
-703
-775
-950
-1167
-1491
-1734
-1965
-2017
-1944
-1771
-1532
-1301
-1120
-1094
-1201
-1383
-1583
-1792
-1964
-1925
-1659
-1131
-519
5
554
1017
1583
1973
2198
2130
2035
2022
2215
2609
3014
3532
3858
4088
3982
3632
3056
2490
2041
1751
1575
1416
1293
1234
1308
1370
1321
1062
722
451
300
148
-111
-479
-873
-1138
-1175
-1071
-904
-824
-856
-1024
-1273
-1542
-1808
-2008
-2117
-2071
-1846
-1530
-1196
-973
-934
-1023
-1163
-1234
-1303
-1346
-1383
-1392
-1398
-1353
-1310
-1260
-1158
-1097
-1038
-1019
-983
-891
-794
-715
-707
-709
-627
-459
-224
-51
50
80
167
408
727
1054
1319
1543
1747
1963
2077
2037
1836
1529
1227
1002
896
897
957
1024
1066
1045
1042
1026
1074
1167
1251
1277
1262
1238
1234
1222
1177
1153
1097
1060
959
773
535
291
88
-84
-255
-469
-684
-895
-1150
-1383
-1635
-1847
-1989
-2086
-2123
-2132
-2095
-2005
-1869
-1688
-1543
-1429
-1364
-1276
-1079
-864
-587
-343
-69
176
409
592
695
758
705
628
486
412
412
505
586
556
417
138
-92
-237
-279
-273
-323
-477
-643
-745
-684
-517
-361
-289
-323
-371
-379
-300
-185
-65
89
238
448
691
953
1234
1440
1584
1600
1542
1439
1376
1360
1387
1411
1378
1324
1242
1141
1011
800
482
123
-228
-453
-616
-728
-876
-1003
-1068
-1042
-946
-881
-823
-880
-934
-948
-843
-643
-444
-251
-156
-57
57
202
374
484
543
573
607
667
738
756
670
508
285
101
-111
-299
-531
-799
-996
-1156
-1220
-1263
-1260
-1280
-1256
-1206
-1141
-1064
-1011
-949
-899
-802
-679
-476
-249
-19
158
288
394
496
584
600
565
456
416
457
597
743
810
809
759
728
744
759
728
650
517
395
302
273
276
275
253
214
160
119
70
47
52
78
136
199
280
346
421
480
522
554
536
524
484
477
468
439
361
244
150
65
-12
-154
-313
-494
-632
-707
-755
-777
-803
-810
-785
-746
-731
-732
-777
-795
-811
-795
-754
-735
-704
-657
-588
-476
-357
-257
-195
-171
-122
-42
39
110
146
172
216
230
241
193
146
115
122
142
144
146
150
187
198
205
187
162
126
94
105
137
206
299
402
501
587
679
725
726
688
645
608
580
554
526
510
479
442
370
274
161
71
24
-18
-49
-119
-186
-254
-288
-286
-276
-262
-279
-309
-336
-353
-343
-316
-304
-304
-327
-332
-309
-244
-170
-132
-119
-152
-172
-192
-173
-137
-88
-68
-69
-84
-93
-78
-76
-86
-114
-135
-156
-162
-163
-174
-221
-262
-313
-336
-342
-336
-332
-333
-314
-298
-271
-215
-130
-19
115
227
316
365
420
471
537
580
605
623
613
611
579
517
409
263
113
-21
-127
-195
-247
-278
-303
-328
-335
-349
-342
-345
-333
-321
-291
-224
-135
-26
87
189
267
327
363
409
451
490
512
506
514
532
558
560
537
501
461
421
371
309
226
135
66
0
-72
-154
-251
-350
-446
-522
-611
-675
-727
-737
-708
-668
-628
-598
-551
-494
-415
-324
-225
-127
-28
56
131
184
231
274
331
376
378
340
262
182
85
0
-92
-169
-235
-295
-348
-399
-434
-479
-511
-517
-509
-493
-469
-428
-360
-276
-172
-68
29
140
237
339
407
476
535
598
658
693
736
761
806
832
841
808
759
692
637
601
560
509
423
327
218
118
15
-96
-206
-296
-361
-403
-432
-465
-498
-533
-542
-530
-479
-425
-367
-322
-278
-226
-169
-107
-64
-46
-53
-60
-70
-64
-75
-100
-127
-163
-194
-228
-270
-326
-394
-449
-490
-500
-492
-468
-436
-395
-355
-318
-290
-264
-223
-178
-122
-72
-14
44
109
173
214
256
283
312
336
374
421
475
517
543
553
563
582
606
632
645
651
640
626
599
566
531
485
428
365
296
225
154
73
-14
-102
-178
-239
-276
-285
-273
-255
-244
-238
-217
-187
-171
-177
-213
-261
-310
-330
-334
-327
-314
-297
-267
-248
-245
-272
-321
-391
-465
-522
-561
-577
-570
-531
-469
-394
-317
-253
-203
-173
-151
-135
-120
-91
-70
-31
1
32
74
108
154
183
215
238
272
315
348
386
410
422
450
484
516
529
534
531
540
558
575
588
575
537
471
390
291
198
123
50
6
-12
-8
9
20
30
16
-13
-66
-135
-194
-253
-293
-327
-354
-357
-351
-322
-299
-268
-244
-228
-215
-228
-247
-275
-304
-334
-356
-376
-377
-375
-353
-315
-262
-212
-173
-144
-144
-145
-154
-148
-134
-115
-80
-47
-12
6
18
36
56
93
120
144
159
173
201
236
262
277
281
296
312
330
339
338
322
297
269
241
218
200
186
155
114
77
52
38
24
16
5
4
11
23
34
42
43
40
29
14
-4
-22
-33
-34
-25
-18
-4
24
53
59
43
9
-29
-72
-113
-156
-191
-210
-204
-175
-135
-96
-79
-77
-101
-129
-161
-197
-237
-270
-286
-277
-245
-207
-171
-148
-139
-144
-140
-133
-126
-119
-109
-78
-33
27
91
147
186
209
214
210
203
195
186
161
138
118
108
110
105
97
75
49
36
25
26
24
33
33
36
50
66
90
105
108
108
109
123
146
174
188
191
192
201
213
216
192
142
81
21
-16
-46
-62
-79
-89
-94
-94
-92
-103
-128
-168
-205
-251
-277
-294
-303
-289
-271
-244
-222
-204
-192
-187
-184
-194
-204
-208
-182
-145
-84
-23
34
88
124
144
145
141
120
106
93
85
89
93
97
93
81
63
30
0
-19
-27
-22
-3
1
15
29
48
74
77
73
60
49
50
63
92
108
127
144
175
209
237
251
232
204
165
126
97
64
35
13
0
-4
1
4
0
-15
-36
-67
-102
-140
-169
-199
-214
-216
-212
-210
-219
-221
-229
-227
-225
-211
-194
-166
-123
-75
-32
10
46
65
85
102
125
136
142
149
149
168
177
192
180
150
107
63
24
-10
-33
-52
-62
-71
-64
-57
-35
-30
-35
-47
-68
-84
-95
-91
-82
-62
-41
-13
16
55
92
128
157
160
155
121
92
56
40
27
15
14
9
17
22
31
17
-5
-45
-86
-123
-143
-156
-161
-166
-169
-166
-167
-165
-166
-163
-165
-158
-149
-129
-111
-78
-46
-11
30
68
104
127
144
150
156
160
171
184
206
221
244
256
258
242
213
175
129
92
61
41
26
22
24
37
46
45
33
5
-32
-69
-101
-122
-130
-123
-106
-84
-54
-30
-12
-14
-26
-54
-77
-101
-112
-115
-107
-92
-74
-51
-44
-45
-65
-91
-121
-148
-166
-172
-161
-135
-108
-81
-66
-54
-48
-50
-53
-63
-63
-55
-32
-1
30
60
86
109
123
128
121
109
100
98
112
136
171
206
239
255
257
243
223
198
171
148
127
117
110
109
106
104
97
83
58
19
-25
-68
-101
-125
-142
-148
-147
-134
-124
-117
-126
-142
-165
-188
-203
-216
-211
-201
-181
-159
-141
-128
-125
-129
-141
-150
-159
-157
-150
-136
-117
-95
-69
-47
-26
-13
-6
-3
1
9
24
39
57
74
91
108
120
127
128
124
122
119
118
115
116
121
130
144
157
169
178
188
195
196
193
175
159
140
131
128
131
138
145
152
152
145
125
95
60
24
-11
-38
-57
-70
-78
-87
-99
-117
-140
-164
-192
-217
-244
-259
-264
-257
-240
-223
-206
-194
-184
-177
-178
-182
-189
-188
-180
-157
-133
-103
-77
-52
-28
-8
9
18
24
29
36
47
58
69
79
91
103
117
128
133
132
122
107
94
84
80
85
97
116
135
153
163
164
154
140
122
110
101
97
97
97
105
107
113
108
101
82
58
32
6
-14
-29
-40
-49
-55
-61
-62
-71
-83
-106
-132
-158
-173
-178
-172
-161
-146
-130
-116
-107
-102
-104
-110
-121
-128
-131
-123
-108
-83
-59
-34
-17
-1
4
6
5
5
4
7
13
22
35
48
64
74
81
82
82
75
70
63
59
55
57
62
68
73
77
80
80
79
75
69
62
56
50
47
45
48
47
49
46
41
30
20
8
-2
-11
-17
-20
-23
-25
-27
-31
-39
-48
-57
-66
-76
-81
-87
-85
-83
-77
-73
-68
-66
-63
-61
-59
-58
-53
-46
-36
-23
-6
11
25
35
40
42
42
41
42
42
42
43
45
50
53
55
51
46
39
33
25
17
5
-1
-7
-7
-7
-8
-9
-8
-8
-5
-3
-4
-6
-8
-7
-10
-8
-12
-12
-11
-7
-4
1
2
2
0
1
-1
-1
-4
-5
-8
-8
-11
-12
-13
-12
-12
-10
-11
-12
-12
-15
-16
-17
-17
-19
-20
-26
-30
-32
-31
-28
-21
-12
-2
10
18
26
29
32
28
27
21
23
23
25
28
32
37
37
39
35
32
22
17
8
5
0
-3
-2
0
3
3
3
-2
-6
-9
-10
-13
-16
-19
-20
-17
-10
-5
-5
-8
-12
-17
-20
-25
-29
-35
-37
-35
-30
-27
-24
-25
-24
-27
-28
-31
-32
-31
-25
-14
-7
3
6
12
13
15
15
18
22
27
32
37
41
43
47
46
46
44
45
48
47
49
45
42
40
36
35
27
24
15
11
8
7
4
3
-1
-1
-3
-9
-12
-21
-22
-26
-20
-20
-16
-18
-22
-18
-19
-9
-13
-16
-22
-25
-27
-34
-38
-43
-44
-45
-43
-43
-41
-42
-41
-43
-44
-45
-48
-42
-39
-26
-22
-17
-15
-11
-5
-1
5
8
14
17
25
31
39
38
38
34
35
38
40
44
45
50
48
52
48
45
43
35
33
26
23
19
15
15
13
12
9
5
2
-5
-8
-13
-16
-16
-20
-18
-18
-12
-13
-13
-19
-22
-21
-19
-12
-12
-9
-10
-7
-5
-1
-1
-6
-10
-12
-13
-8
-8
-6
-10
-8
-8
-4
-2
-5
-3
-6
-3
-7
-7
-8
-9
-8
-10
-9
-6
-2
-2
-2
-6
-10
-9
-9
-3
0
3
8
13
20
23
28
26
28
25
21
18
15
17
15
14
14
16
18
20
18
14
9
2
-5
-11
-15
-14
-10
-5
4
6
8
6
1
-1
-6
-8
-9
-7
-2
0
6
5
12
8
6
-1
-10
-15
-21
-22
-21
-17
-14
-11
-15
-11
-15
-11
-14
-14
-19
-20
-19
-18
-12
-12
-10
-13
-12
-14
-10
-11
-6
-5
-3
1
3
7
7
8
8
11
14
16
17
15
12
14
16
18
21
16
17
14
18
20
21
18
11
10
4
4
3
2
0
-2
-2
2
0
1
-4
-9
-10
-11
-5
-2
4
4
4
2
-1
-2
-6
-7
-8
-8
-9
-9
-12
-7
-6
-3
-2
-4
-3
-9
-13
-16
-19
-10
-11
-1
-6
-2
-5
-4
-1
1
3
1
2
-2
3
2
10
8
12
10
6
9
3
9
6
11
11
10
12
5
9
2
3
-1
0
1
1
1
3
0
2
3
3
4
0
4
-2
2
-6
-4
-8
-8
-4
-4
3
0
3
-1
-1
-3
1
0
3
0
-4
-5
-9
-3
-4
3
1
-1
0
-5
-2
-7
-5
-7
-10
-5
-9
0
-2
6
8
5
5
-4
-2
-3
4
6
5
3
-1
-2
2
2
5
-1
-5
-7
-7
-1
0
1
-1
-3
-4
-4
-3
-1
-4
2
-4
5
-3
2
-5
-3
-3
-2
3
3
6
0
1
-5
-4
-7
-4
-5
-2
-2
0
1
3
2
2
1
1
2
4
8
9
12
10
8
5
3
7
8
15
15
13
7
1
-3
-5
-3
-3
-2
-4
-3
-2
1
0
2
-4
-4
-7
-6
-3
-4
-2
-3
-1
-1
-2
-2
-3
-6
-5
-7
-4
-6
-3
-4
0
3
4
6
2
0
-1
-2
1
0
3
5
3
4
3
4
3
0
-2
-4
-3
-4
-2
-2
-1
0
-2
-2
-2
-2
-3
-2
-3
0
-3
-1
-2
-1
1
0
2
-1
-2
-1
-2
1
1
1
2
0
1
-1
2
-2
1
-1
1
0
1
1
3
3
5
6
4
4
0
1
-3
0
-1
0
1
2
3
5
5
4
2
1
-1
-3
-4
-5
-3
-3
-1
1
0
0
-1
-3
-3
-4
-5
-5
-3
-2
0
2
2
0
0
-3
-3
-3
-3
-2
-2
0
1
2
3
3
3
2
3
2
0
0
1
0
1
2
2
1
1
0
0
-2
-2
-3
-2
-2
0
1
1
4
5
5
5
5
5
5
3
3
1
1
0
0
-1
-1
1
0
1
0
0
-1
-3
-4
-4
-4
-4
-3
-2
-2
-1
-1
-1
-1
-1
-2
-1
-1
-1
1
0
2
2
2
2
2
0
0
0
0
0
1
0
0
1
1
0
0
0
-1
-2
-2
-1
-1
-2
-2
-2
-1
0
-1
-1
-1
-1
-1
-2
-1
0
0
1
2
1
2
1
0
0
0
-1
-1
0
1
1
1
1
2
1
1
1
2
1
2
1
1
1
1
0
1
1
-1
0
-2
-1
-1
-1
-2
-2
-3
-3
-3
-2
-3
-3
-3
-1
-1
0
1
1
1
2
2
3
2
2
2
3
4
3
4
3
3
1
0
-1
-1
-2
-2
-3
-2
-2
-1
-1
0
-1
0
0
-1
-2
-2
-1
-2
-2
-1
0
0
1
2
2
2
1
2
1
2
2
1
1
1
1
-1
0
-1
0
0
-1
0
0
1
1
0
-1
-1
0
-1
-2
-1
-1
-1
0
0
0
0
0
1
0
1
0
0
2
2
1
1
2
1
1
1
1
1
0
0
0
1
-1
0
-1
-2
-2
-2
-2
-1
-1
-1
-1
-1
0
-1
-1
-1
-1
-1
-1
-1
-1
0
0
0
-1
0
0
0
0
0
0
-1
0
0
-1
-2
-1
0
1
1
1
0
2
1
1
1
1
1
1
1
0
1
1
1
0
0
0
1
0
-1
-1
0
0
-1
0
0
0
1
1
1
0
0
0
0
-1
-1
0
0
0
0
0
0
-1
-1
-2
-1
-2
-2
-1
-1
0
0
0
0
0
1
1
1
2
1
1
1
0
1
0
1
2
1
1
1
1
2
1
1
1
1
1
1
1
0
0
-1
-1
-1
-1
-1
-1
0
0
1
0
-1
0
0
0
-1
0
-1
0
0
0
-1
1
1
1
1
1
0
0
0
1
1
0
-1
0
-1
-1
0
0
1
0
1
0
1
1
0
0
0
0
-2
-1
-3
-2
-2
-2
-1
-1
-1
-1
0
-1
1
1
0
1
0
0
-1
1
0
0
0
0
-1
0
1
1
1
1
0
1
1
1
1
1
0
1
1
1
0
1
1
2
2
1
1
1
1
0
1
0
0
0
0
-1
-1
0
0
-1
-2
-2
-2
-1
-2
-2
-2
-1
-2
-1
-1
-1
-1
0
0
0
0
0
1
1
1
2
1
1
2
1
0
1
0
0
0
0
1
0
0
0
0
0
-1
-1
-1
0
-1
-1
0
-1
-1
0
-1
0
0
0
-1
0
1
0
0
0
1
0
1
1
0
1
1
1
0
1
0
0
0
0
0
-1
-1
-1
0
-1
-1
-1
-1
-1
0
0
0
0
0
0
0
0
0
0
1
0
0
0
0
0
1
0
0
0
0
0
0
1
0
0
0
0
-1
0
-1
0
0
0
0
0
1
1
0
0
0
0
0
0
0
0
0
0
0
0
1
0
0
0
-1
-1
0
0
0
1
0
0
0
0
0
0
0
0
-1
0
0
1
0
-1
0
0
0
0
-1
-1
1
0
0
1
0
0
1
0
0
0
-1
1
1
0
0
0
0
0
0
0
1
0
0
0
0
0
0
0
0
0
1
0
0
0
0
0
0
0
0
-1
0
-1
-1
-1
0
0
0
-1
-1
-1
0
-1
0
-1
0
0
0
0
-1
0
-1
0
-1
0
0
0
1
0
0
0
0
1
0
0
0
0
0
0
1
0
0
0
0
0
0
-1
0
0
0
0
-1
-1
0
0
0
0
0
1
0
0
0
0
0
1
0
0
1
0
1
0
1
0
0
0
0
0
0
0
1
0
0
0
1
0
1
1
0
0
1
0
-1
0
0
1
0
0
0
0
0
0
0
0
0
0
0
0
0
-1
0
0
0
0
0
0
0
0
0
-1
0
1
0
0
0
0
0
0
0
-1
1
0
0
0
1
0
1
0
0
0
0
0
0
0
-1
0
1
0
0
1
1
0
0
0
0
-1
1
1
0
0
1
1
0
0
0
0
0
0
0
-1
0
0
0
0
1
0
0
0
0
0
0
-1
-1
1
0
0
1
0
0
-1
0
-1
1
0
1
0
0
0
0
1
-1
0
0
0
0
0
0
0
0
0
0
0
0
0
0
-1
0
0
0
0
1
0
0
0
0
0
0
0
0
-1
0
0
0
-1
0
0
0
0
-1
0
0
0
0
0
1
1
0
0
-1
0
0
-1
0
0
0
0
-1
0
0
1
0
1
0
1
0
0
0
0
0
1
0
0
0
0
0
0
0
-1
1
-1
0
-1
0
0
0
0
-1
0
0
0
0
0
0
0
0
0
1
0
0
0
0
0
0
0
0
0
0
0
0
0
0
-1
0
0
0
1
0
0
0
0
-1
0
-1
0
1
0
0
1
0
0
0
0
0
0
0
0
0
0
1
-1
0
-1
0
0
-1
0
0
0
0
-1
0
0
0
0
0
1
0
0
0
0
0
0
0
-1
0
0
0
0
0
0
-1
0
0
0
0
0
0
-1
0
-1
0
-1
0
0
1
0
0
0
0
0
0
0
0
0
0
0
0
1
0
0
0
0
1
0
-1
0
1
0
0
0
0
0
0
0
-1
-1
0
0
0
1
0
-1
0
0
-1
0
0
0
-1
0
0
1
0
0
0
0
0
0
1
0
0
0
0
1
0
0
0
1
1
0
0
0
0
0
0
1
0
1
0
0
0
1
0
0
0
-1
1
1
0
-1
0
0
0
0
0
0
0
0
0
0
0
1
0
1
0
0
0
0
0
-1
0
1
0
0
-1
0
-1
0
0
-1
0
0
0
0
0
0
0
0
0
0
0
0
0
0
0
0
0
0
0
0
0
0
0
0
0
0
0
0
0
0
0
0
0
-1
0
0
0
0
0
0
0
-1
0
0
0
0
0
0
0
0
0
0
0
0
0
0
0
0
0
0
0
0
0
0
1
-1
0
0
0
0
0
0
0
1
0
0
0
0
0
-1
0
0
0
0
0
0
0
0
0
0
-1
-1
-1
-1
0
-1
0
0
0
0
0
0
-1
-1
0
-1
0
0
0
-1
0
0
0
0
0
0
0
1
0
0
0
0
0
0
0
0
0
0
1
1
0
0
0
0
0
0
0
0
0
0
0
1
0
0
0
0
0
1
1
0
0
0
0
0
-1
0
0
0
0
0
0
1
0
0
1
0
0
0
1
0
0
1
0
1
1
0
0
0
0
0
0
0
0
0
0
1
0
1
1
-1
0
0
0
0
0
0
0
0
0
0
0
1
0
0
1
0
0
0
1
0
0
0
-1
0
0
0
0
0
0
0
0
0
0
1
0
0
0
-1
-1
0
0
0
0
0
0
0
0
0
0
-1
0
1
0
0
0
0
0
0
0
-1
0
1
0
0
0
0
-1
0
-1
-1
0
0
0
0
1
0
0
0
0
0
0
0
0
1
1
0
1
-1
0
0
0
0
0
0
0
0
0
0
0
0
0
0
0
0
0
0
0
0
0
0
0
0
0
0
0
0
-1
1
0
1
0
0
1
0
0
0
0
0
1
-1
0
0
0
0
0
1
0
0
-1
0
0
0
0
1
0
0
1
-1
-1
0
0
0
0
0
0
0
0
0
0
0
-1
0
0
0
1
0
0
0
0
1
0
-1
-1
0
0
0
-1
0
0
0
0
0
-1
0
0
0
0
-1
0
0
0
0
0
0
0
0
0
0
0
0
0
0
-1
0
0
0
0
0
0
0
0
0
1
0
-1
0
0
0
0
0
0
0
0
0
0
0
0
0
0
0
0
0
0
0
-1
0
0
0
0
0
0
0
0
0
0
0
0
0
1
0
0
0
0
0
0
0
1
0
0
0
1
1
0
0
0
-1
1
1
0
0
0
0
0
0
0
1
0
0
0
1
0
0
0
0
0
-1
0
0
0
0
0
0
0
0
0
0
-1
-1
-1
0
0
0
0
-1
0
0
0
0
0
0
0
0
0
1
0
1
0
0
0
0
0
0
1
-1
0
1
-1
0
0
0
0
0
0
0
-1
0
0
0
-1
0
-1
0
0
0
0
0
-1
0
0
0
0
0
0
-1
0
0
0
0
0
0
0
0
-1
-1
0
0
0
0
0
1
0
0
0
0
0
-1
0
0
0
0
0
0
0
0
0
1
0
1
0
0
1
-1
1
0
0
0
-1
-1
0
0
0
-1
0
-1
0
0
0
-1
0
0
0
0
1
0
0
0
0
0
0
1
0
1
0
0
0
0
0
0
1
0
0
0
1
1
0
0
0
0
0
0
0
0
-1
1
0
0
0
0
0
0
0
1
0
0
-1
0
0
0
-1
-1
0
0
1
0
-1
0
0
0
0
0
0
-1
-1
0
0
-1
1
0
1
0
0
0
0
0
0
1
0
0
0
-1
0
0
0
0
0
1
-1
0
0
0
0
0
0
0
0
0
1
0
0
0
0
0
0
-1
0
0
0
0
0
-1
0
0
0
0
0
0
0
0
1
0
0
-1
1
0
0
-1
-1
0
0
0
1
-1
0
0
0
-1
1
0
0
0
1
-1
0
0
0
0
0
0
0
0
0
0
0
-1
0
0
0
0
0
0
0
0
0
0
1
-1
0
0
-1
1
0
0
0
0
0
0
0
0
0
0
0
0
0
0
-1
0
0
0
0
0
0
0
-1
0
0
0
-1
0
0
-1
-1
0
0
0
0
0
1
1
-1
0
-1
0
0
0
0
0
0
0
0
1
0
0
0
0
-1
1
0
0
1
0
0
0
0
0
1
1
0
0
0
0
0
-1
0
-1
1
0
1
0
0
1
0
0
1
0
0
0
1
-1
-1
1
0
0
0
-1
0
0
1
0
0
0
0
0
0
-1
0
0
0
-1
0
0
1
1
-1
0
0
0
0
0
0
0
0
0
-1
1
0
0
1
0
0
0
0
1
-1
0
0
0
0
-1
1
0
0
-1
0
0
0
0
0
-1
0
-1
1
0
0
1
0
0
0
0
0
0
0
0
-1
0
0
0
1
0
1
0
0
0
0
-1
0
0
1
1
0
0
0
-1
-1
0
0
0
-1
0
0
1
0
1
0
0
1
0
0
1
0
0
0
0
0
0
0
0
0
0
0
-1
1
0
0
0
0
0
0
0
0
0
0
-1
0
-1
0
0
0
0
0
-1
0
0
0
0
0
0
0
0
0
0
0
0
0
-1
1
1
-1
0
0
0
0
0
0
0
0
0
0
0
0
0
-1
0
0
0
0
0
0
0
0
-1
0
0
0
0
-1
0
-1
0
0
0
0
0
-1
0
0
-1
0
0
0
1
0
0
0
0
0
0
1
0
0
0
0
0
1
0
0
0
1
1
0
0
0
0
0
0
0
0
1
1
1
0
0
-1
0
0
0
-1
-1
0
0
0
0
0
0
0
0
0
0
0
0
0
0
0
0
0
0
0
0
0
1
1
1
0
-1
0
0
0
0
0
0
1
-1
-1
0
0
0
0
0
1
0
-1
0
0
0
0
0
0
0
0
-1
0
0
0
0
1
0
0
0
0
0
-1
1
1
0
0
0
0
1
0
0
0
0
0
0
0
0
0
0
0
0
1
0
0
0
0
0
0
1
0
0
0
0
0
0
0
0
0
0
1
0
-1
0
0
0
0
-1
0
0
0
0
0
0
-1
0
0
-1
0
0
0
-1
1
0
0
0
0
0
0
0
0
0
0
