-1
0
0
-1
-1
0
0
0
0
-1
-1
-1
0
0
0
0
0
0
0
0
0
1
0
-1
0
1
0
1
0
0
0
-1
0
0
0
0
0
0
-1
1
0
0
0
0
1
0
0
0
-1
0
1
0
0
0
0
0
0
0
0
0
0
-1
1
-1
0
1
0
0
0
0
0
0
0
0
0
0
0
0
0
0
0
1
0
0
0
0
-1
1
0
0
0
0
0
0
0
0
0
0
0
0
-1
0
0
0
-1
0
0
1
1
0
0
0
0
-1
0
1
0
-1
0
0
0
0
-1
0
0
0
0
0
-1
-1
0
0
0
0
1
0
0
0
0
-1
0
0
0
0
0
0
0
0
1
0
-1
0
0
-1
0
0
0
0
0
0
0
0
0
0
0
1
0
0
0
0
-1
-1
0
-1
0
0
0
-1
0
0
0
0
1
1
-1
0
0
-1
-1
0
0
-1
0
0
-1
0
0
-1
1
-1
0
0
-1
0
0
0
0
0
0
0
1
0
0
-1
1
1
0
0
0
0
0
0
0
0
0
1
0
0
0
0
0
0
-1
0
0
-1
0
0
1
0
0
1
0
0
0
1
0
0
0
0
0
0
1
-1
0
0
0
1
0
-1
0
0
0
0
0
-1
0
0
0
0
1
0
0
1
0
0
0
1
0
0
0
0
0
1
0
0
0
0
0
0
0
1
0
0
0
0
-1
0
0
-1
-1
0
-1
0
0
0
1
1
0
0
0
-1
1
0
0
0
0
1
0
1
0
0
1
1
0
0
0
0
0
-1
0
0
0
-1
0
0
1
0
0
0
0
1
0
1
0
0
0
0
-1
0
0
0
0
0
-1
0
0
0
1
1
0
0
-1
0
0
1
0
0
-1
1
0
0
0
0
-1
0
0
0
0
0
0
0
0
0
0
0
1
0
0
0
-1
0
1
0
0
1
-1
0
-1
-1
0
0
0
0
0
0
0
0
-1
0
-1
1
0
1
1
0
0
0
0
0
0
0
0
0
0
0
0
0
0
1
0
-1
0
0
0
0
0
0
-1
0
0
-1
0
0
0
0
0
0
0
1
1
0
0
0
0
0
0
0
-1
0
0
0
0
0
0
-1
-1
0
0
0
0
0
1
0
1
-1
0
0
-1
0
0
0
1
0
0
0
0
0
0
0
1
0
1
0
0
0
-1
-1
0
0
0
0
1
0
-1
0
0
0
0
1
0
-1
0
0
0
0
0
1
0
0
0
0
0
0
0
0
0
0
1
0
0
0
0
0
0
0
0
0
0
0
0
0
-1
-1
0
0
0
0
0
0
-1
0
0
-1
0
0
0
0
0
0
0
0
0
0
0
0
0
0
0
0
0
-1
0
0
1
0
0
-1
1
0
0
0
0
0
0
0
0
0
0
-1
1
0
0
-1
0
0
0
1
0
-1
0
0
0
0
0
0
0
1
-1
0
-1
0
-1
-1
0
0
0
1
0
0
0
0
0
1
0
-1
-1
0
0
0
0
0
0
0
-1
0
-1
0
1
0
0
0
0
1
0
0
0
0
0
-1
-1
0
0
0
0
-1
0
1
0
1
0
0
0
0
-1
0
0
0
-1
0
0
0
0
0
0
0
0
-1
0
0
0
1
0
1
0
-1
0
1
0
0
-1
0
0
0
0
0
0
1
0
1
0
0
0
0
0
1
0
1
0
0
0
1
0
0
0
0
0
-1
0
0
0
0
0
0
0
0
0
-1
0
0
0
0
0
0
0
0
0
0
1
0
1
0
0
1
0
0
1
0
0
1
0
0
1
0
0
0
0
0
0
0
0
0
0
0
1
0
0
-1
0
0
-1
0
-1
0
0
1
1
0
0
0
-1
0
0
0
0
0
0
1
0
0
-1
0
0
0
0
-1
0
1
0
0
0
0
0
-1
0
0
0
0
0
0
0
1
0
0
0
0
0
-1
0
0
0
0
0
1
0
0
0
0
0
0
0
1
0
-1
0
-1
1
0
0
0
0
-1
0
-1
0
0
0
0
-1
1
0
0
0
1
0
-1
0
1
1
0
-1
0
0
0
0
0
0
0
0
-1
0
0
0
0
1
-1
0
0
-1
0
0
0
0
0
1
1
0
0
0
-1
-1
0
0
0
1
0
0
0
0
0
0
1
0
0
-1
0
0
1
0
0
0
0
0
1
0
0
-1
0
0
0
0
0
0
0
0
1
0
0
0
0
0
0
0
0
1
0
0
0
0
0
0
-1
0
0
0
0
1
0
0
1
0
0
0
1
-1
0
-1
0
0
0
1
0
0
0
0
0
0
1
0
0
0
0
0
0
0
0
0
-1
0
0
0
1
0
0
0
1
0
0
0
0
0
0
0
0
0
0
1
0
1
0
-1
0
0
-1
0
0
0
-1
0
0
0
-1
0
-1
1
-1
1
0
0
0
0
0
1
0
1
0
0
0
0
0
0
0
0
0
0
0
1
0
0
-1
0
0
0
0
0
0
0
0
0
0
-1
0
0
1
0
0
-1
0
0
0
0
0
0
0
0
-1
0
1
0
0
0
0
1
0
0
0
0
0
-1
0
0
-1
0
0
0
0
0
0
0
0
0
0
0
1
1
1
1
0
0
-1
1
0
0
0
0
0
0
0
0
0
0
0
0
1
0
0
1
0
1
0
0
1
0
0
0
0
1
0
0
-1
0
0
1
1
0
0
-1
0
-1
-1
0
0
0
1
1
0
-1
0
1
0
0
0
0
1
0
1
-1
0
1
0
0
0
-1
0
0
0
1
0
-1
0
-1
-1
0
0
1
0
0
0
1
1
0
0
1
1
-1
0
-1
0
0
0
1
0
0
0
0
-1
0
0
-1
0
0
-1
-1
1
0
0
0
0
-1
0
1
0
0
0
-1
1
0
1
0
1
-1
0
0
0
-1
0
0
0
0
0
0
0
0
0
0
0
0
0
0
0
0
0
1
0
0
0
0
1
0
0
0
0
0
0
0
0
0
0
0
0
0
0
0
0
0
0
0
0
1
0
0
0
0
-1
0
0
1
0
0
0
0
0
-1
0
0
0
0
0
0
-1
0
0
-1
0
0
0
-1
0
0
0
0
-1
0
0
0
0
0
0
0
0
0
0
0
0
0
0
0
-1
0
0
0
-1
0
-1
0
-1
0
0
0
0
1
0
0
0
0
-1
1
0
0
0
0
0
1
0
0
0
0
0
0
1
0
0
0
0
-1
0
-1
0
0
0
0
0
0
0
0
0
0
0
0
0
0
0
0
0
1
0
1
1
0
1
0
0
0
0
0
1
0
1
0
0
0
1
0
0
-1
0
0
1
0
-1
0
0
0
0
-1
-1
1
0
0
1
0
0
1
0
0
0
-1
1
0
0
0
0
0
0
-1
0
0
0
0
0
0
0
0
0
0
0
0
0
0
0
0
0
0
0
0
-1
0
-1
0
-1
0
0
0
0
0
-1
0
-1
1
0
0
0
0
0
-1
0
-1
0
-1
0
0
0
0
-1
0
-1
0
1
0
0
0
0
0
0
1
0
0
0
0
0
0
-1
0
0
0
0
0
0
0
0
1
0
1
1
0
0
0
0
0
0
0
0
0
0
1
0
1
0
0
0
0
0
0
0
1
0
0
0
1
0
1
1
0
0
0
0
-1
0
0
1
0
0
0
0
0
0
0
0
0
0
0
0
0
-1
0
0
0
0
0
0
0
0
0
-1
0
1
0
0
0
0
0
0
0
-1
1
0
0
0
1
0
1
0
0
0
0
0
0
0
-1
0
1
0
0
0
1
0
0
0
0
-1
1
1
0
0
1
0
0
0
0
0
0
0
0
-1
0
0
0
0
1
0
0
0
0
0
0
-1
-1
1
0
0
1
0
0
-1
0
-1
1
0
1
0
0
0
0
1
-1
0
0
0
0
0
0
0
0
0
0
0
0
0
0
-1
0
0
0
0
1
0
0
0
0
0
0
0
0
-1
0
0
0
-1
0
0
1
0
-1
0
0
0
0
1
1
1
0
0
-1
0
0
-1
0
0
0
0
-1
0
0
0
0
0
0
1
0
0
0
0
0
1
0
0
0
0
0
0
0
-1
1
-1
0
-1
0
0
0
0
-1
0
0
0
0
0
0
0
0
0
1
0
0
0
0
0
0
0
0
0
0
0
0
0
0
-1
0
0
0
1
0
0
0
0
-1
0
-1
0
1
0
0
1
0
0
0
0
0
0
0
0
0
0
1
-1
0
-1
0
0
-1
0
0
0
0
-1
0
0
0
0
0
1
0
0
0
0
0
0
0
-1
0
0
0
0
0
0
-1
0
0
0
0
0
0
-1
0
-1
0
0
0
0
1
0
0
0
0
0
0
0
0
0
0
0
0
1
0
0
0
0
1
0
-1
0
1
0
0
0
0
0
0
0
-1
-1
0
0
0
1
0
-1
0
0
-1
0
0
0
-1
0
0
1
0
0
0
0
0
0
1
0
0
0
0
1
0
0
0
1
1
0
0
0
0
0
0
1
0
1
0
0
0
1
0
0
0
-1
1
1
0
-1
0
0
0
0
0
0
0
0
0
0
0
1
0
1
0
0
0
0
0
-1
0
1
0
0
-1
0
-1
0
0
-1
0
0
0
0
0
0
0
0
0
0
0
0
0
0
0
0
0
0
0
0
0
0
0
0
0
0
0
0
0
0
0
0
0
-1
0
0
0
0
0
0
0
-1
0
0
0
0
0
0
0
0
0
0
0
0
0
0
0
0
0
0
0
0
0
0
1
-1
0
0
0
0
0
0
0
1
0
0
0
0
0
-1
0
0
0
0
0
0
0
0
0
0
-1
-1
-1
-1
0
-1
0
0
0
0
0
0
-1
-1
0
-1
0
0
0
-1
0
0
0
0
0
0
0
1
0
0
0
0
0
0
0
0
0
0
1
1
0
0
0
0
0
0
0
0
0
0
0
1
0
0
0
0
0
1
1
0
0
0
0
0
-1
0
0
0
0
0
0
1
0
0
1
-1
0
0
1
0
0
1
0
1
1
-1
0
-1
0
0
0
0
-1
1
0
1
0
1
0
-1
0
0
0
0
0
0
0
0
0
0
0
1
0
0
1
0
0
0
0
0
0
0
0
-1
1
0
1
0
0
0
0
1
-1
2
-1
1
-1
0
-1
-1
1
-1
0
0
0
0
0
0
-1
0
-1
2
-1
0
0
-1
1
-1
1
-2
1
1
0
0
1
0
-1
0
0
-1
1
0
0
1
0
1
-1
0
1
-1
2
-1
2
-1
2
0
0
1
-3
3
-4
4
-3
2
0
-1
1
-2
2
-2
2
-1
1
0
-1
1
-1
1
-1
0
1
-2
2
-1
1
0
-1
1
0
1
0
1
0
0
1
0
1
-1
1
0
0
1
-1
0
1
0
1
0
0
0
0
1
-1
2
-1
2
0
0
0
-1
2
-2
1
0
0
1
-1
0
0
1
-1
1
-1
0
1
-1
1
-1
2
0
0
-1
0
1
-1
1
-3
3
-3
3
-2
2
-2
0
1
-1
1
-3
3
-3
2
-2
0
0
-2
1
-2
1
0
0
0
-1
1
-1
1
-1
0
1
-3
3
-3
2
-1
0
0
-2
2
-1
0
0
-1
2
-3
3
-2
2
-1
0
1
-2
2
-2
2
-1
0
1
0
1
-1
1
-1
-1
1
-2
2
-3
0
0
-2
0
-4
4
-3
3
1
0
3
-2
0
0
-2
4
-2
1
0
-3
3
-3
1
-4
1
-2
2
1
-3
6
-3
4
-1
0
0
-1
-2
0
-2
-1
0
1
-1
2
0
3
3
-1
3
-5
2
-6
-1
-3
1
3
3
5
0
4
-2
-1
-5
-3
-4
0
0
1
2
2
2
1
-2
0
2
-6
7
-7
1
3
-6
7
-5
6
1
6
3
1
-4
-5
-3
-12
4
-7
9
7
7
5
2
-7
-6
-7
-12
1
-1
3
8
6
2
8
-3
2
-2
-4
1
-10
1
-14
4
-2
0
18
-4
27
-9
14
-13
-10
-7
-19
1
-10
9
3
8
5
-3
8
-13
11
-6
-1
6
-10
9
-7
5
-7
19
-7
22
4
3
6
-16
-2
-30
-7
-28
0
-3
4
25
4
28
4
7
-2
-4
-24
8
-15
2
20
-11
31
-11
11
-17
-7
-17
-9
-4
-10
17
-10
20
0
1
5
-3
8
11
-7
20
-10
4
-1
-19
14
-32
17
-16
5
6
-3
18
-9
19
-12
15
-19
0
-8
-22
24
-32
30
-12
16
1
9
1
-6
19
-28
22
-18
0
-5
-3
-13
2
-7
16
5
13
11
8
-3
-10
-9
-27
6
-25
35
-16
24
11
-3
13
-22
16
-27
13
-21
14
-13
12
9
-10
23
-19
8
-5
-11
10
-11
15
-1
8
7
-7
-1
-20
3
-19
9
-6
10
1
11
3
4
14
-12
16
-15
-8
-9
-14
3
-9
24
-4
22
10
-11
14
-25
-4
-11
-5
4
-2
3
7
-6
8
-6
0
15
-7
18
-1
-1
12
-14
14
-15
-4
0
-13
7
-16
6
-13
14
-6
10
3
0
1
-6
9
-19
17
-4
9
13
-7
16
-19
8
-18
0
-10
0
-4
13
-3
12
0
-6
11
-24
15
-12
1
4
-8
7
-16
4
-5
-2
16
2
10
-4
10
-23
28
-9
17
2
5
-14
-6
-18
-13
-18
11
-6
8
27
-17
28
-19
6
-14
3
8
16
17
6
-10
-16
-23
-29
6
-6
34
17
26
7
1
-19
-5
-27
-15
-3
0
10
0
11
-16
13
-5
10
20
6
17
5
-13
-15
-7
-29
5
-9
8
5
14
-6
15
-9
7
19
-25
17
-28
6
-22
3
2
-1
27
-3
35
6
-1
7
-28
-28
-22
-28
3
-11
26
19
27
34
4
14
-23
-3
-37
5
-24
-3
9
-16
21
-1
20
1
24
-15
-6
5
-34
11
-22
-4
6
-20
31
-10
34
-1
23
3
-10
12
-29
12
-29
-5
-3
-7
3
13
-6
13
3
5
3
-3
3
-3
-12
6
-15
-7
3
-23
26
-2
23
12
12
-9
7
-18
-3
1
-28
32
-22
5
2
-23
20
-10
2
17
-12
10
-11
16
-7
16
8
3
-9
-21
-12
-19
12
-3
33
8
21
0
-7
-33
-15
-20
-7
25
4
24
-4
1
-3
-9
12
4
15
2
0
-24
-16
-9
-14
6
21
13
0
41
-38
21
-37
4
9
-13
26
-24
22
-27
12
-9
4
-2
14
-1
-18
9
-46
27
-25
45
17
23
33
-39
0
-59
-3
-38
27
18
34
29
17
-30
-15
-65
-22
5
-31
72
-20
74
11
-7
0
-38
-11
-3
5
22
2
-7
24
-14
17
-7
1
-2
-35
12
-44
8
7
7
61
13
31
6
-26
-6
-31
-46
-5
-55
-7
-12
-14
17
25
61
36
48
3
-15
-21
-28
-24
-18
14
18
10
51
10
5
18
-52
-16
-43
-33
12
9
-2
8
1
-15
-4
-19
-27
11
1
70
40
39
12
-16
-39
-27
-12
4
27
33
24
-7
-1
-37
-12
-49
-19
-5
8
9
15
-2
-3
4
-17
13
24
44
-4
2
-52
-38
-32
-2
51
22
67
38
-1
14
-72
-18
-49
-25
13
-25
46
-6
40
-2
-3
-4
-33
25
-18
25
28
11
11
-12
-18
-22
-7
-3
25
-14
25
-9
19
-1
-37
-14
-50
10
-13
37
19
27
25
-16
19
-67
17
-54
25
-4
-7
52
-13
59
-2
37
19
-4
-12
-35
-42
-21
-13
-5
13
0
6
-4
4
-27
-22
-10
-25
20
5
19
32
27
17
11
15
-8
18
4
8
-2
-34
-11
-38
-20
-3
-15
29
-20
1
1
-20
12
26
9
51
11
8
3
-12
-28
-24
-32
-24
13
12
57
-3
42
5
-32
21
-66
13
-8
-4
16
-19
-26
-48
-16
-8
38
21
52
-8
12
-26
10
6
36
44
21
25
-35
-15
-78
-12
-73
3
8
23
64
-9
62
-24
6
-6
-35
-33
0
-54
32
-10
21
58
22
61
1
16
-42
-18
-67
-53
-51
-40
-1
26
85
74
91
44
21
-21
-68
-53
-97
-52
-59
-35
22
45
73
89
31
48
-25
18
-54
-7
-21
0
36
12
10
-17
-5
-56
-25
-56
-28
-9
1
17
33
27
32
56
-5
32
-41
-43
23
-26
37
-6
24
-1
7
5
-3
-33
-21
-59
-38
25
-43
86
-3
29
18
-7
59
-18
21
-3
-9
-1
-10
-7
-11
-26
22
3
3
-29
-29
-24
-70
-34
-82
3
-9
106
133
149
159
51
5
-96
-115
-128
-48
-35
4
49
17
66
-60
-53
-70
-87
18
5
88
60
98
27
14
-72
-63
-22
-16
34
27
19
-2
7
-26
-21
-34
13
18
84
7
36
49
-47
6
-41
-49
-39
-56
-9
-39
22
12
50
51
43
45
-26
22
-73
-9
-58
-46
12
-61
55
-44
49
4
40
53
-13
19
-41
-21
-1
-3
11
57
37
78
43
23
6
-92
-7
-122
-38
-44
2
33
13
27
3
36
-17
-2
-5
-64
-7
-14
17
-7
29
10
-1
45
34
12
31
-15
-33
-1
-65
11
3
18
-4
23
-37
-98
2
-64
68
15
112
-13
25
-26
-93
37
-49
67
24
62
22
30
-17
-18
-12
-2
4
-44
25
-48
60
-25
14
1
19
-55
37
-39
-34
-4
-72
58
-42
134
-1
73
-47
-63
-51
-87
66
15
95
21
16
-76
-9
-87
47
16
75
79
22
102
-86
10
-170
-53
-73
-73
51
-116
97
-105
37
18
55
78
142
78
72
-10
-65
4
-140
73
-83
66
11
-9
54
-106
-12
-94
-117
24
-74
91
42
96
114
1
41
-4
-3
-4
33
-18
-15
-42
-121
-83
-90
-52
104
-25
153
92
35
130
-63
2
-73
-89
-38
-18
-22
73
-37
45
-40
-54
30
-31
78
29
47
39
51
-3
90
-103
13
9
-103
56
-124
-59
-73
-84
24
-3
96
51
-8
57
-57
71
51
18
96
-20
27
-59
-78
-45
-15
22
64
98
27
16
-79
-147
-100
-64
-28
68
34
51
45
34
-70
50
-65
37
76
19
159
-57
-31
25
-87
70
-57
-1
-19
-137
-13
-106
4
35
-1
89
20
30
47
45
20
-48
7
-93
17
-33
4
55
20
34
23
26
-52
21
-109
-7
-8
21
34
19
54
-1
46
-8
60
-15
46
-12
-77
-33
-132
-37
-85
-12
-78
31
83
-4
189
-55
112
-58
-7
32
-46
71
-73
28
-25
-36
23
-18
22
82
22
58
11
25
7
-10
-8
-125
-99
-102
-85
0
-13
56
30
49
118
45
32
-78
-102
-102
-175
-8
-14
39
141
58
158
97
35
54
-21
-46
21
-30
85
-55
8
4
-82
-2
-49
-9
11
-25
-61
-71
-120
-53
9
66
69
111
100
-6
90
-22
-44
66
-63
106
76
21
54
-125
-111
-135
-132
-4
27
66
82
16
-23
-57
-45
-67
-41
-42
1
31
27
42
11
7
59
28
93
41
-9
1
-61
94
-30
174
98
78
140
-90
17
-204
-93
-213
-190
-139
-69
-13
31
94
-13
-23
-94
25
40
32
207
139
113
130
121
166
54
129
-16
-38
-157
-136
-179
-149
-201
-105
-122
-124
-10
-53
124
66
135
52
-27
40
-16
64
73
98
170
66
156
34
50
-39
-80
-120
-188
-78
-81
-106
-35
-28
-27
4
23
70
71
93
20
14
-116
-59
-88
57
-15
100
128
112
169
39
22
27
-100
-129
-62
-123
-32
-59
2
-17
19
-18
-59
-103
-206
-147
-81
9
119
221
306
383
179
252
-8
-46
-65
-222
-17
-187
-198
-92
-208
-56
-127
-64
100
-71
201
54
114
149
52
112
-59
50
-109
58
-8
-84
0
-206
-40
1
-65
154
-12
174
103
32
206
-116
84
-173
-53
-78
-63
10
-89
118
-110
117
43
-7
-66
-81
-84
-8
-42
30
99
-11
28
111
-12
60
-52
17
-35
-110
86
11
127
43
70
-22
2
-40
-123
-46
-40
-4
85
78
-24
9
-75
-72
-105
-47
-52
-44
0
-70
27
-61
114
126
159
148
99
124
-56
-24
-37
-65
-27
11
8
69
-42
-40
-24
-177
-2
-101
-55
58
-71
97
9
31
31
-57
-4
-143
-22
-34
18
150
57
126
9
23
8
18
33
-109
-94
-92
-172
-77
60
41
218
168
209
112
-7
-87
-152
-159
-127
-30
9
71
69
27
-64
2
-190
53
-26
85
86
-14
69
-228
-25
-205
-79
5
-44
191
1
193
60
80
137
-58
60
-40
-23
-25
23
19
74
22
37
38
18
77
71
45
-39
-9
-64
-88
-133
-69
-145
-131
-76
-68
27
27
68
14
21
-79
-60
-4
99
152
138
132
41
67
26
-5
42
-45
-27
-22
-164
-78
-139
-88
-74
-84
18
-6
182
134
168
51
18
-7
-155
49
-112
-13
-49
-125
47
-10
57
161
83
139
121
8
26
-137
-112
-198
-126
-115
-78
24
42
221
204
229
111
8
-41
-199
-174
-151
-121
-60
2
31
26
-15
50
-6
55
20
-12
38
-56
89
-2
75
110
26
70
-18
-59
-96
-55
-108
-11
-94
49
31
-19
67
-55
54
-40
-75
7
-75
38
49
83
69
51
49
28
18
-60
94
-37
46
8
-71
0
-98
-9
-56
28
51
25
48
-65
-13
-117
-103
-145
-130
-78
-110
19
23
92
138
112
185
170
129
160
39
-19
-120
-216
-133
-141
-5
34
79
164
78
88
77
-51
1
-111
-49
25
-76
27
28
-61
-46
-99
1
70
81
168
126
45
23
-48
-116
-55
-83
41
66
-14
-24
-125
-139
-117
-122
-28
3
149
103
99
-7
31
8
-48
120
-56
79
-31
-2
41
-50
69
-123
-125
-122
-67
16
51
176
120
207
135
101
96
-13
-105
-218
-227
-179
-81
-72
117
19
-2
-84
-68
-21
-83
77
-28
24
97
72
95
54
57
-61
-16
-107
-67
-22
-46
63
31
149
116
117
84
106
57
-88
-54
-182
-144
-123
-10
37
22
94
-29
25
-48
10
-73
-25
-10
-35
62
70
88
20
24
-99
-54
-153
-13
19
56
169
79
133
39
38
-41
-67
-191
-141
-120
-100
-17
41
150
75
130
-22
-39
-86
-85
-4
-3
71
24
13
6
-53
28
77
101
61
13
-8
-111
-98
-142
-204
-121
-64
90
160
244
228
153
83
-12
-70
-113
-113
-107
37
31
71
171
100
162
124
75
51
5
-122
-87
-77
-205
-24
-104
-1
87
-37
133
7
-24
-99
-104
-119
-73
-40
11
127
118
295
229
199
113
14
-89
-210
-303
-272
-212
-187
20
-22
-4
-28
-113
-111
-167
-101
-41
67
73
169
248
122
113
15
-35
-100
-38
9
-46
81
-5
58
-11
33
22
-8
95
-11
142
41
81
-35
-73
-85
-165
3
-72
18
58
126
102
81
130
38
70
-47
37
4
-28
23
-51
12
-61
-43
6
-34
3
-27
-63
-49
-68
-39
-90
-28
-64
-38
-21
8
-27
-71
31
-87
17
5
-26
39
-37
8
18
44
-22
97
72
58
137
79
-30
-137
-25
-101
-31
16
11
-64
-106
-41
-107
-1
28
124
94
0
93
34
18
37
-100
-52
-68
-88
29
-17
128
142
100
105
68
63
-11
37
-60
-7
-36
-53
-15
-103
59
21
119
107
55
39
-46
-17
-142
12
30
43
123
45
40
-48
-2
-49
-103
-77
-107
-82
-89
-34
-39
-36
55
80
210
336
299
270
97
-35
-214
-310
-259
-250
-108
-72
-49
66
18
43
49
63
45
-30
-90
-152
-161
-221
-234
-168
-49
60
118
264
329
327
321
211
131
28
14
-79
-155
-134
-86
-10
32
54
95
31
22
-39
7
-65
-140
-8
-122
-44
-189
-198
-205
-243
-171
-153
-98
-71
57
109
144
141
117
82
91
40
61
44
145
133
110
88
1
-38
-74
-57
-33
27
6
130
27
-6
-36
-35
81
101
241
217
206
110
40
-26
-93
-67
-142
-83
-135
-186
-155
-168
-132
-61
65
69
99
112
83
34
31
-53
-102
-162
-144
-146
-137
-72
-157
-155
-123
-39
28
94
187
158
116
108
106
77
42
120
132
147
150
140
96
34
6
-65
-57
-120
-93
-82
-109
-44
-10
4
5
59
51
38
64
53
94
140
179
86
-31
-129
-231
-277
-288
-294
-269
-180
-165
-64
-9
129
316
385
462
402
341
192
49
-75
-286
-348
-428
-427
-390
-305
-145
-105
55
102
157
171
177
230
196
260
218
96
25
-73
-114
-232
-298
-272
-313
-218
-158
-81
22
50
146
211
218
279
295
264
258
183
117
36
-47
-145
-184
-212
-228
-164
-120
-26
50
116
155
170
210
235
165
165
149
102
67
45
8
-89
-117
-133
-128
-148
-104
-105
-95
-33
8
66
110
200
268
315
291
284
287
181
130
71
-90
-156
-228
-306
-290
-297
-276
-176
-140
-90
-47
-67
-79
-137
-84
-130
-144
-150
-181
-154
-235
-230
-236
-266
-306
-287
-261
-203
-113
-59
-7
56
135
202
295
359
407
454
463
463
413
437
389
322
262
213
182
141
176
201
191
175
169
145
154
147
97
36
-81
-199
-306
-409
-509
-557
-587
-584
-632
-633
-606
-618
-592
-514
-461
-429
-385
-343
-272
-256
-181
-195
-214
-263
-307
-332
-378
-406
-445
-475
-519
-508
-479
-410
-362
-284
-228
-148
-99
-35
31
22
119
112
158
191
278
384
491
645
719
876
996
1165
1285
1444
1626
1736
1899
1989
2030
2081
2110
2073
2014
1877
1745
1570
1426
1249
1048
846
665
501
295
139
-1
-93
-230
-336
-416
-547
-657
-816
-894
-1023
-1149
-1248
-1359
-1417
-1525
-1568
-1581
-1624
-1649
-1571
-1598
-1556
-1578
-1617
-1667
-1802
-1864
-2031
-2183
-2367
-2592
-2744
-2978
-3210
-3422
-3642
-3810
-3878
-3974
-3929
-3646
-3285
-2646
-2111
-1357
-562
412
1467
2580
3592
4326
5057
5622
6157
6454
6395
6201
5828
5419
4908
4183
3441
2622
1888
1268
655
239
-133
-260
-271
-267
-177
-100
23
138
214
274
308
306
235
182
102
42
44
39
119
230
370
682
996
1310
1576
1792
1981
2075
2116
1981
1722
1350
904
418
-108
-611
-1211
-1748
-2297
-2691
-2974
-3199
-3291
-3363
-3349
-3263
-3147
-3062
-2991
-3029
-3184
-3376
-3751
-4155
-4657
-5125
-5595
-5972
-6374
-6726
-6602
-6369
-5474
-4699
-3644
-2485
-972
1010
2801
4677
6020
7201
8231
9133
9704
9494
8984
8149
7304
6412
5149
3754
2339
1023
-48
-1011
-1716
-2181
-2418
-2253
-2089
-1688
-1292
-846
-363
-36
337
496
645
741
679
721
612
615
686
792
943
1186
1588
2061
2551
2986
3326
3610
3782
3863
3835
3527
3061
2456
1741
1009
147
-697
-1502
-2329
-2929
-3410
-3684
-3812
-3861
-3719
-3487
-3125
-2762
-2475
-2284
-2166
-2267
-2455
-2814
-3401
-4134
-5007
-5875
-6613
-7312
-7899
-8423
-8846
-8646
-8286
-7063
-5979
-4581
-2962
-1191
1293
3425
5634
7140
8409
9592
10394
10979
10697
9907
8877
7687
6566
5124
3532
2028
664
-332
-1251
-1913
-2317
-2473
-2155
-1931
-1561
-1229
-890
-470
-273
-103
29
-20
112
100
189
250
300
659
903
1424
1851
2426
3138
3700
4421
4759
5122
5278
5271
5203
4745
4181
3406
2563
1735
832
-74
-948
-1714
-2288
-2686
-2942
-3122
-3234
-3199
-3103
-2883
-2715
-2628
-2603
-2781
-3034
-3430
-3950
-4575
-5439
-6473
-7547
-8518
-9254
-9913
-10439
-10760
-11032
-10538
-9760
-8229
-6564
-4913
-2794
-727
2091
4557
6913
8725
9961
11190
11992
12523
12307
11299
10095
8690
7307
5791
4003
2314
708
-535
-1491
-2329
-2749
-3096
-3018
-2798
-2569
-2222
-1969
-1579
-1370
-1276
-1187
-1250
-1124
-1123
-956
-763
-458
139
860
1815
2689
3707
4714
5785
6744
7354
7765
7829
7737
7354
6774
5890
4760
3607
2373
1264
268
-665
-1432
-2104
-2552
-2773
-2846
-2796
-2771
-2672
-2629
-2578
-2569
-2681
-2909
-3385
-4032
-4794
-5569
-6466
-7459
-8617
-9651
-10555
-11156
-11603
-11766
-11825
-11449
-10542
-9266
-7212
-5541
-3346
-1349
1226
3922
6249
8392
9668
10855
11732
12283
12431
11616
10570
9221
7838
6486
4708
3038
1414
46
-954
-1930
-2502
-2889
-3029
-2736
-2592
-2252
-1976
-1700
-1397
-1304
-1239
-1337
-1522
-1534
-1610
-1562
-1500
-1229
-517
253
1404
2461
3741
5074
6364
7602
8380
8924
9144
9106
8734
7888
6844
5542
4199
2898
1577
443
-635
-1453
-2047
-2441
-2532
-2574
-2451
-2337
-2216
-2044
-1975
-1974
-2329
-2883
-3583
-4383
-5311
-6427
-7633
-8929
-10183
-11317
-12231
-12814
-13232
-13303
-13319
-12848
-11692
-10227
-7951
-6100
-3758
-1511
1231
4284
6720
9046
10454
11725
12825
13514
13853
13077
11970
10662
9333
8044
6216
4347
2574
952
-226
-1373
-2231
-2865
-3278
-3205
-3220
-3063
-2985
-2862
-2617
-2629
-2636
-2771
-2864
-2849
-2928
-2866
-2842
-2360
-1577
-489
697
1854
3279
4916
6776
8282
9327
10055
10447
10817
10674
10103
8859
7338
6030
4628
3276
1784
359
-735
-1643
-2113
-2385
-2585
-2727
-2814
-2681
-2530
-2427
-2526
-2980
-3622
-4386
-5173
-6073
-7229
-8546
-9923
-11241
-12286
-13218
-13830
-14365
-14519
-14360
-13915
-12519
-11005
-8582
-6505
-3963
-1334
1515
4834
7482
10084
11720
13044
14206
14973
15282
14513
13114
11643
10127
8667
6791
4660
2701
909
-382
-1552
-2539
-3240
-3722
-3692
-3707
-3614
-3623
-3619
-3448
-3438
-3548
-3767
-4055
-4049
-4005
-3879
-3622
-3320
-2291
-1111
477
2033
3502
5538
7321
9255
10506
11445
12040
12125
12052
11265
10144
8465
6707
5208
3563
2009
451
-813
-1636
-2241
-2499
-2645
-2756
-2763
-2785
-2562
-2424
-2615
-3105
-3938
-4751
-5734
-6864
-8045
-9489
-11014
-12544
-13707
-14540
-15146
-15604
-15709
-15604
-14560
-13065
-10830
-8234
-5957
-2960
-184
3456
6662
9453
11821
13322
14824
15817
16397
16228
14892
13437
11769
10175
8366
5960
3723
1682
91
-1172
-2513
-3428
-4087
-4298
-4168
-4206
-4140
-4195
-3996
-3783
-3782
-3938
-4276
-4447
-4389
-4216
-3980
-3653
-3066
-1982
-524
1206
3016
4900
6928
8893
10599
11872
12752
13186
13105
12471
11307
9748
7955
5975
4005
2145
366
-1136
-2325
-3133
-3440
-3638
-3610
-3491
-3252
-2935
-2659
-2476
-2568
-3117
-3939
-4811
-5823
-7091
-8580
-10255
-11850
-13396
-14554
-15323
-15917
-16185
-16406
-15470
-13934
-11404
-8648
-6272
-3183
-126
3914
7527
10615
12927
14402
15967
17182
17797
17355
15646
13830
11936
10188
8112
5388
2866
592
-1083
-2359
-3581
-4516
-5216
-5339
-5036
-4902
-4696
-4607
-4397
-4122
-4143
-4288
-4592
-4723
-4696
-4611
-4388
-4121
-3360
-2048
-502
1331
3122
5206
7473
9603
11434
12594
13341
13698
13625
12987
11568
9770
7711
5617
3535
1509
-211
-1808
-2959
-3674
-3886
-3697
-3492
-3149
-2708
-2281
-1829
-1552
-1541
-2044
-3046
-4255
-5581
-6994
-8709
-10717
-12667
-14422
-15636
-16577
-17079
-17362
-17151
-15949
-14102
-11096
-8405
-5310
-2226
1399
5414
8884
11992
13907
15333
16606
17554
17854
16663
14840
12859
10989
9114
6708
4167
1748
-185
-1614
-2787
-3835
-4468
-4769
-4531
-4347
-4243
-4144
-3929
-3713
-3723
-3991
-4390
-4768
-4890
-4823
-4754
-4636
-4347
-3399
-1942
-162
1707
3585
5788
7964
10159
11803
12926
13425
13423
13064
12100
10560
8550
6408
4241
2124
250
-1262
-2431
-3235
-3611
-3507
-3081
-2526
-1932
-1348
-825
-477
-339
-565
-1275
-2402
-3900
-5648
-7512
-9616
-11734
-13793
-15509
-16813
-17673
-18186
-18151
-17113
-15509
-12740
-10067
-6882
-3570
64
4128
7740
10977
13089
14683
16025
17108
17465
16474
14723
12857
11131
9359
7030
4476
2157
333
-964
-2141
-3163
-3881
-4143
-3839
-3585
-3408
-3462
-3290
-3013
-3018
-3346
-3788
-4272
-4552
-4696
-4703
-4683
-4512
-3828
-2653
-1075
652
2562
4676
6900
8997
10725
12014
12769
12990
12626
11727
10289
8444
6439
4320
2152
71
-1572
-2650
-3352
-3758
-3801
-3363
-2656
-1890
-1091
-341
82
277
159
-282
-1242
-2640
-4386
-6313
-8558
-10886
-13110
-14910
-16403
-17582
-18423
-18629
-17500
-15855
-13001
-10530
-7325
-3857
90
4343
7964
11109
13222
14917
16257
17196
17245
16005
14147
12255
10467
8606
6225
3775
1621
-36
-1182
-2218
-3171
-3663
-3842
-3344
-3102
-3018
-3066
-3000
-2780
-2874
-3368
-3933
-4505
-4734
-4919
-5021
-5001
-4732
-3876
-2703
-1117
511
2601
4865
7196
9185
10692
12029
12824
13178
12717
11638
10054
8125
6232
4180
1960
-262
-1914
-2926
-3454
-3725
-3706
-3269
-2570
-1744
-899
-178
317
366
129
-438
-1512
-2994
-4922
-7052
-9450
-11869
-14045
-15662
-17081
-18200
-19010
-18408
-17042
-14478
-11740
-8941
-5409
-1638
2913
6947
10479
12818
14560
15856
17077
17530
16592
14690
12546
10722
9060
6951
4530
2151
398
-784
-1627
-2475
-3119
-3425
-3156
-2814
-2800
-3088
-3289
-3236
-3349
-3806
-4592
-5237
-5577
-5590
-5589
-5617
-5357
-4519
-3130
-1404
243
2159
4372
6789
9008
10481
11638
12383
12873
12714
11743
10125
8134
6240
4426
2449
304
-1535
-2644
-3062
-3208
-3102
-2765
-2211
-1529
-760
-11
427
397
1
-782
-1803
-3354
-5203
-7392
-9691
-12078
-14142
-15670
-16883
-17824
-18657
-17984
-16558
-13694
-11025
-8156
-4898
-1086
3390
7456
10761
12922
14484
15618
16862
17106
16119
14132
11992
10292
8693
6706
4426
2169
653
-394
-1113
-1929
-2591
-2895
-2750
-2576
-2696
-3308
-3686
-3896
-4142
-4671
-5537
-6083
-6287
-6046
-5688
-5457
-4956
-3889
-2140
-207
1571
3416
5330
7483
9353
10651
11371
11579
11627
11258
10292
8706
6831
5063
3480
1956
507
-773
-1618
-1883
-1813
-1459
-1097
-719
-305
99
452
449
73
-705
-1866
-3342
-4986
-6963
-9061
-11307
-13447
-15225
-16610
-17489
-18383
-18115
-17219
-14992
-12236
-9586
-6359
-2926
1199
5414
9006
11495
13448
14749
16277
16918
16419
14974
12960
11399
9890
8026
5896
3599
1963
788
-53
-891
-1718
-2148
-2129
-1983
-2039
-2638
-3104
-3514
-3947
-4427
-5325
-6026
-6515
-6490
-6184
-6012
-5599
-4738
-3228
-1211
773
2602
4348
6208
8089
9481
10208
10351
10107
9653
8727
7502
5826
4087
2558
1352
537
-278
-1031
-1320
-1113
-418
147
482
736
964
1200
1247
888
45
-1341
-2969
-4548
-6579
-8668
-11062
-13111
-15112
-16479
-17758
-18418
-17933
-16905
-14504
-12315
-9444
-6193
-2411
1698
5810
8815
11354
12962
14581
16188
16284
15508
13623
11981
10681
8968
7000
4521
2418
1011
-97
-718
-1617
-2197
-2275
-2074
-1584
-1629
-1930
-2025
-2415
-2540
-3299
-3992
-4616
-4982
-4940
-4953
-4886
-4503
-3500
-1815
84
1816
3555
5111
7024
8541
9478
9720
9362
8874
7932
6665
5088
3236
1459
-89
-1123
-1683
-2144
-2283
-2055
-1405
-486
341
1120
1667
2009
2241
2147
1706
688
-866
-2594
-4630
-6662
-8907
-11011
-13104
-14826
-16524
-17271
-16923
-15839
-13786
-11964
-9498
-6390
-2705
1371
5146
7687
10051
11344
13051
14362
14368
13581
11514
9984
8644
7071
5284
2824
829
-523
-1448
-1969
-2667
-2773
-2584
-2188
-1625
-1488
-1156
-900
-886
-923
-1603
-1947
-2295
-2378
-2229
-2439
-2457
-2172
-1234
365
1803
3137
4353
5625
7339
8500
9000
8723
8034
7236
6122
4586
2719
591
-1281
-2718
-3669
-4215
-4543
-4409
-3900
-2858
-1679
-505
768
1664
2283
2675
2737
2503
1456
16
-1821
-3838
-5951
-8047
-10233
-12046
-13817
-15061
-15059
-14560
-12680
-10950
-8819
-6010
-2869
681
4264
6764
9144
10299
11272
12334
12074
11546
9641
7951
6406
4629
3112
1050
-531
-1774
-2863
-3273
-3767
-3662
-3208
-2702
-2122
-2053
-1751
-1224
-906
-549
-1030
-1191
-1316
-962
-171
233
603
942
2010
3749
5475
6836
7659
8373
9343
9871
9973
9113
7724
6070
4206
2421
278
-1895
-3834
-5345
-6273
-6783
-6777
-6195
-5248
-4094
-2818
-1493
-50
1108
1981
2413
2424
2080
1218
-95
-1743
-3616
-5579
-7494
-9502
-11114
-12642
-12990
-12478
-11482
-9633
-8006
-5451
-2277
668
4048
6555
8434
10142
10423
11544
11330
10348
8739
6481
5342
3551
1751
-192
-2137
-3023
-3991
-4710
-5329
-5826
-5289
-4860
-4195
-3886
-4076
-3519
-3155
-2377
-2088
-2218
-1746
-1255
-27
1190
2228
3264
4570
6597
8704
10306
11645
12305
13018
13374
12945
11942
9878
7635
5245
2629
101
-2793
-5268
-7116
-8324
-8915
-9307
-9050
-8140
-7036
-5501
-4142
-2707
-1477
-496
459
990
961
338
-750
-1917
-3195
-4546
-6063
-7690
-9128
-10554
-10536
-9789
-8380
-6736
-5540
-3137
-28
2995
6447
8090
9615
10683
10971
12205
11469
10477
8178
5883
4626
2923
1315
-967
-3158
-4436
-5627
-6185
-7024
-7782
-7792
-7843
-7261
-7168
-7066
-6441
-6059
-5137
-4693
-4080
-2996
-1694
54
1581
3020
4666
6866
9379
11709
13205
14444
15380
16293
16631
15859
14394
11965
9586
7245
4498
1611
-1770
-4599
-6573
-7921
-8728
-9475
-9813
-9675
-9098
-7943
-6711
-5571
-4789
-4115
-3246
-2553
-2066
-2096
-2703
-3479
-4327
-4919
-5704
-6388
-7798
-8426
-8012
-6971
-4897
-3772
-2054
353
2650
6226
8516
10168
11463
11281
12427
12137
11594
9908
7560
6102
4202
2650
603
-1642
-3167
-4871
-6048
-7317
-8589
-8829
-9286
-9178
-9525
-10005
-9641
-9125
-8028
-7504
-6957
-5974
-4575
-2501
-491
1216
2946
4957
7624
10269
12185
13906
14934
15960
16587
16396
15574
13675
11802
9760
7442
4882
1897
-483
-2425
-4092
-5441
-6625
-7228
-7580
-7811
-7632
-7540
-7137
-6833
-6459
-6038
-5753
-5430
-5293
-5310
-5621
-5889
-6011
-6105
-6347
-7184
-6753
-5952
-4268
-2454
-1900
55
2066
4674
7931
8916
10365
10524
10974
12075
11386
10652
8196
6532
5334
4012
2629
335
-1535
-2812
-4035
-4724
-6404
-7426
-8033
-8292
-8187
-9088
-9566
-9691
-9122
-8211
-7926
-7449
-6613
-4919
-2773
-1039
504
2113
4434
7182
9243
10838
11677
12594
13617
13844
13727
12173
10683
9143
7738
6024
3697
1684
122
-879
-1874
-2825
-3557
-4024
-4367
-4582
-4929
-5174
-5561
-5737
-5818
-5963
-6302
-6822
-6954
-7162
-7147
-7321
-7448
-7315
-7675
-6789
-5468
-3497
-1113
-281
1765
3893
6370
9614
10372
11449
10911
10699
11415
10622
9516
6603
4347
2972
1848
843
-1075
-2811
-3975
-4879
-4999
-6007
-6540
-7015
-7266
-6995
-7541
-7757
-7761
-7405
-6673
-6475
-6098
-5264
-3826
-1852
-97
1392
2867
4909
7164
9073
10208
10453
10871
11110
11131
10419
8522
6786
5020
3809
2130
243
-1409
-2497
-2804
-3035
-3146
-3324
-3537
-3390
-3366
-3043
-3155
-3663
-3999
-4469
-4540
-5041
-5765
-6356
-7008
-7107
-7202
-7119
-7253
-7305
-5919
-4344
-1389
634
2026
4603
6491
10066
12279
13341
13929
12668
12923
12377
11331
9018
5757
3469
1442
-75
-1801
-3921
-5326
-6667
-7230
-7934
-8805
-8851
-9054
-8705
-8800
-9176
-9018
-8318
-7185
-6212
-5559
-4543
-3072
-873
1554
3807
5593
7249
9224
11118
12589
13065
12770
12131
11289
10170
8433
6151
3712
1670
-323
-2031
-3444
-4705
-5445
-5832
-5917
-5614
-5360
-5230
-5222
-5001
-4639
-4422
-4536
-4874
-5127
-5244
-5408
-5694
-6231
-6621
-6764
-6429
-6452
-6353
-5068
-3580
-394
1768
3668
6223
8018
11668
13806
15208
15676
14591
14594
13889
12901
10693
7553
5249
2997
1292
-528
-2680
-4208
-6014
-6948
-8324
-9630
-10203
-10689
-10770
-11291
-12168
-12277
-11741
-10484
-9180
-8350
-7049
-5135
-2444
805
3855
6410
8693
10798
13158
14804
15686
15643
14768
13565
11771
9899
7579
5094
2653
184
-1654
-3122
-4271
-5119
-6007
-6406
-6657
-6771
-6844
-7220
-7411
-7552
-7484
-7476
-7680
-7839
-8042
-8041
-7972
-8034
-8018
-8121
-7904
-7821
-6504
-5151
-2675
193
2022
5266
7376
10749
13648
15367
16854
16415
16250
15766
14871
13300
10642
8265
6107
4256
2613
560
-767
-2254
-3438
-4718
-6245
-7211
-8083
-8666
-9361
-10604
-11672
-12176
-11860
-10927
-10371
-9754
-8525
-6485
-3221
-228
2540
4962
7076
9875
11650
13064
13390
13131
12827
11655
10479
8697
6829
5021
3133
1821
441
-759
-1717
-2744
-3428
-4375
-5101
-5785
-6676
-7404
-8089
-8492
-8576
-8892
-8897
-9075
-9145
-8979
-8877
-8648
-8731
-9044
-9272
-7782
-6517
-3583
-1772
194
3524
5787
9940
12249
14237
15289
14998
15174
14648
13721
11826
9115
7141
5243
4009
2611
1174
468
-564
-1093
-2215
-3334
-3791
-4566
-5269
-6400
-7831
-8490
-8829
-8519
-8336
-8199
-7368
-6097
-3865
-1630
417
2526
3837
5946
7219
8238
8898
8323
8331
7451
6851
6191
4943
4100
2897
2001
1308
599
201
-546
-1258
-2120
-2975
-3475
-4223
-4888
-5699
-6478
-6710
-7000
-7029
-7301
-7948
-8318
-8638
-8575
-8850
-9466
-10272
-9373
-8200
-5407
-3001
-1424
1731
4026
8080
10882
12764
13807
13324
13054
12490
11335
9552
6819
4945
3293
2214
1268
342
232
0
-194
-958
-2006
-2306
-2428
-2640
-3315
-4960
-5721
-5779
-4752
-3983
-3712
-3354
-2177
-16
2101
4072
4687
5047
5408
5685
6059
5559
4591
3451
2367
1908
1561
1121
673
187
-196
-635
-878
-1061
-1213
-1823
-2766
-3532
-3901
-3763
-3520
-3541
-3715
-4001
-3964
-3657
-3618
-3895
-4961
-5881
-6896
-7588
-8569
-9210
-8455
-7866
-5079
-3586
-979
2004
4573
8281
9964
11514
11742
11388
11016
9807
8019
5578
3329
2144
931
113
-1037
-1680
-1563
-1530
-1525
-2456
-3587
-3950
-4106
-3615
-3876
-4307
-4159
-3221
-1328
393
1775
3090
4864
6527
8197
8817
8615
8049
6987
6117
4711
3385
2003
863
-67
-883
-1491
-1924
-2026
-2270
-2982
-3678
-4252
-4445
-4714
-5335
-5780
-6023
-5609
-4985
-4180
-3342
-2695
-2225
-1993
-1873
-1834
-2278
-2803
-3843
-5061
-6333
-7433
-6265
-5308
-2518
-955
479
3178
5132
8828
10464
11019
10406
8809
8038
7271
5831
3915
1342
173
-482
-534
-694
-1412
-1719
-2500
-3217
-4401
-6009
-6684
-7275
-7166
-7061
-6934
-5722
-3705
-813
1881
3824
5893
8093
10334
12098
12412
11966
10679
9633
8459
7093
5594
3761
2437
1316
436
-566
-1801
-2754
-3755
-5035
-6169
-6937
-7318
-7658
-8134
-8210
-7678
-6642
-5695
-4693
-3879
-3060
-2540
-2311
-2328
-2602
-3081
-3376
-4215
-4957
-6216
-6387
-4741
-2937
707
1812
3854
5436
7382
10232
10869
10803
8829
6855
5808
5152
4293
2688
1038
511
279
624
459
-67
-861
-2579
-4202
-6296
-7794
-8252
-8596
-8188
-8306
-7343
-5449
-2541
614
2843
4997
6735
8723
10653
11431
11561
10635
9666
9401
8579
7799
6239
4835
4039
2874
1537
-408
-1912
-3343
-4854
-6426
-7742
-8352
-8568
-8728
-8680
-8375
-7411
-6268
-5140
-4281
-3911
-3654
-3461
-3298
-3262
-3517
-3786
-4380
-4548
-4953
-5157
-3433
-2098
1717
3731
5367
7120
7684
10047
10751
10687
8966
6389
4690
3723
2968
1962
552
35
-364
-304
-578
-1095
-1489
-2872
-4488
-6684
-8610
-8762
-8509
-7329
-6722
-6098
-4501
-2258
786
3228
5547
6695
8006
8955
9771
10584
10244
9915
9366
8897
8262
7252
6242
5460
4167
2390
242
-1607
-3075
-4349
-5948
-7428
-8457
-9039
-8993
-8910
-8501
-7843
-7129
-6255
-5563
-4850
-4317
-4010
-4018
-3966
-3878
-3733
-4043
-4141
-4731
-4515
-2758
-1304
2709
4441
6807
8444
9066
11114
11538
11545
9889
7405
5460
4136
2899
1741
412
-229
-1002
-1357
-2179
-2839
-3271
-4521
-5896
-8114
-9843
-9962
-9265
-7497
-6404
-5351
-3950
-1872
923
3886
6058
7427
7811
8156
8978
9701
10166
9840
9303
8428
7783
7311
6837
6156
4649
2614
607
-1118
-2197
-3361
-4954
-6678
-8043
-8709
-8840
-8685
-8311
-7784
-7257
-6714
-6001
-5185
-4330
-3927
-3970
-3966
-3803
-3734
-4057
-4559
-5571
-4619
-3144
-512
2880
4148
6883
8061
10020
11618
11619
11011
9095
7252
6007
4565
3240
1798
752
242
-452
-804
-2059
-2851
-3999
-5188
-6501
-8628
-9909
-10033
-9069
-7157
-5923
-4551
-3027
-1003
1814
4020
6084
6829
7102
7400
7434
8091
8163
8200
7791
6883
6332
5801
5330
4775
3542
2126
330
-1153
-2221
-3039
-3981
-5210
-6400
-7365
-7922
-7956
-7618
-6836
-6276
-6203
-6067
-5613
-4627
-3713
-3163
-3081
-3142
-3397
-3627
-4488
-3784
-2511
-213
3163
4067
6453
7216
8963
10858
10800
10230
8167
6402
5447
4434
3408
2129
1044
577
-73
-394
-1660
-2400
-3544
-4775
-5939
-7921
-8914
-9063
-8273
-6313
-5013
-3610
-2409
-476
1597
3618
5070
5680
6274
6061
6199
6450
6725
7138
6926
6138
5315
4239
3508
2949
2071
897
-626
-2140
-3101
-3450
-3826
-4165
-5108
-6122
-6628
-6902
-6613
-6285
-6108
-6013
-6013
-5820
-5230
-4382
-3556
-3005
-2838
-3024
-3105
-3475
-2556
-1179
1346
4686
6166
8198
8559
9530
10880
10937
10569
8529
6351
4782
3550
2827
2008
946
173
-868
-1739
-2789
-3708
-4515
-5593
-6749
-8373
-8902
-8566
-7171
-4953
-3207
-1378
218
1683
3348
4545
5305
5820
5502
5345
4900
5071
5510
5967
6013
5281
4418
3435
2868
2144
1085
-233
-1677
-2893
-3668
-4437
-4974
-5372
-5784
-5918
-6224
-6342
-6491
-6518
-6385
-6334
-6179
-5970
-5545
-4879
-4362
-3754
-3645
-3496
-3605
-3560
-2330
-921
2598
5440
8048
9744
9685
10470
10785
11449
11445
10029
8098
6048
4602
3989
3431
2878
1771
279
-1341
-3048
-4407
-5752
-6758
-8036
-8984
-9253
-8848
-7047
-4825
-2260
107
1777
2713
3329
3844
4453
5045
5189
4943
4747
4807
5220
5749
5553
4974
3910
2736
1887
770
-313
-1581
-2712
-3398
-3830
-4244
-4916
-5538
-6036
-6035
-5970
-6062
-6364
-6922
-7185
-7085
-6524
-5749
-4882
-4270
-3908
-3771
-3724
-3822
-3843
-3356
-2474
-59
2723
5585
7857
8532
9017
9115
9461
9851
9645
8886
7737
6465
5323
4567
3869
3185
2474
1497
323
-1097
-2928
-4694
-6188
-7006
-6915
-6267
-4983
-3522
-2097
-829
76
809
1316
1774
2109
2322
2625
2892
3378
3952
4463
5023
5237
4902
4100
2692
1346
173
-647
-1236
-1979
-2715
-3359
-3825
-4002
-4201
-4491
-4761
-5099
-5238
-5467
-5548
-5599
-5263
-4510
-3590
-2509
-1622
-909
-480
-410
-659
-1147
-1541
-1614
-1135
43
1210
2509
3160
3289
3263
2921
2864
2720
2433
2079
1466
938
506
72
-203
-447
-417
-294
39
460
677
778
518
287
491
1095
2069
2833
3273
3401
3269
3006
2602
2292
2088
2107
2171
2086
2081
1998
1852
1518
711
-98
-809
-1361
-1517
-1689
-1625
-1413
-1188
-1016
-1001
-1030
-1083
-1217
-1548
-2028
-2400
-2524
-2440
-2235
-1978
-1541
-971
-377
0
188
154
138
79
-11
-80
-210
-251
-449
-633
-828
-1048
-1165
-1291
-1311
-1190
-1104
-995
-1044
-1234
-1541
-1992
-2457
-2880
-3062
-3122
-2962
-2699
-2267
-1539
-612
263
970
1309
1543
1948
2495
3193
3703
3998
4145
4328
4621
4961
5223
5232
5011
4627
4168
3620
3035
2293
1525
749
23
-633
-1219
-1739
-2086
-2192
-2127
-1926
-1856
-1822
-1785
-1671
-1530
-1556
-1699
-1853
-1879
-1666
-1400
-964
-523
58
563
859
1073
1103
1169
1158
1006
707
243
-220
-730
-1125
-1483
-1807
-2007
-2183
-2120
-2037
-1928
-1937
-2124
-2352
-2642
-2960
-3267
-3494
-3610
-3507
-3179
-2680
-1916
-1016
-85
838
1480
1974
2293
2530
2870
3098
3364
3621
3938
4342
4675
4919
4947
4789
4416
3898
3270
2674
2137
1626
1091
481
-99
-594
-1003
-1398
-1788
-2131
-2388
-2630
-2857
-2987
-2911
-2636
-2382
-2254
-2237
-2070
-1724
-1314
-840
-421
150
830
1458
2041
2457
2747
2976
2937
2729
2375
1855
1404
859
333
-178
-654
-994
-1215
-1366
-1562
-1876
-2323
-2759
-3139
-3489
-3751
-3974
-4074
-4024
-3893
-3560
-3044
-2400
-1624
-912
-236
379
893
1377
1783
2178
2528
2788
3077
3447
3900
4321
4509
4382
4076
3638
3206
2751
2318
1948
1592
1140
609
102
-311
-573
-859
-1185
-1527
-1882
-2137
-2248
-2373
-2204
-2025
-1964
-2057
-2596
-2956
-3029
-2738
-1952
-1199
-334
394
918
1368
1637
1852
2008
2093
2164
2267
2278
2142
1715
1184
662
329
169
124
74
-110
-591
-1406
-2270
-3029
-3411
-3366
-3040
-2635
-2347
-2290
-2276
-2105
-1723
-1104
-512
38
425
802
1137
1482
1881
2114
2366
2449
2646
2961
3254
3415
3243
2946
2541
2390
2287
2399
2424
2201
1814
886
120
-575
-1062
-1164
-1382
-1390
-1563
-1830
-2198
-2810
-3154
-3427
-3182
-2895
-2546
-2241
-2119
-1896
-1729
-1355
-938
-444
37
492
814
824
523
5
-482
-458
-160
434
913
988
877
239
-329
-761
-841
-620
-426
-564
-874
-1358
-1550
-1472
-1113
-513
-27
402
541
711
739
1018
1279
1514
1833
2047
2546
3033
3348
3445
3193
2942
2860
2895
3040
2936
2660
2288
1865
1655
1343
1142
890
566
180
-445
-988
-1389
-1553
-1579
-1655
-1801
-1883
-1966
-2040
-2216
-2542
-2786
-3008
-3109
-3253
-3261
-3071
-2627
-2076
-1764
-1662
-1762
-1857
-1864
-1884
-1965
-2156
-2340
-2422
-2263
-2014
-1794
-1719
-1762
-1912
-2059
-1735
-1051
652
2317
3828
4526
4105
4069
3706
4254
4590
4487
4404
3700
3632
3526
3513
3622
3145
2719
1960
1216
802
189
-53
-426
-502
-141
133
728
878
952
798
209
-386
-1182
-1541
-1468
-1027
-344
151
570
848
1073
1190
921
374
-397
-1125
-1637
-1982
-2098
-2049
-1919
-1881
-2002
-2482
-3031
-3549
-3965
-4160
-4373
-4465
-4597
-4596
-4503
-4346
-4166
-4271
-4360
-4655
-4173
-3307
-1457
704
2559
4267
4556
5076
5001
5453
6071
6061
6098
5421
5107
5039
4894
4926
4378
3744
2928
1853
1077
72
-587
-1255
-1876
-2002
-2044
-1518
-1020
-617
-337
-466
-603
-937
-1138
-1051
-703
3
622
1168
1612
1974
2382
2513
2323
1814
1134
597
146
-118
-360
-526
-643
-824
-1113
-1726
-2410
-3276
-3944
-4498
-4834
-4926
-4974
-4769
-4512
-4159
-3870
-3806
-3916
-4208
-4487
-4171
-3491
-1714
48
1904
3186
3416
3921
3783
4508
4992
5302
5543
5061
5013
4732
4673
4604
4145
3715
2928
2018
1245
276
-332
-1000
-1522
-1652
-1847
-1565
-1500
-1325
-1266
-1406
-1547
-1852
-1958
-1774
-1144
-195
794
1613
2183
2444
2582
2426
2171
1788
1330
949
492
214
16
62
176
134
-125
-752
-1469
-2243
-2823
-3310
-3678
-3915
-4179
-4214
-4210
-4062
-3889
-3804
-3809
-3916
-4096
-3969
-3442
-2372
-656
881
2564
3320
3838
3976
3838
4176
4136
4563
4597
4660
4720
4500
4458
3985
3458
2782
1893
1221
378
-294
-975
-1726
-2103
-2447
-2304
-2055
-1861
-1686
-1989
-2297
-2783
-3103
-2960
-2505
-1503
-503
516
1353
1923
2369
2463
2355
2030
1631
1369
1152
1022
960
893
988
1003
1012
816
392
-138
-821
-1298
-1670
-1783
-1758
-1717
-1575
-1578
-1655
-1849
-2133
-2340
-2536
-2609
-2553
-2445
-2250
-2005
-1638
-1067
-366
481
1130
1508
1628
1572
1630
1726
1926
2219
2563
2972
3219
3274
2990
2468
1867
1231
733
305
11
-259
-517
-758
-1064
-1276
-1509
-1733
-1930
-2244
-2492
-2761
-2819
-2595
-2162
-1476
-805
-144
411
800
1083
1225
1249
1243
1215
1311
1549
1811
2104
2239
2191
2061
1770
1526
1251
1041
898
747
663
453
223
-53
-366
-620
-941
-1244
-1552
-1868
-2009
-2105
-2015
-1856
-1655
-1413
-1227
-1008
-871
-753
-652
-533
-359
-133
106
405
761
1154
1501
1764
1809
1746
1493
1199
925
647
491
272
75
-178
-437
-651
-857
-1053
-1249
-1444
-1542
-1572
-1563
-1543
-1547
-1478
-1350
-1093
-798
-503
-205
69
379
680
934
1111
1190
1239
1275
1345
1430
1474
1472
1391
1333
1270
1223
1107
895
640
363
112
-119
-392
-687
-993
-1246
-1417
-1504
-1558
-1643
-1661
-1659
-1518
-1314
-1048
-771
-526
-279
-38
217
426
605
758
941
1212
1551
1859
2094
2177
2197
2202
2172
2123
1959
1672
1291
835
433
96
-208
-456
-722
-935
-1129
-1309
-1477
-1648
-1811
-1960
-2019
-2035
-1941
-1756
-1524
-1198
-929
-668
-461
-345
-234
-198
-112
-4
138
372
555
791
977
1124
1191
1105
903
606
310
131
4
-45
-133
-234
-330
-427
-479
-589
-698
-881
-1052
-1187
-1224
-1101
-886
-558
-258
7
222
366
485
570
645
711
814
947
1109
1304
1478
1653
1726
1672
1549
1346
1161
975
817
675
533
446
373
314
245
119
-49
-257
-492
-655
-773
-813
-818
-842
-817
-818
-788
-738
-723
-678
-666
-674
-722
-782
-771
-671
-472
-255
-76
76
125
162
110
32
-51
-194
-297
-403
-434
-335
-204
59
201
339
302
103
-187
-677
-1007
-1341
-1281
-1098
-665
-217
116
428
453
579
457
478
375
465
634
860
1197
1290
1416
1195
1024
661
408
165
15
-52
-207
-247
-382
-333
-302
-171
-111
-130
-152
-242
-188
-186
-58
49
187
341
444
577
581
562
416
226
89
-47
-39
-31
100
232
323
400
262
133
-143
-342
-474
-548
-500
-494
-383
-377
-295
-302
-266
-243
-288
-280
-390
-344
-371
-291
-222
-177
-120
-154
-118
-177
-138
-170
-120
-63
52
232
367
550
541
518
381
242
132
20
-15
-76
-66
-63
-73
-112
-184
-221
-266
-282
-324
-324
-315
-330
-338
-347
-305
-245
-173
-133
-104
-77
-34
11
12
43
87
129
221
270
394
478
550
610
546
510
409
390
420
430
512
536
585
607
568
538
406
343
243
208
179
167
208
193
185
70
-47
-207
-350
-493
-630
-750
-797
-746
-600
-403
-280
-213
-252
-330
-423
-486
-485
-481
-455
-416
-388
-321
-284
-227
-188
-205
-199
-236
-266
-272
-305
-304
-315
-290
-220
-151
-52
-10
29
28
30
34
39
78
83
120
132
164
210
288
367
423
468
484
476
467
492
553
650
761
850
899
917
889
820
713
580
437
304
216
215
211
209
145
18
-125
-292
-421
-509
-576
-588
-597
-574
-539
-490
-435
-417
-405
-430
-450
-490
-511
-498
-487
-414
-361
-273
-192
-110
-12
24
36
-21
-88
-159
-215
-228
-205
-138
-72
-5
38
39
43
7
-34
-67
-84
-25
52
171
282
345
381
351
300
226
143
98
67
93
132
178
230
265
331
367
415
417
390
349
275
237
189
169
144
122
100
63
15
-62
-129
-201
-241
-252
-268
-270
-295
-295
-273
-246
-223
-241
-256
-278
-289
-273
-252
-218
-184
-141
-80
-34
4
11
-17
-43
-56
-42
-9
49
98
144
171
189
191
170
144
126
135
173
216
242
258
239
204
135
47
-43
-137
-195
-228
-243
-227
-210
-180
-156
-140
-124
-114
-91
-64
-18
36
98
154
195
221
209
189
152
130
98
79
66
63
71
82
87
66
26
-25
-65
-103
-139
-167
-208
-236
-260
-271
-279
-292
-299
-299
-287
-253
-209
-155
-103
-56
10
70
144
207
275
336
368
404
401
408
392
373
357
339
346
343
335
312
273
213
138
60
-32
-124
-209
-260
-289
-284
-271
-248
-233
-235
-242
-254
-250
-239
-211
-174
-117
-57
-2
45
64
65
58
32
29
6
3
-12
-39
-55
-98
-92
-103
-99
-101
-126
-141
-173
-186
-194
-192
-194
-194
-198
-184
-171
-147
-136
-131
-120
-111
-68
-21
50
126
196
267
315
350
364
371
373
371
371
359
353
347
349
351
340
322
294
250
177
91
-10
-91
-150
-189
-208
-216
-200
-180
-165
-161
-176
-194
-215
-214
-201
-171
-123
-76
-28
10
33
46
48
38
24
4
-9
-19
-24
-30
-46
-74
-98
-121
-128
-143
-159
-186
-205
-209
-198
-165
-130
-89
-59
-26
-5
5
9
5
-5
-13
-11
7
40
73
123
159
196
219
223
217
199
184
180
169
159
151
151
157
163
163
162
144
124
93
55
12
-32
-61
-102
-131
-157
-171
-161
-149
-119
-97
-76
-55
-47
-42
-51
-58
-69
-71
-72
-52
-26
12
53
85
110
118
119
103
82
45
19
-12
-38
-59
-87
-109
-134
-151
-159
-162
-150
-131
-112
-95
-95
-103
-117
-126
-128
-129
-117
-106
-79
-45
-5
39
73
108
125
138
144
139
141
137
144
149
155
169
176
188
194
192
177
148
114
69
29
-18
-52
-75
-86
-77
-79
-81
-91
-104
-108
-121
-133
-153
-176
-181
-180
-151
-114
-58
3
59
112
140
166
168
171
157
145
135
126
125
117
100
66
32
-9
-39
-66
-86
-101
-115
-117
-124
-131
-141
-160
-176
-196
-207
-212
-212
-189
-154
-102
-48
6
43
73
96
115
125
129
139
148
172
196
213
222
215
213
198
177
151
113
72
31
1
-30
-51
-76
-96
-119
-142
-149
-162
-166
-171
-173
-171
-164
-156
-144
-131
-109
-77
-42
2
41
81
116
140
154
155
147
138
125
117
108
103
97
86
70
54
37
21
1
-23
-48
-69
-82
-87
-94
-98
-106
-111
-113
-114
-111
-106
-93
-75
-56
-39
-22
-11
3
11
25
39
55
72
87
99
105
105
103
96
86
74
62
46
26
6
-14
-30
-42
-51
-64
-76
-84
-81
-72
-62
-52
-55
-58
-66
-66
-66
-58
-48
-33
-13
8
34
56
82
94
111
119
126
127
124
121
112
103
89
70
49
31
20
13
9
2
-9
-18
-34
-43
-58
-67
-76
-84
-89
-96
-100
-107
-110
-109
-106
-92
-78
-56
-39
-18
0
12
22
26
33
33
37
37
39
44
47
47
42
36
29
22
13
3
-12
-26
-35
-40
-40
-40
-34
-32
-26
-23
-20
-19
-22
-23
-23
-15
-2
12
26
34
43
50
63
70
76
76
77
83
86
93
93
93
90
83
75
62
46
29
13
-1
-14
-24
-30
-37
-43
-53
-64
-76
-87
-97
-101
-102
-95
-82
-66
-49
-35
-24
-18
-13
-14
-13
-15
-17
-16
-10
-3
5
8
8
8
8
9
6
9
9
14
15
20
24
27
29
24
15
2
-8
-18
-24
-31
-33
-38
-39
-42
-42
-38
-30
-19
-6
5
15
22
27
32
40
53
67
83
92
98
98
97
91
84
69
55
37
18
1
-18
-32
-51
-61
-73
-81
-85
-83
-77
-68
-57
-46
-38
-30
-28
-27
-23
-21
-13
-10
-2
3
8
14
17
20
19
18
14
10
7
6
10
15
18
20
18
18
15
13
13
11
14
11
12
9
8
7
2
0
-6
-6
-2
5
10
13
16
16
21
23
28
27
24
21
15
14
10
11
9
7
5
1
-3
-12
-21
-37
-49
-58
-64
-62
-60
-52
-48
-41
-38
-36
-29
-24
-13
-4
7
18
29
37
42
43
41
35
30
23
17
13
8
8
6
7
4
4
0
-5
-8
-14
-14
-20
-19
-20
-17
-15
-13
-8
-4
4
7
13
13
13
13
12
16
17
24
27
32
31
29
25
17
10
0
-7
-14
-16
-16
-14
-13
-14
-17
-22
-28
-33
-36
-41
-40
-41
-37
-33
-28
-24
-20
-14
-13
-8
-7
-6
-3
-2
4
6
11
14
19
25
31
39
44
45
46
42
43
39
36
32
26
22
15
16
13
12
10
6
6
3
6
4
6
4
1
0
-6
-6
-12
-12
-12
-12
-10
-13
-13
-12
-11
-4
0
1
2
-1
0
-4
-4
-5
-6
-7
-11
-10
-14
-16
-20
-23
-24
-27
-27
-29
-29
-26
-24
-18
-16
-14
-14
-14
-13
-12
-7
-2
2
6
8
10
8
9
8
9
8
8
8
6
5
2
3
1
2
0
-1
-1
-1
2
6
13
17
25
30
32
33
32
29
26
25
23
23
19
16
13
10
8
7
6
6
5
3
2
0
-3
-6
-10
-13
-17
-19
-20
-21
-19
-17
-17
-15
-15
-15
-14
-13
-13
-11
-8
-7
-6
-6
-6
-6
-9
-9
-9
-8
-8
-7
-4
-2
-1
1
-1
-4
-9
-13
-16
-15
-12
-6
-1
3
7
7
8
7
7
8
7
8
8
10
13
15
20
20
21
18
15
11
8
5
2
1
1
2
3
3
3
3
3
3
2
2
0
-1
-3
-4
-4
-5
-5
-5
-5
-5
-4
-5
-7
-8
-8
-8
-7
-5
-4
-3
-4
-3
-4
-5
-5
-6
-5
-5
-2
1
4
7
9
12
11
10
7
5
3
2
1
-1
-3
-3
-5
-4
-3
-1
0
0
1
1
1
1
1
1
0
0
2
4
7
7
8
6
4
2
2
2
2
1
-2
-4
-5
-4
-4
-1
1
3
2
1
0
0
1
0
-1
-3
-5
-5
-5
-4
-2
-2
0
0
0
1
1
2
1
1
2
2
4
4
6
6
8
8
6
4
2
0
-3
-4
-3
-2
-2
-3
-5
-11
-14
-16
-19
-17
-17
-17
-18
-20
-19
-20
-14
-11
-7
-3
0
4
6
11
14
18
22
21
24
23
23
19
16
13
11
11
10
11
11
9
7
3
-4
-7
-13
-17
-17
-17
-13
-12
-10
-8
-8
-7
-7
-6
-6
-6
-6
-4
-2
1
4
7
10
10
10
9
9
7
6
7
7
7
6
6
5
4
3
1
1
0
-2
-2
-3
-3
-3
-2
-2
-2
-3
-3
-4
-3
-4
-3
-2
-1
0
2
3
1
3
1
1
1
3
6
6
8
5
4
2
-1
-3
-6
-5
-8
-6
-8
-8
-10
-11
-11
-12
-10
-9
-7
-7
-5
-4
-5
-3
-2
0
1
4
4
4
6
5
5
4
4
4
5
5
5
7
6
6
4
3
3
1
1
-1
0
0
1
3
2
4
2
1
0
-2
-1
-3
-1
-1
1
1
2
3
3
2
2
2
0
0
-2
-2
-1
-2
0
-1
2
1
1
1
0
2
0
3
1
1
1
-1
1
0
3
2
3
4
3
2
2
3
1
3
0
0
-2
-5
-6
-8
-9
-10
-8
-8
-6
-6
-4
-4
-5
-4
-4
-3
-2
-1
0
2
2
2
3
3
3
5
5
4
5
2
1
0
0
0
0
1
0
1
0
1
-1
1
-1
-1
0
-1
1
1
3
2
3
3
2
2
0
0
-2
-3
-5
-5
-7
-4
-4
-2
1
1
2
2
2
1
0
0
0
1
0
3
3
3
3
3
2
1
-1
-3
-5
-7
-7
-7
-4
-4
0
0
2
3
2
1
-1
-1
-3
-2
-3
-1
-1
1
2
1
4
2
3
1
2
0
-1
-1
-2
0
-2
1
1
2
1
0
0
-1
-1
-2
0
-1
1
1
2
2
3
3
2
3
3
6
5
7
6
7
5
5
3
3
1
0
-1
-3
-3
-4
-4
-4
-4
-4
-4
-5
-4
-3
-3
-3
-3
-3
-4
-4
-5
-5
-3
-3
-2
-1
2
2
4
5
5
5
3
3
1
0
-1
-2
-2
-1
-1
0
1
0
2
-1
-1
0
-1
-1
-2
-1
-1
0
-2
0
0
0
0
-1
1
0
1
1
3
3
3
4
4
3
3
2
3
2
3
3
3
1
1
0
0
0
-1
-1
-2
0
-2
-1
-3
-3
-4
-4
-3
-3
-2
-3
-2
-1
0
-1
-1
1
1
2
3
4
4
4
4
3
3
1
2
0
0
-1
1
0
1
-1
-1
-1
-3
-3
-4
-4
-4
-3
-3
-3
-2
-1
-1
-1
1
1
1
2
2
1
2
2
1
2
2
1
2
1
1
0
0
0
0
-1
-1
-1
-2
-1
-2
0
1
1
1
1
1
0
0
-2
-2
-3
-3
-3
-1
-2
-1
-1
-1
-1
-1
-2
-3
-2
-3
-3
-2
0
0
2
4
4
5
6
6
6
3
3
2
1
2
1
1
2
3
2
2
1
0
-1
-1
-1
-1
-2
-1
-1
-2
-1
-1
-1
-2
-1
0
0
0
0
1
0
0
-2
-2
-3
-2
-3
-3
-2
-1
0
1
2
2
1
1
0
-1
-2
-3
-3
-3
-2
-1
-1
1
1
2
2
2
2
2
2
0
1
0
0
1
1
1
2
1
3
1
3
3
3
2
2
1
1
0
-2
-2
-3
-3
-3
-3
-2
-1
-1
-1
-1
-2
-1
-2
-2
-1
-1
1
1
3
3
3
4
3
3
2
2
0
0
-1
-1
-1
-1
0
1
1
1
1
0
-1
-2
-2
-2
-3
-3
-2
-1
0
1
2
2
2
1
1
-1
-1
-1
-1
0
0
1
2
1
2
1
0
-1
-1
-2
-2
-2
-1
-1
0
1
0
1
1
1
0
-1
-1
-2
-2
-2
-1
-1
-1
1
0
0
-1
0
0
0
0
0
0
0
0
1
1
0
1
1
1
1
1
2
1
1
-1
0
0
0
0
0
1
1
0
0
-1
-1
0
0
0
0
0
1
1
1
0
0
0
-1
-1
0
-1
0
0
0
1
1
1
2
0
1
0
0
0
0
0
0
0
0
0
0
-1
0
-1
-1
0
-2
-1
-1
0
-1
0
0
0
0
0
-1
-1
0
-1
0
-1
0
0
0
0
1
0
0
0
0
0
0
0
0
1
1
0
2
0
0
0
0
0
0
0
0
-1
1
0
1
0
0
1
1
0
0
0
0
-1
0
-1
-1
0
0
0
0
0
0
0
0
0
0
-1
0
0
0
0
1
0
1
0
0
-1
-1
-2
-1
-1
-1
0
0
1
0
1
0
0
1
0
-1
-1
-1
0
-1
0
1
0
0
1
1
0
-1
0
-1
-1
0
0
-1
0
1
0
0
0
0
0
-1
-1
0
0
-1
1
1
1
1
0
0
0
1
0
0
-1
0
0
0
0
0
0
0
0
1
0
0
0
0
1
-1
-1
0
-1
0
1
0
1
0
0
1
1
0
-1
0
-1
-1
0
0
0
0
1
1
1
0
0
0
-1
-1
0
0
0
0
-1
0
1
1
0
0
0
0
-1
0
-1
0
0
1
1
1
0
0
0
0
1
-1
1
0
0
0
1
0
0
0
0
0
0
0
-1
0
0
0
0
0
0
0
0
0
0
0
1
0
0
0
0
0
0
0
0
0
-1
0
1
0
0
0
1
1
0
0
0
-1
0
0
0
0
0
1
0
1
0
0
0
-1
0
0
0
1
0
0
1
-1
0
0
0
0
0
1
0
1
0
0
-1
0
-1
0
0
0
0
-1
0
0
0
0
0
0
0
0
1
0
0
0
0
0
0
0
0
0
0
0
0
0
0
0
0
0
0
1
0
0
0
1
0
0
0
1
0
0
0
0
1
1
0
0
1
0
0
0
0
0
1
0
0
-1
1
0
0
-1
0
0
0
0
0
1
0
1
0
0
0
1
0
-1
0
-1
0
0
-1
0
0
0
-1
0
0
0
0
0
0
0
0
0
-1
0
0
0
0
-1
0
0
0
0
0
1
0
0
0
0
1
0
0
0
1
1
0
0
0
0
0
0
0
0
0
1
0
-1
0
0
0
0
0
0
0
0
0
0
1
0
1
0
1
0
0
0
0
0
0
0
0
0
0
0
0
-1
0
0
0
-1
0
-1
0
0
0
0
0
0
0
-1
1
0
1
0
0
0
0
1
1
0
-1
0
1
-1
0
0
0
0
0
0
0
0
0
0
0
0
0
1
-1
0
0
0
0
0
0
0
-1
0
-1
0
0
0
0
0
-1
0
1
0
0
0
1
0
0
0
0
0
0
0
0
0
0
0
0
0
0
1
0
1
0
-1
-1
-1
0
0
0
0
0
0
0
-1
0
0
1
-1
0
1
0
0
0
0
0
0
0
-1
0
0
0
0
0
0
0
0
0
0
0
0
0
0
0
0
0
0
0
0
0
0
1
0
1
0
0
0
1
0
0
-1
1
0
-1
0
0
-1
0
0
0
0
-1
0
0
0
0
1
0
0
0
1
0
0
1
-1
0
0
0
0
0
0
-1
0
1
0
0
0
1
-1
0
0
0
-1
0
0
0
-1
0
1
0
-1
0
0
-1
-1
0
0
0
0
-1
-1
-1
0
0
0
0
0
0
0
0
0
1
0
-1
0
1
0
1
0
0
0
-1
0
0
0
0
0
0
-1
1
0
0
0
0
1
0
0
0
-1
0
1
0
0
0
0
0
0
0
0
0
0
-1
1
-1
0
1
0
0
0
0
0
0
0
0
0
0
0
0
0
0
0
1
0
0
0
0
-1
1
0
0
0
0
0
0
0
0
0
0
0
0
-1
0
0
0
-1
0
0
1
1
0
0
0
0
-1
0
1
0
-1
0
0
0
0
-1
0
0
0
0
0
-1
-1
0
0
0
0
1
0
0
0
0
-1
0
0
0
0
0
0
0
0
1
0
-1
0
0
-1
0
0
0
0
0
0
0
0
0
0
0
1
0
0
0
0
-1
-1
0
-1
0
0
0
-1
0
0
0
0
1
1
-1
0
0
-1
-1
0
0
-1
0
0
-1
0
0
-1
1
-1
0
0
-1
0
0
0
0
0
0
0
1
0
0
-1
1
1
0
-1
0
0
0
0
0
0
0
1
0
0
0
0
0
0
-1
0
0
-1
0
0
1
0
0
1
0
0
0
1
0
0
0
0
0
0
1
-1
0
0
0
1
0
-1
0
0
0
0
0
-1
0
0
0
0
1
0
0
1
0
0
0
1
0
0
0
0
0
1
0
0
0
0
0
0
0
1
0
0
0
0
-1
0
0
-1
-1
0
-1
0
0
0
1
1
0
0
0
-1
1
0
0
0
0
1
0
1
0
0
1
1
0
0
0
0
0
-1
0
0
0
-1
0
0
1
0
0
0
0
1
0
1
0
0
0
0
-1
0
0
0
0
0
-1
0
0
0
1
1
0
0
-1
0
0
1
0
0
-1
1
0
0
0
0
-1
0
0
0
0
0
0
0
0
0
0
0
1
0
0
0
-1
0
1
0
0
1
-1
0
-1
-1
0
0
0
0
0
0
0
0
-1
0
-1
1
0
1
1
0
0
0
0
0
0
0
0
0
0
0
0
0
0
1
0
-1
0
0
0
0
0
0
-1
0
0
-1
0
0
0
0
0
0
0
1
1
0
0
0
0
0
0
0
-1
0
0
0
0
0
0
-1
-1
0
0
0
0
0
1
0
1
-1
0
0
-1
0
0
0
1
0
0
0
0
0
0
0
1
0
1
0
0
0
-1
-1
0
0
0
0
1
0
-1
0
0
0
0
1
0
-1
0
0
0
0
0
1
0
0
0
0
0
0
0
0
0
0
1
0
0
0
0
0
0
0
0
0
0
0
0
0
-1
-1
0
0
0
0
0
0
-1
0
0
-1
0
0
0
0
0
0
0
0
0
0
0
0
0
0
0
0
0
-1
0
0
1
0
0
-1
1
0
0
0
0
0
0
0
0
0
0
-1
1
0
0
-1
0
0
0
1
0
-1
0
0
0
0
0
0
0
1
-1
0
-1
0
-1
-1
0
0
0
1
0
0
0
0
0
1
0
-1
-1
0
0
0
0
0
0
0
-1
0
-1
0
1
0
0
0
0
1
0
0
0
0
0
-1
-1
0
0
0
0
-1
0
1
0
1
0
0
0
0
-1
0
0
0
-1
0
0
0
0
0
0
0
0
-1
0
0
0
1
0
1
0
-1
0
1
0
0
-1
0
0
0
0
0
0
1
0
1
0
0
0
0
0
1
0
1
0
0
0
1
0
0
0
0
0
-1
0
0
0
0
0
0
0
0
0
-1
0
0
0
0
0
0
0
0
0
0
1
0
1
0
0
1
0
0
1
0
0
1
0
0
1
0
0
0
0
0
0
0
0
0
0
0
1
0
0
-1
0
0
-1
0
-1
0
0
1
1
0
0
0
-1
0
0
0
0
0
0
1
0
0
-1
0
0
0
0
-1
0
1
0
0
0
0
0
-1
0
0
0
0
0
0
0
1
0
0
0
0
0
-1
0
0
0
0
0
1
0
0
0
0
0
0
0
1
0
-1
0
-1
1
0
0
0
0
-1
0
-1
0
0
0
0
-1
1
0
0
0
1
0
-1
0
1
1
0
-1
0
0
0
0
0
0
0
0
-1
0
0
0
0
1
-1
0
0
-1
0
0
0
0
0
1
1
0
0
0
-1
-1
0
0
0
1
0
0
0
0
0
0
1
0
0
-1
0
0
1
0
0
0
0
0
1
0
0
-1
0
0
0
0
0
0
0
0
1
0
0
0
0
0
0
0
0
1
0
0
0
0
0
0
-1
0
0
0
0
1
0
0
1
0
0
0
1
-1
0
-1
0
0
0
1
0
0
0
0
0
0
1
0
0
0
0
0
0
0
0
0
-1
0
0
0
1
0
0
0
1
0
0
0
0
0
0
0
0
0
0
1
0
1
0
-1
0
0
-1
0
0
0
-1
0
0
0
-1
0
-1
1
-1
1
0
0
0
0
0
1
0
1
0
0
0
0
0
0
0
0
0
0
0
1
0
0
-1
0
0
0
0
0
0
0
0
0
0
-1
0
0
1
0
0
-1
0
0
0
0
0
0
0
0
-1
0
1
0
0
0
0
1
0
0
0
0
0
-1
0
0
-1
0
0
0
0
0
0
0
0
0
0
0
1
1
1
1
0
0
-1
1
0
0
0
0
0
0
0
0
0
0
0
0
1
0
0
1
0
1
0
0
1
0
0
0
0
1
0
0
-1
0
0
1
1
0
0
-1
0
-1
-1
0
0
0
1
1
0
-1
0
1
0
0
0
0
1
0
1
-1
0
1
0
0
0
-1
0
0
0
1
0
-1
0
-1
-1
0
0
1
0
0
0
1
1
0
0
1
1
-1
0
-1
0
0
0
1
0
0
0
0
-1
0
0
-1
0
0
-1
-1
1
0
0
0
0
-1
0
1
0
0
0
-1
1
0
1
0
1
-1
0
0
0
-1
0
0
0
0
0
0
0
0
0
0
0
0
0
0
0
0
0
1
0
0
0
0
1
0
0
0
0
0
0
0
0
0
0
0
0
0
0
0
0
0
0
0
0
1
0
0
0
0
-1
0
0
1
0
0
0
0
0
-1
0
0
0
0
0
0
-1
0
0
-1
0
0
0
-1
0
0
0
0
-1
0
0
0
0
0
0
0
0
0
0
0
0
0
0
0
-1
0
0
0
-1
0
-1
0
-1
0
0
0
0
1
0
0
0
0
-1
1
0
0
0
0
0
1
0
0
0
0
0
0
1
0
0
0
0
-1
0
-1
0
0
0
0
0
0
0
0
0
0
0
0
0
0
0
0
0
1
0
1
1
0
1
0
0
0
0
0
1
0
1
0
0
0
1
0
0
-1
0
0
1
0
-1
0
0
0
0
-1
-1
1
0
0
1
0
0
1
0
0
0
-1
1
0
0
0
0
0
0
-1
0
0
0
0
0
0
0
0
0
0
0
0
0
0
0
0
0
0
0
0
-1
0
-1
0
-1
0
0
0
0
0
-1
0
-1
1
0
0
0
0
0
-1
0
-1
0
-1
0
0
0
0
-1
0
-1
0
1
0
0
0
0
0
