0
0
0
1
-1
0
0
-1
0
0
0
0
0
1
1
0
0
0
-1
-1
0
0
0
1
0
0
0
0
0
0
1
0
0
-1
0
0
1
0
0
0
0
0
1
0
0
-1
0
0
0
0
0
0
0
0
1
0
0
0
0
0
0
0
0
1
0
0
0
0
0
0
-1
0
0
0
0
1
0
0
1
0
0
0
1
-1
0
-1
0
0
0
1
0
0
0
0
0
0
1
0
0
0
0
0
0
0
0
0
-1
0
0
0
1
0
0
0
1
0
0
0
0
0
0
0
0
0
0
1
0
1
0
-1
0
0
-1
0
0
0
-1
0
0
0
-1
0
-1
1
-1
1
0
0
0
0
0
1
0
1
0
0
0
0
0
0
0
0
0
0
0
1
0
0
-1
0
0
0
0
0
0
0
0
0
0
-1
0
0
1
0
0
-1
0
0
0
0
0
0
0
0
-1
0
1
0
0
0
0
1
0
0
0
0
0
-1
0
0
-1
0
0
0
0
0
0
0
0
0
0
0
1
1
1
1
0
0
-1
1
0
0
0
0
0
0
0
0
0
0
0
0
1
0
0
1
0
1
0
0
1
0
0
0
0
1
0
0
-1
0
0
1
1
0
0
-1
0
-1
-1
0
0
0
1
1
0
-1
0
1
0
0
0
0
1
0
1
-1
0
1
0
0
0
-1
0
0
0
1
0
-1
0
-1
-1
0
0
1
0
0
0
1
1
0
0
1
1
-1
0
-1
0
0
0
1
0
0
0
0
-1
0
0
-1
0
0
-1
-1
1
0
0
0
0
-1
0
1
0
0
0
-1
1
0
1
0
1
-1
0
0
0
-1
0
0
0
0
0
0
0
0
0
0
0
0
0
0
0
0
0
1
0
0
0
0
1
0
0
0
0
0
0
0
0
0
0
0
0
0
0
0
0
0
0
0
0
1
0
0
0
0
-1
0
0
1
0
0
0
0
0
-1
0
0
0
0
0
0
-1
0
0
-1
0
0
0
-1
0
0
0
0
-1
0
0
0
0
0
0
0
0
0
0
0
0
0
0
0
-1
0
0
0
-1
0
-1
0
-1
0
0
0
0
1
0
0
0
0
-1
1
0
0
0
0
0
1
0
0
0
0
0
0
1
0
0
0
0
-1
0
-1
0
0
0
0
0
0
0
0
0
0
0
0
0
0
0
0
0
1
0
1
1
0
1
0
0
0
0
0
1
0
1
0
0
0
1
0
0
-1
0
0
1
0
-1
0
0
0
0
-1
-1
1
0
0
1
0
0
1
0
0
0
-1
1
0
0
0
0
0
0
-1
0
0
0
0
0
0
0
0
0
0
0
0
0
0
0
0
0
0
0
0
-1
0
-1
0
-1
0
0
0
0
0
-1
0
-1
1
0
0
0
0
0
-1
0
-1
0
-1
0
0
0
0
-1
0
-1
0
1
0
0
0
0
0
0
1
0
0
0
0
0
0
-1
0
0
0
0
0
0
0
0
1
0
1
1
0
0
0
0
0
0
0
0
0
0
1
0
1
0
0
0
0
0
0
0
1
0
0
0
1
0
1
1
0
0
0
0
-1
0
0
1
0
0
0
0
0
0
0
0
0
0
0
0
0
-1
0
0
0
0
0
0
0
0
0
-1
0
1
0
0
0
0
0
0
0
-1
1
0
0
0
1
0
1
0
0
0
0
0
0
0
-1
0
1
0
0
0
1
0
0
0
0
-1
1
1
0
0
1
0
0
0
0
0
0
0
0
-1
0
0
0
0
1
0
0
0
0
0
0
-1
-1
1
0
0
1
0
0
-1
0
-1
1
0
1
0
0
0
0
1
-1
0
0
0
0
0
0
0
0
0
0
0
0
0
0
-1
0
0
0
0
1
0
0
0
0
0
0
0
0
-1
0
0
0
-1
0
0
1
0
-1
0
0
0
0
1
1
1
0
0
-1
0
0
-1
0
0
0
0
-1
0
0
0
0
0
0
1
0
0
0
0
0
1
0
0
0
0
0
0
0
-1
1
-1
0
-1
0
0
0
0
-1
0
0
0
0
0
0
0
0
0
1
0
0
0
0
0
0
0
0
0
0
0
0
0
0
-1
0
0
0
1
0
0
0
0
-1
0
-1
0
1
0
0
1
0
0
0
0
0
0
0
0
0
0
1
-1
0
-1
0
0
-1
0
0
0
0
-1
0
0
0
0
0
1
0
0
0
0
0
0
0
-1
0
0
0
0
0
0
-1
0
0
0
0
0
0
-1
0
-1
0
0
0
0
1
0
0
0
0
0
0
0
0
0
0
0
0
1
0
0
0
0
1
0
-1
0
1
0
0
0
0
0
0
0
-1
-1
0
0
0
1
0
-1
0
0
-1
0
0
0
-1
0
0
1
0
0
0
0
0
0
1
0
0
0
0
1
0
0
0
1
1
0
0
0
0
0
0
1
0
1
0
0
0
1
0
0
0
-1
1
1
0
-1
0
0
0
0
0
0
0
0
0
0
0
1
0
1
0
0
0
0
0
-1
0
1
0
0
-1
0
-1
0
0
-1
0
0
0
0
0
0
0
0
0
0
0
0
0
0
0
0
0
0
0
0
0
0
0
0
0
0
0
0
0
0
0
0
0
-1
0
0
0
0
0
0
0
-1
0
0
0
0
0
0
0
0
0
0
0
0
0
0
0
0
0
0
0
0
0
0
1
-1
0
0
0
0
0
0
0
1
0
0
0
0
0
-1
0
0
0
0
0
0
0
0
0
0
-1
-1
-1
-1
0
-1
0
0
0
0
0
0
-1
-1
0
-1
0
0
0
-1
0
0
0
0
0
0
0
1
0
0
0
0
0
0
0
0
0
0
1
1
0
0
0
0
0
0
0
0
0
0
0
1
0
0
0
0
0
1
1
0
0
0
0
0
-1
0
0
0
0
0
0
1
0
0
1
0
0
0
1
0
0
1
0
1
1
0
0
0
0
0
0
0
0
0
0
1
0
1
0
-1
0
0
0
0
0
0
0
0
0
0
0
1
0
0
1
0
0
0
1
0
0
0
-1
0
1
1
0
0
0
0
0
0
-1
1
0
0
0
0
-1
0
0
0
0
0
0
0
0
0
0
-1
0
0
0
0
0
0
0
0
0
-1
0
1
0
0
0
0
-1
0
-1
-1
1
0
0
0
0
0
-1
0
0
0
1
1
0
1
1
0
1
-1
0
0
0
0
0
0
0
0
0
0
0
0
0
0
0
0
0
0
0
0
0
0
0
0
0
0
0
0
-1
1
0
1
0
0
1
0
0
0
0
0
0
-1
0
0
0
0
1
1
0
0
-1
0
0
0
-1
1
0
1
1
0
0
0
0
0
0
0
0
0
0
0
1
0
0
1
0
0
0
0
-1
0
0
1
0
0
0
1
0
0
-1
0
-1
0
0
0
-1
0
1
1
0
0
0
-1
0
-1
-1
0
0
0
0
1
1
0
0
0
-1
0
0
0
0
0
0
0
1
0
1
0
-1
-1
0
0
-1
0
0
0
0
1
0
0
0
0
0
0
0
0
0
0
0
0
0
0
0
0
0
0
0
0
0
0
1
0
1
0
0
0
0
0
0
0
1
0
0
0
1
1
0
-1
-1
-1
0
1
0
0
0
1
0
0
0
0
0
0
0
0
0
0
0
0
0
-1
0
0
0
0
0
0
0
0
1
0
0
-1
-1
0
0
0
0
-1
0
0
1
0
0
0
0
0
0
1
0
1
0
0
0
0
0
0
1
-1
0
1
-1
0
0
0
0
0
0
0
-1
0
0
0
-1
0
-1
0
0
0
0
0
-1
0
0
0
0
0
0
-1
0
0
0
0
0
0
0
0
-1
-1
0
0
0
0
0
1
0
0
1
0
0
-1
0
0
0
0
0
0
0
0
0
1
0
1
0
0
1
-1
1
0
0
0
-1
-1
0
0
0
-1
0
-1
0
0
0
-1
0
0
0
0
1
0
0
0
-1
0
0
1
0
1
0
0
0
0
0
0
1
0
0
0
1
1
0
0
0
0
0
0
0
0
-1
1
0
0
0
0
0
0
0
1
0
0
-1
0
0
0
-1
-1
0
0
1
0
-1
0
0
0
0
0
0
-1
-1
0
0
-1
1
0
0
0
0
0
0
0
0
1
0
-1
0
-1
0
1
0
0
-1
1
-1
0
1
0
0
1
0
-1
0
0
0
1
0
0
0
-1
0
0
-1
-1
0
-1
1
0
0
-1
-1
0
1
-1
-1
1
1
0
0
-1
2
-2
0
0
-1
0
1
1
0
-1
0
1
-1
-1
2
0
0
1
2
-3
-1
2
1
-1
0
2
-1
1
1
0
-2
-1
2
-1
1
-1
0
0
-1
4
-1
-2
0
2
0
0
-1
2
-2
0
1
-1
0
-2
2
-1
1
-1
0
0
-4
4
-1
1
-2
3
-4
1
2
-1
-2
-3
4
-1
1
-2
2
-3
0
3
0
-1
-3
4
-2
5
-3
-2
0
2
-2
3
1
-6
5
-1
0
-1
3
-4
3
1
-1
1
-2
3
-1
0
-1
4
-6
0
6
-3
-1
3
2
-8
5
-3
3
-3
0
3
-1
1
-1
3
-7
3
2
1
2
-5
2
1
-3
3
2
-8
1
6
-4
1
1
-3
-3
9
-4
-2
1
-4
7
-2
0
-2
5
-7
3
8
-10
2
2
2
-8
8
-4
-4
5
-1
-5
6
1
-6
4
0
-3
0
4
-5
4
0
0
-3
0
-2
2
0
0
1
-2
-4
5
2
-10
6
-2
2
0
1
0
-3
1
-1
5
-5
1
6
-4
1
4
-9
5
1
0
0
2
-1
-3
5
-4
-4
3
0
-1
3
2
-5
2
0
-4
2
-3
3
-3
1
1
4
-6
5
-3
2
-2
-1
4
-4
7
-7
4
-7
6
-4
5
0
-1
6
-12
6
3
-12
8
-1
1
-5
6
2
-5
2
-2
5
-13
14
-7
-3
9
-9
7
-3
3
0
-8
7
-6
5
-1
5
-4
0
4
-4
-5
4
7
-14
5
4
-6
6
-4
-3
4
-8
2
4
6
-3
4
-6
-1
2
-2
13
-21
8
0
-3
13
-17
5
-4
6
2
-2
5
-9
-1
-2
5
1
-9
10
-8
-1
6
-10
13
-8
-6
-1
20
-14
-9
23
-11
-8
12
1
-2
5
-7
-3
2
12
-14
6
-1
3
-8
14
-5
-13
14
-19
12
9
-15
22
-16
-5
5
-9
9
-12
26
-18
-4
20
-8
5
5
-20
16
-3
7
11
-16
-5
9
-16
-4
5
-4
4
-9
16
-24
17
5
-26
41
-9
-22
39
-18
0
11
-16
13
-14
2
7
-3
9
-17
2
11
-6
2
0
0
3
-10
1
7
-23
22
1
-17
9
15
-13
0
10
-18
10
-8
5
4
24
-34
2
13
-16
18
-1
-14
9
-2
-9
42
-27
-15
16
-8
5
0
-4
-20
18
9
-17
25
-12
-6
13
10
-31
10
1
-7
21
-4
-18
-11
33
-28
28
5
-17
5
-2
12
-21
25
-21
2
7
-14
11
-20
27
-22
9
2
-15
15
-7
4
5
-6
0
6
-3
12
-4
-11
6
-1
-1
7
-1
-3
-2
4
-2
-5
-8
-5
9
0
11
-27
15
7
11
-16
20
-7
-19
19
-14
-1
1
13
-30
24
16
-17
10
-12
-3
8
-6
5
-6
-5
-12
24
-20
18
26
-27
13
4
-11
-15
-2
-11
7
20
-15
22
-18
13
-6
-6
26
-37
19
-9
5
-6
9
-15
5
8
1
3
-2
8
-14
-8
10
3
-16
16
1
2
0
2
4
-18
-7
29
-24
18
-7
-10
26
-19
-18
29
-27
-11
13
20
-17
13
25
-44
27
6
-31
13
-2
-20
37
11
-48
52
-18
-29
49
-34
-4
3
5
-12
19
-1
-40
21
29
-39
35
23
-46
23
4
-23
-11
22
-9
-7
35
-24
12
-14
26
-16
-22
24
-19
37
-62
54
-6
-44
38
3
-22
-6
41
-35
11
-3
-5
17
-1
-22
17
-12
-3
18
15
-11
-17
39
-40
20
12
-48
29
-2
-28
19
30
-20
-3
18
-34
5
16
-18
26
3
-37
15
33
-28
13
16
-42
22
-4
-11
2
36
-39
8
18
-14
4
3
-27
28
-11
-16
31
-19
-13
4
11
3
19
-2
-15
3
24
-47
35
-5
-32
11
10
-12
5
5
-13
17
-6
10
-4
-13
-8
16
-2
16
-8
-3
8
-3
-14
7
11
-8
-7
5
16
-12
-9
-9
-10
10
9
4
14
-4
-12
0
3
3
9
-18
11
2
-11
13
-27
-4
33
-26
10
24
-9
-11
21
-28
-13
46
-43
34
-21
6
25
-16
-7
-43
64
-53
46
11
-27
25
-34
23
-23
20
-18
-31
44
-25
51
-21
-39
23
-32
41
11
-14
-11
12
0
-19
23
9
-29
28
14
-28
-4
-9
-9
20
17
2
-13
24
-23
-13
7
-16
6
-16
29
5
-14
28
-45
20
-7
-6
35
-35
45
-20
-1
18
-10
3
-53
16
36
-35
24
5
5
-28
43
-6
-31
-9
-19
0
21
22
11
-6
-10
-12
9
-6
9
29
-62
52
-2
-26
13
2
0
-12
56
-27
-13
13
-66
10
-23
7
7
21
12
-3
4
-3
17
-30
30
0
-21
25
11
-1
-19
22
-34
16
13
8
-15
-11
-13
-60
45
-24
51
5
-26
26
-26
32
-36
19
-15
16
25
-19
15
-10
-8
-27
45
0
-4
28
-35
7
-3
-31
6
-14
15
3
-11
47
-40
33
-28
-10
15
-46
75
-27
32
-42
5
23
-45
33
1
8
1
-6
1
-7
16
-45
43
-43
16
40
-46
56
-18
13
-35
-3
16
-23
-3
16
13
-23
-26
21
-34
47
11
6
-4
-9
-23
-3
10
2
23
-25
8
-12
44
14
36
-39
-21
-8
-57
-15
8
11
-1
48
44
28
-16
-48
-13
-50
-10
31
18
26
-50
55
-12
12
14
-25
-33
-27
9
5
50
31
14
-38
-25
-7
-17
15
-36
13
26
-11
62
-1
-40
16
-23
5
2
16
-15
-45
6
-3
11
32
19
22
27
-4
-23
-51
-57
2
5
36
38
-5
-7
-55
16
38
5
19
-32
-7
35
-8
-17
30
-37
-14
-1
38
29
8
-55
-33
5
-2
24
3
26
3
-30
-32
19
6
-14
18
6
35
13
-7
-22
-38
38
-12
-12
19
-20
-49
59
22
14
-2
-46
-38
-42
56
15
94
-61
-3
-22
42
19
-52
31
-46
3
-14
3
36
-4
28
-45
71
20
-51
37
-83
44
-19
-61
-30
41
24
17
42
-57
-22
1
35
35
11
-19
-46
19
8
15
74
-57
-32
8
8
23
-41
3
-76
27
47
54
31
-104
-3
-25
-10
-44
76
23
-30
77
-62
70
-61
-69
60
-18
58
27
49
-66
5
26
-23
4
-2
-11
-58
8
-25
14
9
-28
-25
114
-24
18
-116
47
-2
-23
-1
29
86
-77
116
-21
-5
-42
2
-88
103
9
-48
17
-40
-25
-5
29
15
59
-34
-33
13
-92
7
-69
-4
106
-28
130
-53
26
-40
-20
39
24
-70
49
15
-35
96
-52
80
-72
-34
102
-29
41
35
-33
13
-125
11
1
3
52
-59
-9
40
19
45
21
24
-27
-72
-17
-13
40
12
-21
-27
-42
-23
61
-23
-29
-48
11
8
-22
75
6
-44
-6
20
38
31
12
-1
-61
-60
0
39
18
-4
-130
30
-51
-81
-5
46
25
-32
101
71
39
-19
-35
-70
-68
14
25
-4
69
109
4
17
62
-73
25
-17
72
2
-46
-15
5
51
-3
69
-86
-26
-51
-24
49
95
84
46
4
-104
-142
-86
-70
28
-4
-55
84
-6
78
60
28
-42
-113
-18
6
79
62
-44
87
-16
83
18
-22
18
28
55
10
108
3
-27
-90
-173
-32
-64
-27
-22
-14
4
-103
-10
-40
-5
-46
-108
-13
-86
24
6
-29
45
-2
133
32
161
44
-67
-51
-106
-17
-37
17
-68
-16
120
37
119
19
86
143
153
280
115
183
-151
-119
-77
-91
-87
-91
-33
-4
84
82
77
-1
-105
-76
-74
-87
-93
-113
-18
64
131
114
111
-6
-57
-30
17
-45
23
-20
77
80
69
32
-72
-133
-114
-64
-152
-65
-81
-72
-37
-27
46
-75
4
-15
38
90
33
7
-43
-32
-65
34
11
-14
-73
-55
65
64
30
38
19
12
-2
7
-55
-27
-136
-96
-48
40
92
71
183
140
179
135
40
71
14
25
22
37
22
109
100
47
163
109
99
4
9
9
43
62
36
54
18
8
-14
0
55
-58
-103
-46
-56
34
36
29
11
-14
-29
-84
-102
-120
-202
-206
-133
-112
-104
-57
-70
-59
-63
-90
-26
-25
-50
-22
-64
41
-11
8
-2
-41
2
-96
-38
-44
-48
50
15
29
91
26
83
-1
-88
-110
-134
-107
-70
-63
-33
-9
41
121
137
136
117
47
30
14
-24
-63
-37
5
-13
40
103
88
58
26
-60
-110
-119
-118
-42
-24
13
105
223
239
246
234
159
136
38
62
-13
-5
-14
0
16
68
165
123
184
142
143
61
18
-11
-136
-84
-198
-187
-209
-129
-100
-51
-13
42
96
85
107
102
71
4
-14
-74
-59
-98
-90
-105
-46
-31
-13
16
-18
-40
-112
-92
-99
-109
-54
-99
-9
26
91
82
6
-79
-174
-183
-277
-220
-251
-197
-167
-130
-4
94
211
150
147
106
122
108
93
147
50
-28
-28
-46
-131
-161
-178
-179
-147
-110
-42
26
74
69
58
78
56
80
68
117
166
193
245
208
189
111
97
55
22
-13
7
-11
9
84
113
150
140
77
-21
-52
-104
-109
-127
-104
-8
1
108
264
362
432
449
453
347
311
177
35
-66
-200
-351
-473
-430
-491
-507
-477
-474
-430
-413
-404
-430
-434
-374
-331
-265
-190
-147
-98
-23
21
61
95
43
-19
5
-39
-29
-78
-122
-174
-228
-246
-283
-304
-374
-441
-586
-737
-770
-790
-767
-721
-606
-478
-310
-112
16
84
101
86
14
-1
-77
-90
-124
-134
-105
-20
138
256
517
749
1057
1328
1572
1781
1911
1974
1868
1734
1563
1379
1172
1013
847
762
710
653
656
662
699
683
637
590
559
465
375
260
182
81
17
-40
-72
-80
-37
-4
83
172
206
222
190
240
274
238
77
-126
-351
-545
-679
-906
-1151
-1394
-1610
-1804
-1983
-2060
-2108
-2164
-2224
-2247
-2223
-2238
-2325
-2535
-2886
-3253
-3635
-4064
-4488
-4858
-5166
-5451
-5434
-4561
-2760
-506
1704
3684
5598
7365
8635
9097
8707
7492
5549
3163
894
-1020
-2510
-3743
-4511
-4567
-3942
-2832
-1619
-427
525
1166
1343
1168
786
336
-97
-410
-315
371
1599
3228
5057
6711
7902
8361
8165
7192
5603
3569
1312
-872
-2692
-3924
-4588
-4639
-4183
-3301
-2140
-831
397
1387
2102
2562
2830
2857
2727
2577
2410
2301
2201
2130
2002
1788
1441
989
397
-328
-1057
-1872
-2721
-3503
-4049
-4394
-4617
-4826
-4964
-5069
-5067
-5042
-5067
-5179
-5417
-5715
-5998
-6104
-6017
-5824
-5799
-6157
-6687
-6453
-4722
-1838
1177
3802
6171
8581
10887
12587
13207
12332
10022
6682
3028
-242
-3058
-5632
-7825
-9074
-9069
-7782
-5607
-3013
-482
1602
3099
3978
4276
3908
3014
1734
526
-200
-75
976
2851
5222
7606
9504
10522
10580
9646
7707
4714
1131
-2400
-5313
-7432
-8634
-8941
-8269
-6680
-4359
-1699
895
3210
4975
6280
7014
7228
6919
6205
5320
4477
3781
3131
2542
1971
1338
618
-197
-1057
-2048
-3056
-4061
-4972
-5665
-6016
-6054
-5954
-5722
-5376
-5036
-4842
-4854
-5001
-5222
-5559
-5957
-6267
-6289
-5982
-5596
-5292
-5210
-5482
-5932
-5555
-3349
111
3226
5380
7267
9579
11898
13272
12978
11016
7719
3572
-486
-3830
-6508
-8922
-10757
-11144
-9706
-6934
-3570
-71
3065
5459
6847
7252
6880
5834
4120
1985
159
-665
-246
1317
3683
6308
8554
9849
9966
8892
6577
3088
-1197
-5556
-9005
-10778
-10890
-9701
-7359
-3965
32
3950
7335
9648
10621
10254
9122
7519
5673
3724
1919
647
232
536
1130
1828
2466
2697
2342
1508
328
-1306
-3384
-5680
-7725
-9089
-9551
-9204
-8272
-6877
-5231
-3549
-1974
-751
-135
-208
-814
-1817
-3028
-4248
-5424
-6390
-7175
-7810
-8378
-8897
-9611
-10443
-10015
-6811
-1353
3959
7797
10793
14013
16938
18311
17098
13285
7611
1235
-4518
-8793
-11558
-13441
-14148
-12732
-8938
-3847
1209
5797
9353
11399
11523
10148
7767
4763
1431
-1760
-3947
-4453
-3062
-414
2991
6560
9547
10889
10304
8102
4605
113
-4884
-9445
-12619
-13409
-11511
-7638
-2984
1994
7129
11633
14449
14982
13574
10715
7001
3080
-388
-3069
-4723
-5099
-3971
-1642
1032
3245
4720
5526
5354
4015
1696
-1261
-4622
-7965
-10600
-12105
-12298
-11111
-8877
-6276
-3656
-902
1627
3361
3634
2732
1070
-981
-3255
-5582
-7664
-9388
-10623
-11386
-11578
-11401
-11499
-12087
-11335
-6965
564
8053
13056
16173
19096
21792
22684
20372
14721
6600
-2314
-9808
-14541
-17018
-18301
-18174
-15240
-9355
-2236
4273
9677
13768
15727
14986
12146
8289
4130
-83
-3867
-6371
-6684
-4529
-665
3961
8300
11423
12411
11088
7922
3513
-1827
-7507
-12343
-15138
-15042
-11935
-6489
-50
6139
11370
15235
17277
16748
13653
8854
3569
-1463
-5679
-8478
-9265
-8006
-5097
-1137
2920
6415
8774
9772
9038
6665
2962
-1487
-6113
-10227
-13166
-14687
-14534
-12701
-9414
-5452
-1466
2188
5345
7473
7907
6453
3713
605
-2464
-5646
-8963
-12096
-14406
-15475
-15299
-14191
-12763
-11685
-11010
-8566
-2126
7361
15550
19556
20532
21244
22140
21382
17061
9045
-1222
-10911
-17351
-19649
-19419
-18429
-16461
-11875
-4431
3800
10518
14932
17147
17044
14505
10244
5440
1045
-2711
-5657
-7243
-6668
-3696
840
5697
9567
11663
11266
8640
4681
329
-4414
-9190
-12858
-13853
-11900
-7632
-1918
4314
9630
13084
14920
15140
13030
8410
2853
-1926
-5560
-8327
-9523
-8358
-4921
-473
3949
7709
10348
11437
10746
8375
4510
-551
-5940
-10751
-14173
-15830
-15688
-13967
-10748
-6122
-787
4086
7639
10040
11231
10567
7525
3043
-1545
-5902
-10338
-14494
-17543
-19001
-18792
-16937
-13853
-10561
-8118
-6794
-4665
915
9833
17897
21213
20198
18663
18615
18423
15055
7443
-2857
-12486
-18227
-19232
-17459
-15718
-14250
-10805
-3974
4394
11065
14728
15970
15551
13451
9998
5844
1963
-1298
-3961
-5676
-5681
-3376
418
4342
7240
8797
8403
6225
2945
-532
-4178
-7790
-10454
-10891
-8807
-4938
-360
4126
8121
11235
13012
12771
10231
5618
261
-4250
-6735
-7706
-7814
-6669
-3156
2372
8050
12063
13796
13630
11785
8417
3533
-2431
-8723
-14224
-17875
-19098
-18014
-15032
-10536
-4872
1336
7083
11531
14245
14990
13451
9457
3561
-2989
-9116
-14348
-18757
-21899
-22805
-20932
-16866
-11820
-6827
-2661
-231
626
2318
7288
14097
18211
17370
14210
12697
13487
13629
9983
2307
-6989
-14173
-16888
-15736
-13838
-13196
-12526
-8948
-1860
5998
11502
13905
14544
14297
13049
10420
6844
3112
-395
-3461
-5472
-5623
-3949
-1234
1507
3780
5227
5367
4180
2058
-453
-3299
-6227
-8306
-8320
-6254
-2865
479
3476
6325
9263
11513
11813
9410
4827
15
-3123
-4193
-4560
-4878
-4252
-1159
3954
9218
12455
12952
11241
8219
4248
-850
-6884
-13007
-17765
-20111
-19591
-16496
-11392
-5129
1582
8008
13370
17108
18643
17404
13138
6311
-1750
-9393
-15809
-20742
-24136
-25476
-23914
-19257
-12612
-5783
-378
2784
3347
2188
2239
5953
11608
14633
13165
10575
10931
13934
15446
11943
3624
-6196
-13464
-16164
-15573
-14876
-15533
-15410
-11096
-2474
6851
13185
15926
16812
17054
16235
13388
8615
3001
-2248
-6257
-8557
-8900
-7348
-4411
-787
2992
5953
7112
6146
3994
1356
-1670
-4858
-7315
-7605
-5805
-2821
105
2784
5307
7675
9127
8755
5957
1897
-1202
-1898
-1100
-419
-179
838
3651
7636
10738
11152
8940
5391
1677
-2302
-6806
-11604
-15627
-17789
-17362
-14189
-8942
-2745
3420
9007
13637
16781
17852
16356
12128
5361
-2802
-10558
-16430
-20210
-22415
-23119
-21769
-17883
-12098
-5762
-639
2416
3296
1923
-1252
-3722
-1764
4838
11494
13905
13239
13835
17051
19701
17393
8756
-3595
-14782
-20900
-21707
-20342
-19701
-18901
-14274
-4324
7787
17059
21304
22037
21463
19820
15720
8893
1187
-5239
-9341
-11575
-11961
-10123
-5919
-292
5234
9045
9800
7740
4292
1134
-1963
-5341
-8493
-9197
-6620
-1951
2252
5006
6817
8182
8584
6978
3418
-1187
-4843
-5707
-3247
364
3007
4909
8011
12297
15232
14512
10168
4000
-2243
-7758
-12581
-16703
-19609
-20333
-17969
-12340
-4509
3583
10273
15076
18397
20202
19576
15711
8918
433
-8495
-16385
-21601
-23478
-23030
-21313
-18163
-12927
-6314
-135
4029
5604
4845
2242
-1956
-7148
-10276
-7364
1516
10691
15244
16084
17319
20112
21258
16727
5724
-8688
-20983
-26747
-25693
-21786
-18444
-14818
-7365
4636
16900
24528
26115
24013
20503
15679
8639
157
-7073
-11175
-12468
-12356
-10777
-6887
-994
5301
10090
11750
9634
4950
260
-2740
-4943
-7684
-10108
-9448
-4944
1188
5756
7748
7784
6887
5136
2602
-707
-4082
-6207
-5537
-1805
3172
7328
10264
12890
15075
15114
11589
5191
-1882
-8215
-13746
-18083
-20494
-20112
-16900
-11141
-3621
4470
11551
16712
19761
20824
19597
15481
8608
129
-8328
-15713
-21237
-24103
-23866
-21282
-17267
-12083
-5952
128
4484
6297
5875
3938
978
-3577
-9435
-13199
-9833
896
12429
18283
18407
17590
18498
18993
14626
3659
-11343
-24333
-29818
-26928
-19857
-13572
-8599
-1735
8513
19081
25406
25807
22087
16649
10297
2887
-4397
-9066
-10007
-8830
-7677
-6622
-3922
1044
6571
9933
9271
4777
-1044
-4882
-5533
-5044
-5627
-6736
-5374
-470
5550
8922
8488
5615
2282
-606
-2941
-4700
-5802
-5528
-2675
2908
9181
13539
15180
15182
14131
11538
6644
-69
-7107
-13111
-17414
-19667
-19364
-16387
-11371
-5177
1584
8494
14655
18969
20515
19285
15592
9626
1982
-6022
-13088
-18736
-22592
-23934
-22084
-17611
-11908
-6211
-1203
2608
4898
5572
4818
2650
-1117
-6750
-12190
-12395
-4096
8917
18342
20076
17494
16013
16433
14840
7269
-6111
-20595
-29747
-29792
-22457
-13339
-6369
-703
6696
15905
23256
25432
22367
16601
10156
3356
-3581
-8726
-10039
-7942
-5450
-4740
-4681
-2858
1300
5555
7241
5017
55
-4491
-5699
-3813
-1619
-1283
-1727
-500
2873
6084
6617
4350
945
-2043
-4052
-4778
-4126
-2258
492
4248
8634
12405
13949
13396
11863
9566
5691
258
-5545
-10358
-13957
-16392
-17247
-15800
-11742
-5974
308
6477
12207
16721
19035
18475
15139
9505
2640
-4479
-10816
-15873
-19288
-20709
-19619
-16197
-11534
-6781
-2717
471
2665
3935
4216
3327
769
-3729
-9665
-13828
-11158
-124
13220
20497
19634
15929
14509
14471
10842
666
-13733
-26207
-30971
-26401
-16050
-5684
1631
7304
13649
19736
22386
19948
14125
7861
2531
-2395
-6801
-8521
-5881
-1153
1260
-294
-3068
-3614
-1288
1659
2594
474
-3185
-5113
-3156
1273
4433
4434
2917
2445
3424
3843
2198
-795
-3439
-4858
-5052
-4184
-2156
724
4149
7886
11177
12959
12928
12158
11043
8545
3525
-3231
-9569
-14063
-16835
-18223
-17698
-14283
-8107
-444
7063
13273
17682
19666
18758
15179
9873
3544
-2900
-8995
-14137
-17563
-19001
-18598
-16670
-13493
-9785
-6005
-2416
728
2855
3547
2602
190
-3384
-8052
-11872
-10161
-126
13552
22272
22207
17292
12995
10341
5785
-3408
-15752
-26385
-30273
-25315
-13826
-1428
7375
12192
15180
17159
16938
13691
8694
4287
1292
-1147
-3565
-4368
-1927
2263
4279
1872
-2995
-6244
-5624
-2125
1320
1953
-384
-2732
-1888
2017
5453
5414
2536
-137
-616
142
301
-700
-1891
-2631
-2761
-2426
-1348
682
3551
6908
10155
12348
12969
12698
11945
9688
4384
-3188
-10293
-14834
-17001
-17546
-16339
-12463
-5842
1904
8619
13101
15355
15614
14057
10841
6617
2341
-1591
-5394
-9211
-12677
-15250
-16601
-16492
-14984
-12552
-9677
-6151
-1948
2032
4257
3880
1228
-3177
-8557
-11485
-7016
5174
18053
23537
20414
14120
9588
6337
470
-9804
-21337
-28773
-28095
-19161
-5798
6228
13276
15749
15822
14489
11417
7268
3726
2099
1627
682
-587
-85
2654
4915
3467
-1796
-7426
-9807
-7420
-2176
2465
3644
1746
-310
114
2511
3766
2086
-1162
-2864
-2040
-135
1075
1270
1068
679
-154
-1457
-2168
-1072
2316
6946
11143
13371
13635
12808
11157
7460
840
-7148
-13271
-15637
-15030
-13151
-10567
-6555
-1038
4527
8212
9527
9375
8868
8470
7938
6714
4782
2140
-1229
-5704
-10917
-15896
-19112
-19455
-17303
-13812
-9801
-5163
-440
2989
3658
1503
-2433
-7295
-11245
-9902
-90
14702
25498
26555
19774
11559
5481
40
-7704
-17537
-25422
-27299
-21491
-10001
2746
11845
15306
14405
11431
7714
4113
2106
2773
5273
6809
5746
3510
2877
3754
3112
-1256
-7638
-11688
-10739
-5051
2081
6859
6912
3386
-336
-1699
-1229
-1109
-2220
-3315
-2630
-323
2410
4177
4873
4312
2721
243
-2333
-3538
-1770
3286
9241
12954
13068
11239
9234
7004
3013
-2989
-8854
-11909
-11352
-8794
-6272
-4431
-2832
-1151
317
1448
2364
3492
5211
7307
8892
9108
7754
4809
231
-5956
-12786
-18235
-20254
-18706
-15381
-12079
-9026
-5669
-2379
-596
-1175
-3928
-8008
-10323
-6268
6026
21099
30242
29034
20497
10833
3449
-2813
-10475
-19005
-25080
-25437
-19277
-8677
2311
9643
12086
10696
7427
3933
1859
2369
5493
9389
11124
9564
6094
3399
1768
-608
-5001
-9513
-11160
-8251
-1833
5098
9045
7879
2667
-3412
-7086
-7680
-6111
-3660
-716
2555
5367
7146
7506
6478
4026
797
-2128
-3736
-3122
-58
5123
10575
13579
12581
8544
4182
874
-1601
-3889
-5368
-5161
-3375
-1402
-651
-1529
-3554
-5932
-7810
-8018
-5632
-780
5146
10310
13185
13227
10711
6407
726
-5845
-12386
-17261
-18678
-16372
-12315
-9126
-7753
-7395
-7290
-7404
-7952
-8970
-10431
-10572
-4958
7776
22781
31868
30319
20660
9382
1127
-4253
-9324
-14888
-18957
-19382
-15326
-8027
-212
4981
6247
4441
1513
-384
131
3419
8316
12503
13407
10355
5521
1804
-141
-1816
-4412
-6624
-6319
-2585
3153
8104
9339
5590
-1367
-8005
-11259
-10669
-7464
-3127
1455
5468
7724
7776
6161
3775
1128
-1127
-2014
-860
2210
6196
9900
11725
10494
6461
1568
-2198
-4291
-4742
-3761
-1375
1600
3910
3960
1336
-2936
-6976
-9492
-10113
-8572
-4938
472
6199
10272
11327
9488
6055
2173
-1669
-5417
-8643
-10325
-9766
-7871
-6617
-7150
-9166
-11473
-13270
-13949
-13303
-11768
-10435
-8150
-1223
11858
25806
32304
28000
16980
6655
953
-1498
-4249
-8320
-12371
-14364
-13339
-9748
-5617
-3039
-2335
-2516
-2258
-716
2789
8027
13476
16217
14096
7790
1119
-2311
-2255
-1053
-592
-102
1369
4273
7101
8120
5349
-1314
-9426
-15124
-15379
-10697
-3586
2821
7326
9044
7669
3795
-421
-2842
-2855
-1104
1767
5502
9767
13247
14230
11594
5749
-983
-5734
-6758
-4835
-1598
1406
3706
5041
5104
2845
-1790
-7107
-10742
-11296
-8998
-4966
-652
3150
5905
6970
5988
3519
985
-541
-906
-1033
-1797
-2901
-3734
-4569
-6617
-10022
-13637
-15941
-16514
-15560
-13527
-11252
-9157
-5119
3613
15698
24873
25835
19352
11092
6188
4967
4297
1636
-2545
-6963
-10321
-12070
-11856
-10535
-9042
-7751
-6450
-4130
-80
5970
12330
16510
15640
9619
1803
-2936
-2850
43
2624
4125
5538
7156
8215
7279
3896
-2192
-9208
-14732
-15585
-11421
-4181
2746
7077
7965
5350
561
-4195
-6001
-4235
94
4961
9372
12713
14600
14107
10549
4332
-2217
-6284
-6572
-3826
-36
2968
4227
3968
2373
-285
-3561
-6389
-7762
-7337
-5362
-2527
265
2098
2517
1584
-64
-1563
-2146
-1276
570
2333
2698
1671
-115
-2297
-5247
-9162
-13126
-15783
-16443
-15455
-13892
-12668
-11463
-7535
1322
12815
20943
21520
16308
10367
7618
7843
8461
7361
4452
188
-4548
-9050
-12181
-13722
-13678
-12500
-10639
-7824
-3542
2940
10029
14980
14518
8715
1095
-3178
-2117
2364
6980
9952
11281
11146
9714
6490
1612
-4857
-11001
-14879
-14269
-9638
-3013
2310
4605
3705
194
-4250
-7497
-6907
-2414
4308
10409
14272
15711
15146
12447
7435
1269
-3481
-5052
-3497
-233
2861
4005
3023
592
-2158
-4744
-6338
-6559
-5275
-2990
-696
779
743
-268
-1927
-3279
-3999
-3719
-2692
-592
2317
4767
5393
3922
1162
-2302
-5810
-9136
-11925
-13931
-14617
-14175
-13221
-12827
-12497
-9264
-1057
9696
16789
17099
12656
8477
7508
9117
10919
11279
10056
6830
1847
-4043
-9039
-12382
-13899
-13958
-12909
-10467
-6528
-924
4879
8665
8072
3431
-1973
-3930
-734
5616
11664
15273
15916
14021
10595
6287
1396
-4180
-8922
-11151
-9456
-5184
-901
770
-394
-3368
-7134
-9998
-10091
-5825
1481
9060
13740
14718
13418
11423
8918
5357
1514
-816
-390
2189
4878
5637
3575
-95
-3812
-6247
-7145
-6519
-4757
-2727
-1155
-539
-809
-1976
-3661
-5473
-6542
-6290
-4496
-1582
1634
3947
4629
3859
2388
423
-1967
-4611
-7030
-8918
-10195
-11046
-11891
-12980
-14144
-12629
-6264
3697
11395
12879
9303
5125
4059
5932
9007
11341
12756
12368
9650
4550
-1299
-6588
-10300
-11699
-11206
-9309
-6957
-4080
-1522
52
-546
-3136
-5957
-6213
-2609
3686
10163
15060
17228
16165
12713
8311
4653
1241
-1405
-3351
-3167
-1630
-213
-813
-3416
-6387
-8969
-9990
-9132
-5176
375
5654
8609
9042
8400
7635
7305
6385
4883
3206
2754
4002
5700
6322
4712
2024
-1006
-3123
-4535
-5025
-4733
-3877
-3075
-3260
-4049
-5037
-5370
-5520
-5811
-6479
-6577
-5269
-2595
74
1387
1223
391
-136
-400
-1110
-2832
-5055
-7184
-9244
-11474
-12518
-9456
-1455
7484
11050
7697
1618
-1701
-356
3318
6387
7872
8850
9420
8925
6326
1896
-3044
-6472
-7076
-5572
-3322
-1533
-416
-438
-2115
-5486
-9141
-10546
-8223
-2946
2686
6745
9404
11110
12088
11620
9632
6654
3923
2779
2797
3038
2134
391
-1690
-3152
-4355
-6002
-7621
-7833
-5727
-2336
832
3078
4738
6280
7228
7108
6105
5292
5164
5231
5212
4910
4821
4608
3985
2128
-640
-3522
-5262
-5592
-5097
-4576
-4670
-5220
-6042
-6620
-6793
-6254
-5363
-4617
-4567
-5087
-5698
-5677
-4868
-3649
-2582
-2055
-2019
-2595
-3969
-6075
-6454
-2689
4434
10020
10275
6449
2638
1779
2714
3487
3440
3560
3884
3501
1885
-238
-1686
-2325
-2494
-3091
-3805
-3857
-2453
-50
1673
1324
-1280
-4187
-5117
-3624
-1113
691
1854
3090
4550
6306
7595
8233
7108
4956
2749
1881
2269
2784
2849
2174
1149
-1185
-4151
-6466
-6226
-3826
-1256
111
359
955
2262
3701
4609
4981
5537
6413
7709
8539
8357
6847
4480
2040
73
-1008
-1387
-1268
-1447
-2528
-4928
-7782
-9806
-10253
-9395
-7933
-6463
-5474
-4975
-5002
-5486
-6485
-7830
-8555
-8032
-6054
-4048
-3243
-4373
-5227
-2363
4434
11162
12213
8054
2977
1728
4368
7756
9290
8335
5953
2682
-556
-3070
-4081
-4215
-3924
-3742
-3733
-3548
-2998
-1910
-1246
-1573
-2949
-4167
-3489
-747
2652
4532
4548
4326
4418
5352
5921
6385
5808
4107
1969
248
346
1149
2468
2544
1827
-302
-3193
-5321
-5276
-2682
26
1594
1616
1469
2018
2632
2942
2505
2696
3746
5713
7427
8113
7889
6820
5569
3683
1782
-70
-1015
-1345
-1594
-2517
-4260
-5940
-7029
-7339
-7830
-8609
-9374
-9750
-9698
-9593
-9394
-9176
-8862
-8644
-8485
-8181
-7866
-7217
-4498
1600
8904
12689
10679
6076
3701
5526
9198
11293
10715
8735
6551
4590
2692
1018
-688
-2585
-4311
-5651
-6440
-6840
-6707
-6184
-5477
-5074
-4823
-4224
-2612
-619
816
1416
2516
4670
7152
8922
9575
9721
8795
7257
4929
3222
2104
1692
1378
840
-249
-2664
-5352
-7074
-6168
-3801
-1794
-1158
-1274
-566
905
2563
3613
4389
5511
6894
8246
8596
8000
6353
4626
3387
3025
3012
2529
1534
-44
-1675
-3433
-4890
-5972
-6655
-7216
-7829
-8313
-8695
-8918
-9296
-9880
-10654
-11437
-11631
-11245
-10498
-10037
-8839
-4835
1619
7200
7793
4625
2075
3715
8328
12388
13765
12634
10540
7835
5104
2487
781
-183
-471
-422
-742
-1839
-3837
-5628
-6519
-6589
-6415
-6556
-6348
-5451
-4152
-3097
-2395
-545
2272
5820
8317
9537
9196
7980
6865
6091
6174
6210
6579
6176
5057
2470
-1189
-4516
-6048
-4918
-3246
-2658
-3573
-4472
-3985
-2639
-814
472
2006
3542
5299
6525
7156
7551
7618
7895
7650
7299
6208
4605
2401
-99
-2101
-3478
-4195
-4966
-6014
-7277
-8589
-9731
-10807
-11719
-12217
-12011
-11506
-11206
-11522
-12301
-12869
-11058
-5269
2691
8017
7463
3602
1158
3212
7862
11889
13185
12092
9694
6866
4665
3619
3499
3005
2097
962
-132
-1590
-3666
-5825
-7274
-7339
-6676
-6140
-5800
-5501
-4873
-4051
-2206
382
2886
4665
5176
5256
4607
4702
5448
7101
8351
8544
8098
7308
6564
4330
1229
-1787
-2574
-1200
227
142
-2146
-4519
-5905
-5812
-4503
-2467
143
2128
3537
4067
4631
5258
5853
6256
6244
6294
6082
5796
4922
3550
1717
-66
-1283
-2108
-2728
-3940
-5636
-7862
-10042
-11935
-13430
-14457
-15109
-15285
-15527
-15912
-15864
-12873
-6317
1622
6071
5231
2273
1538
4949
9904
13547
14323
13078
11069
9079
7332
5850
4386
2903
1560
218
-1265
-3042
-4866
-6415
-7319
-7349
-6795
-6012
-5437
-5433
-5789
-5746
-3993
-991
2135
4002
4477
4400
4256
5116
6482
7920
8180
7709
7132
6973
6670
5075
3033
1205
993
1357
1283
-151
-2536
-3986
-4091
-3037
-2250
-1502
-726
333
1321
1731
2112
2621
3915
5278
5992
5835
5302
4921
4387
3334
1659
377
128
182
-553
-2685
-5309
-7674
-9121
-10153
-11501
-12987
-13911
-13751
-13621
-14371
-14903
-12505
-6881
-1109
837
-753
-2078
88
5172
9833
12005
11789
10807
10015
9624
9321
8831
7895
6663
5143
3322
1367
-721
-2787
-4872
-6499
-7282
-7371
-7021
-7082
-7746
-8656
-8494
-6408
-3239
19
1854
2333
1495
1046
2218
5024
8064
9643
10231
10092
10062
8833
6386
3672
2443
3440
4472
3842
721
-2944
-4949
-4604
-2912
-1782
-1504
-1804
-1576
-913
-36
885
1802
3179
4264
4887
4546
3684
3121
3125
3301
2893
2031
1232
707
-273
-2089
-4564
-6840
-8151
-9216
-10619
-12704
-14601
-15703
-16366
-15235
-11689
-6132
-2247
-2214
-4139
-4260
-261
5462
9784
10926
10174
9195
8899
9157
9591
9723
9057
7694
5471
2970
676
-819
-1686
-2687
-3782
-4811
-5295
-5333
-5759
-6839
-8162
-7762
-5509
-2509
-294
134
-422
-1791
-1890
-197
3566
7534
9858
10080
8616
7242
5780
5079
4713
5160
5988
5858
4482
1578
-1095
-2948
-3405
-2815
-1894
-995
-901
-1024
-1415
-1213
-456
804
2295
3012
3011
2293
2108
2628
3464
3803
3292
2399
1334
328
-1023
-2633
-4404
-6167
-7764
-9237
-10942
-13251
-15611
-15925
-12532
-6972
-2972
-3148
-5324
-5845
-3148
1317
5065
7144
7644
7224
6567
6377
6961
7839
8060
7687
6897
5805
4186
2311
848
-46
-853
-2163
-4055
-5785
-7084
-7997
-8710
-8522
-7109
-5287
-3590
-2654
-1619
-994
-1
1773
4934
8628
10857
10973
9126
7294
5657
4723
4538
4996
5523
4603
2696
235
-1552
-2594
-3253
-3098
-2508
-1515
-1098
-1119
-1290
-1137
-591
-237
122
488
1240
1950
2252
2388
2416
2497
2101
1524
897
289
-750
-2229
-3703
-5163
-6545
-8478
-10813
-12635
-11646
-7620
-3023
-1680
-3872
-6503
-6431
-2921
1500
4723
5718
5335
4481
4077
4591
5900
7125
7431
6724
5366
3947
2951
2146
1177
-308
-2026
-3658
-4773
-5137
-5450
-6030
-6807
-6559
-5551
-3929
-2697
-1804
-1373
-1164
103
2738
6242
8496
8722
7381
5979
5154
4543
4482
4996
6007
6112
4758
2584
331
-981
-1563
-1233
-851
-762
-1372
-2383
-3119
-3251
-2754
-2504
-2229
-1820
-1029
-119
604
1472
2112
2215
1726
1211
1133
1001
220
-1519
-3363
-4976
-6242
-7880
-9765
-9699
-7105
-2826
-903
-2425
-5245
-6116
-3363
857
4584
6365
6540
5572
4343
3617
4120
5574
6712
6857
5615
3645
1845
651
113
-488
-1659
-3417
-5088
-6000
-6236
-6246
-6429
-5886
-4920
-3246
-1773
-799
-657
-971
-208
2070
5255
7419
8123
7617
7182
6713
5587
3968
2533
2787
3870
4374
3325
743
-1571
-2897
-2823
-2335
-2042
-2276
-2858
-3347
-3638
-3452
-3130
-2260
-1073
215
1278
1863
2077
1876
1620
1378
985
364
-529
-1654
-2957
-4404
-5779
-6955
-7705
-7101
-5048
-2375
-1205
-2268
-3989
-4373
-2195
1240
4216
5618
5471
4598
3860
3820
4655
5713
6357
6119
4850
3152
1755
1089
992
656
-391
-2254
-4271
-5578
-6296
-6513
-6513
-5555
-4155
-2824
-2336
-2230
-1332
451
2885
4471
5143
5237
5762
6919
8229
9101
8265
6189
3707
2610
2819
2840
1741
-688
-2559
-3374
-2981
-2735
-2991
-3602
-4478
-5112
-5891
-5869
-5199
-3894
-2598
-1565
-356
841
1972
2377
2004
805
-536
-1093
-1117
-1094
-2034
-3735
-5598
-6642
-5452
-2610
536
1336
-308
-2543
-3152
-1193
1612
4032
4884
4670
3689
2635
2275
2796
3773
4201
4140
3805
3532
2993
1870
511
-758
-1598
-2520
-3587
-4408
-4941
-5326
-6090
-6256
-5416
-3360
-770
1038
1593
695
248
1314
3903
6710
8369
8654
7951
7040
5760
4543
3643
3741
4294
4441
4135
3001
1531
-715
-2897
-4405
-4605
-3734
-3170
-3568
-5077
-6357
-6802
-6251
-5090
-4040
-3228
-2844
-2579
-2492
-2624
-2667
-2568
-2322
-2300
-2574
-3334
-4319
-4521
-2720
875
4078
4405
2013
-573
-886
1256
4200
6438
7312
6934
5187
2883
1322
1503
2953
4207
4262
3265
1862
482
-744
-1847
-2680
-3346
-4084
-4757
-5359
-5739
-6031
-5894
-4604
-2383
233
1656
1871
830
6
198
1652
3890
5688
6874
6717
5772
4162
2896
2641
3442
4883
5551
5182
3591
1558
-163
-1036
-838
-448
-267
-869
-1896
-2946
-3699
-4012
-4016
-3368
-2451
-1948
-2409
-3810
-5172
-6037
-6178
-6141
-6134
-6165
-6343
-6812
-7180
-5646
-1909
2633
4633
3341
961
342
2575
5824
8180
8737
8104
6868
5653
4914
4750
4727
4042
2850
1763
1104
816
294
-670
-2330
-4249
-5869
-6440
-5642
-4162
-3134
-3280
-3477
-3142
-1705
-169
837
940
643
1031
2016
3124
3442
3196
2692
2405
2225
1886
1583
1628
2335
2969
2882
2025
864
121
-245
-455
-932
-1310
-1246
-874
-559
-684
-1190
-1869
-2377
-2472
-2320
-2141
-2343
-3086
-4393
-5757
-6517
-6684
-6419
-6367
-5545
-3488
-410
1724
1573
87
-846
466
3395
6726
8900
9393
8328
6374
4856
4470
5043
5547
5370
4573
3440
2210
632
-727
-1668
-2094
-2680
-3810
-4737
-4954
-4231
-3639
-3114
-2676
-1820
-780
-17
427
299
407
621
1184
1777
2465
3179
3222
2490
919
-307
-591
144
1190
1405
1041
-18
-1052
-2299
-3142
-3409
-3233
-2661
-2188
-1479
-1196
-1221
-1932
-2725
-3242
-3275
-2878
-2521
-2286
-2502
-3127
-3962
-4776
-5159
-4164
-1373
2221
4127
3279
833
-721
56
2667
5658
7734
8538
7976
6449
4622
3659
3921
4877
5643
5505
4515
2931
1216
-420
-1840
-2746
-3218
-3270
-3066
-2745
-2516
-2510
-2282
-1851
-1070
-418
225
440
281
189
323
941
1580
2345
2685
2646
2189
1381
608
33
169
541
870
702
-368
-2046
-3902
-4800
-4749
-4033
-3344
-3060
-3203
-3944
-4767
-5427
-5438
-5093
-5057
-5460
-6080
-6185
-5886
-5684
-5798
-5166
-2652
1224
4302
4694
3238
1924
2480
4680
7350
9453
10491
10263
8947
7179
5825
5430
5549
5578
4966
3998
3026
2148
1238
93
-1310
-2798
-4010
-4366
-3895
-3013
-2562
-2487
-2422
-2012
-1214
-719
-565
-611
48
1511
3101
3986
3998
3661
3277
3058
2678
2257
1902
1603
1103
-69
-1290
-2287
-2660
-2816
-3158
-3792
-4580
-4934
-4995
-4794
-4831
-4775
-4729
-4796
-5029
-5580
-6023
-6260
-6207
-5999
-6047
-5683
-4120
-1219
1634
2629
1884
785
1119
2874
5005
6561
7370
7800
7681
6968
5915
5139
4746
4461
3991
3349
2805
2498
2255
1727
831
-237
-1077
-1540
-1759
-1842
-1944
-1847
-1298
-563
148
304
95
-552
-1121
-1014
-29
1539
2707
3306
3207
3145
3095
2997
2658
2073
1853
1760
1824
1507
805
-141
-1258
-2192
-3131
-3703
-3873
-3634
-3643
-4372
-5502
-6684
-7335
-7626
-7833
-8120
-8484
-8653
-8851
-8700
-7428
-4630
-1057
1421
2282
2152
2549
3841
5479
6945
8182
9475
10310
10250
9111
7710
6510
5637
4919
4160
3416
2649
1824
678
-787
-2405
-3790
-4513
-4502
-4066
-3860
-4141
-4403
-4047
-2842
-1453
-574
-452
-713
-705
-146
1005
2401
3677
4305
4219
3797
3607
3847
3997
3648
2817
2134
1901
1796
1334
424
-384
-1012
-1535
-2059
-2417
-2506
-2758
-3400
-4320
-4960
-5151
-5272
-5750
-6525
-7112
-7518
-7888
-7884
-6622
-3818
-635
1143
982
-57
-489
370
2038
3890
5473
6600
7002
6823
6371
5920
5477
4972
4559
4279
4292
4417
4436
3852
2661
1052
-546
-1580
-1956
-1988
-2220
-2672
-3026
-2858
-2359
-2181
-2576
-3361
-3772
-3329
-2017
-341
1013
1841
2010
1783
1336
960
916
1094
1473
1662
1485
1095
740
520
133
-490
-1063
-1164
-745
-226
-101
-626
-1554
-2407
-2901
-3113
-3418
-3901
-4437
-4826
-5184
-5586
-5683
-4905
-3109
-918
658
1053
757
496
835
1735
2890
4170
5283
6002
6031
5509
4795
4256
3899
3599
3382
3365
3622
3807
3624
2784
1400
-122
-1340
-2018
-2188
-2143
-2095
-2075
-1978
-1863
-1929
-2385
-2931
-3186
-2810
-1840
-443
1075
2203
2646
2286
1557
884
612
633
845
1057
1210
1223
1008
497
-337
-1401
-2405
-2783
-2464
-1756
-1233
-1277
-1802
-2545
-3309
-3998
-4497
-4572
-4246
-3954
-3995
-4430
-4932
-5002
-4295
-2737
-845
765
1787
2299
2567
2815
3195
3667
4388
5197
5942
6370
6392
6077
5306
4269
3203
2576
2589
2970
3284
3168
2621
1588
267
-1094
-2137
-2687
-2869
-2623
-2070
-1353
-830
-900
-1505
-2363
-2748
-2491
-1545
-318
836
1674
1979
1879
1444
1108
762
442
245
368
933
1365
1356
698
-162
-827
-1278
-1554
-1682
-1610
-1442
-1342
-1505
-1865
-2397
-3037
-3607
-4044
-4158
-4081
-4093
-4365
-4844
-5142
-5112
-4676
-4074
-3201
-2055
-770
338
991
1410
1800
2521
3345
4173
4870
5530
6125
6363
6162
5607
5006
4542
4297
4143
4078
3971
3718
3124
2084
610
-874
-1932
-2391
-2194
-1739
-1394
-1365
-1641
-2047
-2445
-2645
-2377
-1616
-650
241
892
1309
1454
1328
1041
765
800
1157
1565
1635
1439
1128
877
535
90
-429
-874
-1128
-1348
-1548
-1845
-2119
-2411
-2680
-2850
-2909
-2938
-3137
-3522
-3706
-3495
-3058
-2731
-2755
-3028
-3150
-3020
-2597
-1947
-1093
-171
525
789
707
802
1264
2020
2568
2744
2771
2848
3053
3250
3294
3241
3174
3147
3146
3046
2791
2346
1911
1500
1108
693
233
-179
-468
-572
-697
-774
-758
-638
-324
-89
150
306
315
253
79
66
253
651
1030
1192
1143
967
874
897
960
900
640
294
-75
-439
-777
-1203
-1698
-2024
-2185
-2224
-2289
-2661
-3042
-3215
-2969
-2469
-2145
-1999
-1842
-1615
-1466
-1508
-1611
-1531
-1092
-652
-401
-261
-153
-5
96
50
39
143
371
623
740
796
806
773
736
754
956
1318
1649
1902
1827
1515
1185
973
1014
1045
1129
1047
884
741
501
338
270
515
771
930
973
790
776
975
1211
1366
1245
1025
899
790
921
1093
1198
1302
1168
914
556
183
-130
-520
-890
-1063
-1034
-945
-1169
-1712
-2309
-2649
-2551
-2239
-1755
-1348
-1107
-1144
-1349
-1302
-990
-505
-215
-131
-65
31
255
437
275
65
-129
-322
-425
-568
-779
-1012
-1236
-1278
-1121
-810
-546
-483
-652
-822
-833
-745
-396
-3
358
639
617
602
590
577
734
894
1069
1232
1392
1447
1361
1244
1115
1138
1184
1266
1328
1384
1371
1183
986
620
462
403
386
463
400
323
100
-196
-350
-423
-249
-229
-257
-438
-559
-731
-785
-893
-894
-715
-535
-207
-146
-132
-222
-238
-207
-7
212
339
593
573
546
370
204
131
25
-68
-151
-147
-125
-91
-136
-244
-295
-488
-688
-1007
-1267
-1272
-1222
-963
-946
-999
-1179
-1427
-1584
-1630
-1387
-944
-391
17
76
-86
-208
-167
-5
279
687
1144
1427
1429
1169
887
820
750
847
1040
1144
1300
1180
877
630
284
114
-57
-138
-15
82
232
139
-2
-201
-478
-615
-696
-548
-221
83
371
413
281
165
63
157
341
507
709
724
741
650
521
406
246
-16
-113
-78
70
315
279
56
-304
-576
-656
-553
-338
-131
-102
-65
-137
-101
-138
-153
-104
-151
-121
-197
-245
-230
-293
-311
-357
-540
-562
-497
-359
-225
-209
-205
-345
-536
-673
-612
-231
89
372
281
53
-70
-138
-47
-30
17
93
261
387
384
364
121
-172
-579
-849
-836
-683
-403
-189
-246
-420
-542
-732
-806
-549
-216
166
498
503
545
587
477
315
96
304
711
1049
1306
1160
914
581
360
437
482
612
610
523
355
165
115
132
66
66
-30
-106
-122
-121
-101
-136
-134
-29
93
11
-43
-148
-163
-60
84
167
214
248
65
1
-81
-64
-41
51
158
86
39
-98
-140
-253
-222
-197
-114
45
128
114
-107
-427
-743
-632
-469
-299
-195
-416
-576
-651
-850
-875
-847
-786
-745
-696
-755
-879
-886
-813
-613
-504
-314
-183
-5
289
373
539
558
685
801
938
988
1025
1027
818
867
805
813
698
500
380
184
141
167
105
90
143
-32
-94
-61
-202
39
33
-69
-107
-139
-1
-9
135
62
110
87
58
141
82
197
300
479
425
371
158
161
256
235
426
465
484
215
59
-242
-112
5
39
131
90
-103
-119
-307
-443
-467
-595
-865
-942
-1013
-1053
-940
-846
-733
-774
-746
-724
-567
-558
-423
-394
-405
-17
187
522
468
433
237
1
7
-129
80
338
459
414
329
60
-40
-99
-81
82
117
296
275
259
94
-51
-102
-268
-86
89
187
201
151
34
-64
-94
44
242
449
371
379
431
349
400
264
390
376
418
561
463
278
133
111
290
285
345
300
246
237
55
-52
-190
-277
-147
-53
85
88
-92
-280
-557
-632
-592
-249
-40
-79
-47
-191
-136
-85
-103
-36
-181
2
10
71
52
-163
-159
-324
-270
-333
-213
-131
-121
-176
-226
-121
-252
-238
-243
-321
-201
-335
-317
-354
-344
-229
-155
-82
-194
-183
-312
-256
-125
19
301
297
210
113
49
159
223
505
634
657
510
365
225
76
96
219
248
432
492
462
349
23
-86
-152
-50
-23
-15
113
36
198
246
171
77
-41
-88
-142
-62
212
349
292
165
69
9
-130
-54
63
-71
39
-84
-214
-279
-316
-223
-145
-124
-178
-99
-225
-299
-355
-445
-213
-174
-92
32
111
23
-61
-191
-293
-333
-242
-47
4
113
160
125
82
-225
-132
-289
-237
-55
-15
180
76
114
6
-108
-229
-235
-225
-138
25
227
263
295
205
-84
-99
-192
-159
217
282
304
380
283
298
81
74
60
91
253
196
446
443
307
211
5
-126
-270
-53
157
166
129
3
-4
-129
-68
-39
-115
-115
-77
-190
-18
8
-115
-107
-169
-84
-111
-144
-19
12
34
167
141
121
0
-41
-74
-152
-68
64
154
159
139
-13
-73
-92
34
11
148
3
19
179
86
71
1
-91
-126
-129
-250
-127
-103
-131
-179
-107
-227
-253
-115
-157
-208
-207
-313
-112
45
49
142
42
-22
50
69
56
87
0
129
201
132
137
188
-79
-128
-77
-170
15
-77
60
-64
-120
-29
-139
-154
-316
-217
-73
-82
163
146
49
-42
-96
-197
9
60
183
200
176
181
200
402
309
373
190
215
230
227
291
261
47
14
73
144
151
142
31
-126
-158
-14
122
34
50
11
-44
-46
-160
-172
-166
-254
-86
-35
-52
-26
-179
-253
-334
-275
-111
-28
119
48
14
54
-144
-109
-120
-107
-26
-62
-42
-25
85
38
123
-78
-219
-172
-227
-156
-48
8
-57
55
-193
-132
-112
-193
-146
-131
-85
-156
-22
-16
-8
72
83
100
179
200
285
311
234
259
153
234
157
278
327
292
274
240
253
175
90
19
-63
64
54
-1
227
105
108
-127
-207
-192
-264
-119
-147
-206
-98
-127
-72
-68
-143
-140
-230
-135
-74
-32
129
14
215
-4
-5
10
-149
-43
-76
-86
-86
-38
90
154
1
61
-135
-259
-324
-289
-158
-150
8
-55
-78
-49
-199
-245
-165
-89
-109
92
46
210
129
78
152
-24
113
15
50
161
1
321
169
275
297
151
147
40
-26
-84
38
0
132
158
171
113
35
-110
-133
-37
-181
-33
57
-89
192
41
115
27
-80
-151
-171
101
-95
80
141
28
-27
25
-37
-9
-45
12
125
60
23
-54
-111
-7
-74
75
32
47
-37
-223
-1
-231
-116
27
-41
107
13
39
-13
-75
-271
-173
-206
-121
6
10
236
-9
65
12
-144
-116
-219
47
55
217
318
285
233
38
-33
-163
-100
-118
62
27
45
38
6
112
-60
-86
-269
-234
-221
-220
20
62
147
8
-86
-29
-270
-73
80
74
60
125
134
-45
74
10
-78
87
165
272
220
364
158
-57
-32
-40
-76
107
223
183
332
207
9
-198
-251
-338
-241
66
212
280
419
141
-7
-161
-320
-163
-256
12
-19
177
146
-28
54
-178
-295
-155
-185
-58
37
70
405
133
77
11
-511
-340
-588
-312
-76
34
318
180
183
-95
-311
-186
-310
-259
-32
-26
127
150
224
40
-75
-132
-260
-206
13
52
320
213
125
189
-45
-146
45
-197
5
109
80
347
291
302
135
145
81
-165
151
71
110
403
66
134
-101
-204
-16
47
107
299
62
-29
90
-138
-72
-60
-60
-64
34
2
-38
128
-49
10
-28
-199
-95
-126
13
120
-66
-186
-353
-241
-329
-108
-53
27
8
-142
96
-80
-120
-157
-92
-210
-92
34
6
163
204
49
-43
-128
-330
-164
0
161
305
106
205
164
-80
0
36
-42
148
81
200
198
161
125
45
-22
27
101
22
86
-27
-93
-59
78
59
176
71
-77
-71
-84
-45
-12
66
53
154
223
175
179
47
-88
-115
-136
-39
105
52
114
61
156
10
-139
-241
-304
-306
-221
-152
28
25
8
-158
-114
-174
-280
-184
-260
-78
52
-127
207
-34
-107
122
-70
-80
-92
-103
-154
-56
113
220
190
125
-142
-37
-97
-42
192
40
192
129
90
216
168
53
65
-18
-133
-82
141
164
224
212
-59
-14
-93
-157
82
-86
49
112
30
66
71
46
0
39
-49
-9
110
149
14
84
-10
-33
91
-20
108
9
-13
-55
-106
24
28
94
-119
-159
-159
-278
-102
6
-30
-1
23
-74
-40
-138
-148
-156
-27
-47
12
135
-65
-57
36
-46
6
-73
-75
-4
15
108
78
100
-62
-37
65
-44
106
16
51
53
69
39
41
-41
-86
76
-43
65
59
-30
44
68
69
-34
-73
-141
-52
11
154
146
57
36
-175
-81
-101
-51
13
45
108
125
112
-4
-73
-49
-78
-86
-21
111
140
16
95
-58
-95
-55
-92
-25
51
-51
28
71
-20
65
-131
-114
-126
-140
0
133
59
75
31
-74
-90
-19
6
122
78
138
125
80
88
-104
42
-171
-145
-17
-110
32
-23
-38
60
-83
-6
0
-125
180
-54
18
58
-110
-68
-73
116
17
115
54
4
-41
34
-16
51
-25
21
63
-29
35
-66
-2
-68
139
81
-63
76
-20
3
76
0
42
34
-95
-3
-107
-1
87
-66
67
-35
-42
68
-123
-41
9
-82
80
-84
-31
-9
-79
83
-26
95
83
33
-27
-55
99
-31
134
-14
9
57
-55
17
-48
47
-22
39
-51
14
49
-83
-19
6
-177
-7
-65
16
135
-106
63
-56
-9
76
-96
-2
-123
-99
202
-98
49
-20
-120
52
-32
164
2
-27
9
-80
-119
14
79
16
19
110
-84
-50
-26
23
-38
60
70
-4
67
74
55
-33
88
-50
91
16
-129
70
17
-79
79
-38
20
54
108
60
47
5
0
-52
120
-44
-55
30
-46
30
-18
25
-19
-69
39
-100
-47
-45
103
-96
11
139
-45
-11
-83
-116
-4
-65
84
14
-60
110
-13
-29
-76
-38
-79
-18
64
10
3
-13
-165
130
8
-26
16
-156
3
-82
-15
81
13
57
-24
22
24
-151
-104
13
-118
110
71
92
139
-122
134
-136
2
62
-70
95
-21
101
46
29
63
23
12
115
-48
81
97
-99
145
55
54
201
-124
-33
-166
-119
-97
-101
124
-39
22
73
-66
-25
-138
-14
-38
-116
90
37
158
61
61
39
-105
-40
-50
-139
83
-37
98
123
-46
57
-113
-137
-34
-180
-134
56
-45
81
85
37
2
-40
-52
-137
-27
0
4
60
7
131
46
30
25
-49
-117
104
23
60
116
-23
32
-70
15
-54
30
116
22
116
107
-79
45
-31
-52
85
-74
86
62
-60
51
-44
-34
-13
-60
-4
-89
27
43
-49
59
-73
-51
70
-30
18
-47
-154
87
-69
-2
127
74
-70
19
52
-40
-19
68
5
0
-37
-22
-99
-79
-35
-7
83
32
49
-45
-38
-159
-114
61
-105
77
9
83
123
-18
42
-79
19
-48
12
97
11
3
107
31
13
-39
-11
-31
9
-4
154
96
20
33
-109
-154
-100
-40
45
124
-1
-22
31
-87
95
128
-16
-36
28
-133
11
90
-116
99
-119
28
-41
33
101
-192
11
-93
-37
135
-101
17
-16
15
2
75
5
-70
34
-153
40
-22
91
-30
16
20
-14
23
-125
60
-22
54
-55
-27
19
-78
121
-76
112
-1
-29
16
-68
36
36
55
-29
60
47
-24
-1
-18
32
-73
-31
-31
27
-36
-28
-5
41
98
21
-4
78
-76
27
55
-13
84
-20
-20
60
56
15
27
-83
5
-11
35
9
-8
49
-81
32
-99
-40
114
30
18
-45
-22
-51
-106
-13
15
-1
64
-31
-17
-16
-118
23
29
-71
-25
67
-46
-72
97
9
15
69
-41
-40
0
37
53
19
-40
25
-63
36
-51
-19
-1
8
82
-72
111
36
-22
-18
-85
-124
-24
-54
53
42
14
1
62
-60
-54
112
-85
16
109
28
48
88
-21
5
-10
-30
-13
-56
26
-32
94
59
-25
65
-67
-74
15
-98
64
-15
-89
94
43
-32
-46
36
-12
-2
14
-4
-98
51
23
-13
150
-92
-10
12
-73
24
-78
44
28
100
-11
22
-48
-97
23
14
-83
70
-33
-84
98
-8
-49
52
-93
1
84
-40
69
-39
-9
-18
15
29
-92
75
-38
-23
35
-34
63
-23
40
8
33
-22
7
-4
-34
51
34
3
60
-3
-45
23
-27
7
8
-26
36
-4
4
5
-11
6
-25
0
17
-40
41
-17
70
-41
-33
12
-144
87
46
12
39
-8
11
-49
13
-57
-8
-52
37
-14
53
19
-22
49
-10
56
-39
-5
-35
12
-15
-36
95
8
-79
41
27
-10
-22
33
5
-102
11
-43
-74
23
25
-7
29
-40
12
-53
27
5
-39
66
34
30
-42
56
36
-71
-4
29
-27
1
-9
18
-19
8
-4
-17
22
17
57
-93
-7
-85
53
-43
10
138
-66
146
4
-45
23
24
-43
-15
-56
52
-66
-17
137
-57
52
-25
-43
-8
-97
-19
-3
38
18
32
3
-29
72
-7
-25
-7
-63
22
63
-5
22
-4
-56
30
-22
49
24
-12
53
-143
-19
50
-53
125
-11
-28
-3
-1
7
14
26
-54
-11
-10
36
-42
17
-20
-59
79
-25
78
0
-14
-31
0
3
-35
14
-59
-23
22
-6
48
81
-21
-11
16
-22
-15
6
-83
29
-33
32
9
44
-17
9
80
-7
33
-4
-17
-21
-49
-37
38
69
-53
42
16
14
-54
-53
10
-17
-2
9
115
26
3
-1
46
-63
-68
130
-74
42
23
-39
26
-60
-78
-1
8
-24
15
1
-6
-41
-46
41
-8
50
-20
-61
15
-2
-66
16
69
-11
-54
-4
15
-36
39
-1
29
28
11
16
-8
4
4
-129
59
-28
24
30
-41
29
-48
33
-31
37
24
-58
51
-9
-29
13
65
-10
-23
45
-3
-11
-37
11
24
12
-9
58
67
11
-29
33
-6
-68
-57
63
-26
18
88
28
-14
-49
44
-64
-35
-17
-15
2
-14
35
-27
4
-26
30
-9
22
-9
-25
52
-28
-8
10
25
28
-75
32
29
-64
22
27
8
-53
47
-31
-40
-6
13
6
18
-36
-31
38
-42
13
91
-44
41
-8
-42
45
-30
-13
22
38
-123
107
53
-80
47
32
-34
-9
-49
-23
-16
15
-8
54
29
-57
35
-3
14
-13
-12
36
-6
-10
-3
36
-32
-29
34
-6
-22
28
-33
56
-52
10
3
-10
1
-26
22
-63
31
14
6
-28
4
17
30
-4
16
29
-80
-4
-18
43
44
-6
-35
-41
68
46
20
-61
6
-58
22
61
-61
47
-87
-67
15
9
27
18
20
-14
-5
6
-78
-26
15
-14
77
33
53
-28
-15
2
-57
19
-9
-2
46
5
26
55
-6
-2
-70
-28
1
28
-25
70
-11
-4
51
-56
9
-33
0
-34
57
58
29
73
-28
-62
5
-83
-67
24
9
0
35
23
32
-29
-73
50
-45
-49
35
33
-75
69
27
-31
50
-6
-60
1
-30
-38
83
-33
40
27
48
-15
14
-33
-15
-11
-35
-25
44
83
-21
67
-90
33
-45
-19
49
-39
-28
-35
107
-41
35
-6
-22
-28
-6
5
-6
62
-37
32
12
-16
-2
-4
-4
1
13
-17
19
14
-33
2
-23
-10
8
-18
70
-22
-9
12
-3
12
-44
43
-84
36
-5
16
33
9
51
-52
-21
-43
10
-10
1
36
0
-34
16
-16
-51
15
37
-34
67
-40
3
33
0
-15
-16
-17
-14
19
-38
41
22
-27
11
62
-64
-1
16
-68
32
-6
-11
22
35
-82
7
9
-46
62
-9
28
35
4
4
-22
35
-49
13
30
-2
53
55
12
-46
-28
5
-26
-37
30
-4
-68
49
-33
-27
67
-1
53
-49
22
15
1
-32
-18
6
39
7
1
18
-37
-14
-7
-19
-22
26
63
-52
66
12
-27
37
-66
-1
-2
-24
-70
67
27
-6
-2
26
-14
17
2
-35
8
-72
1
-22
25
0
14
36
-40
5
13
-6
-12
-14
-44
79
-6
9
41
-7
0
-22
46
-14
1
-3
12
-17
-41
25
-3
-8
-36
2
63
15
-11
-16
-48
-25
1
23
-9
35
10
10
-19
33
10
-48
25
-31
-48
3
19
-11
26
53
2
-8
6
-29
-27
-21
7
16
5
58
-5
-31
40
-71
-43
-3
-23
80
22
20
15
-53
12
-18
0
-19
21
12
-12
54
40
-24
-25
8
-51
19
-13
-31
3
30
17
41
-6
-26
-13
-31
22
-21
16
10
-9
19
37
23
-25
-45
24
-10
-12
-15
-15
9
59
1
-16
3
-31
-44
5
32
-14
16
13
8
32
-41
-31
11
36
-8
-36
34
55
-36
0
-17
-5
-17
1
34
-13
5
-8
-6
58
-36
-48
42
-38
45
-15
-52
3
-14
21
17
28
-32
-30
51
-24
8
62
-19
-21
-10
5
56
-42
-29
-2
14
44
2
13
15
-3
-60
14
-2
11
-25
-27
-10
17
22
-33
24
3
11
-4
-24
-11
-17
-6
-22
-19
18
65
-9
23
39
-32
-41
29
-24
-48
40
-19
-24
47
58
-36
-2
-26
22
-25
-8
4
-50
63
4
20
40
-15
-49
-45
2
30
7
48
22
-20
14
19
-28
-31
-26
3
29
26
-5
34
-18
-56
-4
10
5
-32
-3
51
-6
4
23
-32
3
-33
9
19
11
-21
12
15
-4
-8
16
0
-7
3
-9
27
-16
12
-12
0
24
-24
5
0
18
-3
1
15
-33
1
-9
-1
2
15
-10
3
-14
0
-19
-25
20
-2
-10
9
20
-18
20
-26
-18
9
23
-9
28
11
-10
5
-7
9
-13
-14
-4
-11
-11
8
1
6
24
-12
21
-22
-1
1
8
-2
17
7
-5
28
-9
-4
-8
-5
2
8
2
-26
5
11
-12
7
9
-6
-6
-6
-30
-3
18
-2
-8
37
6
4
11
-16
-10
-10
-9
31
-20
9
22
-1
20
-28
-16
-23
2
-16
4
2
-4
-5
3
-9
1
11
-24
0
5
-10
-1
16
0
27
9
-20
8
16
-15
0
-13
6
9
20
12
-9
12
-20
12
-11
-3
-10
-6
-25
3
10
5
8
-10
9
-4
11
-13
22
-22
8
-1
-13
-1
8
17
-9
28
-11
-1
7
-18
-19
-6
16
-3
17
16
-13
-6
17
8
-5
4
6
-16
-3
3
-4
10
6
-1
-4
2
-28
11
-1
0
-3
-16
-8
-1
5
22
19
7
-22
4
8
4
-1
-15
1
-18
-1
-1
6
-10
10
-11
4
16
7
-6
-19
14
3
0
-1
-3
-19
-10
8
15
9
1
1
5
-3
-6
-6
-4
-16
12
20
7
6
1
-6
-18
0
-3
2
5
-6
4
12
-4
-4
4
-13
19
-1
5
-3
2
-3
-18
4
-7
1
-2
-4
1
-7
6
2
7
0
-6
-7
2
7
2
7
-7
-4
9
-5
2
11
0
1
-11
-8
-10
-1
-20
4
4
-7
1
2
-14
4
7
-6
-1
0
10
2
13
6
-1
-9
-5
2
-3
8
20
-4
11
12
-1
5
0
-15
-3
6
0
0
2
0
9
-2
-6
-8
-14
1
-6
5
-3
3
1
8
-6
-6
5
-11
0
-6
7
-1
11
3
3
2
5
-4
-6
8
-9
7
8
-2
-3
12
-9
9
6
-3
7
-9
-4
-3
3
-8
-5
-8
-3
-3
0
11
-5
8
-4
-5
0
0
4
1
-4
3
-2
-3
-2
0
-4
4
2
1
1
3
2
-1
-3
3
-2
-2
-2
0
-4
-3
4
0
12
8
6
-2
-2
-6
-3
5
-2
-3
11
2
7
5
-5
-13
0
-1
-3
0
-6
-2
4
-3
-3
3
-1
1
-3
2
-6
-2
-5
1
0
-3
4
7
9
0
5
-7
4
-10
8
-3
6
-4
-7
-1
-2
0
-8
4
-6
6
4
4
0
6
-3
1
3
-3
8
0
1
4
-2
-3
2
-5
-1
-6
-9
2
-2
3
-1
0
-3
2
-1
4
3
-5
4
6
0
2
4
-3
2
5
5
1
1
-2
-2
3
-7
3
1
0
1
-2
0
-4
1
-2
0
-1
3
-4
2
1
2
-2
6
-4
-4
2
-8
-3
-1
-1
2
10
8
7
5
-2
-5
-9
-7
0
-1
-1
2
-1
2
-3
3
-3
1
-4
1
-1
-4
2
-5
5
0
2
-2
6
0
1
5
-2
4
1
2
-2
2
-5
-2
2
-3
1
2
-5
0
-3
-1
-3
3
-2
-1
1
-4
6
-3
4
-5
1
-5
1
0
4
3
0
7
2
2
3
0
-5
2
-2
0
2
2
0
0
1
-1
-1
-3
-3
-3
0
0
0
2
3
-2
0
-1
-3
-2
-3
-4
0
0
3
3
4
0
-1
-1
-1
1
0
3
-1
4
-1
2
-4
1
-4
-3
1
-4
-1
-2
0
-1
4
1
-3
3
0
0
5
0
-1
4
-2
-1
2
-4
-1
-2
2
-1
5
-4
0
-1
-2
1
1
0
3
-1
1
0
-2
1
-2
3
1
5
0
2
-4
-3
-1
-2
2
1
2
2
1
-1
-1
-4
-5
-3
-4
0
3
2
3
4
1
1
-2
-1
-2
-1
2
0
2
2
1
0
1
-4
-1
0
-2
-1
1
-3
-1
0
-3
0
2
-1
1
-1
-1
0
1
-1
0
1
-1
1
-1
1
0
0
-1
1
1
1
1
0
0
-1
-1
-1
-1
2
-1
1
0
3
1
1
1
-1
1
-2
1
0
2
0
1
1
-1
0
-1
0
-2
0
-2
0
-2
-1
-1
1
1
1
2
1
1
-2
0
-1
-1
1
0
2
0
3
-1
0
-2
-1
-2
-1
0
-1
1
-1
0
-1
2
0
3
0
1
2
0
1
0
1
-2
3
-1
2
2
0
1
-1
0
-3
-1
-3
-1
-1
-1
1
1
1
-1
-1
-2
-1
-3
0
0
1
2
2
2
0
1
-1
-1
-1
0
0
0
1
1
1
-1
0
-2
-1
-1
0
1
0
2
1
1
0
0
-1
0
-1
0
1
1
1
1
0
0
0
-1
-1
-1
-1
0
-1
-1
0
-1
0
-1
0
0
0
0
0
1
0
1
0
1
-1
1
-1
2
0
1
1
0
0
-1
0
-1
0
0
-1
-1
0
1
-1
1
0
1
0
1
1
0
0
-2
0
-1
1
1
1
1
1
0
-1
-1
-1
-1
-1
0
0
0
1
-1
0
-1
-1
-1
0
1
1
1
0
1
-1
-1
0
0
0
1
1
0
1
1
0
0
0
-1
-1
-1
0
0
1
0
0
-1
0
-1
1
-1
0
-1
0
0
-1
1
0
0
1
1
1
0
1
-1
0
-1
0
0
0
1
0
0
0
0
-1
-1
-2
-1
-1
0
0
0
0
0
1
-1
0
-1
1
-1
0
0
0
0
-1
1
0
0
-1
0
0
1
1
0
1
0
1
-1
-1
-1
0
0
-1
0
0
0
1
0
0
0
0
0
0
0
0
0
1
0
1
0
0
1
0
0
0
-1
1
1
-1
0
0
0
-1
-1
0
0
-1
0
-1
1
-1
1
0
-1
0
0
0
1
0
1
0
0
0
0
0
0
0
0
0
0
0
1
0
0
-1
0
0
0
0
0
0
0
0
0
0
-1
0
0
1
0
0
-1
0
0
0
0
0
0
0
0
-1
0
1
0
0
0
0
1
0
0
0
0
0
-1
0
0
-1
0
0
0
0
0
0
1
0
0
0
0
1
1
1
1
0
0
-1
1
0
0
0
0
0
0
0
0
0
0
0
0
1
0
0
0
0
1
0
0
1
0
0
0
0
1
-1
0
-1
0
0
1
1
0
0
-1
0
-1
-1
0
0
0
1
1
0
-1
0
1
0
0
1
0
1
0
1
-1
0
1
0
0
0
-1
0
0
0
1
0
-1
0
-1
-1
0
0
1
0
0
0
1
1
0
1
1
1
-1
0
-1
0
0
0
1
0
0
0
0
-1
0
0
-1
0
0
-1
-1
1
0
0
0
0
-1
0
1
0
0
0
-1
1
0
1
0
1
-1
0
0
0
-1
0
0
0
0
0
0
0
0
0
0
0
0
0
0
0
0
0
1
0
0
0
0
1
0
0
0
0
-1
0
0
-1
-1
0
0
0
0
0
0
0
0
0
0
0
1
0
0
0
0
-1
0
0
1
0
0
0
0
0
-1
0
0
0
0
0
0
-1
0
0
-1
0
0
0
-1
0
0
0
0
-1
0
0
0
0
0
0
0
0
0
0
0
0
0
0
0
-1
0
0
0
-1
0
-1
0
-1
0
0
0
0
1
0
0
0
-1
-1
1
0
0
0
0
0
1
0
0
0
0
0
0
1
0
0
0
0
-1
0
-1
0
0
0
0
-1
0
0
0
0
0
0
0
0
0
0
0
0
1
0
1
1
0
1
0
0
0
0
0
1
0
1
0
0
0
1
0
0
-1
0
0
0
0
-1
0
0
0
0
-1
-1
1
0
0
1
0
0
1
0
0
0
-1
1
0
0
0
0
0
0
-1
0
0
0
0
0
0
0
0
0
0
0
0
0
0
0
0
0
0
0
0
-1
0
-1
0
0
0
0
0
0
0
-1
0
-1
1
0
0
0
0
0
-1
0
-1
0
-1
0
0
0
0
-1
0
-1
0
1
0
0
0
0
0
0
1
0
0
0
0
0
0
-1
0
0
0
0
0
0
0
0
1
0
1
1
0
0
0
0
0
1
0
0
0
0
1
0
1
0
0
0
0
0
0
0
0
0
0
0
1
0
1
1
0
0
0
0
-1
0
0
1
0
0
0
0
0
0
0
0
0
0
0
0
0
-1
0
0
0
0
0
0
0
0
0
-1
0
1
0
0
0
0
0
0
0
-1
1
0
0
0
1
0
1
0
0
0
0
0
0
0
-1
0
1
0
0
0
1
0
0
0
0
-1
1
1
0
0
1
0
0
0
0
0
0
0
0
-1
0
