0
0
1
0
0
1
0
0
0
1
-1
-1
1
0
0
0
-1
0
0
1
0
0
0
0
0
0
-1
0
0
0
-1
0
0
1
1
-1
0
0
0
0
0
0
0
0
0
-1
1
0
0
1
0
0
0
0
1
-1
0
0
0
0
-1
1
0
0
-1
0
0
0
0
0
-1
0
-1
1
0
0
1
0
0
0
0
0
0
0
0
-1
0
0
0
1
0
1
0
0
0
0
-1
0
0
1
1
0
0
0
-1
-1
0
0
0
-1
0
0
1
0
1
0
0
1
0
0
1
0
0
0
0
0
0
0
0
0
0
0
-1
1
0
0
0
0
0
0
0
0
0
0
-1
0
-1
0
0
0
0
0
-1
0
0
0
1
0
0
0
0
0
0
0
0
0
-1
1
1
-1
0
0
0
0
0
0
0
0
0
0
0
0
0
-1
0
0
0
0
0
0
0
0
-1
0
0
0
0
-1
0
-1
0
0
0
0
0
-1
0
0
-1
0
0
0
1
0
0
0
0
0
0
1
0
0
0
0
0
1
0
0
0
1
1
0
0
0
0
0
0
0
0
1
1
1
0
0
-1
0
0
0
-1
-1
0
0
0
0
0
0
0
0
0
0
0
0
0
0
0
0
0
0
0
0
0
1
1
1
0
-1
0
0
0
0
0
0
1
-1
-1
0
0
0
0
0
1
0
-1
0
0
0
0
0
0
0
0
-1
0
0
0
0
1
0
0
0
0
0
-1
1
1
0
0
0
0
1
0
0
0
0
0
0
0
0
0
0
0
0
1
0
0
0
0
0
0
1
0
0
0
0
0
0
0
0
0
0
1
0
-1
0
0
0
0
-1
0
0
0
0
0
0
-1
0
0
-1
0
0
0
-1
1
0
0
0
0
0
0
0
0
0
0
0
0
0
-1
0
-1
0
0
0
0
0
0
0
0
0
1
0
0
0
0
0
0
0
0
0
0
0
1
0
0
0
0
0
0
0
0
0
-1
0
0
1
0
0
0
0
0
0
0
1
0
0
0
0
0
0
-1
0
1
0
0
0
0
0
0
0
0
-1
0
0
0
0
0
0
0
0
1
0
-1
0
1
0
0
-1
0
0
0
0
-1
0
0
0
0
1
0
0
0
0
0
0
0
0
-1
0
0
0
0
0
0
0
0
0
1
0
0
0
0
0
1
0
0
1
0
1
-1
0
0
0
0
0
0
0
0
-1
0
-1
-1
0
0
0
0
0
0
0
0
0
0
-1
0
-1
0
0
0
0
0
0
-1
0
0
0
0
0
0
0
0
0
0
0
0
0
0
0
0
0
1
1
0
-1
0
0
0
0
0
0
0
0
0
0
0
0
0
0
0
0
1
0
0
0
0
0
1
0
0
0
0
0
0
0
-1
-1
0
0
0
0
0
-1
-1
0
0
0
-1
1
0
0
-1
0
0
0
0
0
0
0
0
0
0
0
0
0
0
0
0
1
0
0
-1
0
0
0
0
0
0
1
0
0
-1
-1
0
0
0
0
-1
0
0
0
0
0
1
0
0
1
0
1
0
0
0
0
0
0
-1
0
0
0
0
0
0
1
0
0
0
0
0
0
-1
-1
0
-1
0
0
0
0
0
0
0
0
0
0
0
0
0
0
-1
0
0
0
0
1
0
0
0
0
0
0
0
0
0
0
-1
1
-1
0
0
0
0
0
0
0
0
1
0
1
0
0
0
1
-1
0
0
0
0
0
0
0
0
0
0
-1
0
0
0
0
1
1
0
1
0
0
0
0
0
0
0
0
0
0
-1
-1
-1
-1
0
0
0
0
0
-1
0
0
0
0
0
-1
0
-1
0
1
0
0
1
0
0
-1
0
-1
0
0
0
-1
0
1
-1
0
0
0
0
-1
0
1
0
-1
1
1
0
1
-1
0
0
1
0
0
-1
1
0
0
1
0
0
0
0
1
0
0
0
0
1
0
-1
0
-1
0
1
0
1
-1
0
1
0
0
0
0
0
-1
0
0
0
0
0
0
0
0
0
0
-1
0
1
0
1
0
-1
0
0
1
0
0
0
0
0
0
-1
0
-1
0
0
0
0
0
0
0
1
0
1
0
0
0
0
0
-1
0
0
0
0
0
-1
0
0
0
0
0
0
1
0
0
0
0
1
0
0
0
0
0
0
0
0
0
-1
0
1
0
0
0
0
0
0
0
0
0
0
0
0
0
0
0
-1
1
0
0
0
-1
0
0
0
1
0
0
0
-1
0
0
0
0
1
1
0
1
0
0
-1
0
-1
0
0
0
0
0
0
0
0
0
0
0
0
0
1
0
0
0
0
0
0
0
0
0
0
0
0
0
0
0
0
0
0
1
0
0
0
1
0
0
0
0
0
0
0
0
1
1
0
0
1
0
0
0
0
0
1
0
0
-1
1
0
-1
-1
0
0
0
0
0
1
0
1
0
0
0
1
0
-1
0
-1
0
0
-1
0
0
0
-1
0
0
0
0
0
0
0
0
1
-1
0
0
0
0
-1
0
0
0
0
0
1
0
0
0
0
0
0
0
0
1
1
0
0
0
0
0
0
0
0
0
1
0
-1
0
0
0
1
0
0
1
-1
0
0
1
0
0
1
0
0
0
0
0
0
0
0
-1
-1
1
0
-1
-1
0
0
0
-1
-1
0
-1
-1
2
0
0
0
0
0
0
0
2
-1
1
1
-1
2
-1
0
1
-2
3
0
-2
0
2
-2
-2
2
-1
-1
1
1
-2
3
-2
-1
2
0
-2
2
-1
-1
1
-1
-4
5
-2
-4
4
2
-3
-1
3
-1
-3
2
0
-4
5
1
-5
5
3
-5
1
2
0
-3
2
-1
4
-5
-1
5
0
-3
0
8
-9
0
4
-3
-2
3
-3
1
1
1
0
-3
8
-6
-1
-1
3
-2
-2
6
-3
0
0
2
-6
7
-4
-2
4
-2
1
-4
1
3
-4
4
-4
6
-3
-2
6
-7
1
5
-10
9
-3
0
2
-1
1
-6
9
-8
5
-5
8
-3
-8
14
-10
-5
11
-4
-9
10
0
-7
6
-1
-1
1
2
-1
-2
7
-8
2
8
-13
5
2
0
-6
5
7
-8
-3
6
1
-7
4
1
2
-3
1
10
-9
-6
10
0
-12
3
14
-17
4
14
-16
-1
16
-16
-3
17
-7
-13
12
5
-20
10
13
-15
0
8
3
-11
9
-7
-1
9
-10
2
5
-1
-2
-2
8
-6
-9
16
-11
1
11
-18
13
3
-17
15
2
-11
9
-2
3
-10
15
-11
-3
13
-13
2
9
-11
4
6
-5
-1
-2
10
-19
9
11
-17
-4
23
-4
-28
29
5
-27
12
11
-14
4
3
-4
0
-2
8
-1
-9
0
16
-18
5
7
-12
6
5
-10
6
6
-8
-3
15
-12
-7
15
-13
10
-12
9
0
-16
21
-13
1
9
-11
4
9
-11
-10
29
-13
-23
35
-13
-12
17
4
-27
27
10
-41
24
23
-49
9
40
-39
-14
55
-39
-6
46
-37
-3
23
-3
-17
17
2
-18
2
21
-28
6
9
-13
15
-7
-6
17
-4
-19
25
-17
-4
18
-6
-14
22
-3
-9
13
-8
7
-4
-8
6
-9
-11
14
3
-23
13
14
-16
-2
21
-11
-3
4
-5
20
-30
21
0
-20
26
-7
-2
-14
32
-29
-13
37
-22
1
-21
39
-12
-42
65
-37
0
9
-2
16
-40
38
-2
-32
16
27
-24
-20
54
-44
10
10
-6
-6
-3
27
-49
35
23
-51
30
10
-6
-11
3
16
-43
28
-6
-26
41
-17
-35
87
-67
6
64
-65
-2
44
-16
-36
33
10
-46
48
-12
-27
46
-23
-13
36
-38
18
13
-50
41
9
-46
20
27
-12
-35
61
-23
-36
51
-30
11
6
-36
51
-21
-22
51
-39
-7
37
3
-83
119
-62
-42
90
-51
-2
-7
45
-38
-12
28
-3
-50
52
-2
-32
22
17
-18
18
-10
-19
42
-31
-11
-1
71
-121
91
-2
-41
51
-22
-27
53
-37
-57
131
-101
-10
75
-31
-46
51
36
-105
85
-1
-70
76
-39
-18
51
-23
-14
27
-25
37
-54
32
23
-54
41
-15
-20
44
-65
52
17
-89
93
-34
-8
-2
38
-36
3
21
-16
-7
-21
72
-47
-47
118
-101
46
-11
-11
33
-42
36
-26
9
16
-43
22
-6
1
0
-2
30
-65
96
-69
-1
88
-138
106
-26
-29
39
-43
42
-29
0
-1
32
-38
1
59
-92
55
16
-56
30
37
-62
8
71
-123
85
21
-90
87
25
-103
45
52
-87
3
74
-48
-41
109
-62
-39
66
-1
-69
36
40
-86
107
-91
60
0
-17
-43
94
-96
63
-19
-67
173
-195
130
-59
63
-68
2
76
-93
17
17
20
-45
8
15
41
-79
80
-55
46
-57
31
37
-121
179
-169
42
79
-64
-31
70
40
-123
58
70
-138
63
59
-128
91
-27
40
-71
55
24
-99
109
-82
68
-84
56
31
-116
138
-42
-75
94
0
-96
90
8
-104
91
7
-69
28
64
-68
-19
60
-21
-85
139
-101
17
85
-142
162
-81
-46
114
-58
-76
110
-8
-94
57
81
-157
111
-28
-22
25
-47
70
-45
-31
58
18
-93
61
85
-172
110
26
-130
134
-70
-6
40
-54
66
-63
37
-5
20
-16
-48
127
-150
73
18
-43
10
7
-14
25
-20
-19
101
-99
-8
135
-153
5
133
-152
30
67
-53
-6
58
-12
-71
126
-70
-26
55
-45
20
-39
72
-69
19
27
-43
83
-85
-10
115
-94
-25
71
-65
1
55
-43
41
-8
-49
115
-94
-35
104
-61
-52
80
-15
-22
15
-2
-1
46
-68
-1
105
-170
116
-21
-62
74
-11
-26
38
34
-134
137
-39
-54
36
60
-132
93
56
-207
164
38
-155
112
40
-109
-1
112
-130
35
77
-96
17
34
-1
-37
34
78
-195
184
-13
-220
296
-164
-11
90
-38
0
-65
153
-127
-43
157
-52
-141
154
16
-186
160
-41
-45
75
-27
-46
128
-85
-64
187
-212
78
81
-102
42
15
47
-126
113
-53
-8
14
-42
83
-59
-30
105
-139
64
80
-169
151
6
-106
92
-16
-74
8
55
-44
-32
77
-5
-21
29
20
12
-89
57
-10
-60
72
-5
-69
96
-12
-110
167
-94
-75
198
-168
72
-6
-56
67
-37
-42
99
-13
-99
136
0
-189
226
-107
-93
169
-84
-73
167
-51
-170
277
-182
-39
218
-255
129
33
-55
-67
150
-51
-105
143
-48
-75
138
-83
-76
181
-64
-123
121
77
-233
201
-47
-126
158
-61
-27
9
80
-64
-18
1
40
-34
-75
174
-121
-6
109
-109
28
58
-116
119
2
-134
164
-70
-85
162
-142
27
140
-221
169
-89
-8
77
-130
146
-56
-79
195
-214
50
126
-122
-38
135
-20
-134
191
-102
-116
318
-336
118
107
-114
16
-55
230
-266
74
166
-212
114
-48
43
-97
28
196
-358
332
-167
-13
100
-45
-22
-58
242
-316
160
60
-233
277
-134
-113
328
-343
166
82
-142
13
49
85
-291
394
-253
-26
241
-290
190
-98
18
47
-101
37
162
-276
221
-19
-56
-50
138
-53
-192
320
-255
105
57
-76
-89
235
-143
-137
336
-191
-200
434
-297
-112
284
-76
-210
230
9
-161
131
-9
-73
145
-206
173
-38
-208
222
-78
-58
117
-34
-4
27
-8
-3
58
-110
6
142
-267
253
-75
-62
119
-47
-45
48
18
-107
111
-46
-110
179
-166
87
-7
-45
14
95
-46
-148
386
-425
222
59
-152
26
140
-218
77
165
-344
337
-80
-189
329
-198
-96
259
-189
-35
174
-225
111
19
-27
-5
75
-25
-64
200
-339
291
-119
-124
244
-213
110
57
-145
91
79
-210
221
-111
-116
212
-135
-125
250
-25
-356
530
-306
-91
333
-245
-10
159
-44
-210
357
-291
99
82
-177
194
-71
-52
60
78
-288
372
-232
-66
356
-303
70
166
-247
208
-42
-237
413
-438
197
67
-182
94
57
-56
-100
267
-277
71
217
-367
229
44
-197
107
106
-157
98
40
-75
-12
149
-245
178
103
-450
599
-452
95
244
-435
397
-182
-29
37
166
-319
96
349
-582
293
226
-500
399
0
-337
378
-302
206
-155
182
-139
43
143
-298
362
-365
226
-30
-159
276
-326
224
-71
-16
71
-80
51
-42
37
-19
-14
41
-50
50
-26
9
0
-76
133
-126
78
-78
132
-142
47
98
-134
81
-60
106
-126
28
63
-26
-50
69
64
-200
193
-30
-105
101
-38
-90
205
-119
-82
274
-232
-22
221
-176
-175
448
-378
47
255
-266
-17
328
-400
165
243
-474
391
-90
-190
300
-168
-107
231
-78
-190
343
-204
-80
195
-51
-162
258
-216
53
221
-474
425
-71
-331
426
-129
-208
243
-26
-200
306
-264
125
94
-272
279
-5
-345
443
-164
-320
676
-612
160
346
-466
116
262
-343
33
304
-325
66
232
-380
251
98
-387
376
-19
-404
546
-370
118
45
21
-178
222
14
-433
600
-325
-206
543
-413
-59
460
-442
116
262
-424
275
53
-331
178
232
-504
301
177
-380
210
113
-313
303
-84
-281
495
-326
-90
299
-2
-453
548
-147
-290
477
-320
12
147
-180
-8
150
-177
50
156
-258
231
-108
23
-20
132
-178
78
93
-255
258
-125
44
-47
60
-103
101
-64
29
89
-210
235
-156
-5
151
-185
101
-47
95
-150
128
-78
43
-55
60
15
-172
284
-226
54
115
-139
-27
279
-392
148
306
-572
365
103
-355
221
12
-97
-27
172
-138
114
-151
232
-244
121
85
-224
243
-116
-36
138
-74
-83
268
-249
28
234
-263
26
249
-217
-87
338
-331
38
257
-434
306
-31
-250
349
-131
-225
416
-282
-15
119
9
-235
259
-69
-88
198
-183
108
2
-43
-47
178
-178
15
134
-87
-73
121
137
-414
398
-135
-179
313
-310
129
41
-53
-40
49
52
-294
426
-345
77
268
-414
339
-120
-6
56
-33
82
-210
276
-168
-103
348
-460
170
287
-660
518
90
-474
314
259
-579
336
251
-627
493
-24
-379
514
-242
-135
217
-122
-57
160
-143
120
-99
-17
172
-211
-9
280
-271
-73
435
-479
130
271
-525
284
149
-546
570
-80
-248
232
104
-233
12
300
-387
312
-67
-253
446
-426
77
102
-64
-30
-15
166
-245
227
-155
60
273
-605
593
-187
-395
737
-606
186
201
-261
98
136
-92
-385
668
-505
-152
758
-844
297
344
-660
462
99
-426
461
32
-294
103
256
-360
37
132
-250
312
-207
101
143
-153
-44
238
-51
-363
439
-164
-139
314
-117
-396
549
-242
-496
848
-386
-238
649
-351
-222
265
-147
-316
382
-78
-312
721
-426
-122
579
-685
221
294
-531
326
262
-432
225
152
-534
131
417
-723
539
235
-848
845
-291
-595
891
-422
-427
870
-315
-274
575
-409
-68
516
-443
246
325
-421
253
186
-360
279
-163
-44
387
-406
76
344
-416
-69
320
-189
-276
508
-240
-154
405
-548
275
145
-463
218
264
-380
103
387
-436
125
131
-171
196
-105
-50
213
-15
-267
420
-260
-82
176
-171
174
-146
8
80
111
-391
434
-114
-229
389
-298
55
147
-268
-26
313
-363
42
221
-265
53
362
-500
183
189
-558
519
-163
-255
248
-1
-238
140
-26
-314
349
-265
183
321
-523
512
-202
-100
246
-216
39
95
-208
41
-60
-26
-174
122
202
-318
333
-140
-17
68
-333
281
-453
158
-46
-41
21
-70
36
-102
101
-237
128
119
-395
369
273
-516
723
14
-40
526
-17
43
291
109
71
358
98
-215
498
-173
-173
352
-420
103
-107
-222
-89
-67
-463
-59
167
-534
229
-105
-222
198
-450
149
271
-577
378
226
-240
81
36
183
-314
379
-57
39
141
-200
118
0
-50
-120
188
-39
-171
336
-43
-19
39
-13
64
-279
360
-169
-46
207
-308
183
-232
33
26
-186
250
-256
103
-230
-132
72
-396
70
-12
-103
-17
-182
177
-293
102
71
-217
302
-189
27
155
-156
111
61
-46
253
86
70
38
364
-77
92
537
-301
297
266
-15
259
41
170
1
136
-54
124
-71
-105
369
-254
48
150
-277
-52
205
-298
65
70
-310
39
13
-385
-193
137
-488
-53
124
-352
-75
-97
-325
-137
-38
-269
10
-86
-54
-131
-19
-133
-449
187
-230
13
104
-164
150
-244
49
152
-34
-26
116
119
-126
10
76
-304
37
-130
-106
195
-214
-143
76
-113
-331
-7
-151
-323
-12
-179
-150
-121
-385
26
-88
-133
102
75
88
84
213
226
129
125
247
346
68
192
384
144
127
332
264
68
340
269
199
353
216
291
467
243
270
499
297
343
473
438
275
421
442
271
420
283
460
413
424
509
492
501
367
568
389
350
383
427
290
163
327
52
145
26
-104
-194
-333
-329
-633
-665
-741
-975
-950
-993
-1326
-1276
-1337
-1413
-1420
-1412
-1347
-1487
-1329
-1416
-1479
-1233
-1274
-1084
-964
-850
-857
-764
-572
-626
-480
-476
-381
-362
-395
-390
-486
-503
-689
-604
-616
-702
-493
10
72
220
415
482
763
863
1181
1312
1587
1644
2002
2206
2037
2222
2245
2230
2372
2549
2546
2562
2272
2296
2294
1901
1841
1714
1567
1483
1418
1212
955
618
240
228
145
-62
-83
-146
-321
-316
-444
-497
-607
-584
-507
-343
-213
-276
-294
-491
-558
-478
-473
-589
-594
-751
-645
-959
-1213
-1357
-1764
-1925
-2072
-2205
-2351
-2635
-2969
-3208
-3296
-3576
-3817
-4042
-4448
-4602
-4838
-5105
-5295
-4109
-2923
-1625
-1116
-1014
120
512
1390
1968
2675
3269
4181
5205
5493
5456
4912
5218
4774
4409
4632
4498
4112
3343
2582
1477
726
-63
-455
-824
-1132
-1052
-1257
-2084
-2873
-3308
-3418
-3184
-2905
-2127
-1431
-894
-489
-105
90
444
1319
2131
2972
3831
4366
4681
4484
4099
3774
3706
3569
3600
3339
2793
2272
1593
1031
143
-495
-834
-774
-615
-629
-803
-1311
-1716
-1884
-1875
-1860
-1732
-1586
-1524
-1529
-1636
-1669
-1944
-2356
-2472
-2471
-2375
-2531
-3006
-3547
-3964
-4283
-4445
-4877
-5418
-5731
-5914
-6045
-6358
-6606
-6583
-4857
-3056
-1436
-931
-528
771
1419
2731
3340
4280
5065
6213
7311
7308
7178
6517
6470
5966
5499
5603
5263
4688
3487
2204
941
-116
-827
-1356
-1744
-1903
-1805
-2017
-2745
-3497
-3919
-3826
-3472
-2661
-1829
-1045
-585
-639
-383
-261
496
1244
2646
4115
5171
5884
5647
5670
5138
4669
4524
4775
4769
4137
3415
2534
1719
391
-325
-660
-736
-550
-429
-448
-1059
-1503
-1787
-1881
-1855
-1758
-1522
-1454
-1728
-2137
-2635
-3039
-3187
-3340
-3379
-3534
-3632
-3953
-4530
-5173
-5662
-5769
-5829
-6018
-6229
-6459
-6813
-6913
-7275
-7455
-7607
-6108
-3352
-985
635
563
1741
2576
4026
5321
6068
7175
8034
9680
9871
9499
8300
7514
6914
6098
5927
5344
4725
3183
1403
-525
-2101
-3223
-3905
-4186
-4446
-3879
-3553
-4084
-4893
-5622
-5382
-4479
-3100
-1464
-219
886
1225
1564
1635
1836
2575
3221
4445
5827
7157
7591
7089
6162
5402
4951
4847
5031
4654
3593
2516
1753
761
-722
-2132
-2727
-2262
-1432
-1019
-1070
-1705
-2141
-2156
-1959
-1750
-1532
-1147
-906
-811
-1038
-1430
-2178
-2975
-3318
-3200
-2933
-3057
-3512
-4317
-5045
-5388
-5683
-6036
-6660
-7154
-6979
-6814
-7193
-7486
-7898
-7930
-8187
-6679
-3297
-271
1783
1642
2819
4052
5894
7455
7901
8628
9362
11390
11829
11039
9155
7735
6790
5630
5126
4193
3255
1341
-668
-2803
-4669
-5737
-6358
-6679
-6618
-5531
-4369
-4273
-5085
-5739
-5021
-3276
-1205
864
2239
3647
4351
4611
4392
4205
4554
5079
6054
6761
7280
6990
5802
4105
2593
2124
2228
2299
1830
901
-158
-898
-1368
-1984
-2861
-3192
-2211
-577
520
451
-99
-617
-465
120
584
779
488
367
181
-185
-885
-1954
-2972
-3900
-4260
-4162
-4299
-4874
-5857
-6574
-6687
-6592
-6567
-6933
-7252
-7165
-6699
-6278
-6576
-6557
-6479
-6023
-5733
-4167
-464
2512
4526
4398
5352
6779
8239
9246
9138
9543
9919
11303
11016
9355
7051
5230
4259
2872
2101
785
-402
-2270
-4051
-5608
-7133
-7640
-7784
-7199
-6253
-4633
-3074
-2607
-2970
-2970
-1655
612
2956
4854
6167
7163
7320
6827
6008
5215
5080
5049
5279
5181
4703
3630
1815
-98
-1516
-1755
-1326
-828
-807
-1317
-1853
-2036
-1762
-1731
-1870
-1376
159
2214
3173
3047
2271
1758
1806
1936
1979
1573
1117
521
-214
-1284
-2422
-3699
-4849
-5713
-6130
-6129
-6292
-6664
-7331
-7706
-7616
-7152
-6864
-6902
-6871
-6618
-5747
-5292
-4982
-4880
-4603
-4247
-3464
-335
3000
5681
5904
5995
7130
8227
9437
9119
8803
8394
9229
9673
8506
6167
3494
2109
823
55
-850
-1691
-2865
-4225
-5526
-6691
-7004
-6835
-6061
-5164
-3328
-1064
456
634
-100
209
2030
4582
6540
7455
7819
7616
6828
5511
3956
2826
2089
1914
1921
1931
1330
-393
-2311
-3791
-3905
-3093
-1817
-770
-511
-620
-626
-7
428
324
459
1669
3672
5103
5100
4016
2707
1876
1535
1212
755
123
-455
-1334
-2574
-3872
-5108
-6028
-6760
-6992
-6732
-6368
-6250
-6482
-6678
-6645
-6206
-5530
-5187
-4997
-4695
-3941
-3366
-3421
-3421
-3504
-3180
-3021
-1045
2333
4911
5839
4985
5492
6340
7352
7392
6652
6352
6669
7755
7170
5280
2674
994
143
-474
-696
-1292
-1754
-2858
-3844
-4909
-5279
-4931
-4336
-3388
-2040
184
1929
2395
1538
898
1755
3679
5559
6535
6616
6219
5270
3945
2445
1116
196
-205
189
728
1044
205
-1278
-2483
-2876
-2104
-889
608
1337
1279
1067
1211
1511
1109
756
1187
2585
3857
3992
2983
1340
132
-558
-839
-1121
-1454
-1669
-2167
-3033
-4074
-5014
-5713
-6111
-6011
-5534
-5036
-4735
-4625
-4852
-5117
-4957
-4366
-3901
-3892
-3925
-3569
-3124
-3339
-3767
-4397
-4513
-4260
-2167
1390
3917
4731
3821
4208
4949
5940
6268
5948
5990
6418
7510
7028
5216
2668
985
333
83
214
-163
-685
-1816
-3002
-4133
-4553
-3930
-2971
-1891
-640
1247
2792
3099
2205
1375
1951
3680
5518
6564
6536
5860
4498
2910
1323
74
-719
-1157
-798
-27
557
-153
-1621
-2689
-2923
-2334
-1181
581
1623
1526
1088
1305
1501
989
673
1207
2659
3645
3773
2804
1281
120
-517
-870
-1377
-1505
-1574
-1813
-2580
-3500
-4410
-5396
-5690
-5477
-4816
-4449
-4228
-4230
-4517
-4721
-4630
-3963
-3763
-3906
-4064
-3740
-3369
-3662
-4357
-5107
-5490
-4940
-1964
1757
4001
3896
3199
3766
4614
5596
5768
5645
5627
6304
7148
6449
4510
2034
585
-105
-19
252
125
-477
-1661
-2798
-3915
-4000
-3286
-2003
-738
730
2512
3582
3549
2551
2018
2707
4267
5812
6448
6276
5277
3707
1814
-26
-1333
-2042
-1740
-844
-198
-515
-1528
-2387
-2848
-2754
-2011
-515
1150
2165
2316
2023
1864
1654
1424
1484
2289
3523
4098
3524
2119
768
-114
-684
-1283
-1803
-2022
-2171
-2452
-3111
-3980
-4926
-5566
-5542
-4969
-4138
-3768
-3774
-3994
-4089
-3971
-3521
-3072
-2999
-3311
-3702
-3698
-3831
-3976
-4649
-5446
-6061
-4857
-1244
2269
3708
2696
2484
3359
4798
5559
5471
5447
5583
6513
6634
5950
4177
2288
969
161
457
760
960
191
-1138
-2595
-3581
-3313
-2444
-1239
-57
1607
3194
3710
3167
2202
1934
2644
4036
5419
5954
5563
4192
2273
162
-1621
-2550
-2666
-1695
-596
-280
-1092
-2205
-2751
-2985
-2528
-1358
596
2162
2745
2601
2103
1777
1344
1277
1632
2837
4019
4198
3129
1383
99
-762
-1128
-1434
-1467
-1499
-1798
-2458
-3451
-4321
-5087
-5301
-5027
-4261
-3468
-3122
-3263
-3881
-4285
-4180
-3615
-3110
-3087
-3425
-3873
-4300
-4819
-5236
-5747
-6157
-6216
-4288
-514
2676
3628
2529
2464
3486
5205
6089
6198
6323
6525
7165
6752
5718
4015
2488
1400
647
846
923
835
-200
-1649
-3108
-3906
-3360
-2304
-994
133
1680
2997
3334
2715
1964
2045
2931
4297
5432
5739
4995
3319
1296
-595
-2003
-2736
-2638
-1319
50
172
-1057
-2253
-2503
-2383
-1694
-388
1394
2490
2742
2519
2004
1432
843
898
1536
2926
4004
3945
2605
747
-444
-1126
-1274
-1371
-1290
-1368
-1694
-2345
-3377
-4440
-5263
-5271
-4751
-3915
-3166
-2882
-3140
-4023
-4722
-4662
-4059
-3498
-3578
-3741
-4137
-4593
-5118
-5711
-6228
-6277
-3687
434
4010
4670
3564
3135
3655
5194
5914
6286
6225
6649
7047
6315
4766
2507
1054
-126
-410
-195
195
280
-783
-2198
-3727
-4114
-3396
-2000
-504
896
2574
3820
3954
3002
2134
2304
3165
4300
5214
5630
4922
2875
435
-1576
-2676
-3330
-3140
-2060
-703
-183
-938
-1977
-2631
-2396
-1396
325
2136
3423
3795
3430
2820
2162
1654
1381
1831
2810
3670
3614
2481
840
-818
-1997
-2576
-2521
-2234
-2076
-2325
-3068
-4017
-4920
-5369
-5377
-4980
-4330
-3567
-2851
-2702
-3184
-3974
-4159
-3758
-3156
-2841
-2842
-3239
-3962
-4625
-5210
-5722
-5443
-2823
1199
4337
4884
4068
3613
3950
4937
5673
6045
6240
6693
6941
6010
4010
1707
150
-604
-768
-656
-396
-279
-967
-2589
-4485
-5015
-3935
-1940
-232
1282
2838
4022
4104
3050
2175
2317
3490
4769
5641
5854
5049
3178
653
-1582
-2986
-3526
-2932
-1610
-333
11
-490
-1181
-1867
-2055
-1292
645
2666
3898
4110
3601
2768
1738
955
594
999
1963
2819
2847
1903
572
-937
-2344
-3296
-3340
-2725
-2152
-2206
-2799
-3600
-4359
-4763
-4822
-4414
-3779
-3025
-2289
-2000
-2308
-2930
-3273
-3264
-3222
-3121
-2976
-3122
-3779
-4826
-5688
-6128
-5431
-2754
767
3426
3949
3652
3454
3788
4454
5045
5513
5785
6311
6378
5561
3680
1479
-142
-895
-853
-786
-702
-753
-1277
-2536
-4189
-4789
-3895
-1839
101
1681
3093
4200
4453
3713
3011
3189
4185
5240
5871
5913
5250
3630
1238
-1222
-3003
-3516
-2797
-1313
-120
25
-595
-1400
-1924
-2217
-1732
-342
1626
3283
3991
3692
2677
1543
606
310
840
1946
2819
2832
2078
886
-457
-1887
-3050
-3495
-3184
-2503
-2235
-2589
-3420
-4282
-4880
-5026
-4672
-4009
-3054
-2249
-1923
-2259
-2748
-3013
-3232
-3536
-3605
-3220
-2788
-2921
-3986
-5400
-5990
-4121
-547
2565
3676
3596
3654
3943
4287
4305
4310
4501
5162
5732
5503
4219
2199
131
-1456
-1946
-1647
-1005
-605
-839
-1682
-3014
-3815
-3674
-2443
-747
1149
3070
4723
5496
5038
4074
3586
4066
4893
5506
5628
5294
4349
2610
208
-2018
-3353
-3382
-2538
-1466
-760
-694
-1149
-1747
-2037
-1876
-1091
215
1878
3173
3662
3470
2827
1890
994
756
1341
2089
2262
1777
986
113
-973
-2199
-3308
-3763
-3610
-3316
-3398
-3873
-4252
-4419
-4426
-4585
-4438
-3841
-2916
-2188
-2049
-2194
-2452
-2322
-2273
-2438
-2797
-3032
-3040
-3443
-4213
-5217
-4960
-2595
762
3169
3447
3227
3281
3798
4023
3930
4003
4369
5212
5450
4908
3309
1401
-317
-1453
-1673
-1454
-793
-459
-574
-1585
-2955
-3615
-3052
-1355
259
1922
3553
5091
5576
4777
3764
3422
4018
4662
4988
4847
4372
3418
1710
-400
-2415
-3407
-3138
-2117
-1012
-513
-343
-554
-961
-1293
-1161
-374
826
2118
3061
3419
3229
2603
1742
865
545
1006
1595
1763
1248
462
-386
-1308
-2338
-3268
-3781
-3864
-3730
-3782
-3982
-4148
-4135
-4116
-4227
-4286
-3936
-3196
-2530
-2260
-2286
-2301
-2323
-2441
-2792
-3188
-3368
-3661
-4126
-4813
-4371
-2108
817
2879
3163
3156
3360
3977
4339
4219
3999
3977
4514
4887
4761
3574
1764
-142
-1572
-2141
-2047
-1410
-913
-876
-1561
-2517
-3067
-2754
-1628
-208
1377
3076
4702
5519
5346
4583
4115
4165
4479
4631
4479
4133
3379
2097
417
-1141
-2239
-2719
-2549
-1933
-1220
-802
-676
-665
-756
-780
-401
631
1852
2646
3079
3331
3265
2671
1758
1143
993
1126
1062
711
150
-517
-1426
-2581
-3574
-4122
-4249
-4516
-4852
-5031
-4822
-4523
-4410
-4386
-4245
-3823
-3368
-2902
-2570
-2224
-1988
-1948
-2008
-2324
-2531
-2940
-3413
-4160
-4248
-2468
349
2885
3571
3552
3553
3861
4217
4074
3823
3592
3939
4252
4339
3823
2715
1135
-746
-2018
-2627
-2208
-1424
-882
-1167
-2171
-2898
-2960
-2108
-1086
305
1905
3644
4721
4852
4703
4540
4506
4217
4053
4132
4123
3620
2384
990
-257
-1097
-1640
-1923
-1687
-1276
-723
-342
-24
39
-155
-181
181
1099
2056
2836
3198
3166
2751
2087
1568
1265
1063
660
277
29
-221
-883
-2110
-3407
-4293
-4627
-4672
-4811
-5137
-5390
-5270
-4902
-4659
-4547
-4412
-4054
-3562
-3022
-2457
-2050
-1745
-1691
-1887
-2141
-2427
-2642
-3058
-2813
-1211
1297
3549
4321
4370
4075
4156
4093
3710
3154
2839
3207
3541
3496
2708
1740
697
-446
-1682
-2729
-2825
-2243
-1510
-1532
-2077
-2486
-2243
-1455
-640
435
1757
3210
4009
4225
4336
4658
4827
4549
4186
3998
3829
3192
2172
1158
471
-50
-513
-804
-883
-941
-1139
-1016
-455
92
158
37
314
987
1581
1994
2429
2820
2872
2539
2228
2043
1705
870
-69
-539
-577
-940
-2000
-3386
-4292
-4745
-5128
-5693
-6224
-6330
-6105
-5781
-5587
-5331
-4970
-4614
-4324
-3987
-3354
-2584
-1856
-1373
-1135
-1241
-1587
-1944
-1511
195
2317
4003
4563
4893
5092
5081
4689
3917
3165
2411
2089
2026
2197
2130
1552
569
-593
-1520
-2222
-2463
-2376
-2139
-2179
-2399
-2224
-1518
-545
15
476
1195
2386
3349
3705
3771
4050
4599
4761
4446
4000
3723
3373
2523
1410
499
79
-33
-215
-408
-596
-586
-546
-352
-134
102
386
665
1097
1474
1896
2248
2529
2598
2458
2352
2220
1987
1400
598
-149
-627
-1077
-1828
-2853
-3901
-4695
-5386
-5968
-6488
-6847
-7015
-7072
-6930
-6636
-6248
-5794
-5345
-4764
-4146
-3493
-2820
-2165
-1540
-1266
-1112
-978
-46
1752
3865
5500
6086
6310
6069
5940
5487
4797
3703
2422
1653
1180
1305
1188
944
245
-682
-1561
-2461
-2774
-2789
-2401
-2484
-2675
-2532
-1637
-274
718
1398
1730
2259
2586
2849
3130
3610
4165
4319
4216
4024
4061
3917
3186
2063
1033
605
523
555
446
254
104
20
35
9
92
122
231
385
715
1294
1886
2293
2230
2066
1996
2060
1830
1162
441
-26
-267
-858
-1811
-2902
-3744
-4349
-5031
-5890
-6760
-7246
-7394
-7446
-7569
-7645
-7512
-7254
-6844
-6389
-5717
-4896
-3935
-3081
-2566
-2244
-1628
146
2660
5236
6845
7647
7998
8149
8098
7424
6402
5150
4126
3144
2326
1700
1250
833
33
-960
-2079
-2766
-3051
-3106
-3379
-3916
-4115
-3635
-2358
-1069
-17
776
1616
2383
2700
2622
2456
2726
3249
3717
3854
3881
4013
4053
3665
2747
1741
1093
878
801
617
452
454
682
897
918
813
802
921
940
840
871
1187
1526
1763
1979
2298
2451
2084
1293
508
-5
-439
-976
-1581
-2052
-2558
-3320
-4276
-5160
-5828
-6474
-7138
-7642
-7807
-7702
-7549
-7465
-7328
-7081
-6693
-6187
-5453
-4546
-3715
-3128
-2571
-1301
698
3149
5216
6764
7869
8491
8740
8422
7806
6743
5552
4337
3410
2857
2444
2151
1569
820
-281
-1306
-2033
-2452
-2802
-3529
-4217
-4527
-3964
-2933
-1688
-484
576
1402
1708
1762
1711
1933
2164
2251
2197
2360
2994
3770
4269
4031
3320
2554
2185
2093
1961
1673
1366
1245
1214
1113
944
839
845
793
590
421
540
848
1076
1155
1313
1655
1964
1959
1451
643
-196
-897
-1499
-1995
-2419
-2953
-3660
-4413
-5020
-5536
-6061
-6664
-7161
-7500
-7656
-7600
-7427
-7190
-7020
-6792
-6348
-5599
-4842
-4260
-3737
-2628
-776
1423
3371
4847
6173
7273
8123
8417
8338
7890
7064
5956
4830
4059
3641
3302
2829
2224
1466
599
-265
-1003
-1673
-2526
-3566
-4504
-4804
-4313
-3331
-2214
-1144
-136
665
1144
1317
1392
1443
1463
1404
1422
1805
2583
3417
3780
3646
3326
3277
3444
3357
2853
2228
1942
1877
1739
1401
1041
800
673
599
500
474
449
400
300
410
743
1152
1392
1270
1025
661
276
-339
-1134
-1963
-2637
-3022
-3374
-3836
-4466
-4968
-5279
-5563
-5984
-6450
-6734
-6767
-6705
-6661
-6503
-6122
-5568
-5106
-4883
-4679
-4218
-3411
-2296
-988
563
2130
3613
4804
5773
6606
7208
7431
6961
6200
5433
4959
4595
4206
3842
3499
3284
2844
2225
1452
708
-147
-1369
-2691
-3712
-3990
-3741
-3154
-2500
-1721
-933
-320
115
366
557
540
425
290
426
865
1456
2005
2430
2907
3473
4077
4444
4444
4085
3614
3159
2692
2186
1644
1209
910
662
371
126
-44
-134
-277
-441
-448
-296
-83
-41
-120
-209
-224
-298
-552
-992
-1454
-1839
-2194
-2587
-3071
-3538
-3987
-4383
-4742
-4958
-5039
-5117
-5266
-5412
-5357
-5122
-4932
-4870
-4859
-4687
-4410
-4135
-3852
-3352
-2454
-1316
-71
1100
2270
3371
4279
5003
5465
5668
5494
5139
4799
4583
4413
4191
4025
3964
3980
3780
3297
2630
1895
1013
-87
-1197
-1968
-2191
-2087
-1933
-1784
-1481
-1014
-576
-275
-118
38
169
230
212
215
345
562
857
1259
1887
2626
3330
3792
3959
3893
3603
3255
2851
2459
1994
1449
867
278
-161
-462
-601
-670
-660
-609
-562
-529
-534
-536
-596
-720
-912
-1080
-1120
-1082
-1107
-1286
-1639
-2098
-2641
-3124
-3531
-3763
-3827
-3851
-3913
-3993
-3958
-3835
-3699
-3625
-3580
-3591
-3644
-3693
-3719
-3617
-3439
-3157
-2830
-2393
-1712
-845
67
919
1739
2498
3183
3666
3899
3919
3836
3749
3656
3591
3577
3648
3776
3852
3819
3555
3105
2537
1984
1459
930
452
-6
-329
-520
-548
-437
-233
8
204
371
490
487
356
119
-110
-241
-213
103
674
1353
1965
2436
2836
3097
3208
3075
2742
2258
1625
983
396
-46
-347
-536
-643
-654
-558
-354
-183
-168
-354
-705
-1052
-1309
-1445
-1470
-1435
-1296
-1193
-1263
-1496
-1956
-2380
-2729
-2984
-3179
-3304
-3270
-3159
-2989
-2793
-2586
-2455
-2390
-2449
-2559
-2685
-2792
-2796
-2722
-2594
-2594
-2659
-2666
-2461
-1957
-1325
-613
13
659
1323
1962
2548
2949
3187
3206
3134
3095
3163
3274
3315
3258
3135
3057
3095
3163
3130
2908
2444
1878
1371
998
778
601
416
298
310
436
568
618
539
346
43
-242
-374
-353
-180
48
319
706
1207
1759
2161
2325
2213
1896
1486
1055
664
252
-108
-393
-485
-382
-163
117
284
362
206
-117
-506
-882
-1161
-1414
-1482
-1534
-1475
-1458
-1493
-1637
-1878
-2176
-2531
-2793
-2993
-2978
-2823
-2559
-2320
-2150
-2066
-2046
-2012
-2015
-2031
-2103
-2151
-2214
-2281
-2411
-2596
-2737
-2828
-2750
-2561
-2196
-1694
-1130
-516
153
904
1601
2161
2578
2868
3088
3177
3161
3074
2959
2935
2977
3119
3339
3494
3544
3471
3272
3005
2583
2104
1653
1247
923
591
359
267
286
352
361
327
259
187
138
111
149
297
530
787
1038
1246
1369
1339
1138
840
546
291
37
-199
-366
-415
-321
-177
-41
52
44
-27
-181
-377
-604
-865
-1103
-1287
-1363
-1281
-1146
-1122
-1170
-1354
-1629
-1906
-2144
-2274
-2360
-2356
-2270
-2219
-2127
-2068
-2008
-1996
-2023
-2063
-2148
-2239
-2325
-2361
-2446
-2552
-2732
-2892
-2929
-2806
-2454
-1988
-1427
-809
-135
610
1342
1985
2416
2692
2812
2797
2729
2643
2650
2676
2734
2795
2904
3108
3316
3385
3204
2864
2491
2163
1833
1475
1102
785
579
472
445
468
522
635
721
824
890
927
951
968
1017
1027
1050
995
901
706
493
289
93
-94
-263
-403
-453
-389
-285
-221
-242
-307
-381
-441
-479
-574
-717
-883
-1074
-1142
-1130
-1010
-969
-1016
-1108
-1256
-1411
-1606
-1794
-1989
-2150
-2237
-2249
-2225
-2161
-2104
-2068
-2079
-2130
-2189
-2260
-2304
-2350
-2445
-2602
-2782
-2877
-2819
-2641
-2330
-1919
-1364
-685
39
773
1431
1986
2397
2623
2717
2714
2694
2674
2669
2683
2752
2869
2977
3071
3085
2949
2689
2352
1977
1588
1220
904
633
478
403
431
535
661
836
1003
1185
1408
1648
1810
1819
1715
1601
1472
1305
1061
737
446
185
34
-111
-248
-370
-532
-593
-509
-368
-308
-371
-512
-598
-699
-764
-825
-901
-965
-1088
-1141
-1125
-1079
-1051
-1187
-1373
-1559
-1686
-1765
-1872
-2032
-2220
-2378
-2500
-2585
-2641
-2676
-2714
-2763
-2788
-2792
-2770
-2765
-2793
-2839
-2844
-2718
-2458
-2050
-1551
-988
-322
397
1132
1804
2356
2740
2912
2946
2868
2757
2656
2576
2567
2565
2635
2713
2813
2869
2796
2564
2126
1595
1068
641
280
-24
-233
-261
-80
250
661
1092
1510
1886
2180
2384
2471
2476
2409
2221
1904
1540
1146
799
476
135
-140
-332
-368
-355
-313
-256
-189
-91
-53
-123
-230
-305
-389
-463
-632
-784
-955
-1054
-1132
-1226
-1286
-1346
-1375
-1440
-1563
-1829
-2148
-2488
-2779
-3044
-3238
-3388
-3491
-3581
-3668
-3760
-3858
-3920
-3967
-3951
-3872
-3640
-3270
-2766
-2088
-1335
-498
333
1172
1946
2593
3035
3291
3363
3319
3184
3002
2814
2675
2598
2619
2658
2631
2588
2486
2350
2062
1687
1220
765
306
-95
-403
-533
-426
-241
72
445
965
1494
1979
2342
2599
2772
2851
2791
2537
2206
1808
1445
1037
695
395
179
30
-111
-191
-238
-158
-21
116
219
330
450
492
404
198
-58
-265
-394
-515
-647
-791
-947
-1159
-1481
-1810
-2196
-2484
-2757
-3006
-3268
-3589
-3879
-4240
-4518
-4791
-5031
-5211
-5333
-5333
-5260
-5043
-4574
-3886
-2968
-1978
-881
252
1436
2572
3501
4109
4323
4258
4031
3726
3371
3056
2807
2704
2698
2705
2713
2696
2591
2318
1818
1175
503
-79
-571
-960
-1154
-1165
-933
-540
4
643
1317
2007
2585
3089
3374
3529
3415
3113
2626
2047
1454
853
387
-43
-309
-539
-578
-547
-432
-278
-100
145
380
591
667
691
617
549
462
401
385
325
250
96
-91
-326
-659
-1055
-1520
-1953
-2354
-2741
-3187
-3700
-4225
-4703
-5120
-5563
-5980
-6330
-6531
-6523
-6290
-5679
-4786
-3620
-2378
-1096
255
1556
2799
3564
4003
3968
3796
3538
3176
2869
2486
2359
2278
2408
2483
2509
2405
2103
1700
1047
462
-185
-667
-1086
-1359
-1373
-1176
-618
17
814
1570
2400
3222
3965
4564
4822
4837
4558
4156
3522
2799
1982
1186
428
-267
-785
-1179
-1364
-1495
-1495
-1459
-1265
-991
-701
-406
-221
-33
58
166
211
217
187
71
-20
-133
-203
-397
-679
-1011
-1364
-1662
-2088
-2560
-3195
-3794
-4401
-5008
-5589
-6185
-6505
-6552
-6026
-5122
-3897
-2517
-1085
432
1754
2938
3673
4122
4090
3759
3226
2617
2153
1643
1312
991
921
989
1131
1181
970
538
-193
-942
-1710
-2269
-2769
-2983
-2801
-2230
-1256
-159
1085
2335
3545
4621
5425
6012
6341
6334
6036
5436
4760
3964
3138
2244
1337
502
-230
-765
-1159
-1389
-1595
-1683
-1644
-1435
-1140
-906
-697
-579
-505
-542
-633
-727
-827
-891
-984
-970
-863
-688
-575
-634
-834
-1145
-1610
-2254
-3042
-3873
-4705
-5597
-6345
-6733
-6362
-5315
-3818
-2256
-717
898
2448
3807
4511
4628
4139
3459
2744
2044
1514
1079
974
1046
1305
1534
1684
1692
1408
710
-529
-1863
-3126
-4009
-4624
-4977
-4804
-4156
-2839
-1387
149
1574
2885
4028
4754
5143
5160
5006
4636
4213
3679
3223
2816
2459
2077
1532
1023
493
175
-136
-405
-659
-805
-716
-602
-408
-355
-305
-418
-587
-739
-832
-844
-877
-824
-728
-429
-180
-22
-88
-370
-789
-1445
-2254
-3306
-4467
-5716
-6678
-7092
-6570
-5329
-3618
-1827
31
1813
3369
4578
5042
4895
3993
2953
1968
1285
840
529
495
706
1209
1679
2095
2189
1886
963
-439
-1916
-3192
-3997
-4581
-4715
-4363
-3306
-1756
-74
1542
2878
4049
4747
5165
5024
4661
4026
3281
2508
1639
1036
418
3
-515
-950
-1279
-1468
-1486
-1511
-1420
-1340
-1126
-915
-659
-485
-409
-472
-692
-838
-908
-754
-594
-399
-129
200
665
1048
1205
1010
481
-186
-1120
-2224
-3600
-4975
-5925
-6103
-5259
-3790
-1792
176
2268
3945
5216
5792
5655
4886
3420
1874
307
-642
-1271
-1440
-1312
-826
-10
761
1479
1676
1444
458
-887
-2307
-3431
-4044
-4355
-4042
-3188
-1618
181
1932
3534
4835
5838
6147
5903
5269
4436
3420
2222
1069
125
-499
-964
-1331
-1670
-1886
-2006
-2030
-1952
-1868
-1691
-1478
-1139
-731
-433
-268
-317
-468
-784
-1142
-1402
-1542
-1526
-1485
-1327
-975
-492
-158
-146
-522
-999
-1651
-2504
-3729
-5008
-5798
-5660
-4472
-2767
-592
1489
3752
5619
7054
7724
7509
6602
4870
3122
1436
423
-270
-625
-691
-561
-68
393
875
742
150
-1144
-2568
-3690
-4412
-4567
-4521
-3707
-2311
-300
1702
3365
4756
5751
6368
6258
5626
4727
3644
2445
1125
-1
-851
-1455
-1861
-2178
-2419
-2597
-2579
-2361
-1922
-1491
-1107
-690
-162
401
675
638
338
-41
-543
-967
-1317
-1375
-1357
-1352
-1285
-1161
-905
-975
-1473
-2354
-3271
-4216
-5346
-6493
-7219
-6900
-5416
-3207
-621
1820
4330
6323
7830
8376
8022
7041
5393
3713
1932
832
180
99
154
204
376
456
607
223
-515
-1888
-3316
-4341
-4731
-4404
-3736
-2421
-632
1622
3753
5408
6574
7275
7484
6870
5852
4546
3358
2066
739
-491
-1582
-2286
-2930
-3270
-3677
-3998
-4214
-4108
-3511
-2800
-2064
-1402
-554
307
880
1002
778
576
314
24
-239
-226
-27
111
144
50
3
-292
-1075
-2223
-3543
-4798
-6203
-7512
-8152
-7685
-5860
-3578
-913
1432
3719
5595
6743
7184
6566
5518
3829
2424
1239
668
491
498
706
720
874
649
376
-363
-1458
-2815
-4076
-4522
-4427
-3527
-2428
-868
1097
3238
5315
6623
7429
7543
7272
6539
5442
4258
2947
1770
503
-611
-1710
-2532
-3115
-3511
-3802
-4147
-4082
-3626
-2691
-1863
-1187
-619
29
662
731
376
-122
-359
-516
-596
-517
-148
300
518
446
289
-35
-754
-1980
-3266
-4453
-5458
-6646
-7451
-7380
-5852
-3270
-546
2096
4072
5967
6864
7243
6638
5568
4017
2298
1126
356
418
473
633
412
86
-378
-1117
-1853
-3084
-4305
-5579
-6007
-5468
-4210
-2428
-829
1199
3103
5155
6640
7508
7800
7474
6894
5923
5139
4145
3102
1618
216
-1169
-2357
-3243
-3886
-4119
-4418
-4369
-3908
-2858
-1592
-700
-253
-14
347
438
73
-585
-1004
-1072
-973
-664
-168
559
913
795
377
-210
-844
-2127
-3474
-4793
-5669
-6400
-7046
-6940
-5755
-3042
-199
2656
4639
6322
7309
7491
7174
6026
4861
3214
2092
1274
1114
1217
991
583
-380
-1206
-2231
-3042
-3957
-4955
-5803
-6249
-5559
-4186
-2195
-411
1301
2980
4564
6148
6979
7505
7346
6970
6312
5447
4620
3285
1880
93
-1424
-2869
-3941
-4600
-4971
-4995
-4949
-4365
-3416
-2057
-1102
-698
-510
-269
121
8
-296
-594
-412
131
671
1357
1883
2244
1874
1012
74
-978
-2212
-3791
-5175
-6149
-6766
-7262
-7374
-6520
-4220
-1336
1518
3558
5127
6167
6588
6571
5876
5130
4054
3332
2872
2810
2944
2648
2037
845
-363
-1636
-2631
-3554
-4505
-5317
-5894
-5437
-4360
-2611
-1018
432
1888
3156
4767
5779
6686
6811
6706
6359
5687
5069
3767
2501
721
-698
-2108
-3069
-3660
-3988
-4023
-4194
-3899
-3452
-2602
-2020
-1833
-1861
-1966
-1768
-1800
-1876
-1893
-1532
-778
-35
777
1374
1765
1668
1033
180
-716
-1645
-2735
-3675
-4370
-4712
-5162
-5411
-5314
-4012
-1686
884
3140
4448
5549
5773
5975
5461
4798
3964
3009
2603
2233
2495
2357
1977
983
-299
-1369
-2434
-3044
-3832
-4262
-4798
-4756
-4105
-2805
-1153
113
1427
2419
3956
5261
6416
6867
6914
6729
6162
5441
4226
2898
1174
-405
-1866
-2757
-3150
-3242
-3095
-3159
-2958
-2678
-2040
-1583
-1509
-1787
-2173
-2245
-2362
-2377
-2473
-2127
-1483
-688
64
627
1000
876
276
-704
-1649
-2537
-3414
-4260
-4853
-5009
-5165
-5276
-5440
-4631
-2599
-44
2576
3933
5180
5628
5945
5759
5057
4540
3678
3407
3090
3283
3341
2966
2051
555
-732
-1984
-2766
-3589
-4071
-4449
-4568
-4041
-3131
-1550
-380
726
1501
2781
4451
5803
6845
6868
6962
6383
5753
4645
3215
1740
-9
-1212
-2247
-2406
-2340
-2121
-2082
-2171
-1989
-1787
-1349
-1391
-1591
-2044
-2247
-2200
-2328
-2279
-2300
-1711
-914
-26
633
929
912
419
-357
-1336
-2186
-3064
-3892
-4625
-5037
-5175
-5444
-5730
-5890
-4789
-2669
-62
2236
3503
4603
4864
5121
4760
4310
3882
3293
3155
3033
3410
3395
2865
1653
194
-993
-1954
-2481
-3109
-3365
-3785
-3812
-3432
-2481
-1167
-329
433
1096
2732
4485
6088
6848
7046
6862
6209
5243
3705
2257
597
-676
-1615
-1993
-1751
-1460
-1103
-1290
-1374
-1405
-1273
-1055
-1243
-1468
-1830
-1852
-1759
-1724
-1757
-1574
-966
-183
546
914
993
670
-15
-851
-1680
-2277
-2925
-3547
-4101
-4365
-4523
-5034
-5568
-5938
-4865
-2966
-491
1500
2736
3759
4010
4414
4084
3917
3555
3149
3054
2922
3297
3177
2620
1252
-299
-1455
-2233
-2611
-3060
-3338
-3683
-3655
-3209
-2308
-1124
-352
449
1326
2859
4701
6039
6851
6696
6398
5590
4467
3043
1461
189
-911
-1538
-1769
-1535
-1121
-920
-1077
-1407
-1506
-1498
-1429
-1551
-1717
-1781
-1780
-1624
-1580
-1269
-792
-49
626
1189
1662
1769
1451
638
-225
-981
-1583
-2292
-2914
-3389
-3764
-4221
-5011
-5608
-6013
-5053
-3242
-776
1306
2475
3510
3805
4283
4031
3686
3311
2875
2864
2747
3013
2917
2318
935
-652
-1713
-2432
-2785
-3377
-3614
-3807
-3727
-3288
-2653
-1449
-764
27
810
2419
4392
5797
6608
6497
6436
5762
4879
3445
2096
923
-95
-845
-1353
-1295
-1213
-1256
-1707
-2128
-2208
-2170
-2007
-2067
-2079
-2060
-1950
-1840
-1896
-1731
-1316
-538
169
818
1345
1742
1835
1382
795
111
-367
-1019
-1755
-2325
-2976
-3440
-4408
-5103
-5747
-5392
-3925
-1874
472
1806
3018
3616
4195
4399
4021
3855
3407
3336
3195
3283
3398
2823
1641
-80
-1344
-2190
-2754
-3474
-3977
-4071
-3948
-3576
-3129
-2213
-1417
-899
-295
820
2767
4512
5486
5721
5593
5558
4969
3996
2781
1747
1024
271
-253
-499
-498
-666
-1270
-1905
-2295
-2249
-2097
-2018
-2046
-2036
-1946
-1883
-1845
-1906
-1654
-1267
-575
40
580
1119
1337
1358
955
591
211
-163
-707
-1353
-2060
-2886
-3679
-4522
-4958
-5329
-4911
-3786
-1952
182
1650
2970
3603
4113
4293
4149
4142
3844
3829
3682
3655
3437
2787
1743
277
-986
-2087
-2723
-3257
-3371
-3259
-3111
-2848
-2587
-1878
-1303
-774
-222
786
2329
3716
4582
4737
4793
4632
4156
3318
2374
1672
1056
522
-21
-357
-599
-867
-1404
-2110
-2563
-2720
-2507
-2391
-2301
-2226
-2056
-1755
-1706
-1698
-1667
-1248
-607
1
540
1063
1445
1475
1093
591
288
12
-384
-1043
-1820
-2512
-3134
-3723
-4204
-4735
-4780
-4226
-2752
-686
1149
2579
3320
3786
4113
4211
4179
3889
3578
3308
3040
2811
2431
1713
560
-752
-1882
-2437
-2600
-2461
-2338
-2342
-2267
-2093
-1571
-887
-370
177
731
1868
3132
4037
4431
4210
4042
3642
3199
2596
1982
1514
946
426
-70
-362
-641
-1101
-1783
-2460
-2753
-2703
-2390
-2216
-2077
-1945
-1682
-1477
-1538
-1616
-1586
-1178
-696
-197
252
583
745
560
246
-94
-312
-598
-1018
-1534
-2069
-2448
-2824
-3235
-3802
-4373
-4287
-3367
-1609
377
1903
3057
3646
4033
4127
3981
3711
3134
2538
2045
1923
2025
1861
1131
-26
-1108
-1704
-1860
-1830
-1772
-1705
-1639
-1414
-952
-214
425
750
912
1220
2022
2828
3399
3375
3153
3035
2979
2913
2521
1920
1260
653
252
-94
-379
-685
-1168
-1702
-2194
-2320
-2095
-1770
-1621
-1550
-1472
-1267
-1222
-1415
-1552
-1565
-1215
-832
-497
-274
-114
7
-66
-311
-635
-791
-851
-984
-1315
-1730
-2062
-2371
-2751
-3235
-3546
-3322
-2489
-1193
345
1775
2836
3169
3037
2820
2659
2476
1838
1140
750
861
1269
1314
925
217
-432
-723
-749
-541
-356
-297
-240
-58
337
762
873
717
415
346
709
1222
1729
1914
2021
2235
2417
2514
2201
1642
978
376
32
-186
-254
-398
-656
-970
-1204
-1222
-1112
-966
-894
-847
-783
-709
-653
-702
-838
-978
-1022
-879
-657
-413
-216
-116
-27
-60
-21
55
95
11
-304
-593
-804
-933
-1120
-1453
-1728
-1846
-1844
-1693
-1363
-706
16
456
475
197
44
-38
-185
-610
-1108
-1361
-1211
-719
-188
193
309
412
658
1112
1581
1760
1650
1299
1019
862
749
626
397
295
325
567
857
1063
1157
1008
798
606
579
582
423
94
-233
-328
-193
-35
-35
-123
-157
46
411
758
1005
1117
1237
1366
1397
1257
941
619
360
174
40
-23
-53
-43
-45
-8
90
179
218
141
59
56
122
185
153
110
94
61
-85
-389
-753
-1140
-1510
-1924
-2364
-2764
-3187
-3589
-4001
-4276
-4298
-4092
-3707
-3309
-2862
-2281
-1528
-652
175
795
1217
1440
1611
1767
1895
1965
1920
1871
1870
1920
1972
1947
1803
1577
1324
1146
1080
1084
1062
967
809
649
501
404
344
349
414
575
803
1120
1451
1698
1756
1683
1569
1473
1369
1126
859
578
415
263
77
-127
-345
-515
-682
-774
-780
-683
-597
-596
-636
-574
-351
-85
103
128
132
126
50
-187
-577
-1005
-1398
-1732
-2068
-2397
-2795
-3235
-3667
-3962
-3962
-3716
-3313
-2906
-2432
-1859
-1169
-476
80
425
613
731
877
1147
1449
1768
1977
2067
2124
2118
2117
1953
1611
1158
727
504
460
534
559
527
450
419
426
439
464
520
686
956
1309
1636
1864
1934
1837
1675
1480
1320
1161
1005
884
772
682
583
489
368
161
-107
-321
-415
-370
-302
-322
-371
-428
-358
-216
-74
32
32
-33
-168
-345
-536
-758
-1027
-1326
-1615
-1863
-2057
-2262
-2488
-2759
-3007
-3154
-3149
-2903
-2511
-2021
-1567
-1164
-847
-574
-331
-132
43
201
408
661
961
1215
1405
1465
1416
1260
1031
774
502
262
44
-131
-275
-310
-262
-151
-65
-11
106
287
564
839
1110
1364
1529
1634
1678
1717
1776
1780
1733
1644
1593
1551
1459
1322
1162
1048
959
906
891
886
843
709
514
281
101
-36
-135
-187
-175
-98
-66
-147
-337
-565
-774
-982
-1189
-1382
-1527
-1625
-1693
-1750
-1815
-1860
-1919
-1992
-2037
-2039
-1991
-1951
-1918
-1778
-1530
-1214
-968
-857
-770
-633
-336
1
284
448
500
573
658
767
801
693
514
328
236
217
203
177
135
130
189
330
516
700
839
949
1043
1134
1205
1217
1205
1220
1294
1408
1497
1510
1434
1300
1131
948
801
740
785
865
904
874
795
726
626
488
308
142
86
98
136
127
36
-116
-302
-493
-697
-911
-1106
-1258
-1335
-1343
-1307
-1234
-1158
-1107
-1134
-1193
-1271
-1363
-1485
-1595
-1650
-1712
-1777
-1842
-1786
-1583
-1321
-1076
-904
-762
-634
-527
-419
-274
-120
-50
-36
2
140
332
459
458
416
427
524
648
757
824
856
870
902
964
1060
1122
1132
1140
1168
1293
1417
1514
1531
1492
1447
1410
1361
1302
1234
1159
1090
1015
940
843
698
494
296
178
181
257
319
283
189
92
-36
-228
-489
-731
-904
-1000
-1041
-1051
-1018
-969
-918
-859
-777
-704
-676
-695
-734
-759
-761
-785
-842
-948
-1085
-1228
-1359
-1454
-1507
-1491
-1431
-1366
-1312
-1256
-1189
-1137
-1104
-1050
-944
-773
-560
-339
-127
48
220
369
500
633
729
794
813
808
794
790
808
845
905
979
1046
1149
1290
1434
1528
1527
1479
1452
1474
1512
1499
1445
1367
1268
1147
1017
879
740
617
540
527
540
558
556
530
467
321
143
-53
-214
-346
-448
-500
-524
-540
-576
-592
-573
-520
-501
-523
-567
-608
-624
-668
-744
-866
-1010
-1167
-1328
-1473
-1561
-1613
-1655
-1739
-1849
-1906
-1893
-1790
-1682
-1577
-1471
-1324
-1120
-878
-591
-344
-130
19
165
327
478
586
605
599
593
616
631
639
620
589
578
631
797
1008
1197
1300
1341
1384
1450
1508
1503
1455
1408
1422
1459
1470
1418
1306
1166
1017
888
778
704
656
609
549
500
469
448
387
249
78
-59
-148
-211
-276
-333
-334
-321
-300
-301
-314
-350
-416
-536
-676
-783
-871
-955
-1106
-1284
-1456
-1568
-1641
-1712
-1803
-1902
-1988
-2059
-2146
-2232
-2254
-2145
-1905
-1608
-1319
-1069
-805
-556
-297
-73
87
182
263
407
620
846
981
994
945
925
929
939
916
860
827
834
910
1043
1177
1252
1251
1237
1270
1316
1324
1267
1191
1156
1165
1159
1111
1038
963
880
792
709
677
671
636
577
531
549
565
553
463
359
281
228
185
147
145
159
165
126
44
-80
-223
-395
-560
-720
-892
-1065
-1229
-1357
-1453
-1521
-1580
-1659
-1750
-1869
-1989
-2092
-2177
-2245
-2311
-2328
-2229
-1986
-1666
-1384
-1175
-1016
-856
-687
-467
-223
26
256
456
660
847
979
995
931
882
884
917
918
882
854
887
968
1069
1144
1179
1167
1159
1177
1210
1217
1175
1124
1122
1186
1229
1222
1150
1063
972
880
776
680
603
529
444
384
375
399
439
433
401
371
344
321
276
233
180
123
34
-91
-228
-353
-462
-579
-692
-820
-906
-948
-953
-973
-1044
-1133
-1255
-1361
-1474
-1581
-1683
-1793
-1901
-2029
-2139
-2174
-2093
-1884
-1629
-1383
-1166
-982
-791
-602
-404
-208
-12
173
341
504
647
729
743
731
750
802
824
781
709
691
733
783
820
829
834
847
885
979
1076
1132
1136
1146
1221
1330
1399
1398
1346
1276
1218
1153
1068
970
863
768
709
698
722
751
754
728
654
545
395
235
62
-99
-237
-355
-452
-550
-608
-662
-705
-770
-850
-915
-938
-914
-902
-945
-1048
-1164
-1262
-1335
-1440
-1569
-1696
-1791
-1856
-1941
-2006
-2023
-1943
-1757
-1514
-1269
-1090
-959
-838
-687
-485
-251
-23
160
316
453
583
676
721
721
715
714
693
648
595
564
559
599
674
760
826
875
957
1085
1212
1283
1294
1298
1333
1376
1394
1369
1302
1217
1123
1042
972
909
861
823
821
834
837
794
723
632
534
411
262
98
-73
-207
-299
-348
-397
-456
-526
-582
-643
-710
-800
-884
-948
-986
-1022
-1070
-1124
-1175
-1220
-1276
-1336
-1399
-1454
-1504
-1561
-1637
-1719
-1756
-1692
-1507
-1266
-1058
-932
-869
-786
-668
-493
-293
-96
80
216
329
416
467
474
450
441
457
472
464
445
454
528
659
805
928
1004
1060
1136
1240
1331
1353
1322
1292
1307
1338
1338
1276
1179
1074
990
917
860
805
753
704
668
668
672
668
617
533
446
352
239
100
-42
-139
-181
-192
-217
-286
-378
-483
-582
-678
-761
-825
-855
-866
-876
-878
-903
-949
-1023
-1099
-1156
-1189
-1227
-1274
-1349
-1437
-1535
-1606
-1591
-1479
-1285
-1093
-942
-840
-740
-626
-479
-313
-153
-15
88
173
246
312
357
379
388
400
415
435
457
502
587
707
835
940
1007
1045
1083
1121
1143
1121
1064
1026
1019
1043
1043
1001
931
869
823
781
734
674
620
576
562
567
574
565
507
431
356
288
192
68
-65
-172
-238
-290
-353
-448
-553
-644
-709
-752
-777
-791
-788
-782
-771
-755
-753
-768
-805
-846
-882
-920
-973
-1038
-1113
-1187
-1264
-1324
-1335
-1258
-1100
-918
-776
-687
-620
-541
-420
-283
-144
-30
49
118
191
284
365
414
429
433
452
483
520
572
641
724
796
860
898
905
899
885
878
860
847
844
855
866
861
827
783
748
733
731
708
657
591
544
540
560
579
582
561
531
484
416
313
185
48
-53
-113
-144
-188
-258
-353
-444
-527
-599
-663
-711
-736
-752
-756
-758
-746
-735
-728
-751
-798
-877
-967
-1044
-1115
-1167
-1215
-1248
-1235
-1161
-1014
-864
-746
-689
-661
-603
-493
-325
-156
-10
88
161
241
320
383
402
383
368
369
394
419
444
471
502
554
616
671
696
692
684
693
716
745
758
759
741
718
699
675
650
627
612
597
571
539
516
521
543
564
572
556
531
477
406
302
194
105
45
11
-41
-106
-196
-272
-335
-381
-438
-497
-548
-569
-558
-555
-563
-594
-619
-642
-661
-693
-751
-822
-893
-954
-1005
-1062
-1132
-1195
-1190
-1085
-919
-752
-645
-581
-519
-412
-264
-102
37
134
198
265
342
407
436
407
368
346
368
407
437
457
476
525
576
614
624
618
610
608
621
630
627
609
578
548
531
523
512
498
479
457
437
427
428
441
458
476
490
492
481
455
403
309
192
86
10
-42
-86
-140
-217
-293
-349
-385
-415
-460
-504
-529
-522
-505
-502
-514
-535
-551
-570
-592
-638
-697
-762
-820
-872
-925
-991
-1054
-1067
-1004
-879
-750
-644
-567
-499
-427
-339
-225
-108
-1
75
148
224
303
349
355
348
349
389
445
509
555
601
652
694
713
703
674
638
609
593
580
567
546
525
504
481
452
419
387
357
334
319
323
336
359
386
412
421
406
373
333
283
211
118
16
-65
-118
-150
-183
-225
-273
-312
-334
-346
-364
-376
-377
-359
-336
-321
-315
-315
-317
-331
-373
-444
-542
-639
-715
-769
-823
-895
-974
-1021
-1008
-932
-851
-781
-738
-693
-633
-535
-401
-261
-129
-27
60
139
217
272
308
335
372
431
502
579
638
681
702
712
706
688
659
627
606
590
571
545
513
485
466
449
433
413
406
409
423
438
438
435
428
429
437
444
435
396
334
264
188
111
33
-26
-64
-87
-110
-145
-180
-214
-234
-244
-247
-241
-224
-194
-166
-149
-147
-159
-177
-210
-263
-344
-449
-562
-664
-741
-815
-892
-988
-1067
-1105
-1077
-1011
-939
-880
-827
-750
-641
-502
-368
-247
-156
-79
-7
70
141
196
233
266
313
378
443
488
499
494
485
485
484
472
450
426
417
414
416
408
394
387
389
401
417
438
460
476
487
486
482
471
459
449
437
423
398
363
322
281
240
200
156
115
80
52
26
-4
-35
-59
-77
-88
-101
-107
-111
-117
-133
-155
-182
-219
-270
-341
-420
-511
-606
-697
-775
-836
-894
-943
-982
-992
-979
-933
-868
-787
-697
-599
-488
-367
-244
-128
-17
79
164
228
279
314
342
362
374
384
386
380
356
330
304
284
267
249
240
235
242
254
276
303
323
336
338
345
351
364
371
380
383
379
366
353
344
342
349
360
369
368
357
338
320
296
266
230
190
149
112
79
53
29
-2
-35
-64
-86
-102
-119
-144
-178
-225
-282
-341
-401
-470
-544
-622
-696
-758
-809
-850
-884
-903
-913
-902
-874
-824
-755
-664
-551
-425
-294
-170
-47
64
164
244
308
359
392
409
408
402
382
346
300
253
213
179
148
120
101
87
86
93
116
144
172
187
192
194
199
206
214
225
242
265
288
308
326
346
367
390
414
440
464
472
464
446
425
405
371
329
277
229
179
134
87
46
9
-21
-46
-64
-78
-98
-123
-163
-204
-247
-286
-326
-371
-423
-478
-532
-585
-625
-663
-689
-715
-728
-729
-706
-665
-609
-543
-471
-392
-312
-229
-148
-74
-15
34
74
109
131
141
138
129
122
118
115
108
95
80
70
73
85
104
126
148
171
197
223
244
258
261
261
267
284
309
331
345
355
367
383
400
419
436
451
460
461
457
444
419
381
342
302
263
219
170
118
67
23
-12
-37
-55
-73
-87
-100
-113
-133
-162
-193
-225
-252
-279
-304
-331
-357
-386
-410
-432
-452
-473
-491
-498
-497
-486
-471
-447
-421
-388
-355
-319
-284
-253
-224
-196
-165
-141
-119
-105
-95
-88
-80
-72
-64
-54
-50
-46
-47
-42
-32
-17
-3
15
38
66
96
126
152
176
199
224
253
284
314
337
356
370
390
414
439
458
469
473
473
470
458
439
412
381
348
311
267
219
167
118
81
55
39
26
12
1
-8
-16
-23
-37
-53
-71
-81
-89
-95
-108
-125
-147
-168
-192
-215
-239
-264
-284
-303
-318
-333
-346
-353
-354
-349
-346
-346
-350
-348
-340
-325
-305
-286
-270
-256
-244
-234
-224
-214
-204
-193
-181
-170
-159
-147
-133
-120
-108
-93
-76
-54
-27
2
35
70
107
143
181
223
267
309
350
394
437
479
513
539
556
568
571
568
553
529
499
463
420
372
323
273
224
183
148
120
97
78
61
45
28
10
-7
-23
-34
-42
-49
-57
-69
-83
-100
-117
-140
-165
-190
-212
-231
-250
-271
-294
-314
-330
-340
-347
-353
-362
-370
-371
-369
-359
-350
-341
-333
-324
-314
-303
-294
-289
-285
-280
-273
-263
-248
-232
-217
-206
-191
-174
-150
-123
-91
-55
-17
24
66
109
152
198
243
287
329
371
410
443
468
483
492
493
491
485
475
460
439
413
385
356
328
301
272
245
223
205
191
179
167
151
133
117
104
92
79
64
49
32
14
-8
-31
-57
-84
-108
-129
-148
-168
-189
-211
-233
-254
-272
-288
-303
-311
-318
-321
-324
-326
-332
-338
-343
-348
-352
-353
-352
-350
-345
-340
-337
-334
-332
-328
-322
-313
-302
-285
-263
-236
-206
-171
-134
-95
-53
-9
39
90
141
189
234
275
314
348
379
404
427
446
460
470
476
478
473
465
450
434
416
398
376
354
330
306
286
270
254
238
222
204
188
171
157
142
126
111
96
77
59
40
19
-3
-24
-46
-68
-92
-116
-139
-160
-180
-202
-223
-246
-271
-296
-320
-343
-365
-385
-403
-421
-436
-449
-458
-464
-466
-465
-464
-461
-457
-448
-438
-423
-406
-387
-365
-339
-309
-274
-234
-194
-153
-110
-66
-20
27
74
121
166
208
250
288
325
356
384
407
424
437
448
455
460
460
455
446
434
418
400
382
364
345
328
310
295
280
264
247
229
213
198
185
173
160
147
134
121
110
98
84
70
57
44
29
11
-8
-29
-51
-72
-93
-115
-140
-169
-200
-231
-262
-289
-316
-341
-364
-387
-407
-423
-436
-445
-451
-457
-460
-462
-461
-458
-453
-446
-436
-421
-397
-366
-330
-292
-254
-214
-173
-129
-83
-35
14
65
113
160
205
244
279
311
335
354
370
380
389
394
397
398
395
389
379
366
352
339
324
311
299
288
277
265
253
241
227
214
199
187
177
168
158
148
135
119
104
92
80
70
57
42
25
6
-13
-33
-57
-83
-111
-138
-166
-193
-222
-253
-286
-319
-349
-379
-405
-427
-444
-454
-456
-457
-458
-457
-457
-453
-444
-434
-419
-399
-373
-340
-301
-261
-222
-184
-144
-101
-55
-8
37
82
125
166
205
237
263
283
297
309
317
324
329
331
331
331
328
322
314
303
290
279
267
259
249
242
233
226
220
215
209
204
197
192
186
180
173
165
155
146
138
130
122
116
107
97
88
76
62
44
22
-3
-27
-50
-74
-100
-129
-161
-195
-230
-264
-299
-333
-362
-385
-400
-408
-412
-416
-421
-425
-427
-425
-417
-406
-391
-372
-345
-314
-281
-248
-217
-186
-149
-111
-69
-28
12
47
80
110
138
161
179
194
205
216
226
237
246
250
252
253
255
253
251
245
238
230
225
221
216
212
209
206
203
201
198
193
186
178
172
165
160
153
147
141
138
134
128
121
110
99
87
71
53
34
11
-10
-31
-53
-75
-103
-131
-161
-186
-211
-235
-260
-284
-304
-320
-329
-336
-340
-343
-346
-346
-344
-338
-329
-316
-302
-284
-263
-239
-212
-184
-156
-124
-91
-58
-26
6
33
60
84
105
122
138
151
163
174
185
192
197
200
203
206
208
207
203
200
195
192
191
190
188
185
182
180
177
174
169
163
159
154
150
145
139
135
130
124
117
109
100
91
79
67
52
33
12
-10
-31
-51
-69
-87
-105
-123
-139
-154
-168
-186
-201
-221
-238
-252
-262
-268
-271
-272
-271
-269
-268
-263
-257
-249
-239
-226
-211
-194
-174
-152
-127
-103
-77
-52
-26
-1
25
49
70
88
104
117
131
143
153
163
170
177
182
186
187
188
185
182
179
176
176
175
173
170
166
162
155
149
142
134
127
121
118
112
107
100
93
85
77
70
64
57
52
45
39
30
20
8
-5
-17
-31
-45
-59
-73
-86
-98
-110
-123
-136
-153
-172
-192
-209
-224
-236
-244
-249
-252
-254
-253
-250
-247
-241
-234
-225
-214
-198
-180
-157
-135
-111
-87
-64
-40
-16
8
31
53
71
88
103
116
126
135
141
145
149
152
154
155
154
151
149
147
147
147
148
149
147
145
143
138
134
128
122
116
113
108
103
100
94
90
85
81
77
74
68
64
60
55
49
43
36
26
18
8
-4
-17
-33
-48
-63
-78
-93
-109
-127
-145
-164
-182
-199
-212
-223
-231
-236
-237
-235
-231
-228
-223
-216
-209
-196
-181
-166
-147
-126
-104
-81
-59
-37
-16
6
28
49
68
86
102
113
123
130
136
140
144
146
148
151
151
149
146
142
141
139
139
139
138
135
132
127
119
112
103
95
88
82
76
72
67
63
59
57
55
53
51
49
48
45
42
37
32
25
17
7
-3
-16
-32
-48
-65
-81
-98
-114
-130
-145
-160
-174
-187
-199
-209
-215
-219
-220
-219
-215
-208
-200
-192
-183
-171
-159
-144
-129
-113
-95
-77
-59
-40
-21
-4
14
31
48
61
75
86
96
104
109
114
117
122
123
126
126
125
123
120
119
117
115
113
111
108
105
101
97
93
88
84
81
79
77
76
76
78
80
83
87
90
91
93
94
91
88
83
77
68
60
49
36
21
3
-15
-34
-53
-72
-89
-106
-120
-135
-149
-162
-175
-187
-196
-200
-204
-205
-203
-199
-193
-186
-178
-170
-161
-151
-139
-127
-112
-98
-82
-67
-50
-35
-18
-2
12
27
41
52
64
72
81
87
94
100
104
109
113
115
116
118
116
116
114
112
109
107
105
103
101
99
97
95
93
92
91
90
89
89
91
92
92
92
91
89
85
80
74
67
59
50
40
29
17
3
-12
-27
-42
-58
-72
-86
-100
-113
-126
-137
-148
-158
-166
-173
-177
-178
-179
-178
-175
-172
-168
-163
-158
-152
-144
-137
-128
-119
-110
-99
-87
-74
-61
-47
-33
-19
-4
10
22
34
44
56
67
76
86
95
103
110
116
121
122
125
126
124
122
121
118
115
114
110
108
106
103
100
96
93
90
86
83
80
76
74
71
68
66
63
58
55
49
45
39
33
26
19
12
4
-5
-13
-23
-33
-43
-53
-63
-74
-83
-92
-100
-107
-113
-119
-123
-128
-132
-135
-137
-140
-141
-142
-140
-139
-136
-133
-129
-122
-116
-107
-97
-87
-75
-62
-51
-37
-25
-13
0
12
24
34
45
54
63
72
78
84
89
92
95
97
97
98
100
101
100
100
100
99
98
97
95
95
93
91
89
86
84
81
78
75
73
71
68
64
61
57
53
47
41
34
28
20
13
6
-2
-12
-20
-29
-38
-47
-56
-64
-72
-78
-85
-91
-96
-102
-107
-111
-115
-119
-123
-125
-127
-128
-127
-125
-123
-119
-115
-110
-103
-96
-88
-79
-70
-61
-51
-40
-30
-20
-10
0
9
18
27
35
42
48
54
59
64
68
72
76
81
84
89
92
94
97
99
101
103
104
106
106
106
106
103
101
96
92
88
82
78
73
66
61
53
46
38
30
21
12
3
-5
-14
-20
-29
-38
-46
-54
-60
-68
-74
-79
-83
-88
-92
-96
-99
-103
-107
-110
-113
-114
-116
-116
-116
-113
-112
-107
-103
-98
-93
-86
-79
-71
-63
-53
-43
-32
-22
-11
0
11
21
31
40
48
56
64
71
77
84
88
94
96
100
103
106
107
109
110
110
111
111
110
110
109
107
104
101
98
93
87
81
75
69
61
54
46
39
31
22
13
4
-6
-14
-23
-32
-41
-49
-58
-67
-73
-81
-87
-93
-97
-102
-105
-109
-113
-115
-116
-118
-121
-121
-122
-121
-121
-120
-117
-114
-111
-108
-102
-97
-91
-83
-77
-68
-60
-50
-41
-31
-21
-11
-1
7
17
25
34
41
48
56
62
69
75
81
87
90
95
98
102
105
107
109
111
114
115
116
119
119
119
118
116
115
112
110
105
101
95
90
84
77
70
62
55
46
36
27
18
8
-3
-13
-23
-33
-42
-52
-61
-69
-77
-83
-90
-96
-101
-106
-111
-114
-118
-120
-124
-125
-126
-126
-125
-124
-123
-120
-116
-111
-106
-101
-95
-88
-81
-72
-64
-55
-46
-38
-28
-19
-11
-3
6
13
21
27
33
39
45
51
57
63
66
71
76
79
83
86
88
92
94
98
99
102
104
106
106
106
105
104
102
99
97
92
88
83
77
72
66
59
53
45
37
29
21
11
3
-7
-15
-23
-31
-39
-47
-54
-60
-67
-73
-79
-83
-88
-93
-98
-101
-103
-105
-106
-107
-108
-106
-105
-103
-101
-96
-93
-88
-82
-76
-71
-63
-55
-48
-40
-32
-24
-15
-8
-1
7
14
19
26
32
38
43
48
53
57
62
65
68
72
73
76
77
77
80
79
79
79
79
79
77
76
74
71
68
64
61
56
52
47
43
39
34
29
24
18
12
6
0
-5
-12
-19
-24
-29
-35
-40
-45
-49
-53
-58
-62
-65
-67
-72
-74
-77
-78
-80
-80
-80
-81
-80
-79
-78
-75
-74
-70
-67
-63
-59
-53
-47
-42
-35
-29
-23
-17
-10
-3
4
11
16
22
29
34
39
43
49
53
58
62
66
69
72
75
77
79
80
80
80
80
80
78
77
77
73
71
68
63
59
55
51
45
40
35
30
26
20
14
10
4
-1
-7
-12
-16
-21
-26
-32
-35
-39
-43
-47
-51
-53
-57
-60
-62
-65
-66
-68
-70
-70
-72
-72
-73
-72
-71
-72
-70
-69
-68
-65
-64
-59
-56
-53
-49
-44
-39
-35
-29
-25
-20
-13
-8
-1
4
9
15
19
24
28
33
38
41
46
50
53
57
61
63
66
68
70
70
71
71
72
71
71
70
69
67
64
61
58
53
50
46
42
38
33
29
25
20
14
10
4
-1
-5
-10
-15
-18
-23
-27
-31
-34
-37
-40
-43
-46
-47
-50
-51
-53
-52
-54
-55
-55
-57
-56
-56
-56
-55
-54
-52
-52
-49
-47
-44
-41
-38
-35
-32
-29
-24
-21
-17
-12
-8
-3
1
5
9
13
17
21
25
28
33
37
38
42
45
47
49
51
53
54
54
55
55
55
54
54
53
51
50
48
45
43
40
36
32
28
25
21
17
12
7
3
-2
-7
-11
-15
-19
-23
-27
-30
-33
-36
-39
-40
-42
-43
-45
-46
-47
-47
-47
-47
-46
-47
-47
-47
-47
-45
-44
-44
-42
-41
-38
-36
-35
-33
-31
-29
-26
-24
-20
-17
-13
-10
-6
-3
0
3
8
11
15
18
22
26
30
34
37
41
43
45
48
50
51
53
55
55
56
56
56
56
56
55
54
52
51
49
46
43
38
35
31
27
23
19
15
12
7
3
-1
-5
-9
-13
-16
-19
-22
-25
-27
-29
-31
-33
-35
-37
-39
-41
-43
-44
-45
-45
-46
-45
-46
-46
-47
-46
-45
-45
-43
-41
-40
-39
-36
-34
-31
-30
-28
-26
-23
-20
-17
-14
-12
-8
-6
-2
1
4
6
9
13
16
19
21
24
26
28
31
33
34
36
37
39
41
41
43
43
43
43
44
43
43
41
40
39
36
34
32
30
27
26
24
22
20
19
16
13
13
9
7
5
2
0
-2
-4
-7
-9
-11
-15
-17
-21
-24
-27
-29
-30
-32
-34
-36
-37
-39
-41
-42
-43
-43
-45
-44
-44
-44
-43
-41
-40
-38
-36
-34
-32
-28
-26
-23
-20
-16
-13
-10
-7
-5
-2
0
4
7
11
13
16
19
20
23
25
27
30
30
33
34
36
38
38
38
39
40
40
39
39
37
37
36
35
34
31
30
30
28
26
25
23
22
19
18
15
12
10
9
6
3
0
-2
-5
-7
-11
-14
-17
-20
-22
-25
-27
-29
-32
-33
-35
-37
-39
-40
-42
-43
-43
-43
-43
-42
-42
-41
-40
-39
-37
-34
-33
-31
-28
-26
-23
-19
-17
-15
-11
-9
-5
-3
1
4
7
10
12
15
18
20
21
24
25
27
29
31
32
34
35
35
36
36
36
36
35
35
33
33
32
31
30
28
27
25
23
21
20
17
16
13
11
9
7
5
2
1
-2
-4
-6
-9
-10
-11
-13
-15
-17
-18
-20
-21
-22
-23
-24
-25
-26
-26
-27
-27
-28
-28
-27
-28
-27
-26
-27
-26
-25
-24
-23
-21
-20
-19
-17
-15
-14
-12
-10
-9
-7
-4
-2
0
2
5
6
8
10
12
14
15
19
20
21
22
24
25
26
27
27
27
27
27
27
27
26
25
25
24
22
21
20
18
17
14
12
11
9
7
5
4
2
0
-2
-4
-6
-7
-9
-10
-11
-14
-14
-15
-15
-17
-18
-18
-20
-20
-20
-21
-21
-21
-21
-21
-21
-21
-20
-20
-19
-19
-18
-17
-16
-15
-13
-13
-11
-10
-8
-7
-6
-5
-3
0
0
2
3
5
6
8
9
10
12
13
13
15
16
17
18
18
19
20
20
20
20
20
20
20
20
20
19
18
18
17
16
14
14
11
10
9
8
6
5
3
2
0
-1
-3
-4
-7
-9
-10
-11
-14
-15
-16
-16
-18
-18
-19
-20
-20
-20
-20
-21
-20
-20
-20
-19
-18
-17
-17
-16
-15
-14
-13
-11
-11
-9
-8
-6
-6
-4
-3
-1
0
2
3
5
7
7
9
9
11
13
13
14
15
15
16
16
17
18
17
17
18
17
16
15
16
14
14
14
13
11
12
12
9
9
8
7
7
5
5
5
4
2
3
2
1
1
-2
-2
-3
-3
-4
-5
-7
-6
-8
-9
-9
-10
-11
-11
-12
-12
-14
-13
-14
-14
-13
-15
-15
-14
-15
-14
-13
-13
-12
-13
-12
-10
-10
-9
-9
-8
-7
-7
-5
-4
-4
-3
-1
0
1
2
2
3
3
5
6
7
8
8
8
9
10
11
10
10
11
11
11
11
10
10
9
10
9
9
8
8
7
7
8
6
7
6
5
5
5
4
4
4
4
4
3
2
2
1
2
1
0
-1
-1
-1
-2
-3
-3
-4
-4
-6
-6
-7
-7
-7
-7
-8
-8
-8
-9
-8
-7
-8
-7
-7
-6
-6
-6
-5
-5
-5
-4
-4
-3
-2
-2
-1
-2
0
0
0
1
1
2
2
3
4
4
4
4
3
4
4
5
4
5
6
5
5
5
4
4
4
3
4
4
3
3
2
3
2
2
1
1
1
1
0
1
0
0
-1
-1
-1
-2
-2
-1
-2
-2
-2
-2
-2
-3
-3
-3
-3
-3
-3
-3
-4
-4
-3
-3
-4
-3
-3
-3
-3
-2
-3
-1
-1
-2
-2
-1
-1
-1
0
0
1
1
1
1
1
2
2
2
2
3
2
3
3
4
4
3
4
3
4
3
4
3
2
3
2
3
2
2
3
2
2
1
1
1
1
1
1
1
0
1
1
-1
0
-1
0
-1
-2
-2
-1
-1
-1
-2
-1
-2
-2
-3
-3
-2
-3
-3
-3
-3
-3
-4
-4
-4
-4
-4
-4
-3
-3
-3
-3
-4
-4
-3
-2
-2
-2
-2
-2
-1
-1
0
0
1
1
1
2
2
2
2
2
3
3
3
3
3
3
3
3
3
3
3
3
3
3
3
2
3
2
3
2
2
2
2
1
2
1
1
1
0
1
1
1
1
0
-1
0
0
-1
0
-1
-1
-1
0
0
-1
0
0
-1
-1
-1
0
0
-2
-1
-1
-1
-2
-2
-1
-2
-2
-1
-2
-2
-2
-2
-2
-2
-2
-2
-1
-2
-1
-2
-1
-1
-1
-1
-1
-1
-1
0
-1
0
0
1
0
0
1
2
1
2
1
0
0
0
1
1
1
1
1
1
1
0
1
1
1
0
0
1
0
0
0
0
0
0
0
-1
0
0
-1
0
-1
0
0
-1
0
-1
0
0
0
0
0
0
0
0
0
0
0
1
1
1
1
0
0
0
1
1
0
-1
1
0
-1
0
0
-1
0
0
0
0
-1
0
0
0
1
1
0
0
0
1
0
0
1
-1
0
0
0
0
0
0
-1
0
1
0
0
0
1
-1
0
0
-1
-1
0
0
-1
-1
0
0
0
-1
0
-1
-1
-1
0
0
0
0
-1
-1
-1
0
0
0
0
0
0
0
0
0
1
0
-1
0
1
0
1
0
0
0
-1
0
0
0
0
0
0
-1
1
0
0
0
0
1
1
0
0
-1
0
1
0
0
0
0
0
1
0
0
0
0
-1
1
0
0
1
0
0
0
0
0
0
0
0
0
0
0
0
0
0
0
1
0
0
0
0
-1
1
0
-1
0
-1
0
0
0
-1
0
0
0
0
-1
0
0
-1
-1
0
0
0
0
0
0
0
-1
-1
0
1
0
-1
0
0
0
0
-1
0
0
0
0
0
-1
-1
0
0
0
0
1
1
1
0
0
0
1
0
0
1
0
0
0
1
1
1
0
0
0
-1
1
0
0
0
0
0
1
0
0
0
0
1
0
1
0
0
-1
-1
0
-1
0
0
0
-1
0
0
0
0
0
0
-1
0
0
-1
-1
0
0
-1
0
0
-1
0
-1
-1
0
-1
0
-1
-1
0
-1
-1
0
-1
-1
0
0
-1
0
-1
0
0
-1
-1
0
0
0
0
0
0
0
1
0
0
0
0
0
0
0
0
0
-1
0
0
1
1
0
1
0
0
0
1
1
1
0
0
0
0
1
0
0
0
0
1
0
0
0
0
1
1
1
0
0
0
0
0
1
0
0
1
0
0
0
1
0
0
0
0
-1
1
0
0
0
-1
0
0
-1
0
-1
0
-1
-1
-1
-1
0
-1
-2
0
-1
0
-1
-1
0
0
0
0
0
-1
0
-1
0
0
0
1
0
1
0
0
1
1
0
0
0
0
0
-1
0
0
0
0
0
0
1
1
1
0
0
1
0
1
1
0
0
0
0
0
0
0
1
0
0
0
0
0
1
1
1
1
0
0
1
1
0
0
-1
1
0
0
0
1
0
0
0
0
0
0
0
0
0
0
0
0
0
-1
0
0
-1
0
0
0
0
1
-1
0
-1
-1
0
-1
0
-1
-1
0
0
-1
-1
0
-1
0
-1
0
0
0
0
0
0
-1
0
-1
0
0
-1
0
0
0
0
1
0
-1
0
0
0
0
0
0
-1
1
1
0
1
0
1
0
0
0
0
1
1
1
0
0
1
0
1
1
0
1
0
0
0
0
0
0
-1
0
0
0
0
0
1
0
2
-1
0
0
-1
0
0
0
1
0
0
0
0
0
0
0
1
0
0
0
0
-1
-1
-1
0
0
0
0
1
0
-1
0
0
0
0
1
0
-1
0
0
0
0
0
1
0
0
0
0
0
0
0
0
0
0
1
0
0
0
0
0
0
0
0
0
0
0
0
0
-1
-1
0
0
0
0
0
0
-1
0
0
-1
0
0
0
0
0
0
0
0
0
0
0
0
0
0
0
0
0
-1
0
0
1
0
0
-1
1
0
0
0
0
0
0
0
0
0
0
-1
1
0
0
-1
0
0
0
1
0
-1
0
0
0
0
0
0
0
1
-1
0
-1
0
-1
-1
0
0
0
1
0
0
0
0
0
1
0
-1
-1
0
0
0
0
0
0
0
-1
0
-1
0
1
0
0
0
0
1
0
0
0
0
0
-1
-1
0
0
0
0
-1
0
1
0
1
0
0
0
0
-1
0
0
0
-1
0
0
0
0
0
0
0
0
-1
0
0
0
1
0
1
0
-1
0
1
0
0
-1
0
0
0
0
0
0
1
0
1
0
0
0
0
0
1
0
1
0
0
0
1
0
0
0
0
0
-1
0
0
0
0
0
0
0
0
0
-1
0
0
0
0
0
0
0
0
0
0
1
0
1
0
0
1
0
0
1
0
0
1
0
0
1
0
0
0
0
0
0
0
0
0
0
0
1
0
0
-1
0
0
-1
0
-1
0
0
1
1
0
0
0
-1
0
0
0
0
0
0
1
0
0
-1
0
0
0
0
-1
0
1
0
0
0
0
0
-1
0
0
0
0
0
0
0
1
0
0
0
0
0
-1
0
0
0
0
0
1
0
0
0
0
0
0
0
1
0
-1
0
-1
1
0
0
0
0
-1
0
-1
0
0
0
0
-1
1
0
0
0
1
0
-1
0
1
1
0
-1
0
0
0
0
0
0
0
0
-1
0
0
0
0
1
-1
0
0
-1
0
0
0
0
0
1
1
0
0
0
-1
-1
0
0
0
1
0
0
0
0
0
0
1
0
0
-1
0
0
1
0
0
0
0
0
1
0
0
-1
0
0
0
0
0
0
0
0
1
0
0
0
0
0
0
0
0
1
0
0
0
0
0
0
-1
0
0
0
0
1
0
0
1
0
0
0
1
-1
0
-1
0
0
0
1
0
0
0
0
0
0
1
0
0
0
0
0
0
0
0
0
-1
0
0
0
1
0
0
0
1
0
0
0
0
0
0
0
0
0
0
1
0
1
0
-1
0
0
-1
0
0
0
-1
0
0
0
-1
0
-1
1
-1
1
0
0
0
0
0
1
0
1
0
0
0
0
0
0
0
0
0
0
0
1
0
0
-1
0
0
0
0
0
0
0
0
0
0
-1
0
0
1
0
0
-1
0
0
0
0
0
0
0
0
-1
0
1
0
0
0
0
1
0
0
0
0
0
-1
0
0
-1
0
0
0
0
0
0
0
0
0
0
0
1
1
1
1
0
0
-1
1
0
0
0
0
0
0
0
0
0
0
0
0
1
0
0
1
0
1
0
0
1
0
0
0
0
1
0
0
-1
0
0
1
1
0
0
-1
0
-1
-1
0
0
0
1
1
0
-1
0
1
0
0
0
