0
0
0
0
1
0
0
1
0
1
-1
0
0
0
0
0
0
0
0
-1
0
-1
-1
0
0
0
0
0
0
0
0
0
0
-1
0
-1
0
0
0
0
0
0
-1
0
0
0
0
0
0
0
0
0
0
0
0
0
0
0
0
0
1
1
0
-1
0
0
0
0
0
0
0
0
0
0
0
0
0
0
0
0
1
0
0
0
0
0
1
0
0
0
0
0
0
0
-1
-1
0
0
0
0
0
-1
-1
0
0
0
-1
1
0
0
-1
0
0
0
0
0
0
0
0
0
0
0
0
0
0
0
0
1
0
0
-1
0
0
0
0
0
0
1
0
0
-1
-1
0
0
0
0
-1
0
0
0
0
0
1
0
0
1
0
1
0
0
0
0
0
0
-1
0
0
0
0
0
0
1
0
0
0
0
0
0
-1
-1
0
-1
0
0
0
0
0
0
0
0
0
0
0
0
0
0
-1
0
0
0
0
1
0
0
0
0
0
0
0
0
0
0
-1
1
-1
0
0
0
0
0
0
0
0
1
0
1
0
0
0
1
-1
0
0
0
0
0
0
0
0
0
0
-1
0
0
0
0
1
1
0
1
0
0
0
0
0
0
0
0
0
0
-1
-1
-1
-1
0
0
0
0
0
-1
0
0
0
0
0
-1
0
-1
0
1
0
0
1
0
0
-1
0
-1
0
0
0
-1
0
1
-1
0
0
0
0
-1
0
1
0
-1
1
1
0
1
-1
0
0
1
0
0
-1
1
0
0
1
0
0
0
0
1
0
0
0
0
1
0
-1
0
-1
0
1
0
1
-1
0
1
0
0
0
0
0
-1
0
0
0
0
0
0
0
0
0
0
-1
0
1
0
1
0
-1
0
0
1
0
0
0
0
0
0
-1
0
-1
0
0
0
0
0
0
0
1
0
1
0
0
0
0
0
-1
0
0
0
0
0
-1
0
0
0
0
0
0
1
0
0
0
0
1
0
0
0
0
0
0
0
0
0
-1
0
1
0
0
0
0
0
0
0
0
0
0
0
0
0
0
0
-1
1
0
0
0
-1
0
0
0
1
0
0
0
-1
0
0
0
0
1
1
0
1
0
0
-1
0
-1
0
0
0
0
0
0
0
0
0
0
0
0
0
1
0
0
0
0
0
0
0
0
0
0
0
0
0
0
0
0
0
0
1
0
0
0
1
0
0
0
0
0
0
0
0
1
1
0
0
1
0
0
0
0
0
1
0
0
-1
1
0
-1
-1
0
0
0
0
0
1
0
1
0
0
0
1
0
-1
0
-1
0
0
-1
0
0
0
-1
0
0
0
0
0
0
0
0
1
-1
0
0
0
0
-1
0
0
0
0
0
1
0
0
0
0
0
0
0
0
1
1
0
0
0
0
0
0
0
0
0
1
0
-1
0
0
0
0
0
0
0
0
0
0
1
0
1
1
1
0
0
0
0
0
0
0
0
0
0
0
0
-1
0
0
0
-1
0
-1
0
0
0
0
0
0
0
-1
1
0
1
0
0
0
0
1
1
0
-1
0
1
-1
0
0
0
0
0
0
0
0
0
0
0
0
0
1
-1
0
0
0
0
0
0
0
-1
0
-1
0
0
0
0
0
-1
0
1
0
0
0
1
0
0
0
0
0
0
0
0
0
0
0
0
0
0
1
0
1
0
-1
-1
-1
0
0
0
0
0
0
0
-1
0
0
1
-1
0
1
0
0
0
0
0
0
0
-1
0
0
0
0
0
0
0
0
0
0
0
0
0
0
0
0
0
0
0
0
0
0
1
0
1
0
0
0
1
0
0
-1
1
0
-1
0
0
-1
0
0
0
0
-1
0
0
0
0
1
0
0
0
1
0
0
1
-1
0
0
0
0
0
0
-1
0
1
0
0
0
1
-1
0
0
0
-1
0
0
0
-1
0
1
0
-1
0
0
-1
-1
0
0
0
0
-1
-1
-1
0
0
0
0
0
0
0
0
0
1
0
-1
0
1
0
1
0
0
0
-1
0
0
0
0
0
0
-1
1
0
0
0
0
1
0
0
0
-1
0
1
0
0
0
0
0
0
0
0
0
0
-1
1
-1
0
1
0
0
0
0
0
0
0
0
0
0
0
0
0
0
0
1
0
0
0
0
-1
1
0
0
0
0
0
0
0
0
0
0
0
0
-1
0
0
0
-1
0
0
1
1
0
0
0
0
-1
0
1
0
-1
0
0
0
0
-1
0
0
0
0
0
-1
-1
0
0
0
0
1
0
0
0
0
-1
0
0
0
0
0
0
0
0
1
0
-1
0
0
-1
0
0
0
0
0
0
0
0
0
0
0
1
0
0
0
0
-1
-1
0
-1
0
0
0
-1
0
0
0
0
1
1
-1
0
0
-1
-1
0
0
-1
0
0
-1
0
0
-1
1
-1
0
0
-1
0
0
0
0
0
0
0
1
0
0
-1
1
1
0
0
0
0
0
0
0
0
0
1
0
0
0
0
0
0
-1
0
0
-1
0
0
1
0
0
1
0
0
0
1
0
0
0
0
0
0
1
-1
0
0
0
1
0
-1
0
0
0
0
0
-1
0
0
0
0
1
0
0
1
0
0
0
1
0
0
0
0
0
1
0
0
0
0
0
0
0
1
0
0
0
0
-1
0
0
-1
-1
0
-1
0
0
0
1
1
0
0
0
-1
1
0
0
0
0
1
0
1
0
0
1
1
0
0
0
0
0
-1
0
0
0
-1
0
0
1
0
0
0
0
1
0
1
0
0
0
0
-1
0
0
0
0
0
-1
0
0
0
1
1
0
0
-1
0
0
1
0
0
-1
1
0
0
0
0
-1
0
0
0
0
0
0
0
0
0
0
0
1
0
0
0
-1
0
1
0
0
1
-1
0
-1
-1
0
0
0
0
0
0
0
0
-1
0
-1
1
0
1
1
0
0
0
0
0
0
0
0
0
0
0
0
0
0
1
0
-1
0
0
0
0
0
0
-1
0
0
-1
0
0
0
0
0
0
0
1
1
0
0
0
0
0
0
0
-1
0
0
0
0
0
0
-1
-1
0
0
0
0
0
1
0
1
-1
0
0
-1
0
0
0
1
0
0
0
0
0
0
0
1
0
1
0
0
0
-1
-1
0
0
0
0
1
0
-1
0
0
0
0
1
0
-1
0
0
0
0
0
1
0
0
0
0
0
0
0
0
0
0
1
0
0
0
0
0
0
0
0
0
0
0
0
0
0
-1
1
0
0
0
0
0
-1
1
-1
0
0
0
0
0
0
-1
1
0
0
0
0
1
-1
0
0
-2
3
-3
-1
4
-5
3
2
-6
6
1
-7
8
-2
-7
12
-10
3
4
-7
5
-1
-1
1
-1
-1
4
-6
6
-3
-3
6
-6
2
3
-4
2
2
-5
6
-4
1
0
-1
0
-3
5
-6
5
-1
-2
1
-1
4
-8
13
-13
8
-4
0
2
-3
5
-5
2
2
-5
-1
10
-18
17
-7
-6
15
-12
2
13
-27
29
-15
-11
31
-36
19
6
-19
10
13
-30
29
-10
-8
14
-6
-1
-2
12
-21
21
-18
16
-21
25
-18
2
13
-16
8
0
1
-10
17
-15
12
-19
37
-49
37
-6
-18
17
4
-20
3
37
-66
56
-15
-16
10
25
-44
20
26
-49
21
35
-59
25
42
-81
59
3
-45
39
-2
-22
12
7
-8
-20
45
-34
-5
33
-13
-44
83
-61
-15
83
-88
27
45
-64
13
68
-117
102
-39
-22
49
-34
4
20
-23
12
7
-24
38
-43
38
-27
21
-23
32
-36
32
-23
17
-12
0
23
-49
57
-34
-5
37
-37
1
47
-83
90
-72
32
16
-50
51
-8
-53
86
-57
-22
96
-107
47
40
-88
63
14
-85
101
-61
-1
45
-55
37
-8
-25
55
-67
48
-6
-31
31
7
-50
59
-16
-46
82
-70
28
9
-17
7
1
-4
15
-46
75
-66
5
82
-131
102
-12
-70
83
-24
-49
70
-21
-49
78
-45
-17
54
-49
18
13
-32
38
-37
19
17
-64
97
-100
64
-6
-52
87
-75
17
50
-68
18
50
-64
13
54
-67
0
78
-92
32
43
-64
24
22
-26
-17
45
-20
-21
18
31
-62
22
63
-104
52
38
-79
35
41
-60
7
63
-77
8
76
-110
75
-12
-24
30
-31
48
-61
24
52
-95
62
26
-91
67
34
-135
159
-74
-77
200
-219
142
-31
-55
88
-79
44
6
-31
-1
82
-164
186
-124
16
54
-60
53
-72
123
-167
161
-96
0
81
-130
125
-72
30
-47
97
-146
165
-115
-9
114
-106
16
42
-8
-94
199
-241
228
-202
134
-15
-96
164
-184
155
-91
36
-49
110
-146
134
-91
69
-79
82
-60
8
39
-20
-42
49
47
-243
446
-478
273
60
-331
428
-354
162
29
-104
88
-57
37
-16
-3
24
-52
50
1
-53
89
-124
137
-129
151
-183
174
-118
10
115
-196
195
-94
-43
89
-20
-96
176
-153
47
56
-106
80
-10
-14
-32
86
-78
16
30
-25
-6
22
-24
19
8
-83
190
-245
215
-135
31
57
-96
84
-59
52
-50
42
-6
-70
114
-84
7
83
-152
143
-17
-146
226
-221
166
-65
-18
54
-91
148
-198
202
-148
52
62
-119
101
-15
-116
202
-192
131
-78
24
45
-95
106
-71
-15
102
-137
109
-51
20
-20
35
-63
79
-42
-29
100
-184
293
-352
312
-195
41
62
-61
-3
51
-44
10
41
-104
178
-207
134
-28
-39
46
-32
4
23
8
-53
81
-80
90
-83
10
84
-151
158
-133
113
-74
33
35
-106
125
-101
36
24
-79
88
-42
-8
49
-78
88
-60
20
-4
-27
80
-117
128
-91
1
149
-292
311
-271
210
-117
-3
118
-122
81
-65
72
-95
98
-81
30
62
-144
175
-141
104
-46
-2
21
-26
9
-13
44
-129
235
-306
266
-110
-80
229
-236
148
-59
1
44
-96
78
-6
-116
230
-229
145
-57
-19
148
-288
342
-286
159
0
-142
224
-234
175
-48
-78
212
-256
117
96
-218
131
27
-121
134
-63
-20
72
-106
127
-103
37
16
-9
-78
155
-141
6
214
-346
288
-146
-19
171
-147
0
110
-156
121
-26
-80
151
-121
21
47
-40
-43
119
-111
81
-32
-34
101
-162
168
-114
9
98
-152
111
-27
-2
-44
116
-96
-29
161
-202
112
25
-104
59
83
-206
234
-197
154
-120
32
125
-275
287
-86
-185
332
-252
42
133
-165
62
-28
110
-208
234
-130
-18
88
-119
165
-224
206
-43
-149
286
-333
289
-224
168
-63
-149
386
-466
367
-144
-88
231
-315
298
-210
127
-39
-74
214
-318
391
-393
226
-22
-83
99
-112
93
-51
-23
108
-108
32
42
-48
-23
103
-107
33
110
-189
153
-50
-34
62
-48
34
-50
33
23
-103
90
-42
29
-24
68
-149
138
-65
-38
82
-43
50
-147
243
-233
102
67
-153
158
-100
101
-123
117
-79
10
30
-36
-3
52
-49
22
3
-52
90
-97
76
24
-109
116
-111
109
-95
72
-16
-20
76
-86
58
-41
36
-100
163
-197
94
57
-129
103
9
-121
210
-220
202
-131
-15
211
-388
372
-256
126
11
-48
74
-68
112
-105
61
-100
63
17
-51
-34
130
-122
28
66
-75
34
-33
127
-291
353
-248
46
151
-278
304
-231
138
-17
-33
-37
164
-213
111
5
-60
61
15
-62
30
68
-167
275
-313
185
-15
-77
78
-77
134
-204
298
-269
101
101
-204
211
-202
131
-123
150
-177
104
27
-168
280
-259
164
-71
36
-41
-7
87
-214
239
-143
62
-49
68
50
-150
157
-76
49
3
-91
72
-51
39
-25
2
24
-54
-41
115
-122
80
24
-113
146
-136
54
10
16
-142
158
-45
-92
192
-166
93
21
-91
129
-134
81
-28
-21
58
-17
-62
141
-213
218
-128
-5
162
-258
179
-39
-70
8
146
-294
317
-232
59
165
-340
417
-469
399
-164
-49
209
-278
248
-180
186
-226
185
-91
62
-29
-47
125
-114
20
100
-184
68
180
-287
201
-114
49
44
-170
350
-416
364
-239
50
167
-297
293
-139
28
-48
180
-193
16
187
-190
49
63
-140
122
-38
-61
64
57
-65
-111
325
-373
244
-102
-26
111
-120
132
-162
131
-62
10
12
-2
-30
47
31
-32
10
-31
82
-112
34
40
-48
-31
132
-83
-177
441
-594
601
-404
93
216
-413
545
-510
299
-17
-251
332
-257
105
-52
95
-71
-76
194
-239
188
-45
-72
99
-166
300
-341
257
-80
-169
292
-342
364
-344
229
-122
31
76
-195
326
-391
312
-72
-141
199
-151
83
-68
124
-103
73
-60
79
-137
58
66
-141
144
-50
-82
103
-63
48
-160
205
-111
37
-12
72
-104
60
89
-203
209
-115
-28
143
-176
126
-51
-12
86
-139
122
-126
32
87
-101
47
-55
100
-72
53
-46
108
-169
85
61
-98
34
119
-236
274
-236
227
-217
142
-18
-84
143
-179
139
-78
-45
183
-256
203
-91
5
44
-104
111
-71
32
47
-71
91
-92
144
-104
100
-226
217
-82
-35
137
-264
242
-182
121
-5
-73
104
-119
111
-65
-21
51
-25
-81
147
-170
166
-63
-21
111
-124
98
-143
151
-114
18
1
88
-159
144
-15
-76
179
-205
145
-73
-25
103
-160
161
-98
16
107
-114
70
23
-93
51
54
-202
265
-196
-57
286
-325
172
-33
-10
-84
123
-108
21
176
-279
286
-251
161
-73
-19
51
-58
54
10
28
-103
155
-173
205
-261
210
-101
7
100
-134
90
-120
229
-251
263
-154
38
54
-192
216
-237
148
-97
24
88
-185
237
-181
80
77
-160
222
-166
36
128
-229
231
-122
-39
186
-255
174
-10
-85
92
30
-114
105
-72
-139
216
-165
53
67
-81
14
70
-112
80
93
-187
205
-178
158
-80
4
6
-44
139
-211
181
-170
159
-121
38
182
-391
432
-345
234
-65
-121
270
-347
309
-244
37
103
-167
19
147
-184
148
-15
-52
121
-182
180
-293
497
-447
196
193
-342
278
-74
-84
93
1
-108
203
-241
135
-130
112
-99
16
68
-155
218
-237
182
-141
26
20
-40
120
-194
228
-168
130
-96
49
8
-11
110
-159
162
-176
227
-241
42
141
-233
328
-228
82
1
-21
-6
62
-113
30
68
-108
86
-137
199
-236
281
-193
35
142
-255
246
-226
114
-85
108
-94
99
-39
17
-11
31
61
-130
287
-431
407
-230
-22
168
-219
124
-80
69
-88
54
66
-129
102
-85
11
-38
38
-64
32
-24
10
35
-13
34
-66
80
-39
50
-78
109
77
-199
288
-238
114
11
-100
82
-95
99
-113
81
23
-104
-20
119
-137
108
-39
-6
38
-78
115
-129
69
51
-181
266
-249
184
-11
-128
267
-389
349
-143
-179
391
-485
412
-263
122
42
-123
29
34
45
-169
255
-246
259
-244
181
17
-138
223
-310
264
-111
-64
-28
168
-300
332
-173
93
-53
-63
171
-259
201
-251
188
-81
-73
145
-150
247
-275
374
-266
199
-74
-66
112
-49
26
-61
95
-26
55
-79
13
35
-57
74
-177
164
-131
66
-75
151
-127
57
43
-94
85
-85
69
-141
120
-140
154
-112
138
-109
36
98
-234
178
77
-111
13
157
-170
108
26
-75
-26
148
-224
183
-50
38
-127
95
-3
-173
215
-121
-55
209
-151
-9
185
-325
309
-195
28
61
-86
-17
134
-181
131
-59
-86
177
-160
110
-99
-21
94
-153
172
-96
29
-14
75
-73
-69
116
-114
81
-74
102
-111
16
168
-75
-136
253
-118
-101
276
-310
234
-190
215
-92
-59
144
-246
270
-428
457
-178
-160
366
-284
317
-405
315
-44
-191
334
-285
224
-162
116
-70
-18
91
-258
211
-132
63
-24
-49
59
-25
-121
199
-24
-181
265
-200
149
-70
61
24
-83
291
-396
310
-32
-199
262
-289
251
-222
166
-65
-112
200
-255
123
2
-109
-111
296
-258
40
230
-180
215
-320
366
-281
-17
376
-215
85
78
40
-5
84
-213
219
-156
207
-118
-140
416
-509
94
243
-14
-181
157
129
-103
-11
-93
44
-205
219
-215
72
-72
-147
22
-109
27
-185
-34
34
-66
-171
-195
192
-265
-49
210
-162
160
-106
95
44
-116
64
50
-113
236
-168
-31
56
-124
106
42
181
-26
101
90
97
-110
24
82
-159
128
-59
134
-30
109
120
-177
200
-106
192
-119
204
-59
16
82
-243
280
-85
-65
53
84
-166
72
-123
133
-138
-55
144
-179
129
-300
234
-164
-272
183
-239
3
-66
-83
57
-96
-108
100
29
-159
37
-108
269
-137
-74
255
-121
-18
167
-19
-17
185
-103
265
51
-49
139
168
-10
-49
331
-42
-23
95
-68
-52
16
-5
49
-101
75
-51
19
-68
-129
89
-260
20
-132
-60
-66
-134
10
16
-10
-130
110
64
-134
74
85
-130
0
-111
78
-73
4
135
-35
67
-52
70
-9
-88
135
-58
174
-11
-43
213
-82
107
38
65
38
9
7
-11
-97
-47
-29
-56
-71
91
46
-143
141
-120
-37
-46
-116
61
-5
-14
67
-16
6
-31
-50
-22
-128
86
-54
84
-116
-29
160
-192
6
23
93
-69
48
180
-85
40
-26
131
49
67
33
233
67
18
120
-15
278
-138
270
71
-18
91
63
114
-187
170
-140
150
-235
57
-108
-276
-20
-381
-30
-327
-126
-209
-144
-83
-282
4
-223
-46
-125
-25
-32
-194
1
-63
-103
-80
21
-176
-29
-44
-99
-57
-175
93
-87
150
26
-31
157
-1
75
14
192
103
210
288
306
153
288
277
173
283
235
286
210
251
102
311
86
36
173
89
159
33
131
39
-64
62
-14
-17
-7
-56
-20
-164
-125
-247
-253
-242
-512
-265
-349
-435
-378
-289
-239
-366
-284
-275
-131
-297
-149
-12
-61
32
17
174
71
172
97
109
130
84
168
183
230
124
317
347
290
313
435
473
387
447
527
685
670
735
813
916
864
838
966
851
885
819
1001
837
675
778
382
310
146
-14
-109
-309
-405
-502
-686
-906
-1019
-1097
-1196
-1384
-1311
-1410
-1520
-1648
-1580
-1574
-1856
-1713
-1753
-1817
-1858
-1791
-1556
-1582
-1545
-1548
-1409
-1370
-1361
-1060
-1058
-1089
-1151
-1166
-1156
-1349
-1469
-1281
-461
-53
505
698
1040
1710
1878
1999
2004
2545
3028
3423
3549
3595
3728
3715
3499
3149
2872
2863
2732
2526
2238
2044
1901
1651
1775
1663
1660
1471
959
795
350
190
-16
-40
171
231
337
-20
-81
-249
-319
-370
-385
68
142
281
72
-140
-520
-1079
-1417
-1621
-1683
-1924
-2261
-2649
-3039
-3459
-4031
-4678
-5002
-5247
-5284
-5442
-5821
-6038
-6404
-6639
-6988
-7391
-7299
-5568
-3403
-1348
-515
36
1543
2530
3813
4264
5069
6403
7313
8215
8030
8082
7988
7627
6685
5016
4466
4026
3879
2398
386
-830
-1955
-2410
-3131
-3385
-3503
-4120
-4433
-5012
-4875
-4246
-3409
-2551
-2011
-963
676
2126
2738
2966
3788
5151
5928
6432
6777
7021
6649
5431
4537
3701
3127
2367
1767
1379
690
13
-1116
-1922
-2614
-2925
-2840
-2640
-1880
-1306
-968
-1214
-1880
-2119
-2160
-1957
-1665
-1141
-720
-859
-1563
-2639
-3335
-4390
-5105
-5607
-5955
-6259
-6912
-7745
-8741
-9715
-10241
-8156
-5578
-2930
-1814
-964
1118
2182
3640
3993
5015
6625
7940
8918
8618
8599
8491
8374
6899
4750
3756
3358
3386
1575
-677
-2160
-3276
-3330
-3848
-3961
-3797
-4370
-4485
-4934
-4568
-3518
-2154
-842
-414
427
1423
2600
3148
3359
4057
4875
6209
6980
7482
7420
6331
5416
4282
3514
3224
2696
2479
1874
1275
425
-526
-1293
-1788
-1639
-1409
-678
93
724
877
467
95
-310
-360
-304
-184
-49
-557
-1245
-2183
-3275
-4207
-5411
-6438
-7331
-7926
-8557
-9392
-10466
-11485
-11926
-12181
-12324
-12229
-9432
-5688
-2397
-942
-441
2028
4202
6475
7580
8476
10105
11139
11874
11317
10835
10391
9565
7704
4967
3453
2878
2623
497
-2812
-5009
-5983
-5625
-5381
-5289
-4978
-5421
-5501
-5593
-4806
-2934
-1128
625
1503
2388
3582
4653
4870
4123
3683
4290
5810
6367
6141
5481
4618
3413
1862
1270
1568
1948
1804
1453
1105
567
-320
-839
-545
253
1390
2730
4027
4717
4475
3829
3215
2591
2413
2557
2634
2108
1020
-446
-2298
-4493
-6359
-7371
-8310
-9344
-10255
-11020
-11750
-13173
-14457
-14915
-14693
-14176
-13667
-13282
-11349
-6869
-2357
1034
1545
3366
6775
9689
11644
11499
12467
13600
14289
13870
12157
10998
9675
7977
4841
1718
149
-437
-1458
-4828
-8198
-9652
-9393
-7900
-7402
-6625
-6042
-5713
-4969
-4416
-2388
73
2755
4633
5575
6530
7279
7874
7044
5892
5353
5716
6292
5604
4514
2906
1262
-355
-1413
-1082
-499
-22
17
-124
-230
-756
-768
-49
1422
3185
4498
5787
6493
6613
6100
5194
4399
3866
3714
3511
2662
1113
-1055
-3384
-5493
-7394
-8567
-9439
-10191
-11155
-12329
-13240
-14247
-14688
-14942
-14198
-13393
-12818
-12008
-11614
-7818
-3065
1459
3681
4087
7294
9759
12094
12240
11660
12666
12969
13234
11363
9550
8052
6045
3529
-66
-1940
-2472
-2657
-4340
-7924
-9645
-9527
-7830
-6137
-5228
-3706
-2937
-1951
-967
399
3001
5222
7146
7849
8256
8757
8731
8078
6087
4486
3553
3277
2676
1150
-212
-1940
-3262
-4187
-4227
-2894
-1653
-674
-334
116
820
1410
2408
3784
5471
6766
7761
8467
8496
7849
6498
5288
4262
3306
2333
1012
-730
-3066
-5474
-7540
-9274
-10548
-11410
-11926
-12620
-13288
-13706
-13788
-13685
-13333
-12554
-11327
-10261
-9429
-9075
-8094
-3739
1341
5801
6995
7353
9916
11760
13179
11962
11122
11769
11797
11108
8076
5914
4176
2352
-416
-3767
-5022
-4942
-4514
-6369
-9307
-10264
-9122
-6220
-4106
-2509
-763
325
1472
2136
3573
5942
8149
9463
9293
8864
8518
7876
6076
3200
1024
7
-141
-1006
-2566
-4008
-5299
-5847
-6133
-4923
-2732
-452
1441
2394
3607
4493
5478
6630
7907
9327
10149
10710
10667
9966
8328
6120
4151
2526
1247
-209
-1990
-4032
-6452
-8592
-10331
-11683
-12564
-13095
-13282
-13557
-13559
-13132
-12572
-11933
-11032
-9898
-8616
-7679
-6972
-6416
-5886
-2459
2387
6697
8222
7653
9155
10571
11564
10450
8988
9295
9137
8501
5770
3198
1537
124
-1491
-4225
-5577
-5358
-4545
-4889
-7130
-7921
-6809
-4021
-1314
336
2291
3391
4420
4912
5457
7013
8290
9179
8739
7737
6837
5499
3434
548
-1691
-2952
-3443
-3918
-4572
-5083
-5733
-6044
-5330
-3532
-1049
1256
3330
5055
6127
6865
7310
8096
8964
9672
10091
9982
9354
7902
6034
3765
1514
-394
-1919
-3131
-4490
-6088
-7850
-9518
-10801
-11650
-11856
-11565
-11192
-10857
-10319
-9403
-8650
-7847
-7136
-6134
-5123
-4396
-3837
-3673
-3440
-3030
-28
3872
6532
6596
5472
6723
7615
7796
6443
5027
5313
5002
4080
1674
-112
-702
-1258
-2309
-4089
-4594
-3740
-2778
-2930
-4337
-4441
-2823
-239
2121
3411
4768
5362
5677
5516
5497
6405
6925
7135
6336
5293
4170
2418
328
-2377
-4283
-5104
-4786
-3940
-3526
-3442
-3697
-3359
-2110
-114
2356
4448
6151
7142
7647
7808
7594
7465
7396
7244
7106
6489
5363
3706
1529
-583
-2598
-3862
-4522
-4871
-5379
-6486
-7708
-8680
-9040
-8859
-8446
-7848
-7321
-6925
-6429
-6179
-5876
-5670
-5414
-4816
-4478
-4347
-4696
-5594
-4540
-1174
2571
4395
3443
3842
5242
6361
6156
4483
4269
4587
4576
3464
1717
1250
779
-363
-2550
-4043
-3533
-1946
-962
-2164
-3511
-3289
-1456
1031
2558
3970
4751
5121
5247
4981
5511
6018
6353
5771
4639
3933
2962
1565
-984
-3418
-4923
-5103
-4279
-3698
-3272
-3349
-3189
-2560
-1283
840
2938
4946
6410
7171
7388
7169
6954
6733
6620
6613
6531
6057
4786
2907
817
-1161
-2722
-3595
-3889
-3912
-4530
-5488
-6597
-7445
-7765
-7891
-7347
-6824
-6290
-5828
-5651
-5207
-5313
-5251
-5117
-4938
-4592
-4648
-5016
-5611
-6193
-4919
-1558
1709
3103
2132
2434
4006
5185
4966
3572
3644
4522
4741
3712
2014
1511
1299
551
-1085
-2160
-1575
-127
632
-870
-2505
-2505
-648
1793
3123
4166
4678
4813
4591
3727
3651
4104
4601
4411
3698
3120
2356
880
-1523
-3911
-4995
-4292
-2812
-1676
-1468
-1570
-1579
-926
340
1996
3849
5296
6409
6740
6500
5988
5427
5231
5142
5130
4940
4196
3020
1237
-685
-2288
-3170
-3383
-3432
-3576
-4252
-5213
-6220
-6797
-6804
-6655
-6220
-5824
-5384
-5137
-5171
-5136
-5477
-5706
-5717
-5252
-4943
-5272
-6198
-6887
-4678
-950
2283
2697
1854
3117
4780
6017
5016
3466
3892
4625
5027
3551
2056
1668
823
-464
-2476
-3122
-1974
-466
-327
-2379
-3608
-3010
-746
1562
2895
4173
4553
4831
4516
4158
4536
4848
5272
4884
4532
4251
3145
1201
-1641
-3706
-4365
-3571
-2188
-1555
-1736
-2201
-2316
-1646
-446
1225
3000
4497
5429
5641
5409
4794
4322
4174
4646
5158
5106
4413
3014
1443
-300
-1676
-2485
-2702
-2643
-2859
-3419
-4359
-5253
-5915
-6215
-5944
-5460
-4969
-4529
-4405
-4527
-4996
-5438
-5562
-5287
-4878
-4669
-5216
-5982
-6911
-6297
-2980
264
2310
1667
1871
3804
5109
5341
3619
3276
4360
4966
4478
2532
1718
1472
791
-545
-2007
-1806
-691
43
-1010
-2776
-2895
-1579
731
2227
3399
4294
4270
4192
3258
3243
3881
4580
4965
4222
3746
2871
1565
-518
-2858
-4067
-3704
-2284
-1089
-712
-1145
-1580
-1586
-697
750
2269
3749
4963
5633
5449
4549
3768
3666
4212
4707
4712
4213
3492
2409
880
-701
-1765
-2136
-2030
-2029
-2467
-3261
-4197
-5026
-5896
-6100
-5764
-5128
-4784
-4965
-5252
-5665
-6090
-6349
-6283
-5977
-5644
-6042
-6366
-7111
-6315
-2972
439
2591
1805
2102
4144
5817
6041
4129
3524
4219
4723
4194
2344
1514
999
234
-1148
-2690
-2624
-1606
-593
-1392
-3008
-3230
-1888
548
2171
3404
4247
4481
4530
3939
4116
4714
5392
5509
4832
4371
3550
2324
118
-2149
-3359
-3239
-2135
-1477
-1231
-1463
-1944
-2155
-1724
-114
1675
3115
3965
4356
4562
4148
3576
3417
3950
4658
4839
4631
4054
3036
1323
-303
-1200
-1512
-1434
-1619
-2032
-2849
-3834
-4681
-5489
-5816
-5673
-5235
-4816
-4970
-5236
-5681
-6148
-6440
-6659
-6290
-5904
-5938
-6266
-7149
-5698
-2270
1157
2658
1567
2549
4639
6339
6018
3998
3611
4088
4299
3097
1166
530
231
-596
-2444
-3810
-3498
-2056
-1192
-2345
-3501
-3138
-1173
1232
2811
4396
5390
5915
5866
5390
5685
6227
6718
6267
5344
4604
3676
2128
-399
-2882
-4358
-4307
-3580
-3033
-2729
-2733
-2973
-3189
-2623
-925
920
2466
3610
4502
4879
4527
4182
4306
5044
5648
6034
6060
5661
4463
2688
1130
-123
-648
-994
-1234
-1813
-2779
-3770
-5044
-6188
-6809
-6701
-6233
-6167
-6213
-6292
-6398
-6576
-6976
-6832
-6483
-5863
-5700
-5839
-5946
-5374
-2546
543
2685
2490
2172
3858
5400
5755
4097
2701
2974
3245
2819
1103
-103
-317
-587
-1388
-2758
-3128
-2286
-974
-722
-1721
-1925
-799
1385
3269
4576
5690
6006
6115
5618
5336
5560
5739
5524
4489
3547
2638
1423
-420
-2693
-4241
-4803
-4287
-3473
-2741
-2281
-2521
-2681
-2110
-456
1460
2937
4154
5140
5846
5749
5401
5419
5760
6190
6228
6135
5660
4413
2685
796
-703
-1683
-2224
-2626
-3340
-4212
-5190
-6287
-7244
-7788
-7600
-7347
-7192
-7136
-6976
-6708
-6756
-6955
-6862
-6572
-5914
-5846
-4802
-1547
1916
3977
2867
2519
3872
5549
6030
4328
3632
4017
3744
1791
-1052
-1816
-1418
-1692
-3593
-5305
-4976
-3058
-1365
-2056
-3355
-3220
-955
2330
4540
6313
7228
7373
7145
6611
7150
7928
8280
7358
5395
3729
2405
1133
-756
-2973
-4605
-5143
-4837
-4582
-4258
-4227
-4316
-4190
-3343
-1313
715
2715
4403
5423
6071
6227
6393
6379
6077
5901
6136
6744
7005
6042
3872
1525
-559
-2065
-3016
-3508
-3626
-4184
-5053
-6125
-7203
-7931
-8409
-8200
-7545
-6735
-5931
-5426
-5181
-5280
-5313
-5071
-4531
-4260
-3981
-3858
-2498
441
2943
3778
2227
1802
2975
4307
4006
2089
1294
1751
1661
-12
-2392
-3063
-2579
-2245
-2912
-3572
-2921
-1378
37
-229
-711
28
2241
4906
6347
7176
7399
7334
7168
6582
6394
6282
6050
4979
3158
1353
-247
-1534
-2829
-3768
-4406
-4674
-4663
-4428
-3689
-3231
-2753
-2106
-675
1420
3114
4595
5722
6456
6638
6347
6229
6216
6136
5764
5415
5186
4709
3430
1319
-775
-2278
-3086
-3801
-4617
-5123
-5597
-6032
-6964
-7714
-7928
-7877
-7548
-7406
-6747
-6100
-5657
-5515
-5601
-5524
-5346
-5509
-3840
-279
3587
5363
4038
3889
4857
5877
5069
2797
2223
2987
2952
854
-1974
-3045
-3083
-4027
-6083
-7383
-6557
-3849
-1728
-1818
-2755
-2739
-625
2510
5244
7631
8729
8861
8415
7622
7703
8059
8377
7690
5949
3963
1953
-83
-2166
-4003
-5344
-5503
-4920
-4028
-3611
-4011
-4585
-4511
-3063
-856
1226
3196
5213
6793
7391
6992
6318
5956
5884
5912
5913
5787
5428
4404
2840
1080
-817
-2661
-4032
-4631
-4876
-5149
-5598
-6148
-6836
-7526
-7869
-7913
-7493
-6723
-5958
-5141
-4562
-4379
-4379
-4397
-4006
-3753
-3238
-803
2534
5169
4868
3431
3432
4533
5167
3392
1210
763
1391
882
-1389
-3200
-3723
-4088
-5561
-7047
-6658
-4583
-1919
-979
-1498
-1550
-188
2596
5025
6915
8352
8759
8710
8072
7526
7262
7066
6638
5374
3792
2153
450
-1555
-3632
-5092
-5652
-5005
-3964
-3263
-2949
-3026
-3019
-2573
-1241
795
3009
4976
6346
7043
7233
6966
6202
5311
4752
4755
4844
4460
3482
1908
80
-1513
-2908
-4248
-5301
-5830
-5747
-5749
-6132
-6759
-7516
-7818
-7927
-7799
-7333
-6518
-5478
-4690
-4505
-4763
-4927
-4702
-2128
1727
5265
6328
5318
5821
6978
7644
5954
3375
2957
3664
3156
264
-2954
-3976
-4188
-5495
-7874
-9194
-8309
-5987
-4409
-4420
-4372
-3150
-489
2424
4935
7412
8758
9453
9572
9324
9240
8937
8796
7833
6225
4370
2649
853
-1355
-3693
-5758
-6371
-5957
-5032
-4351
-4151
-3761
-3267
-2356
-950
675
2778
4978
6843
7890
8119
7841
7074
6053
5217
4768
4472
4134
3140
1479
-381
-2325
-4372
-6127
-6859
-6538
-6205
-6480
-6842
-7249
-7560
-7938
-8179
-7712
-6732
-5503
-4514
-3883
-3362
-3257
-3267
-3237
-1855
1520
5085
7346
6826
6294
6754
7463
6668
4124
2563
2563
2487
645
-2249
-3738
-4172
-5180
-7598
-9641
-9261
-6901
-4492
-4097
-4356
-3773
-1518
1574
4134
6471
7861
8413
8596
8539
8932
9050
8750
7455
5486
3645
2158
953
-732
-2627
-4563
-5532
-5222
-4441
-3774
-3729
-3399
-2617
-1372
92
1620
3349
5005
6410
7268
7824
8014
7447
6264
4892
4090
3662
3154
2164
497
-1156
-2798
-4440
-6067
-7343
-7785
-7548
-6951
-6489
-6317
-6733
-7143
-7526
-7480
-6735
-5800
-4709
-3815
-3210
-3038
-3216
-3121
-1131
2248
5459
6704
6316
6872
8178
8773
7199
4571
3334
3445
3007
891
-1561
-2546
-2907
-4466
-7335
-9378
-9278
-7367
-5617
-5287
-5440
-4833
-2518
538
3246
5239
6072
6502
7149
7986
8693
9076
8959
7990
5973
3895
2289
916
-557
-2523
-4132
-4721
-4125
-3352
-3158
-3199
-3129
-2702
-1707
114
2200
3940
5220
6118
7039
7828
8125
7482
6151
5001
4091
3415
2637
1641
321
-1366
-3252
-5167
-6793
-7795
-8230
-8606
-8547
-7882
-7069
-6657
-7069
-7619
-7861
-7329
-6089
-4805
-3483
-2777
-2636
-3013
-2046
1125
4819
7060
6837
6935
8292
9923
9628
7106
4876
4331
4240
2668
9
-1714
-2157
-2903
-5259
-8083
-9479
-8769
-6985
-6187
-6448
-6449
-4881
-1897
1234
3516
4605
5012
5701
6589
7425
7874
8415
8559
7788
5757
3332
1575
303
-866
-2844
-4449
-4717
-3764
-2738
-2644
-2978
-3001
-2452
-1314
304
2308
4479
6154
7091
7602
7937
8108
7605
6575
5607
4849
3977
2822
1471
59
-1563
-3717
-5844
-7540
-8303
-8742
-9283
-9472
-8986
-8199
-7958
-8008
-7997
-7584
-6844
-6092
-5104
-3910
-2799
-2273
-2193
-1019
1610
4547
6260
6492
7182
8679
10001
9471
7289
5414
4665
4308
2845
659
-737
-1068
-1560
-3503
-6084
-7754
-7538
-6189
-5484
-5501
-5566
-4296
-1846
769
2763
3711
3989
4220
4665
5356
6156
6954
7191
6452
4935
3255
1887
737
-587
-2433
-3849
-3960
-2939
-1935
-1709
-1937
-2095
-1827
-961
512
2251
4072
5659
6721
7492
7954
7938
7161
6064
5233
4631
3844
2671
1369
-55
-1630
-3601
-5789
-7438
-8344
-8857
-9385
-9648
-9378
-8877
-8542
-8558
-8615
-8469
-7948
-7283
-6290
-5203
-4084
-3375
-2384
105
3378
5997
6618
6826
8037
9863
10679
9427
7571
6527
6162
5064
2791
930
161
-302
-2020
-4593
-6523
-6908
-6057
-5717
-6361
-7069
-6366
-3876
-934
1572
2756
2922
3066
3650
4634
5313
5924
6402
6493
5798
4572
3445
2647
1700
-263
-2666
-3970
-3637
-2645
-2242
-2379
-2412
-2145
-1573
-779
328
1830
3628
5083
6319
7474
8348
8526
7779
6735
5764
4886
3927
2873
1766
541
-1056
-3241
-5453
-7183
-8375
-9358
-10171
-10392
-10218
-9871
-9661
-9590
-9526
-9351
-9048
-8582
-7621
-6321
-5143
-3925
-1621
1894
5182
6691
7082
7872
9631
11085
10812
9342
8094
7667
6902
5160
3232
2173
1761
556
-1634
-3965
-5259
-5328
-5209
-5760
-6876
-7139
-5822
-3227
-565
1019
1327
1300
1740
2579
3245
3811
4476
5185
5378
4702
3724
2915
2601
1782
75
-1670
-2321
-1824
-1383
-1670
-2217
-2265
-1834
-1290
-794
41
1392
2860
4075
5049
6092
7055
7422
7157
6541
5876
5082
4079
2969
1838
633
-864
-2639
-4371
-5764
-7118
-8367
-9392
-10010
-10246
-10396
-10267
-9955
-9658
-9500
-9497
-9159
-8266
-7096
-6160
-4891
-2437
942
3967
5577
6637
8102
9856
10825
10352
9213
8579
8209
7268
5591
4233
3645
3094
1788
-214
-2098
-3126
-3370
-3731
-4809
-6188
-6677
-5767
-3702
-1497
-76
383
587
1143
1835
2338
2771
3269
3620
3570
3234
3090
3221
3281
2474
882
-238
-257
165
-17
-755
-1368
-1544
-1412
-1188
-851
-92
972
1838
2517
3389
4608
5498
5732
5688
5719
5803
5487
4555
3200
1980
908
-385
-1916
-3305
-4406
-5641
-7023
-8095
-8766
-9102
-9365
-9596
-9675
-9629
-9512
-9417
-9127
-8606
-7940
-7245
-6014
-3715
-943
1510
3133
4611
6496
8486
9717
9574
8731
8098
7768
7099
6006
5004
4437
3926
3008
1736
452
-289
-693
-1387
-2553
-3880
-4597
-4423
-3522
-2386
-1500
-964
-532
61
662
1130
1335
1357
1348
1197
1001
836
1000
1286
1202
880
822
1225
1631
1467
926
587
562
570
431
381
779
1575
2229
2701
3141
3676
4073
4156
4220
4504
4834
4739
4112
3171
2280
1489
411
-1078
-2564
-3630
-4534
-5575
-6606
-7360
-7840
-8213
-8417
-8386
-8186
-8033
-8051
-8207
-8152
-7647
-7044
-6502
-5905
-4818
-3126
-1105
751
2175
3620
5206
6688
7393
7326
6962
6655
6419
5894
5078
4221
3744
3483
3221
2823
2301
1873
1426
1021
414
-554
-1581
-2220
-2007
-1347
-915
-1020
-1144
-642
175
573
235
-306
-459
-468
-708
-1279
-1571
-1145
-258
597
1199
1830
2407
2702
2598
2176
1773
1545
1576
1709
1984
2384
2763
3013
3097
3136
3101
3212
3467
3699
3495
2808
1985
1305
778
105
-812
-1905
-2783
-3430
-4111
-4998
-5912
-6505
-6745
-6690
-6636
-6610
-6515
-6384
-6301
-6349
-6404
-6237
-5842
-5483
-5187
-4583
-3277
-1512
36
1055
1890
3097
4541
5483
5679
5455
5274
5093
4527
3725
3081
2984
3262
3435
3395
3275
3275
3239
2904
2105
1039
99
-339
-411
-447
-642
-816
-712
-491
-435
-726
-983
-1012
-966
-1284
-1885
-2273
-2026
-1280
-633
-149
351
1169
2032
2520
2590
2480
2507
2549
2520
2507
2573
2677
2713
2598
2561
2807
3086
3156
2919
2535
2146
1673
1085
426
-274
-891
-1466
-2155
-2790
-3391
-4063
-4719
-5207
-5438
-5383
-5328
-5260
-5226
-5141
-4963
-4867
-4880
-4884
-4784
-4639
-4392
-4167
-3834
-3321
-2550
-1683
-981
-183
823
2091
3268
3994
4136
3875
3660
3429
3163
2893
2833
3079
3372
3718
3893
3995
4066
4015
3782
3176
2320
1448
938
794
640
152
-593
-1081
-1119
-954
-978
-1227
-1392
-1423
-1450
-1613
-1692
-1449
-929
-459
-226
156
931
1958
2693
2961
2932
2861
2781
2592
2364
2216
2232
2290
2290
2300
2314
2338
2199
1845
1355
794
172
-423
-825
-1170
-1482
-2041
-2619
-3085
-3371
-3547
-3780
-4049
-4253
-4212
-4044
-3839
-3748
-3741
-3837
-3994
-4118
-4079
-3868
-3625
-3560
-3758
-3874
-3650
-3101
-2349
-1554
-568
504
1481
2167
2522
2647
2627
2625
2632
2748
2921
3156
3457
3808
4083
4145
4070
3990
3970
3738
3185
2440
1823
1396
905
204
-619
-1133
-1319
-1306
-1332
-1344
-1297
-1258
-1181
-1056
-826
-625
-525
-425
-109
536
1388
2142
2589
2781
2787
2667
2512
2361
2292
2242
2103
1834
1720
1810
1935
1740
1157
597
300
187
-115
-538
-981
-1269
-1526
-1929
-2298
-2577
-2729
-2899
-3042
-3061
-2895
-2695
-2601
-2668
-2858
-3039
-3184
-3270
-3344
-3447
-3571
-3805
-4069
-4352
-4558
-4453
-3930
-3147
-2377
-1538
-570
464
1266
1715
1959
2272
2648
2857
2875
2930
3242
3625
3803
3781
3779
3924
4109
4170
3962
3445
2694
1887
1197
640
104
-536
-1128
-1377
-1334
-1183
-1042
-875
-631
-475
-401
-334
-73
358
794
1139
1457
1901
2343
2545
2465
2313
2192
2076
1884
1627
1395
1295
1178
1019
790
522
283
-3
-264
-434
-564
-755
-1023
-1214
-1260
-1233
-1356
-1628
-1863
-1865
-1671
-1530
-1590
-1731
-1777
-1788
-1933
-2216
-2514
-2739
-2950
-3229
-3631
-4113
-4549
-4970
-5130
-4913
-4356
-3729
-3085
-2216
-1087
129
1079
1672
2052
2419
2784
3016
3098
3098
3076
3123
3281
3486
3622
3692
3745
3786
3569
2914
2007
1241
750
288
-381
-1086
-1443
-1400
-1219
-1071
-928
-622
-321
-137
-58
146
662
1249
1738
2034
2408
2782
2989
2895
2588
2395
2158
1837
1317
851
623
485
347
133
-35
-186
-350
-555
-709
-824
-1009
-1202
-1338
-1256
-976
-812
-910
-1107
-1072
-828
-641
-723
-931
-1067
-1245
-1513
-1968
-2367
-2656
-2959
-3364
-3837
-4229
-4621
-5089
-5409
-5317
-4771
-4049
-3368
-2579
-1398
32
1265
1976
2344
2727
3115
3373
3299
3038
2816
2731
2774
2825
2857
2916
3046
3133
3001
2447
1637
784
170
-338
-870
-1383
-1696
-1635
-1394
-1127
-866
-500
-82
250
497
837
1441
2195
2810
3188
3418
3714
3890
3746
3302
2802
2341
1799
1138
526
156
16
-56
-220
-390
-424
-385
-440
-621
-863
-1181
-1555
-1821
-1792
-1550
-1334
-1338
-1473
-1441
-1200
-1062
-1193
-1463
-1633
-1704
-1890
-2310
-2805
-3273
-3684
-4096
-4506
-4879
-5186
-5232
-4867
-4138
-3333
-2582
-1611
-260
1288
2507
3135
3388
3627
3856
3820
3498
3152
3027
2950
2765
2534
2384
2324
2238
2041
1672
1098
360
-356
-910
-1330
-1786
-2231
-2364
-2095
-1650
-1277
-963
-526
89
617
950
1357
2016
2779
3349
3785
4218
4607
4651
4211
3489
2777
2182
1514
760
160
-103
-95
-14
66
192
293
231
-45
-391
-745
-1120
-1596
-2094
-2356
-2308
-2142
-2139
-2275
-2318
-2198
-2186
-2405
-2699
-2840
-2901
-3099
-3510
-3952
-4177
-4299
-4608
-5137
-5358
-4865
-3810
-2651
-1666
-628
694
2258
3599
4425
4777
4960
5097
4834
4125
3260
2733
2659
2626
2401
2029
1865
1960
1907
1271
99
-1072
-1839
-2200
-2436
-2713
-2908
-2802
-2349
-1780
-1247
-730
-168
405
933
1447
1961
2505
2985
3372
3704
4048
4294
4228
3886
3370
2732
1962
1109
352
-75
-66
152
457
829
1325
1701
1771
1611
1303
893
209
-602
-1338
-1790
-2027
-2304
-2692
-3038
-3194
-3260
-3600
-4145
-4667
-5013
-5217
-5511
-5803
-6120
-6408
-6670
-6633
-5916
-4552
-3024
-1841
-647
992
3024
4800
5768
6020
6022
6015
5765
5033
4096
3385
2973
2687
2372
2155
2057
2027
1820
1186
138
-1037
-2000
-2642
-3057
-3317
-3406
-3189
-2539
-1602
-673
74
678
1289
1850
2242
2499
2683
2940
3160
3277
3246
3062
2743
2115
1274
386
-330
-902
-1334
-1634
-1668
-1259
-496
434
1274
2016
2607
3001
3045
2721
2156
1493
840
310
-62
-331
-608
-1014
-1527
-2126
-2840
-3642
-4569
-5509
-6383
-7168
-7880
-8526
-8955
-9035
-8404
-6961
-5081
-3293
-1627
385
2886
5108
6351
6510
6351
6371
6313
5614
4343
3244
2793
2804
2725
2476
2212
2163
2042
1535
441
-936
-2258
-3199
-3663
-3748
-3665
-3318
-2490
-1208
123
1181
2069
2804
3447
3833
4034
4052
4064
4110
4028
3688
3031
2234
1315
250
-940
-2173
-3282
-4087
-4473
-4418
-3892
-2968
-1816
-616
428
1250
1732
1921
1905
1651
1307
1022
1045
1288
1593
1760
1630
1367
995
442
-557
-1928
-3437
-4914
-6329
-7794
-9192
-9966
-9450
-7869
-6063
-4543
-2892
-630
2080
4216
5051
4828
4575
4757
4844
4230
3273
2649
2654
2947
3118
3118
2940
2709
2203
1287
-155
-1752
-3163
-4031
-4276
-4132
-3724
-2969
-1654
28
1583
2646
3484
4293
5037
5318
5178
4982
4970
4999
4652
3893
2903
1935
973
-162
-1536
-2842
-3839
-4420
-4485
-4118
-3550
-2978
-2361
-1619
-917
-594
-763
-1150
-1275
-1111
-885
-801
-564
91
924
1506
1714
1753
1700
1240
195
-1219
-2601
-3815
-5194
-6797
-8031
-7902
-6348
-4286
-2709
-1355
577
3173
5341
6051
5339
4385
3802
3306
2216
789
-86
-117
402
758
930
1073
1319
1303
527
-1006
-2743
-4052
-4688
-4778
-4455
-3666
-2401
-660
1254
3004
4348
5339
6025
6506
6648
6534
6264
5980
5621
4919
3808
2393
1072
-150
-1325
-2558
-3626
-4229
-4225
-3571
-2638
-1697
-979
-386
202
614
670
28
-978
-1851
-2208
-2166
-2085
-1914
-1536
-866
-290
-88
-186
-582
-1344
-2618
-4096
-5344
-6242
-7099
-7979
-7883
-6184
-3313
-711
1259
3207
5691
8116
9255
8775
7507
6458
5547
4168
2361
991
372
209
-55
-482
-881
-1187
-1583
-2477
-3867
-5447
-6565
-6963
-6496
-5307
-3762
-2093
-226
1752
3505
4871
5869
6709
7150
7108
6704
6339
6157
5751
4804
3229
1500
-121
-1494
-2704
-3755
-4506
-4822
-4495
-3548
-2082
-500
675
1376
1895
2314
2424
1800
702
-369
-838
-901
-1086
-1279
-1200
-734
-500
-847
-1619
-2619
-3636
-5039
-6688
-8170
-9135
-9735
-10052
-9113
-6645
-3344
-606
1698
4333
7412
9813
10454
9711
8638
7862
6892
5166
3245
2091
1620
1202
457
-234
-757
-1385
-2368
-3742
-5122
-6256
-6935
-6929
-5982
-4229
-2205
-236
1775
3568
4793
5389
5670
5987
6225
5981
5195
4542
4277
4016
3001
1233
-700
-2425
-3689
-4668
-5301
-5473
-5086
-4009
-2390
-268
1765
3190
3869
4094
4130
3710
2624
1164
51
-276
-202
-259
-305
-120
145
-181
-1125
-2498
-3970
-5507
-7114
-8638
-9720
-10306
-10340
-9228
-6732
-3357
-637
1548
3777
6391
8502
9079
8316
7083
6379
5701
4313
2598
1526
1247
865
45
-804
-1312
-1714
-2457
-3710
-4942
-5662
-5579
-4890
-3623
-1735
339
2390
4158
5572
6304
6417
6244
5974
5604
5054
4237
3375
2566
1851
847
-661
-2386
-4054
-5211
-5971
-6263
-6215
-5578
-4327
-2526
-507
1290
2640
3379
3770
3833
3437
2408
1267
505
405
524
490
458
540
674
249
-850
-2346
-3693
-4934
-6199
-7497
-8414
-8734
-8228
-6609
-4099
-1355
716
2661
4747
6922
8084
7789
6698
5751
5222
4332
2808
1275
549
185
-585
-1821
-2813
-3253
-3566
-4217
-5107
-5653
-5437
-4563
-3320
-1686
321
2427
4292
5719
6580
6906
6970
6934
6792
6291
5282
4181
3231
2271
937
-871
-2672
-4099
-4975
-5414
-5617
-5399
-4737
-3599
-2304
-979
351
1351
1880
1912
1863
1659
1041
184
-416
-468
-230
-196
-338
-497
-598
-950
-1811
-2901
-3906
-4701
-5435
-6206
-6767
-6937
-6254
-4352
-1708
1052
2898
4630
6402
8242
8931
8065
6511
5201
4698
3790
2255
626
-110
-375
-1144
-2495
-3697
-4260
-4467
-4926
-5541
-5845
-5341
-4136
-2637
-768
1210
3191
4635
5667
6355
6749
6953
6851
6601
6069
5366
4187
2700
1081
-431
-2184
-4144
-5650
-6317
-5900
-5235
-4385
-3370
-1977
-406
884
1898
2414
2541
2219
1732
1299
842
355
1
-116
-94
-270
-656
-1118
-1632
-2372
-3670
-5096
-6138
-6624
-6882
-7441
-7889
-7925
-6494
-3749
-582
2065
3897
6025
8036
9679
9729
8637
7190
6082
5291
3922
2368
1145
490
-245
-1436
-2959
-4120
-4774
-5174
-5788
-6267
-5979
-4900
-3267
-1533
455
2456
4187
5399
6205
6814
7333
7620
7569
7180
6740
5870
4387
2382
227
-1779
-4068
-6141
-7475
-7676
-7046
-6197
-5111
-3690
-1949
-424
546
1152
1483
1650
1554
1282
929
696
716
990
1219
1142
861
401
-205
-1109
-2242
-3622
-4898
-5908
-6621
-7247
-7804
-8134
-7514
-5378
-2478
355
2276
4251
6399
8303
8845
7857
6557
5663
5160
4104
2536
1369
898
560
-466
-2103
-3477
-4243
-4587
-5110
-5656
-5599
-4827
-3380
-1586
403
2460
4212
5396
5990
6395
7047
7792
8219
8021
7503
6877
5750
4061
1821
-236
-2401
-4557
-6214
-6946
-6641
-6134
-5374
-4527
-3219
-1819
-927
-436
-295
-69
-10
-125
-364
-533
-492
-202
148
382
380
24
-390
-929
-1533
-2520
-3684
-4663
-5409
-6074
-6735
-7241
-6712
-4735
-1835
826
2699
4722
6806
8531
8798
7775
6396
5423
4962
4026
2596
1346
721
200
-1033
-2836
-4421
-5314
-5711
-6102
-6433
-6242
-5248
-3742
-2092
-250
1675
3396
4514
5054
5559
6615
7664
8311
8367
8276
8021
6911
5097
2936
1141
-856
-3023
-4675
-5351
-4968
-4610
-4342
-3936
-3100
-2129
-1580
-1332
-1137
-839
-609
-552
-542
-501
-588
-587
-638
-669
-915
-1337
-1676
-1914
-2067
-2695
-3438
-4098
-4601
-5298
-6161
-6918
-6692
-4756
-2026
542
2279
4278
6347
7920
8197
7240
6107
5464
5450
5067
4102
3202
2761
2047
545
-1683
-3585
-4880
-5585
-6140
-6603
-6363
-5477
-4228
-2971
-1557
111
1668
2697
3189
3691
4893
6328
7433
7732
7795
7605
6620
4960
3052
1376
-387
-2153
-3308
-3542
-3116
-2769
-2683
-2336
-1827
-1318
-1196
-1227
-1197
-1168
-1180
-1217
-1150
-904
-655
-444
-279
-341
-446
-876
-1250
-1611
-1992
-2680
-3657
-4379
-4992
-5727
-6550
-7187
-6705
-4689
-1957
464
2212
4146
5843
6964
6868
5830
4909
4549
4839
4761
4265
3803
3462
2742
968
-1426
-3402
-4525
-4920
-5250
-5576
-5291
-4458
-3296
-2297
-1167
210
1457
2235
2624
3376
4859
6412
7211
7172
6940
6663
5518
3703
1786
284
-1191
-2834
-3746
-3699
-3008
-2755
-2913
-2755
-2056
-1216
-803
-698
-518
-243
-138
-151
-221
-84
85
296
425
386
127
-465
-1084
-1581
-2120
-2991
-4073
-5049
-5803
-6584
-7284
-7653
-6745
-4473
-1593
878
2612
4494
6142
6929
6460
5350
4544
4400
4701
4733
4324
4018
3693
2707
838
-1471
-3258
-4317
-4837
-5256
-5496
-5255
-4650
-3888
-3154
-2122
-704
756
1900
2723
3776
5539
7275
8265
8233
7715
7091
5768
3986
2000
364
-1110
-2536
-3432
-3616
-3311
-3209
-3410
-3430
-3112
-2590
-2069
-1811
-1516
-1296
-1090
-933
-775
-504
-253
258
771
1163
1106
592
72
-315
-712
-1550
-2694
-3775
-4640
-5480
-6255
-6849
-6525
-4844
-2311
206
1881
3363
4683
5616
5703
4978
4220
4005
4457
4704
4420
3963
3585
2782
1206
-843
-2472
-3228
-3522
-3926
-4470
-4597
-4326
-3979
-3765
-3300
-2254
-722
716
1767
3022
4706
6637
7923
8305
8140
7455
6291
4580
2876
1249
-293
-1563
-2407
-2769
-2849
-2892
-2904
-2823
-2674
-2501
-2332
-2054
-1824
-1706
-1800
-1931
-1906
-1620
-1154
-611
-51
325
487
284
10
-238
-551
-1173
-2154
-3165
-4045
-4762
-5454
-6018
-6189
-5337
-3367
-931
1117
2482
3686
4598
5145
5064
4661
4560
4865
5252
5123
4552
3982
3284
2081
238
-1546
-2561
-2951
-3181
-3638
-4083
-4313
-4288
-4169
-3977
-3382
-2229
-938
193
1286
2718
4549
6308
7469
7903
7816
7255
6164
4771
3237
1651
160
-1067
-1871
-2375
-2512
-2673
-2825
-2876
-2715
-2379
-2183
-2066
-2078
-2086
-2036
-2086
-2098
-1762
-1089
-214
430
773
872
809
763
398
-173
-1027
-2060
-2931
-3827
-4504
-5326
-6143
-6331
-5552
-3494
-1360
347
1456
2373
3400
3964
4139
3994
4157
4691
5231
5426
5113
4629
3866
2701
1158
-278
-1205
-1695
-2204
-2931
-3615
-4003
-4079
-4076
-4021
-3668
-2748
-1699
-672
143
1355
3050
4799
6165
6640
6727
6342
5741
4820
3590
2387
1182
232
-477
-1009
-1269
-1672
-2063
-2462
-2613
-2456
-2372
-2302
-2388
-2420
-2321
-2219
-2023
-1774
-1309
-658
-204
107
237
329
342
181
-81
-524
-1096
-1668
-2346
-3124
-4022
-4978
-5475
-5143
-3633
-1759
-212
771
1381
2216
2832
3186
3011
2958
3294
3926
4493
4564
4288
3757
2912
1732
443
-544
-1140
-1647
-2244
-2894
-3281
-3337
-3227
-3110
-2879
-2350
-1532
-740
-53
735
2021
3496
4829
5476
5633
5426
5141
4731
3970
2920
1777
1020
559
213
-299
-934
-1556
-1992
-2328
-2575
-2738
-2773
-2782
-2676
-2498
-2172
-1813
-1506
-1271
-1039
-665
-285
-10
-13
-143
-183
-60
-66
-438
-1070
-1740
-2243
-2848
-3620
-4437
-4524
-3869
-2458
-992
137
913
1438
2048
2423
2774
2902
3048
3280
3777
4336
4579
4180
3350
2296
1346
387
-506
-1281
-1962
-2488
-3003
-3309
-3388
-3170
-2927
-2800
-2477
-1766
-730
159
811
1535
2509
3514
4086
4279
4245
4268
4158
3743
3040
2361
1912
1546
931
144
-577
-1061
-1463
-1966
-2353
-2649
-2647
-2599
-2395
-2158
-1846
-1476
-1178
-939
-720
-420
-48
201
313
326
346
449
398
110
-396
-818
-1217
-1718
-2295
-2599
-2487
-2116
-1822
-1503
-1173
-694
-281
54
377
783
1307
1700
2038
2267
2458
2399
2041
1494
1016
645
407
220
-72
-547
-1069
-1366
-1466
-1593
-1893
-2098
-1928
-1244
-338
373
746
790
711
667
728
895
972
1066
1273
1620
1933
1921
1558
1060
592
179
-175
-413
-460
-437
-457
-508
-416
-168
85
199
236
433
718
1012
1172
1218
1262
1334
1368
1203
889
475
79
-249
-444
-598
-768
-878
-823
-560
-370
-327
-450
-608
-743
-962
-1155
-1246
-1154
-1033
-982
-913
-753
-565
-609
-949
-1460
-1886
-2126
-2300
-2367
-2359
-2250
-2077
-1860
-1566
-1318
-1082
-833
-404
204
942
1694
2333
2768
2879
2678
2255
1875
1617
1431
1312
1357
1605
1894
1942
1680
1218
807
521
280
94
-22
-37
-66
-70
3
147
260
402
550
712
987
1224
1342
1403
1497
1517
1326
899
375
-84
-444
-790
-1177
-1464
-1584
-1446
-1177
-952
-759
-623
-494
-485
-571
-668
-721
-718
-749
-849
-840
-714
-658
-839
-1275
-1664
-1954
-2144
-2398
-2688
-2876
-2864
-2683
-2404
-2172
-1953
-1702
-1358
-844
-190
591
1331
2049
2649
3105
3321
3261
2964
2560
2179
1911
1774
1795
1910
1909
1729
1341
910
547
292
139
0
-115
-239
-332
-448
-487
-450
-379
-253
-117
102
388
690
979
1236
1427
1492
1360
1089
787
538
280
-66
-494
-874
-1015
-952
-774
-630
-573
-539
-489
-422
-319
-254
-271
-355
-437
-397
-274
-120
-129
-414
-885
-1344
-1575
-1681
-1863
-2231
-2660
-2904
-2886
-2695
-2586
-2571
-2483
-2169
-1571
-904
-201
482
1142
1702
2087
2339
2483
2531
2440
2289
2166
2160
2197
2163
1960
1598
1143
688
359
178
76
-51
-117
-75
-2
-22
-195
-362
-386
-238
-33
129
277
469
768
1105
1332
1331
1143
909
774
702
510
164
-179
-317
-261
-215
-242
-295
-273
-200
-173
-158
-83
20
23
-106
-167
-34
196
285
114
-190
-476
-680
-934
-1279
-1738
-2216
-2631
-2918
-3066
-3126
-3141
-3119
-2985
-2692
-2211
-1620
-985
-400
82
459
770
1049
1305
1528
1729
1921
2093
2243
2336
2335
2153
1786
1339
973
756
641
532
392
283
215
195
153
88
13
-36
-23
79
278
511
720
884
979
1021
1005
933
803
632
487
362
285
292
367
453
463
358
243
149
104
88
90
118
95
-1
-135
-175
-117
-74
-117
-257
-414
-534
-638
-808
-1099
-1490
-1918
-2324
-2634
-2896
-3088
-3155
-3077
-2883
-2605
-2272
-1849
-1360
-866
-459
-157
116
369
600
811
1082
1444
1817
2121
2283
2319
2251
2035
1685
1279
903
620
425
275
203
164
186
182
99
-8
-31
111
348
593
783
936
1102
1268
1351
1299
1106
843
605
458
381
355
381
469
619
740
784
715
632
562
547
565
537
433
235
47
-71
-80
-97
-202
-407
-592
-685
-751
-837
-1065
-1420
-1814
-2142
-2394
-2596
-2768
-2892
-2959
-2955
-2890
-2715
-2384
-2004
-1683
-1444
-1197
-900
-553
-216
82
375
701
1063
1387
1644
1803
1921
1955
1905
1754
1489
1205
941
746
571
390
223
113
75
101
157
242
347
490
651
813
994
1157
1262
1268
1196
1102
1023
958
846
703
618
618
672
697
678
644
653
756
883
912
781
554
329
167
36
-75
-190
-265
-301
-294
-293
-340
-476
-712
-970
-1189
-1319
-1417
-1541
-1690
-1777
-1788
-1788
-1810
-1848
-1887
-1916
-1969
-2011
-2006
-1926
-1785
-1654
-1513
-1292
-977
-619
-277
14
266
489
684
850
954
1004
1005
985
963
929
823
637
445
287
188
131
111
170
291
451
591
687
745
760
798
854
965
1108
1243
1347
1416
1496
1579
1622
1563
1425
1319
1347
1491
1646
1711
1634
1487
1320
1160
941
643
341
115
17
-17
-64
-173
-345
-536
-735
-913
-1071
-1233
-1400
-1552
-1606
-1555
-1427
-1316
-1280
-1297
-1340
-1372
-1434
-1544
-1678
-1825
-1973
-2097
-2136
-2064
-1942
-1822
-1712
-1582
-1360
-1080
-773
-517
-318
-156
-1
184
376
542
640
707
762
813
887
937
959
955
939
959
1004
1053
1082
1094
1060
1005
922
876
887
965
1078
1188
1270
1305
1312
1328
1379
1417
1392
1265
1121
1034
1036
1030
949
783
632
553
527
472
346
175
37
-17
-44
-113
-256
-422
-555
-649
-732
-794
-840
-846
-836
-795
-711
-621
-588
-659
-759
-860
-967
-1128
-1375
-1642
-1924
-2204
-2471
-2627
-2623
-2507
-2391
-2316
-2201
-2008
-1758
-1506
-1275
-1048
-790
-502
-172
181
523
822
1050
1233
1392
1507
1557
1556
1533
1515
1503
1475
1434
1387
1353
1345
1324
1293
1270
1262
1312
1409
1541
1633
1623
1518
1365
1239
1136
1013
827
606
420
338
334
324
239
121
34
11
3
-20
-72
-113
-136
-175
-222
-288
-344
-394
-429
-422
-361
-273
-196
-153
-105
-35
-6
-70
-244
-459
-663
-894
-1162
-1465
-1725
-1965
-2226
-2523
-2789
-2909
-2856
-2722
-2627
-2561
-2409
-2118
-1761
-1413
-1110
-820
-515
-192
140
449
723
942
1118
1283
1444
1567
1596
1534
1431
1338
1296
1270
1251
1234
1236
1287
1369
1445
1477
1470
1487
1560
1643
1672
1599
1442
1268
1114
984
820
613
419
285
234
209
202
200
211
227
212
171
93
25
-35
-101
-168
-222
-230
-215
-181
-149
-103
-56
-22
-30
-81
-130
-173
-244
-376
-556
-753
-941
-1162
-1426
-1716
-1980
-2197
-2418
-2640
-2794
-2791
-2636
-2434
-2276
-2138
-1940
-1657
-1333
-1031
-766
-535
-308
-53
244
560
826
1007
1110
1186
1253
1281
1241
1126
1001
900
853
840
847
874
933
1025
1130
1193
1228
1261
1338
1437
1496
1477
1376
1275
1206
1170
1114
1017
897
809
787
814
844
866
886
903
920
896
833
727
617
517
418
337
236
119
-21
-141
-229
-298
-377
-503
-663
-825
-975
-1126
-1288
-1447
-1580
-1692
-1790
-1931
-2099
-2258
-2361
-2451
-2563
-2677
-2730
-2650
-2455
-2209
-1995
-1808
-1613
-1331
-979
-582
-213
113
430
731
1027
1258
1409
1485
1524
1544
1516
1423
1277
1105
948
823
737
680
641
638
686
756
814
824
811
786
797
831
856
850
811
785
788
814
814
778
726
701
725
780
843
888
926
973
1013
1007
951
872
779
707
648
589
476
315
134
-40
-199
-361
-527
-696
-837
-949
-1041
-1158
-1307
-1465
-1598
-1680
-1743
-1816
-1916
-2013
-2090
-2170
-2309
-2503
-2677
-2702
-2553
-2287
-1999
-1723
-1439
-1116
-767
-427
-129
126
365
593
826
1026
1170
1272
1344
1386
1381
1325
1219
1075
946
851
811
802
802
808
854
928
974
970
928
919
968
1061
1143
1176
1183
1182
1182
1172
1120
1027
923
850
808
790
777
766
772
799
828
810
754
676
578
489
391
278
123
-57
-229
-375
-491
-615
-756
-902
-985
-1003
-1001
-1023
-1084
-1145
-1189
-1238
-1322
-1459
-1621
-1774
-1884
-1972
-2074
-2195
-2292
-2296
-2178
-1957
-1701
-1474
-1269
-1039
-769
-476
-209
-5
173
350
566
768
912
983
996
999
1005
992
912
767
623
545
536
569
602
642
711
806
907
982
1026
1066
1121
1211
1326
1423
1478
1460
1403
1334
1256
1164
1036
901
791
715
671
634
589
544
495
458
401
320
219
99
-32
-161
-287
-405
-495
-543
-566
-590
-622
-642
-648
-654
-692
-781
-872
-942
-985
-1053
-1166
-1300
-1425
-1537
-1649
-1781
-1927
-2072
-2175
-2182
-2078
-1880
-1652
-1444
-1254
-1051
-815
-542
-304
-98
75
249
450
633
759
807
806
795
796
779
730
641
552
498
485
506
553
630
743
898
1058
1189
1279
1328
1383
1460
1530
1567
1537
1474
1394
1322
1242
1129
972
803
658
554
502
471
456
432
417
405
386
337
261
161
75
8
-53
-115
-177
-235
-281
-323
-368
-428
-510
-594
-682
-771
-854
-932
-995
-1068
-1159
-1263
-1364
-1472
-1596
-1728
-1855
-1965
-2047
-2071
-2020
-1879
-1675
-1458
-1259
-1083
-885
-652
-394
-137
81
268
427
592
736
846
896
892
864
826
781
716
658
619
616
618
628
660
745
871
991
1057
1068
1051
1040
1045
1054
1037
983
904
836
796
771
723
645
541
458
418
404
389
376
375
393
427
458
463
408
325
236
162
94
20
-61
-142
-187
-215
-245
-303
-394
-494
-586
-667
-736
-802
-858
-911
-979
-1054
-1143
-1234
-1344
-1447
-1558
-1653
-1737
-1807
-1825
-1762
-1609
-1415
-1220
-1052
-878
-668
-422
-195
-23
91
185
306
458
591
668
681
674
677
689
688
667
652
660
702
779
865
955
1041
1106
1134
1133
1119
1083
1052
1041
1037
1015
966
915
869
834
768
657
538
448
401
391
384
367
355
369
383
372
320
223
123
43
-18
-66
-110
-160
-226
-302
-369
-436
-494
-560
-631
-684
-723
-732
-744
-751
-755
-764
-781
-817
-881
-979
-1077
-1173
-1250
-1310
-1362
-1403
-1406
-1344
-1217
-1068
-925
-784
-638
-466
-288
-138
-32
59
171
296
410
479
515
535
559
597
626
622
587
543
539
569
634
702
766
828
889
947
964
950
909
868
833
787
756
732
711
680
653
613
551
487
425
371
336
302
280
267
269
262
227
168
82
-26
-127
-211
-287
-351
-415
-463
-495
-512
-535
-548
-563
-574
-574
-585
-606
-613
-598
-572
-531
-506
-501
-527
-590
-659
-751
-821
-899
-977
-1039
-1062
-1003
-883
-744
-631
-539
-438
-302
-151
-24
61
121
179
239
287
297
268
235
220
239
265
291
288
294
318
357
411
467
518
570
637
704
759
775
769
743
725
716
718
708
685
664
654
635
593
534
471
423
383
362
352
345
328
293
246
182
95
-11
-117
-200
-260
-296
-324
-349
-383
-414
-417
-413
-396
-378
-356
-329
-301
-263
-234
-222
-225
-235
-256
-299
-355
-425
-505
-601
-696
-802
-907
-971
-979
-922
-824
-727
-655
-591
-523
-447
-373
-298
-220
-152
-80
-8
58
103
144
183
218
257
301
355
406
460
510
559
595
607
618
632
642
645
630
595
551
527
524
524
517
487
461
447
434
416
388
362
350
359
385
420
423
400
364
326
291
229
147
45
-43
-103
-145
-186
-234
-289
-334
-352
-344
-323
-308
-277
-241
-187
-138
-110
-102
-124
-157
-200
-261
-344
-436
-544
-638
-740
-836
-942
-1055
-1138
-1166
-1138
-1060
-968
-881
-785
-676
-545
-425
-311
-206
-126
-42
38
133
211
274
316
352
401
449
505
536
566
589
621
657
700
738
748
738
711
681
659
638
611
583
565
558
552
531
506
460
409
375
345
321
292
265
236
210
183
154
110
49
-23
-96
-174
-235
-279
-308
-327
-336
-329
-303
-260
-199
-130
-73
-13
43
97
139
156
148
111
49
-31
-126
-247
-381
-514
-644
-770
-896
-1019
-1127
-1199
-1230
-1219
-1174
-1108
-1020
-924
-815
-690
-567
-447
-342
-237
-132
-35
64
153
240
308
372
421
453
474
488
500
522
542
565
589
614
637
648
643
632
637
644
649
649
650
652
653
648
631
598
561
535
498
457
410
355
302
244
193
141
94
44
-5
-47
-90
-115
-141
-159
-169
-167
-142
-110
-64
-21
21
46
66
79
81
71
38
8
-37
-103
-194
-300
-414
-535
-658
-783
-901
-1001
-1084
-1147
-1200
-1221
-1218
-1187
-1122
-1031
-926
-806
-683
-563
-437
-307
-185
-77
17
104
193
272
336
368
380
388
386
387
395
410
436
476
519
563
596
630
662
693
712
720
720
709
688
667
647
623
589
550
510
472
442
411
378
335
304
265
231
196
162
131
100
81
56
34
10
-12
-25
-43
-43
-56
-59
-64
-75
-82
-96
-113
-136
-152
-163
-182
-215
-263
-319
-386
-463
-546
-636
-709
-769
-822
-868
-912
-950
-976
-987
-979
-951
-906
-843
-764
-668
-561
-451
-345
-243
-141
-46
51
130
202
262
312
349
372
382
386
391
403
424
447
477
504
536
565
597
618
634
641
644
642
641
636
637
628
619
594
563
527
490
459
426
398
365
334
307
283
259
233
202
170
133
105
69
36
-5
-42
-75
-106
-127
-155
-182
-219
-251
-278
-301
-322
-351
-381
-418
-448
-488
-529
-575
-619
-664
-711
-751
-790
-813
-832
-841
-848
-850
-840
-821
-788
-748
-697
-639
-568
-494
-416
-334
-255
-175
-99
-25
46
108
165
212
255
289
321
356
390
431
467
509
547
597
643
684
716
733
750
758
764
758
744
726
708
683
656
617
573
527
481
440
394
359
319
290
266
250
236
218
199
180
166
152
135
113
90
65
46
26
2
-25
-60
-88
-118
-143
-175
-211
-251
-299
-344
-398
-451
-510
-567
-624
-683
-739
-797
-850
-899
-936
-963
-979
-982
-979
-970
-947
-910
-863
-810
-754
-695
-628
-552
-469
-382
-296
-206
-120
-34
51
136
215
287
353
412
469
523
574
620
663
704
739
767
789
807
822
835
845
847
848
847
843
832
814
786
751
713
671
627
579
534
489
446
403
361
320
276
233
187
142
100
63
30
2
-27
-56
-88
-119
-151
-184
-218
-254
-289
-328
-362
-401
-438
-480
-523
-567
-614
-657
-702
-742
-784
-821
-856
-884
-904
-920
-928
-934
-929
-915
-892
-860
-825
-786
-742
-689
-631
-569
-503
-433
-358
-278
-193
-109
-26
53
128
201
272
340
403
465
524
582
637
689
738
781
822
860
894
922
943
957
961
957
942
919
890
852
808
757
704
651
598
547
498
448
400
354
306
257
209
161
116
76
43
17
-7
-28
-51
-76
-102
-129
-159
-189
-218
-246
-273
-299
-324
-353
-389
-429
-474
-521
-567
-612
-656
-699
-738
-773
-805
-831
-856
-876
-890
-893
-887
-870
-848
-822
-787
-746
-696
-643
-588
-531
-471
-403
-330
-253
-178
-104
-35
34
105
172
240
304
371
434
498
558
612
663
709
752
789
821
845
864
874
877
873
862
844
819
790
754
712
665
617
570
522
477
429
382
333
286
242
200
161
125
90
59
32
5
-19
-42
-65
-89
-114
-142
-170
-197
-221
-245
-269
-293
-319
-346
-377
-407
-441
-472
-505
-536
-567
-599
-629
-658
-682
-703
-718
-730
-738
-742
-742
-736
-723
-705
-680
-649
-616
-577
-534
-489
-438
-385
-324
-263
-196
-130
-67
-3
62
126
189
254
315
375
435
491
546
597
647
691
728
759
781
795
806
810
807
798
782
759
735
704
670
628
580
531
483
440
395
347
298
249
207
170
138
106
74
44
17
-3
-20
-36
-55
-73
-92
-110
-127
-147
-171
-199
-230
-258
-286
-315
-346
-378
-408
-438
-465
-492
-520
-547
-571
-593
-606
-618
-626
-631
-634
-632
-627
-615
-600
-581
-556
-528
-496
-459
-422
-382
-337
-289
-237
-183
-130
-77
-24
29
83
137
189
241
294
347
397
445
486
523
554
581
602
618
630
639
644
645
641
632
616
597
575
549
517
481
442
405
367
330
293
255
219
184
153
123
96
71
48
25
4
-16
-35
-51
-65
-80
-95
-112
-133
-155
-179
-204
-229
-254
-280
-306
-332
-358
-382
-408
-433
-456
-477
-494
-508
-519
-528
-535
-540
-541
-539
-533
-523
-508
-488
-464
-435
-402
-366
-327
-286
-243
-200
-156
-110
-61
-12
37
86
133
178
221
263
301
336
367
394
417
436
451
464
473
481
485
486
483
479
473
466
459
447
430
412
390
367
345
321
298
274
253
234
217
197
178
158
139
118
96
73
50
29
7
-15
-41
-69
-99
-128
-157
-186
-214
-240
-266
-290
-312
-333
-354
-373
-389
-403
-415
-423
-428
-430
-430
-427
-423
-416
-406
-391
-372
-351
-327
-301
-272
-240
-209
-178
-148
-118
-90
-62
-36
-14
10
34
58
80
100
118
134
149
165
178
190
198
208
217
226
232
238
243
250
258
266
273
279
285
290
292
290
287
282
278
275
272
267
263
259
254
251
247
239
229
220
210
198
182
163
142
119
93
64
33
0
-34
-68
-105
-144
-184
-222
-257
-289
-320
-348
-374
-396
-411
-424
-433
-441
-445
-443
-437
-425
-410
-390
-367
-343
-315
-287
-257
-226
-194
-161
-127
-93
-61
-30
0
25
48
69
89
107
125
142
156
168
178
185
191
195
198
197
198
197
198
199
200
200
198
198
198
197
196
192
188
184
181
181
180
180
180
181
184
187
188
187
182
178
174
170
163
153
139
124
106
88
65
39
10
-18
-48
-78
-111
-146
-181
-215
-245
-274
-301
-325
-341
-355
-363
-369
-372
-371
-364
-352
-336
-317
-296
-269
-238
-207
-175
-145
-116
-87
-57
-28
-3
22
46
69
90
108
122
133
143
152
162
171
178
184
188
191
195
196
195
192
188
187
187
185
182
176
169
162
155
145
133
120
108
96
87
78
72
63
55
47
40
33
25
16
7
-3
-10
-18
-25
-33
-41
-51
-61
-70
-80
-92
-103
-115
-129
-142
-156
-171
-185
-199
-211
-221
-230
-239
-243
-246
-246
-244
-239
-231
-219
-203
-185
-163
-140
-115
-87
-60
-33
-3
20
43
64
82
98
111
123
133
142
148
153
156
158
159
159
159
159
160
160
161
161
162
161
162
163
162
160
159
157
152
148
143
137
130
122
114
106
98
88
81
71
62
52
43
33
22
12
0
-12
-23
-37
-48
-61
-73
-87
-97
-108
-120
-129
-141
-153
-166
-178
-191
-202
-212
-222
-231
-237
-243
-247
-249
-248
-247
-241
-233
-222
-209
-193
-174
-155
-135
-112
-90
-65
-41
-16
6
27
47
63
77
91
101
112
121
129
135
140
143
146
148
149
151
156
159
164
167
171
176
180
183
185
188
190
190
190
189
187
184
181
179
176
175
171
167
162
156
148
140
131
120
107
95
79
61
42
20
-2
-26
-49
-73
-96
-120
-144
-167
-191
-214
-236
-257
-274
-291
-305
-316
-326
-331
-335
-335
-331
-325
-314
-302
-287
-267
-246
-223
-197
-171
-142
-114
-84
-54
-25
3
29
54
75
95
111
126
138
148
158
167
173
177
179
180
180
178
175
174
170
167
165
161
158
155
150
146
142
139
136
133
130
127
125
122
121
120
120
117
115
113
110
107
103
96
89
80
71
59
47
31
16
-1
-19
-38
-56
-77
-96
-117
-138
-157
-176
-194
-212
-227
-241
-252
-261
-269
-274
-278
-277
-273
-268
-259
-248
-235
-219
-202
-182
-161
-139
-114
-89
-64
-39
-13
9
30
50
68
83
98
111
122
132
141
149
157
162
166
168
170
170
170
169
167
165
162
157
154
149
143
139
135
131
129
126
125
122
120
117
112
108
103
97
91
85
80
74
65
57
47
39
28
18
7
-4
-16
-27
-39
-51
-63
-76
-90
-104
-117
-130
-142
-152
-163
-172
-181
-189
-195
-201
-206
-210
-212
-213
-212
-210
-206
-201
-193
-185
-176
-166
-155
-144
-132
-119
-105
-92
-78
-63
-49
-36
-22
-11
2
15
27
39
51
63
76
87
100
112
124
136
147
157
167
175
182
189
195
199
203
206
209
211
213
213
212
209
204
197
189
178
168
156
145
133
121
111
99
86
73
60
48
36
22
9
-3
-14
-25
-37
-48
-60
-72
-84
-95
-106
-117
-128
-138
-147
-156
-164
-172
-178
-185
-191
-194
-196
-197
-197
-195
-191
-187
-182
-176
-170
-166
-159
-152
-144
-136
-129
-119
-110
-100
-91
-82
-72
-64
-54
-46
-36
-25
-14
-2
10
24
37
50
64
76
88
100
111
121
132
141
150
159
167
174
181
186
190
191
192
191
188
185
180
174
168
162
154
145
136
126
115
105
93
82
71
58
46
36
23
12
1
-10
-21
-31
-41
-51
-60
-70
-79
-87
-93
-101
-107
-113
-119
-124
-127
-130
-131
-134
-134
-134
-134
-131
-130
-128
-125
-121
-118
-114
-109
-105
-99
-94
-88
-81
-76
-69
-62
-56
-50
-42
-36
-29
-22
-14
-7
0
9
18
25
33
40
48
56
63
70
76
83
89
95
100
105
108
111
113
114
115
113
112
110
107
105
101
96
92
85
80
73
66
59
54
46
39
32
26
20
14
8
2
-3
-9
-14
-20
-24
-29
-33
-37
-41
-45
-49
-53
-57
-61
-65
-68
-70
-73
-75
-76
-77
-78
-79
-79
-79
-79
-79
-77
-76
-73
-71
-68
-64
-61
-56
-53
-48
-42
-37
-32
-27
-22
-17
-11
-6
-1
5
11
16
21
27
32
38
43
48
53
57
62
65
69
71
74
76
77
77
77
75
74
72
70
67
64
60
57
52
48
44
40
36
32
28
24
20
16
12
8
5
1
-2
-3
-6
-9
-12
-14
-17
-20
-22
-25
-27
-31
-32
-35
-38
-40
-42
-44
-46
-48
-50
-52
-54
-56
-57
-59
-60
-61
-61
-62
-61
-61
-59
-58
-55
-54
-51
-48
-45
-41
-37
-32
-28
-24
-18
-14
-8
-2
4
10
16
21
27
32
38
43
47
52
55
58
61
63
65
65
66
65
64
63
61
58
57
53
51
48
45
41
38
34
31
28
24
20
17
13
10
8
4
2
-1
-3
-5
-7
-10
-12
-13
-15
-18
-19
-20
-23
-24
-26
-27
-28
-29
-30
-30
-32
-32
-33
-34
-34
-35
-35
-35
-35
-35
-35
-33
-33
-32
-31
-29
-28
-27
-25
-24
-22
-19
-18
-15
-14
-11
-8
-5
-4
0
3
6
9
12
15
17
21
23
26
27
30
32
33
34
35
35
35
35
34
33
32
31
28
27
24
23
20
17
14
12
9
7
5
3
1
-2
-3
-6
-7
-7
-9
-10
-11
-12
-12
-14
-14
-13
-14
-14
-13
-14
-14
-14
-13
-14
-13
-12
-12
-13
-12
-10
-12
-11
-10
-10
-9
-10
-9
-7
-7
-8
-6
-5
-6
-5
-6
-5
-5
-3
-3
-3
-3
-1
-1
-1
1
1
1
2
3
4
4
5
6
7
9
8
8
9
9
10
11
11
11
10
10
10
10
9
8
8
6
5
5
4
3
2
2
1
1
0
-1
-1
-2
-2
-2
-2
-3
-3
-5
-5
-5
-5
-6
-7
-7
-8
-8
-8
-9
-9
-9
-9
-8
-8
-8
-8
-7
-6
-5
-5
-3
-3
-2
-1
1
1
2
4
5
7
8
9
10
11
13
14
14
15
15
17
17
17
17
17
18
16
16
16
15
14
13
12
10
9
7
6
5
2
1
-1
-2
-4
-6
-7
-9
-10
-11
-13
-13
-14
-15
-15
-16
-15
-16
-16
-16
-16
-15
-15
-15
-14
-14
-14
-14
-15
-14
-14
-14
-14
-13
-13
-13
-12
-12
-12
-12
-11
-11
-9
-8
-7
-6
-5
-3
-2
-1
0
1
3
4
5
7
8
9
10
11
13
14
15
16
17
18
19
19
20
20
21
21
21
22
22
21
20
20
20
19
18
17
17
15
14
12
10
10
8
6
4
3
1
-1
-3
-4
-5
-6
-8
-9
-11
-11
-13
-14
-15
-15
-15
-15
-16
-16
-16
-16
-16
-17
-16
-16
-15
-15
-16
-14
-14
-13
-13
-12
-11
-10
-9
-9
-7
-6
-5
-3
-2
-1
0
1
3
3
5
5
6
7
7
7
8
8
9
8
9
8
8
7
7
7
7
6
6
6
6
5
4
4
4
3
3
3
3
3
3
2
1
2
2
1
1
0
0
0
-1
0
-1
0
-1
-1
-1
-1
-2
-3
-3
-2
-3
-3
-3
-4
-4
-4
-4
-4
-5
-4
-4
-4
-5
-4
-4
-4
-3
-2
-2
-2
-2
-1
-1
0
0
1
1
1
2
3
4
4
4
3
4
4
3
3
3
3
3
3
3
2
2
2
1
1
0
0
0
-1
0
-1
-1
-1
-1
-1
-1
-2
-1
-1
-1
-1
-1
-1
-1
-1
0
0
-1
-1
-1
0
-1
-1
-1
-1
-1
-1
-1
-1
-1
0
0
-1
-1
0
0
-1
0
-1
-2
-2
-2
-1
-1
-1
-1
-2
-1
-1
-2
-1
-1
0
-1
-1
0
0
0
0
1
1
1
2
2
2
3
3
3
3
3
4
3
3
3
3
3
3
2
2
2
2
1
1
1
1
1
1
0
0
-1
-2
-2
-1
-2
-2
-4
-2
-3
-4
-4
-4
-4
-4
-3
-3
-3
-3
-2
-2
-1
0
1
0
1
2
3
3
3
4
3
4
4
4
4
4
4
3
3
3
2
2
1
1
-1
0
-1
-2
-2
-2
-2
-3
-3
-2
-2
-2
-3
-2
-2
-2
-3
-1
-1
-1
-1
-2
-2
-2
-2
-1
-2
-2
-3
-2
-2
-3
-3
-2
-3
-3
-3
-2
-2
-2
-2
-2
-2
-2
-1
0
0
0
0
0
0
1
0
0
0
0
1
0
0
0
-1
0
1
0
1
1
1
1
2
2
2
3
3
3
4
4
4
5
5
4
4
5
5
4
4
4
4
4
4
3
4
3
3
4
3
2
2
2
2
3
2
1
2
1
2
2
2
1
1
0
0
-1
-2
-2
-2
-3
-4
-4
-4
-4
-5
-5
-5
-6
-7
-7
-6
-6
-6
-7
-6
-5
-5
-5
-6
-4
-4
-3
-3
-3
-3
-3
-3
-2
-2
-2
-1
-1
-1
-1
-1
-1
0
0
0
1
0
0
1
1
2
2
1
2
2
1
3
3
3
4
4
4
5
4
4
5
5
5
5
5
5
5
4
4
5
4
4
4
4
3
4
3
3
2
3
2
1
1
0
0
-1
-1
-1
-2
-2
-2
-3
-3
-3
-4
-3
-4
-4
-4
-4
-4
-4
-4
-4
-4
-4
-3
-3
-3
-3
-4
-2
-2
-2
-2
-1
-1
-1
-1
-1
-1
-1
0
-1
0
0
0
0
1
0
1
0
0
0
1
2
2
1
2
1
2
2
2
2
2
2
1
2
2
3
1
1
2
2
2
1
1
1
1
2
2
1
0
1
1
1
1
2
1
0
1
0
0
0
1
-1
0
-1
0
-1
0
0
-1
0
-1
-1
-1
-1
-1
-1
-1
-1
-1
-2
-2
-1
-2
-2
-1
-2
-1
-1
-1
0
0
-1
-1
0
-1
0
-1
0
0
0
1
0
1
0
0
1
1
1
1
1
1
1
0
1
0
0
0
1
1
2
1
1
1
1
2
1
2
2
1
1
1
1
1
1
1
1
1
0
1
1
1
1
1
1
1
0
0
1
1
0
0
-1
1
-1
-1
-1
0
-1
0
-1
-1
-1
-1
-1
-1
-1
-1
-1
-1
0
-1
-1
-1
-2
-1
0
0
-1
0
-1
-1
-1
-2
-1
-1
0
-1
-1
0
0
-1
-1
0
-1
0
-1
0
0
0
0
0
0
0
1
0
0
1
0
0
1
1
1
1
0
-1
1
0
1
0
0
0
0
1
1
0
1
1
1
1
0
0
0
1
1
1
0
0
1
0
0
0
0
1
0
0
0
0
0
-1
-1
0
0
0
0
-1
0
0
1
-1
0
0
-1
0
0
-1
0
0
0
0
0
0
0
0
1
-1
0
0
0
-1
-1
-1
0
0
0
0
1
0
-1
0
0
0
0
1
0
-1
0
0
0
0
0
1
0
0
0
0
0
0
0
0
0
0
1
0
0
0
0
0
0
0
0
0
0
0
0
0
-1
-1
0
0
-1
0
0
0
-1
0
0
-1
-1
0
0
0
0
0
0
0
0
0
0
0
0
0
0
0
0
-1
0
0
1
0
0
-1
1
0
0
0
0
0
0
0
0
0
0
-1
1
0
0
-1
0
0
0
1
0
0
0
0
0
1
0
0
0
1
-1
0
0
0
-1
-1
0
0
0
1
0
0
0
0
0
1
0
-1
-1
0
0
0
0
0
0
0
-1
0
-1
0
1
0
0
0
0
1
0
0
0
0
0
-1
-1
0
0
0
0
-1
0
0
0
0
-1
0
0
-1
-1
0
0
0
-1
0
0
0
0
0
0
0
0
-1
0
0
0
1
0
1
0
-1
0
1
0
0
-1
0
0
0
0
0
0
1
0
1
0
0
0
0
0
1
0
1
0
0
0
1
0
1
0
0
0
-1
0
0
0
0
0
0
0
0
0
-1
0
0
0
0
0
0
0
0
0
0
1
0
1
0
0
1
0
0
1
0
0
1
0
0
1
0
0
0
0
0
0
0
0
0
0
0
1
0
0
-1
0
0
-1
0
-1
0
0
1
1
0
0
0
-1
0
0
0
0
0
0
1
0
0
-1
0
0
0
0
-1
0
1
0
0
0
0
0
-1
0
0
0
0
0
0
0
1
0
0
0
0
0
-1
0
0
0
0
0
1
0
0
0
0
0
0
0
1
0
-1
0
-1
1
0
0
0
0
-1
0
-1
0
0
0
0
-1
1
0
0
0
1
0
-1
0
1
1
0
-1
0
0
0
0
0
0
0
0
-1
0
0
0
0
1
-1
0
0
-1
0
0
0
0
0
1
1
0
0
0
-1
-1
0
0
0
1
0
0
0
0
0
0
1
0
0
-1
0
0
1
0
0
0
0
0
1
0
0
-1
0
0
0
0
0
0
0
0
1
0
0
0
0
0
0
0
0
1
0
0
0
0
0
0
-1
0
0
0
0
1
0
0
1
0
0
0
1
-1
0
-1
0
0
0
1
0
0
0
0
0
0
1
0
0
0
0
0
0
0
0
0
-1
0
0
0
1
0
0
0
1
0
0
0
0
0
0
0
0
0
0
1
0
1
0
-1
0
0
-1
0
0
0
-1
0
0
0
-1
0
-1
1
-1
1
0
0
0
0
0
1
0
1
0
0
0
0
0
0
0
0
0
0
0
1
0
0
-1
0
0
0
0
0
0
0
0
0
0
-1
0
0
1
0
0
-1
0
0
0
0
0
0
0
0
-1
0
1
0
0
0
0
1
0
0
0
0
0
-1
0
0
-1
0
0
0
0
0
0
0
0
0
0
0
1
1
1
1
0
0
-1
1
0
0
0
0
0
0
0
0
0
0
0
0
1
0
0
1
0
1
0
0
1
0
0
0
0
1
0
0
-1
0
0
1
1
0
0
-1
0
-1
-1
0
0
0
1
1
0
-1
0
1
0
0
0
0
1
0
1
-1
0
1
0
0
0
-1
0
0
0
1
0
-1
0
-1
-1
0
0
1
0
0
0
1
1
0
0
1
1
-1
0
-1
0
0
0
1
0
0
0
0
-1
0
0
-1
0
0
-1
-1
1
0
0
0
0
-1
0
1
0
0
0
-1
1
0
1
0
1
-1
0
0
0
-1
0
0
0
0
0
0
0
0
0
0
0
0
0
0
0
0
0
1
0
0
0
0
1
0
0
0
0
0
0
0
0
0
0
0
0
0
0
0
0
0
0
0
0
1
0
0
0
0
-1
0
0
1
0
0
0
0
0
-1
0
0
0
0
0
0
-1
0
0
-1
0
0
0
-1
0
0
0
0
-1
0
0
0
0
0
0
0
0
0
0
0
0
0
0
0
-1
0
0
0
-1
0
-1
0
-1
0
0
0
0
1
0
0
0
0
-1
1
0
0
0
0
0
1
0
0
0
0
0
0
1
0
0
0
0
-1
0
-1
0
0
0
0
0
0
0
0
0
0
0
0
0
0
0
0
0
1
0
1
1
0
1
0
0
0
0
0
1
0
1
0
0
0
1
0
0
-1
0
0
1
0
-1
0
0
0
0
-1
-1
1
0
0
1
0
0
1
0
0
0
-1
1
0
0
0
0
0
0
-1
0
0
0
0
0
0
0
0
0
0
0
0
0
0
0
0
0
0
0
0
-1
0
-1
0
-1
0
0
0
0
0
-1
0
-1
1
0
0
0
0
0
-1
0
-1
0
-1
0
0
0
0
-1
0
-1
0
1
0
0
0
0
0
0
1
0
0
0
0
0
0
-1
0
0
0
0
0
0
0
0
1
0
1
1
0
0
0
0
0
0
0
0
0
0
1
0
1
0
0
0
0
0
0
0
1
0
0
0
1
0
1
1
0
0
0
0
-1
0
0
1
0
0
0
0
0
0
0
0
0
0
0
0
0
-1
0
0
0
0
0
0
0
0
0
-1
0
1
0
0
0
0
0
0
0
-1
1
0
0
0
1
0
1
0
0
0
0
0
0
0
-1
0
1
0
0
0
1
0
0
0
0
-1
1
1
0
0
1
0
0
0
0
0
0
0
0
-1
0
0
0
0
1
0
0
0
0
0
0
-1
-1
1
0
0
1
0
0
-1
0
-1
1
0
1
0
0
0
0
1
-1
0
0
0
0
0
0
0
0
0
0
0
0
0
0
-1
0
0
0
0
1
0
0
0
0
0
0
0
0
-1
0
0
0
-1
0
0
1
0
-1
0
0
0
0
1
1
1
0
0
-1
0
0
-1
0
0
0
0
-1
0
0
0
0
0
0
1
0
0
0
0
0
1
0
0
0
0
0
0
0
-1
1
-1
0
-1
0
0
0
0
-1
0
0
0
0
0
0
0
0
0
1
0
0
0
0
0
0
0
0
0
0
0
0
0
0
-1
0
0
0
1
0
0
0
0
-1
0
-1
0
1
0
0
1
0
0
0
0
0
0
0
0
0
0
1
-1
0
-1
0
0
-1
0
0
0
0
-1
0
0
0
0
0
1
0
0
0
0
0
0
0
-1
0
0
0
0
0
0
-1
0
0
0
0
0
0
-1
0
-1
0
0
0
0
1
0
0
0
0
0
0
0
0
0
0
0
0
1
0
0
0
0
1
0
-1
0
1
0
0
0
0
0
0
0
-1
-1
0
0
0
1
0
-1
0
0
-1
0
0
0
-1
0
0
1
0
0
0
0
0
0
1
-1
0
0
0
1
0
0
0
1
1
0
0
0
0
0
0
1
0
1
0
0
0
1
0
0
0
-1
1
1
0
-1
0
0
0
0
0
0
0
0
0
0
0
1
0
1
0
0
0
0
0
-1
0
1
0
0
-1
0
-1
0
0
-1
0
0
0
0
0
0
0
0
0
0
0
0
0
0
0
0
0
0
0
0
0
0
0
0
0
0
0
0
0
0
0
0
0
-1
0
0
0
0
0
0
0
-1
0
0
0
0
0
0
0
0
0
0
0
0
0
0
0
0
0
0
0
0
0
0
1
-1
0
0
0
0
0
0
0
1
0
0
0
0
0
-1
0
0
0
0
0
0
0
0
0
0
-1
-1
-1
-1
0
-1
0
0
0
0
0
0
-1
-1
0
-1
0
0
0
-1
0
0
0
0
0
0
0
1
0
0
0
0
0
0
0
0
0
0
1
1
0
0
0
0
0
0
0
0
0
0
0
1
0
0
0
0
0
1
1
0
0
0
0
0
-1
0
0
0
0
0
0
1
0
0
1
0
0
0
1
0
0
1
0
1
1
0
0
0
