0
0
0
0
1
0
1
-1
0
1
0
0
0
-1
0
0
0
1
0
-1
0
-1
-1
0
0
1
0
0
0
1
1
0
0
1
1
-1
0
-1
0
0
0
1
0
0
0
0
-1
0
0
-1
0
0
-1
-1
1
0
0
0
0
-1
0
1
0
0
0
-1
1
0
1
0
1
-1
0
0
0
-1
0
0
0
0
0
0
0
0
0
0
0
0
0
0
0
0
0
1
0
0
0
0
1
0
0
0
0
0
0
0
0
0
0
0
0
0
0
0
0
0
0
0
0
1
0
0
0
0
-1
0
0
1
0
0
0
0
0
-1
0
0
0
0
0
0
-1
0
0
-1
0
0
0
-1
0
0
0
0
-1
0
0
0
0
0
0
0
0
0
0
0
0
0
0
0
-1
0
0
0
-1
0
-1
0
-1
0
0
0
0
1
0
0
0
0
-1
1
0
0
0
0
0
1
0
0
0
0
0
0
1
0
0
0
0
-1
0
-1
0
0
0
0
0
0
0
0
0
0
0
0
0
0
0
0
0
1
0
1
1
0
1
0
0
0
0
0
1
0
1
0
0
0
1
0
0
-1
0
0
1
0
-1
0
0
0
0
-1
-1
1
0
0
1
0
0
1
0
0
0
-1
1
0
0
0
0
0
0
-1
0
0
0
0
0
0
0
0
0
0
0
0
0
0
0
0
0
0
0
0
-1
0
-1
0
-1
0
0
0
0
0
-1
0
-1
1
0
0
0
0
0
-1
0
-1
0
-1
0
0
0
0
-1
0
-1
0
1
0
0
0
0
0
0
1
0
0
0
0
0
0
-1
0
0
0
0
0
0
0
0
1
0
1
1
0
0
0
0
0
0
0
0
0
0
1
0
1
0
0
0
0
0
0
0
1
0
0
0
1
0
1
1
0
0
0
0
-1
0
0
1
0
0
0
0
0
0
0
0
0
0
0
0
0
-1
0
0
0
0
0
0
0
0
0
-1
0
1
0
0
0
0
0
0
0
-1
1
0
0
0
1
0
1
0
0
0
0
0
0
0
-1
0
1
0
0
0
1
0
0
0
0
-1
1
1
0
0
1
0
0
0
0
0
0
0
0
-1
0
0
0
0
1
0
0
0
0
0
0
-1
-1
1
0
0
1
0
0
-1
0
-1
1
0
1
0
0
0
0
1
-1
0
0
0
0
0
0
0
0
0
0
0
0
0
0
-1
0
0
0
0
1
0
0
0
0
0
0
0
0
-1
0
0
0
-1
0
0
1
0
-1
0
0
0
0
1
1
1
0
0
-1
0
0
-1
0
0
0
0
-1
0
0
0
0
0
0
1
0
0
0
0
0
1
0
0
0
0
0
0
0
-1
1
-1
0
-1
0
0
0
0
-1
0
0
0
0
0
0
0
0
0
1
0
0
0
0
0
0
0
0
0
0
0
0
0
0
-1
0
0
0
1
0
0
0
0
-1
0
-1
0
1
0
0
1
0
0
0
0
0
0
0
0
0
0
1
-1
0
-1
0
0
-1
0
0
0
0
-1
0
0
0
0
0
1
0
0
0
0
0
0
0
-1
0
0
0
0
0
0
-1
0
0
0
0
0
0
-1
0
-1
0
0
0
0
1
0
0
0
0
0
0
0
0
0
0
0
0
1
0
0
0
0
1
0
-1
0
1
0
0
0
0
0
0
0
-1
-1
0
0
0
1
0
-1
0
0
-1
0
0
0
-1
0
0
1
0
0
0
0
0
0
1
0
0
0
0
1
0
0
0
1
1
0
0
0
0
0
0
1
0
1
0
0
0
1
0
0
0
-1
1
1
0
-1
0
0
0
0
0
0
0
0
0
0
0
1
0
1
0
0
0
0
0
-1
0
1
0
0
-1
0
-1
0
0
-1
0
0
0
0
0
0
0
0
0
0
0
0
0
0
0
0
0
0
0
0
0
0
0
0
0
0
0
0
0
0
0
0
0
-1
0
0
0
0
0
0
0
-1
0
0
0
0
0
0
0
0
0
0
0
0
0
0
0
0
0
0
0
0
0
0
1
-1
0
0
0
0
0
0
0
1
0
0
0
0
0
-1
0
0
0
0
0
0
0
0
0
0
-1
-1
-1
-1
0
-1
0
0
0
0
0
0
-1
-1
0
-1
0
0
0
-1
0
0
0
0
0
0
0
1
0
0
0
0
0
0
0
0
0
0
1
1
0
0
0
0
0
0
0
0
0
0
0
1
0
0
0
0
0
1
1
0
0
0
0
0
-1
0
0
0
0
0
0
1
0
0
1
0
0
0
1
0
0
1
0
1
1
0
0
0
0
0
0
0
0
0
0
1
0
1
1
-1
0
0
0
0
0
0
0
0
0
0
0
1
0
0
1
0
0
0
1
0
0
0
-1
0
0
0
0
0
0
0
0
0
0
1
0
0
0
-1
-1
0
0
0
0
0
0
0
0
0
0
-1
0
1
0
0
0
0
0
0
0
-1
0
1
0
0
0
0
-1
0
-1
-1
0
0
0
0
1
0
0
0
0
0
0
0
0
1
1
0
1
-1
0
0
0
0
0
0
0
0
0
0
0
0
0
0
0
0
0
0
0
0
0
0
0
0
0
0
0
0
-1
1
0
1
0
0
1
0
0
0
0
0
1
-1
0
0
0
0
0
1
0
0
-1
0
0
0
0
1
0
0
1
-1
-1
0
0
0
0
0
0
0
0
0
0
0
-1
0
0
0
1
0
0
0
0
1
0
-1
-1
0
0
0
-1
0
0
0
0
0
-1
0
0
0
0
-1
0
0
0
0
0
0
0
0
0
0
0
0
0
0
-1
0
0
0
0
0
0
0
0
0
1
0
-1
0
0
0
0
0
0
0
0
0
0
0
0
0
0
0
0
0
0
0
-1
0
0
0
0
0
0
0
0
0
0
0
0
0
1
0
0
0
0
0
0
0
1
0
0
0
1
1
0
0
0
-1
1
1
0
0
0
0
0
0
0
1
0
0
0
1
0
0
0
0
0
-1
0
0
0
0
0
0
0
0
0
0
-1
-1
-1
0
0
0
0
-1
0
0
0
0
0
0
0
0
0
1
0
1
0
0
0
0
0
0
1
-1
0
1
-1
0
0
0
0
0
0
0
-1
0
0
0
-1
0
-1
0
0
0
0
0
-1
0
0
0
0
0
0
-1
0
0
0
0
0
0
0
0
-1
-1
0
0
0
0
0
1
0
0
0
0
0
-1
0
0
0
0
0
0
0
0
0
1
0
1
0
0
1
-1
1
0
0
0
-1
-1
0
0
0
-1
0
-1
0
0
0
-1
0
0
0
0
1
0
0
0
0
0
0
1
0
1
0
0
0
0
0
0
1
0
0
0
1
1
0
0
0
0
0
0
0
0
-1
1
0
0
0
0
0
0
0
1
0
0
-1
0
0
0
-1
-1
0
0
1
0
-1
0
0
0
0
0
0
-1
-1
0
0
-1
1
0
1
0
0
0
0
0
0
1
0
0
0
-1
0
0
0
0
0
1
-1
0
0
0
0
0
0
0
0
0
1
0
0
0
0
0
0
-1
0
0
-1
0
0
-1
0
0
0
0
0
0
0
0
1
0
0
-1
1
0
0
-1
-1
0
0
0
1
-1
0
0
0
-1
1
0
0
0
1
-1
0
0
0
0
0
0
0
0
0
0
0
-1
0
0
0
0
0
0
0
0
0
0
1
-1
0
0
-1
1
0
0
0
0
0
0
0
0
0
0
0
0
0
0
-1
0
0
0
0
0
0
0
-1
0
0
0
-1
0
0
-1
-1
0
0
0
0
0
1
1
-1
0
-1
0
0
0
0
0
0
0
0
1
0
0
0
0
-1
1
0
0
1
0
0
0
0
0
1
1
0
0
0
0
0
-1
0
-1
1
0
1
0
0
1
0
0
1
0
0
0
1
-1
-1
1
0
0
0
-1
0
0
1
0
0
0
0
0
0
-1
0
0
0
-1
0
0
1
1
-1
0
0
0
0
0
0
0
0
0
-1
1
0
0
1
0
0
0
0
1
-1
0
0
0
0
-1
1
0
0
-1
0
0
0
0
0
-1
0
-1
1
0
0
1
0
0
0
0
0
0
0
0
-1
0
0
0
1
0
1
0
0
0
0
-1
0
0
1
1
0
0
0
-1
-1
0
0
0
-1
0
0
1
0
1
0
0
1
0
0
1
0
0
0
0
0
0
0
0
0
0
0
-1
1
0
0
0
0
0
0
0
0
0
0
-1
0
-1
0
0
0
0
0
-1
0
0
0
1
0
0
0
0
0
0
0
0
0
-1
1
1
-1
0
0
0
0
0
0
0
0
0
0
0
0
0
-1
0
0
0
0
0
0
0
0
-1
0
0
0
0
-1
0
-1
0
0
0
0
0
-1
0
0
-1
0
0
0
1
0
0
0
0
0
0
1
0
0
0
0
0
1
0
0
0
1
1
0
0
0
0
0
0
0
0
1
1
1
0
0
-1
0
0
0
-1
-1
0
0
0
0
0
0
0
0
0
0
0
0
0
0
0
0
0
0
0
0
0
1
1
1
0
-1
0
0
0
0
0
0
1
-1
-1
0
0
0
0
0
1
0
-1
0
0
0
0
0
0
0
0
-1
0
0
0
0
1
0
0
0
0
0
-1
1
1
0
0
0
0
1
0
0
0
0
0
0
0
0
0
0
0
0
1
0
0
0
0
0
0
1
0
0
0
0
0
0
0
0
0
0
1
0
-1
0
0
0
0
-1
0
0
0
0
0
0
-1
0
0
-1
0
0
0
-1
1
0
0
0
0
0
0
0
0
0
0
0
0
0
-1
0
-1
0
0
0
0
0
0
0
0
0
1
0
0
0
0
0
0
0
0
0
0
0
1
0
0
0
0
0
0
0
0
0
-1
0
0
1
0
0
0
0
0
0
0
1
0
0
0
0
0
0
-1
0
1
0
0
0
0
0
0
0
0
-1
0
0
0
0
0
0
0
0
1
0
-1
0
1
0
0
-1
0
0
0
0
-1
0
0
0
0
1
0
0
0
0
0
0
0
0
-1
0
0
0
0
0
0
0
0
0
1
0
0
0
0
0
1
0
0
1
0
1
-1
0
0
0
0
0
0
0
0
-1
0
-1
-1
0
0
0
0
0
0
0
0
0
0
-1
0
-1
0
0
0
0
0
0
-1
0
0
0
0
0
0
0
0
0
0
0
0
0
0
0
0
0
1
1
0
-1
0
0
0
0
0
0
0
0
0
0
0
0
0
0
0
0
1
0
1
0
0
0
1
0
0
0
1
-1
0
0
-1
0
0
1
0
0
0
-1
-1
0
0
0
-1
1
0
0
-1
1
0
0
0
0
0
-1
0
1
0
0
0
1
0
0
0
0
1
-1
0
0
0
0
0
0
0
1
-1
1
-1
0
0
0
0
1
-2
2
0
0
2
-3
3
-2
1
1
0
1
0
1
-1
1
-1
1
-1
0
1
-1
1
1
-1
2
0
-2
3
-2
1
0
-2
0
0
-2
1
-1
0
1
-2
2
-2
1
0
-1
0
1
-1
-1
1
-2
1
-1
-1
2
-1
1
1
0
1
-1
1
-2
3
-3
2
-1
0
0
-2
2
-2
2
-1
2
-4
4
-2
1
3
-4
4
-1
-2
1
0
-2
4
-3
0
1
-2
2
0
1
-1
1
0
-2
2
1
-2
4
-1
-1
1
-1
-1
3
-2
2
-1
-2
1
-3
2
-3
4
-4
3
-1
-2
4
-4
3
-1
-2
1
-2
2
-2
1
0
-1
1
-2
2
-2
0
1
-3
3
-3
2
0
-2
5
-4
2
0
-1
2
-2
0
2
-1
-1
3
-3
5
-3
3
-3
2
0
-1
3
-6
6
-7
7
-6
3
1
-6
7
-6
5
-4
4
-2
-2
9
-14
14
-10
3
4
-6
8
-9
7
-3
1
3
-5
4
-2
-1
2
-4
6
-9
9
-4
-5
14
-17
15
-9
1
3
-6
6
-4
4
-3
2
0
-2
5
-6
5
-1
-1
2
-3
2
-3
3
-2
2
0
-4
7
-7
4
3
-6
2
3
-8
7
-2
-4
5
-3
-2
7
-9
5
-1
-2
1
3
-6
5
-3
-1
5
-6
7
-6
5
-8
9
-8
3
-4
7
-7
3
8
-17
18
-11
-2
10
-11
5
3
-6
7
-4
1
0
1
-4
8
-9
3
1
-4
7
-8
8
-6
-1
4
-1
-2
0
0
-5
8
-2
2
0
0
-7
7
-7
6
-1
-2
3
-3
12
-17
11
-5
-7
8
-5
6
-3
1
-1
7
-10
7
-5
2
6
-8
8
-7
-4
-1
5
0
-5
17
-17
7
5
-12
8
1
-7
5
-3
1
3
-3
3
1
5
-16
26
-26
8
8
-10
4
8
-17
13
-5
-5
23
-30
28
-26
18
-14
2
18
-32
30
-26
26
-20
-3
34
-38
16
10
-12
-6
7
0
-7
8
0
4
-6
-1
-5
8
-16
18
9
-23
21
-15
-8
9
-3
-3
9
-10
12
-15
22
-17
16
-10
-3
5
-22
25
-33
40
-44
46
-17
7
1
2
-19
8
5
-20
32
-40
45
-44
42
-30
11
11
-22
26
-23
22
-37
40
-37
18
20
-42
47
-28
-7
31
-41
40
-31
21
-2
-22
51
-76
97
-102
78
-51
15
31
-67
95
-99
68
-39
20
-17
17
-4
-21
43
-38
8
21
-22
-14
42
-39
17
16
-34
29
-6
-13
30
-23
3
-5
12
-18
16
5
-19
23
-38
49
-57
49
-5
-39
60
-55
22
-4
13
-26
22
3
-24
28
-17
-2
13
-14
6
-4
-1
-2
4
-2
14
-19
1
25
-42
24
14
-36
26
11
-50
61
-52
47
-47
61
-68
45
-2
-47
81
-85
59
-32
15
-15
21
-9
0
1
12
-34
46
-60
72
-77
57
-7
-29
57
-63
40
-18
-1
0
14
-14
14
-18
52
-114
156
-168
136
-74
7
53
-88
103
-100
78
-78
78
-78
79
-53
35
-32
41
-52
49
-43
16
9
-39
86
-119
134
-123
95
-58
16
26
-54
56
-44
23
-15
14
18
-59
85
-79
31
11
-30
43
-50
52
-44
22
9
-21
8
30
-98
128
-94
41
28
-98
141
-148
102
-44
26
-37
35
12
-63
84
-94
102
-100
79
-55
27
-4
12
-12
-11
31
-38
31
-50
81
-89
55
6
-41
37
-25
16
-2
-10
4
18
-49
49
-47
57
-31
0
40
-79
71
-45
10
9
22
-79
117
-131
144
-160
167
-146
79
-11
-12
26
-59
103
-156
178
-160
117
-57
8
22
-22
16
-22
45
-84
87
-68
47
-21
26
-20
-31
71
-83
74
-39
4
13
-31
56
-62
45
-18
-17
28
1
-51
95
-95
56
-7
-7
-11
-24
117
-205
248
-203
126
-75
55
-59
23
17
-40
63
-61
82
-82
62
-42
9
-27
39
-39
48
-47
52
-43
27
-4
-9
29
-64
74
-51
1
17
-1
-8
-17
76
-110
120
-125
111
-75
24
8
3
-20
15
-6
-18
10
21
-25
40
-25
-12
26
-39
49
-65
106
-124
105
-83
58
-37
28
-24
27
-15
0
-5
10
3
-79
170
-215
215
-173
137
-105
47
18
-86
149
-176
130
-30
-43
18
57
-71
18
30
-20
-52
118
-123
112
-82
10
34
-51
32
-1
28
-45
23
20
-55
34
-6
-6
0
13
-1
-4
-47
115
-134
72
54
-125
89
-21
-45
43
13
-20
-23
111
-196
215
-154
59
20
-116
205
-270
312
-298
266
-222
189
-183
152
-130
98
-17
-74
189
-331
437
-484
481
-436
338
-209
84
20
-86
127
-169
234
-295
325
-295
222
-137
73
-55
28
37
-113
174
-211
217
-206
207
-190
167
-129
34
84
-208
276
-260
179
-64
15
-16
58
-105
103
-95
111
-149
168
-146
94
-3
-83
133
-133
85
-29
19
-60
76
-42
-24
118
-171
158
-128
90
-70
68
-63
24
46
-90
101
-84
37
1
-11
-10
29
-51
96
-128
155
-127
53
6
-49
69
-46
12
-14
53
-89
67
19
-75
67
-24
9
-24
30
-27
35
-80
107
-122
94
1
-66
74
-56
32
-35
57
-54
36
18
-97
141
-106
-14
111
-178
146
-56
11
44
-56
60
-111
112
-99
77
-22
-29
80
-92
83
-38
21
-51
49
-48
28
-44
73
-68
-14
150
-198
181
-138
60
25
-66
101
-150
154
-184
164
-62
14
27
-10
-20
27
1
-99
134
-152
162
-115
105
-89
10
55
-102
72
10
-27
16
80
-161
148
-149
114
-112
116
-89
54
20
-116
166
-117
35
20
14
-104
161
-148
134
-141
87
-34
-2
53
-110
136
-111
38
58
-91
96
-93
70
-118
73
-18
22
53
-49
31
-28
75
-107
133
-171
173
-194
132
-39
12
-6
-20
3
20
-4
14
19
-148
226
-197
120
-63
29
-20
101
-163
178
-132
103
-60
-24
13
-41
128
-176
209
-230
155
-100
79
-79
135
-164
119
-63
31
-30
-22
42
-53
139
-127
122
-163
166
-85
9
63
-103
72
-59
-12
62
-87
122
-102
73
-9
59
2
-42
-10
-115
78
-68
13
33
-11
52
9
27
-26
-61
58
-110
187
-188
221
-157
67
7
-192
259
-228
140
73
-173
227
-240
170
-163
63
-2
-95
114
-71
87
-12
-14
-26
38
38
-20
10
-25
-31
102
-145
168
-233
161
-97
113
-28
-43
92
-82
86
-68
-6
52
-98
0
33
-41
31
34
68
-155
158
-156
93
-4
-67
80
-25
-3
29
36
-84
19
90
-181
185
-157
-33
166
-243
266
-181
182
-156
201
-159
150
-155
24
29
-124
233
-285
232
-174
181
-46
18
-67
-17
-85
39
38
-15
-3
28
53
41
23
-118
94
-173
163
-145
226
-263
145
-30
-105
260
-240
292
-286
205
-248
178
-73
-58
140
-142
91
-105
77
1
-6
57
-52
94
-32
32
-36
-69
91
-302
329
-282
261
-87
-9
60
-67
56
-114
147
-195
201
-125
107
-77
-10
95
-21
43
-28
-4
-94
83
-91
75
-51
123
-42
51
-162
57
-97
19
84
-53
132
-147
136
-170
173
-163
140
-14
-171
267
-242
282
-277
224
-351
313
-149
69
189
-266
223
-359
319
-369
343
-203
148
67
-101
68
-84
41
-49
132
-150
107
-14
-54
87
-117
75
-35
-10
89
-100
146
-209
168
-248
186
-62
76
79
-200
228
-223
197
-252
151
-64
-6
223
-172
129
-168
53
-57
36
26
-97
179
-173
117
30
-113
121
-163
215
-318
215
-133
4
165
-295
397
-360
326
-252
250
-99
20
91
-323
402
-393
298
-87
-31
131
-127
-31
52
-107
50
-64
81
-13
110
-10
-78
48
-137
107
-80
33
13
30
7
47
-23
-84
87
-74
-38
100
-212
224
-97
107
51
-117
74
-151
90
-172
184
-156
114
-27
111
-128
56
7
-3
12
4
0
-75
197
-255
277
-246
221
-130
184
-186
200
-82
-32
103
-204
114
-84
92
-211
208
-301
420
-289
213
-207
110
-65
-54
214
-343
432
-484
448
-485
409
-358
321
-68
-96
229
-294
299
-197
126
-134
143
-164
108
19
-30
56
-41
2
26
-41
-23
40
-38
-45
88
-38
-65
41
14
-31
83
-67
54
-14
-49
71
-146
174
-205
208
-145
98
-73
82
-24
-28
83
-129
125
-176
207
-115
49
39
-68
119
-139
70
-78
138
-205
234
-106
-72
64
-10
11
-5
91
-127
45
1
-114
135
-137
82
1
24
-59
27
-19
-80
182
-195
178
-196
204
-105
-25
170
-211
335
-409
271
-212
84
56
-56
76
-59
110
26
-61
-20
3
-105
162
-215
180
-214
252
-165
230
-159
-21
127
-149
162
-168
167
-232
261
-286
231
-123
26
87
-169
248
-278
253
-191
133
-202
145
-203
225
-205
175
-27
-85
208
-229
254
-322
291
-259
224
-71
-33
81
28
-21
38
82
-210
273
-225
75
-42
-111
149
-170
131
-133
83
-8
-101
106
4
-74
174
-160
131
-20
-69
145
-181
137
-86
33
173
-255
297
-309
195
-128
50
19
-98
142
-225
165
-113
119
-128
149
-160
65
13
-164
243
-263
254
-110
92
-72
102
-112
14
-49
3
15
3
68
-112
232
-224
146
-14
-97
214
-333
311
-242
148
-76
-53
168
-184
276
-301
351
-328
225
-70
-81
112
-176
170
-136
98
-77
65
2
-78
-19
71
-51
114
-86
110
-157
142
-67
31
2
-6
-43
62
-62
-90
217
-195
203
-26
-111
190
-245
160
-96
-30
113
-129
156
-85
-20
54
-166
173
-186
144
-14
76
-96
74
-34
-70
219
-322
286
-168
118
-29
-43
111
-287
490
-536
351
-223
14
145
-213
266
-377
432
-406
300
-116
39
3
28
-17
-108
163
-292
216
-193
170
-39
-21
145
-152
84
115
-219
89
-31
21
106
-69
42
-29
30
-128
252
-253
113
-50
53
29
-95
108
-34
33
-41
118
-70
71
-124
84
-184
196
-132
-10
225
-269
228
-230
113
-96
74
-88
130
-137
148
-179
167
0
-161
207
-100
33
32
-22
-18
5
-27
-72
245
-244
154
-55
19
-9
20
-164
110
-107
65
-73
161
-80
21
14
-59
0
-25
138
-253
230
-184
211
-40
-96
125
-192
196
-168
159
61
-150
118
-50
-69
92
-140
215
-142
49
-84
16
-146
70
6
-2
234
-312
284
-227
13
124
-46
98
-58
145
-171
-31
61
-174
284
-172
48
95
-66
4
-65
157
-215
271
-267
201
-163
34
-62
-18
31
-82
227
-215
229
-123
-81
24
-11
-20
17
82
84
-93
171
-182
119
21
-222
245
-67
15
23
-32
-126
112
-51
-21
136
-106
20
120
-71
8
108
-57
25
27
-213
-24
-26
-85
225
-62
51
34
-162
81
-388
395
-215
209
98
-33
-8
-75
48
-47
166
-372
588
-397
239
-163
-5
41
-120
120
49
53
-82
172
-232
183
-77
96
70
-92
91
137
-113
279
11
-177
-85
2
-6
-80
-105
134
-89
-95
-45
-98
-148
-222
304
-199
114
-261
115
-66
-483
216
-156
228
-38
6
130
-58
114
182
3
-333
216
-19
54
8
-180
93
-427
15
-110
47
111
176
415
-189
46
179
-250
276
-118
429
72
20
-47
-85
-200
-250
291
-266
372
308
351
129
-37
-208
114
-165
237
152
93
-99
-127
-88
-405
-48
-107
122
-1
396
-303
245
-474
-151
-120
-285
475
-288
348
-268
237
-479
174
-275
123
85
-47
282
-275
196
-307
192
-299
185
12
235
-97
167
-125
-234
137
-231
353
-185
133
-122
67
-263
62
-158
-63
223
-131
264
-171
310
-27
42
116
-24
161
-82
162
-70
123
107
-39
205
-187
84
172
-194
-125
-112
-157
-155
241
-97
159
77
-103
67
-68
32
37
250
51
321
283
13
241
263
-152
392
35
417
154
112
233
-300
25
-126
133
-200
70
-143
29
-167
-139
-16
-358
123
-818
219
-745
-107
-271
-459
180
-485
100
-423
127
-589
203
-671
-10
-263
-166
294
-400
633
-581
634
-185
406
218
226
594
186
669
48
697
-198
805
15
544
738
73
886
-174
597
-35
296
-28
-55
60
-337
-13
-224
-180
-229
-84
-537
-96
-551
-371
-483
-534
-474
-470
-202
-554
-344
-412
-348
-362
-19
-178
100
130
108
-4
-308
-54
35
-15
34
37
174
104
183
380
76
314
237
322
329
260
400
279
240
251
44
282
71
150
234
483
440
384
349
53
-70
26
106
-139
155
16
-128
-98
-300
-449
-398
-331
-137
-240
-230
-366
-460
-705
-736
-485
-723
-350
-562
-361
-196
-473
-137
-261
-258
-255
-143
-20
-37
9
-196
61
39
-131
509
345
538
443
653
711
674
983
928
1091
1065
1097
1196
1181
1046
1072
1176
1108
1116
886
731
738
390
450
158
224
196
168
16
-117
-194
-581
-679
-995
-1086
-1060
-1229
-1251
-1402
-1742
-1793
-1908
-1949
-1887
-1993
-1856
-1907
-1676
-1536
-1470
-1314
-1481
-1398
-1416
-1334
-1438
-1117
-1016
-469
-96
102
514
472
574
534
589
795
989
1238
1478
1662
1702
1536
1479
1323
1247
1359
1446
1682
2028
2319
2611
2714
2532
2526
2398
2362
2369
2480
2605
2646
2817
2730
2768
2410
2097
1705
1235
1053
901
605
392
-224
-830
-1584
-2193
-2636
-2959
-3220
-3552
-3595
-3767
-3901
-4273
-4677
-5256
-5646
-6049
-6380
-6835
-7408
-7881
-8295
-8548
-8852
-9569
-10206
-7377
-3994
2443
4312
3861
2033
18
3169
5186
8261
8287
8716
9847
12097
12622
11370
8700
6630
5964
6296
7660
7949
8132
5944
3703
1189
-461
-916
-1608
-1912
-2131
-1735
-1060
-1237
-1956
-3312
-3751
-3190
-2020
-511
471
1015
1058
704
773
1144
1297
1373
463
-342
-1318
-1892
-2810
-3911
-5224
-6592
-7053
-8488
-9536
-11594
-12571
-15115
-15819
-17974
-16341
-11521
-6263
1543
-492
-137
-4004
-1557
3262
7275
10455
10258
12068
14326
17152
16212
14130
10658
10126
10323
11634
12202
11240
9674
5405
2210
-1490
-2793
-2579
-3319
-3559
-5079
-5355
-5085
-5061
-4940
-6141
-5408
-4548
-2513
-550
270
1037
1156
866
2391
4164
6208
6636
5729
4382
3353
3198
2243
812
-1230
-2747
-2801
-3954
-4826
-7210
-9959
-11739
-13288
-13015
-13504
-13498
-15062
-17089
-19887
-19115
-13455
-5808
2877
3068
2071
-2046
-534
4919
10416
14199
13997
14898
16986
20130
20001
16985
12267
9940
9870
11912
13511
13322
10726
4825
-72
-4355
-5413
-5040
-5338
-5783
-7576
-8001
-7745
-7428
-7375
-8072
-7496
-5843
-3136
-520
500
643
533
505
2636
5407
8090
8924
7578
5505
4066
3935
3536
2543
692
-989
-1946
-3312
-4967
-7567
-10155
-12068
-12585
-12748
-12759
-13649
-15467
-17782
-20177
-21248
-16521
-9934
59
4388
2583
113
-3091
2510
7910
13533
15074
15138
17056
20095
21240
18835
13790
10329
9874
12000
14338
14226
12427
6841
1596
-2896
-5323
-4774
-4887
-5060
-6572
-8423
-8383
-8760
-8321
-8964
-8454
-6412
-3972
-1492
-767
-354
153
452
2163
4595
7676
9555
8899
6922
4629
4195
4083
3958
2828
803
-570
-2831
-4551
-7116
-9519
-11461
-12474
-12713
-12946
-13753
-15159
-17685
-19960
-22020
-18153
-11632
-1920
4468
2809
490
-4268
-148
5935
12005
15298
15125
16484
18894
20220
18331
13623
10065
9418
11256
13932
14296
13054
7603
1576
-2926
-5563
-4362
-3639
-3522
-4767
-7577
-8135
-8770
-7983
-7739
-7001
-4892
-3107
-1169
-590
-329
209
538
1943
4437
7412
9687
8843
6504
3692
2825
3413
3650
3416
995
-928
-3583
-5804
-7764
-9871
-10884
-11918
-12000
-12266
-13342
-14651
-17706
-19402
-21694
-18257
-11718
-2505
5436
3813
1455
-4271
-1764
4668
11194
15744
15869
16340
18188
19124
17569
13345
9681
9129
10643
13622
14167
13041
7744
1164
-3580
-6151
-4597
-3328
-3426
-4755
-7950
-8958
-9453
-8275
-7108
-6382
-4630
-3377
-1560
-890
-776
-309
122
1722
4593
7774
10348
9586
6873
3453
2105
3040
4367
4868
2873
396
-2845
-5460
-7686
-9560
-10700
-10970
-10723
-10353
-11244
-13358
-16192
-18993
-20384
-20166
-14273
-6720
3751
6948
3710
-1331
-5204
1031
7834
15020
17214
16793
17533
18715
18316
15118
10398
8476
9417
12673
14668
13867
10113
3233
-2079
-6055
-6303
-4321
-3378
-3619
-6303
-9038
-9809
-9833
-8152
-7502
-6012
-4612
-3021
-1670
-1342
-786
-124
458
2562
5499
8914
10130
7919
4647
1883
2336
4024
5296
4327
1466
-1759
-4874
-6811
-8241
-9064
-9427
-9304
-9133
-9873
-12122
-14677
-17526
-19034
-20148
-15907
-8975
829
7602
4770
315
-6244
-2730
4902
12965
17653
17093
16700
16791
16887
14876
10889
8531
8922
11609
14265
13913
11236
4481
-1607
-5910
-7211
-4926
-3296
-2725
-4911
-8658
-10624
-11317
-9307
-7533
-5461
-3785
-2593
-1377
-1185
-562
467
1418
3282
5994
9353
11577
10163
6913
3329
2513
3993
5831
6174
3543
-295
-4234
-7064
-8223
-9021
-9136
-9281
-9801
-10608
-13231
-15561
-18249
-19814
-20930
-19612
-13211
-4805
4896
5725
1668
-4928
-6416
1154
10165
17872
19351
17993
16951
16643
15753
13108
10462
10186
11758
14322
14619
12750
7421
628
-4405
-7136
-5922
-3525
-2399
-3625
-7676
-11292
-12755
-11328
-7983
-5204
-3004
-2397
-2064
-2070
-1656
-229
1417
3388
6086
9188
12215
11688
8484
4125
1984
3472
5982
7674
5896
1697
-3019
-7119
-9051
-9738
-9450
-8753
-9158
-9790
-12302
-15234
-17743
-19763
-19998
-20669
-18303
-11699
-3226
6040
5284
418
-6113
-6147
3511
12962
20448
20447
17984
16509
15770
15236
12958
11418
11954
13321
15395
14071
11191
5820
-154
-3884
-6474
-5311
-3197
-2189
-3650
-8424
-12307
-13824
-11670
-7580
-4431
-2414
-2895
-3425
-4004
-3086
-568
1741
4385
6930
9900
11764
10306
6688
2606
1805
4195
7244
8725
5901
1307
-4165
-8434
-9722
-9694
-7426
-6861
-7194
-9645
-13022
-15720
-17728
-18178
-18903
-18929
-17586
-11322
-3343
5124
4855
-495
-6541
-6389
3552
13559
21162
20444
16932
13789
13162
13420
12926
12471
12787
13787
14441
12620
9491
4896
-3
-3331
-5658
-4671
-2417
-1520
-3709
-9086
-13537
-14458
-11287
-6125
-2324
-916
-2410
-3902
-4716
-3257
-364
2758
5335
7974
10419
11643
10284
6295
2934
2269
5179
8886
10210
7523
2011
-4121
-8792
-9921
-8490
-5741
-4648
-6318
-9517
-13665
-15877
-17001
-17206
-17812
-18139
-17854
-14137
-7651
-367
3871
-42
-4397
-7017
-550
9381
17251
19863
16715
13241
11674
12226
13098
13075
13171
13542
13908
12917
9814
6472
2401
-704
-3339
-4264
-2674
-1564
-2874
-7047
-11846
-13078
-11201
-6769
-3233
-1555
-1938
-3607
-4210
-3568
-520
2786
5375
7559
8835
10036
9101
6638
4076
2862
4914
7747
9581
7743
2740
-2950
-7932
-9406
-8028
-5098
-3698
-5487
-9260
-13234
-15517
-15897
-15611
-15427
-16090
-16152
-16426
-13198
-8486
-2012
1524
-494
-2221
-3645
2031
8921
15057
17104
15052
13084
12381
12890
13612
13301
13461
13456
13002
11647
8773
6654
3407
713
-1951
-3170
-2424
-2317
-3532
-6308
-9053
-9738
-8725
-6212
-3944
-2392
-2358
-3080
-3444
-2421
135
2899
4795
6172
6899
7595
7162
5629
4087
3467
4891
6632
7064
4598
451
-4037
-7090
-7794
-6307
-4587
-4481
-6680
-10166
-12655
-13765
-13443
-13289
-13256
-13678
-14186
-14847
-14711
-11176
-6045
547
2163
1396
-773
-718
4584
9333
14283
14733
13889
13111
12647
13071
12703
12479
12696
12491
12052
10143
8264
6083
3335
743
-1947
-2297
-1940
-1546
-2492
-5178
-7518
-8719
-7741
-5230
-2556
-903
-1271
-2118
-2955
-2068
-446
1395
3539
5381
6795
6895
5309
3303
1951
2403
3881
4716
4149
1786
-1054
-3742
-5473
-5859
-5217
-4544
-5071
-7161
-9216
-10746
-11018
-11267
-11348
-11640
-12124
-12993
-14176
-14104
-11291
-6199
-312
2376
1553
-351
-1647
1864
6167
11146
13147
13222
12896
12179
11609
10531
10417
11426
12368
12591
11067
8918
6519
3515
1176
-702
-723
-287
-252
-1546
-3721
-6066
-7324
-6991
-4863
-2121
-138
-132
-1616
-3353
-4143
-2910
-328
3194
6016
6974
5837
3279
1173
440
1330
2835
3925
3931
2484
337
-2381
-4590
-5467
-5336
-4587
-4476
-5311
-6497
-8214
-9722
-10952
-11444
-11005
-10438
-11009
-12080
-13526
-13416
-9977
-5802
-12
1442
1062
-1049
-1862
1194
5136
10563
13391
14151
12895
10350
9017
9060
10931
13386
13918
12995
10437
7997
6052
4251
2852
1440
867
573
385
-757
-2577
-4666
-5663
-4882
-2845
-767
-357
-1682
-3529
-4796
-3999
-1554
1728
4320
4848
3604
1507
-109
-399
745
2648
4290
4189
2814
367
-1804
-3281
-4187
-4070
-3802
-3286
-3461
-4709
-6630
-8970
-10438
-10747
-9790
-8463
-8066
-8949
-11432
-13320
-14589
-11910
-7318
-1385
2260
1014
-1198
-3842
-1606
2750
8075
11943
12827
12225
10390
9013
8654
9677
11891
13740
14146
12618
9731
7152
4861
3741
3353
3408
3581
3093
1918
-186
-2646
-5001
-5615
-4378
-2088
-298
-692
-2274
-4303
-5161
-4386
-2506
128
1939
2461
1663
125
-805
-843
173
1780
2772
2856
1505
-190
-1995
-3197
-3721
-3540
-2654
-2384
-2799
-4489
-6152
-7367
-7908
-7700
-7496
-7051
-7381
-8267
-10169
-12014
-12957
-11563
-7323
-2841
899
266
-1505
-3636
-2913
772
5324
9670
11365
11096
9344
7645
7452
8782
11370
13185
13335
11772
9666
8112
7054
6388
5791
5276
4600
3389
2036
241
-1513
-3060
-3823
-3016
-1926
-906
-1802
-3904
-5962
-6891
-5666
-3203
-491
1296
1278
134
-1418
-2126
-1417
402
2491
3429
2964
1521
-140
-1180
-1740
-1690
-1380
-935
-680
-1289
-2308
-4134
-5434
-6098
-5953
-5296
-5283
-5840
-7283
-8968
-10487
-11345
-11182
-10130
-7492
-4963
-2160
-1339
-2274
-2912
-3296
-70
3481
7374
9456
9167
8288
6628
6507
7775
10247
13198
14213
13594
10799
7904
5904
5102
5747
6663
7035
5908
3516
398
-1954
-3495
-3760
-2990
-2046
-1421
-2143
-4038
-5886
-7034
-6431
-4518
-2111
80
823
297
-1129
-2366
-2437
-1032
1267
3242
3898
3070
1275
-418
-1375
-1456
-696
369
1073
793
-575
-2473
-3914
-4745
-4636
-4129
-3690
-3787
-4441
-5907
-7103
-8535
-8944
-8593
-7919
-6256
-5578
-3918
-3431
-2606
-2747
-3138
-2264
-885
2498
4865
6600
6898
6010
5665
5274
6637
8265
9944
10659
9902
8777
6931
5851
5144
5310
5418
4972
4014
2543
1292
-230
-1471
-2551
-2888
-2440
-2044
-1971
-3015
-4366
-5311
-5246
-3882
-2142
-525
159
27
-459
-865
-625
186
1181
2095
2750
3056
3086
2379
1471
708
487
920
1508
1661
1034
-413
-2093
-3020
-3163
-2399
-1920
-2163
-2974
-4168
-5058
-5454
-5312
-4724
-4201
-4181
-4513
-5276
-5701
-5393
-4907
-3703
-2946
-1827
-825
-389
149
-138
478
1413
2863
4392
4669
4749
3814
3381
3356
3868
4791
5103
5040
4096
3187
2539
2532
2637
2528
2038
1375
949
717
520
-66
-799
-1541
-1610
-1175
-503
-206
-739
-1422
-1840
-1234
172
1831
3071
3109
2417
1552
1481
2180
2956
3244
2702
1883
871
334
4
-200
-328
-1010
-1505
-2305
-2778
-2859
-2865
-2714
-3135
-3470
-3577
-3016
-2300
-2014
-2100
-2370
-2127
-1493
-670
105
469
583
429
174
68
35
-4
-384
-756
-1193
-1302
-1241
-1231
-916
-1339
-1632
-2326
-2540
-2195
-1861
-1070
-865
-681
-835
-1126
-1047
-975
-220
654
1799
2671
3023
2957
2497
2396
2491
3329
3958
4514
4252
3399
2521
1695
1480
1485
1837
2238
2489
2285
1516
535
-300
-496
-211
176
380
121
-409
-1248
-1884
-2170
-1809
-1274
-814
-648
-829
-941
-1242
-1167
-954
-485
-14
205
468
568
688
669
686
928
1141
1320
1202
1195
1088
792
416
-25
-46
-41
-23
-423
-986
-1575
-2030
-2104
-2146
-2245
-2741
-3358
-3804
-3891
-3733
-3424
-3100
-2774
-2644
-2704
-2825
-2716
-2264
-1505
-655
20
422
556
555
629
908
1539
2362
3090
3583
3532
3265
2583
2247
2115
2508
2988
3033
2724
1824
1019
187
-196
-196
90
430
383
59
-489
-920
-1118
-941
-328
303
869
750
451
-5
-61
299
856
1510
1737
1762
1140
628
45
24
167
526
741
643
257
-345
-921
-1369
-1495
-1306
-784
-283
1
-220
-654
-1215
-1247
-834
-23
636
809
427
-166
-523
-385
191
745
1075
1016
701
350
-5
-131
-131
37
158
171
30
-297
-704
-1117
-1282
-1237
-1097
-1068
-1304
-1604
-1861
-1854
-1791
-1657
-1609
-1650
-1810
-1956
-1990
-1836
-1546
-1228
-950
-877
-801
-716
-350
91
519
628
618
549
694
1060
1533
2091
2299
2221
1830
1579
1486
1541
1553
1598
1665
1623
1445
889
460
21
10
169
521
745
576
163
-416
-742
-771
-471
14
534
932
1040
786
399
-16
51
434
1142
1644
1868
1735
1385
1056
760
690
711
797
858
793
525
31
-526
-973
-1097
-1004
-852
-829
-1108
-1528
-2062
-2310
-2230
-1851
-1561
-1536
-1843
-2184
-2294
-2118
-1748
-1462
-1325
-1324
-1261
-1111
-877
-782
-795
-838
-750
-509
-222
65
294
428
461
350
403
534
896
1128
1231
1160
989
982
1002
1126
1157
1106
1095
1161
1332
1428
1318
1018
706
532
656
953
1224
1240
972
649
491
673
985
1165
952
524
60
-144
-29
237
462
428
194
-111
-351
-487
-445
-313
-181
-187
-247
-328
-387
-494
-653
-738
-712
-518
-354
-210
-219
-389
-704
-959
-1033
-864
-705
-655
-724
-884
-998
-1143
-1187
-1295
-1289
-1284
-1170
-1080
-1091
-1208
-1289
-1220
-1010
-727
-531
-395
-385
-306
-109
263
679
898
997
949
820
739
860
1252
1662
1890
1837
1680
1546
1538
1502
1438
1263
1073
873
714
608
525
473
487
443
234
-157
-555
-777
-862
-813
-735
-651
-718
-839
-901
-732
-470
-261
-148
-100
-88
-94
-115
-94
8
132
181
96
12
144
557
997
1312
1181
768
151
-308
-585
-636
-566
-420
-262
-261
-389
-668
-931
-1109
-1100
-961
-639
-333
-127
-96
-139
-228
-291
-275
-99
204
492
547
419
334
434
587
716
753
704
571
415
300
246
145
-63
-351
-580
-624
-530
-374
-349
-465
-664
-842
-875
-709
-406
-150
-70
-167
-303
-374
-252
51
389
563
498
294
104
64
126
284
442
587
569
420
241
161
231
327
342
244
131
114
145
168
73
15
79
221
385
427
405
308
241
258
318
417
501
602
626
653
655
649
589
423
228
53
-50
-148
-197
-263
-398
-552
-676
-746
-823
-921
-976
-968
-945
-891
-823
-750
-765
-832
-905
-871
-710
-468
-183
34
162
135
75
33
96
245
374
433
395
287
178
127
117
102
-7
-127
-197
-199
-207
-306
-469
-612
-653
-544
-362
-176
-53
-27
-48
-24
97
302
486
656
825
1027
1173
1229
1198
1099
1072
1110
1222
1252
1206
1049
835
635
501
502
530
458
251
-95
-422
-656
-788
-869
-943
-948
-867
-748
-713
-781
-948
-1102
-1159
-1074
-867
-602
-312
-195
-298
-590
-814
-823
-608
-273
49
257
271
154
-43
-169
-175
-26
212
391
403
243
0
-210
-262
-104
180
404
459
309
108
-16
19
194
407
526
541
512
554
686
834
885
858
839
874
924
922
814
632
518
508
579
605
535
320
31
-244
-404
-393
-298
-343
-579
-921
-1113
-1066
-861
-729
-797
-1011
-1184
-1230
-1107
-835
-553
-366
-384
-506
-636
-617
-425
-169
0
57
30
7
8
51
76
54
-22
-102
-102
-57
36
94
97
68
38
61
86
123
101
87
145
292
461
518
454
375
388
488
584
647
666
688
747
789
744
599
424
333
366
462
506
445
285
54
-134
-224
-173
-42
61
51
-86
-270
-440
-458
-347
-200
-89
-75
-109
-148
-165
-181
-232
-291
-281
-203
-93
-83
-193
-397
-587
-644
-578
-430
-332
-302
-372
-467
-535
-522
-440
-287
-130
-28
16
-3
-6
-11
-14
-8
56
153
282
345
336
270
231
244
312
416
514
526
434
271
167
196
330
430
361
190
-7
-84
-41
81
122
58
-68
-170
-145
-47
87
157
149
65
-38
-113
-94
43
198
310
316
253
149
92
90
155
243
277
212
77
-91
-247
-336
-351
-305
-280
-326
-455
-631
-764
-836
-797
-730
-680
-647
-587
-475
-412
-380
-431
-397
-252
-26
190
310
329
287
275
350
496
645
745
755
704
616
575
559
517
485
416
352
298
289
305
240
93
-117
-333
-508
-596
-547
-374
-125
87
198
150
-24
-297
-577
-782
-891
-784
-558
-155
229
530
609
525
342
150
-5
-158
-224
-242
-117
72
304
428
391
216
-42
-212
-238
-87
159
332
380
256
69
-160
-317
-328
-161
86
371
468
442
272
191
207
307
422
411
352
196
124
127
183
234
274
191
92
-53
-175
-282
-333
-265
-179
-41
-46
-108
-308
-513
-685
-732
-681
-499
-289
-148
-179
-353
-518
-686
-708
-701
-561
-413
-265
-152
-155
-231
-325
-343
-291
-155
5
98
170
109
16
-70
-80
24
185
398
420
493
425
430
400
422
470
499
561
594
689
681
683
524
483
388
444
476
515
461
393
335
284
350
375
498
496
464
307
168
84
49
61
57
-24
-95
-216
-303
-384
-416
-478
-521
-554
-632
-676
-799
-832
-882
-873
-783
-740
-726
-769
-811
-791
-756
-604
-540
-471
-468
-395
-383
-293
-187
-55
41
56
82
57
108
180
272
262
210
202
247
382
507
526
487
349
327
313
398
429
455
445
386
408
437
549
590
591
478
311
239
255
460
581
726
721
580
448
336
364
381
495
528
490
439
325
280
183
172
36
-4
-111
-208
-255
-414
-450
-638
-634
-660
-716
-697
-955
-982
-1180
-1107
-996
-921
-757
-813
-838
-949
-922
-904
-713
-584
-353
-268
-156
-178
-207
-156
-103
109
172
277
300
289
308
317
323
348
379
389
386
353
371
320
325
289
269
258
354
376
416
365
254
251
251
374
375
467
411
359
352
319
383
402
503
515
646
630
593
486
352
303
213
334
315
397
324
221
-19
-148
-365
-351
-326
-332
-303
-459
-577
-712
-712
-730
-710
-715
-591
-594
-445
-572
-627
-684
-674
-521
-394
-239
-282
-272
-381
-319
-274
-99
-3
72
64
-24
8
-73
9
58
103
154
133
220
216
196
127
80
137
224
359
369
348
269
129
149
151
347
360
467
376
327
243
235
237
198
250
139
223
153
192
96
28
2
-28
34
23
48
26
44
-60
-19
-46
-61
-63
-69
-89
-69
18
62
208
172
102
-10
-50
-48
-23
66
9
-1
-167
-204
-306
-311
-264
-294
-226
-332
-182
-337
-205
-339
-408
-340
-420
-142
-170
0
-128
-114
-112
-159
113
119
310
267
229
160
108
128
110
219
213
251
225
171
104
58
78
39
-14
37
-72
-57
-83
-98
1
-25
71
-61
9
-131
-142
-60
-108
87
102
195
93
76
-37
-49
-21
-45
38
21
61
62
23
52
1
47
42
-39
-81
-98
-219
-86
-52
-72
62
112
47
85
-9
-103
-105
-72
81
179
347
245
246
119
66
89
116
234
97
174
23
-88
-16
-80
64
-9
-30
-115
-219
-179
-217
-150
-131
-154
-210
-234
-248
-119
-63
35
-53
-126
-201
-202
-42
-50
149
38
105
88
79
77
40
41
-83
-50
-9
39
74
130
-51
-88
-126
-267
-38
-212
-54
-87
-81
20
-59
180
-38
118
19
20
53
60
228
282
250
530
400
368
503
206
231
175
236
235
407
381
195
158
-42
-180
-25
-165
-4
-52
-98
-50
-301
-159
-426
-289
-441
-379
-202
-252
-61
-185
-98
-231
-158
-221
-342
-173
-298
-198
-21
-104
76
41
-34
-61
-13
-87
-146
-9
-252
-104
82
-134
134
70
-30
-31
-112
-64
-149
99
-51
38
85
-145
17
-87
120
-13
268
135
-36
352
-86
331
197
252
350
208
445
155
376
276
159
444
114
257
204
57
205
-33
95
-74
1
-26
-187
88
-406
-189
-95
-317
27
-164
-167
-339
-209
-111
-161
57
157
-24
-106
168
-95
72
235
95
272
-30
167
136
7
146
52
-77
-91
74
-237
-32
-126
-187
-221
-304
-131
-468
-366
-341
-574
-222
-232
-356
-67
-236
-270
-61
-39
-81
216
222
62
300
153
43
211
385
230
611
492
496
454
429
429
178
441
34
129
178
-35
239
21
-8
-82
-453
-192
-290
-248
-165
-177
-150
-315
-221
-250
-542
-215
-137
-192
280
-136
-22
-8
-210
74
116
-2
309
73
-58
187
-180
151
82
3
251
-213
186
-184
-106
43
-260
113
-163
-188
-120
-316
-117
-186
-88
1
-104
78
-162
10
105
-44
349
325
39
339
254
81
380
76
299
259
289
600
132
252
110
-51
105
6
59
140
-253
154
-175
-286
149
-478
-36
-107
-404
103
-291
-94
224
-246
272
-43
-9
-53
-97
-22
-249
88
-105
-83
112
-104
-118
-164
-129
-282
-163
-82
-260
35
-104
-259
11
-454
-174
-236
-194
-116
-4
151
-72
96
-55
113
-254
185
-82
-285
322
-30
498
310
352
77
-145
200
-225
445
176
245
497
238
411
516
167
198
247
57
188
176
75
73
370
105
113
139
-125
-271
44
-85
-171
323
-241
156
-244
60
-316
-9
61
-327
202
-512
2
-14
-509
375
-348
-268
286
-775
380
-649
-43
-83
-605
462
-643
-67
-279
-632
-27
-500
-212
-161
-257
-262
-81
-336
1
-238
-212
230
-228
322
-30
159
175
33
684
220
273
391
45
260
214
450
130
216
512
292
207
501
-192
59
340
-277
495
65
62
203
106
30
-279
245
-244
-179
479
-568
488
-88
-40
475
-545
362
-296
-151
461
-341
474
-268
-74
55
-254
-22
-1
-166
-118
42
-294
-272
-32
-350
-71
-56
-254
65
-179
-289
-228
-278
-463
150
-197
23
-150
111
-528
29
9
-406
529
-234
137
212
-222
224
-187
-131
329
-216
486
258
-13
347
-26
328
67
347
142
-189
365
-177
394
183
319
348
-309
418
-545
-186
-70
-377
497
25
425
201
-567
369
-809
-2
87
-402
949
-389
483
112
-593
654
-339
18
487
-538
398
-288
-141
178
-395
483
-326
39
292
-796
369
-588
-33
8
-392
236
-510
175
-645
196
-470
-38
-35
-423
502
-431
556
-265
-130
215
-520
649
-363
706
41
-133
593
-694
639
-149
204
474
-360
588
-298
185
-62
-82
483
-228
358
-233
-79
-304
-95
73
-343
297
-179
-69
124
-85
-298
-68
-150
-141
300
126
162
150
-199
155
-85
275
-64
165
117
-158
449
-336
136
-14
54
-143
317
46
-228
398
-304
-39
-128
-219
-35
-81
101
26
-53
294
16
0
-5
-244
171
-87
87
189
39
-125
569
-348
14
71
-452
286
178
203
143
-30
135
-220
-220
32
-505
11
-50
-123
40
-99
-180
-322
157
-589
322
-369
-232
256
-424
267
344
-11
332
-144
-10
-306
242
13
335
490
-159
165
-79
-163
18
56
-108
76
-155
39
-131
27
-290
-45
-250
-172
137
-183
168
-80
-176
55
-172
101
272
169
225
-21
-31
70
47
66
464
154
161
582
-304
262
166
-439
512
-125
268
9
75
-35
-292
201
-340
5
10
-297
-110
-53
48
-71
147
-171
-335
32
-214
-34
184
-166
242
-125
114
154
-117
119
-381
170
-266
55
244
-269
37
75
-296
53
41
-221
-232
-87
-221
-157
258
-337
68
387
-735
548
-421
-251
383
-329
341
0
160
79
75
-62
-92
-17
194
-16
515
265
-29
285
-83
-128
211
-22
166
267
3
303
-163
199
-144
228
139
73
47
94
-425
-32
213
-410
280
-132
-66
-64
-240
405
-447
223
373
-636
590
-160
-286
211
-142
7
161
227
11
-221
211
-506
2
31
-257
166
-43
-140
104
-154
-383
103
-382
-144
-167
-16
-348
-179
326
-664
439
-55
-87
310
-9
-20
-22
135
-36
118
-36
166
-75
264
-160
242
26
70
-275
348
-336
260
-104
139
-135
-85
114
-277
421
-475
837
-746
301
92
-397
480
-52
23
237
-408
563
-285
-75
576
-737
968
-250
285
605
-580
567
-566
116
378
-339
581
-244
-31
73
-358
286
-189
-22
-56
73
-85
36
-131
-105
-199
92
-283
-24
118
-564
534
-315
14
298
-322
106
-13
-184
274
-247
164
-220
11
227
-296
474
-331
198
-101
-148
-48
-500
337
-261
-134
372
-374
68
-33
-450
66
-256
120
-27
74
26
122
-43
82
56
-163
356
-200
80
330
-42
39
321
-226
249
36
204
52
97
205
59
-25
287
35
-193
776
-638
314
-51
-442
247
-309
369
-128
156
84
-622
504
-644
158
5
-528
602
-648
688
-449
147
183
-689
536
-606
294
-281
308
172
-22
419
-312
183
-238
4
-132
-102
282
-224
259
19
-184
41
-87
-118
-213
-48
-175
134
-123
41
129
-176
255
-346
313
-412
322
127
-210
583
-421
462
30
-72
246
-103
44
-16
254
-434
433
-334
-141
217
-404
350
-413
226
-309
-248
206
-298
96
57
104
-366
328
-68
-450
762
-454
378
279
-256
613
-667
426
127
-523
924
-580
194
-23
-451
611
-778
642
-156
-421
653
-857
559
-310
-27
152
-143
103
-71
25
-93
274
-176
113
-42
-61
25
-92
199
20
9
565
-566
335
-73
-154
11
50
66
-167
370
-392
222
25
-103
85
-75
-176
-12
109
-114
137
47
-136
-63
-232
274
-286
355
-93
-319
437
-486
324
-169
-227
465
-675
808
-310
-48
695
-789
792
-249
-75
199
-339
196
-169
235
-205
158
4
-134
115
26
-108
-61
234
-247
80
27
-307
368
-322
114
-211
-11
-40
-66
436
-650
536
-176
-213
439
-374
153
-134
216
49
-185
666
-753
409
-167
11
89
31
291
-552
664
-552
-116
469
-919
760
-367
-216
285
-409
163
-31
136
-413
614
-619
213
219
-378
507
-129
-8
156
-421
327
-262
-61
285
-238
206
92
98
-245
476
-534
457
-219
134
230
19
-2
79
-18
-87
144
53
-67
274
-258
258
-218
-9
102
-290
479
-615
794
-817
565
-354
-109
441
-623
818
-630
233
95
-495
419
-369
114
159
-313
353
-335
91
-55
-66
14
-82
82
-221
302
-249
-200
310
-391
151
49
-180
195
-92
12
95
-193
222
-170
226
-66
71
70
24
-34
-134
251
-422
497
-71
68
92
-200
347
-697
815
-592
8
455
-485
487
-273
69
-40
-61
106
-251
328
-404
301
-88
-190
465
-636
580
-365
-5
428
-450
373
-62
-200
88
169
-290
88
227
-324
266
33
-291
220
-97
-62
108
-281
237
-269
-47
148
-221
43
212
-392
304
-82
32
-202
198
-315
118
340
-427
618
-501
464
-330
185
-54
-25
261
-92
99
-95
153
-89
-16
166
-180
46
75
-119
59
169
-72
28
222
-286
257
9
-357
482
-537
323
16
-286
361
-295
72
89
-308
21
82
-346
377
-131
28
132
-218
102
41
-299
490
-359
38
317
-486
284
-144
-321
362
-427
346
-101
-175
325
-373
363
-289
13
155
-475
337
-187
43
127
-34
32
-55
222
-377
423
-95
-230
635
-468
275
-47
93
65
-65
193
-152
30
248
-162
107
-93
17
45
-117
295
-296
151
-7
-235
278
-325
59
176
-310
150
-116
44
-86
101
244
-371
365
-140
-1
16
-111
55
28
143
-63
-57
20
-151
8
6
214
-367
206
-372
67
-85
-69
307
-336
358
-188
67
-145
63
-236
258
-319
243
250
-630
910
-737
213
133
-199
349
-244
347
-213
89
91
-166
429
-415
612
-514
273
154
-458
699
-733
593
-124
-325
563
-631
370
-206
6
45
-143
182
-253
344
-332
127
-150
127
-105
83
182
-434
451
-372
190
119
-252
275
-81
-56
176
-122
127
-430
199
55
-405
842
-491
-4
477
-637
343
-213
16
-20
-292
571
-635
304
121
-437
361
-41
21
-52
109
-246
-157
72
-53
23
155
-150
-59
-78
-96
12
114
-26
187
-99
-35
100
-7
78
36
167
-302
262
49
-199
283
-343
197
54
-295
532
-464
260
-98
60
-130
143
-66
-89
219
-60
139
-38
269
-172
-130
489
-467
406
-55
-283
544
-700
849
-591
28
275
-631
434
-234
-40
173
-292
292
-448
391
-501
258
-219
-156
298
-355
536
-450
479
-447
306
-9
-167
432
-338
271
-61
-7
135
0
71
-249
389
-513
145
161
-661
612
-317
-10
290
-353
292
-322
-151
573
-966
969
-573
-3
429
-497
452
-233
99
-15
-123
426
-548
476
-120
-227
580
-567
395
-170
-6
-36
58
-8
2
-18
-28
-42
20
-97
70
-183
190
-167
127
82
-133
259
-206
36
190
-338
288
-161
185
-171
153
156
-397
530
-208
-63
341
-371
235
-88
-131
447
-516
440
-307
7
-140
243
-10
-301
591
-592
105
127
-444
601
-571
319
-4
-383
450
-259
87
-42
232
-447
492
-188
-157
498
-667
483
-131
-164
387
-342
213
-26
71
148
-140
39
-59
105
-232
401
-345
134
47
-330
119
-75
0
-122
274
-288
346
-257
-40
229
-405
133
135
-454
470
-139
133
128
-167
1
60
63
-149
371
-369
296
-37
1
54
-43
74
-200
151
-85
-66
30
-55
76
-201
359
-195
-244
351
-495
133
-9
-87
57
24
-141
287
-354
6
296
-415
388
-91
58
-16
122
33
-181
280
-220
70
74
-89
113
-238
389
-400
314
-22
-226
417
-468
278
44
-344
417
-158
-109
292
-182
93
26
-130
235
-316
170
291
-536
409
-82
-120
3
259
-230
119
235
-352
220
-84
-55
136
-70
13
62
-103
81
-109
154
-224
136
-127
-94
-47
-3
-262
350
-272
-109
274
-379
156
50
-57
-27
-63
0
115
-264
351
-129
-137
202
-86
-3
69
138
-241
173
-14
-207
331
-61
-70
229
-410
375
-348
247
146
-329
566
-573
453
-330
94
343
-644
859
-676
429
24
-367
664
-587
271
6
-240
238
-176
224
-186
151
103
-479
670
-641
256
148
-404
409
-92
-86
53
44
-88
-40
89
-187
-17
113
-214
70
-19
-12
-129
99
131
-367
489
-242
-83
331
-490
441
-328
219
70
-309
408
-311
86
86
12
-83
166
-181
135
-154
-2
201
-443
685
-740
564
-68
-413
684
-694
434
-252
123
178
-431
528
-607
265
-66
-32
176
-310
397
-461
453
-319
73
99
-216
259
16
-113
183
-102
-157
352
-283
167
-15
-55
131
-200
367
-318
159
3
-193
222
-192
58
72
-349
486
-443
185
-53
-45
179
-357
552
-602
225
143
-237
174
0
-11
-2
54
99
-182
111
116
-271
369
-129
-129
330
-398
157
210
-421
314
-23
-141
88
-142
103
-308
247
69
-398
551
-318
-13
224
-371
276
-191
191
-18
-177
420
-507
366
-118
-59
179
-350
502
-472
232
233
-530
406
-69
-320
518
-434
18
133
-86
30
12
139
-173
113
142
-249
242
-111
-110
282
-215
137
-22
38
10
-39
151
-142
-10
151
-353
407
-306
202
-42
4
52
-201
316
-448
313
-90
-195
307
-349
253
-111
-27
150
-290
246
-90
-81
220
-307
204
-61
-194
252
-317
197
-177
87
51
-164
189
-142
43
54
3
-47
134
-91
-127
276
-266
23
155
-195
140
-68
109
-183
-8
244
-460
353
107
-524
602
-270
-216
541
-359
-14
360
-304
115
175
-103
32
-21
150
-86
92
-50
55
6
43
161
-176
191
-183
111
-29
-69
4
-38
5
-2
15
-43
-18
-59
135
-222
171
-145
-50
207
-307
179
12
-256
350
-205
-16
191
-304
199
-115
33
44
-54
133
-117
100
-4
-76
127
-138
116
24
-217
188
-4
-320
411
-223
-106
319
-323
130
31
-216
201
-182
184
-165
113
-25
-114
358
-479
540
-253
-144
508
-478
309
-76
-61
43
-105
169
-147
-45
353
-387
219
84
-292
255
-194
214
-102
42
99
-246
159
-34
-210
302
-223
212
-49
-25
172
-490
619
-548
387
-102
-119
227
-324
370
-537
496
-297
-55
337
-449
262
-89
-77
185
-234
216
-63
-115
270
-319
323
-236
106
108
-199
249
-185
56
145
-225
232
-177
65
-35
-25
76
-197
216
-209
82
-31
18
-10
-183
193
-204
90
49
-44
197
-369
516
-431
140
244
-395
274
-47
-90
150
-127
136
-159
207
-82
-77
384
-576
417
-16
-374
579
-237
-212
382
-212
-43
186
-116
40
-66
131
-4
-150
130
-130
-27
-26
89
-90
62
102
-186
91
-165
204
-180
76
83
-203
90
69
-191
155
-129
156
-105
-93
269
-234
97
47
-79
61
-93
63
91
-218
170
30
-240
309
-190
104
30
-154
163
-99
-17
65
-182
260
0
-271
445
-408
99
195
-361
414
-222
-1
284
-385
374
-192
-118
128
-91
37
-89
197
-179
107
-72
33
-58
-26
36
-39
74
-127
59
43
-91
90
94
-146
132
-62
23
-25
183
-130
67
83
-79
76
-119
169
-178
47
183
-404
447
-134
-276
389
-274
-38
87
-106
100
-183
169
62
-312
302
-151
38
-87
202
-170
-9
135
-99
-129
119
-32
-96
285
-260
126
-11
-180
149
-89
5
15
23
29
-122
35
34
-143
154
73
-211
278
-82
-134
194
76
-255
86
379
-478
310
183
-432
409
-134
-64
29
2
-34
-56
117
-133
-1
103
-152
138
49
-131
58
87
-159
21
142
-212
55
162
-237
186
-108
58
-52
-119
325
-435
206
45
-214
95
80
-142
1
177
-250
201
-106
20
219
-352
400
-181
-118
352
-443
396
-239
140
-77
83
15
-204
396
-451
289
-77
51
-93
170
9
-332
385
-155
-180
245
-81
-65
19
54
-11
-178
350
-211
-10
217
-213
66
162
-357
323
-152
-54
267
-309
181
-55
-53
71
-169
344
-405
322
9
-268
230
-205
82
-100
35
-10
-91
162
-240
102
25
-233
226
-39
-128
100
45
-142
40
74
-87
42
144
-219
153
-82
4
100
-53
140
-209
273
-334
296
-149
14
168
-227
305
-297
153
3
-243
336
-343
329
-42
-243
453
-565
418
-190
-24
254
-296
314
-200
-15
209
-289
226
-86
45
54
-224
450
-573
385
-45
-214
449
-348
267
-149
135
-54
-140
286
-355
232
6
-194
322
-316
48
108
-218
178
-235
292
-251
55
193
-380
273
-121
44
-54
76
64
-317
411
-283
6
194
-199
202
-130
155
-191
45
139
-272
296
-158
2
122
-154
95
-168
157
-122
93
-5
-33
-136
182
-195
-42
157
-169
85
47
-131
112
-14
-46
147
-104
171
-153
248
-198
79
169
-295
217
-108
-10
53
-30
92
-104
50
-23
-35
7
20
-63
7
95
-116
35
66
-174
229
-236
210
-141
25
113
-177
115
-65
-148
321
-456
453
-171
-155
451
-499
324
-152
-47
81
-120
116
105
-263
422
-355
162
131
-226
211
-59
-24
77
-197
269
-310
201
1
-165
208
-189
144
-159
133
-40
-107
177
-193
98
-68
-29
96
-124
139
-80
99
-78
83
-13
-5
11
-133
136
-47
-53
222
-259
97
50
-105
120
-137
111
-147
116
-52
82
-32
-112
259
-388
329
6
-392
518
-319
115
34
46
-148
-10
441
-532
293
75
-303
119
173
-188
129
65
-149
31
108
-225
130
119
-387
286
-5
-205
174
-109
-56
81
-67
109
-247
236
-232
60
113
-228
336
-331
406
-398
366
-224
-86
219
-291
291
-113
114
-49
80
-86
28
41
-100
167
-57
-163
293
-267
60
40
-104
143
-172
301
-332
208
19
-226
268
-104
-30
183
-138
4
9
-103
155
-102
76
90
-229
225
-94
-28
99
-161
178
-227
239
-163
-56
199
-240
167
-143
125
-134
120
-6
-175
301
-213
-12
116
48
-261
317
-188
-122
289
-310
207
-121
139
-18
-162
392
-612
493
-189
-89
200
-158
157
-205
288
-341
164
57
-217
251
-139
49
-52
57
-12
-145
130
-96
48
55
-9
16
-84
150
-225
195
-113
-4
98
-130
244
-201
244
-160
-89
353
-486
335
51
-314
395
-246
60
-25
25
-9
-78
239
-360
310
-172
-27
150
-154
194
-259
254
-36
-227
276
-152
-132
125
100
-166
59
280
-426
328
31
-283
232
-73
-56
111
31
-98
156
-138
98
25
-162
139
-116
-22
176
-295
245
-152
-111
256
-378
282
-146
-21
156
-219
260
-278
155
-28
-91
212
-245
247
-53
-154
304
-142
-75
200
-163
120
-124
105
-31
-64
58
73
-176
106
132
-285
265
-118
-51
53
-22
21
4
-27
113
-163
86
34
-193
343
-293
176
-22
-147
103
-102
1
112
-152
112
-58
-15
81
-259
267
-189
117
-67
82
-73
41
10
-75
184
-244
237
-93
-96
213
-189
49
202
-259
197
-82
45
-68
112
-27
-52
203
-256
236
-193
-34
72
-201
119
-17
22
-97
78
89
-236
209
5
-184
242
-159
48
102
-155
189
-20
-49
129
-47
-81
99
-60
-88
270
-308
203
114
-404
371
-217
59
51
-71
125
-163
122
-46
-109
211
-274
145
76
-170
217
-244
132
-85
-80
149
-111
100
17
-131
107
-77
-24
104
-125
96
-11
55
-80
-1
40
-56
47
18
-18
-5
45
-99
89
76
-198
177
9
-250
353
-250
-77
313
-424
286
-50
-228
337
-283
132
11
-145
189
-148
64
81
-61
33
47
-33
-91
185
-169
-35
151
-121
53
89
-171
249
-225
93
53
-187
183
-186
214
-128
-21
160
-179
119
-99
94
-42
-4
80
-106
93
-97
86
-32
-7
146
-162
64
69
-170
239
-149
43
-71
117
-126
33
176
-277
261
-187
93
-5
-126
200
-279
284
-138
-133
375
-382
199
44
-180
6
146
-176
129
-64
31
-24
-116
293
-305
280
-148
-69
174
-213
171
-152
71
-69
-4
141
-170
224
-156
143
-106
19
44
-127
129
-81
24
-22
130
-121
-99
223
-159
56
185
-204
162
-123
10
37
11
-101
99
22
-146
157
-77
18
29
22
-54
96
-136
58
-33
-112
209
-229
140
18
-198
198
-161
-18
164
-128
35
66
-137
120
-153
95
-36
-105
208
-93
2
92
6
-143
170
-119
-48
138
-146
121
-89
131
-9
-147
276
-266
125
36
-87
56
16
-122
144
-26
-87
189
-125
10
-6
27
12
8
-14
42
-58
-141
290
-274
89
86
-185
288
-246
142
-36
-118
209
-267
243
-130
146
-111
82
23
-218
322
-286
283
-131
-23
69
-271
298
-281
103
98
-240
197
-142
-22
23
-39
-113
214
-110
-54
244
-253
252
-206
264
-251
39
256
-460
412
-247
196
-99
94
154
-407
388
-187
-66
192
-128
32
18
-90
78
-34
9
-36
-110
257
-252
48
245
-409
319
-171
66
51
-241
425
-425
240
-14
-122
309
-370
390
-239
67
61
-169
153
-138
158
-94
0
95
-124
68
97
-122
103
-66
37
-50
38
20
-165
302
-250
81
93
-175
34
74
-90
33
54
-129
161
-72
1
43
-61
59
-152
154
-141
130
-75
-14
91
-64
-14
24
45
-179
221
-84
-82
148
-105
59
-162
228
-205
51
128
-189
167
-122
154
-186
161
-7
-119
211
-113
47
-226
349
-290
30
204
-348
392
-250
105
25
-176
128
-46
-38
176
-248
284
-222
-38
166
-314
246
-88
92
-23
-6
59
-140
55
-87
37
49
-126
272
-296
239
-132
-29
166
-242
193
-56
90
-74
66
-17
-102
74
8
21
69
-86
116
-120
-11
-28
61
-68
-97
289
-296
43
212
-320
191
34
-83
97
-62
38
-95
96
-143
171
-62
-67
300
-261
71
97
-141
80
-76
139
-48
-123
363
-423
279
-156
110
-47
-55
126
-76
-8
50
10
-70
50
-42
83
-116
46
61
-85
-34
123
-55
0
-1
157
-215
81
148
-376
360
-171
-84
218
-213
135
-101
113
-116
110
-47
-132
180
-175
57
-3
-36
62
-60
101
-32
-27
6
-11
-97
95
20
-59
113
-136
139
-150
95
-25
-56
88
-61
134
-144
116
-39
-82
153
-135
85
-55
-72
215
-179
128
25
-46
22
-36
131
-226
313
-203
-51
243
-383
266
-187
17
-37
-45
60
-55
122
-122
84
-71
-60
88
-20
33
-98
181
-176
77
137
-143
19
-37
32
-76
107
-40
-9
66
-71
66
83
-88
94
-101
25
-79
-11
61
-63
219
-129
76
21
-194
173
-42
29
102
-160
140
-159
142
-39
-111
285
-295
243
-15
-202
226
-207
110
-46
-41
106
-225
204
-133
-49
151
-96
30
-53
-5
30
-56
131
-77
45
7
11
-67
33
80
-98
-13
206
-260
230
-59
-91
218
-299
176
-85
-44
132
-72
28
-34
-9
-55
45
-71
2
-13
-50
128
-133
142
-23
-139
191
-272
111
59
-149
165
-19
95
-83
78
10
-150
211
-125
141
-154
67
133
-368
504
-356
40
256
-377
268
-120
-80
108
-51
-33
84
15
-127
183
-175
126
-51
-129
255
-224
97
89
-209
237
-214
118
58
-171
225
-181
76
75
-163
174
-45
-75
44
9
-49
-13
120
-139
152
-37
-96
123
-55
-77
105
-53
-44
56
-59
57
-5
-66
25
21
-110
137
11
-97
153
-153
10
-2
9
-104
86
86
-198
194
-96
-40
32
37
-39
163
-127
3
80
-156
75
-121
103
56
-18
77
-41
-8
-72
20
12
-67
66
-83
57
-25
87
-65
32
34
-109
248
-203
78
112
-263
235
-28
-73
124
-96
20
-27
17
17
-91
28
-39
120
-197
141
-58
-53
168
-205
86
98
-300
173
4
-110
135
-20
19
-52
132
-94
-32
74
-33
43
-104
155
-17
-161
256
-176
50
90
-189
162
-100
38
-7
-93
145
-75
54
148
-226
222
-167
91
-16
-32
115
-111
191
-213
99
-112
4
91
-114
139
-92
46
27
-191
152
-119
-12
101
4
-59
-10
120
-221
238
-84
-49
91
-27
50
-77
49
-86
-2
55
-43
132
-141
-51
69
-88
67
-5
72
-123
59
47
-82
3
46
-119
107
21
7
-10
-102
153
-220
172
-12
-163
237
-156
111
118
-217
91
-72
-106
151
-130
100
-5
-21
74
-85
0
-32
13
-9
117
-50
57
-91
7
-8
3
115
-136
82
-33
-116
152
33
-93
114
-91
2
45
-12
57
-22
-55
122
-71
-2
9
-120
186
-116
26
115
-212
78
-36
11
32
49
-56
60
45
-111
106
-47
-66
1
59
-21
22
6
-65
64
-5
-21
-19
39
-46
-67
90
-65
35
31
-98
103
-125
85
26
-69
47
50
-70
7
83
-171
50
44
-31
36
-1
97
-128
215
-212
55
113
-194
176
-20
-78
97
-12
-117
243
-167
-28
225
-246
61
116
-275
141
-12
-125
180
-98
50
-28
-69
91
-116
110
-112
162
-103
-26
152
-265
234
-197
131
97
-244
283
-217
40
100
-198
228
-225
178
11
-129
226
-168
90
-69
52
-23
-48
46
-80
89
-28
36
42
-170
52
-48
-39
152
-22
17
50
-83
-16
29
-103
87
-39
-31
35
-1
-77
-11
64
-27
71
43
-33
29
-126
21
35
-91
154
-49
42
24
-120
131
-130
56
39
-84
99
-63
57
-16
-67
15
-103
116
-97
74
-13
-29
66
-58
64
-49
9
45
-83
111
-70
40
-17
11
58
-36
81
-43
86
-94
67
55
-72
111
-62
71
0
-134
97
-99
22
-31
62
-2
-52
114
-177
168
-159
3
127
-188
215
-123
-54
100
-178
138
38
-63
42
-42
-28
-12
68
-79
97
-51
-32
101
-87
23
-27
9
15
0
49
-75
31
-48
-15
80
-35
101
-55
16
77
-125
50
5
9
73
-12
49
-31
-104
106
-63
4
27
-38
-6
-5
-36
-44
64
-129
185
-64
-87
159
-211
10
44
-80
36
11
16
42
10
-94
67
-57
-46
124
-65
36
16
-1
-13
37
-37
-26
25
-82
87
-33
-26
70
-55
-11
41
33
-60
53
81
-90
91
-7
-34
49
-80
50
-20
4
-29
42
7
-97
136
-97
39
-27
-9
-12
-12
7
-47
77
-54
-17
20
-52
5
-20
12
63
6
31
-41
31
25
-62
106
-10
30
53
-27
21
9
-67
31
69
-84
95
-23
-20
-49
-47
9
-72
35
15
-18
8
-32
50
-98
16
37
-54
175
-77
87
-43
-96
100
-93
83
34
-48
44
12
-85
85
9
-95
109
-108
16
-18
-71
86
-102
129
-46
12
50
-116
101
-110
29
-23
13
-12
-56
131
-126
106
23
-127
146
-129
42
40
-74
74
-30
-3
-7
8
-11
27
-8
37
10
-30
115
-98
57
43
-119
94
-32
-62
45
-4
-63
87
-22
-25
32
-70
9
-25
-12
29
-24
28
-34
21
-44
-25
32
39
-38
38
-19
-76
87
-26
-12
60
-31
-27
53
1
33
3
64
-59
7
-5
-4
64
7
50
-54
-40
-29
-67
27
-36
77
-32
14
29
-187
150
-95
26
89
-45
40
13
-29
-49
12
-33
35
-28
50
-8
-3
9
-20
15
30
-42
64
-6
-31
42
-100
47
1
-47
57
19
-29
-23
19
33
-33
116
-87
25
-25
-79
83
-75
36
57
-6
11
-1
28
-151
48
-48
-8
136
-49
158
-54
-39
10
-71
51
-17
13
66
-12
10
5
-20
-11
13
-30
43
2
-8
69
-34
-33
40
-73
42
8
-74
55
-63
19
2
34
1
29
-35
15
1
-65
14
-54
-4
5
41
-51
33
17
-72
86
-32
24
21
-62
-9
2
42
64
-43
14
-100
-78
-70
-23
-13
-2
26
-6
14
-86
-14
-26
-16
36
6
36
47
-20
17
34
6
58
52
38
85
8
40
28
-15
65
64
84
81
-44
-14
-138
-84
-53
-42
41
-64
36
-61
-48
-52
-84
-59
-28
13
11
2
61
-31
56
58
-40
146
-46
77
52
-42
64
19
-5
75
20
-40
40
-61
29
-75
-16
-9
-81
-15
-60
-48
-39
18
-22
75
34
3
33
-10
40
15
24
52
34
28
43
39
-7
-22
-37
-15
-38
-55
-87
-26
-57
-9
-28
-10
-17
-26
48
66
67
-11
8
17
-72
-7
29
29
38
47
-16
-38
-52
-84
6
41
49
-9
3
-90
-88
-52
-16
33
116
33
109
57
-65
-11
25
52
20
109
70
6
16
-102
28
37
-35
75
-14
93
-93
1
-46
-105
16
-162
36
-21
-44
-26
-65
11
-85
53
-26
50
95
-38
91
-72
-67
-25
-67
77
-12
14
3
-64
-30
-115
19
-12
48
51
27
56
-34
-17
-59
26
68
63
127
116
68
61
2
-37
4
-1
13
20
30
8
-85
-8
-84
18
-134
24
-2
-26
87
-121
86
-106
-84
15
-45
48
20
-16
50
-79
0
-6
-7
23
15
49
-58
113
-82
77
33
-12
116
-38
57
-40
-17
12
-6
28
-20
33
8
-39
101
-132
5
-95
-71
69
-82
57
-30
-68
-74
-64
-93
26
19
-2
101
-2
0
-62
6
-11
22
84
88
110
-21
5
-8
-7
22
42
50
36
-14
-45
-98
-69
-40
-7
138
40
45
-36
-17
49
-17
74
42
59
25
25
36
9
41
1
38
31
5
-60
-72
47
-62
53
23
-48
-61
-83
-54
-24
10
-101
-58
-86
-136
-125
-95
42
-4
-27
-18
-84
-42
-31
51
88
57
88
46
93
96
114
152
162
128
65
95
30
29
41
5
20
-46
-89
-101
-102
-95
-96
-105
-108
-136
-131
-129
-109
-76
-23
47
62
82
-29
-10
-7
5
102
80
130
140
126
45
-6
8
-57
-37
61
26
42
-7
-64
-65
-69
-108
-23
-21
-4
32
-6
-14
-10
17
21
56
64
27
11
11
26
-3
33
22
66
30
-10
24
-30
-13
-37
13
-5
-13
