0
0
0
0
-1
1
0
0
0
0
0
1
0
0
0
0
0
0
1
0
0
0
0
-1
0
-1
0
0
0
0
0
0
0
0
0
0
0
0
0
0
0
0
0
1
0
1
1
0
1
0
0
0
0
0
1
0
1
0
0
0
1
0
0
-1
0
0
1
0
-1
0
0
0
0
-1
-1
1
0
0
1
0
0
1
0
0
0
-1
1
0
0
0
0
0
0
-1
0
0
0
0
0
0
0
0
0
0
0
0
0
0
0
0
0
0
0
0
-1
0
-1
0
-1
0
0
0
0
0
-1
0
-1
1
0
0
0
0
0
-1
0
-1
0
-1
0
0
0
0
-1
0
-1
0
1
0
0
0
0
0
0
1
0
0
0
0
0
0
-1
0
0
0
0
0
0
0
0
1
0
1
1
0
0
0
0
0
1
0
0
0
0
1
0
1
0
0
0
0
0
0
0
1
0
0
0
1
0
1
1
0
0
0
0
-1
0
0
1
0
0
0
0
0
0
0
0
0
0
0
0
0
-1
0
0
0
0
0
0
0
0
0
-1
0
1
0
0
0
0
0
0
0
-1
1
0
0
0
1
0
1
0
0
0
0
0
0
0
-1
0
1
0
0
0
1
0
0
0
0
-1
1
1
0
0
1
0
0
0
0
0
0
0
0
-1
0
0
0
0
1
0
0
0
0
0
0
-1
-1
1
0
0
1
0
0
-1
0
-1
1
0
1
0
0
0
0
1
-1
0
0
0
0
0
0
0
0
0
0
0
0
0
0
-1
0
0
0
0
1
0
0
0
0
0
0
0
0
-1
0
0
0
-1
0
0
1
0
-1
0
0
0
0
1
1
1
0
0
-1
0
0
-1
0
0
0
0
-1
0
0
0
0
0
0
1
0
0
0
0
0
1
0
0
0
0
0
0
0
-1
1
-1
0
-1
0
0
0
0
-1
0
0
0
0
0
0
0
0
0
1
0
0
0
0
0
0
0
0
0
0
0
0
0
0
-1
0
0
0
1
0
0
0
0
-1
0
-1
0
1
0
0
1
0
0
0
0
0
0
0
0
0
0
1
-1
0
-1
0
0
-1
0
0
0
0
-1
0
0
0
0
0
1
0
0
0
0
0
0
0
-1
0
0
0
0
0
0
-1
0
0
0
0
0
0
-1
0
-1
0
0
0
0
1
0
0
0
0
0
0
0
0
0
0
0
0
1
0
0
0
0
1
0
-1
0
1
0
0
0
0
0
0
0
-1
-1
0
0
0
1
0
-1
0
0
-1
0
0
0
-1
0
0
1
0
0
0
0
0
0
1
0
0
0
0
1
0
0
0
1
1
0
0
0
0
0
0
1
0
1
0
0
0
1
0
0
0
-1
1
1
0
-1
0
0
0
0
0
0
0
0
0
0
0
1
0
1
0
0
0
0
0
-1
0
1
0
0
-1
0
-1
0
0
-1
0
0
0
0
0
0
0
0
0
0
0
0
0
0
0
0
0
0
0
0
0
0
0
0
0
0
0
0
0
0
0
0
0
-1
0
0
0
0
0
0
0
-1
0
0
0
0
0
0
0
0
0
0
0
0
0
0
0
0
0
0
0
0
0
0
1
-1
0
0
0
0
0
0
0
1
0
0
0
0
0
-1
0
0
0
0
0
0
0
0
0
0
-1
-1
-1
-1
0
-1
0
0
0
0
0
0
-1
-1
0
-1
0
0
0
-1
0
0
0
0
0
0
0
1
0
0
0
0
0
0
0
0
0
0
1
1
0
0
0
0
0
0
0
0
0
0
0
1
0
0
0
0
0
1
1
0
0
0
0
0
-1
0
0
0
0
0
0
1
0
0
1
0
0
0
1
0
0
1
0
1
1
0
0
0
0
0
0
0
0
0
0
1
0
1
1
-1
0
0
0
0
0
0
0
0
0
0
0
1
0
0
1
0
0
0
1
0
0
0
-1
0
0
0
0
0
0
0
0
0
0
1
0
0
0
-1
-1
0
0
0
0
0
0
0
0
0
0
-1
0
1
0
0
0
0
0
0
0
-1
0
1
0
0
0
0
-1
0
-1
-1
0
0
0
0
1
0
0
0
0
0
0
0
0
1
1
0
1
-1
0
0
0
0
0
0
0
0
0
0
0
0
0
0
0
0
0
0
0
0
0
0
0
0
0
0
0
0
-1
1
0
1
0
0
1
0
0
0
0
0
1
-1
0
0
0
0
0
1
0
0
-1
0
0
0
0
1
0
0
1
-1
-1
0
0
0
0
0
0
0
0
0
0
0
0
0
0
0
0
0
0
0
0
1
0
-1
0
0
0
0
-1
0
0
0
0
0
-1
0
0
0
0
-1
0
0
0
0
0
0
0
0
0
0
0
0
0
0
-1
0
0
0
0
0
0
0
0
0
1
0
-1
0
0
0
0
0
0
0
0
0
0
0
0
0
0
0
0
0
0
0
-1
0
0
0
0
0
0
0
0
0
0
0
0
0
1
0
0
0
0
0
0
0
1
0
0
0
1
1
0
0
0
-1
1
1
0
0
0
0
0
0
0
1
0
0
0
1
0
0
0
0
0
-1
0
0
0
0
0
0
0
0
0
0
-1
-1
-1
0
0
0
0
-1
0
0
0
0
0
0
0
0
0
1
0
1
0
0
0
0
0
0
1
-1
0
1
-1
0
0
0
0
0
0
0
-1
0
0
0
-1
0
-1
0
0
0
0
0
-1
0
0
0
0
0
0
-1
0
0
0
0
0
0
0
0
-1
-1
0
0
0
0
0
1
0
0
1
0
0
-1
0
0
0
0
0
0
0
0
0
1
0
1
0
0
1
-1
1
0
0
0
-1
-1
0
0
0
-1
0
-1
0
0
0
-1
0
0
0
0
1
0
0
0
0
0
0
1
0
1
0
0
0
0
0
0
1
0
0
0
1
1
0
0
0
0
0
0
0
0
-1
1
0
0
0
0
0
0
0
1
0
0
-1
0
0
0
-1
-1
0
0
1
0
-1
0
0
0
0
0
0
-1
-1
0
0
-1
1
0
1
0
0
0
0
0
0
1
0
0
0
-1
0
0
0
0
0
1
-1
0
0
0
0
0
0
0
0
0
1
0
0
0
0
0
0
-1
0
0
-1
0
0
-1
0
0
0
0
0
0
0
0
1
0
0
-1
1
0
0
-1
-1
0
0
0
1
-1
0
0
0
-1
1
0
0
0
1
-1
0
0
0
0
0
0
0
0
0
0
0
-1
0
0
0
0
0
0
0
0
0
0
1
-1
0
0
-1
1
0
0
0
0
0
0
0
0
0
0
0
0
0
0
-1
0
0
0
0
0
0
0
-1
0
0
0
-1
0
0
-1
-1
0
0
0
0
0
1
1
-1
0
-1
0
0
0
0
0
0
0
0
1
0
0
0
0
-1
1
0
0
1
0
0
0
0
0
1
1
0
0
0
0
0
-1
0
-1
1
0
1
0
0
1
0
0
1
0
0
0
1
-1
-1
1
0
0
0
-1
0
0
1
0
0
0
0
0
0
-1
0
0
0
-1
0
0
1
1
-1
0
0
0
0
0
0
0
0
0
-1
1
0
0
1
0
0
0
0
1
-1
0
0
0
0
-1
1
0
0
-1
0
0
0
0
0
-1
0
-1
1
0
0
1
0
0
0
0
0
0
0
0
-1
0
0
0
1
0
1
0
-1
0
0
-1
0
0
1
1
0
0
0
-1
-1
0
0
0
-1
0
0
1
0
1
0
0
1
0
0
1
0
0
0
0
0
0
0
0
0
0
0
-1
1
0
0
0
0
0
0
0
0
-1
1
-1
0
-1
0
0
0
0
0
-1
0
0
0
0
0
0
0
0
0
0
0
0
0
-1
1
1
-1
0
0
0
0
0
0
0
0
0
0
0
0
0
-1
0
0
0
0
0
0
0
0
-1
0
0
0
0
-1
0
-1
0
0
0
0
0
-1
0
0
-1
0
0
0
1
0
0
0
0
0
0
1
0
0
0
0
0
1
0
0
0
1
1
0
0
0
0
0
0
0
0
1
1
1
0
0
-1
0
0
0
-1
-1
0
0
0
0
0
0
0
0
0
0
0
0
0
0
0
0
0
0
0
0
0
1
1
1
0
-1
0
0
0
0
0
0
1
-1
-1
0
0
0
0
0
1
0
-1
0
0
0
0
0
0
0
0
-1
0
0
0
0
1
0
0
0
0
0
-1
1
1
0
0
0
0
1
0
0
0
0
0
0
0
0
0
0
0
0
1
0
0
0
0
0
0
1
0
0
0
0
0
0
0
0
1
0
1
0
-1
0
0
0
0
-1
0
0
0
0
0
0
-1
0
0
-1
0
0
0
-1
1
0
0
0
0
0
0
0
0
0
0
0
0
0
-1
0
-1
0
0
0
0
0
0
0
0
0
1
0
0
0
0
-1
0
0
0
0
0
0
1
0
0
0
0
0
0
0
0
0
-1
0
0
1
0
0
0
0
0
0
0
1
0
0
0
0
0
0
-1
0
1
0
0
0
0
0
0
0
0
-1
0
0
0
0
0
0
0
0
1
0
-1
0
1
0
0
-1
0
0
0
0
0
0
0
0
0
1
0
0
0
0
0
0
0
0
0
0
0
0
0
0
0
0
0
0
1
0
0
0
0
0
1
0
0
0
0
1
-1
0
0
0
1
0
0
0
0
-1
0
-1
0
0
0
0
0
0
0
0
0
0
0
-1
0
-1
0
0
0
0
0
0
-1
-1
0
0
0
0
0
0
0
0
0
0
1
0
0
0
0
0
1
1
0
-1
0
0
0
0
0
0
0
0
1
0
0
0
0
0
0
0
1
0
0
0
0
0
1
0
0
0
0
0
0
0
-1
-1
0
0
0
0
0
-1
0
0
0
0
0
1
0
-1
0
0
0
0
0
0
0
-1
0
0
0
0
0
0
0
0
0
0
0
0
-1
0
0
0
0
0
1
1
0
0
0
-1
0
0
1
0
0
0
0
0
0
0
1
-1
0
0
0
0
1
0
0
-1
0
0
0
0
0
0
1
0
0
1
0
0
0
0
0
0
-1
-1
1
-1
0
-1
0
-1
0
-1
0
0
1
-1
0
0
0
0
0
0
0
-1
0
0
0
0
0
0
0
0
0
0
0
1
-1
1
-1
0
-1
0
0
0
0
0
-1
1
0
1
0
0
0
0
0
0
0
0
0
0
0
0
0
0
0
-1
0
0
0
0
1
0
0
1
0
0
0
1
0
0
0
0
0
0
-1
0
-1
0
0
0
0
0
0
-1
-1
1
-1
0
-1
0
0
0
-1
1
0
0
1
0
0
-1
1
-1
1
0
1
-1
0
1
-1
0
0
0
0
0
-1
1
0
0
0
1
0
1
-1
0
-1
1
0
0
-1
1
-1
0
0
0
0
0
0
0
0
0
0
0
2
-1
0
-1
0
0
1
0
1
-1
0
0
1
0
0
0
-1
-1
0
0
-1
0
0
0
0
2
-1
0
0
-1
-1
2
0
0
-1
1
-1
2
-1
1
-1
0
0
0
-1
0
1
-3
2
0
0
-2
1
1
-1
0
2
0
-2
3
1
-4
-1
4
-4
1
3
-3
-1
3
-4
5
0
-4
3
1
-1
-5
5
-1
-4
2
1
-1
-1
2
-1
0
-3
4
1
-6
7
-1
-4
0
4
-1
-6
7
2
-2
-4
6
0
-8
7
-6
8
-4
1
2
-1
-3
-1
9
-9
-1
1
9
-10
0
11
-9
0
0
7
-8
3
3
1
-7
4
4
-8
4
-1
1
0
-4
5
2
-10
11
-2
-6
5
-1
2
-2
-3
-2
6
2
-9
12
-8
0
-6
16
-8
-12
16
-4
2
-5
10
0
-10
-4
12
2
-15
8
5
-5
7
-7
10
-5
-11
11
0
-2
-5
3
-4
15
-16
3
22
-18
-10
16
-1
-21
16
3
-12
14
-9
1
7
13
-29
14
14
-23
4
12
0
-29
34
-10
-11
1
8
8
-15
16
-13
-2
3
3
-7
5
1
-14
12
7
-21
23
3
-21
19
-10
-10
13
-7
-1
-1
7
0
2
0
-1
0
-14
11
8
-6
-12
20
2
-20
8
2
-6
3
-3
22
-19
9
-13
-1
18
-11
-10
12
11
-23
4
7
18
-33
5
19
8
-32
7
30
-22
-26
31
13
-39
21
12
-21
28
-16
-12
24
-10
-28
18
24
-33
-2
24
8
-33
23
7
-34
44
-33
-8
25
3
-43
38
25
-58
33
18
-34
7
20
-16
-4
15
-23
7
32
-61
30
23
-26
2
13
14
-50
33
-1
-17
-7
14
4
-11
13
6
-9
4
-2
16
-44
14
25
-39
10
34
-25
-31
87
-61
-10
50
-28
-29
30
-1
-21
7
16
-3
-4
-13
28
-4
-45
35
27
-49
22
19
-36
17
15
-20
-3
38
-49
4
14
-11
-15
36
10
-27
22
-13
0
-3
-1
-11
20
-18
-17
40
-17
-7
17
27
-40
6
27
-39
-5
22
-2
-21
18
8
2
-4
16
-32
18
-15
0
-14
34
-38
39
-6
-19
36
-28
-30
39
-2
-7
-20
50
-17
-16
-1
29
11
-81
87
-35
-41
14
58
-47
-29
88
-46
-20
14
29
-17
0
21
-44
27
-32
8
5
7
-13
12
9
-5
11
-11
4
-3
-17
13
30
-34
6
5
-24
32
-33
6
14
-21
-9
16
25
-25
3
44
-7
-69
60
-13
-38
17
18
-12
16
-3
-9
-25
41
-16
-33
99
-75
-20
53
-20
-62
56
22
-69
43
24
8
-48
53
14
-75
37
-21
-2
2
54
-54
15
57
-103
75
-51
-8
23
-23
29
-25
61
-70
57
5
-27
21
21
-37
-71
90
-37
-20
42
-4
-22
-5
15
19
-50
45
32
-62
3
54
-34
-42
57
16
-65
34
39
-70
34
67
-75
-26
39
-25
-88
107
4
-35
38
38
-58
75
-46
20
-75
26
-53
13
29
16
19
-27
83
-60
-7
2
-2
-5
-36
22
26
-83
56
11
-26
-16
54
-21
-2
51
-29
-1
18
16
-56
-3
79
-79
18
-25
93
-131
73
6
-37
57
-39
1
-32
84
-165
87
-12
3
-11
84
59
-85
41
38
-63
-48
13
-33
16
4
13
-42
126
-147
22
115
-87
24
-15
58
-118
84
86
-151
134
-101
31
-96
180
-163
15
127
-109
85
-91
157
-133
11
10
-56
22
-52
110
-62
34
49
-20
12
-13
6
-56
70
-72
-27
7
30
-154
137
50
-98
3
132
-23
-25
98
-41
-30
-9
-18
-90
70
-48
59
-8
33
-8
-24
87
-90
157
-183
23
19
-165
80
15
53
-77
129
-17
-65
68
-30
82
-124
118
-117
73
-41
-47
60
-33
76
-74
107
-45
-5
-27
-85
19
-1
-54
96
-52
116
-139
133
65
-66
62
-49
83
-181
178
-67
-33
47
-106
-48
44
51
-143
126
-5
-75
39
129
-83
67
-20
-56
-83
94
-89
54
3
-50
-5
-1
104
-40
38
87
-22
32
-64
-76
27
-119
87
-13
10
-47
136
-11
5
196
-170
20
-34
-15
-162
2
103
-205
213
-58
140
-146
147
-3
-107
72
-156
95
-135
175
-80
208
-150
121
-11
-78
1
-73
67
-156
157
-15
-34
72
44
-28
-22
-16
56
-129
27
9
-46
10
-4
110
-155
100
2
-94
105
-173
129
-72
37
-93
127
71
-76
158
43
-75
103
-123
-1
-23
-3
-60
-1
82
-227
225
-83
-66
98
-109
53
-73
95
-21
54
86
-133
178
-142
-90
88
-26
-132
78
34
-7
75
88
-42
36
42
-162
112
-13
-171
14
153
-125
-58
164
-47
-149
75
-34
-53
23
47
135
13
-10
157
-167
155
-184
117
-165
-38
12
-98
139
-9
-10
20
77
-132
90
-15
96
-225
147
-20
-57
40
-51
80
-83
-19
63
33
-16
55
16
94
-146
33
-16
-29
25
-146
108
-63
49
33
106
64
-235
64
-159
-64
-86
154
-68
193
-26
64
240
-124
103
-32
54
-354
172
-149
-99
138
10
41
-125
283
-374
69
208
-89
0
61
-2
-169
64
47
-3
-36
179
3
-6
-19
66
29
-280
245
-262
40
-132
48
-71
92
43
-39
96
54
25
-119
166
-150
22
-24
-3
20
15
119
66
-114
54
-62
-60
-72
76
8
-144
269
-203
28
28
-1
-150
87
144
-240
206
50
-56
-59
37
5
-67
120
-44
32
26
80
-168
156
-116
33
21
65
-100
-130
278
-305
71
-78
115
-101
94
110
-373
347
-294
53
-56
219
-218
192
166
-319
236
11
-35
-75
220
-62
65
-51
-18
-100
150
-132
7
79
-219
12
-62
160
-176
315
-131
234
-300
201
-157
-93
13
-137
186
-305
370
-170
187
-22
4
49
67
-69
-50
14
-65
14
-69
133
-105
58
-100
153
-92
67
-6
-4
81
-141
104
-115
63
-165
171
-56
-12
49
-6
42
-60
50
91
-183
260
-132
71
-80
-56
-46
-145
268
-270
203
-156
66
8
16
49
-33
224
-274
349
-345
123
-30
-10
-48
48
130
-155
250
-153
-17
-26
-29
-52
9
107
-118
107
-69
47
-97
115
-129
-1
36
-39
-1
-97
219
-151
134
-134
162
-110
107
76
-18
-43
5
1
-106
74
-54
-100
78
59
-120
137
86
-185
162
41
-172
140
-124
42
-91
123
-24
92
18
-50
-17
-81
30
-50
-125
161
-73
44
14
112
-132
16
109
-197
61
-188
288
-314
160
95
-150
195
78
-30
-58
269
-329
71
128
-201
100
-37
-95
23
-10
-103
166
37
-40
87
19
-96
-13
50
-187
177
-224
39
-43
54
84
0
260
-117
23
-107
106
-249
116
3
-122
141
-177
353
-302
278
-201
192
-32
-181
304
-362
178
-161
93
-77
-55
172
-68
169
-125
50
-38
-45
14
-87
154
-113
21
105
-110
97
-184
239
-177
145
65
-2
30
-99
16
-80
-62
94
-106
46
21
-130
42
88
-48
20
102
-122
133
-53
-10
41
-85
33
-42
37
-84
108
39
-117
47
131
-118
-29
109
-91
-87
30
179
-312
251
-122
114
11
24
-28
-34
10
-144
194
-168
83
-45
5
-27
29
22
-86
163
-53
-58
169
-167
81
5
7
-28
-31
3
-53
-73
123
-163
274
-182
128
-33
75
28
-134
103
-63
61
-65
17
-62
47
-155
114
-60
-37
158
-113
157
-105
172
-264
160
-21
-123
130
-6
15
-57
38
22
-116
127
18
-146
137
-95
114
-100
200
-290
153
-29
-23
-139
224
-99
-91
302
-273
117
-146
129
-10
-67
120
-134
153
-98
-70
96
-68
37
-35
173
-65
-31
-4
80
-129
26
13
11
-44
102
-91
169
-163
-80
174
-221
261
-214
290
-266
122
-178
169
-51
-25
21
44
57
-118
-10
36
-127
188
-125
164
-57
-57
74
-25
-18
-96
138
47
-175
120
-40
-107
176
-103
-50
201
-61
-97
27
81
-340
337
-302
160
-94
102
-4
101
62
-118
137
-116
-14
-1
-51
-84
223
-75
15
68
31
-125
101
-103
81
-42
95
-218
191
-58
-176
103
26
-159
195
-12
-112
181
8
-162
121
-79
-74
149
-21
-12
-88
247
-186
129
8
-175
134
-96
32
-122
87
5
-111
266
-219
143
-268
335
-143
-44
27
8
-22
-78
202
-47
7
-30
156
-194
113
12
-102
97
-20
-78
9
117
-242
128
9
-144
100
-80
46
118
-30
10
83
19
-209
86
73
-256
196
3
-109
85
10
-31
-15
149
-225
170
-162
33
60
41
45
-21
126
-373
317
-176
-58
211
-84
-16
-13
192
-316
260
-171
-57
195
-170
96
-104
194
-214
229
-80
-30
39
54
-192
188
-225
63
51
-42
18
-35
96
-116
192
-15
-95
116
-82
-117
189
-249
148
72
-53
89
-139
138
-184
215
-235
102
9
-138
279
-341
279
-99
-17
120
6
-110
27
144
-251
226
-135
-8
-193
318
-234
157
82
-252
250
-274
272
-400
325
-220
149
112
-109
56
-44
2
-68
266
-258
312
-354
281
-278
236
-133
10
165
-265
283
-263
156
-228
186
-306
311
-251
217
58
-58
-84
128
-37
-207
412
-340
206
34
113
-275
150
-121
-33
184
-142
75
-113
204
-288
369
-134
35
-113
79
-182
12
24
-118
-34
67
24
31
206
-295
297
-244
226
-11
-119
44
-53
-56
25
207
-267
126
45
-36
-83
254
-181
-66
298
-358
191
-120
69
-204
179
-79
46
53
-25
-36
38
61
-115
251
-239
-4
12
136
-173
279
-118
71
16
-193
66
-103
-154
-40
232
-110
46
63
90
-66
128
-38
-227
246
-261
61
282
-329
96
92
-299
433
-198
48
96
-66
-100
-179
450
-503
306
31
-115
6
109
-63
17
161
-161
66
8
-278
202
-105
115
-13
-88
198
-244
256
-289
188
-106
-92
76
3
-114
-15
57
121
13
38
39
-120
55
-88
142
-113
224
-210
268
-115
-132
17
-112
-38
138
127
-90
194
-278
180
-249
54
-103
114
168
-31
47
77
-347
-22
138
2
171
102
-76
-207
192
-392
165
10
-90
253
-125
484
-610
376
-286
99
125
-147
309
-299
152
-280
286
-536
309
-135
206
229
-259
345
-417
128
-298
155
-77
167
-175
154
60
-249
180
-134
181
-168
367
-254
338
-199
-86
109
-174
100
-102
102
-239
421
-406
247
-65
-81
24
162
25
-81
53
-222
156
-70
93
-141
139
-10
-160
316
-354
97
71
-273
487
-102
71
-247
137
-262
80
55
-173
207
-403
381
-115
238
-180
170
-1
-153
160
-103
-19
55
45
-267
358
-281
93
-200
424
-272
265
165
-334
283
-453
142
-218
191
-16
-30
156
-172
75
-70
43
84
-45
184
-190
155
-377
282
-188
13
268
-151
290
-195
83
-206
77
-153
-96
424
-467
559
-440
92
132
-364
363
-246
322
-462
364
-19
-211
132
-116
125
-89
81
196
-149
43
71
-148
121
-149
293
-223
188
-103
38
24
-279
231
-304
319
-121
84
36
-126
0
-278
185
-376
289
-149
402
-76
68
153
-270
306
-392
544
-242
152
-7
-186
90
-148
92
-230
91
-147
65
-7
-48
164
-91
143
41
121
-11
-180
226
-365
47
48
-179
-14
168
36
-50
296
-294
48
16
-193
174
17
25
-337
473
-393
153
289
-381
216
-240
301
-363
420
-381
-113
248
-474
364
-300
349
-504
427
-266
10
429
-302
305
-148
261
-251
236
-128
-71
246
-114
348
-177
80
-72
254
-79
32
35
-404
327
-353
114
-225
19
-291
274
-97
-16
223
-260
123
-179
236
-133
257
-73
83
-205
152
-1
19
6
117
48
92
107
-76
139
-466
254
-78
308
-281
237
-197
-297
112
-310
263
-541
255
-181
73
-16
-370
430
-438
434
55
119
99
-233
270
-137
98
250
-22
181
-276
82
25
-222
29
-163
20
62
-149
125
-17
39
-202
127
287
-103
18
-57
-14
205
146
181
-145
49
81
-115
163
-228
-306
-213
58
18
99
228
-128
166
-15
34
-91
56
-197
76
-379
54
-35
-305
102
-205
271
-42
616
-33
202
473
-410
467
-243
21
-32
-20
133
-381
248
-674
-224
-31
-699
75
-460
26
-202
265
438
258
462
348
316
-274
441
-605
-17
43
469
390
203
395
-384
506
-576
-206
-838
-390
-353
-674
58
-975
-377
-799
13
-594
-257
347
103
672
-35
691
-183
437
169
377
1024
62
738
236
451
-63
446
187
3
84
-233
68
-564
-32
-767
18
-350
-316
222
-70
-1
-510
-80
-253
71
-151
256
253
-67
-48
-174
22
-220
29
-140
-12
-3
-89
44
-187
-182
-22
432
198
56
-21
-14
164
-10
298
-14
24
19
29
132
247
206
40
304
172
174
96
157
-33
207
289
527
263
10
22
-316
-27
16
-101
57
-102
-114
-109
45
-56
-271
-366
-557
-83
-295
-138
-290
-175
25
-195
-24
-194
28
-356
-154
-342
-408
32
-460
111
188
65
50
191
299
7
88
228
173
335
-31
54
103
-187
133
205
175
181
-87
2
172
32
-29
197
120
-109
97
244
119
50
-249
225
193
91
62
-97
-356
-616
-274
-336
-30
-312
-241
20
-131
-521
-267
-49
-267
-42
115
164
-321
-298
-350
200
392
190
756
748
655
431
605
182
128
440
361
512
419
55
408
520
124
430
426
293
98
1
-124
-467
-204
-436
101
253
158
-8
-336
-147
-649
-270
-247
-271
-111
-315
-368
-828
-1270
-1162
-931
-361
-416
-375
-182
-550
-573
-587
-394
-519
-427
-397
-228
-144
-470
-341
-325
-360
-200
217
161
93
129
184
393
327
361
535
613
603
781
923
775
730
768
741
933
955
1147
1043
1110
813
775
1049
624
769
810
1063
1009
829
911
867
643
569
694
823
680
491
519
149
-210
-590
-579
-799
-868
-937
-952
-1056
-1414
-1528
-1622
-1710
-1964
-1836
-1889
-1882
-2217
-2155
-2261
-2313
-2205
-2186
-1780
-1911
-1931
-1958
-1960
-2012
-2296
-2451
-2740
-2750
-2645
-2090
-1408
-893
-126
612
1344
1596
2140
2476
3063
3435
3797
4374
4771
5030
5190
5546
5682
5607
5313
5094
5147
5379
5055
4291
3326
2420
1938
1316
687
206
-477
-889
-1145
-1362
-1587
-2041
-2441
-2473
-2223
-1881
-1868
-2208
-2359
-2275
-1876
-1573
-1682
-2030
-2233
-2615
-2694
-3008
-3556
-4089
-4560
-4992
-5496
-6457
-7803
-8655
-9726
-10479
-11373
-9800
-6227
-443
2759
2785
735
-1016
1184
3918
7226
7745
8154
9019
11276
13068
11581
8842
5726
5131
6372
7826
8597
7097
4321
1034
-1439
-2949
-4058
-4545
-5496
-5816
-5929
-5202
-4547
-4607
-4974
-4391
-2129
1162
3778
4156
3166
2810
3412
4909
6162
6766
6888
6215
5475
4718
3911
2358
823
305
972
1684
1115
-577
-3366
-5825
-7455
-7768
-7487
-7146
-7144
-6906
-6816
-7338
-8231
-9345
-9957
-10318
-9771
-9541
-9313
-11090
-11053
-8801
-2264
3562
4777
3490
240
2594
5228
9665
10325
9682
9861
11822
15297
14708
11825
7211
5325
6160
7935
9451
8012
5096
1013
-2160
-3695
-4883
-5116
-6522
-7279
-8229
-8003
-7577
-7509
-7912
-7872
-6199
-3268
287
2583
3518
3524
4287
6043
8423
10182
10503
9841
8562
7298
6154
4985
3872
2527
1883
2186
2457
1230
-1786
-5032
-7904
-8599
-8377
-7289
-6784
-7467
-8519
-9527
-9867
-10301
-10695
-10600
-10440
-9253
-8970
-8666
-10868
-12260
-10381
-4080
5393
8310
7835
2607
2802
5911
10720
13184
11924
11728
12826
16844
17351
13727
8085
3862
4932
6931
9262
8112
4181
-1033
-5776
-6944
-7193
-6376
-7459
-8666
-9256
-8845
-7744
-7626
-7881
-7855
-5402
-1647
2008
3601
3772
3473
4445
6526
9052
10898
11020
10158
8555
7051
5542
4098
2747
1934
1669
1526
819
-1455
-4812
-7751
-9392
-9480
-8776
-7973
-7658
-8248
-8884
-9893
-10181
-10830
-10945
-10838
-10126
-9516
-9515
-9784
-11849
-9992
-5589
3862
8947
8696
4603
2314
6222
10713
15158
14145
13344
13466
16254
18289
15126
10376
5462
5888
8119
10026
9134
4427
-1044
-6465
-8010
-7377
-6228
-6562
-8667
-9494
-9633
-8665
-9049
-9321
-8435
-5353
-773
2531
3348
2446
1606
2511
5351
8770
11461
11839
10647
8582
6955
5068
3450
2328
2455
2782
2270
488
-2644
-6137
-9142
-10285
-10152
-8828
-8366
-8206
-9178
-10533
-11724
-12777
-12923
-12873
-11696
-11568
-11247
-13070
-11747
-7040
1965
8171
6987
2811
-288
4878
10882
16359
15676
13695
12959
15232
18284
16683
12427
7216
6715
9215
11577
11310
6569
241
-5686
-7596
-5874
-3803
-3883
-7315
-9734
-10407
-8998
-8535
-9075
-8877
-5932
-1087
2386
2987
697
-841
-212
3656
8564
12476
13309
11206
8191
5568
4341
3661
3433
3371
3320
2805
990
-2079
-6257
-9691
-10697
-9955
-8091
-7903
-8482
-10132
-11736
-13448
-14593
-14729
-13766
-12402
-11603
-12775
-13630
-10577
-2719
6502
7909
4455
-1123
1390
8174
15670
17542
14560
12339
13129
17364
18201
14994
9646
7132
9111
11548
12316
8638
2596
-3449
-6893
-5639
-3316
-2020
-5003
-8739
-11082
-10636
-9227
-8694
-7820
-5965
-2011
878
1691
-250
-1934
-1675
1620
6740
11344
13028
11531
8128
5433
4270
4200
4473
4650
4696
3612
1478
-2221
-5731
-8355
-8604
-7813
-7298
-8088
-10042
-11662
-12883
-13645
-14770
-15451
-15403
-14822
-14206
-15458
-14475
-10249
-1219
5367
5494
1543
-1565
2979
9526
16431
17059
15558
14438
15932
18500
17581
14952
11504
11566
12942
13853
12695
8348
3157
-2354
-4753
-3924
-1929
-1800
-5676
-10208
-13186
-12647
-10820
-8776
-7371
-5779
-4004
-3087
-2737
-3390
-3412
-2288
1344
6254
10669
11758
9690
6305
3970
4098
5628
7543
8013
6833
3956
749
-2298
-4479
-5491
-5408
-4863
-5048
-6556
-8902
-11168
-13055
-13933
-14545
-14130
-14052
-13820
-15730
-16725
-14497
-7201
1426
3318
774
-4300
-2214
3781
11327
14473
13515
12279
12741
15922
16714
15478
12698
11897
13071
13946
14198
11592
7696
2526
-973
-1209
86
917
-2085
-6478
-10480
-11029
-9857
-8310
-6883
-5937
-4702
-5086
-5426
-5962
-5141
-3457
-630
2943
6113
7863
7238
5251
3112
2644
4114
6528
8155
7510
4777
1471
-1317
-2464
-3092
-3103
-3542
-4068
-4989
-6451
-8428
-10488
-11882
-12617
-12843
-13375
-13990
-15915
-15578
-12539
-4585
1451
1622
-2767
-7398
-4823
1224
9588
12767
12319
9970
9838
12337
13131
13108
11332
12096
13051
13826
13604
11282
8166
3727
1619
1732
3606
3590
164
-4545
-8259
-8269
-7052
-5037
-4049
-3230
-3596
-5243
-6595
-7085
-5246
-2949
116
2230
3559
3384
2366
1565
973
1900
3559
5705
6529
5331
2781
-86
-1962
-2533
-1865
-861
-981
-2278
-4929
-6855
-8453
-9027
-8928
-9204
-9379
-10937
-12501
-15408
-15494
-12113
-4093
2454
2776
-1471
-6572
-4987
-283
7046
10712
11266
9797
9112
10159
10295
10469
10187
11850
12863
12650
11445
9276
7447
4684
2996
2517
3098
3173
753
-2560
-5694
-6264
-5814
-4433
-3264
-2323
-2430
-4695
-6648
-7302
-4962
-1982
669
1692
1435
686
92
520
540
902
1401
2761
4131
3841
2103
-368
-1685
-1847
-1074
-470
-615
-1631
-3690
-5179
-6063
-6120
-6257
-7158
-7849
-9023
-9893
-11755
-13493
-12651
-8589
-1161
2481
1560
-4004
-7280
-5261
484
7336
9873
9990
7646
6801
6662
7407
9103
10828
12878
12277
11186
9268
8133
7166
5571
4921
4385
4897
3587
972
-2387
-4437
-4390
-3936
-2903
-2550
-1862
-2933
-4795
-6557
-6702
-4595
-2321
-172
493
548
8
-83
329
960
1599
1766
2239
2516
2506
1916
919
203
-368
-537
-649
-635
-1137
-2572
-3954
-4621
-4025
-4140
-4913
-6778
-8340
-9879
-11044
-11969
-11818
-8828
-4238
471
167
-3224
-7688
-7415
-3055
2876
7185
8032
7204
5267
4742
5105
6929
9098
10853
11714
10699
9493
8173
7932
7549
6848
5937
4931
4403
3214
2042
143
-1265
-2466
-2627
-2250
-1968
-2062
-3677
-4959
-5831
-4649
-3159
-1966
-1746
-2037
-1724
-1247
-57
655
1082
529
205
760
1916
2847
2355
993
-484
-926
-145
783
750
-925
-2476
-2901
-2115
-1122
-1527
-2811
-4874
-6147
-7008
-7425
-7737
-7988
-7900
-8159
-7729
-6679
-4185
-2789
-2717
-3778
-4194
-2599
27
3162
4715
5203
4594
4458
4693
5504
7089
8758
10465
10353
9550
8214
7410
7065
6635
6421
5398
4218
2672
1895
1569
1059
-48
-1923
-2983
-3358
-2523
-2039
-2590
-3875
-4855
-4424
-3460
-2116
-1383
-703
-409
-289
-87
66
577
854
1581
2106
2392
2245
1750
1274
564
218
-10
107
157
14
-290
-1073
-1749
-2747
-3297
-3735
-3603
-3164
-3370
-4353
-6028
-7067
-7173
-6706
-6309
-6730
-6982
-6476
-4350
-1689
-788
-1234
-3024
-2988
-1850
711
3168
4662
5245
4648
4435
4122
4749
5738
7214
8207
7398
6003
4270
4087
4218
4472
4311
3279
2189
742
333
-3
190
-124
-604
-1153
-1882
-1740
-1445
-754
-817
-1157
-1410
-1261
-583
81
997
1443
1711
1372
1119
1066
1265
1909
2452
2869
2420
1591
484
-443
-848
-1063
-1148
-1438
-1680
-1916
-2128
-2536
-3028
-3275
-3328
-3065
-2952
-2825
-2780
-2676
-2312
-1949
-1756
-2138
-2642
-2971
-2699
-2236
-1750
-1714
-1787
-1713
-1014
-271
-175
-536
-1126
-881
-578
159
702
1140
1102
624
306
410
1260
2171
2884
2974
2587
2212
1736
1703
1762
2398
3034
3323
2926
2062
1670
1776
2481
2519
2081
1059
474
400
646
915
708
686
507
827
1116
1537
1580
1260
758
253
120
-71
-90
-259
-462
-1032
-1749
-2156
-2137
-1808
-1709
-1798
-2016
-2145
-1925
-1523
-1036
-918
-1025
-1120
-660
-90
410
823
1079
1417
1434
1161
822
574
588
726
788
445
-294
-1224
-2091
-2710
-3068
-3234
-3521
-3659
-3767
-3476
-3224
-3282
-3621
-3740
-3388
-2651
-1612
-802
-218
-83
50
457
1198
2225
2814
3043
2637
2430
2698
3269
3767
3469
2976
2272
2095
2209
2367
2436
1916
1321
582
392
506
867
986
589
36
-675
-979
-1074
-819
-256
186
480
182
-154
-458
-278
200
880
1486
1543
1164
617
595
830
1127
1082
825
373
-28
-219
-233
-306
-572
-796
-685
-183
181
47
-495
-866
-943
-598
-345
-343
-551
-787
-921
-821
-843
-1017
-1221
-1341
-1216
-1140
-1170
-1540
-1829
-2046
-2117
-2064
-1854
-1386
-1067
-1109
-1628
-2022
-1864
-1240
-459
-78
41
-16
-109
-225
-391
-281
-34
305
551
372
-62
-626
-737
-476
163
866
1179
1143
595
228
417
1344
2473
2968
2860
2490
2423
2570
2751
2780
2716
2639
2439
2267
1992
1544
993
577
502
516
439
49
-369
-792
-941
-965
-1009
-1172
-1388
-1304
-985
-655
-614
-717
-801
-636
-223
341
735
756
499
280
292
526
849
874
841
751
653
360
12
-192
-381
-483
-652
-586
-686
-924
-1178
-1309
-1408
-1734
-1942
-2027
-1889
-1905
-1832
-1690
-1667
-1634
-1788
-1828
-1947
-1826
-1546
-1125
-677
-379
-220
-382
-594
-634
-391
54
548
942
970
653
329
229
449
895
1297
1316
1110
790
718
866
1069
1246
1302
1409
1453
1497
1344
1056
838
810
940
1088
1245
1243
1190
988
682
473
438
583
662
591
319
9
-179
-77
79
94
-112
-384
-445
-439
-439
-422
-348
-336
-540
-746
-783
-637
-492
-298
-211
-153
-162
-261
-355
-332
26
349
513
271
-95
-273
-192
18
317
462
345
-152
-712
-969
-776
-457
-420
-696
-1060
-1231
-1300
-1339
-1417
-1501
-1579
-1606
-1559
-1421
-1186
-963
-772
-610
-458
-273
-43
210
390
622
875
1134
1289
1311
1262
1122
1173
1282
1423
1418
1266
1090
929
884
881
829
735
622
473
279
155
170
249
317
191
7
-164
-268
-225
-180
-103
-130
-263
-366
-307
-65
171
337
346
333
272
177
222
363
693
863
787
452
40
-115
-45
219
388
327
83
-97
-235
-407
-581
-855
-989
-940
-740
-580
-720
-1136
-1442
-1424
-1132
-892
-835
-849
-821
-661
-491
-380
-315
-254
-237
-265
-233
-157
30
183
340
433
371
277
108
54
123
262
310
324
277
194
38
-132
-208
-110
105
277
265
78
-51
-80
77
163
131
101
149
291
374
364
284
236
210
289
416
528
581
416
233
167
392
709
731
527
175
86
224
464
503
293
145
101
332
436
389
227
148
205
244
301
227
209
49
-32
23
159
264
137
-103
-367
-472
-493
-415
-398
-363
-418
-644
-873
-1042
-940
-781
-625
-600
-675
-764
-826
-723
-652
-497
-403
-272
-222
-273
-329
-377
-171
45
212
196
136
117
111
218
320
520
619
651
498
257
105
33
180
295
412
355
228
38
-144
-162
-160
-5
64
129
91
54
53
21
127
242
384
376
320
248
254
425
578
682
522
451
489
574
541
342
256
232
345
368
385
278
98
-18
-195
-203
-251
-276
-370
-497
-546
-609
-627
-740
-784
-788
-681
-570
-652
-799
-930
-749
-485
-339
-366
-496
-469
-324
-130
-72
-62
-38
109
273
308
189
-54
-166
-145
57
339
440
430
264
62
-117
-138
-55
74
81
20
-6
-8
134
215
204
69
-25
134
470
768
798
666
598
645
773
813
706
561
495
543
561
489
318
222
176
152
153
125
105
-54
-158
-256
-274
-318
-350
-358
-377
-381
-430
-430
-504
-515
-548
-445
-260
-188
-205
-360
-470
-523
-395
-257
-149
-102
-83
-66
-73
-68
-176
-235
-213
-57
157
250
210
65
-82
-130
-28
149
236
159
-43
-158
-160
-54
39
30
-70
-225
-314
-185
61
225
174
-36
-103
33
282
418
434
340
238
240
226
257
279
369
385
300
173
114
177
152
17
-213
-346
-322
-120
137
219
143
-126
-414
-551
-564
-344
-94
84
51
-143
-355
-351
-135
-12
39
-8
54
18
1
22
74
116
24
-40
-151
-81
46
99
32
-152
-208
-235
-160
-106
-67
-58
-97
-6
15
81
47
-5
24
136
419
589
539
278
41
30
176
353
365
288
203
169
147
86
12
-54
-17
24
16
-58
-149
-239
-296
-313
-345
-365
-377
-323
-211
-127
-129
-153
-176
-143
-54
92
209
219
164
79
42
100
222
305
267
156
41
-11
39
157
315
310
238
102
3
-62
-77
-1
50
100
78
79
1
-104
-177
-186
-122
-99
-68
-67
-74
-85
-106
-83
-73
-13
27
14
10
-36
-47
-93
-105
-73
16
82
47
-21
-88
-106
-108
-125
-138
-163
-159
-216
-327
-450
-547
-528
-439
-343
-333
-397
-427
-390
-299
-219
-155
-114
-63
67
193
309
382
430
438
398
443
564
662
625
503
410
463
532
577
518
403
283
179
172
144
137
109
81
3
-94
-112
-56
6
-49
-148
-215
-132
35
194
221
151
70
112
160
125
81
53
107
153
101
-82
-342
-502
-442
-259
-162
-174
-292
-411
-487
-543
-643
-717
-707
-597
-446
-379
-439
-597
-716
-681
-478
-258
-134
-71
-122
-167
-194
-168
-61
60
224
320
433
524
589
555
511
522
606
774
815
734
635
659
800
851
734
501
362
361
456
499
372
207
36
-11
-86
-145
-216
-231
-198
-218
-193
-215
-259
-352
-359
-290
-123
58
184
179
51
-119
-217
-209
-123
-27
16
-26
-137
-233
-371
-434
-450
-406
-420
-442
-457
-485
-481
-567
-634
-737
-725
-657
-498
-364
-360
-407
-485
-371
-282
-159
-136
-96
-26
86
235
319
349
301
339
417
524
567
608
630
637
619
621
641
609
571
532
581
597
631
598
525
491
464
488
474
388
338
332
380
339
241
171
115
134
108
103
55
5
-150
-284
-349
-355
-317
-384
-460
-561
-537
-541
-598
-721
-830
-868
-847
-778
-701
-681
-686
-714
-735
-695
-645
-543
-463
-392
-341
-237
-169
-139
-175
-242
-184
-24
289
482
513
431
368
394
450
523
612
727
825
799
652
425
274
312
304
379
286
306
235
209
183
183
216
193
114
-77
-174
-262
-196
-93
19
46
77
87
128
185
291
353
304
253
250
325
373
300
202
73
27
-16
-96
-183
-310
-323
-330
-290
-354
-415
-510
-568
-669
-768
-847
-859
-752
-662
-586
-620
-673
-727
-655
-574
-438
-329
-186
-91
-24
42
113
173
344
854
1480
1981
2042
1803
1162
444
-123
-408
-399
-191
49
245
303
266
84
-172
-242
-255
-77
52
77
-40
-187
-367
-458
-442
-388
-232
-124
8
-43
-12
81
274
516
726
858
704
363
-102
-257
-267
-85
105
274
345
267
68
-150
-410
-537
-430
-186
35
47
28
-137
-261
-446
-583
-681
-610
-492
-399
-308
-371
-316
-331
-169
-73
23
101
44
56
-35
131
224
437
491
489
543
434
434
298
312
198
210
220
320
389
264
134
-142
-172
-123
30
108
-54
-179
-328
-331
-332
-247
-309
-408
-418
-369
-204
-121
-7
-105
-108
-205
-103
21
84
96
12
128
131
383
373
336
100
-94
-141
-187
-80
-212
-162
-200
25
158
121
64
-121
-233
-300
-215
-163
-111
-110
-30
67
169
218
224
220
349
494
619
534
529
505
530
532
434
506
389
453
352
296
165
94
60
-96
-150
-264
-194
-318
-280
-394
-393
-386
-339
-412
-520
-548
-513
-509
-452
-360
-292
-186
-260
-319
-346
-199
-96
-49
-89
-133
-131
-126
-73
-33
-102
-114
-51
35
43
35
30
-8
-56
-124
-126
-177
-106
-131
-7
46
115
111
67
94
2
135
117
178
99
182
319
373
361
272
248
182
346
430
543
528
516
534
429
441
318
258
193
221
305
274
187
18
-72
-160
-182
-140
-28
-11
-119
-285
-325
-519
-659
-683
-479
-293
56
366
476
357
34
-168
-320
-384
-423
-385
-286
-245
-230
-235
-328
-319
-270
-43
-49
22
-123
-202
-345
-522
-569
-551
-310
-192
-76
-268
-308
-334
-54
163
267
404
488
612
566
594
481
344
285
335
339
441
470
461
343
207
110
105
187
364
531
530
512
373
310
0
-142
-308
-234
-100
53
209
101
-44
-227
-295
-368
-352
-247
-139
-77
14
-105
-147
-159
-20
-57
-13
2
-16
37
41
82
-7
-34
-95
-153
-340
-392
-553
-503
-487
-434
-461
-444
-426
-645
-792
-805
-717
-633
-411
-107
-35
-29
120
194
286
316
430
455
483
608
676
730
722
551
432
303
353
353
337
316
238
278
251
436
516
678
667
537
229
-123
-291
-457
-478
-517
-534
-551
-497
-527
-624
-562
-523
-348
-220
-79
30
-37
37
-29
95
160
286
404
465
627
663
743
599
498
367
298
196
174
78
-231
-582
-722
-757
-801
-567
-634
-469
-635
-620
-668
-784
-639
-680
-285
-72
457
700
685
709
353
255
198
428
560
639
684
415
330
135
120
116
52
22
72
161
-80
-171
-284
-312
-473
-229
-217
-129
-229
-324
-209
-233
77
-31
277
205
138
196
-25
56
-217
-10
-130
134
319
130
167
-220
62
-342
-117
-1
92
182
-119
80
-233
-104
-153
53
258
233
381
66
96
-165
-171
-214
-217
-141
-288
-121
-204
-207
-389
-200
-61
17
116
195
302
56
183
-2
99
0
32
250
337
257
197
308
299
201
285
327
273
199
121
38
-220
-193
-187
-5
-161
-198
-341
-399
-500
-435
-426
-321
-114
36
170
-91
-93
-52
-104
-27
-9
137
315
98
189
105
-2
76
94
355
41
183
54
-250
-377
-546
-207
-116
116
49
-87
-251
-193
-133
-7
88
365
413
270
172
-60
176
-66
179
233
342
209
97
175
-251
-120
51
98
178
52
189
7
-37
-34
-62
106
146
190
73
-6
-159
-109
-62
-30
-70
50
-145
-36
-271
-278
-112
-65
52
46
-38
-203
-461
-346
-357
-146
182
263
304
223
77
-87
-266
-77
-68
-39
214
172
8
-69
-66
-160
-230
80
-218
-32
-186
-59
-153
-246
-152
-228
21
72
2
-48
-100
-136
-76
-35
448
228
225
346
405
270
42
316
57
15
336
478
317
384
207
118
169
70
-136
-96
-150
-142
-147
25
78
-309
-185
-541
-398
-313
-170
-120
-183
60
119
94
140
28
36
-6
332
305
427
379
311
-5
121
237
-56
72
-27
-115
-110
-15
-73
-129
-259
-432
-322
-340
-246
-284
-66
-349
-515
-166
-141
-98
-142
28
20
29
2
111
151
173
285
187
310
-177
-32
36
-194
159
148
558
156
97
-16
-381
-327
32
83
244
236
59
205
-42
186
32
-20
-108
-189
-13
209
263
173
-147
-243
-15
-189
71
8
-208
-57
-385
-170
-141
63
214
293
184
99
-110
46
-42
211
462
229
350
-145
-162
-58
-263
-148
-179
-186
-202
-166
-33
-264
-222
-183
-106
-91
-33
-141
-256
-153
138
312
283
298
144
76
35
265
233
346
357
193
218
177
252
-15
112
-118
-222
-73
-238
-164
-346
-230
-50
-27
-73
-151
-116
-276
-298
-190
-309
-72
72
31
171
33
219
214
149
-38
-49
-34
-67
-15
237
238
81
232
-14
76
-143
-31
-73
-153
131
84
184
171
40
-70
-256
-274
-436
-224
-129
58
-47
310
139
-6
-24
-82
97
-294
154
94
43
-31
-7
-10
-116
-46
6
57
78
180
253
284
203
-179
175
-180
209
-33
65
84
-185
-3
-210
159
-25
238
276
74
160
-251
-49
-379
-212
67
-237
178
116
253
-78
-18
79
-115
210
291
-36
143
64
-233
-100
-170
-124
-165
190
155
-152
-53
-167
-400
-243
-278
-171
-1
-104
46
54
43
-98
-76
-193
-105
-64
12
-6
97
159
162
68
43
-8
167
217
234
465
-121
68
-147
-189
-201
-171
-45
82
95
4
30
-19
-115
-156
149
105
146
82
8
-14
78
-26
-90
173
13
220
317
182
-1
266
-147
-62
160
42
31
16
153
-206
-6
114
-71
77
124
-72
-155
-67
-291
-121
-62
-161
-211
-153
-73
-230
-29
-161
-214
19
-143
231
8
71
-109
-34
59
21
62
182
130
138
90
108
-99
21
-16
-141
62
-93
-46
-370
49
-158
24
-8
12
-66
-249
8
-151
-82
72
42
4
135
337
164
152
-20
40
43
178
50
83
50
-4
231
-86
163
-95
49
2
108
169
41
131
193
88
101
-32
63
-61
-217
-21
-119
100
-71
69
62
70
68
-140
-130
-121
-98
-20
-41
63
-59
-136
-47
-156
-166
-316
77
-110
-15
115
85
-86
-5
44
-111
-37
-38
16
-6
2
-128
-10
-164
-225
-135
-185
-150
-91
-10
72
-70
149
-15
2
55
-59
-12
-201
174
-37
220
216
64
67
-16
-172
102
47
261
323
272
343
-39
265
-3
60
-39
-197
47
-176
35
135
-41
-107
-118
-140
-118
-246
-12
-96
-70
293
141
455
267
209
7
81
-46
-102
98
135
215
235
195
200
-80
33
-16
-130
0
162
46
26
-120
-286
-397
-176
-409
-355
-297
-410
-228
26
-124
-52
-92
-149
-126
-105
52
-138
29
-91
73
89
92
105
70
-29
137
85
-56
113
146
89
144
254
133
57
-161
57
-219
-120
-61
35
-34
-116
95
30
149
29
155
-166
-46
-114
121
36
63
117
174
-15
218
233
118
247
175
20
13
130
-39
9
11
-37
-52
71
-75
-195
-99
-227
-121
-106
-17
32
121
-131
-3
63
-205
-100
76
0
-121
129
-98
-166
65
30
-57
-80
69
-119
91
100
15
-194
-292
3
-97
-60
6
-37
-47
-43
20
27
-210
117
-207
20
49
9
-137
31
-19
-45
-35
155
118
-155
176
57
30
47
183
91
68
146
83
-3
78
141
164
127
109
139
168
57
12
42
-32
183
146
87
89
55
-225
-188
-127
-172
-100
-30
27
-101
-42
68
-103
-112
-115
-75
78
57
183
-105
184
40
121
-33
0
-139
-187
98
-104
-121
23
100
-134
40
-88
-248
-111
-119
-195
-172
18
-10
-92
4
-91
-51
12
42
-58
-60
-27
44
-19
27
52
219
63
150
27
-71
81
79
187
-128
263
-76
-25
52
88
-59
1
87
208
32
119
97
0
-5
74
66
-138
37
-173
-179
-170
-40
-200
-104
24
101
-6
61
-39
-66
-28
-151
127
66
161
6
230
22
273
-1
94
68
196
56
151
79
-178
59
-92
-112
-125
77
-262
-46
-210
-85
-259
-98
-79
-357
122
-44
-39
-75
-51
-119
92
105
130
238
134
116
95
144
-5
-75
95
-26
87
53
-62
68
-325
53
-121
-114
28
-133
-110
-179
21
-34
-239
19
80
-98
105
-24
27
-115
46
29
53
237
29
123
41
62
155
129
94
84
125
-47
35
136
-41
8
181
152
-8
165
223
-162
1
46
-259
-202
20
-248
-94
-42
29
-32
-84
78
-231
75
-65
35
151
-88
107
42
-18
9
-31
78
-13
15
106
-2
61
3
56
-50
-114
-75
-101
-136
-154
-123
38
-39
-72
29
-118
58
-227
-80
-16
-205
72
-284
62
-58
120
96
-4
283
-97
34
86
0
131
83
274
-2
105
179
-205
36
8
18
11
294
253
96
160
79
-125
-113
-130
-165
-61
35
-102
70
-146
-63
16
-137
-152
21
17
-261
91
-51
8
-129
196
-121
24
242
-102
130
-33
174
-271
229
9
-147
29
109
-7
-55
227
-113
-46
18
77
-105
158
6
52
101
31
-71
-37
-13
-79
-100
37
-188
31
-19
-21
-54
-59
-60
34
17
50
-24
31
118
-71
165
26
-46
-145
21
-70
-14
-112
76
16
112
44
93
1
-100
-116
-92
33
6
150
4
82
56
-92
-19
40
-19
-112
45
-7
5
-6
167
66
100
65
-38
79
-12
-80
-84
80
-77
-32
40
75
-85
-83
-113
-32
-114
18
-102
27
-66
-89
-125
-195
-2
-194
80
20
63
118
58
-5
60
-2
96
205
167
43
288
101
-73
133
-13
-31
-53
-9
20
-126
141
14
-163
-25
90
-296
-25
16
-13
-17
70
31
-122
65
17
-91
-61
26
-67
-36
143
167
-25
101
128
125
-29
183
52
-9
138
41
-1
-199
61
-139
-88
-58
-113
-8
-90
-30
-107
41
-47
-210
-100
-51
-163
-132
-131
-150
-289
-100
-150
38
105
51
130
221
166
66
164
146
-2
109
44
48
34
230
61
138
262
-1
-112
-156
88
-383
-14
-36
-90
-139
1
-111
-172
-3
-17
-10
-36
130
62
163
35
177
43
150
50
138
131
113
122
221
28
21
199
-60
-6
45
6
-170
-18
-47
-176
-99
-3
-57
-74
-159
42
-246
-96
-130
-164
-172
-3
34
-28
4
102
-43
-171
1
10
-131
-148
267
6
-129
220
31
-46
109
71
-10
26
273
-155
24
-4
62
1
-11
167
0
15
81
-112
-81
-106
-127
-53
-115
5
-61
57
-23
174
-28
57
94
96
-195
176
-42
-119
-5
38
-27
-69
242
5
72
176
91
-55
-44
-79
-114
-119
15
-5
-109
26
-66
-2
-274
69
-65
-100
126
-26
97
-118
104
-71
-30
111
53
206
153
76
139
-5
113
116
2
22
1
70
-102
136
113
-58
57
-64
-24
-105
9
-134
-68
-134
-154
-102
-30
96
-88
5
-15
-25
-124
-23
-9
-90
44
109
-126
43
-5
-134
66
33
29
7
145
-65
7
193
-50
85
144
47
-47
33
-74
-111
58
-62
-133
-21
81
-170
29
24
-107
-147
7
-29
-185
24
82
-15
31
22
88
-79
165
64
82
266
165
87
79
242
-74
77
257
60
17
63
-40
-253
38
-188
-150
-95
-140
-157
-115
109
-154
-76
62
-127
53
-15
188
13
69
237
-76
216
-98
133
-33
72
94
93
-5
-109
-110
-15
-130
104
-51
-155
-16
-221
-178
-217
13
-232
-164
27
-142
-118
-72
-47
-112
-109
14
-21
47
80
80
-19
-34
25
103
-38
268
174
20
98
116
71
54
317
50
53
158
47
117
66
94
101
-46
64
-118
14
-159
140
-83
32
77
-112
-142
-115
-49
-143
9
-59
109
-8
16
-42
17
-48
7
140
92
14
104
19
46
105
110
102
-54
41
-57
-56
-69
29
-219
-126
-53
-142
-64
-132
-143
-268
-3
-69
-93
105
-96
-75
9
-28
-16
38
124
-4
308
149
-5
232
-63
-14
-153
178
-82
-68
140
-31
101
-32
110
-95
-68
-65
69
-82
-32
-19
-12
-94
109
-16
-109
-60
-40
-40
-3
209
58
134
161
149
49
76
-141
46
66
182
22
168
81
-109
-47
-199
-232
-226
-170
50
-65
5
37
127
51
22
128
0
-151
105
-81
-118
-37
61
-51
-44
50
-156
-8
25
-166
29
-37
-25
14
76
102
-88
79
-188
-83
-129
-49
-25
152
11
94
150
56
-36
87
14
-40
-27
94
-6
127
74
135
77
-65
173
-178
27
-72
-39
-99
116
-12
-31
53
137
-170
1
-39
-152
46
-45
105
-33
254
69
108
31
13
-129
-112
24
-43
-182
-43
-120
-32
17
-7
-37
-19
-2
-159
43
44
-126
63
48
142
39
271
48
-82
88
-39
37
-75
104
-123
69
189
-21
-79
-100
-78
-173
-107
20
-166
-96
81
-24
119
-95
121
-88
40
25
-97
105
-130
71
-40
-5
1
-21
40
-14
141
-46
91
64
43
72
62
82
38
28
11
-14
-78
44
-122
-38
13
86
-126
129
-27
-106
-71
66
69
-251
38
-167
-93
-232
28
-105
4
108
3
112
164
176
154
139
260
4
84
44
109
14
-27
325
-62
-145
-50
75
-122
-111
-34
-84
-84
-45
-1
-26
-65
-115
-90
-130
-53
-102
1
5
-49
-155
191
16
-28
146
53
98
43
136
-44
115
-25
-131
106
71
-55
-64
214
-33
-210
75
-73
-195
-156
-4
-208
-86
-136
-58
93
18
-115
195
52
-43
-14
45
15
-69
74
-139
91
38
-19
-43
-24
88
-91
31
93
-76
56
118
81
-105
131
47
-40
50
53
129
138
188
130
109
125
-14
-51
9
-6
-121
28
-48
-70
37
14
-45
-72
-176
-31
-167
146
-40
-8
-33
71
-3
-115
205
-127
-39
-12
167
20
102
2
35
-46
12
-25
-13
-38
-145
131
6
60
-18
42
-227
146
-9
-204
-26
-54
-144
-94
239
-259
-21
-31
-53
-130
68
-139
-130
106
-43
35
124
85
-31
107
104
80
38
-37
-2
34
67
11
72
-56
-54
-93
-52
-23
-83
-9
40
72
-13
73
131
-72
-22
79
-21
253
48
87
83
148
-66
-5
96
-123
-8
35
16
-14
86
-128
-89
121
-104
-133
56
13
-110
-62
88
-180
1
-54
-124
-44
31
-44
-114
49
-7
-4
0
73
124
-69
55
41
-88
-37
-8
-5
-122
183
-24
-29
76
-38
-85
80
-27
-18
142
62
1
83
-19
-232
46
1
-120
-80
287
-91
22
139
-49
-108
107
-48
-34
196
41
70
54
146
49
-110
58
120
-71
-40
68
-76
-123
35
-11
65
51
58
-111
-14
-140
-183
-58
29
-102
21
55
-51
-198
-35
-58
-148
3
60
75
38
151
4
36
203
-48
37
269
58
-57
27
104
-111
-67
56
26
49
43
7
25
-118
-204
-71
-112
-120
48
94
8
5
-1
-71
-51
-79
-85
75
-35
-6
-35
28
-22
-101
-20
-40
22
14
67
194
80
45
93
58
-78
-206
96
-9
-48
102
114
-90
-48
9
-68
-93
108
-25
-162
85
-1
-40
9
73
-57
-18
97
110
36
-11
20
182
-31
2
91
-4
1
-61
90
-92
-96
24
16
22
-38
152
-69
-195
-13
-81
-102
73
24
-202
12
107
-93
-71
182
-138
-73
137
202
-106
132
121
22
133
-47
72
-128
2
-24
67
23
-126
138
-176
13
93
-114
-60
56
-3
-121
95
-78
-92
-3
-113
-12
103
-106
-103
-15
-68
-46
65
-52
-55
139
-20
46
56
127
-24
56
38
-54
165
19
97
69
56
10
86
114
-36
-57
28
15
-41
34
1
-124
-111
24
-20
-33
50
178
-15
5
114
29
-42
-34
10
-213
17
-4
-168
27
-56
42
-110
105
-24
120
79
41
40
-56
-12
18
-102
-64
70
-119
-95
101
-22
-205
39
-57
-80
19
64
-123
-5
-42
-142
-77
35
-186
48
124
1
7
-2
18
-155
105
6
147
87
112
65
37
111
-31
76
180
6
25
28
73
-15
-2
2
10
-9
-31
-16
-23
-86
-55
-86
8
99
-173
125
-118
-43
-108
-1
-70
34
97
-132
93
113
74
-26
214
140
-73
73
62
-133
-22
-61
-3
-172
44
78
-241
-1
-74
-74
-132
81
-92
-26
87
17
73
74
46
-22
11
102
-83
12
90
10
39
90
126
12
103
-9
38
-3
2
21
-134
35
-68
-178
-80
-63
-16
-77
124
13
40
4
-25
-52
-135
-43
106
-73
59
179
-34
16
128
95
-94
139
107
-41
39
97
-113
-230
17
-107
-73
10
-13
-130
43
-48
-73
79
-24
-97
-27
47
-59
-98
86
-76
-44
104
-5
98
49
-12
-1
-5
111
-117
172
61
50
0
53
82
-247
1
-39
9
-19
114
3
-93
4
44
-19
78
-60
-13
46
69
20
1
37
-192
115
32
-17
-92
43
-3
-211
174
-19
-20
20
93
-37
11
171
-58
-163
40
42
-46
5
116
18
-125
131
107
-70
-68
-6
-91
-140
116
12
-112
208
0
-139
35
-33
-230
-43
154
-152
57
167
-119
-10
93
-90
-54
163
49
-25
190
37
-29
56
-32
71
38
-26
-36
90
-78
-111
205
25
-1
19
148
-109
-72
122
-188
-191
-47
-96
-29
-121
120
-98
71
20
15
15
-76
30
-194
117
86
-88
167
-30
-44
28
-32
78
-54
108
-12
-10
84
-146
8
-46
-76
-85
-127
125
-263
100
51
-54
80
-32
135
28
80
-57
50
87
-21
113
117
70
105
-22
-9
-105
-30
-88
63
13
58
91
-77
-182
-12
-145
-128
58
-44
43
48
124
42
46
-31
29
-106
10
0
13
-24
86
133
-4
163
30
-1
-15
-27
94
-86
-17
-44
-33
83
-45
29
-118
-124
-101
-118
-26
-193
79
16
-65
167
4
85
-93
41
15
74
-28
-22
172
15
-3
51
58
7
-47
-33
63
-103
-67
-105
-105
-83
117
-87
7
185
-118
-62
34
60
-26
3
2
27
-44
-51
30
113
16
43
87
25
-61
-39
45
-110
40
11
7
10
103
-64
2
165
51
-47
52
39
-47
83
-129
-61
-64
49
-55
33
101
22
122
-45
32
0
-141
-40
-143
-8
-78
-97
-55
9
-51
-73
79
-33
-109
44
-44
-52
15
25
57
49
188
3
185
85
-171
58
194
32
-78
182
0
39
45
-81
-16
39
12
-71
-1
74
-81
-123
24
7
-58
-43
-7
-100
-12
-3
-101
-61
0
18
13
44
49
-96
41
83
17
75
123
-54
-143
81
-14
-160
-54
48
-135
128
143
115
40
-23
-67
-15
49
-53
50
-11
33
-72
-64
-60
-93
-54
-52
51
54
-105
-6
120
83
-66
-1
129
-140
-109
70
62
-15
-57
65
30
94
81
54
77
53
-10
-114
-60
115
-10
-145
27
-67
-118
-76
26
-128
-40
6
-132
-7
37
-15
-34
140
47
198
48
161
4
44
7
-16
60
39
3
-2
104
-63
-26
60
-62
-163
-12
-83
-53
51
51
-7
67
-81
-4
-79
0
-12
-74
38
100
38
-30
8
81
6
6
146
3
-21
63
46
-65
-156
31
-79
-171
-113
-74
-77
-46
188
-117
38
57
-18
-42
82
77
-102
-104
129
28
-63
131
111
16
36
95
-99
20
33
96
-2
70
65
-96
-71
24
-83
-117
-94
81
-63
43
44
78
79
-65
93
-96
-48
2
-97
-77
-38
16
-23
-88
-6
15
-13
10
130
101
-38
114
31
-10
-13
3
28
-117
40
75
-123
9
60
-13
-115
79
59
-34
80
2
68
12
-76
-36
-77
-26
-115
-2
18
-21
41
12
53
-36
41
-28
-50
-13
57
-11
108
68
-37
-29
13
84
-39
83
67
-20
-29
-42
-50
-58
-15
67
-20
-44
-22
22
24
-40
18
-10
94
-18
-101
79
-87
-59
78
80
-73
-42
115
-32
-112
10
132
-24
-113
33
11
-115
68
70
-60
-16
170
-86
30
71
-68
-32
1
7
-73
29
-22
83
41
-25
-26
-52
4
20
20
-1
-47
-38
-62
-72
-45
82
-22
-57
117
0
60
54
-25
0
34
25
-11
117
-3
-49
-19
-55
33
-89
-68
82
60
-3
-18
28
-27
-94
76
15
112
-29
34
-79
-97
55
-16
10
-75
85
-59
-17
101
-80
-65
-53
165
15
-15
24
59
-20
-126
93
43
-56
-34
183
70
-103
-84
51
-111
19
-40
133
36
-26
-140
-25
41
-259
-1
37
108
80
-11
90
107
-50
-13
15
94
-42
-26
46
5
16
-37
50
23
-26
-62
-13
4
-90
-137
-99
-67
-40
-2
14
69
10
18
1
72
33
-13
97
74
21
-51
82
-4
-84
77
25
59
-128
17
12
-65
48
140
-66
-80
0
28
-32
60
10
-41
9
-59
49
-106
-46
3
-8
-23
7
112
-49
55
71
-63
-45
-25
20
-180
-11
44
-11
16
76
106
-42
37
33
3
-46
-93
28
11
-23
38
-34
108
-66
-18
-29
72
66
-110
3
-21
20
-92
32
105
-33
12
8
4
51
-65
-38
8
97
-76
-17
105
-8
-87
125
57
-128
59
162
-84
-51
86
-80
-82
42
-25
-76
-39
27
-77
-1
25
-44
-31
-39
55
50
47
-13
82
95
53
-53
85
-31
-17
40
-24
-83
-58
13
-32
6
35
50
15
-10
0
25
-161
-38
-66
-9
-19
24
63
-53
53
48
-84
-28
-24
65
-17
43
70
47
37
-72
54
-80
30
87
4
-19
3
-17
-2
38
59
-71
-55
22
-21
-82
-6
80
-64
141
-18
-26
20
11
-30
-144
45
-43
-96
-53
61
67
8
46
46
-28
-41
-21
75
-34
2
47
-9
42
41
-1
-5
51
-15
23
73
-9
-28
-40
36
-41
-55
17
-24
-99
-65
40
75
-1
-39
6
33
-54
-83
-9
16
31
-112
85
94
34
-58
23
-19
-31
-24
69
-18
81
-25
0
71
-50
-14
-11
51
-63
37
-23
9
-65
10
20
-74
5
44
-34
32
54
2
-2
30
5
1
23
22
-16
-41
5
-58
-1
70
28
-71
-23
17
-55
-3
-2
30
17
-19
54
19
14
-74
10
62
-5
31
-1
81
-61
-129
8
34
-29
-41
76
80
-89
41
21
-56
-35
-32
0
-12
-36
1
47
8
-28
91
-10
-52
106
32
-92
-26
86
-81
-18
97
-10
-88
48
5
-44
-32
2
53
38
3
62
16
-119
-75
16
37
8
9
30
-22
-8
23
-2
13
-75
-28
12
22
-2
73
44
-49
106
-46
-55
-28
69
-11
-44
50
-53
21
22
-28
-27
-10
38
-91
0
56
-93
85
-30
17
-2
33
55
-122
49
2
-58
12
11
29
-51
142
-4
-67
7
41
-42
-61
93
32
-94
30
-18
31
-38
11
-9
-19
3
-68
84
40
25
4
-53
-3
-13
-2
-3
24
17
-30
48
-22
-68
1
56
-16
-11
6
-13
37
-51
-66
52
-7
18
-55
50
132
-58
-39
17
65
-101
-56
34
50
-26
11
73
60
-67
-49
46
-9
2
-25
-39
13
-13
31
163
-14
-82
17
-4
-20
-27
-63
-4
-31
9
6
97
-16
-29
-4
33
-14
-51
10
3
32
-77
-13
70
59
-36
-68
33
15
-41
62
12
-19
-28
46
-3
-39
36
-3
49
-6
-33
-12
-70
34
32
9
36
-34
-35
-1
66
19
-85
18
18
-42
-71
62
81
-124
-24
61
17
-58
68
36
-75
16
11
-1
-89
55
48
-29
17
-49
25
35
-13
-4
-8
32
-47
-6
72
-79
46
-55
22
58
-23
40
-37
26
-40
-37
37
18
2
44
13
47
-99
-3
21
4
-55
1
53
5
9
-64
13
-36
-45
37
31
14
51
11
36
12
-67
-7
-41
17
77
0
-45
-16
-25
-26
-3
-17
28
-6
-21
23
2
-41
-44
39
84
-65
8
1
-3
3
94
2
-38
2
44
-17
2
84
-49
-128
29
70
-54
5
34
35
-19
-23
28
-25
-52
19
-45
1
54
-16
-78
40
11
-9
78
-11
-60
64
-31
-32
72
86
-32
-48
26
-108
-18
106
-43
-48
65
-8
-21
14
-22
10
7
10
66
-31
-23
-22
-26
-11
36
0
38
1
-48
7
-8
18
54
-87
-41
49
14
-35
19
53
-47
24
-26
13
7
-29
2
2
64
-19
-27
37
9
10
-44
40
-32
-63
17
23
46
-63
-23
79
-44
-51
-3
66
-34
-79
61
24
6
-8
52
1
-63
0
18
-44
36
38
20
3
44
-23
-94
68
38
-38
-70
125
-5
-111
28
83
-21
-71
24
87
-54
-99
19
60
-70
-13
26
42
0
-15
12
-21
43
-60
33
58
-45
-13
-2
67
-31
-33
-14
57
40
-110
6
39
-49
-30
7
84
-30
-81
19
20
-3
-34
34
45
3
-5
-11
10
-20
-10
-1
54
62
-102
18
53
-52
0
10
-7
34
-3
-6
15
-15
-28
1
-23
-10
35
-32
24
58
-50
-48
46
1
-35
-9
55
16
-40
-6
20
-22
33
-15
-21
-11
-6
-3
32
54
-15
-22
-8
40
-32
-16
46
-11
-84
50
76
-59
-34
57
-13
-37
65
4
-43
-7
44
-24
-7
11
-36
-44
49
6
-18
-19
-16
-34
56
58
-60
43
-22
-22
11
35
6
-46
4
57
-9
-11
-6
45
-60
35
32
-106
-12
102
-4
-68
4
25
3
10
21
4
-29
7
-1
-10
19
-63
11
70
-46
-47
31
37
-19
-23
19
24
90
-39
-91
63
-16
-94
45
30
-32
8
80
-43
-25
24
-24
58
-45
-25
13
50
-12
-30
13
37
-46
8
42
31
-65
-38
12
21
15
-69
73
22
-44
-18
46
8
-58
-43
70
14
-47
-2
61
-32
-10
12
-1
-2
-6
-8
-10
25
-23
5
23
6
-39
20
27
10
-27
20
-7
-7
-16
-14
45
-17
30
-9
-18
-15
-2
-16
10
36
15
-44
39
-15
-49
0
-5
24
-18
19
-3
-5
16
30
18
-72
-24
69
-24
-60
63
60
-30
-20
26
-19
-29
1
-3
-26
96
20
-80
0
61
-67
2
82
-8
-51
-15
33
-7
-26
-1
35
-20
-23
13
20
-48
-23
52
35
-45
-21
14
41
-21
-68
33
26
-26
6
44
6
-29
21
18
-33
-19
17
17
35
-25
-22
25
5
-16
-4
-2
4
-2
21
7
-3
20
-69
-31
17
6
-13
36
11
-24
-9
4
40
-40
13
64
-46
-14
18
12
-30
-61
66
29
-57
7
66
-31
-62
64
-1
-16
-18
40
-39
-32
68
-46
-22
9
47
-37
-28
54
22
-47
-29
82
-3
-77
45
46
-34
-29
44
26
-21
16
-23
-22
-17
14
-33
14
38
-8
-20
19
33
-51
-22
21
37
-58
18
20
30
-10
-65
15
48
22
-46
-3
28
-30
-28
35
48
-39
5
-10
-13
17
-16
-12
30
3
-43
-6
37
15
-8
-18
63
12
-54
-10
27
-38
12
23
-16
-20
-2
47
-13
-29
5
24
-22
1
29
-9
-22
-3
-3
-19
3
17
16
-20
13
1
-2
-18
-2
52
-13
11
-18
29
2
-56
47
4
-17
-6
-12
-13
5
4
-33
20
33
-38
-2
23
18
-14
-5
1
-14
19
-18
-6
31
-7
-27
9
28
-14
2
14
29
-44
-39
67
-12
-92
41
81
-77
-14
46
26
-43
16
37
-5
-24
-26
42
-1
-46
-15
58
-22
-5
32
-21
-8
24
2
-41
-17
9
16
-32
-12
41
11
-32
20
51
-29
-35
41
-12
-36
2
45
-7
-62
4
67
-4
-53
15
60
-25
-70
42
61
-36
-52
53
13
-54
3
56
-2
-37
43
20
-25
-10
7
-4
-42
-3
15
10
14
2
-19
-1
-18
-14
34
-18
-9
54
-47
-53
22
47
-5
-8
16
10
10
-2
20
-19
-7
19
20
2
-1
-23
-22
23
-5
-4
3
5
-14
-7
2
29
15
-51
-17
43
-22
-25
24
-20
-9
10
-8
12
-6
-14
12
30
-8
-25
16
23
-10
-13
11
5
-12
-6
2
18
18
-26
7
19
-12
-38
10
50
-37
-52
49
37
-42
-11
39
2
-24
8
-6
20
-40
-1
34
-37
14
27
-31
16
-2
-33
15
21
-20
-16
35
17
-17
-10
23
3
-20
-10
4
15
-28
1
29
19
-30
-11
39
-21
-33
12
37
-27
-17
52
-5
-27
-14
8
6
-3
-20
11
37
-7
-9
-5
5
-17
-15
-2
33
3
-20
-2
38
8
-39
-9
34
12
-28
0
25
-16
-15
1
3
24
-24
-14
27
0
-35
3
37
-11
-34
12
40
-12
-34
16
16
-10
0
-5
7
-1
-1
1
10
15
-14
-23
24
3
-34
-4
15
2
-5
-6
-5
18
-16
-5
17
5
-11
-2
24
-3
-13
4
22
-1
-16
12
0
-20
-14
36
-6
-28
11
9
9
-9
13
2
-1
-10
-12
-7
7
-1
-4
-5
12
1
-4
2
10
13
-22
7
11
-11
-14
12
6
-16
-9
8
3
-13
0
13
9
-1
-2
13
-1
-19
-4
6
1
-10
0
22
0
-14
2
20
1
-13
0
4
3
-7
7
-4
-17
8
12
-9
-10
5
9
-14
-1
9
-6
-11
-3
10
8
-13
-5
11
3
-8
2
20
4
-10
0
11
-11
-9
7
0
-3
7
-3
-10
7
-3
-5
7
10
4
-7
4
-3
-8
-5
4
-5
1
3
-2
9
-6
2
8
-7
7
11
-13
-4
9
-5
-9
9
0
0
-1
6
7
-3
-5
1
-3
-13
0
0
-5
3
9
-7
9
14
-7
-5
-4
2
-8
0
6
2
-2
5
5
-3
-7
11
3
-9
3
5
0
-5
2
-3
-5
8
-6
1
0
6
-2
-6
7
-4
-3
-1
-1
-2
-3
9
-2
1
3
1
1
-1
-2
4
-3
0
1
1
-9
3
3
-7
6
-1
0
-2
6
1
-3
0
1
0
-3
2
-2
-1
-2
0
-4
5
0
-6
2
1
-8
1
6
-2
2
4
5
-2
-4
5
3
-8
3
6
2
-8
2
6
-1
-5
1
5
-6
-3
-1
5
-1
-4
4
-4
-1
1
3
-7
2
2
-7
1
5
-7
-3
8
0
-7
3
5
-2
-1
0
4
-2
0
2
-2
1
3
-3
1
0
4
-2
1
5
-4
-1
-1
4
-6
0
3
-4
0
2
-4
5
-3
-2
3
-2
-3
3
-1
-2
-3
1
1
-2
1
-1
-3
-1
7
-6
3
4
-5
1
4
0
-6
0
3
-3
0
3
-4
-1
3
-2
2
5
-6
2
7
-3
0
3
-2
-2
-3
6
-4
-3
5
-1
1
2
2
0
4
-1
1
-3
0
-3
-5
3
-2
-4
0
5
-1
0
2
2
-2
-1
0
1
0
-5
3
5
1
-5
5
3
-2
1
0
4
-7
4
-3
5
-4
-2
3
0
3
-7
2
-1
-1
-3
5
-2
0
-1
2
3
0
-1
-2
6
-1
-3
-1
5
-3
-1
3
5
-4
-4
8
-2
-3
-1
4
-4
-2
3
0
-1
-1
0
3
0
-3
2
0
1
-7
1
2
-1
-4
4
3
-3
-1
4
1
-5
2
2
-2
-2
-1
-2
0
1
-3
2
3
-1
-2
7
0
-3
-1
4
-2
-2
4
0
0
0
1
3
0
-3
2
3
-1
-2
3
-1
-3
0
0
-1
-3
1
-1
-1
0
0
0
0
0
0
0
1
0
-1
2
0
1
-4
3
2
-2
2
2
2
-2
2
3
0
-2
4
-1
-1
1
0
-2
2
0
-2
2
-1
-1
-1
2
-2
0
1
1
-2
2
-2
-2
2
1
-4
2
2
-2
-2
3
1
-2
0
2
-1
-1
2
0
1
-2
1
3
-1
-2
2
1
-2
0
1
-1
-2
3
0
-1
1
1
-2
2
0
-2
0
1
-1
0
-1
1
-1
0
0
0
0
0
-1
0
0
-2
1
1
-2
-1
1
0
-1
0
2
0
-3
1
1
-2
0
2
-1
-1
1
1
-1
-1
2
0
-2
1
2
-1
-1
2
0
0
0
1
-1
-1
1
1
-1
0
2
-1
0
0
1
-1
0
0
-1
0
1
-1
0
1
-1
-1
2
1
-2
-1
1
-2
0
0
1
-1
0
1
1
-1
-1
2
0
0
-1
2
-1
0
-1
1
-1
-1
1
1
-1
0
2
-1
0
0
2
-2
0
1
-1
0
0
-1
0
0
-2
0
2
0
0
0
0
-1
-1
2
0
0
0
1
0
0
0
-1
1
-1
1
0
0
1
1
-1
0
-1
0
1
-1
0
1
1
-2
1
0
-1
-1
1
1
-2
0
0
1
0
0
0
0
0
0
0
-1
1
0
-1
-1
1
0
-1
0
1
0
-1
0
2
-1
-1
1
2
-1
-1
0
-1
-1
2
-1
-2
0
2
0
0
1
0
-1
-1
2
0
0
0
0
1
-1
-2
-1
2
0
-1
0
0
0
0
0
-1
-1
-1
1
0
2
-1
1
-1
-1
-1
1
1
0
2
0
-1
-2
2
0
-1
-1
2
0
0
1
2
-1
0
0
0
0
0
0
1
1
0
-2
-1
2
0
-1
1
2
0
-1
1
-1
-1
0
2
-1
-1
-1
1
1
1
-1
-1
-1
1
0
0
1
0
-2
-1
1
1
0
-1
2
1
-1
0
2
0
-2
1
2
0
-2
0
1
0
-2
2
-1
-1
-1
2
0
-1
1
0
-2
0
3
-1
-1
2
2
-2
-2
2
-1
-1
1
1
-3
0
2
1
-2
-1
0
-1
1
1
1
0
1
0
-1
-1
0
0
0
2
-1
0
0
0
0
0
0
0
-1
0
0
0
0
1
-1
-1
1
0
0
0
0
0
2
1
-2
0
0
-1
-1
1
0
0
1
2
-1
-2
-2
2
3
1
0
-2
-5
1
1
1
0
1
1
-1
-2
-1
0
-1
0
3
1
-3
-4
2
1
-1
0
4
0
-3
-3
-1
-1
0
3
1
-2
-2
0
1
-1
0
-1
-1
2
2
1
-1
-2
-1
2
2
0
0
0
0
-2
1
0
0
-1
2
1
-2
-1
1
2
-3
-1
0
1
1
-2
-2
-1
3
4
4
-2
-3
0
0
-1
-3
-1
2
5
0
0
0
-1
-5
3
1
-3
5
4
-3
-7
5
0
-2
-4
4
2
0
1
2
0
-1
1
-8
-5
6
7
-2
-2
3
-1
1
1
1
1
-1
-2
-1
2
-3
