0
0
0
0
0
0
0
-1
1
0
1
0
0
1
0
0
0
0
0
1
-1
0
0
0
0
0
1
0
0
0
0
0
0
0
1
0
0
1
-1
-1
0
0
0
0
0
0
0
0
0
0
0
0
0
0
0
1
0
0
0
0
1
0
-1
-1
0
0
0
-1
0
0
0
0
0
-1
0
0
0
0
-1
0
0
0
0
0
0
0
0
0
0
0
0
0
0
-1
0
0
0
0
0
0
0
0
0
1
0
-1
0
0
0
0
0
0
0
0
0
0
0
0
0
0
0
0
0
0
0
-1
0
0
0
0
0
0
0
0
0
0
0
0
0
1
0
0
0
0
0
0
0
1
0
0
0
1
1
0
0
0
-1
1
1
0
0
0
0
0
0
0
1
0
0
0
1
0
0
0
0
0
-1
0
0
0
0
0
0
0
0
0
0
-1
-1
-1
0
0
0
0
-1
0
0
0
0
0
0
0
0
0
1
0
1
0
0
0
0
0
0
1
-1
0
1
-1
0
0
0
0
0
0
0
-1
0
0
0
-1
0
-1
0
0
0
0
0
-1
0
0
0
0
0
0
-1
0
0
0
0
0
0
0
0
-1
-1
0
0
0
0
0
1
0
0
0
0
0
-1
0
0
0
0
0
0
0
0
0
1
0
1
0
0
1
-1
1
0
0
0
-1
-1
0
0
0
-1
0
-1
0
0
0
-1
0
0
0
0
1
0
0
0
0
0
0
1
0
1
0
0
0
0
0
0
1
0
0
0
1
1
0
0
0
0
0
0
0
0
-1
1
0
0
0
0
0
0
0
1
0
0
-1
0
0
0
-1
-1
0
0
1
0
-1
0
0
0
0
0
0
-1
-1
0
0
-1
1
0
1
0
0
0
0
0
0
1
0
0
0
-1
0
0
0
0
0
1
-1
0
0
0
0
0
0
0
0
0
1
0
0
0
0
0
0
-1
0
0
-1
0
0
-1
0
0
0
0
0
0
0
0
1
0
0
-1
1
0
0
-1
-1
0
0
0
1
-1
0
0
0
-1
1
0
0
0
1
-1
0
0
0
0
0
0
0
0
0
0
0
-1
0
0
0
0
0
0
0
0
0
0
1
-1
0
0
-1
1
0
0
-1
0
0
0
0
0
0
0
0
0
0
0
-1
0
0
0
0
0
0
0
-1
0
0
0
-1
0
0
-1
-1
0
0
0
0
0
1
1
-1
0
-1
0
0
0
0
0
0
0
0
1
0
0
0
0
-1
1
0
0
1
0
0
0
0
0
1
1
0
0
0
0
0
-1
0
-1
1
0
1
0
0
1
0
0
1
0
0
0
1
-1
-1
1
0
0
0
-1
0
0
1
0
0
0
0
0
0
-1
0
0
0
-1
0
0
1
1
-1
0
0
0
0
0
0
0
0
0
-1
1
0
0
1
0
0
0
0
1
-1
0
0
0
0
-1
1
0
0
-1
0
0
0
0
0
-1
0
-1
1
0
0
1
0
0
0
0
0
0
0
0
-1
0
0
0
1
0
1
0
0
0
0
-1
0
0
1
1
0
0
0
-1
-1
0
0
0
-1
0
0
1
0
1
0
0
1
0
0
1
0
0
0
0
0
0
0
0
0
0
0
-1
1
0
0
0
0
0
0
0
0
0
0
-1
0
-1
0
0
0
0
0
-1
0
0
0
1
0
0
0
0
0
0
0
0
0
-1
1
1
-1
0
0
0
0
0
0
0
0
0
0
0
0
0
-1
0
0
0
0
0
0
0
0
-1
0
0
0
0
-1
0
-1
0
0
0
0
0
-1
0
0
-1
0
0
0
1
0
0
0
0
0
0
1
0
0
0
0
0
1
0
0
0
1
1
0
0
0
0
0
0
0
0
1
1
1
0
0
-1
0
0
0
-1
-1
0
0
0
0
0
0
0
0
0
0
0
0
0
0
0
0
0
0
0
0
0
1
1
1
0
-1
0
0
0
0
0
0
1
-1
-1
0
0
0
0
0
1
0
-1
0
0
0
0
0
0
0
0
-1
0
0
0
0
1
0
0
0
0
0
-1
1
1
0
0
0
0
1
0
0
0
0
0
0
0
0
0
0
0
0
1
0
0
0
0
0
0
1
0
0
0
0
0
0
0
0
0
0
1
0
-1
0
0
0
0
-1
0
0
0
0
0
0
-1
0
0
-1
0
0
0
-1
1
0
0
0
0
0
0
0
0
0
0
0
0
0
-1
0
-1
0
0
0
0
0
0
0
0
0
1
0
0
0
0
0
0
0
0
0
0
0
1
0
0
0
0
0
0
0
0
0
-1
0
0
1
0
0
0
0
0
0
0
1
0
0
0
0
0
0
-1
0
1
0
0
0
0
0
0
0
0
-1
0
0
0
0
0
0
0
0
1
0
-1
0
1
0
0
-1
0
0
0
0
-1
0
0
0
0
1
0
0
0
0
0
0
0
0
-1
0
0
0
0
0
0
0
0
0
1
0
0
0
0
0
1
0
0
1
0
1
-1
0
0
0
0
0
0
0
0
-1
0
-1
-1
0
0
0
0
0
0
0
0
0
0
-1
0
-1
0
0
0
0
0
0
-1
0
0
0
0
0
0
0
0
0
0
0
0
0
0
0
0
0
1
1
0
-1
0
0
0
0
0
0
0
0
0
0
0
0
0
0
0
0
1
0
0
0
0
0
1
0
0
0
0
0
0
0
-1
-1
0
0
0
0
0
-1
-1
0
0
0
-1
1
0
0
-1
0
0
0
0
0
0
0
0
0
0
0
0
0
0
0
0
1
0
0
-1
0
0
0
0
0
0
1
0
0
-1
-1
0
0
0
0
-1
0
0
0
0
0
1
0
0
1
0
1
0
0
0
0
0
0
-1
0
0
0
0
0
0
1
0
0
0
0
0
0
-1
-1
0
-1
0
0
0
0
0
0
0
0
0
0
0
0
0
0
-1
0
0
0
0
1
0
0
0
0
0
0
0
0
0
0
-1
1
-1
0
0
0
0
0
0
0
0
1
0
1
0
0
0
1
-1
0
0
0
0
0
0
0
0
0
0
-1
0
0
0
0
1
1
0
1
0
0
0
0
0
0
0
0
0
0
-1
-1
-1
-1
0
0
0
0
0
-1
0
0
0
0
0
-1
0
-1
0
1
0
0
1
0
0
-1
0
-1
0
0
0
-1
0
1
-1
0
0
0
0
-1
0
1
0
-1
1
1
0
1
-1
0
0
1
0
0
-1
1
0
0
1
0
0
0
0
1
0
0
0
0
1
0
-1
0
-1
0
1
0
1
-1
0
1
0
0
0
0
0
-1
0
0
0
0
0
0
0
0
0
0
-1
0
1
0
1
0
-1
0
0
1
0
0
0
0
0
0
-1
0
-1
0
0
0
0
0
0
0
1
0
1
0
0
0
0
0
-1
0
0
0
0
0
-1
0
0
0
0
0
0
1
0
0
0
0
1
0
0
0
0
0
0
0
0
0
-1
0
1
0
0
0
0
0
0
0
0
0
0
0
0
0
0
0
-1
1
0
0
0
-1
0
0
0
1
0
0
0
-1
0
0
0
0
1
1
0
1
0
0
-1
0
-1
0
0
0
0
0
0
0
0
0
0
0
0
0
1
0
0
0
0
0
0
0
0
0
0
0
0
0
0
0
0
0
0
1
0
0
0
1
0
0
0
0
0
0
0
0
1
1
0
0
1
0
0
0
0
0
1
0
0
-1
1
0
-1
-1
0
0
0
0
0
1
0
1
0
0
0
1
0
-1
0
-1
0
0
-1
0
0
0
-1
0
0
0
0
0
0
0
0
1
-1
0
0
0
0
-1
0
0
0
0
0
1
0
0
0
0
0
0
0
0
1
1
0
0
0
0
0
0
0
0
0
1
0
-1
0
0
0
0
0
0
0
0
0
0
1
0
1
1
1
0
0
0
0
0
0
0
0
0
0
0
0
-1
0
0
0
-1
0
-1
0
0
0
0
0
0
0
-1
1
0
1
0
0
0
0
1
1
0
-1
0
1
-1
0
0
0
0
0
0
0
0
0
0
0
0
0
1
-1
0
0
0
0
0
0
0
-1
0
-1
0
0
0
0
0
-1
0
1
0
0
0
1
0
0
0
0
0
0
0
0
0
0
0
0
0
0
1
0
1
0
-1
-1
-1
0
0
0
0
0
0
0
-1
0
0
1
-1
0
1
0
0
0
0
0
0
0
-1
0
0
0
0
0
0
0
0
0
0
0
0
0
0
0
0
0
0
0
0
0
0
1
0
1
0
0
0
1
0
0
-1
1
0
-1
0
0
-1
0
0
0
0
-1
0
0
0
0
1
0
0
0
1
0
0
1
-1
0
0
0
0
0
0
-1
0
1
0
0
0
1
-1
0
0
0
-1
0
0
0
-1
0
1
0
-1
0
0
-1
-1
0
0
0
0
-1
-1
-1
0
0
0
0
0
0
0
0
0
1
0
-1
0
1
0
1
0
0
0
-1
0
0
0
0
0
0
-1
1
0
0
0
0
1
0
0
0
-1
0
1
0
0
0
0
0
0
0
0
0
0
-1
1
-1
0
1
0
0
0
0
0
0
0
0
0
0
0
0
0
0
0
1
0
0
0
0
-1
1
0
0
0
0
0
0
0
0
0
0
0
0
-1
0
0
0
-1
0
0
1
1
0
0
0
0
-1
0
1
0
-1
0
0
0
0
-1
0
0
0
0
0
-1
-1
0
0
0
0
1
0
0
0
0
-1
0
0
0
0
0
0
0
0
1
0
-1
0
0
-1
0
0
0
0
0
0
0
0
0
0
0
1
0
0
0
0
-1
-1
0
-1
0
0
0
-1
0
0
0
0
1
1
-1
0
0
-1
-1
0
0
-1
0
0
-1
0
0
-1
1
-1
0
0
-1
0
0
0
0
0
0
0
1
0
0
-1
1
1
0
0
0
0
0
0
0
0
0
1
0
0
0
0
0
0
-1
0
0
-1
0
0
1
0
0
1
0
0
0
1
0
0
0
0
0
0
1
-1
0
0
0
1
0
-1
0
0
0
0
0
-1
0
0
0
0
1
0
0
1
0
0
0
1
0
0
0
0
0
1
0
0
0
0
0
0
0
0
-1
0
-1
-1
-2
-1
-1
-2
-2
-1
-2
-1
-2
-2
-1
-1
-1
-1
-1
-2
0
-1
0
0
-1
1
0
1
0
1
2
2
2
2
2
2
2
1
2
2
2
2
2
2
3
2
2
1
1
2
2
3
3
2
3
3
3
3
3
3
3
2
2
2
2
1
1
0
-1
-2
-3
-4
-4
-4
-6
-6
-8
-7
-9
-9
-9
-8
-9
-8
-8
-7
-6
-5
-3
-2
0
1
2
4
6
6
7
8
8
10
10
10
9
10
7
7
5
3
3
0
0
-3
-4
-5
-7
-8
-9
-9
-10
-9
-9
-7
-6
-5
-2
0
3
5
8
9
11
12
12
13
14
13
12
12
9
6
4
1
-2
-5
-8
-11
-14
-15
-17
-20
-19
-20
-19
-17
-15
-12
-8
-4
0
5
8
13
17
21
24
26
26
28
27
26
24
22
17
13
8
4
-1
-7
-13
-19
-23
-28
-31
-37
-38
-39
-40
-39
-37
-35
-30
-26
-21
-15
-8
-1
6
13
19
24
30
33
36
38
39
39
38
36
33
29
26
19
13
7
1
-5
-10
-15
-20
-24
-25
-26
-27
-25
-23
-18
-14
-10
-3
2
8
14
19
24
28
30
33
33
32
31
28
23
19
13
6
-1
-9
-17
-24
-32
-38
-44
-48
-53
-55
-56
-56
-54
-51
-46
-40
-34
-26
-18
-9
-1
7
15
23
29
34
39
43
45
46
46
46
44
41
38
34
29
25
19
13
6
2
-4
-9
-13
-16
-19
-20
-20
-19
-18
-16
-13
-8
-4
0
4
8
12
15
19
20
22
23
22
21
19
16
11
6
2
-6
-11
-18
-24
-31
-36
-41
-45
-48
-50
-52
-53
-51
-48
-44
-38
-32
-26
-18
-9
0
8
15
21
28
32
36
42
45
48
51
51
50
48
46
43
37
32
27
20
13
6
0
-7
-14
-20
-26
-30
-30
-30
-31
-29
-27
-23
-20
-14
-8
-2
4
11
15
20
25
29
30
31
30
28
23
18
16
10
3
-3
-10
-18
-26
-32
-38
-43
-48
-51
-55
-56
-53
-53
-51
-46
-40
-34
-27
-17
-8
1
12
21
28
34
41
47
51
56
61
64
64
65
63
57
52
45
37
27
18
9
-1
-10
-19
-28
-39
-47
-52
-55
-56
-54
-53
-51
-47
-41
-34
-24
-13
-3
8
17
28
37
44
49
52
50
47
44
38
33
27
19
10
0
-9
-17
-24
-31
-38
-45
-50
-54
-54
-54
-53
-51
-46
-41
-35
-26
-17
-6
3
14
22
28
36
43
48
54
58
59
57
57
55
53
49
45
36
29
20
12
2
-7
-15
-24
-35
-42
-48
-52
-53
-54
-54
-54
-53
-50
-46
-41
-33
-25
-17
-7
3
13
25
33
39
43
48
49
47
46
44
37
28
23
16
7
-1
-4
-14
-22
-29
-35
-39
-43
-46
-45
-43
-43
-39
-32
-26
-20
-13
-1
2
11
22
30
36
41
51
53
52
53
56
48
43
42
43
35
27
27
16
6
0
-7
-19
-32
-37
-46
-51
-55
-50
-52
-53
-51
-48
-48
-44
-34
-31
-25
-14
-5
-1
10
22
27
36
36
43
48
42
40
40
38
32
19
25
16
1
0
2
-16
-21
-18
-34
-32
-29
-36
-37
-28
-25
-28
-26
-12
-13
-4
1
16
8
17
30
34
29
32
38
31
28
27
34
19
29
15
11
7
4
2
-12
-8
-15
-29
-35
-23
-43
-43
-32
-36
-36
-28
-38
-22
-11
-18
-15
-6
12
8
21
20
28
37
35
45
45
42
33
38
40
21
23
24
6
12
1
-13
-15
-10
-30
-31
-22
-36
-37
-45
-28
-48
-37
-25
-24
-24
-21
-3
-21
5
0
1
12
18
5
12
32
23
12
16
22
23
11
4
28
34
-15
-7
37
-4
-31
2
2
-28
-20
-5
-12
-17
-11
-12
-6
-10
-22
-8
-3
0
14
17
23
37
22
31
58
35
17
52
42
13
29
33
15
13
14
17
-9
-6
-21
-18
-36
-46
-35
-34
-51
-53
-37
-51
-51
-59
-24
-34
-41
-30
-13
-23
-3
-9
8
5
10
5
20
42
16
9
41
41
3
32
28
23
19
17
15
24
0
-13
12
12
-26
-31
28
-20
-31
20
-8
-39
-9
10
-25
-7
14
-8
14
23
28
17
29
25
48
32
7
35
60
2
9
57
23
-5
-4
24
5
-18
-29
3
-25
-36
-41
-17
-50
-53
-26
-30
-57
-55
-21
-37
-44
-5
-20
-31
-1
-1
-18
-4
30
-17
19
26
0
18
32
-4
31
32
12
8
21
18
-3
24
26
-14
-16
41
16
-38
4
46
-17
-57
45
17
-41
-16
53
-23
-17
34
7
-2
9
24
4
26
24
11
16
30
0
16
17
-6
11
40
-17
1
29
-15
-28
-3
-17
-27
-18
-16
-32
-31
-24
-39
-15
-39
-11
-29
-23
-16
-14
10
-38
23
-2
-20
23
9
-10
14
31
-25
28
30
-28
18
42
-10
-11
-2
47
-18
-19
40
-8
-15
6
16
-36
-12
29
0
-4
-10
18
15
-29
10
23
21
-32
3
60
-1
3
25
38
14
-9
20
-4
9
15
6
34
-23
17
-33
-2
23
-42
-18
-10
14
-53
-13
-4
-37
-21
-2
-16
13
-21
-59
30
34
-46
5
18
-11
3
13
-17
78
-26
-42
52
-8
10
-22
32
-29
32
-37
-1
44
-6
-54
-13
73
-27
-73
45
11
-5
-16
-10
47
-9
-33
-1
70
-33
-44
41
39
-51
49
-2
-37
43
21
-35
16
69
-72
20
11
-2
-3
5
-16
20
-2
-12
-26
4
15
-11
-20
-9
51
-59
-1
7
-13
-6
2
6
-1
1
3
3
-17
38
-6
-27
35
2
-14
2
32
-19
-4
37
-34
19
7
-45
8
-4
-5
-1
21
-36
-44
44
-26
2
18
-26
13
-18
45
-56
1
31
-2
22
-37
25
-8
6
33
-17
27
7
-27
52
-23
19
-17
43
-28
13
29
-23
-18
33
15
-35
12
-2
0
-25
-5
19
15
-31
-26
42
-21
-34
14
25
-76
23
17
-22
1
36
-34
-4
43
-60
27
23
-4
-48
65
-9
-60
44
25
-35
-17
18
-3
-7
-5
-14
25
-13
-29
34
-30
-31
44
-1
6
-52
78
-9
-57
40
24
10
-36
31
22
23
-37
30
51
-61
-15
51
1
-15
0
30
-48
18
44
-44
19
5
-2
-57
32
14
-39
-1
-13
41
-53
7
34
-41
2
11
-16
1
-8
1
13
-10
-19
-3
17
-10
-13
46
-39
54
-31
-4
29
-44
14
11
28
-50
47
-6
-28
3
33
-35
-6
31
-24
36
-41
47
-19
36
-35
13
-27
-27
65
5
1
-17
24
-18
4
-13
32
-27
14
-15
-7
70
-68
-11
22
-9
-3
-18
39
-45
79
-117
12
53
-40
-22
-22
121
-84
-4
29
-14
-7
-22
30
3
9
-8
7
-5
-11
28
-12
5
1
6
-9
10
-25
72
-27
-39
27
5
-19
-32
61
-23
-11
15
7
-1
-45
16
-37
63
-6
-8
-35
58
18
-80
90
15
-59
-34
72
7
-50
52
28
-41
3
42
-68
24
-5
-17
20
16
-56
19
33
-41
-3
54
-57
-11
20
-31
-25
36
-42
26
54
-57
18
-29
34
-76
36
47
-55
24
20
24
-22
-30
22
65
-57
-41
90
-20
-48
-34
97
-5
-4
-3
-67
85
-89
10
20
44
-99
-3
107
-57
32
-21
32
-15
-61
104
-30
30
-101
88
-13
18
-46
31
90
-106
5
112
-38
-102
28
37
-5
-80
65
36
-35
-30
45
-4
-53
8
-47
44
9
-37
49
-38
47
-41
14
-23
37
-19
-27
15
19
-54
37
15
-37
52
-2
-21
-38
84
-37
6
32
-67
52
-3
-40
26
28
-71
0
15
18
-28
39
-24
54
-37
-33
55
-18
-11
-53
163
-73
-72
105
-33
-56
16
150
-171
99
19
-72
-76
60
27
-27
86
-6
-76
-4
11
-63
33
41
33
-71
76
-52
-22
15
-36
41
16
-43
-24
2
123
-121
70
0
1
-65
-61
97
-2
-16
-40
126
-18
-107
90
25
-67
-86
168
-39
-135
91
5
-13
51
-62
105
-145
7
121
-165
88
47
-25
-97
162
-30
-147
158
43
-45
-177
174
37
-164
54
133
-63
-115
63
56
-51
3
27
39
16
-251
202
-34
18
-113
66
77
-111
82
-87
193
-127
-20
-24
72
-31
-86
175
-116
127
-149
102
-47
-47
62
-68
65
-9
77
-86
74
-77
72
-112
-47
115
11
-36
-20
132
-101
-68
57
19
30
-39
-121
142
62
-108
-74
191
-22
-211
58
115
22
-259
130
241
-207
-67
134
17
-95
-50
112
17
-26
-18
-31
109
-58
-36
72
-36
10
-51
98
-89
51
29
-153
78
69
-27
-175
181
70
-160
66
61
-3
-137
52
39
-43
20
-25
40
-34
64
-22
-51
76
46
-152
69
35
-102
11
57
72
-132
93
8
-95
65
-30
54
-120
57
22
-62
91
-64
57
-47
64
-48
53
-91
-51
181
-165
103
9
50
-135
69
23
-114
86
7
-68
34
104
-107
6
39
30
-118
66
12
-13
-59
81
-14
-113
103
14
-112
75
67
-64
-45
127
-87
37
-30
62
-98
13
106
-127
170
-164
181
-245
149
61
-181
114
-62
54
-66
6
68
-49
50
-93
100
-77
12
-4
3
97
-157
155
-53
-28
10
30
5
-37
-4
52
-71
93
-151
99
39
-116
41
71
74
-202
188
-101
-8
-37
85
-97
15
47
-54
27
38
-48
-69
121
-2
-63
54
-2
-80
59
-1
-62
69
5
-26
30
68
-87
-84
148
2
-109
110
-108
14
79
-129
88
117
-77
-152
260
-164
-114
232
-123
-16
119
-34
-165
204
-97
46
-36
51
5
-122
205
-278
220
-173
92
50
41
-84
-103
175
-206
279
-217
107
-5
-39
-62
113
75
-159
65
-30
-7
-41
55
-64
96
-4
-33
-74
151
-161
10
61
-52
163
-267
225
-84
51
-54
-10
133
-213
201
-24
-9
-123
152
-55
-96
213
-174
84
-54
99
-66
-84
55
-23
10
71
31
-21
-4
-175
70
-5
15
-104
167
68
-148
107
59
-91
-50
36
28
-1
-25
-52
33
-37
17
-99
147
63
-126
86
-9
40
-87
-109
133
-13
13
-181
230
17
-231
213
8
-60
46
-110
63
4
-98
87
50
-19
-106
90
68
-150
106
34
-132
56
66
-116
163
-91
-156
325
-203
86
14
117
-352
250
-44
-201
274
-203
135
-50
14
-61
100
-166
-64
110
85
-87
88
101
-182
105
-18
-35
18
12
-92
80
-6
-124
52
65
21
-34
77
66
-111
-78
218
-124
-78
85
-139
97
-58
-11
108
-143
34
79
-88
15
21
-37
-48
151
-14
-121
100
97
-66
-81
161
-22
-95
8
129
-81
-116
70
72
-75
-29
137
-126
-53
154
-80
-8
56
-52
-8
23
-20
-95
57
116
-157
47
73
-63
36
-135
269
-173
185
-143
151
-201
-3
131
-164
220
-171
108
-56
143
-94
-90
-6
89
-174
-12
117
-38
-4
-122
252
-89
-120
83
-110
108
-35
-16
-15
213
-234
152
120
-65
-116
21
187
-242
187
-102
-2
3
-26
5
-11
162
-210
144
45
-217
106
81
-69
-33
84
-149
149
-138
46
95
60
-95
72
16
-156
48
47
-92
-88
-21
-69
-82
78
7
-15
223
-15
51
-1
-27
-28
-10
-110
-7
122
-92
128
170
-196
200
-123
127
-187
85
-31
5
92
-163
56
-25
-59
-166
181
-257
44
206
-86
161
-13
66
-145
5
61
-278
260
-214
102
209
-24
-99
175
-2
-232
117
184
-259
-18
173
-167
127
114
-195
80
217
-343
55
131
-183
51
28
-34
-26
-245
14
113
-115
105
138
-65
-1
12
-14
-8
171
-242
197
98
-296
124
136
3
-110
155
64
-212
169
-64
-12
5
47
-36
-48
85
-298
-28
10
81
-109
-26
160
-125
11
44
-39
-26
117
152
-98
156
-80
-79
37
44
-77
178
-22
-132
122
131
-233
47
6
-1
-74
14
-66
-242
282
-279
123
320
-208
-39
310
-363
175
98
-6
-35
-108
266
-203
-69
20
-210
89
119
25
65
-44
-7
133
-51
54
20
-74
35
-201
137
-140
-10
-96
69
136
-217
286
-21
-153
230
-82
102
-94
22
-29
-302
250
-116
-118
55
-22
-156
196
183
-118
91
-149
238
-334
335
47
-291
411
-386
97
45
-9
-303
457
-206
204
90
-243
273
-217
102
-263
277
-349
-60
-72
131
-313
301
-117
-59
352
-233
62
141
8
-52
264
-204
-165
-10
103
-43
53
17
150
36
52
-74
96
-17
-210
442
-330
-20
-35
-170
-80
42
-91
-139
220
49
-99
134
159
-137
17
-144
139
98
-210
176
70
-206
268
-90
23
21
-2
-74
-40
252
-560
276
-82
-124
328
-156
1
44
-326
101
33
42
-157
424
-199
-147
653
-437
250
-199
-55
69
152
-172
116
50
-264
395
-158
36
17
48
-160
117
120
-458
196
137
-212
180
11
117
-176
70
19
-87
-45
-293
404
-372
44
174
-85
-5
85
9
-38
143
-246
65
99
-143
-86
41
9
29
85
77
-51
60
-107
35
123
-279
145
-182
296
-130
-5
197
-158
86
21
-15
-89
2
-163
87
-91
23
-82
141
-127
10
221
26
-130
91
-2
-78
92
-114
89
-45
12
48
-159
165
-213
275
14
-156
206
-268
81
-119
114
-189
232
-35
-26
85
-67
88
-111
107
3
-8
-142
82
62
-94
-135
252
-79
-129
317
-173
29
107
-188
67
162
-284
281
-124
107
43
-183
232
-249
53
-9
83
-233
174
-100
-199
241
-253
195
-150
104
-66
-43
-25
120
-94
-105
293
-264
366
-199
142
76
-69
204
-160
158
-139
-11
-28
60
-112
70
-31
-166
303
-292
-8
158
-132
40
29
134
-258
174
39
-201
22
-10
-237
80
139
-162
280
78
61
-210
358
-201
24
-22
-32
19
-248
304
-344
244
-87
-30
192
-148
175
-164
213
-288
99
259
-239
97
-279
229
-233
248
-123
14
31
-198
243
-49
139
-222
152
-222
262
-85
-201
335
-355
103
59
97
-42
88
-17
-104
97
-78
-170
205
-87
-52
12
-42
36
-22
113
66
-71
294
-303
273
-162
133
-110
-2
-128
-2
189
-22
-22
-140
192
-362
523
-409
71
122
-175
52
-36
168
-443
402
-152
261
86
-148
70
-344
78
-157
113
-67
50
-96
240
83
-260
325
-332
175
-86
139
-28
-47
213
-296
273
-310
98
-73
32
147
51
-28
-189
301
-336
268
-84
105
-150
161
-29
-13
-13
-81
37
-58
51
-7
-85
-83
-8
-86
152
42
11
42
238
-376
100
118
-195
60
-221
267
-195
76
92
-224
161
-111
-6
20
173
-105
-6
30
21
-50
-25
-19
-92
89
36
216
-18
15
-70
69
-8
-189
116
148
-115
180
-159
122
-139
59
107
-78
146
44
105
106
-40
-184
112
-173
126
-46
305
-205
42
41
155
123
-286
246
-312
109
33
-129
176
-226
54
61
56
33
-50
-9
-70
-161
154
48
-102
-5
-116
-184
184
-388
359
-367
-332
433
-80
345
-364
105
-46
-2
133
-346
298
-513
-330
162
-414
-15
-116
-118
135
48
85
-148
405
-443
-273
175
60
279
307
327
152
321
16
398
233
507
133
332
212
-197
102
-346
77
-384
30
-67
-209
-292
-718
-221
-423
-375
-219
-12
-152
313
-110
173
115
-25
380
-16
635
-14
438
104
-248
220
-139
434
-234
277
-154
98
116
-162
56
-251
-48
-202
-62
-94
-96
-213
50
-172
212
119
214
102
5
99
213
16
249
74
197
57
-95
140
-244
194
-271
-5
-125
-84
-254
-294
106
-299
-166
-289
-102
-157
210
10
232
252
-63
382
-469
-41
-157
17
206
2
143
-53
136
-236
-270
67
143
224
319
40
211
107
-108
1
-164
166
-93
25
-144
-220
-331
-213
-252
-413
165
-119
193
-4
-99
-135
-323
67
-307
128
-113
-47
-164
-293
50
-326
246
67
291
212
130
447
153
643
245
333
258
147
329
44
86
28
8
-54
285
69
113
-69
28
-162
-19
313
-137
244
144
231
288
196
49
-192
-89
43
138
-26
-72
-14
-233
-80
88
-140
-40
-217
-365
-422
-441
-515
-613
-616
-575
-374
-180
-190
-178
-336
-433
-244
-261
-243
-178
-132
-293
-138
-149
-16
114
-61
-6
44
296
223
329
278
185
144
98
208
93
148
77
106
157
257
257
416
366
504
624
501
641
403
458
247
506
390
347
653
337
434
426
675
324
323
352
-7
344
220
368
348
268
364
-41
23
-144
-283
-341
-501
-313
-348
-457
-498
-915
-933
-918
-947
-871
-942
-720
-1035
-983
-1146
-1294
-1089
-1177
-1251
-1151
-1288
-1211
-1228
-1038
-905
-739
-297
-265
55
-60
72
155
97
396
543
775
866
908
973
996
1084
1326
1355
1603
1628
1722
1719
1627
1880
1709
2031
2093
2130
2207
2009
2095
2062
1889
1847
1686
1648
1530
1438
1354
1097
960
461
257
-183
-576
-1001
-1346
-1457
-1498
-1648
-1841
-2276
-2787
-3189
-3462
-3367
-3663
-3623
-4059
-4571
-5027
-5373
-5824
-6021
-6195
-6358
-6237
-6511
-6719
-5885
-3750
-551
1985
2044
1862
873
2321
3794
5426
6331
6478
7153
7660
8571
8435
7704
6729
5623
5388
5803
6613
6949
5504
3515
1677
816
952
607
438
-408
-847
-1214
-1500
-1223
-1628
-1684
-2200
-1994
-1251
-387
57
-374
-1060
-1331
-858
-353
-597
-1218
-2252
-2868
-3127
-3499
-3778
-4585
-5490
-5880
-6849
-7097
-8409
-9077
-10541
-11049
-11961
-11573
-8466
-5031
555
970
1609
-654
217
2954
5432
8296
8353
9526
10316
11809
12444
11699
10353
8889
7658
7609
7454
7747
7067
4540
2074
-1275
-2180
-2677
-2760
-3351
-4570
-5063
-4730
-2949
-2329
-1889
-2749
-3057
-2242
-494
1403
2586
2097
1574
1606
3373
4872
5239
4023
2226
1566
1337
1301
359
-1246
-2291
-3202
-3566
-4338
-5651
-7122
-9107
-10138
-10456
-9717
-9559
-9846
-11831
-13389
-15107
-13207
-9036
-2695
3015
3192
2946
50
2369
4869
8313
9957
10256
11591
12784
14588
14277
12400
10004
7801
6951
7466
8042
8730
6382
3115
-1039
-3923
-4317
-4337
-4035
-5434
-6842
-7750
-7226
-5517
-4642
-3713
-3494
-2478
-854
1019
2569
2969
2591
2272
3462
5685
7455
7335
5389
3161
1978
1530
1341
588
-316
-1106
-2180
-3070
-4709
-6395
-7933
-9361
-9876
-9832
-9220
-9416
-10230
-12224
-13778
-14762
-13994
-9985
-4876
1825
3680
3311
1134
802
4052
6864
10198
10991
12032
13027
13803
13884
12174
10236
8729
7696
8060
7985
8210
7295
4055
752
-3102
-4246
-4320
-3893
-4328
-6040
-7173
-7795
-6488
-5073
-4022
-3424
-3495
-2804
-1451
157
1792
1915
2105
3104
5539
7940
8539
6816
4113
2413
1717
1727
1411
776
-190
-1483
-2952
-4552
-6110
-7364
-8670
-9662
-9592
-9228
-8672
-9207
-11118
-13353
-14914
-15582
-12017
-7019
346
4370
3547
1648
-1247
2124
5108
9487
11122
11523
12461
12894
13620
12313
10481
8892
7761
8032
8241
8375
8352
5381
2089
-2154
-3939
-3507
-2711
-2342
-4234
-6014
-7298
-6638
-5119
-4039
-3255
-3690
-3346
-2070
-507
1504
1626
1642
2028
4176
7073
8381
7336
4220
2050
950
1085
1428
753
362
-878
-2427
-4043
-5875
-6947
-8124
-9083
-9533
-9249
-8649
-8804
-10341
-13171
-15497
-16695
-12867
-7201
999
4968
3760
926
-2249
1148
4669
9722
11180
11582
12186
12670
13512
12202
10265
8722
7564
7973
8252
8860
8822
6050
2291
-2613
-4616
-4359
-2969
-2600
-4293
-6215
-7508
-6388
-4844
-3763
-3478
-4145
-4150
-3091
-1269
1114
1687
1830
1939
4064
6701
7748
6731
3645
1887
1317
1957
2553
1890
1229
-536
-2335
-4086
-5446
-5666
-6295
-7154
-7599
-7702
-7250
-7994
-9406
-12119
-14009
-14540
-14299
-9408
-4721
3055
4820
3140
-119
-2163
2262
5847
10854
11633
11977
12029
11740
12121
10554
9587
8864
8250
8524
7715
7958
7169
4257
731
-3854
-4780
-4060
-2578
-2514
-5140
-7234
-8989
-7488
-5542
-3589
-2764
-3681
-3744
-3648
-1778
142
956
1848
3023
5987
8434
8461
6184
2707
1407
1524
3054
4091
3624
2777
53
-2458
-4545
-5349
-4761
-4942
-5193
-6127
-6199
-6366
-7360
-9210
-11724
-12896
-12992
-12358
-12276
-9288
-5605
1387
3881
2903
207
-2167
2084
5781
11082
11854
11600
11006
10641
11131
9950
9486
8860
8327
8008
6582
6581
6247
3882
656
-3846
-5015
-4498
-2842
-2568
-4475
-6779
-8633
-7284
-5261
-2738
-1833
-2577
-2778
-2610
-946
951
2088
3492
5020
7454
8769
8106
5750
3125
2402
2705
3728
4250
3519
2311
-790
-3691
-5631
-5830
-4967
-5173
-5983
-7018
-7059
-7210
-8093
-9837
-11393
-11600
-11307
-10876
-11233
-12413
-10088
-6319
907
4686
4040
2051
-775
2705
5540
10261
11594
11855
12130
11011
10993
9439
9350
9654
9183
8458
6309
5858
5871
4002
1307
-3087
-4359
-4001
-2662
-2353
-4125
-6204
-8125
-7170
-5014
-2187
-686
-1417
-2308
-2927
-2077
74
2125
4431
6181
7374
7507
6144
4181
2360
2127
2576
3298
3577
2584
1483
-882
-3280
-5130
-6113
-5720
-5440
-5361
-5603
-6041
-6694
-7731
-8881
-9563
-9746
-9092
-9186
-9634
-11345
-12567
-10042
-5567
2298
5021
4167
336
-2044
1707
5634
10723
11181
11326
10920
10400
10627
9361
9857
9685
9355
8548
6598
6803
6142
4385
1118
-3132
-3718
-2943
-929
-1125
-3598
-6612
-8704
-7328
-4915
-2008
-1423
-2482
-3365
-3803
-2223
-99
1824
3774
4881
6115
6384
5911
4899
3807
3344
2917
3694
4231
4463
3512
610
-2509
-4843
-5271
-4203
-3442
-3743
-4319
-5283
-5905
-6814
-7887
-8376
-8514
-8153
-8450
-8912
-10342
-11500
-13116
-11977
-8572
-2304
3245
3852
2455
-1690
-645
1707
6570
10330
11628
12113
10430
9927
9230
9750
10741
10468
9920
8112
7249
7446
6076
4052
157
-1620
-1528
-748
-672
-2676
-5114
-7607
-7962
-6815
-4164
-2020
-1985
-3296
-4809
-4684
-2699
-114
2382
4284
5261
5490
4771
3766
3094
3209
3425
3677
4027
4239
4361
2846
220
-2565
-4337
-4155
-2945
-2268
-2541
-3947
-5479
-6615
-7675
-8036
-8084
-7875
-8030
-9106
-10582
-12527
-13619
-14803
-12674
-8504
-1973
3418
3318
1846
-2302
-1218
1855
7221
12043
13624
14410
12447
11154
9824
9905
12026
13179
13850
11800
9356
7708
5345
3545
421
-896
-1153
-1071
-1500
-3922
-6394
-9267
-10013
-9177
-6904
-4294
-3763
-3886
-5181
-5303
-3621
-1539
1694
3917
5770
5879
4826
3888
3323
4098
4510
4985
5341
5393
5483
3836
1195
-1541
-3082
-2831
-2278
-1962
-2774
-4103
-6080
-7588
-8379
-8122
-7279
-7117
-7779
-9390
-10979
-12115
-12623
-12408
-12670
-11065
-7953
-2361
3218
4012
2785
-1398
-792
2669
8368
13793
15422
15817
13165
11304
9849
9759
11939
13128
13829
11543
8420
6038
3486
1880
-658
-2167
-2763
-3116
-3529
-5763
-8211
-10764
-11093
-9307
-6618
-4000
-3714
-3935
-4718
-4563
-2981
-735
2634
5197
6909
6826
5717
4911
4227
4679
4983
5801
6992
7302
6690
3806
612
-2061
-3280
-3018
-2879
-2769
-3570
-4908
-6376
-7706
-8215
-8380
-7891
-7751
-7779
-8059
-8591
-8830
-9104
-9648
-10037
-10548
-9872
-6631
-2397
3611
5133
4852
2151
1032
3803
6737
11545
13167
14276
12861
10233
8563
7212
9045
10279
11005
9391
5709
3062
610
16
-733
-1195
-1378
-2313
-3300
-5531
-7415
-8778
-8465
-6489
-4207
-1903
-1321
-1385
-1896
-2412
-1664
-460
2119
4902
7054
7880
6424
4452
2621
2493
3641
5166
6238
5664
3760
901
-1623
-2953
-3214
-2831
-2865
-3235
-4507
-5980
-7295
-7970
-7171
-6456
-5464
-5401
-5330
-5063
-5216
-5431
-6278
-6637
-6334
-6068
-5445
-5924
-5437
-3572
-779
3726
4333
5016
2445
1884
3239
4806
8535
9135
10122
8565
6630
5441
4631
6520
7585
8158
6194
3029
1477
533
1337
889
123
-1060
-2360
-2708
-3366
-3349
-4155
-4532
-4053
-2770
-431
508
801
44
-813
-520
35
2074
3938
5252
5291
3869
2620
1695
1885
2354
2806
2943
2106
773
-965
-2009
-2521
-2931
-3320
-4066
-4441
-4776
-4830
-4835
-4959
-4929
-4813
-4146
-3135
-2154
-1577
-1794
-2128
-2574
-2602
-2609
-2727
-2857
-3500
-4026
-5310
-4869
-3829
-348
2151
2548
1646
-1210
-736
-263
2617
4537
5343
5799
4411
3821
2916
3501
4813
5548
6085
5151
4883
4250
3588
2810
1640
1618
1276
1629
1103
450
-349
-1386
-1214
-923
347
811
400
-325
-1315
-1212
-828
319
1595
2338
2418
1263
282
-274
109
760
937
934
550
127
-709
-1731
-2541
-2936
-2674
-2230
-1905
-1898
-2174
-2255
-2318
-2046
-1746
-1388
-825
-528
-245
-334
-430
-638
-889
-1243
-1558
-1902
-2588
-3446
-4433
-5340
-6000
-7095
-6695
-5819
-3250
-1105
-928
-1198
-3387
-3073
-2413
-132
2655
3980
5344
4288
3674
3160
3846
5888
7386
8585
7851
6941
5804
5243
4998
4473
4435
3802
3282
2111
992
99
-807
-909
-893
-414
-528
-1239
-2116
-3066
-3288
-3087
-2179
-892
159
696
301
-533
-1357
-1577
-1125
-245
847
1581
1886
1364
606
-64
-543
-511
-277
228
639
581
139
-433
-821
-793
-541
-278
-108
-240
-586
-961
-1587
-1902
-2085
-1882
-1489
-1420
-1617
-2276
-3090
-3886
-4531
-4849
-5038
-5208
-5806
-6083
-5713
-4432
-2384
-1698
-1052
-1890
-1716
-1165
-243
1843
3114
4832
4846
4366
3759
3552
4399
5188
6022
5665
5197
4275
3623
3186
2259
2289
1762
1743
1240
542
154
-937
-1314
-1740
-1318
-1138
-1291
-1341
-1430
-1088
-1196
-928
-384
654
1745
2230
2334
1903
1653
1520
1660
1902
2141
2337
2201
1926
1460
1032
528
166
47
-39
-141
-331
-289
-93
-238
-629
-1278
-1410
-1164
-734
-326
-396
-496
-727
-970
-852
-634
-111
39
-321
-882
-1308
-1161
-1029
-880
-1233
-1748
-2472
-3062
-3308
-3383
-3443
-3559
-3966
-4050
-4231
-3957
-3427
-2958
-2253
-2446
-2025
-1909
-1033
-368
-127
388
338
760
631
753
961
950
1201
1010
1445
1670
1864
1906
1504
1694
1654
1948
2036
2068
2366
2258
2363
2147
2370
2743
2773
2714
2320
2297
2223
2147
2165
2385
2874
3077
2963
2355
1776
1225
798
576
314
266
0
-286
-711
-1075
-1062
-901
-570
-357
-156
-115
-204
-410
-520
-320
4
300
416
524
508
461
25
-319
-454
-238
3
-109
-436
-975
-1295
-1513
-1542
-1601
-1699
-1863
-2059
-2245
-2355
-2544
-2662
-2797
-2897
-2913
-3002
-2913
-2895
-2712
-2582
-2652
-2830
-3125
-3123
-2878
-2594
-2357
-2269
-2057
-1632
-1104
-432
-202
80
142
493
1027
1444
2149
2430
2884
2905
2849
2916
2991
3422
3411
3452
3251
3167
3102
2841
2747
2491
2314
1935
1532
1209
1076
1149
1232
1129
649
166
-128
90
480
664
679
435
366
224
91
14
100
472
685
730
463
320
269
354
395
312
194
13
-112
-276
-374
-503
-563
-641
-627
-454
-417
-557
-1094
-1677
-1944
-1893
-1540
-1252
-1200
-1495
-2017
-2466
-2653
-2374
-1902
-1492
-1279
-1320
-1113
-929
-797
-769
-895
-620
-364
105
466
622
777
629
637
684
787
1047
996
895
479
37
-15
108
549
609
376
-27
-509
-615
-735
-429
-153
142
226
-64
-338
-719
-694
-530
-114
277
430
530
449
470
353
213
243
485
986
1249
1307
1179
951
932
801
833
850
983
1282
1430
1598
1371
1183
902
758
749
722
854
769
685
395
184
-1
-167
-390
-664
-801
-874
-791
-755
-740
-819
-1038
-1195
-1317
-1145
-939
-803
-912
-1149
-1254
-1232
-1002
-929
-852
-887
-805
-699
-548
-446
-444
-417
-288
-55
145
314
305
355
345
442
529
525
492
350
333
341
483
514
503
367
241
122
98
236
337
450
298
88
-166
-197
-69
80
105
34
32
17
93
152
320
446
411
380
387
659
935
1052
1012
842
780
687
666
550
397
279
142
216
125
60
-245
-624
-987
-1214
-1074
-784
-551
-818
-1363
-1776
-1760
-1293
-935
-869
-1060
-1283
-1320
-1279
-1130
-813
-391
-85
-81
-316
-417
-298
75
310
440
391
407
603
782
995
916
699
480
416
622
820
883
686
395
152
75
112
111
43
-85
-126
-154
-114
-166
-98
-20
142
263
250
287
254
420
522
662
709
734
772
846
926
975
883
801
728
756
791
715
639
489
402
222
86
-66
-193
-305
-415
-497
-510
-577
-615
-681
-748
-769
-833
-713
-608
-476
-491
-619
-736
-774
-670
-575
-481
-448
-412
-386
-392
-431
-546
-583
-531
-294
-23
92
18
-211
-272
-182
37
199
269
308
320
367
385
366
265
166
152
306
499
558
461
227
102
8
112
182
219
116
-29
-46
-16
95
83
-24
-156
-248
-138
90
304
343
277
83
26
6
62
244
324
377
163
-22
-159
-100
19
78
19
-146
-305
-332
-247
-166
-180
-307
-428
-492
-456
-426
-359
-257
-84
-17
-77
-174
-213
-54
136
436
594
629
567
423
453
456
628
665
700
604
471
418
332
338
233
153
45
20
90
128
82
-74
-181
-186
-86
-28
-79
-235
-408
-526
-516
-467
-473
-476
-481
-437
-405
-426
-509
-609
-615
-500
-272
-61
78
111
117
154
162
273
379
513
605
647
669
591
499
333
244
170
120
60
-23
-76
-201
-379
-595
-750
-751
-668
-570
-610
-707
-771
-692
-502
-320
-170
-83
12
95
229
423
623
750
799
761
698
683
667
645
564
398
224
103
84
54
-20
-150
-332
-437
-601
-664
-755
-714
-587
-452
-300
-315
-306
-332
-210
-16
167
333
381
417
378
334
344
413
564
635
637
562
493
429
328
261
208
205
198
147
17
-127
-271
-358
-387
-365
-294
-256
-305
-435
-587
-646
-611
-469
-316
-214
-200
-206
-247
-239
-199
-109
30
164
306
341
391
389
465
603
736
775
669
524
426
444
463
439
310
170
61
-21
-104
-237
-370
-428
-445
-468
-544
-651
-711
-753
-710
-665
-600
-551
-554
-529
-525
-438
-314
-145
-37
3
27
12
54
95
163
241
266
335
342
380
353
301
264
233
297
383
469
474
380
255
176
215
299
354
371
283
239
156
138
135
160
233
239
223
157
105
86
71
73
52
39
42
76
56
4
-101
-180
-179
-142
-80
-78
-140
-244
-335
-394
-350
-293
-253
-259
-315
-392
-454
-499
-486
-483
-426
-391
-352
-333
-324
-365
-407
-419
-381
-277
-174
-101
-98
-148
-147
-91
18
96
135
182
219
283
321
329
310
314
324
338
346
411
512
545
458
246
98
55
197
351
417
319
145
-18
-92
-38
49
160
193
227
215
167
98
86
131
226
276
260
212
159
188
230
265
245
193
159
111
84
26
-36
-110
-177
-208
-270
-315
-380
-426
-494
-558
-571
-574
-501
-449
-359
-362
-353
-341
-313
-223
-160
-49
4
8
-37
-80
-77
-6
87
104
86
16
11
30
71
106
72
4
-99
-125
-92
17
89
90
17
-66
-121
-116
-65
-16
14
12
22
33
56
79
106
118
144
205
286
371
404
406
388
373
397
417
461
487
507
455
396
327
280
276
276
236
103
-45
-155
-205
-230
-272
-353
-460
-558
-620
-632
-637
-602
-574
-538
-553
-588
-620
-612
-520
-385
-246
-153
-114
-116
-101
-61
48
180
294
350
352
339
341
359
354
345
341
387
412
399
288
167
88
99
162
186
172
52
-66
-175
-224
-156
-61
1
-68
-206
-307
-285
-167
-56
-7
-51
-118
-128
-40
90
180
228
235
226
209
198
215
233
234
230
242
265
258
217
154
75
3
-24
-1
16
2
-65
-140
-155
-163
-169
-221
-256
-249
-181
-85
-53
-83
-167
-231
-250
-204
-120
-41
-16
-27
-78
-106
-123
-70
-22
5
9
1
21
34
66
65
82
98
128
127
125
146
150
173
163
146
89
54
51
76
116
80
26
-119
-235
-329
-347
-291
-240
-166
-193
-290
-423
-478
-394
-275
-116
-25
2
-31
-65
-69
-32
72
192
336
408
393
354
306
293
321
385
430
432
391
324
251
166
106
52
58
61
49
17
-44
-113
-178
-169
-152
-99
-84
-61
-91
-144
-212
-263
-232
-163
-56
-8
-13
-89
-155
-192
-171
-137
-72
-22
-35
-77
-151
-163
-149
-118
-100
-106
-93
-31
47
101
113
89
74
64
66
78
110
127
111
93
75
71
56
56
26
-8
-47
-77
-71
-77
-99
-125
-178
-186
-157
-109
-80
-64
-61
-56
-34
1
50
44
77
82
134
156
189
228
255
266
233
226
230
292
340
340
292
237
225
229
234
219
195
173
132
92
11
-25
-63
-60
-114
-179
-226
-258
-255
-294
-318
-344
-325
-288
-284
-293
-332
-326
-288
-262
-211
-183
-121
-82
-32
-24
4
16
35
58
87
129
136
107
42
-34
-55
-27
6
4
-51
-99
-137
-140
-165
-187
-175
-131
-70
-25
13
25
21
32
45
70
112
173
237
277
263
237
216
257
282
328
322
307
256
199
155
108
79
47
50
13
-65
-159
-232
-236
-249
-200
-193
-178
-214
-229
-223
-213
-129
-64
7
-3
9
-2
41
62
103
104
110
168
182
220
179
157
120
76
86
109
152
144
84
-14
-67
-99
-87
-74
-67
-66
-88
-84
-120
-147
-177
-203
-214
-188
-129
-88
-54
-81
-96
-129
-123
-64
-20
53
103
144
167
174
177
171
171
188
169
173
137
143
101
66
70
11
5
-40
-54
-121
-161
-208
-235
-253
-286
-234
-209
-146
-128
-122
-125
-129
-39
-30
65
78
101
146
110
170
166
221
232
270
226
167
166
123
160
69
65
19
-4
-22
-42
-97
-169
-172
-231
-239
-266
-238
-235
-236
-258
-226
-190
-174
-115
-76
-14
8
79
59
77
82
99
172
181
229
248
241
204
200
188
236
292
284
306
257
168
69
20
29
62
106
115
77
-25
-108
-196
-228
-218
-202
-114
-119
-122
-219
-240
-304
-290
-195
-119
-26
-19
-11
-121
-121
-138
-112
-51
4
59
29
34
3
3
10
26
48
31
96
102
124
70
33
-42
-50
4
6
14
-41
-43
-71
-22
8
32
75
-25
8
-8
5
49
54
85
43
65
56
44
80
52
123
110
100
106
89
65
70
63
28
71
16
30
-28
-43
-63
-80
-7
-15
14
-11
-25
-72
-69
-66
-38
-48
-55
-26
-69
-21
-43
22
35
37
49
-47
-58
-88
-31
24
64
90
44
7
-69
-58
-66
-68
-69
-80
-88
-54
-3
14
3
-12
-60
-86
-65
-31
-27
-31
-48
-27
-24
-21
61
8
59
32
11
43
5
10
41
71
53
127
85
53
37
-23
13
15
41
-8
-13
-67
-68
-32
-36
-29
-51
25
36
49
35
70
17
10
73
-13
73
89
103
152
128
132
132
88
47
2
-31
-25
-39
17
-7
21
51
-10
-65
-78
-170
-221
-219
-214
-180
-97
-49
-61
-44
-97
-148
-186
-148
-164
-93
5
12
50
59
93
53
33
90
78
188
211
270
262
186
106
154
48
71
111
55
141
-23
8
-7
-122
-143
-160
-211
-201
-144
-128
-88
-26
-40
-24
-43
-82
-23
-34
45
64
125
187
136
152
125
117
67
60
25
14
-49
13
66
-51
10
-60
-135
-112
-197
-129
-117
-164
-31
-92
-88
1
-74
-139
-82
-104
-53
3
36
69
73
122
72
60
34
58
-3
94
45
169
129
44
100
-160
41
-118
36
55
-33
113
-4
153
-50
-27
-5
-206
-38
-169
-39
-39
-15
64
-12
-65
-91
1
2
61
-78
118
-11
-114
251
-22
177
87
204
109
-46
300
-59
214
55
189
20
52
71
-39
119
-110
181
-101
120
-93
-224
64
-297
-20
28
-189
-8
21
-276
-164
-195
-156
-103
-60
76
-49
-156
32
-264
12
-215
65
249
18
399
46
129
-15
-141
-33
62
93
207
292
121
101
23
-91
-88
-110
-66
-207
134
-126
-100
76
-332
74
-318
-25
-122
-217
51
-238
83
-40
1
75
-44
66
33
32
198
152
103
174
107
-60
159
7
167
217
82
136
17
-85
-119
-115
-56
-159
14
38
-65
-24
-29
-224
-78
-201
-114
-23
-120
238
250
-61
414
30
-151
220
-266
134
-35
159
328
45
358
79
-65
-23
-192
-127
-110
-228
143
-147
18
118
-238
21
-137
-157
-89
-91
-73
75
33
61
164
-2
120
48
59
7
-56
121
-51
84
27
125
18
-4
143
-236
-10
-225
-183
-100
-125
97
-127
222
-205
-13
-107
-341
125
-325
143
-29
169
214
81
221
-143
106
-68
-42
26
152
-39
322
245
180
120
-147
66
-404
-186
-140
-18
-146
92
378
-274
192
-257
-278
-113
-537
184
-157
152
191
38
389
-303
250
-131
-64
244
-121
419
98
333
215
147
118
11
-58
0
-37
-10
94
18
52
11
-67
-203
93
-258
-170
-127
-62
-160
-202
169
-127
-84
-16
42
16
-69
246
-21
82
201
-176
134
51
-181
147
46
-7
183
53
-15
117
-204
-180
-123
-40
-210
-51
177
-104
-24
-91
-48
-205
-402
91
-213
-119
135
-51
186
-223
221
-249
-62
102
-215
47
54
245
161
406
145
134
135
-113
183
-25
161
185
394
198
63
359
-178
-79
59
-319
-16
-26
-46
67
-104
-63
-132
-280
-100
-323
-177
-135
-80
0
-77
-16
-63
-149
-169
-41
-98
119
-10
357
88
151
418
-97
189
93
-32
25
-25
214
41
6
203
32
4
-229
120
-276
-140
-167
-128
70
-273
273
-48
-148
-22
-35
-138
-22
-41
132
-13
-7
295
-228
104
30
-165
147
-125
107
156
60
86
107
3
-177
28
79
-224
163
253
-223
358
-3
-111
-58
0
-156
44
13
142
126
96
154
-199
191
-284
-34
-54
-114
-88
-73
67
5
-112
223
-114
-101
181
-169
87
-10
39
-37
34
25
6
47
-87
14
-82
-228
97
-102
-107
223
-207
143
-127
-89
54
-237
131
-241
228
-312
94
239
-295
331
161
-195
115
43
-191
138
-32
197
-44
158
75
-114
152
-63
-29
112
-42
82
20
63
-50
52
-57
-54
20
-203
49
-246
108
-132
135
-32
159
-233
98
-104
-222
160
-236
172
-213
323
94
-21
415
-50
47
32
16
-147
157
-207
126
393
-260
423
264
-228
251
5
-380
70
-207
-171
98
-28
14
-8
12
-161
-51
-135
-393
253
-505
228
-74
-104
279
-307
216
-150
22
-141
124
48
114
-143
426
-234
49
255
-333
403
-204
88
156
-158
38
21
-96
120
-162
186
-59
-90
267
-303
87
-26
-79
-20
87
59
-35
11
122
-104
-40
158
-96
2
64
-204
58
25
-286
255
-264
-14
-6
-24
70
-52
99
137
-219
53
11
-258
115
-124
92
-62
74
22
55
157
-152
155
-84
96
-251
388
-278
239
176
-186
255
-73
-34
-110
150
-51
16
130
-150
205
-90
-221
303
-214
-179
203
-219
70
49
-48
147
-11
-29
-3
29
-196
138
-331
427
-235
52
392
-533
430
-153
-141
176
-63
0
-70
187
-23
-195
183
-254
129
-157
-5
251
-248
91
85
-169
72
100
-226
158
77
-196
180
54
-207
326
-11
-35
37
241
-378
235
81
-232
401
-161
200
-58
-33
72
-31
-114
83
-77
-107
9
-93
-30
107
-129
70
-19
-152
-40
-34
-77
146
-132
-43
170
-242
-117
-53
52
-355
301
102
-173
211
-108
1
-99
-149
228
-232
34
215
-86
52
47
129
-188
19
40
-87
109
36
166
155
-51
106
98
-265
106
-80
-137
184
-6
38
3
138
-69
40
-182
205
-210
8
121
-195
165
-366
253
-3
-89
218
-11
-128
183
-181
218
-64
-131
243
-357
355
-180
15
199
-114
19
48
-13
-44
-79
149
-55
0
113
-106
-64
107
-208
106
22
-10
-32
-79
297
-338
55
80
-76
-218
83
100
-130
85
95
-184
-11
-74
-194
145
-118
79
-109
382
-423
86
306
-399
210
128
-104
37
86
-39
96
-80
264
-175
11
326
-449
413
-210
8
96
22
1
13
206
-224
-29
77
-212
-86
312
-325
134
-16
-12
-281
109
37
-338
230
-15
34
35
33
125
207
-263
262
-105
14
53
-14
257
-255
119
12
-156
128
-12
-74
42
-87
145
-113
78
126
-158
-61
-101
183
-347
145
15
25
23
-86
140
-100
-244
126
72
-288
215
76
-194
109
20
-183
67
-14
102
-111
127
192
-21
-119
289
-195
22
-31
-8
175
-149
145
-62
-4
-163
43
51
-27
-78
137
-174
-114
77
-235
99
-92
-18
131
-147
307
-67
53
31
-82
-31
-41
371
-281
480
-27
-9
117
50
-262
77
142
-402
367
-23
-104
-6
181
-460
71
-85
-342
197
-99
-19
61
65
-86
-77
-92
182
-497
342
56
-146
389
-102
197
-260
269
-336
-161
315
-329
53
427
-114
50
200
-173
-2
-344
214
-68
-170
424
-188
167
-25
57
-213
173
-313
1
198
-133
30
213
9
-152
521
-273
34
-16
-117
-42
141
119
43
-53
311
-342
191
219
-559
465
-384
135
60
-75
308
-295
230
-199
-130
-51
-79
-10
-39
69
96
-40
71
-72
5
-106
0
17
40
22
28
40
-69
-4
53
-129
-10
116
-55
-33
82
125
-203
81
44
-232
168
-232
74
-12
-170
363
-284
198
-199
170
-147
-132
319
-315
-34
76
-130
81
111
63
65
-63
207
-121
-5
13
-24
-61
14
97
-3
104
-70
172
-192
57
131
-300
212
-240
229
-274
122
126
-341
358
-330
182
-74
-29
91
-6
-28
101
-23
181
-136
-2
178
-305
197
29
-82
199
12
-113
271
-230
79
6
-126
70
-16
-83
92
-3
120
-157
74
60
-350
20
79
-165
-140
405
-168
29
179
-122
59
-282
299
-411
169
-3
-130
349
-185
-17
238
-248
86
79
-177
77
-19
133
-281
216
-12
-176
121
-120
104
-113
118
-55
22
49
-51
148
-208
132
-10
-92
207
-107
205
-197
101
77
-211
161
-100
29
16
52
-74
80
-44
-80
108
-124
41
-45
141
6
-144
291
-404
252
67
-367
345
-256
88
-97
143
-43
-83
138
-24
-88
57
31
42
-81
278
-232
139
51
-95
153
-149
179
-181
-55
142
-133
146
-49
81
-59
48
-99
23
-31
-120
-24
21
-143
72
34
-100
-28
27
-71
-16
80
63
-121
39
81
-281
383
-350
229
-154
109
-85
-34
145
-208
333
-246
123
104
-212
91
95
-212
130
174
-267
249
37
-242
346
-176
-6
239
-280
103
-21
-30
-56
206
-164
-46
236
-246
222
-122
112
-70
12
83
-86
194
-164
172
83
-304
335
-75
-200
414
-266
120
36
-130
88
-85
-59
148
-172
-98
284
-288
-33
240
-243
14
125
-136
96
-322
204
-126
-64
193
-31
-68
2
47
-67
110
-110
93
-20
-123
112
179
-227
75
1
-184
121
19
159
-112
18
118
-179
116
-86
-53
11
-126
270
-209
34
78
-131
-18
-20
137
-288
209
-61
-72
80
-68
60
-77
197
-97
25
136
-215
105
33
-182
284
-395
327
-63
-137
328
-232
291
-184
87
-110
-187
229
-174
-105
469
-446
251
25
-59
82
-247
246
-112
-135
105
80
-275
280
-91
-7
33
81
-27
-129
156
-97
40
-86
143
-71
-14
-203
303
-272
133
233
-157
225
-439
361
-210
-131
198
-22
-34
63
346
-231
112
191
-223
2
25
45
-67
-55
122
136
-313
245
42
-78
-197
286
-164
-153
295
-212
75
-57
42
-35
-101
71
34
-204
119
109
-135
-16
33
68
-231
38
82
-127
-45
274
-232
75
188
-290
121
-2
-133
-33
144
26
-93
170
82
-126
-39
84
-383
137
106
-278
287
-3
81
-72
196
-142
-209
91
-94
112
-202
307
-151
10
168
12
-30
142
-79
-278
410
-325
113
150
-87
-17
-75
78
-89
-39
125
-67
-30
107
20
-81
81
-36
-87
128
-64
-34
156
-26
-68
127
21
-238
278
-167
29
143
-48
14
-67
171
-305
155
-16
-137
31
84
-164
87
-129
204
-41
-87
187
-239
246
-134
-128
230
-288
-71
384
-449
198
14
-126
-71
36
147
-302
263
-69
19
36
18
34
-136
206
-136
27
130
-107
20
19
62
-50
119
-84
32
-23
-142
46
50
-227
223
69
-119
148
-74
4
-110
-106
64
39
-304
347
59
-314
574
-267
6
100
-22
-140
-29
318
-240
129
150
-41
89
-145
258
-241
-49
33
-6
-61
-27
172
-153
-46
111
-171
-79
113
-127
102
-132
205
-150
85
51
-122
139
-202
162
-77
-45
39
-33
-17
227
-85
54
111
-64
-63
-76
114
-239
41
239
-169
190
51
-12
-14
-123
23
5
-93
57
164
-134
170
-101
11
-30
-189
205
-182
46
195
-127
-30
141
-90
-136
8
66
-148
6
130
102
-129
147
112
-308
171
-71
-103
-17
53
4
-88
108
38
-216
203
-45
-88
-42
-69
336
-352
197
136
-148
-15
-12
74
-135
62
53
54
-218
360
-207
31
-2
89
-107
-17
250
-206
22
84
49
-376
284
-185
58
-156
81
272
-339
124
59
-73
-79
-37
171
-119
-222
453
-240
-41
226
99
-132
8
197
-195
-150
114
75
-339
199
256
-241
37
173
-44
-134
85
29
-25
-3
18
124
-160
58
16
-3
-105
115
144
-218
178
-26
-81
-18
-20
36
-124
31
145
-29
-99
165
21
-155
52
-16
-94
-31
30
-43
55
-92
150
-60
-30
226
-148
55
-116
103
-86
-193
317
-215
31
15
-40
44
-25
12
106
-103
-118
243
-364
192
-82
52
-157
43
225
-370
203
43
-228
150
136
-147
116
153
-348
268
-135
-18
61
40
69
-152
286
-221
203
-184
193
-64
-73
106
83
-137
32
178
-244
284
-357
314
-162
-177
388
-291
30
180
26
-83
3
126
-132
-20
61
2
-48
-108
153
-35
-118
120
19
-208
78
27
-88
84
25
9
-8
-51
111
-96
84
53
-45
-10
12
24
-217
105
-8
-150
107
17
-71
170
-217
-32
136
-235
-23
200
-303
197
126
-218
219
-42
-154
195
-127
-56
173
-248
230
17
-41
82
16
-64
-44
148
-200
50
166
-292
119
96
-111
-26
40
54
-42
-75
239
79
-352
409
-299
10
94
-54
-10
101
-48
-8
212
-174
112
45
-157
19
182
-352
83
125
-8
-103
212
17
-91
-50
-72
209
-303
45
337
-371
36
333
-239
-184
345
-164
-232
174
89
-117
-30
211
-130
-55
31
-39
-57
-48
59
83
-2
-3
161
-127
43
-33
-128
4
-48
38
75
-34
78
231
-270
132
149
-283
71
74
-186
175
-133
132
-29
-80
127
-131
56
-28
1
2
-79
60
113
-189
-17
159
-83
-183
167
84
-131
-48
269
-132
-215
243
-83
-9
-13
-39
169
-220
186
-107
-63
130
-192
171
-40
12
64
-55
-13
32
59
-155
124
-14
62
-205
277
-74
-272
283
-20
-19
-90
178
-71
-75
-56
76
82
-330
236
36
-119
-52
135
93
-267
183
129
-385
220
92
-244
70
144
-28
-191
219
-5
-115
101
-41
-30
38
-7
147
-168
83
83
-62
146
-150
139
-67
-117
150
-133
81
-72
75
16
-128
218
-181
-45
179
-267
113
111
-181
54
13
-28
24
-16
166
-141
64
-9
-40
121
-220
237
-120
21
29
-69
129
-125
-27
223
-302
161
53
-184
274
-202
131
-59
-90
109
-111
-58
61
13
-73
71
21
-54
59
-119
57
81
-242
123
114
-145
-55
415
-373
25
265
-344
107
95
12
-153
155
72
-83
-11
51
-56
-66
-93
140
-86
-134
371
-184
-137
240
-81
-121
109
-94
28
-111
79
116
-111
-16
198
-80
-173
308
-102
-102
44
123
-40
-165
327
-158
43
-90
102
47
-306
392
-219
-2
78
-83
-1
-49
-4
37
-142
93
134
-224
82
138
-72
-33
31
209
-286
101
108
-189
207
-207
105
24
-115
131
-175
194
-93
-106
192
-31
-200
156
55
-233
270
-215
104
-25
5
98
-220
314
-204
-51
162
-141
109
-140
78
13
-118
127
-94
150
-116
20
-46
-14
73
-183
285
-150
36
138
-231
153
32
-119
121
-14
29
48
-211
224
-81
-113
152
-27
29
3
-25
144
-242
157
-16
-74
96
31
-117
-36
99
-148
-16
70
-70
98
-100
25
142
-106
-121
186
-264
57
-3
-27
96
-131
86
-46
32
-98
183
-263
89
193
-339
268
-35
21
-220
340
-137
-183
372
-289
206
-128
81
56
-154
137
-40
-65
38
124
-89
17
245
-334
153
93
-275
116
99
-170
67
213
-234
118
-22
-31
-78
73
21
-128
178
-118
64
20
42
2
74
-90
64
-43
39
33
-69
125
-213
107
74
-166
163
27
-92
96
-159
154
-113
-30
217
-259
169
-67
-33
151
-223
261
-248
-29
95
-188
122
-63
-76
136
-91
9
188
-172
4
90
-114
26
21
46
-142
35
64
-47
-10
43
84
-192
105
66
-141
-5
41
-51
4
22
80
21
-69
-2
108
-185
59
128
-166
65
35
7
-97
114
40
-130
76
-1
29
-96
72
9
-25
-28
61
56
-183
86
90
-252
201
33
-87
95
-68
14
2
-20
12
-90
79
-107
131
-133
24
57
-82
131
-127
90
81
-204
126
109
-167
-43
241
-99
-161
320
-131
-66
184
-139
100
-22
-27
51
-1
-61
-60
213
-278
179
-71
-78
18
65
-12
-57
115
-128
82
-103
94
42
-87
12
68
-73
-40
163
-96
-11
42
47
0
-64
82
-83
23
-33
43
-70
84
-27
-7
-39
-3
33
-75
59
-79
144
-126
64
-4
-71
90
-217
126
29
-167
158
15
3
13
-58
91
-15
-168
289
-67
-102
132
-132
175
-237
105
159
-358
264
-15
-184
151
55
-163
124
-36
70
-125
-2
276
-319
110
111
-134
19
-96
194
-72
-161
308
-225
-53
175
-78
-87
86
45
-126
30
-18
75
-87
-162
284
-185
-77
260
-133
-47
147
-53
-9
-3
121
-82
-22
172
-30
-88
51
102
-70
-175
230
-125
-57
64
35
-11
-34
22
-61
118
-114
14
122
-241
176
-5
-185
217
-99
-65
129
37
-72
6
-32
106
-162
47
68
-103
57
-9
22
-9
26
12
-142
137
-67
-50
139
-41
-30
-14
77
-117
67
9
-52
69
-59
71
-34
76
-119
-27
144
-226
210
-137
-2
95
-120
47
-37
70
-95
-24
94
-108
-6
156
-130
65
43
-70
23
58
-39
10
27
-29
81
-82
84
-68
58
92
-191
149
-1
-112
73
8
-11
-72
126
-43
-86
105
25
-178
136
24
-148
135
2
-78
59
-22
-30
-1
4
88
-215
169
37
-126
-32
227
-148
-90
279
-157
-6
-1
-13
34
-145
145
-9
14
-31
54
-36
-95
131
-131
71
-70
73
-20
-116
144
45
-142
74
142
-172
31
145
-89
-18
29
27
-36
-11
94
-133
75
-33
7
56
-126
156
-133
18
49
-130
101
-50
5
24
-75
35
27
-39
3
4
-8
40
-135
127
-47
-44
97
-83
36
-42
29
36
-97
71
12
4
15
-48
-23
69
-45
-49
165
-103
-14
44
0
-42
22
12
-80
77
-24
22
-3
46
-123
145
-64
-77
122
-98
6
58
-57
117
-46
-93
194
-143
34
20
-36
33
-45
107
-73
84
-4
-84
105
-45
-66
115
-21
-53
47
-21
57
-77
103
-64
38
-66
26
29
-116
220
-159
-4
45
-3
-103
114
71
-156
95
58
-98
-66
155
-82
-46
53
-23
1
38
-92
104
-54
-2
-11
-37
64
-164
167
-96
14
-2
10
-43
-31
13
-9
-15
72
-55
26
49
-47
50
-38
72
-87
9
2
-41
75
-25
-72
89
-34
-19
-32
169
-184
40
101
-201
135
-49
61
-86
22
129
-134
33
52
-16
-45
20
89
-111
59
71
-97
77
-58
31
27
-98
82
72
-132
8
123
-176
67
23
-80
58
-7
20
-45
40
10
-9
-39
31
-8
-22
15
-3
-10
45
-16
19
27
13
-58
143
-74
-126
272
-216
33
85
-114
102
-34
-3
44
-114
72
-8
-23
-6
41
9
-85
119
-70
-122
208
-123
5
91
-180
150
-91
15
-23
11
17
-37
34
-34
57
-35
34
16
-50
49
-2
-58
112
-107
68
1
2
14
-7
25
-113
149
-112
71
11
-68
86
-82
32
24
-31
12
-11
-3
-53
50
-15
-38
12
-50
35
2
17
-6
18
-23
-11
112
-132
79
7
-111
146
-96
17
50
-56
-76
138
-46
-47
99
-147
123
-37
-59
82
-79
31
-4
8
-9
47
35
-115
145
-72
32
12
-76
101
-37
-44
30
53
-111
27
58
-59
33
35
-33
54
-71
-23
86
-12
-74
118
-53
-71
82
-16
-44
30
44
-106
51
27
-73
82
-49
12
-16
-41
21
67
-96
65
-38
-29
106
-139
156
-109
59
-29
-41
119
-199
132
-35
-73
149
-130
32
86
-126
48
38
-21
-24
-18
67
-105
97
-13
-88
152
-90
-3
62
-44
3
9
-22
-7
34
-17
1
75
-82
84
-52
-66
147
-214
172
-5
-107
108
-7
-74
15
106
-227
169
-56
-56
95
-85
83
-85
26
43
-67
17
56
-71
28
34
-29
-11
79
-22
-92
170
-125
-20
128
-104
82
-32
77
-128
92
26
-126
155
-112
80
-30
-15
27
-41
71
-59
39
-6
-17
39
-26
31
-24
-37
110
-89
2
121
-152
90
-55
18
-25
31
37
-83
34
60
-62
-78
128
-73
-59
134
-122
57
-11
-28
36
-41
65
-108
109
-46
-18
63
-82
43
-95
158
-135
26
67
-91
75
-50
102
-107
40
31
-34
-52
97
-108
40
18
-38
5
-26
18
8
-14
-80
174
-174
32
53
10
-62
55
20
-76
118
-114
120
-94
74
0
-78
95
-65
82
-63
19
-13
-7
61
-90
107
-27
-66
105
-107
41
18
20
10
-76
118
-43
-27
32
-28
45
-106
110
-28
-63
82
-96
25
1
23
10
-74
22
47
-86
21
24
13
-35
-39
35
-20
26
-63
111
-26
-17
83
-102
104
-66
42
41
-67
107
-70
-13
-10
18
-4
-103
138
-114
60
-27
-4
8
-70
66
-53
79
-106
49
84
-92
27
29
-37
-20
27
-41
57
-51
71
-17
-43
89
-91
76
-64
14
8
16
3
-26
33
-78
87
-108
76
-26
-23
47
-18
-26
4
43
-77
40
38
-43
7
63
-93
49
-19
-17
75
-83
35
37
-27
24
43
-77
46
48
-77
11
99
-124
55
80
-138
108
-15
-34
57
-15
5
-32
40
-48
30
46
-91
110
-55
-6
56
-108
63
28
-92
90
-30
-29
26
-5
-17
20
23
-84
51
-29
-34
80
-74
25
11
-11
-20
11
1
-5
-47
62
-26
-49
83
-77
34
-25
15
22
-66
79
-19
2
0
-2
13
-27
25
3
-21
11
-14
32
-37
43
12
-36
52
-53
6
-31
10
-36
10
13
-22
-22
27
2
4
-8
-4
13
-6
3
11
3
-8
35
-17
25
-23
24
-42
40
-31
9
40
-72
33
38
-46
35
6
-62
68
-38
2
15
33
-62
48
-3
-34
99
-91
-9
60
-76
6
68
-27
-43
51
-33
-22
36
-31
5
11
-32
36
4
-23
88
-110
48
27
-47
25
12
-31
18
13
-21
12
25
-20
0
23
-27
3
16
-39
55
-15
-28
30
36
-51
21
43
-55
57
-30
11
11
9
-40
63
-14
-11
28
-36
13
25
-55
-5
28
4
11
-49
42
-14
-23
20
-10
13
-44
8
14
-58
37
-31
48
-24
26
-19
-29
103
-145
85
-8
-61
25
-27
46
-63
73
-11
-20
6
29
-37
10
23
-24
-24
67
-23
1
18
-29
27
-51
31
-5
-42
36
-12
-35
30
-7
-32
14
-22
-12
66
-61
71
4
-22
0
9
8
-67
39
-5
-36
30
29
-54
27
23
-28
-3
8
26
-27
26
-38
25
-4
-17
25
-26
-10
47
-28
-58
107
-55
23
10
-31
31
-1
-9
26
-1
-26
54
-19
-4
-2
51
-22
-16
24
-31
24
-46
31
41
-45
14
39
-33
-11
-8
12
-7
-35
51
-40
3
44
-9
-8
0
-3
22
-9
-27
55
-57
27
-36
21
37
-80
71
-73
37
8
-30
20
-16
36
-91
70
4
-36
65
-6
-32
16
13
-38
38
16
24
9
8
-11
9
3
-30
11
15
-37
34
-30
2
-9
-19
-5
15
6
-20
21
-43
44
-32
5
-53
37
-3
-36
69
-50
36
-67
67
-35
15
32
-39
79
-73
44
-14
-21
18
-25
32
16
-68
15
27
-30
18
-21
14
-13
-24
19
-12
-5
-33
69
-84
-5
54
-40
19
-32
59
-52
24
26
-45
40
-30
35
-27
4
17
-38
6
-10
33
6
-14
0
9
-3
-14
24
-3
-11
15
-25
24
-6
11
46
-38
8
-14
10
-7
27
-26
11
38
-37
37
-18
27
-26
27
-32
-6
77
-88
60
5
-15
40
-55
33
6
-8
-16
-9
59
-78
53
-29
2
6
-38
71
-61
46
-7
-7
-20
-16
34
-52
15
25
-37
12
-11
8
8
-29
28
-9
-1
-18
-19
30
-42
-6
43
-39
34
-19
25
5
-37
57
-24
25
-4
-8
23
-35
22
7
-14
43
-32
20
-7
0
5
13
-3
-45
67
-50
1
11
-13
17
-9
1
12
-24
23
9
-38
39
-33
28
-33
32
-3
-23
34
-14
-11
-26
31
-27
18
-12
-10
20
-31
8
-1
-10
-29
42
-47
18
15
-8
-2
9
7
-19
1
5
35
-39
41
-10
3
-19
-1
37
-26
12
2
-6
-14
-5
-11
20
-12
-9
-1
5
-10
5
3
7
3
-11
22
-2
9
-2
-17
5
29
-37
8
18
-31
8
-10
20
-8
-28
49
-4
-19
18
30
-51
25
10
5
9
-24
34
-29
2
15
-5
-3
3
14
-23
29
-7
7
-1
-10
21
-42
9
-4
1
-9
18
-4
-7
9
-17
4
-1
-14
17
-17
16
12
6
-14
3
7
-5
6
-26
19
-11
25
-24
23
25
-26
4
8
1
-22
16
1
-6
15
-6
1
1
-11
-4
-3
4
-25
18
-11
-11
2
-12
28
-36
-1
5
-19
1
1
0
17
-8
-6
-4
0
5
11
3
14
8
-21
15
-19
-7
-3
15
1
3
17
-5
-21
17
-20
-15
23
-2
-13
12
-6
-9
9
-16
19
-14
17
2
-2
1
10
-23
16
28
-46
40
-10
-15
8
8
-7
8
11
-18
17
-23
23
6
-34
32
-13
-8
1
11
-10
8
-7
5
5
-16
10
-6
4
-10
15
6
-13
5
12
-17
14
-4
-5
4
2
-2
5
-7
-5
9
-6
-15
7
12
-3
4
11
9
0
-16
7
0
-9
7
11
-4
-3
5
3
-4
-3
12
-3
-16
24
-4
-10
2
2
4
-9
-1
-15
14
-31
14
7
-21
27
-25
4
5
-1
-3
5
8
-10
-2
-1
5
-5
10
-16
13
-11
-4
20
-9
13
-4
-9
4
-9
-3
9
-9
-7
7
10
2
-3
-1
9
-9
0
8
-3
-1
5
-10
17
4
-3
16
-23
11
-10
-13
24
-3
-12
-3
6
-7
11
-7
-6
16
-19
4
18
1
-4
-2
4
0
-10
9
8
-4
3
-9
2
-1
0
3
-14
3
4
-16
9
1
3
0
-4
4
9
-6
1
8
-5
-4
9
-4
7
-8
-9
8
-8
-3
-4
0
3
-7
-2
14
-2
-15
-1
8
-8
-14
12
2
-12
-2
8
3
-13
11
0
-8
-1
10
-7
-2
10
-10
3
-1
4
0
5
4
-4
4
-8
5
-7
4
6
-1
-2
5
0
-2
5
3
5
-11
11
1
-5
8
-1
0
6
-2
0
7
-4
0
-4
-2
-4
4
0
5
2
0
-2
-1
-2
-7
-4
3
3
4
3
-4
1
-10
-1
4
-1
4
-1
2
-7
-3
-2
0
-3
3
5
4
1
-6
6
-5
-3
5
1
-2
5
-6
-2
-2
0
-2
-5
6
1
-3
-1
6
0
-2
6
-3
1
3
-9
6
-2
-10
9
-1
-9
14
1
-6
6
1
-1
3
-7
4
2
-3
1
8
0
-7
3
-2
4
-5
10
-5
2
0
1
6
-11
9
-4
-7
6
5
-7
4
2
-8
7
-1
-5
11
-10
-3
5
-1
1
0
3
1
-3
1
-1
1
-2
4
-5
5
0
-6
10
-12
4
2
-6
3
6
0
-4
1
1
-1
0
-3
6
0
-10
7
-8
3
1
-9
6
2
-4
2
3
-2
-2
1
-1
0
4
-1
5
-5
3
-1
1
-4
-2
2
-3
-2
3
0
2
-4
-5
7
-5
1
-1
1
-2
1
-4
2
2
-5
2
-2
2
1
1
0
4
-4
3
2
-4
8
-2
-3
3
-2
0
7
-7
4
2
-5
1
1
-4
2
-1
-4
7
-4
1
0
-3
2
2
-5
2
0
-1
-4
-3
4
-2
-2
4
1
0
3
-1
-1
5
-5
1
2
-1
1
-2
0
3
-3
-1
3
-1
-2
2
0
-1
1
-2
1
1
1
0
2
2
1
0
0
2
-1
1
1
1
-1
-2
1
-2
-1
0
2
-2
2
1
-2
1
-1
-1
0
-1
0
1
0
1
-1
2
0
0
-2
1
-2
-1
1
-2
3
-3
1
-1
0
1
-2
1
0
2
-3
3
2
-1
2
0
0
-1
0
0
2
-2
1
2
-1
-1
-1
0
-1
1
-2
1
1
-1
0
1
0
-2
2
-1
2
-1
1
1
1
-1
-1
-1
-2
1
-3
1
0
0
-4
4
-2
-2
0
0
-1
-2
2
-1
1
-1
2
0
-2
1
-2
0
0
1
0
0
2
-1
1
-1
1
-2
0
1
-1
0
0
0
0
-1
0
0
0
-2
-1
1
1
-1
1
1
0
-2
2
1
-3
2
-1
3
-2
1
1
0
-1
0
-1
-1
0
-1
1
-1
1
-1
1
-1
3
-3
1
2
0
0
0
1
0
-1
0
0
-2
1
-1
0
0
2
-2
2
0
-2
0
-2
2
-4
2
1
-1
1
1
0
0
2
-1
1
0
1
0
-1
3
-2
0
0
0
-2
0
-1
0
1
-2
1
1
0
0
-1
-1
1
-1
-1
1
-1
0
0
1
0
-1
0
0
0
-2
2
-1
1
0
0
1
-1
2
-2
2
-1
1
-1
1
0
0
0
-1
0
-2
0
-1
1
-1
1
-1
0
-1
-1
2
-1
1
-1
0
0
0
0
1
0
-1
2
0
0
-1
1
-1
0
1
0
0
-1
2
-1
1
0
0
0
-1
1
-1
2
-1
2
0
1
0
0
0
-1
1
-1
1
-1
1
-1
1
0
0
0
0
0
0
0
0
0
0
1
0
-1
0
-1
0
1
0
1
-1
0
0
0
0
0
0
-1
-1
0
0
-1
0
0
0
0
0
0
0
0
-1
1
-1
1
0
-1
0
0
1
0
0
0
0
-1
0
-1
0
-1
0
1
0
1
