1
0
0
-1
0
0
0
0
0
0
0
0
-1
0
1
0
0
0
0
1
0
0
0
0
0
-1
0
0
-1
0
0
0
0
0
0
0
0
0
0
0
1
1
1
1
0
0
-1
1
0
0
0
0
0
0
0
0
0
0
0
0
1
0
0
1
0
1
0
0
1
0
0
0
0
1
0
0
-1
0
0
1
1
0
0
-1
0
-1
-1
0
0
0
1
1
0
-1
0
1
0
0
0
0
1
0
1
-1
0
1
0
0
0
-1
0
0
0
1
0
-1
0
-1
-1
0
0
1
0
0
0
1
1
0
0
1
1
-1
0
-1
0
0
0
1
0
0
0
0
-1
0
0
-1
0
0
-1
-1
1
0
0
0
0
-1
0
1
0
0
0
-1
1
0
1
0
1
-1
0
0
0
-1
0
0
0
0
0
0
0
0
0
0
0
0
0
0
0
0
0
1
0
0
0
0
1
0
0
0
0
0
0
0
0
0
0
0
0
0
0
0
0
0
0
0
0
1
0
0
0
0
-1
0
0
1
0
0
0
0
0
-1
0
0
0
0
0
0
-1
0
0
-1
0
0
0
-1
0
0
0
0
-1
0
0
0
0
0
0
0
0
0
0
0
0
0
0
0
-1
0
0
0
-1
0
-1
0
-1
0
0
0
0
1
0
0
0
0
-1
1
0
0
0
0
0
1
0
0
0
0
0
0
1
0
0
0
0
-1
0
-1
0
0
0
0
0
0
0
0
0
0
0
0
0
0
0
0
0
1
0
1
1
0
1
0
0
0
0
0
1
0
1
0
0
0
1
0
0
-1
0
0
1
0
-1
0
0
0
0
-1
-1
1
0
0
1
0
0
1
0
0
0
-1
1
0
0
0
0
0
0
-1
0
0
0
0
0
0
0
0
0
0
0
0
0
0
0
0
0
0
0
0
-1
0
-1
0
-1
0
0
0
0
0
-1
0
-1
1
0
0
0
0
0
-1
0
-1
0
-1
0
0
0
0
-1
0
-1
0
1
0
0
0
0
0
0
1
0
0
0
0
0
0
-1
0
0
0
0
0
0
0
0
1
0
1
1
0
0
0
0
0
0
0
0
0
0
1
0
1
0
0
0
0
0
0
0
1
0
0
0
1
0
1
1
0
0
0
0
-1
0
0
1
0
0
0
0
0
0
0
0
0
0
0
0
0
-1
0
0
0
0
0
0
0
0
0
-1
0
1
0
0
0
0
0
0
0
-1
1
0
0
0
1
0
1
0
0
0
0
0
0
0
-1
0
1
0
0
0
1
0
0
0
0
-1
1
0
0
0
1
1
0
0
0
0
0
0
0
-1
0
0
0
0
1
0
0
0
0
0
0
-1
-1
1
0
0
1
-1
0
-1
0
-1
1
0
1
0
0
0
-1
1
-1
-1
0
0
0
0
0
0
0
0
0
0
0
1
0
0
0
0
0
0
1
0
0
0
1
-1
1
0
0
0
0
1
0
-1
0
0
0
0
-1
0
0
0
1
0
1
1
0
0
-1
0
0
-1
0
1
-1
0
-1
0
1
0
0
1
0
0
0
-1
1
0
0
1
0
0
-1
0
0
0
0
-1
1
-2
0
-1
0
0
0
0
-1
0
0
1
-1
0
-1
0
0
0
1
0
1
0
0
0
0
0
0
0
0
0
0
0
0
-1
0
0
0
0
0
0
0
0
0
0
-1
0
1
0
0
1
0
0
0
1
0
0
0
0
0
-1
1
-1
0
-1
0
0
-1
0
0
0
0
-1
0
-1
0
-1
1
1
0
0
-1
0
0
-1
0
-1
0
1
0
0
1
-1
0
0
0
1
-1
0
1
-2
0
-1
-1
0
-1
0
1
-1
1
0
0
1
-1
0
0
0
0
-1
0
1
-1
1
0
0
2
-1
0
1
-1
1
0
-1
1
-1
1
0
-2
0
-1
0
2
-1
2
-1
0
0
-2
3
-3
2
-2
-1
2
0
-1
2
-3
2
0
-2
4
-3
1
0
1
-1
1
-1
-1
3
-2
3
0
-2
3
-4
2
-1
-1
5
-6
5
-3
0
5
-7
7
-6
4
-1
1
-2
0
1
-1
2
-3
2
-1
0
0
1
-3
4
-1
-1
4
-4
1
3
-4
2
0
-3
6
-3
0
1
-3
2
0
-2
-2
4
-6
6
-2
-3
4
-3
0
2
-3
0
5
-5
5
-2
-1
3
-2
1
-2
0
2
-1
4
-6
4
-4
4
-2
-1
2
-1
-1
6
-8
6
-1
-4
6
-6
1
1
2
-4
9
-12
9
-3
-4
6
-7
2
6
-9
9
-4
-4
9
-12
9
-5
-1
8
-11
13
-11
3
6
-11
9
-3
-7
13
-11
5
3
-9
9
-7
1
0
0
-2
3
1
-4
8
-5
-1
4
-9
7
-7
11
-18
21
-16
3
14
-29
33
-32
22
-9
-6
19
-25
22
-12
-4
10
-10
9
-7
8
-6
0
8
-12
7
0
-4
1
8
-13
9
0
-9
13
-7
0
2
4
-12
17
-10
-3
16
-22
16
-5
-3
5
-1
1
-6
15
-19
15
-4
-8
12
-9
3
1
-1
-1
0
3
-6
9
-3
-4
12
-13
7
0
-3
1
9
-11
7
3
-15
23
-19
11
-5
0
1
2
-3
-1
2
-4
12
-13
17
-20
15
-5
-4
5
-5
-3
16
-12
2
9
-23
22
-14
-2
17
-13
7
6
-18
17
-16
6
1
-1
8
-7
9
-13
8
-6
8
-10
14
-13
12
-5
-1
-2
-6
4
0
11
-9
8
-11
6
-9
8
-12
15
-6
2
7
-6
-8
15
-18
6
9
-11
8
3
-8
2
14
-31
39
-41
25
-1
-17
27
-22
14
-6
7
-22
25
-28
31
-15
1
21
-38
38
-32
11
3
-5
5
11
-20
12
6
-24
27
-32
24
-14
12
4
-12
22
-24
10
-3
-14
18
-1
-5
20
-25
7
10
-32
32
-17
-6
32
-27
26
-12
-9
-1
4
-19
26
-8
1
32
-35
21
-26
1
3
-6
17
2
5
-1
-1
-26
26
-38
42
-13
-10
61
-89
77
-43
-38
74
-72
45
22
-44
52
-38
-1
10
-19
2
9
-6
18
-4
3
13
-30
23
-34
17
1
-9
32
-27
19
-14
-2
12
-23
26
-15
-2
14
-18
8
18
-34
25
-1
-37
70
-75
56
-23
-28
71
-92
89
-54
11
25
-56
64
-49
21
3
-10
3
12
-30
25
-8
-9
37
-44
41
-27
7
4
-26
29
-34
26
2
-8
24
-22
14
-5
-9
-10
8
-18
38
-24
20
0
-8
15
-30
16
-35
43
-44
41
3
-9
12
-7
-12
-5
6
-13
21
-14
19
-12
8
-2
-10
13
11
-35
31
-29
-1
29
-46
53
-22
11
12
-25
20
-35
14
-23
28
-12
23
4
-14
27
-52
39
-42
20
-9
2
33
-14
8
-14
-15
24
-25
17
2
-18
23
-19
14
-14
12
-13
15
4
-17
16
-4
-16
13
-12
14
-6
0
12
-21
37
-43
45
-41
25
-19
-2
19
-31
46
-41
45
-25
-4
14
-30
15
-2
18
-3
13
-33
2
6
-27
47
-26
23
6
-28
28
-25
-3
5
-9
14
2
-17
17
-1
4
17
-35
13
-7
-5
15
-8
-16
35
-27
-7
46
-58
50
-5
-26
30
-37
14
-3
-5
3
6
-7
29
-13
-8
31
-77
71
-50
26
15
-28
44
-39
32
-53
30
-26
10
21
7
-1
4
-13
-6
2
-39
45
-43
47
5
-16
41
-40
-1
5
-28
5
7
3
36
-7
-7
-6
-24
-3
13
-18
53
-23
17
-16
-4
3
-33
31
-28
35
24
-21
13
-10
-49
30
-29
21
12
41
-23
21
-4
-75
58
-70
11
60
-46
71
-7
-54
91
-124
71
-38
-37
108
-123
116
-73
35
37
-70
69
-73
25
-6
-16
46
-35
18
18
-28
24
-16
-10
19
-23
35
-18
-26
52
-53
48
-28
-13
28
-9
-9
29
-23
2
23
-59
70
-74
37
17
-49
83
-76
69
-49
-6
31
-64
83
-81
68
-40
22
3
-22
31
-39
34
-21
-1
7
-12
43
-49
62
-55
3
19
-51
62
-39
29
5
-31
38
-28
29
-15
-25
-1
-8
21
1
25
-37
62
-49
25
-12
-27
9
-30
24
9
7
25
1
-19
17
-45
29
-50
54
-58
52
-2
-4
41
-70
84
-75
52
-60
24
-52
33
14
-2
74
-69
65
-70
2
-27
-9
38
0
18
-3
9
-26
32
-63
36
-26
22
26
-26
45
-70
40
-41
10
2
41
-13
32
-61
15
-38
41
2
-4
39
-63
83
-106
87
-75
56
-22
-28
34
-41
79
-61
77
-70
7
16
-23
39
-26
-24
2
10
-28
72
-36
35
20
-46
31
-53
-2
-27
31
-2
34
12
-5
8
-25
-11
3
-32
48
-17
20
12
-57
35
-39
52
-17
22
-31
26
-18
2
-12
0
-15
43
-32
30
-4
-25
37
-19
-22
29
-20
-21
62
-63
57
-22
-14
21
-21
31
-29
-4
24
-76
99
-86
94
-31
-22
60
-111
89
-62
43
-13
-3
6
-12
11
-26
55
-60
77
-54
8
20
-40
17
0
-11
0
12
-11
32
-15
-9
22
-6
-21
30
-41
13
8
-30
38
-6
-17
36
-32
43
-40
0
11
-39
44
-26
36
13
-36
3
-6
-31
48
-14
4
31
-29
14
-33
-15
30
-6
15
-6
12
-7
0
-4
-2
-11
10
-9
4
16
-37
71
-73
35
9
-28
23
9
-47
60
-60
19
22
-53
88
-90
85
-41
2
7
-14
-18
24
-26
11
23
-22
13
20
-19
15
-23
-10
3
12
-20
41
-45
24
16
-24
40
-44
24
-31
16
-15
12
8
-2
4
-17
30
-20
39
-51
24
-12
-33
27
-26
31
4
18
8
20
-49
-3
-57
26
-4
42
-3
38
-4
-47
28
-32
-15
-3
18
-17
78
-44
44
-54
7
-27
-17
23
10
36
-2
29
-45
4
-55
6
7
11
45
2
-1
2
-51
22
-36
22
34
-23
66
-58
11
-22
-25
11
-13
36
6
36
-8
-10
-12
-45
23
-14
12
12
-5
12
-8
32
-42
32
-15
-21
23
-30
8
4
-4
28
12
-16
17
6
-54
32
-48
11
20
-19
39
7
16
16
-4
-34
-20
-47
-10
20
15
30
45
6
3
5
-58
1
-43
0
12
7
24
30
-2
5
-23
-29
3
-21
40
4
33
-29
-8
-53
23
19
12
42
-9
8
-58
7
-58
37
-19
51
72
-60
85
-126
40
-67
8
21
-16
85
-40
67
-76
15
-47
20
-5
45
12
-3
23
-88
40
-90
54
1
10
82
-33
25
-23
-66
21
-28
29
30
-15
48
-54
-5
0
-61
85
-41
31
39
-27
12
-40
-15
-5
2
21
52
-47
62
-85
22
-31
-7
33
-19
51
-23
32
-18
10
-38
-15
-39
36
11
26
51
-26
11
-26
-31
6
-38
8
11
9
1
32
-13
36
7
-29
20
-88
43
-59
31
-19
30
44
25
32
-42
8
-84
-3
-13
3
78
-12
65
-25
-32
-31
-55
17
-13
68
41
7
42
-86
-24
-46
-54
55
10
65
53
24
-13
-31
-60
-42
-24
10
25
72
1
62
-55
-21
-27
-46
19
-26
41
42
18
1
3
-67
14
-39
2
22
-1
40
25
-2
-7
12
-63
35
-53
-17
58
-60
134
-50
40
-54
-32
-7
-40
55
-22
62
-29
58
-57
26
-35
-23
31
-39
29
20
-6
31
-8
-14
32
-74
77
-50
-19
33
-55
44
-11
-18
38
-30
37
-1
10
0
0
-21
-7
-42
-10
5
17
55
-11
63
-36
23
-46
-14
-6
-60
62
-39
56
-6
-1
20
-1
14
-30
-17
-17
-25
23
20
12
24
-13
16
-23
-18
16
-21
10
14
-20
8
-13
-7
53
2
26
-11
-29
-20
-19
-5
-22
-1
4
43
23
15
2
19
-59
74
-106
76
-47
-7
34
-70
37
-42
24
21
25
-14
34
-37
14
8
-62
60
-118
64
-1
2
98
-47
88
-33
-31
12
-31
-113
111
-88
58
78
-118
159
-158
58
-48
-84
102
-73
111
-11
4
5
-30
-19
49
6
25
45
-58
24
-70
-17
-17
20
20
37
3
12
-64
-38
-71
44
-2
110
73
11
36
-51
-103
-21
-83
29
121
-18
147
-80
-46
-74
-101
-32
53
5
142
17
47
21
-79
35
-154
57
-81
32
73
-14
99
-62
39
-38
-7
29
-75
84
-65
15
-63
-30
25
25
98
-24
48
-89
22
-56
-35
47
-127
112
-80
64
69
-13
143
-74
83
-100
107
-163
120
-167
50
-56
-82
85
-65
88
12
68
73
-28
30
-71
-121
-37
-210
34
-74
18
245
98
285
177
-13
-5
-259
-239
-174
-103
63
190
177
84
114
-151
-14
-52
-91
79
-91
-52
-69
-70
-31
-11
93
50
125
45
11
61
-118
1
-128
-112
2
8
126
165
105
76
-34
-71
-47
-35
15
-86
21
-82
18
31
1
19
-12
39
-95
43
-178
-33
-67
21
136
181
100
131
38
-72
17
-136
-39
-133
-111
5
-9
79
89
22
12
-23
-40
-1
-16
-24
51
-71
30
1
-30
10
-14
13
111
-13
150
-43
103
-115
7
-88
-142
80
-59
178
18
-13
-38
-156
-35
-122
3
91
55
140
73
-15
1
-64
-53
25
-148
79
-14
88
131
43
42
-28
-84
24
-104
3
-38
-143
-28
-108
-23
78
36
144
10
121
-27
36
58
-94
10
-101
-60
-38
49
3
122
-1
-18
-27
-19
-10
-4
-5
-11
-82
32
5
-49
220
-73
164
45
-19
28
-72
-60
4
-132
-2
-58
-43
110
-94
81
-31
-45
75
-12
65
75
-24
73
-127
-16
-118
-53
46
-5
78
190
-6
176
-34
-61
56
-250
113
-278
24
-65
-96
235
-100
235
32
111
39
-68
4
-228
31
-170
-16
-34
-74
162
103
98
118
-77
-59
-129
-49
-91
129
-120
234
-28
92
58
-59
137
-127
66
-142
-39
-68
-23
114
28
119
102
19
116
-93
-116
-151
-205
-103
62
-26
127
49
-89
129
-110
-32
3
-163
40
-120
72
124
43
247
17
100
-45
24
-20
54
-8
79
14
10
84
-137
21
-155
-51
-94
-40
-103
-22
-34
-21
19
9
57
44
170
-112
166
-144
-35
-39
-125
91
25
38
11
-5
-180
72
-93
152
115
135
289
28
233
35
-13
12
-200
-84
-174
-13
-190
-16
-228
-214
-149
-190
-9
-93
131
-34
213
70
195
171
111
248
61
182
16
20
-50
-1
-91
23
-19
-45
47
-75
12
-243
-134
-289
-327
-65
-175
73
163
-7
243
-32
100
99
109
194
240
159
194
87
22
-46
-21
-137
13
-225
-53
-223
-36
-17
-61
155
-241
55
-241
-61
-185
-13
-18
122
192
224
193
242
-12
88
-105
-160
-121
-202
4
-77
181
-56
186
-87
119
-11
-58
97
-190
48
-176
-29
-129
14
19
56
174
28
62
77
-72
37
68
-23
135
-127
86
-59
-1
97
52
131
56
44
-106
-78
-236
-113
-212
-100
-102
-92
67
-112
28
-121
-79
-1
53
243
233
225
131
68
-13
33
-1
105
46
173
93
97
90
-8
-3
-200
-108
-229
-181
-190
-59
-169
-1
-114
-22
-48
-30
28
-49
78
-151
166
-73
156
179
110
325
73
230
53
-27
36
-137
25
-242
-112
-229
-162
-152
-205
4
-76
54
98
28
106
-66
22
-91
63
149
162
367
139
241
71
11
-146
-5
-102
3
64
-111
-13
-247
-106
-272
-110
-139
-131
96
-127
146
-6
16
-13
-34
18
131
145
210
259
228
290
104
294
-1
61
6
-153
-56
-261
-195
-311
-199
-261
-159
-148
-88
-19
110
170
134
240
49
-66
52
-199
30
-73
16
21
-36
80
-110
85
-56
172
-1
225
60
85
130
-162
12
-251
-189
-212
-151
-51
-21
131
76
116
98
78
89
37
108
33
78
16
-64
-50
-44
-16
0
90
-60
-13
-61
-136
-118
-144
-122
-88
81
118
83
200
-28
23
-105
-5
7
96
262
219
360
99
114
-76
-152
-249
-185
-155
-77
65
13
39
-80
-187
-203
-318
-190
-248
-16
15
196
270
258
301
15
198
-107
69
-101
93
-68
27
-25
-46
96
-41
221
51
161
47
-14
17
-116
-90
-41
-220
9
-184
9
-20
-65
9
-131
-40
-108
-113
8
-46
41
55
68
128
119
91
166
43
41
53
-29
97
-34
75
32
43
97
82
132
21
-6
25
-195
-35
-164
-52
-62
-94
-11
-170
-45
-112
10
-12
118
67
125
57
55
-48
-48
-77
-179
-56
-153
-56
17
27
85
66
61
9
48
15
29
113
-26
133
-43
34
9
-75
92
20
83
-3
-39
-55
-133
-82
-80
-61
-3
-11
71
26
64
-33
30
-25
49
27
24
65
-51
58
-127
-16
-100
-66
-23
-76
13
-37
-12
34
-69
15
-82
-39
52
-15
146
27
110
58
19
59
-12
42
19
-32
37
-46
0
-23
-22
50
-4
106
30
68
5
-13
-41
-61
-53
-55
-42
-64
-53
-52
-44
-33
-25
15
50
64
73
17
47
-66
-18
-80
-104
-88
-111
-29
-10
81
55
125
127
81
116
30
19
-9
-46
-56
-36
-52
-7
21
3
82
61
108
150
123
148
92
21
7
-71
-38
-58
-18
-20
26
64
52
128
74
87
87
3
38
-46
-38
-63
-119
-53
-83
-45
-119
-95
-190
-141
-199
-223
-215
-263
-176
-196
-104
-62
2
89
97
155
110
111
95
124
83
106
113
66
116
15
42
-44
-38
-45
-30
-6
35
37
49
21
-50
-34
-133
-71
-158
-113
-135
-165
-111
-160
-87
-127
-80
-101
-89
-127
-120
-111
-132
-84
-67
-26
-6
4
36
38
61
79
67
99
60
77
96
80
69
56
36
61
28
37
30
10
52
61
128
183
190
243
214
235
239
169
188
120
133
136
123
155
121
129
134
117
136
140
159
178
166
220
222
270
252
291
304
299
348
311
335
278
263
256
221
188
145
80
36
-32
-84
-172
-254
-324
-419
-443
-539
-565
-647
-716
-756
-833
-855
-891
-912
-919
-940
-926
-887
-864
-781
-742
-682
-571
-475
-325
-217
-106
60
168
302
402
435
491
461
447
378
280
149
-9
-187
-356
-521
-673
-780
-846
-849
-794
-697
-523
-281
-5
327
628
947
1243
1539
1824
2022
2157
2210
2182
2161
2046
1921
1718
1465
1238
1006
827
636
438
245
91
1
-62
-121
-218
-289
-328
-335
-323
-366
-410
-479
-499
-506
-527
-534
-558
-514
-477
-390
-309
-232
-132
-58
14
57
61
18
-58
-199
-353
-594
-881
-1176
-1504
-1779
-2152
-2493
-2870
-3164
-3351
-3509
-3523
-3615
-3539
-3279
-2891
-2221
-1658
-953
-244
572
1517
2418
3209
3807
4266
4615
4945
5047
4982
4594
4146
3618
3119
2531
1869
1152
481
-91
-553
-985
-1368
-1685
-1900
-2007
-2108
-2121
-2132
-2054
-1962
-1833
-1676
-1446
-1160
-811
-410
-6
437
916
1423
1934
2357
2743
2995
3226
3380
3396
3291
3020
2717
2364
1971
1496
1001
504
45
-354
-703
-1015
-1285
-1482
-1595
-1624
-1578
-1563
-1523
-1536
-1477
-1484
-1513
-1642
-1884
-2119
-2428
-2725
-3112
-3544
-4067
-4572
-5037
-5304
-5588
-5765
-5926
-5995
-5673
-5199
-4226
-3374
-2316
-1181
264
1928
3559
4978
6115
7052
7798
8534
8770
8746
8099
7420
6517
5641
4570
3300
2084
884
-107
-977
-1776
-2432
-2892
-3067
-3132
-3203
-3212
-3143
-2995
-2828
-2689
-2532
-2362
-2079
-1674
-1232
-608
-70
656
1498
2507
3533
4461
5228
5966
6576
6965
7075
6838
6377
5649
4806
3750
2691
1571
546
-357
-1149
-1776
-2297
-2656
-2875
-2911
-2921
-2860
-2794
-2706
-2531
-2450
-2425
-2547
-2772
-3076
-3487
-4080
-4648
-5322
-6060
-6855
-7602
-8180
-8591
-8887
-9074
-9144
-8980
-8196
-7199
-5561
-4147
-2547
-842
1236
3566
5721
7502
8862
9956
10826
11630
11832
11552
10415
9288
8004
6887
5399
3724
2026
456
-737
-1801
-2795
-3598
-4163
-4357
-4266
-4176
-3970
-3706
-3414
-3139
-2882
-2642
-2416
-2135
-1726
-1299
-802
-293
428
1364
2463
3584
4621
5649
6840
7860
8614
8987
9004
8792
8431
7671
6570
5219
3789
2537
1397
287
-743
-1663
-2389
-2740
-2954
-3015
-3181
-3298
-3284
-3127
-2991
-3101
-3370
-3701
-4077
-4520
-5110
-5841
-6580
-7482
-8356
-9198
-9858
-10388
-10703
-10934
-10762
-10621
-9887
-8723
-7073
-5001
-3324
-1191
873
3482
5806
8064
9605
10916
11737
12583
12990
12849
11883
10407
9005
7480
6110
4294
2460
596
-906
-2053
-3012
-3911
-4588
-4981
-4923
-4668
-4407
-4126
-3828
-3457
-3119
-2799
-2481
-2271
-1901
-1608
-1039
-581
-42
604
1586
2694
3740
4855
5870
7070
8060
8857
9228
9422
9313
8902
8128
7063
5911
4597
3368
2123
901
-227
-1107
-1776
-2166
-2460
-2694
-2857
-2934
-2915
-2811
-2864
-3075
-3434
-3860
-4295
-4904
-5592
-6462
-7317
-8306
-9199
-10097
-10792
-11392
-11709
-11943
-11712
-11454
-10726
-9537
-7966
-5758
-3896
-1610
547
3240
5788
8154
9884
11331
12209
13060
13530
13427
12573
11100
9735
8285
6941
5094
3266
1416
-120
-1296
-2271
-3154
-3853
-4352
-4407
-4315
-4244
-4236
-4109
-3929
-3724
-3618
-3499
-3490
-3297
-2949
-2360
-1838
-1287
-456
714
2174
3563
4914
6178
7510
8757
9808
10480
10763
10608
10176
9404
8456
7281
5889
4355
2869
1567
464
-485
-1268
-1929
-2478
-2835
-3111
-3245
-3388
-3608
-3909
-4259
-4682
-5131
-5741
-6404
-7311
-8208
-9123
-10006
-10838
-11724
-12363
-12782
-12929
-12826
-12448
-11928
-10731
-9247
-6863
-4503
-2068
456
3088
6052
8733
11022
12634
13819
14524
15135
15087
14423
12902
11258
9553
7928
6037
3832
1791
-55
-1518
-2677
-3805
-4700
-5346
-5559
-5472
-5403
-5348
-5253
-5006
-4747
-4507
-4390
-4333
-4252
-3878
-3265
-2609
-2010
-1253
-185
1444
3027
4625
5994
7447
8893
10174
11121
11674
11749
11407
10749
9836
8754
7347
5772
4088
2660
1356
340
-521
-1255
-1945
-2472
-2832
-2954
-3102
-3293
-3591
-3998
-4416
-4935
-5476
-6202
-7203
-8294
-9341
-10285
-11330
-12343
-13207
-13740
-13991
-14076
-13862
-13302
-12049
-10431
-8008
-5562
-2873
-77
2891
6128
9033
11369
13153
14523
15513
16252
16078
15334
13704
12140
10377
8669
6459
4049
1808
-96
-1496
-2807
-4054
-5148
-5790
-5921
-5694
-5673
-5604
-5592
-5276
-4938
-4580
-4449
-4442
-4294
-3950
-3274
-2524
-1882
-1133
-62
1354
3055
4639
6213
7691
9136
10419
11340
12009
12204
11860
11099
10002
8723
7330
5717
3936
2128
588
-623
-1522
-2223
-2872
-3433
-3814
-3845
-3659
-3530
-3635
-4030
-4317
-4611
-4949
-5580
-6575
-7705
-8866
-9893
-10945
-11948
-12910
-13490
-13938
-13965
-13871
-13188
-11771
-9957
-7415
-5182
-2430
542
3902
7180
9967
12075
13860
15092
16250
16694
16309
14981
13096
11506
9579
7761
5237
2708
435
-1326
-2573
-3688
-4940
-5836
-6308
-6083
-5713
-5587
-5540
-5386
-5064
-4738
-4413
-4290
-4264
-4102
-3717
-2994
-2272
-1600
-785
370
2057
3639
5209
6727
8186
9657
10798
11553
11960
11866
11458
10561
9301
7866
6248
4627
2890
1253
-290
-1432
-2184
-2714
-3030
-3435
-3595
-3423
-3106
-2780
-2823
-3101
-3386
-3706
-4184
-4979
-6207
-7544
-8865
-10136
-11395
-12628
-13538
-14222
-14540
-14659
-14363
-13108
-11356
-8855
-6446
-3917
-888
2357
5886
9094
11481
13272
14577
15736
16604
16402
15389
13428
11716
9822
8056
5747
3123
756
-1236
-2482
-3510
-4589
-5515
-5960
-5814
-5202
-4928
-4759
-4651
-4384
-4048
-3773
-3678
-3762
-3777
-3664
-3239
-2647
-2149
-1448
-513
947
2683
4219
5776
7288
8868
10155
11013
11463
11446
11095
10361
9098
7580
5894
4299
2642
941
-504
-1731
-2393
-2800
-2944
-3002
-3010
-2779
-2393
-1893
-1586
-1714
-2098
-2511
-3047
-3870
-5119
-6647
-8298
-9908
-11363
-12661
-13779
-14734
-15155
-15448
-14929
-13693
-11702
-9003
-6635
-3693
-516
3001
6665
9686
12007
13762
14863
16102
16508
16157
14603
12652
10713
8850
6957
4291
1763
-527
-2106
-3160
-4141
-5077
-5603
-5718
-5042
-4316
-3804
-3557
-3336
-2923
-2499
-2301
-2464
-2673
-2847
-2713
-2371
-2037
-1665
-1079
-17
1384
2931
4305
5788
7297
8595
9633
10177
10279
10096
9422
8457
7075
5421
3732
2153
733
-637
-1834
-2784
-3242
-3368
-3219
-2897
-2586
-2204
-1618
-1041
-685
-753
-1131
-1609
-2340
-3390
-4849
-6549
-8290
-10006
-11534
-12976
-14141
-14980
-15623
-15257
-14291
-12547
-10147
-7798
-4709
-1426
2132
5748
8817
11409
13314
14666
15829
16188
15982
14610
12895
10913
8950
6956
4372
1910
-428
-2163
-3284
-4293
-5166
-5706
-5761
-5010
-4283
-3675
-3243
-2779
-2313
-1969
-1874
-1980
-2271
-2597
-2700
-2543
-2382
-2269
-1908
-1002
331
1732
3167
4615
6274
7783
9008
9846
10177
10112
9666
8833
7769
6333
4698
3030
1379
7
-1159
-2071
-2802
-3211
-3313
-3119
-2733
-2286
-1783
-1356
-1098
-1045
-1173
-1503
-2144
-3245
-4731
-6303
-7936
-9614
-11229
-12742
-13998
-14892
-15598
-15175
-14097
-12336
-10009
-7765
-4556
-1072
2655
6295
9120
11621
13509
14917
16062
16186
15637
14000
12302
10431
8436
6236
3639
1277
-823
-2350
-3383
-4357
-5098
-5448
-5348
-4555
-3916
-3411
-3021
-2468
-2038
-1762
-1804
-2064
-2348
-2701
-2798
-2750
-2726
-2647
-2122
-1151
166
1682
3062
4715
6417
7835
9042
9794
10149
10123
9430
8552
7308
5906
4288
2539
928
-564
-1536
-2338
-2885
-3225
-3404
-3214
-2835
-2336
-1852
-1516
-1328
-1398
-1523
-1899
-2578
-3704
-5153
-6689
-8256
-9772
-11222
-12581
-13592
-14444
-14784
-14081
-12751
-10558
-8517
-6025
-2735
734
4587
7740
10336
12477
13886
15357
16016
15840
14545
12691
10999
9078
7135
4541
1998
-174
-1876
-3025
-4071
-4947
-5496
-5572
-4917
-4170
-3609
-3240
-2810
-2237
-1742
-1580
-1776
-2068
-2386
-2427
-2372
-2334
-2379
-2204
-1383
-229
1178
2454
3801
5484
6988
8324
9169
9632
9864
9486
8797
7653
6386
4911
3243
1697
173
-957
-1860
-2480
-2803
-2960
-2856
-2564
-2207
-1693
-1262
-994
-1003
-1283
-1747
-2337
-3371
-4761
-6472
-8136
-9670
-11101
-12454
-13582
-14449
-14990
-14453
-13352
-11357
-9098
-6900
-3779
-432
3290
6760
9336
11637
13145
14573
15569
15655
14829
13010
11345
9573
7821
5631
3104
996
-837
-2010
-2837
-3721
-4328
-4645
-4256
-3488
-2907
-2716
-2650
-2422
-2140
-1897
-2172
-2630
-3108
-3345
-3204
-3065
-3007
-2888
-2262
-1052
375
1868
3119
4646
6288
7632
8744
9195
9422
9249
8575
7669
6360
5023
3430
1974
500
-721
-1510
-2094
-2306
-2408
-2353
-2116
-1717
-1158
-699
-506
-554
-968
-1502
-2188
-3303
-4887
-6773
-8640
-10314
-11811
-13222
-14398
-15295
-15773
-15224
-13905
-11742
-9274
-6824
-3576
-104
3749
7361
10092
12462
13949
15178
15986
16068
15205
13329
11404
9493
7778
5670
3280
1142
-620
-1762
-2493
-3206
-3708
-3990
-3768
-3140
-2599
-2424
-2501
-2588
-2566
-2578
-2906
-3364
-3999
-4293
-4283
-3953
-3633
-3323
-2475
-1260
420
2002
3368
5082
6509
7875
8849
9148
9382
8987
8285
7170
5822
4458
2998
1737
374
-645
-1391
-1847
-1882
-1856
-1600
-1311
-986
-471
-99
216
85
-443
-1216
-2089
-3198
-4902
-6828
-8911
-10777
-12341
-13838
-14986
-15907
-16312
-15670
-14212
-11744
-9338
-6664
-3301
371
4483
7785
10472
12745
14321
15582
16124
15914
14695
12870
10945
9051
7210
4882
2548
584
-808
-1643
-2392
-3073
-3455
-3394
-2956
-2347
-2013
-1995
-1894
-1985
-2006
-2231
-2744
-3353
-4014
-4243
-4219
-4006
-3788
-3412
-2305
-967
777
2255
3573
5241
6549
7842
8403
8575
8471
7797
7063
5849
4529
3156
1895
890
-187
-861
-1349
-1485
-1285
-1137
-753
-437
-110
297
608
645
246
-467
-1421
-2382
-3713
-5468
-7498
-9449
-11140
-12690
-14012
-15206
-16056
-15888
-15101
-13151
-10909
-8642
-5424
-2216
1883
5465
8264
10899
12718
14339
15248
15406
14733
13190
11429
9589
7875
5846
3533
1539
-87
-953
-1623
-2267
-2676
-2686
-2240
-1560
-949
-763
-556
-653
-619
-834
-1299
-1854
-2633
-3121
-3451
-3504
-3548
-3327
-2698
-1750
-317
908
2247
3674
4869
6157
6709
6996
6932
6602
6068
5018
3888
2632
1735
792
25
-562
-1067
-1047
-848
-517
-161
67
425
727
991
907
494
-180
-1013
-2001
-3432
-5001
-6831
-8594
-10175
-11740
-13112
-14501
-15209
-14947
-14084
-12310
-10927
-8510
-5631
-2348
1528
4246
7102
9245
11177
12821
13579
13615
12642
11319
9845
8279
6570
4273
2245
545
-712
-1392
-2179
-2592
-2764
-2372
-1651
-813
-305
131
516
729
957
760
455
-14
-546
-907
-1082
-1258
-1253
-1142
-720
69
910
1887
2755
3589
4399
4813
5061
4876
4461
3875
3003
2086
1039
261
-499
-1083
-1503
-1656
-1484
-1294
-813
-315
192
643
944
1183
1238
1087
523
-225
-1139
-2340
-3731
-5264
-6777
-8160
-9517
-10777
-12104
-12638
-12484
-11658
-10193
-9230
-7292
-5082
-2089
1090
3366
5540
7121
8787
10206
11002
10849
9916
8641
7378
6219
4716
2732
825
-815
-1743
-2315
-2905
-3377
-3550
-3076
-2132
-1095
-546
130
663
1354
1859
1975
2107
1986
1904
1993
2069
2069
2184
2435
2923
3446
3858
4183
4416
4720
4771
4372
3747
2824
1941
978
-130
-1385
-2490
-3149
-3523
-3676
-3711
-3356
-2738
-1969
-1080
-343
425
1006
1435
1699
1619
1205
503
-299
-1327
-2617
-4138
-5599
-6843
-7957
-8913
-9948
-10751
-10506
-9904
-8310
-7023
-5699
-3619
-1608
1399
3621
5376
6563
7462
8437
8950
8939
7973
6682
5308
4069
2858
1384
-229
-1670
-2804
-3393
-3912
-4227
-4376
-4189
-3772
-2965
-2300
-1650
-809
-242
480
930
1423
1929
2450
3061
3663
4239
4888
5629
6396
7095
7704
8039
8124
7946
7479
6687
5542
4122
2510
888
-810
-2496
-4005
-5012
-5609
-5942
-6119
-5774
-4922
-3895
-2780
-1869
-976
9
916
1516
1600
1270
651
13
-871
-2165
-3620
-5162
-6395
-7410
-8281
-9208
-9873
-9674
-8900
-7182
-5645
-4015
-2067
26
2937
5151
6821
7811
8483
9156
9453
9016
7708
6105
4453
3002
1557
-160
-1883
-3364
-4440
-5080
-5734
-6220
-6410
-6075
-5582
-4875
-4364
-3768
-2950
-2148
-1307
-666
-6
783
1706
2748
3854
5104
6433
7414
8778
9610
10703
11323
11349
11309
10471
9610
8027
6253
4220
2134
-100
-2265
-4049
-5545
-6540
-7214
-7559
-7303
-6823
-5879
-4761
-3760
-2712
-1789
-762
126
718
469
68
-587
-1331
-2221
-3464
-4838
-6182
-7212
-7940
-8663
-8912
-8787
-7726
-5977
-4471
-2249
-578
2058
4628
6685
8247
8910
9671
10004
10157
9291
7842
5977
4263
2831
1125
-864
-2752
-4424
-5336
-6126
-7002
-7721
-8108
-7791
-7141
-6504
-6284
-5751
-5074
-3993
-2982
-2219
-1444
-473
766
2254
3912
5427
6816
8263
9603
10993
11997
12492
12697
12321
11773
10608
9074
7273
5340
3172
966
-1082
-2874
-4184
-5241
-6191
-6831
-7073
-6796
-6099
-5364
-4721
-4090
-3310
-2376
-1346
-856
-810
-1095
-1561
-1917
-2404
-3263
-4312
-5609
-6537
-7456
-7677
-7589
-7080
-5784
-4918
-2831
-1114
1490
3956
5868
7622
8598
9657
10222
10595
9872
8650
6906
5428
4089
2531
503
-1595
-3381
-4509
-5306
-6235
-7227
-7993
-8188
-7722
-7187
-7034
-6702
-6437
-5521
-4612
-3778
-3006
-2170
-1040
492
2186
3776
5193
6613
8006
9530
10597
11316
11610
11528
11123
10270
9203
7695
6184
4335
2619
967
-445
-1687
-2818
-3803
-4523
-5051
-5325
-5355
-5224
-4934
-4673
-4278
-3735
-3077
-2531
-2285
-2240
-2305
-2364
-2527
-2892
-3499
-4302
-5158
-6156
-6286
-6373
-5417
-4818
-4069
-2482
-1020
1576
3330
5118
6325
7315
8099
8662
8863
8233
7242
5776
4559
3439
2212
817
-647
-2087
-3075
-3956
-4724
-5472
-5990
-6426
-6366
-6407
-6291
-6057
-5761
-5120
-4548
-3716
-2926
-1820
-565
902
2357
3588
4678
5817
6882
7761
8168
8277
8248
8087
7699
6999
6082
5131
4201
3216
2273
1293
405
-446
-1200
-1913
-2555
-3267
-3834
-4222
-4284
-4127
-4109
-4145
-3988
-3532
-2958
-2555
-2614
-2664
-2644
-2560
-2582
-2991
-3722
-4332
-4258
-3979
-2815
-2308
-1532
-361
934
3091
4357
5618
6123
6665
6854
6936
6517
5571
4420
3027
1833
740
-222
-1197
-1902
-2663
-3128
-3803
-4219
-4427
-4422
-4621
-4787
-5156
-5128
-4784
-4392
-3989
-3700
-3005
-1984
-554
878
2329
3555
4580
5678
6658
7273
7418
6799
6304
5834
5325
4544
3431
2383
1700
1314
872
351
-260
-678
-966
-1269
-1716
-2198
-2883
-3445
-3795
-3878
-3869
-3946
-3971
-3887
-3401
-2955
-2599
-2503
-2490
-2233
-2194
-2214
-2579
-3218
-3174
-2748
-1682
-411
149
1553
2655
4721
6315
7301
7839
7679
7626
7185
6666
5202
3608
1653
252
-1056
-2007
-3111
-3958
-4520
-4741
-4890
-5047
-5268
-5246
-5129
-4846
-4706
-4812
-4361
-3979
-3153
-2582
-1748
-566
959
2412
4114
5399
6533
7220
7747
8115
7987
7406
6175
5154
4195
3384
2223
1053
158
-315
-635
-928
-1484
-1981
-2386
-2708
-3085
-3584
-4166
-4722
-4992
-4919
-4733
-4688
-4488
-4157
-3575
-2828
-2525
-2362
-2232
-1977
-1565
-1673
-2012
-2771
-2490
-1823
-390
979
1597
3251
4575
7049
8728
9781
10018
9728
9317
8742
7942
6045
4097
1676
-32
-1524
-2568
-3792
-4662
-5420
-5826
-6077
-6441
-6672
-6853
-6986
-7019
-6985
-6974
-6353
-5703
-4620
-3542
-2008
-106
1914
4083
5871
7690
8799
9548
9841
9684
9270
8087
6588
5131
4059
3075
2073
918
132
-236
-464
-890
-1448
-2308
-3048
-3708
-4385
-5064
-5775
-6293
-6471
-6263
-5889
-5424
-5188
-4669
-4136
-3481
-3317
-3267
-3394
-3369
-3308
-3623
-3962
-4328
-3381
-2239
98
1644
3445
5503
7317
9953
11278
12307
12006
11451
10369
9429
7894
5923
3720
1661
308
-645
-1421
-2146
-2636
-3276
-3694
-4599
-5592
-6762
-7595
-8472
-9016
-9797
-9924
-9389
-8225
-6561
-4566
-2291
253
2918
5145
7500
8923
9831
9780
9509
8990
8311
7153
5859
5045
4416
3999
3375
2712
2310
1895
1127
-37
-1552
-2989
-4333
-5544
-6520
-7182
-7589
-7469
-7012
-6211
-5291
-4597
-4106
-3759
-3355
-3406
-3767
-4496
-5273
-5645
-6221
-6681
-7047
-5979
-4244
-1172
1349
3627
6455
8451
11303
12646
13494
12958
11939
10419
9197
7751
6091
4515
2896
2132
1770
1732
1315
1066
40
-985
-2805
-4630
-6607
-8235
-9690
-10704
-11545
-11643
-10547
-8978
-6583
-4442
-2011
393
2383
4268
5506
6377
6520
6158
5757
5491
5593
5486
5597
5768
6182
6528
6553
6045
5303
4099
2538
603
-1564
-3514
-5144
-6339
-6993
-7105
-6793
-6353
-5804
-5126
-4443
-4044
-4053
-4338
-4665
-5162
-5661
-6300
-6731
-6980
-7261
-7273
-6715
-4806
-2470
615
2509
4732
6567
8447
10196
10671
10725
9736
8823
7719
7349
6595
6141
5329
4925
4773
4928
4656
3967
2738
1058
-825
-3189
-5464
-7467
-8693
-9531
-9662
-9753
-8786
-7351
-5122
-3183
-1395
-67
925
1844
2193
2688
2534
2403
2179
2490
3070
3894
4571
5249
6008
6570
6637
6140
5203
3986
2714
1143
-376
-1888
-3028
-3783
-4093
-4151
-3972
-3890
-3903
-3948
-4091
-4391
-4871
-5502
-6116
-6562
-6818
-6932
-7057
-7098
-6988
-6857
-6144
-4491
-2348
348
2043
3847
5381
6974
8337
8821
8781
8018
7359
6587
6242
5774
5481
4973
4777
4628
4703
4459
3965
3054
1720
130
-1810
-3572
-4991
-5767
-6287
-6289
-6349
-5719
-4496
-2966
-1604
-757
-282
249
566
885
1026
1051
862
829
1141
1785
2630
3051
3303
3548
3906
4029
3628
2712
1846
954
261
-487
-1244
-1827
-2160
-2310
-2393
-2345
-2413
-2671
-2997
-3541
-4038
-4555
-4989
-5376
-5802
-6093
-6270
-6224
-6378
-6360
-6573
-5798
-4201
-1904
710
2180
3920
5310
7176
8441
8790
8320
7456
6625
5842
5316
4529
3946
3335
3096
2918
2883
2669
2473
1870
783
-820
-2337
-3578
-3972
-4103
-4264
-4161
-3972
-2505
-994
620
1364
1427
1598
1470
1631
1293
977
401
53
41
405
974
1494
1722
1759
1885
1983
2045
1581
892
33
-574
-1011
-1242
-1446
-1651
-1794
-1932
-1909
-1907
-1975
-2326
-2821
-3404
-3849
-4073
-4320
-4565
-4926
-5210
-5521
-5752
-6055
-6440
-6506
-5619
-3812
-1083
1071
2801
4393
5924
7749
8675
8912
8120
7116
6088
5523
4909
4230
3449
2759
2310
2096
1877
1468
995
-12
-1105
-2637
-3761
-4329
-3972
-3426
-2613
-1760
-702
1024
2443
3556
3597
3297
2516
2168
1656
1450
813
257
-61
150
614
874
916
352
164
-280
-503
-907
-1431
-1883
-2125
-2208
-2141
-1817
-1627
-1399
-1536
-1731
-1845
-1997
-2222
-2500
-2803
-3139
-3162
-3207
-3082
-3167
-3588
-4389
-5203
-5900
-6416
-6228
-5485
-3819
-1401
391
2428
3926
5581
7088
7704
7772
7151
6497
5842
5414
4780
4327
3666
3140
2572
2205
1559
885
-80
-1178
-2229
-3413
-4273
-4450
-3745
-2527
-1024
43
1331
2549
3754
4546
4747
4318
3597
2993
2752
2660
2440
1974
1437
1052
807
573
-41
-842
-1707
-2423
-2983
-3329
-3536
-3411
-3253
-3096
-2886
-2572
-2167
-1899
-1997
-2343
-2690
-2958
-2969
-2807
-2585
-2396
-2335
-2207
-1932
-1875
-2042
-2890
-3862
-4936
-4994
-4005
-2495
-246
730
2261
3144
4362
5695
6084
6014
5062
4293
3526
3680
3464
3481
2985
2421
1836
1564
987
340
-606
-1840
-2834
-3912
-4433
-4244
-3168
-1803
-102
1055
2245
3359
4155
4749
4842
4420
4011
3702
3808
4234
4535
4363
3962
3330
2712
1970
817
-411
-1600
-2752
-3704
-4444
-4788
-4562
-4370
-4298
-4257
-4199
-3913
-3653
-3609
-3767
-4062
-4317
-4287
-3910
-3347
-2666
-2372
-2250
-2139
-1907
-1767
-1984
-2711
-3625
-3004
-2024
465
2327
3282
4413
4413
5426
5733
5961
5385
4494
3340
2811
2843
2977
3181
2670
1805
949
139
-823
-1448
-2760
-3723
-4840
-5401
-5302
-3996
-2333
-263
1178
2046
2844
3208
3762
3828
3694
3195
3010
3149
3972
4906
5627
5785
5385
4573
3607
2484
1257
53
-1275
-2508
-3481
-4070
-4099
-3816
-3635
-3494
-3559
-3644
-3835
-4015
-4055
-4236
-4342
-4671
-4861
-4701
-4192
-3478
-3072
-3071
-3239
-3351
-3258
-3034
-2937
-1832
-774
2043
3881
5337
6068
5531
6141
5789
6036
5221
4412
3350
3135
3043
3345
3406
2950
2289
1170
-102
-1606
-2761
-4022
-4695
-5528
-5890
-5790
-4587
-2832
-468
1045
1852
1903
1559
1673
1832
2065
2005
1849
2115
3032
4293
5430
5862
5589
4850
3918
2835
1791
692
-342
-1348
-2289
-3192
-3730
-3946
-3833
-3602
-3517
-3714
-3905
-4050
-3830
-3453
-3272
-3215
-3501
-3565
-3611
-3426
-3447
-3564
-3719
-3893
-3862
-3787
-2682
-1243
1747
4062
5772
6506
5615
5750
5455
6068
5973
5215
4011
3337
3381
4048
4659
4405
3589
2143
711
-805
-1965
-3332
-4179
-5287
-5921
-6112
-5468
-4012
-2001
-301
721
910
243
-27
-118
495
1020
1218
1200
1452
2364
3646
4760
5064
4602
3736
2913
2230
1643
923
201
-543
-1325
-2068
-2921
-3594
-3958
-4200
-4340
-4653
-5079
-5098
-4844
-4179
-3590
-3171
-3053
-2988
-2957
-2891
-2840
-2879
-2852
-3011
-2300
-1539
892
3218
5341
6836
6328
6119
5000
4909
4746
4724
4280
3872
3561
3562
4084
4247
4552
4058
3475
2181
936
-693
-1834
-2762
-3344
-3678
-3919
-3696
-3198
-2248
-1506
-793
-1026
-1353
-1981
-2184
-1822
-1324
-515
68
805
1403
1935
2030
1948
1516
1123
727
336
171
-148
-149
-195
-172
-322
-619
-1137
-1729
-2353
-3003
-3482
-3934
-3943
-3659
-3032
-2375
-1810
-1438
-1109
-840
-599
-629
-932
-1298
-1516
-864
371
1962
3437
3893
3831
3295
2594
2191
1723
1394
1162
1027
959
1043
935
875
682
409
61
-193
-313
-227
22
1
47
128
582
1304
2052
2439
2480
2051
1434
849
343
117
-37
-26
36
169
168
36
-351
-865
-1403
-1878
-2070
-2090
-1781
-1344
-916
-438
-158
82
243
287
178
46
-102
-163
-171
-273
-514
-769
-910
-872
-573
-304
-17
130
147
175
211
269
349
250
106
-109
-215
-222
-152
-121
-283
-420
-617
-571
-526
-518
-765
-1135
-1532
-1776
-1786
-1846
-1822
-1883
-1699
-1278
-605
-9
432
662
774
1032
1321
1689
1948
2139
2301
2557
2873
3244
3491
3610
3432
3065
2573
2014
1655
1308
1047
708
348
13
-238
-440
-719
-962
-1234
-1391
-1588
-1795
-1972
-2103
-2069
-2033
-2011
-2031
-2022
-2004
-1901
-1790
-1695
-1605
-1464
-1271
-982
-597
-211
155
419
495
540
539
571
518
367
186
-5
-7
99
246
317
292
179
11
-110
-290
-412
-593
-826
-801
-659
-329
19
236
363
517
651
794
856
800
795
798
966
1169
1407
1582
1671
1715
1732
1759
1680
1453
1154
781
550
421
408
409
291
116
-110
-232
-263
-230
-289
-358
-503
-687
-800
-894
-966
-998
-1045
-1150
-1198
-1249
-1196
-1131
-1162
-1179
-1208
-1156
-1053
-921
-722
-437
-191
42
108
115
129
112
134
52
52
104
129
153
154
36
-13
-176
-338
-499
-650
-618
-516
-269
14
264
444
577
646
806
971
1124
1235
1270
1339
1417
1578
1687
1682
1552
1340
1073
781
437
89
-189
-405
-520
-668
-806
-922
-936
-829
-752
-673
-673
-634
-599
-560
-602
-631
-671
-605
-527
-459
-365
-254
-52
96
212
290
330
471
671
723
892
666
499
105
-377
-775
-1146
-1168
-990
-747
-553
-598
-993
-1252
-1560
-1485
-1328
-1049
-794
-700
-674
-686
-588
-377
-6
215
516
646
899
1080
1137
1075
871
808
906
1225
1655
2060
2420
2595
2574
2405
2079
1821
1559
1482
1332
1259
1045
714
280
-279
-792
-1186
-1408
-1461
-1470
-1461
-1474
-1541
-1603
-1709
-1552
-1362
-987
-744
-636
-567
-538
-305
52
426
626
758
691
805
876
870
804
490
177
-245
-539
-877
-1036
-1229
-1351
-1514
-1717
-1814
-1982
-1968
-1985
-1933
-2001
-2090
-2205
-2256
-2147
-1926
-1617
-1216
-809
-478
-78
331
864
1402
1832
2175
2413
2646
2976
3331
3698
3963
4095
4105
3968
3820
3679
3469
3230
2766
2207
1605
1103
654
247
-220
-719
-1213
-1626
-1771
-1918
-1917
-1978
-2014
-1947
-1784
-1539
-1329
-1113
-967
-849
-758
-683
-625
-537
-474
-378
-231
-64
274
459
580
470
52
-458
-1096
-1633
-2052
-2284
-2458
-2530
-2621
-2616
-2592
-2595
-2630
-2747
-2870
-3106
-3297
-3552
-3629
-3593
-3205
-2283
-947
829
2564
3693
4176
4004
3705
3658
3836
4171
4304
4342
4514
4953
5560
6130
6070
5522
4489
3332
2418
1608
1068
489
-81
-613
-986
-1213
-1287
-1322
-1396
-1687
-2274
-2951
-3459
-3413
-2865
-1983
-1263
-784
-432
-71
323
503
339
-173
-793
-1070
-872
-262
466
930
1007
766
291
-263
-922
-1620
-2247
-2815
-3169
-3414
-3466
-3420
-3329
-3271
-3481
-3876
-4491
-5178
-5611
-5532
-4575
-2814
-451
1595
3164
3759
3785
3900
3949
4319
4244
4086
3843
4051
4792
5737
6338
6190
5413
4274
3303
2520
2024
1545
1046
486
-4
-322
-311
-144
59
52
-490
-1340
-2301
-2809
-2752
-2208
-1604
-1257
-1096
-827
-368
74
217
-177
-854
-1412
-1608
-1410
-1006
-556
-159
162
357
337
122
-386
-1005
-1505
-1868
-1971
-2040
-1994
-1892
-1736
-1625
-1728
-2078
-2631
-3138
-3478
-3632
-3815
-3899
-4149
-3735
-2985
-1163
876
2325
3368
2843
2571
2168
2407
3080
3534
3900
4135
4499
5015
5561
5532
5056
3954
2811
1902
1399
1094
1034
867
623
287
-143
-353
-415
-288
-367
-687
-1487
-2226
-2521
-2210
-1338
-511
48
281
416
653
836
761
308
-365
-897
-1194
-1178
-1011
-862
-712
-609
-646
-775
-1131
-1555
-1932
-2221
-2267
-2284
-2257
-2177
-2018
-1746
-1475
-1524
-1737
-2156
-2439
-2363
-2226
-2024
-2118
-2301
-2501
-2170
-1529
63
1639
2916
3649
3109
2840
2218
2387
2825
3141
3475
3505
3641
3816
3983
3866
3462
2694
1978
1264
791
494
352
285
181
-17
-266
-450
-443
-150
29
5
-531
-1117
-1456
-1348
-773
-206
340
551
709
835
905
811
453
-56
-512
-715
-694
-497
-361
-338
-427
-668
-994
-1477
-2016
-2457
-2760
-2837
-2763
-2673
-2577
-2465
-2295
-2129
-2028
-2121
-2265
-2396
-2420
-2198
-2003
-1730
-1599
-1554
-1594
-1406
-929
155
1472
2691
3539
3433
3263
2708
2668
2812
2926
3100
2903
2853
2783
2800
2807
2695
2404
1987
1439
863
322
-51
-286
-341
-411
-440
-409
-229
129
463
647
413
22
-338
-466
-261
123
559
852
971
977
782
572
251
-108
-309
-509
-511
-454
-373
-329
-398
-496
-733
-1082
-1457
-1859
-2180
-2390
-2447
-2368
-2179
-1951
-1753
-1543
-1402
-1246
-1218
-1218
-1273
-1348
-1412
-1440
-1429
-1460
-1428
-1463
-1425
-1256
-822
-135
663
1396
1842
1937
1731
1416
1108
984
983
1162
1428
1779
2174
2421
2553
2345
1992
1588
1218
1036
875
826
770
711
686
639
686
736
789
783
700
518
311
125
103
234
417
612
630
564
368
62
-265
-651
-952
-1154
-1174
-1083
-993
-865
-915
-1045
-1270
-1522
-1737
-1875
-1851
-1648
-1231
-774
-275
104
337
481
518
550
565
515
452
361
347
369
439
464
383
209
-41
-298
-567
-826
-1046
-1243
-1423
-1475
-1474
-1402
-1326
-1249
-1203
-1174
-1150
-1092
-910
-689
-392
-169
102
363
713
1036
1272
1454
1478
1525
1464
1410
1303
1260
1296
1386
1525
1567
1534
1436
1311
1110
892
629
383
156
4
-68
-100
-59
-51
-79
-158
-297
-452
-585
-701
-758
-800
-767
-627
-477
-311
-206
-191
-187
-224
-195
-103
45
212
358
528
656
754
815
716
559
279
8
-188
-332
-390
-446
-498
-565
-580
-541
-491
-536
-690
-958
-1257
-1445
-1444
-1323
-1124
-943
-786
-603
-416
-209
8
151
254
334
415
563
681
767
793
737
675
590
527
452
364
262
160
137
85
87
-12
-113
-232
-330
-349
-386
-400
-492
-552
-533
-389
-204
17
191
315
454
576
778
943
1104
1205
1233
1240
1188
1125
1038
905
732
577
412
278
162
9
-166
-392
-632
-824
-997
-1084
-1138
-1148
-1055
-948
-777
-660
-555
-473
-422
-344
-303
-245
-169
-77
35
146
259
332
363
355
345
347
369
390
374
339
278
235
176
119
13
-125
-264
-405
-492
-544
-539
-514
-470
-431
-412
-426
-480
-511
-539
-566
-628
-685
-743
-715
-612
-428
-232
-77
85
220
436
695
989
1244
1371
1383
1250
1094
955
879
909
931
959
889
763
629
492
336
104
-136
-413
-629
-794
-866
-828
-775
-700
-680
-680
-694
-680
-666
-607
-569
-488
-369
-205
47
315
573
746
839
843
798
745
676
621
566
514
485
472
438
384
286
138
-22
-227
-387
-516
-577
-553
-506
-398
-259
-139
-98
-154
-311
-480
-693
-877
-1020
-1126
-1111
-1058
-895
-719
-544
-409
-330
-263
-197
-91
5
112
180
233
292
423
594
767
852
815
708
571
475
417
383
333
286
226
193
182
162
124
54
-14
-91
-147
-188
-208
-162
-111
9
112
180
257
303
393
446
469
460
386
327
295
331
403
457
486
436
340
210
69
-56
-148
-224
-281
-325
-380
-381
-358
-301
-270
-310
-372
-451
-470
-442
-363
-297
-237
-181
-144
-104
-171
-280
-451
-599
-680
-684
-615
-546
-484
-458
-471
-495
-482
-425
-334
-235
-141
-45
72
210
358
487
594
636
669
672
658
636
608
594
571
575
568
575
552
514
442
369
310
254
199
148
130
125
123
99
71
31
-6
-57
-108
-166
-213
-229
-218
-177
-154
-141
-147
-134
-119
-100
-33
31
114
155
168
155
111
85
38
-6
-61
-103
-132
-120
-99
-65
-57
-63
-119
-220
-342
-471
-550
-614
-605
-575
-524
-487
-474
-486
-523
-545
-528
-484
-397
-268
-135
6
100
175
207
212
221
226
251
282
336
410
496
567
605
594
540
442
323
208
135
106
100
123
139
157
161
145
117
72
12
-41
-94
-115
-116
-102
-75
-58
-23
-1
29
33
54
102
174
245
261
262
234
212
190
170
160
151
153
156
132
89
27
-37
-93
-157
-224
-305
-368
-397
-385
-334
-292
-270
-273
-294
-309
-323
-332
-326
-322
-282
-223
-152
-74
-16
13
-10
-79
-167
-238
-265
-228
-138
-16
91
163
207
239
229
185
108
9
-81
-127
-121
-67
-13
28
55
55
62
63
52
35
8
19
57
128
218
294
354
395
433
452
444
389
295
197
113
74
59
66
78
103
142
176
212
220
202
153
112
95
111
128
141
132
111
99
96
113
112
82
17
-61
-135
-201
-245
-274
-259
-243
-219
-196
-190
-201
-247
-325
-415
-492
-534
-526
-475
-400
-335
-300
-280
-275
-264
-244
-223
-213
-214
-208
-198
-185
-193
-210
-233
-236
-215
-188
-151
-116
-73
-25
28
82
109
126
143
182
237
293
351
384
414
430
434
427
418
412
417
442
473
494
494
482
458
431
411
388
365
339
303
282
261
266
274
278
271
244
204
156
97
37
-37
-106
-161
-189
-200
-198
-214
-250
-309
-367
-427
-489
-542
-579
-595
-587
-562
-526
-502
-478
-456
-436
-423
-422
-414
-404
-380
-347
-305
-256
-205
-152
-112
-86
-70
-66
-57
-47
-24
-3
18
31
36
46
48
58
70
90
109
125
146
172
208
254
306
354
383
405
420
447
481
519
553
572
592
614
639
657
654
630
582
520
457
395
342
296
254
215
167
126
70
7
-70
-157
-248
-335
-395
-430
-444
-443
-442
-441
-454
-466
-490
-515
-537
-550
-551
-542
-522
-496
-468
-434
-396
-357
-310
-273
-238
-217
-194
-176
-155
-129
-99
-67
-33
-1
20
34
31
20
-4
-30
-54
-66
-69
-59
-50
-44
-32
-12
25
60
95
113
130
162
207
269
328
392
451
503
549
581
598
597
578
551
522
501
495
494
501
501
490
462
410
341
252
156
53
-40
-113
-163
-192
-211
-229
-250
-272
-296
-320
-358
-396
-432
-455
-469
-468
-464
-458
-445
-437
-422
-419
-409
-402
-385
-354
-318
-271
-227
-183
-140
-98
-59
-36
-25
-23
-23
-18
-10
-4
6
13
30
42
51
52
48
51
52
58
55
51
55
66
103
142
191
230
266
294
313
322
315
294
268
247
229
235
246
281
310
346
369
374
363
324
279
219
174
134
106
91
86
91
96
92
71
38
-5
-42
-79
-106
-130
-152
-169
-189
-206
-225
-242
-257
-274
-287
-299
-310
-315
-330
-337
-349
-342
-325
-290
-250
-213
-190
-188
-202
-231
-256
-274
-267
-244
-195
-141
-86
-43
-12
3
-5
-26
-59
-86
-98
-83
-49
-2
46
89
122
137
133
108
79
52
47
62
95
134
174
208
239
265
276
281
276
274
279
294
313
328
339
344
340
331
309
282
250
221
205
189
192
182
184
176
168
160
137
118
79
46
9
-22
-43
-66
-82
-100
-117
-134
-157
-180
-213
-247
-284
-321
-350
-371
-379
-376
-365
-345
-326
-305
-286
-273
-267
-269
-272
-276
-271
-259
-240
-215
-191
-163
-134
-106
-84
-69
-64
-60
-57
-52
-42
-33
-18
-5
15
35
55
77
94
113
133
151
173
191
218
240
268
290
309
324
328
334
325
317
301
285
272
263
257
252
249
241
233
217
199
173
146
112
81
51
26
7
-7
-14
-27
-33
-44
-51
-59
-71
-82
-98
-111
-121
-125
-121
-116
-110
-108
-111
-116
-129
-147
-168
-191
-205
-217
-220
-219
-220
-223
-235
-252
-282
-309
-333
-345
-342
-329
-305
-280
-252
-223
-191
-162
-135
-115
-100
-82
-56
-19
26
71
114
152
191
227
255
276
281
286
283
287
290
295
296
295
291
282
271
252
230
204
182
163
152
139
126
110
92
76
57
39
15
-4
-25
-36
-39
-33
-19
-5
11
22
34
44
55
61
60
55
47
49
55
69
80
87
87
77
64
38
9
-31
-71
-112
-149
-183
-212
-239
-263
-284
-301
-316
-329
-340
-352
-361
-365
-365
-355
-339
-312
-280
-239
-199
-160
-126
-94
-63
-31
5
38
77
115
156
191
215
230
232
229
218
210
193
184
174
172
170
162
150
129
110
93
80
71
58
50
40
42
45
50
56
60
67
72
82
84
87
85
87
88
95
106
118
133
145
162
168
177
171
165
150
137
124
111
99
84
68
45
23
-6
-38
-74
-113
-148
-182
-207
-229
-245
-262
-279
-297
-311
-324
-332
-336
-333
-323
-305
-280
-254
-224
-202
-174
-156
-135
-124
-113
-104
-93
-79
-65
-43
-30
-8
8
28
44
55
66
69
77
81
90
95
102
106
112
116
118
119
118
116
118
122
128
136
139
150
158
172
183
197
210
222
233
239
244
243
241
239
239
243
243
244
240
237
226
214
194
171
140
105
65
21
-18
-57
-86
-117
-142
-173
-201
-231
-262
-288
-315
-332
-339
-335
-322
-308
-289
-277
-264
-254
-247
-237
-237
-227
-226
-217
-204
-189
-167
-154
-136
-132
-125
-117
-108
-92
-82
-62
-52
-34
-16
-1
18
25
39
42
56
68
82
102
117
144
159
183
196
211
225
238
257
271
288
299
310
315
318
318
317
314
310
302
290
276
257
238
212
187
154
119
82
44
9
-27
-62
-94
-130
-157
-186
-207
-224
-239
-239
-246
-237
-240
-236
-237
-238
-229
-224
-209
-205
-195
-194
-190
-186
-184
-177
-177
-173
-173
-171
-166
-161
-153
-149
-145
-140
-138
-130
-122
-109
-95
-75
-54
-29
-5
18
34
50
63
77
97
113
133
149
170
192
218
243
263
281
292
303
309
317
324
328
329
326
321
315
302
290
270
250
224
197
167
132
96
57
20
-17
-53
-86
-115
-142
-162
-181
-191
-203
-211
-219
-228
-232
-237
-233
-232
-225
-220
-214
-208
-198
-190
-178
-170
-161
-157
-151
-143
-137
-124
-113
-100
-89
-85
-81
-86
-86
-89
-88
-84
-80
-69
-60
-48
-37
-28
-17
-11
0
10
25
40
58
80
104
132
157
182
200
215
226
233
245
248
257
255
254
246
238
230
220
213
196
181
157
135
108
89
66
45
23
1
-20
-40
-56
-70
-82
-96
-109
-118
-125
-126
-125
-123
-118
-117
-111
-111
-109
-115
-118
-122
-122
-118
-116
-110
-112
-109
-109
-104
-101
-99
-98
-100
-98
-98
-92
-94
-91
-91
-84
-75
-66
-57
-52
-46
-43
-33
-25
-11
-3
11
24
43
58
75
90
97
109
115
128
135
146
151
155
157
155
155
148
148
143
144
141
136
128
117
109
97
91
77
66
50
38
25
14
3
-7
-16
-20
-23
-25
-29
-35
-43
-50
-53
-61
-67
-80
-88
-97
-100
-101
-102
-104
-112
-114
-117
-112
-113
-111
-115
-117
-117
-113
-106
-100
-93
-87
-79
-70
-55
-44
-30
-18
-7
6
17
29
39
50
57
65
73
79
83
84
83
80
77
73
69
65
66
65
64
62
58
55
51
48
43
38
31
26
24
24
25
26
27
28
30
31
31
28
22
15
11
6
5
2
0
-2
-6
-6
-11
-16
-24
-30
-38
-39
-41
-39
-40
-40
-42
-45
-48
-52
-54
-56
-56
-56
-57
-56
-55
-49
-45
-38
-36
-32
-29
-24
-18
-9
-1
7
18
25
33
35
38
38
40
42
45
46
44
41
39
35
34
33
31
27
24
20
16
15
13
12
7
3
-4
-5
-7
-4
-4
-1
1
4
7
9
10
5
3
-2
-2
-1
2
3
2
1
-2
-1
-4
-4
-9
-9
-10
-7
-7
-8
-9
-15
-17
-21
-18
-21
-19
-23
-23
-27
-26
-28
-31
-32
-32
-29
-27
-21
-19
-15
-9
-2
6
13
20
23
28
31
34
37
35
31
26
24
21
21
19
17
15
11
8
5
4
-1
-3
-7
-10
-8
-9
-8
-8
-8
-9
-10
-9
-8
-7
-7
-7
-6
-5
-2
0
4
4
4
3
3
2
3
2
3
4
5
5
6
6
1
0
-4
-5
-7
-9
-11
-12
-13
-14
-12
-11
-8
-6
-3
-3
-2
-2
-1
1
5
8
11
15
17
19
22
22
22
21
21
18
17
15
14
12
11
10
8
8
4
3
1
1
-2
-3
-7
-10
-13
-13
-11
-11
-12
-13
-16
-17
-20
-21
-25
-25
-22
-20
-17
-13
-12
-12
-12
-13
-14
-15
-13
-10
-5
-1
1
3
2
1
0
1
2
4
4
3
6
10
14
16
17
16
14
14
15
14
15
14
13
15
17
20
21
21
18
13
12
10
10
10
10
11
11
12
13
15
16
14
11
6
1
-2
-7
-10
-15
-20
-23
-26
-26
-26
-26
-26
-27
-25
-26
-26
-25
-25
-24
-22
-19
-16
-14
-13
-11
-8
-7
-3
-1
2
2
3
5
6
7
6
7
5
4
4
3
4
3
3
3
4
6
8
10
10
13
13
14
14
12
13
11
13
12
13
13
12
12
11
11
9
10
8
9
10
9
11
11
14
14
16
15
14
14
10
10
7
6
5
2
0
-2
-4
-7
-8
-11
-12
-13
-13
-14
-15
-16
-17
-19
-21
-22
-21
-21
-21
-22
-21
-20
-21
-19
-21
-19
-20
-17
-17
-15
-12
-12
-8
-7
-3
-2
1
3
5
9
11
13
12
13
12
14
14
13
12
12
11
13
14
13
11
10
8
6
6
5
4
3
3
2
3
3
3
3
4
7
10
10
11
9
10
8
7
5
4
1
2
0
2
0
-2
-6
-9
-9
-10
-8
-6
-7
-8
-10
-12
-12
-13
-15
-17
-16
-16
-14
-12
-10
-9
-6
-6
-6
-6
-6
-7
-5
-4
-2
-1
1
4
6
9
9
9
6
8
7
11
11
13
14
12
13
13
14
11
11
8
9
9
6
8
3
6
3
9
7
10
6
5
5
4
5
0
2
-4
-1
-3
2
2
2
2
0
-1
-3
-4
-6
-6
-9
-10
-10
-9
-8
-6
-6
-5
-6
-6
-6
-5
-4
-4
-3
-2
-1
0
-1
1
-1
0
-1
1
1
1
0
-3
-5
-10
-10
-13
-13
-14
-13
-13
-14
-15
-15
-13
-12
-9
-7
-7
-6
-6
-3
-2
4
7
10
10
11
12
13
16
16
17
16
16
15
16
16
14
15
12
13
10
12
9
9
5
3
1
-1
-2
-5
-3
-5
-4
-6
-5
-6
-7
-6
-9
-7
-9
-8
-8
-5
-4
-3
-1
-3
-2
-6
-5
-8
-5
-5
-3
1
2
4
2
4
1
1
-1
-1
-1
-3
-1
-2
-1
-1
-2
-3
-4
-2
-5
-3
-5
-4
-4
-2
-1
0
1
0
3
0
4
4
8
7
9
9
8
8
7
10
7
9
5
8
5
5
4
2
3
1
4
2
4
1
0
-1
-3
-2
-4
-1
-4
-2
-4
-4
-5
-5
-4
-4
-1
-2
2
2
4
2
2
-1
-3
-2
-4
-2
-2
1
0
0
-1
-2
-3
-6
-8
-12
-12
-14
-13
-12
-11
-9
-8
-6
-6
-3
-3
-1
-2
-1
0
1
2
3
5
6
7
7
7
6
5
4
2
3
0
1
-1
-1
-1
1
3
4
7
8
10
8
9
6
5
4
1
1
-1
2
1
4
4
6
6
6
5
3
3
1
1
-1
1
1
1
3
0
2
-1
-1
-4
-3
-6
-7
-8
-8
-7
-8
-6
-8
-6
-6
-6
-7
-8
-8
-11
-10
-10
-8
-7
-6
-2
0
2
2
5
4
5
4
5
5
5
6
7
8
7
8
8
8
7
6
7
4
6
3
4
2
3
1
1
1
0
0
0
1
0
2
1
1
-1
-3
-3
-6
-5
-8
-6
-6
-5
-4
-2
-2
-2
-1
-3
-1
-4
-1
-2
-1
1
1
3
3
5
3
5
2
3
3
2
2
2
3
2
4
2
3
1
1
0
-2
-3
-5
-3
-5
-4
-3
-1
-1
-1
-1
-1
-1
-3
-3
-3
-3
-2
0
2
4
5
5
5
5
3
1
1
-2
-3
-3
-2
-2
-2
-1
-1
-1
-1
-2
-3
-5
-6
-6
-6
-7
-6
-5
-3
-2
-1
0
0
1
1
0
0
1
1
2
3
5
5
6
7
7
6
6
5
3
2
2
1
0
0
-1
0
-1
-1
-1
-1
-1
-2
-1
-3
-2
-2
-3
-3
-3
-4
-3
-4
-4
-3
-4
-3
-2
-1
-1
-1
1
1
3
4
4
4
6
7
6
7
7
7
7
6
6
6
5
3
4
3
2
2
0
0
0
1
2
2
1
3
2
3
3
2
2
2
1
1
-1
-1
-2
-2
-2
-3
-4
-4
-5
-5
-4
-6
-6
-7
-7
-7
-7
-7
-8
-7
-7
-7
-6
-6
-7
-6
-6
-6
-5
-5
-5
-3
-3
-2
-1
-1
-1
-1
-2
-1
-1
0
0
1
2
3
4
5
4
5
5
5
6
6
6
6
6
7
8
6
7
5
5
4
5
3
3
3
3
3
2
2
2
2
3
3
3
3
4
5
4
4
4
3
3
1
1
0
0
-1
-2
-2
-3
-4
-5
-5
-6
-7
-7
-8
-8
-8
-9
-8
-8
-8
-8
-8
-7
-6
-5
-4
-3
-2
-2
-2
-1
-2
-2
-2
-2
-1
-1
0
1
1
3
4
5
5
6
6
6
6
6
6
6
7
6
7
7
7
6
6
6
5
5
4
4
3
3
3
3
2
1
0
0
0
-1
-1
-1
-2
-2
-3
-3
-3
-4
-4
-4
-3
-3
-2
-3
-3
-3
-2
-3
-3
-3
-3
-4
-3
-3
-3
-2
-2
-2
-2
-1
-2
-3
-2
-2
-2
-1
-2
-1
-1
0
0
0
0
0
-1
-1
-1
-1
-1
-2
-2
-3
-3
-4
-3
-4
-4
-3
-4
-3
-2
-2
-1
0
1
1
2
3
4
5
6
7
6
7
8
7
8
7
7
7
6
6
6
6
6
5
5
4
3
3
3
3
2
2
2
2
1
1
0
0
0
-1
-1
0
-1
-1
-1
-2
-3
-3
-3
-3
-3
-4
-5
-4
-5
-5
-6
-5
-6
-6
-6
-6
-6
-7
-6
-5
-5
-5
-5
-4
-3
-2
-2
-1
-1
0
1
2
2
2
2
3
4
4
4
5
4
4
4
5
4
4
4
3
3
3
4
3
2
1
2
2
0
1
0
1
0
0
0
0
0
0
-1
-1
-1
-1
-1
-2
-1
-2
-2
-2
-2
-2
-2
-2
-1
-2
-1
-1
-1
-1
-1
-1
0
0
-1
0
-1
0
-1
-1
-1
-1
-2
-2
-2
-2
-2
-2
-2
-2
-2
-1
0
-1
0
0
0
0
1
2
2
3
3
3
3
3
2
3
3
3
1
1
2
1
0
-1
0
-1
-2
-1
-2
-2
-2
-2
-2
-2
-2
-1
-1
0
0
0
1
1
1
2
2
2
3
3
3
3
4
4
4
4
3
3
3
3
3
2
1
2
0
-1
-1
-1
-2
-2
-2
-2
-2
-3
-3
-3
-3
-3
-2
-4
-3
-4
-3
-3
-3
-2
-4
-3
-2
-2
-2
-2
-2
-2
-1
0
0
0
0
1
-1
0
1
0
0
1
1
1
1
2
2
2
1
2
2
2
1
3
3
3
3
2
2
2
2
3
3
2
2
2
2
1
1
2
0
0
0
1
0
0
-1
-1
-2
-2
-2
-1
-2
-1
-2
-2
-3
-1
-2
-2
-2
-2
-1
-1
-2
-1
-2
-1
-1
-2
-1
-1
-1
-1
-1
-2
-2
-1
-1
-2
-1
-2
-2
-1
-1
-1
-1
-1
-1
-1
-1
-1
-1
-1
0
0
0
0
1
1
1
1
1
1
1
2
2
1
2
2
2
3
3
2
3
2
2
2
2
2
2
1
1
1
1
2
2
1
1
1
0
-1
0
1
0
-1
0
0
0
0
-1
0
0
0
0
0
-1
-1
-1
0
0
-1
0
0
0
0
0
-1
0
0
-1
0
-1
-1
-1
-1
-1
-1
-2
-1
-1
-3
-2
-2
-2
-2
-2
-2
-1
-2
-2
-1
-1
0
-1
0
0
0
-1
0
1
0
0
1
1
1
2
1
2
2
2
2
1
2
1
1
1
1
1
0
1
0
0
0
-1
-2
0
-1
-1
-1
-2
-1
-2
-1
-1
-1
-1
-1
0
-1
0
-1
0
1
0
0
1
1
1
1
1
1
1
1
1
1
1
1
0
1
0
0
-1
-1
-1
0
0
-1
-1
0
-2
-1
-1
-1
-1
-1
-1
-1
-1
-1
0
-1
0
0
0
1
1
0
1
1
2
2
2
1
2
2
2
2
3
2
2
2
2
2
1
2
1
1
1
1
0
1
1
0
1
0
0
0
0
0
0
0
-1
0
-1
-1
0
-1
-2
-1
-2
-1
-1
-2
-1
-1
-1
-1
-1
-2
-1
-2
-1
-2
-2
-1
-1
-1
-2
-2
-1
-1
-1
-1
-1
-1
0
-1
0
0
0
0
0
0
1
1
1
1
1
2
1
2
2
1
1
1
1
1
1
1
1
0
0
1
0
0
1
1
0
0
-1
-1
0
0
-1
0
-1
0
-1
-1
-1
0
-1
0
-1
-1
0
0
0
0
0
0
0
0
1
0
0
0
0
1
1
1
1
2
0
1
0
0
1
0
1
0
0
1
0
0
0
0
-1
1
0
1
0
0
0
0
0
-1
0
-1
0
0
-1
0
0
0
0
0
0
-2
0
-1
0
-1
-1
-1
-1
0
0
-1
0
0
0
0
0
0
0
1
1
1
0
0
1
1
1
1
0
1
0
1
1
1
0
0
0
1
1
1
0
0
1
0
2
-1
0
0
-1
0
0
-1
0
0
0
0
-1
-1
-1
-1
0
-1
0
-1
-1
-1
-2
-2
-1
-1
-1
-1
0
-1
-1
-1
0
-1
0
1
0
-1
0
0
0
0
1
1
1
0
1
1
0
0
0
0
1
0
2
0
0
1
0
0
0
1
0
1
1
0
1
0
0
0
1
0
0
0
0
0
-1
0
0
-1
-1
0
0
0
0
-1
0
0
-1
-1
0
0
0
-1
-1
0
-1
-1
0
0
0
0
0
-1
1
0
0
0
0
0
0
0
0
0
0
0
1
0
0
0
1
1
0
1
0
0
0
0
0
1
1
0
0
1
-1
0
0
0
-1
-1
0
0
0
1
0
0
0
0
0
0
0
-1
-1
0
0
0
0
0
0
0
-1
0
-1
-1
0
0
0
0
0
1
0
0
0
0
0
-1
0
0
0
0
0
0
0
1
0
1
0
0
0
0
0
0
0
0
-1
0
0
0
0
0
0
0
0
-1
0
0
0
0
0
0
0
-1
-1
1
0
0
-1
-1
0
-1
0
0
0
0
0
0
-1
-1
0
0
0
1
0
1
0
0
0
1
0
1
0
0
0
-1
0
0
1
1
1
1
0
1
1
0
0
0
0
1
0
0
1
0
0
1
1
0
1
0
0
1
0
0
0
-1
0
1
-1
0
0
-1
0
0
0
-1
0
0
-1
0
-1
0
1
0
0
-1
0
0
-1
0
-1
0
0
1
1
0
1
1
-1
0
0
0
0
0
1
1
0
0
0
0
0
0
0
-1
0
1
0
0
0
0
0
-1
0
0
0
0
0
0
0
1
0
0
0
0
0
-1
-1
0
0
0
0
1
0
0
0
0
0
0
0
1
0
-1
0
-1
1
0
0
0
0
-1
0
0
0
0
0
0
0
1
1
0
1
1
0
0
0
1
1
0
-1
0
0
1
0
0
0
0
0
-1
0
0
0
0
1
0
0
0
-1
0
0
0
0
0
1
1
0
-1
0
-1
-1
0
0
0
1
0
0
0
0
-1
0
1
0
0
-1
0
0
0
0
0
0
0
0
1
0
0
-1
0
0
0
0
0
-1
0
0
0
0
0
0
0
0
0
0
0
1
0
0
-1
0
0
-1
-1
-1
-1
0
0
0
0
0
1
0
0
-1
1
-1
0
0
0
0
0
1
0
1
0
1
0
1
1
0
1
0
1
0
0
0
1
1
0
0
0
1
1
0
0
0
1
1
0
1
1
1
1
0
0
0
0
1
0
1
0
-1
0
0
-1
-1
0
0
-1
-1
-1
0
-1
-1
-1
0
-1
0
0
-1
-1
0
0
1
0
0
-1
0
0
0
0
-1
0
-1
0
0
0
1
0
0
-1
0
0
0
0
0
0
0
0
0
0
-1
0
0
1
0
0
-1
0
0
0
0
0
1
0
0
-1
0
1
0
0
0
0
1
0
0
0
0
1
-1
0
0
-1
0
0
0
0
0
0
0
0
0
0
0
1
0
1
1
0
0
-1
1
0
0
0
0
1
0
0
0
0
1
0
0
1
0
0
1
0
1
0
0
1
0
0
0
0
0
-1
0
-1
0
0
1
0
0
0
-1
0
-1
-1
0
0
0
0
1
0
-1
0
1
0
0
1
1
1
0
1
0
1
1
1
0
0
0
0
0
1
1
1
-1
0
0
0
0
1
1
0
0
0
1
1
0
0
1
1
-1
0
-1
0
0
0
1
0
0
0
0
-1
0
0
-1
0
0
-1
-1
0
0
-1
0
0
-1
0
0
0
0
0
-1
0
0
0
0
0
-1
0
0
0
-1
0
0
0
0
0
0
0
0
0
0
0
0
0
1
0
0
0
1
0
0
0
0
1
0
0
0
0
0
0
0
0
0
0
0
0
0
0
0
0
0
1
0
0
1
0
0
0
0
0
0
0
1
0
0
0
0
0
-1
0
0
0
0
0
0
-1
0
0
-1
0
0
0
-1
0
0
0
0
-1
0
0
0
0
0
0
0
0
0
0
0
0
0
0
0
-1
0
0
0
-1
0
0
0
-1
0
0
0
0
1
0
0
0
0
-1
1
0
0
0
0
0
1
0
0
0
0
0
0
1
0
0
0
0
-1
0
-1
0
0
0
0
0
0
0
0
0
0
0
0
0
0
0
0
0
1
0
1
1
0
1
0
0
0
0
0
1
0
1
0
0
0
1
0
0
-1
0
0
1
0
-1
0
0
0
0
-1
-1
1
0
0
1
0
0
1
0
0
0
-1
1
0
0
0
0
0
0
-1
0
0
0
0
0
0
0
0
0
0
0
0
0
0
0
0
0
0
0
0
-1
0
-1
0
-1
0
0
0
0
0
-1
0
-1
1
0
0
0
0
0
-1
0
-1
0
-1
0
0
0
0
-1
0
-1
0
1
0
0
0
0
0
0
1
0
0
0
0
0
0
-1
0
0
0
0
0
0
0
0
1
0
1
1
0
