0
0
0
-1
-1
0
-1
0
0
0
-1
0
0
0
0
1
1
-1
0
0
-1
-1
0
0
-1
0
0
-1
0
0
-1
1
-1
0
0
-1
0
0
0
0
0
0
0
1
0
0
-1
1
1
0
0
0
0
0
0
0
0
0
1
0
0
0
0
0
0
-1
0
0
-1
0
0
1
0
0
1
0
0
0
1
0
0
0
0
0
0
1
-1
0
0
0
1
0
-1
0
0
0
0
0
-1
0
0
0
0
1
0
0
1
0
0
0
1
0
0
0
0
0
1
0
0
0
0
0
0
0
1
0
0
0
0
-1
0
0
-1
-1
0
-1
0
0
0
1
1
0
0
0
-1
1
0
0
0
0
1
0
1
0
0
1
1
0
0
0
0
0
-1
0
0
0
-1
0
0
1
0
0
0
0
1
0
1
0
0
0
0
-1
0
0
0
0
0
-1
0
0
0
1
1
0
0
-1
0
0
1
0
0
-1
1
0
0
0
0
-1
0
0
0
0
0
0
0
0
0
0
0
1
0
0
0
-1
0
1
0
0
1
-1
0
-1
-1
0
0
0
0
0
0
0
0
-1
0
-1
1
0
1
1
0
0
0
0
0
0
0
0
0
0
0
0
0
0
1
0
-1
0
0
0
0
0
0
-1
0
0
-1
0
0
0
0
0
0
0
1
1
0
0
0
0
0
0
0
-1
0
0
0
0
0
0
-1
-1
0
0
0
0
0
1
0
1
-1
0
0
-1
0
0
0
1
0
0
0
0
0
0
0
1
0
1
0
0
0
-1
-1
0
0
0
0
1
0
-1
0
0
0
0
1
0
-1
0
0
0
0
0
1
0
0
0
0
0
0
0
0
0
0
1
0
0
0
0
0
0
0
0
0
0
0
0
0
-1
-1
0
0
0
0
0
0
-1
0
0
-1
0
0
0
0
0
0
0
0
0
0
0
0
0
0
0
0
0
-1
0
0
1
0
0
-1
1
0
0
0
0
0
0
0
0
0
0
-1
1
0
0
-1
0
0
0
1
0
-1
0
0
0
0
0
0
0
1
-1
0
-1
0
-1
-1
0
0
0
1
0
0
0
0
0
1
0
-1
-1
0
0
0
0
0
0
0
-1
0
-1
0
1
0
0
0
0
1
0
0
0
0
0
-1
-1
0
0
0
0
-1
0
1
0
1
0
0
0
0
-1
0
0
0
-1
0
0
0
0
0
0
0
0
-1
0
0
0
1
0
1
0
-1
0
1
0
0
-1
0
0
0
0
0
0
1
0
1
0
0
0
0
0
1
0
1
0
0
0
1
0
0
0
0
0
-1
0
0
0
0
0
0
0
0
0
-1
0
0
0
0
0
0
0
0
0
0
1
0
1
0
0
1
0
0
1
0
0
1
0
0
1
0
0
0
0
0
0
0
0
0
0
0
1
0
0
-1
0
0
-1
0
-1
0
0
1
1
0
0
0
-1
0
0
0
0
0
0
1
0
0
-1
0
0
0
0
-1
0
1
0
0
0
0
0
-1
0
0
0
0
0
0
0
1
0
0
0
0
0
-1
0
0
0
0
0
1
0
0
0
0
0
0
0
1
0
-1
0
-1
1
0
0
0
0
-1
0
-1
0
0
0
0
-1
1
0
0
0
1
0
-1
0
1
1
0
-1
0
0
0
0
0
0
0
0
-1
0
0
0
0
1
-1
0
0
-1
0
0
0
0
0
1
1
0
0
0
-1
-1
0
0
0
1
0
0
0
0
0
0
1
0
0
-1
0
0
1
0
0
0
0
0
1
0
0
-1
0
0
0
0
0
0
0
0
1
0
0
0
0
0
0
0
0
1
0
0
0
0
0
0
-1
0
0
0
0
1
0
0
1
0
0
0
1
-1
0
-1
0
0
0
1
0
0
0
0
0
0
1
0
0
0
0
0
0
0
0
0
-1
0
0
0
1
0
0
0
1
0
0
0
0
0
0
0
0
0
0
1
0
1
0
-1
0
0
-1
0
0
0
-1
0
0
0
-1
0
-1
1
-1
1
0
0
0
0
0
1
0
1
0
0
0
0
0
0
0
0
0
0
0
1
0
0
-1
0
0
0
0
0
0
0
0
0
0
-1
0
0
1
0
0
-1
0
0
0
0
0
0
0
0
-1
0
1
0
0
0
0
1
0
0
0
0
0
-1
0
0
-1
0
0
0
0
0
0
0
0
0
0
0
1
1
1
1
0
0
-1
1
0
0
0
0
0
0
0
0
0
0
0
0
1
0
0
1
0
1
0
0
1
0
0
0
0
1
0
0
-1
0
0
1
1
0
0
-1
0
-1
-1
0
0
0
1
1
0
-1
0
1
0
0
0
0
1
0
1
-1
0
1
0
0
0
-1
0
0
0
1
0
-1
0
-1
-1
0
0
1
0
0
0
1
1
0
0
1
1
-1
0
-1
0
0
0
1
0
0
0
0
-1
0
0
-1
0
0
-1
-1
1
0
0
0
0
-1
0
1
0
0
0
-1
1
0
1
0
1
-1
0
0
0
-1
0
0
0
0
0
0
0
0
0
0
0
0
0
0
0
0
0
1
0
0
0
0
1
0
0
0
0
0
0
0
0
0
0
0
0
0
0
0
0
0
0
0
0
1
0
0
0
0
-1
0
0
1
0
0
0
0
0
-1
0
0
0
0
0
0
-1
0
0
-1
0
0
0
-1
0
0
0
0
-1
0
0
0
0
0
0
0
0
0
0
0
0
0
0
0
-1
0
0
0
-1
0
-1
0
-1
0
0
0
0
1
0
0
0
0
-1
1
0
0
0
0
0
1
0
0
0
0
0
0
1
0
0
0
0
-1
0
-1
0
0
0
0
0
0
0
0
0
0
0
0
0
0
0
0
0
1
0
1
1
0
1
0
0
0
0
0
1
0
1
0
0
0
1
0
0
-1
0
0
1
0
-1
0
0
0
0
-1
-1
1
0
0
1
0
0
1
0
0
0
-1
1
0
0
0
0
0
0
-1
0
0
0
0
0
0
0
0
0
0
0
0
0
0
0
0
0
0
0
0
-1
0
-1
0
-1
0
0
0
0
0
-1
0
-1
1
0
0
0
0
0
-1
0
-1
0
-1
0
0
0
0
-1
0
-1
0
1
0
0
0
0
0
0
1
0
0
0
0
0
0
-1
0
0
0
0
0
0
0
0
1
0
1
1
0
0
0
0
0
0
0
0
0
0
1
0
1
0
0
0
0
0
0
0
1
0
0
0
1
0
1
1
0
0
0
0
-1
0
0
1
0
0
0
0
0
0
0
0
0
0
0
0
0
-1
0
0
0
0
0
0
0
0
0
-1
0
1
0
0
0
0
0
0
0
-1
1
0
0
0
1
0
1
0
0
0
0
0
0
0
-1
0
0
0
0
1
1
0
-1
0
-1
0
1
1
1
0
0
0
-1
0
0
0
1
0
2
-1
1
-2
-1
-2
1
0
2
3
1
1
-1
-4
-2
-1
-1
3
1
2
2
-1
0
-1
-2
-2
-1
-1
0
4
0
4
0
-4
0
-4
1
-1
3
0
2
-1
-1
-1
-2
1
-2
3
-2
4
0
-1
2
-5
2
-3
1
0
2
-1
3
0
-2
4
-3
1
-1
-2
-2
-1
-6
3
-2
5
3
4
5
-4
4
-8
-2
-1
-7
7
-2
12
3
4
0
-10
1
-14
4
-4
5
4
2
3
-2
3
-8
4
-9
1
1
0
13
-1
13
-12
4
-17
2
-4
4
13
-4
9
-14
-1
-9
4
-3
13
-3
9
-6
2
-7
-1
-5
-1
4
1
14
-1
10
-9
-6
-9
-8
2
6
8
8
-2
0
-18
3
-13
6
7
-1
13
-2
7
-2
6
-16
4
-16
-1
9
-3
24
-8
8
-11
-13
2
-7
10
8
-3
4
-6
-8
3
-2
1
7
-8
8
-9
6
-5
2
7
-1
8
-1
-3
-5
-7
-9
5
-1
12
6
-1
9
-12
-1
1
-14
11
-11
2
-1
1
-2
5
5
-8
13
-10
4
5
-9
9
-5
-2
3
-4
6
5
-1
3
-5
-8
-4
-8
-6
11
-7
24
-10
17
-13
-2
-3
-8
10
-2
14
-11
9
-14
-1
6
-5
12
-2
-1
-1
-3
-2
3
-3
9
-7
13
-6
-10
0
-15
2
-1
15
-6
17
-5
-4
4
-12
10
-12
9
-6
4
4
2
2
2
-8
-4
-3
-3
8
-9
13
-24
24
-10
13
19
-13
18
-19
12
-10
-8
1
-2
1
5
12
-10
13
-14
-4
-17
-1
-8
8
13
-2
6
-9
-2
-15
17
-22
35
-10
11
-5
-16
7
-12
28
-3
27
-11
-4
-8
-23
-2
11
-3
25
-5
2
-11
-9
-1
-4
19
1
11
-8
-17
-13
-3
4
16
9
8
-10
-6
-17
-10
-5
8
-3
29
-15
16
-7
-14
19
-17
30
2
10
1
-6
-9
-27
-14
10
-5
50
5
13
-17
-25
12
-48
35
-27
8
17
-18
11
-15
11
3
21
21
-9
2
-18
-45
30
-26
28
26
-9
23
-34
17
-23
-8
7
-30
27
-12
19
23
-26
5
-34
7
3
31
19
-9
-11
-20
-6
14
13
30
16
-25
6
-36
-13
14
-11
22
-28
0
-16
-3
13
7
13
-9
6
-37
18
-16
33
30
13
15
-11
-20
-14
9
-21
40
-25
2
-20
-18
9
0
19
2
-3
-19
0
-3
-2
6
-6
14
4
7
11
-3
14
3
-1
8
-17
-17
-1
-19
3
18
25
24
16
-21
-40
-18
-22
15
21
9
27
-23
-8
-13
-8
11
19
7
-5
-17
-8
-7
18
-1
-11
18
-27
43
-12
-2
9
-13
4
30
-1
14
5
-39
-12
-37
-18
8
-2
31
22
21
-21
14
-40
-4
22
-9
51
-2
18
-7
0
-36
-22
-9
-28
43
-11
13
0
-18
30
-2
44
-5
19
-29
-18
3
-41
34
-25
10
6
6
21
-17
9
-48
-9
-27
13
27
15
23
2
-21
-15
-18
-11
3
30
9
15
23
-11
17
-12
-11
-15
-7
4
15
6
-16
27
-22
1
-16
-30
12
-5
30
-9
0
-21
-5
3
24
13
25
-5
6
11
-4
-2
-38
4
-31
33
23
23
8
-23
-24
-33
-5
9
24
-11
5
-7
-26
-2
-23
11
17
34
37
6
-1
-41
-22
-43
-5
44
10
73
5
-17
-12
-6
-7
33
0
-8
-14
-36
-5
-22
6
4
25
7
19
-18
-23
-27
-19
8
2
-10
-3
17
18
50
17
-9
12
-14
9
22
-18
-18
-16
-9
-1
8
3
1
-7
-1
-8
12
-27
20
-30
18
-1
-1
21
-23
30
-11
50
-10
-6
-47
-38
-50
-2
-9
19
57
7
73
20
15
-25
4
-62
-13
0
-16
36
-25
42
-2
18
23
-21
-5
-53
-18
-28
-5
-8
40
23
32
63
-25
13
-60
-44
-30
-22
-4
28
50
5
74
-19
24
-42
-38
2
4
36
42
18
-10
13
-60
-17
-60
-53
-6
-30
18
48
21
62
26
1
-29
-6
-30
25
-4
1
-1
-19
-3
-15
6
-21
11
3
36
11
8
-7
-33
-23
0
16
16
30
-5
16
1
-3
34
-10
35
9
-8
-4
-18
-24
-4
-19
-54
-17
-52
-34
6
-7
1
22
2
46
36
23
16
-46
23
-7
21
36
25
21
-12
28
-17
16
31
-9
32
-38
-23
-42
-65
-15
-41
14
2
19
-8
-1
-12
-31
-25
-40
0
39
29
73
19
38
-1
-5
1
-28
-26
-30
-15
21
54
74
30
-18
-21
-65
9
-27
36
-5
1
-31
-39
-53
-40
40
54
74
-4
-7
-61
-23
-5
37
53
73
58
33
-17
-73
-37
-107
-17
-43
24
5
8
26
-25
30
-11
-2
-14
1
33
31
39
-11
-16
-22
29
34
45
0
-19
-11
-55
-14
-47
-11
-10
30
46
31
15
-14
-41
2
-44
13
-9
2
22
-6
34
-36
16
-54
-15
35
-19
63
-27
-28
-1
-12
78
11
72
-13
-23
-5
-90
53
-44
64
41
-31
37
-67
-10
-31
-12
4
17
51
5
30
-52
-7
-35
-3
22
6
36
3
8
-44
-29
-53
-20
45
-8
57
-28
-4
-19
-23
30
-14
51
15
62
4
1
-34
-27
14
40
55
7
-32
-55
-54
-47
-35
3
-14
43
25
19
21
-34
-7
-34
-7
20
29
49
59
0
-14
-38
-25
26
5
9
-28
-19
-9
-2
19
18
36
47
30
-10
-63
-87
-94
-63
-10
23
84
104
38
61
-31
-34
-72
-97
-39
-52
23
38
61
71
53
19
29
-4
59
35
9
17
-47
-26
-49
-5
-34
-24
-21
-35
12
-10
24
-58
-27
-78
-24
25
34
97
64
61
13
9
-28
-8
-25
-26
4
-25
2
-8
7
40
22
28
-25
-42
-72
-72
-42
22
44
48
35
38
-10
20
-2
-29
-19
-9
34
21
29
-17
-10
-32
5
37
7
50
1
15
-55
-74
-87
-37
12
47
92
16
6
-77
-36
-33
46
61
72
27
-23
21
-71
-14
-22
-29
-34
-10
33
15
81
2
11
-5
-1
47
3
17
-71
-57
-60
4
42
49
12
-14
-57
18
-4
39
11
-29
32
-29
-20
25
-11
34
15
-31
-25
-54
0
-16
41
29
54
58
-9
14
-69
-49
-6
27
51
24
11
-39
-36
-65
-46
-15
28
37
54
28
-16
-14
-29
-23
-12
-29
-19
-29
27
7
75
19
21
18
-37
58
24
18
-3
-9
-58
-67
0
-42
52
70
42
34
-8
-52
-7
-52
8
33
-1
100
-56
5
-74
-126
-29
-103
86
34
141
32
34
-41
-57
-12
-39
63
-2
44
31
19
-3
-27
-79
-65
-13
5
60
100
39
19
-81
-23
-82
-30
33
25
84
39
66
-30
-47
-55
-83
-36
-45
26
82
45
66
7
-35
-36
-31
-2
10
19
27
-1
8
-31
-58
-7
-29
-9
68
20
82
-18
-1
-27
-79
9
-21
34
22
29
-11
9
12
-40
21
-29
37
17
15
30
-44
-26
-79
-23
-48
9
33
3
76
-17
22
4
-9
6
-3
19
-1
-18
11
-67
36
-13
43
10
18
0
10
-22
-7
-20
-23
-5
-38
31
-25
53
-13
63
52
3
-26
-5
-59
3
12
-11
15
-44
2
-45
53
-14
39
2
14
2
-10
4
-28
7
-73
3
-26
46
59
58
10
-6
-33
-52
-54
-30
0
-26
16
23
84
27
83
7
-42
17
-82
-17
15
-42
50
13
14
3
10
-5
-38
25
-49
38
-53
27
-71
-4
13
-16
69
22
-5
-15
7
-16
39
3
57
-21
11
-41
-37
-50
14
-7
-5
53
-37
78
-40
0
-27
-18
9
6
34
-58
11
-29
51
33
32
6
-30
-6
-7
-12
-24
36
-43
79
-48
0
-23
-80
64
-80
79
11
75
46
-7
21
-59
-6
-24
-2
-38
7
-38
16
16
29
49
32
-3
-19
-5
-25
-40
-4
-56
9
-5
29
52
-42
32
-45
32
-44
28
8
-9
32
36
18
46
4
-49
11
-75
-13
-17
15
21
-5
87
-41
5
-8
-84
39
-29
16
3
-1
-20
-59
-1
-23
-14
63
41
62
46
-25
-20
-52
-21
14
68
80
56
11
-49
-61
-69
-88
8
15
40
63
22
6
-31
-71
-20
-38
-2
22
16
25
-17
27
-13
0
28
-29
13
-15
-10
-3
36
37
36
4
7
22
-26
5
-12
-50
-62
1
-66
62
-6
-3
0
0
17
20
81
19
37
-73
-26
-75
-64
66
45
102
85
0
-14
-51
-71
-72
-72
-50
-29
-7
66
114
-5
18
-54
9
-22
-19
33
-43
13
-77
31
-32
70
105
87
64
-32
-16
-114
17
-97
114
12
47
123
-106
36
-132
20
-84
68
8
-81
84
-114
107
-62
39
46
-85
88
-9
6
-34
-71
16
-21
34
0
0
71
-67
173
-95
38
-44
-106
11
-101
59
-40
64
-33
141
-44
128
32
-60
34
-140
24
-79
91
-9
56
27
-15
43
-109
-10
-1
-88
50
5
3
-11
-34
20
-83
30
31
57
54
17
-11
-19
-16
-73
20
50
35
55
-13
-1
-40
10
-34
11
-79
41
13
-12
62
-71
13
-46
51
-47
26
9
-35
-20
-21
33
-23
53
-34
17
-19
47
34
-4
17
11
-6
45
-27
-24
-50
-18
-13
-12
-7
34
21
-2
-19
-25
-5
65
33
77
-32
36
-40
-113
56
-117
-39
-44
-19
46
-47
64
-6
88
-1
62
3
-26
10
-60
70
38
51
36
6
1
35
39
26
-3
-129
-80
-44
-114
16
-48
-64
44
42
-13
44
-28
-1
30
-47
26
50
80
76
12
-56
44
-60
133
-3
-62
14
-57
10
-15
45
-29
7
-65
-28
-17
-10
35
73
72
58
-75
2
-139
11
-57
-65
-4
44
16
169
28
30
17
-118
-1
-114
-31
-38
30
33
82
25
50
44
60
25
-86
-34
-90
-6
70
-11
144
-70
-53
-114
-77
-1
-30
103
7
16
-53
17
-89
5
7
40
228
49
243
-24
-6
-167
-168
-255
-211
29
54
178
150
74
28
-6
-80
-29
62
24
-90
77
-153
28
63
-174
-79
-29
49
69
133
80
-30
-68
32
31
-32
23
12
69
77
23
-5
-71
-25
1
20
-57
54
-64
55
-70
-242
-153
-153
66
149
277
185
160
-11
-50
-51
-126
-125
-51
-105
13
67
33
105
-52
-48
-44
-79
28
185
126
39
-117
-180
-177
-59
93
160
220
173
24
128
-35
82
-44
-107
42
-148
-17
-175
-140
-96
-64
-44
82
-39
16
-34
-17
91
-35
98
13
36
113
35
191
56
130
54
21
57
-22
62
-133
-138
-241
-323
-205
-140
-67
19
33
158
52
114
84
137
171
-5
75
7
-26
64
-25
179
-32
153
54
88
158
-89
-15
-233
-150
-259
-123
-56
-101
-45
8
-72
-46
-112
-141
-93
-16
100
215
197
245
142
50
60
-47
91
-123
98
31
-43
-49
-140
-85
-191
4
-78
3
-64
-95
-8
-131
-86
-93
-18
99
99
202
157
47
6
44
-35
123
16
-19
23
-92
17
27
47
84
135
110
-25
79
13
43
42
-50
-64
-138
11
-34
-18
105
-143
61
16
-65
62
-133
48
11
40
101
146
38
5
-36
-99
-55
-152
-73
-145
-112
-49
-91
32
-71
70
-14
-55
104
-118
125
-51
86
27
34
47
-51
1
-118
11
-100
97
-13
177
41
3
109
-166
9
-182
16
-167
-54
-74
21
103
152
75
58
51
-44
283
-73
198
-51
14
110
103
106
97
124
4
150
15
81
-67
-87
-130
-157
-149
-104
-125
-94
-54
-105
31
-148
42
-103
79
-11
186
43
61
114
-51
142
-195
-18
-271
-227
-70
55
86
158
102
33
130
60
122
-1
74
89
-15
67
-9
19
-82
-19
-125
-279
-141
-231
-37
48
72
-25
-71
-174
-120
26
55
129
92
239
73
32
-26
-102
-63
-103
9
-12
-124
-125
-266
-181
-328
-128
-103
134
211
129
220
-47
-5
18
73
66
146
161
283
219
138
2
-75
-100
-84
81
86
11
38
70
67
66
5
39
-38
105
14
-3
-64
-205
-77
-40
-29
107
82
168
36
140
-28
42
47
26
187
27
76
-64
-126
-154
-200
-141
-94
-56
-39
-10
-137
-137
-162
-106
-139
-57
51
40
82
91
83
105
97
86
110
-33
-136
-142
-196
-244
-157
-19
20
93
114
146
91
73
76
25
46
49
23
-36
-24
-37
11
-4
54
146
181
144
247
111
-84
-113
-171
-85
-200
-164
-160
-118
-157
26
-6
58
-21
28
78
40
173
75
71
-12
-29
-25
-141
-5
-37
-84
-47
-31
-66
-120
9
-110
31
-10
-7
53
25
67
45
222
117
183
105
49
119
68
131
126
186
74
96
86
33
53
-12
3
-109
-143
-204
-213
-213
-231
-96
-137
-67
36
-95
148
11
-30
25
-61
64
-138
17
-221
-103
-156
-93
-33
-145
-27
-88
47
-64
27
-34
19
46
27
17
20
48
-63
100
65
112
94
105
158
172
236
270
322
256
231
178
162
104
103
82
90
9
-47
-80
-135
-164
-187
-150
-157
-155
-123
-72
-107
-110
-120
-117
-97
-93
-104
-166
-124
-194
-106
-95
-151
-75
-104
2
-16
49
81
23
45
56
138
89
32
46
-26
-26
-42
-53
-57
-7
26
23
110
52
111
146
153
241
261
335
364
371
358
322
299
194
166
38
-93
-126
-249
-281
-333
-333
-341
-366
-274
-267
-279
-269
-261
-218
-219
-153
-126
-56
-17
-35
-21
-64
-105
-110
-42
-44
-30
8
75
100
150
126
127
109
36
26
-13
-52
-130
-151
-236
-238
-293
-274
-212
-149
-4
29
169
269
386
479
623
714
847
978
1034
1122
1103
1107
1026
954
881
858
820
773
781
711
687
645
607
535
522
403
303
190
35
-164
-361
-567
-829
-886
-989
-1039
-1122
-1156
-1182
-1169
-1081
-1041
-962
-1008
-1021
-1032
-1154
-1250
-1411
-1612
-1815
-2076
-2327
-2615
-2903
-3132
-3320
-3495
-3619
-3716
-3916
-3663
-3344
-2573
-1821
-1049
-224
760
2044
3270
4464
5172
5811
6124
6621
6718
6570
5989
5197
4490
3733
3125
2291
1493
816
177
-261
-687
-992
-1103
-1196
-1121
-1098
-1059
-972
-865
-670
-645
-582
-540
-441
-212
-27
239
468
748
1132
1497
1867
2145
2362
2538
2673
2694
2589
2344
1954
1516
991
364
-263
-855
-1399
-1886
-2419
-2818
-3107
-3299
-3369
-3404
-3368
-3349
-3315
-3306
-3395
-3547
-3858
-4291
-4792
-5333
-5877
-6267
-6744
-7061
-7602
-7509
-7159
-6021
-4704
-3398
-1811
-141
2220
4458
6793
8060
9160
9675
10460
10734
10445
9409
7938
6622
5367
4247
2753
1342
21
-974
-1631
-2176
-2567
-2684
-2672
-2342
-2334
-2254
-2146
-1989
-1630
-1532
-1489
-1397
-1200
-623
-8
690
1338
2050
2954
3854
4739
5361
5809
6140
6218
6080
5674
5048
4280
3346
2389
1312
276
-632
-1517
-2270
-2938
-3424
-3681
-3811
-3871
-3886
-3797
-3671
-3452
-3287
-3212
-3295
-3507
-3796
-4189
-4813
-5539
-6340
-7018
-7656
-8259
-8783
-9293
-9060
-8496
-6949
-5562
-3856
-2106
99
2819
5473
7840
9223
10515
11140
12101
12136
11590
10208
8552
7087
5566
3995
2133
238
-1189
-2354
-3099
-3804
-4313
-4357
-4318
-3803
-3651
-3469
-3217
-2941
-2562
-2436
-2373
-2285
-1935
-1194
-356
452
1542
2691
4379
5838
7247
8241
8985
9628
9748
9506
8563
7319
5965
4389
2716
943
-684
-1969
-3059
-3703
-4222
-4352
-4253
-4000
-3513
-3048
-2532
-2100
-1700
-1457
-1517
-1714
-2118
-2640
-3467
-4469
-5598
-6697
-7848
-8746
-9660
-10396
-10957
-11366
-10875
-10197
-8476
-6911
-5067
-3024
-741
2067
4769
7384
8979
10529
11394
12594
13073
12709
11665
10010
8516
6880
5164
3225
1023
-864
-2484
-3629
-4533
-5305
-5500
-5495
-5114
-4660
-4350
-3791
-3382
-2795
-2429
-2394
-2226
-2000
-1396
-841
-326
254
1273
2753
4529
6100
7502
8610
9792
10806
11209
11134
10037
8893
7314
5674
3828
1572
-358
-2123
-3274
-4047
-4574
-4574
-4382
-3775
-3009
-2242
-1350
-659
54
398
384
30
-703
-1597
-2764
-4201
-5820
-7594
-9143
-10615
-11700
-12629
-13237
-13810
-13678
-12751
-11039
-8545
-6552
-4037
-1959
1353
4459
7805
9959
11265
12351
13231
14485
14210
13244
11205
9316
7687
5934
3980
1551
-881
-2665
-4111
-4861
-5722
-6256
-6323
-6152
-5546
-5224
-4746
-4250
-3799
-3277
-3065
-2888
-2559
-2033
-1309
-767
-312
665
1969
3951
5564
7050
8286
9477
10910
11691
11994
11163
9992
8672
7321
5668
3429
1041
-981
-2356
-3278
-3864
-4249
-4316
-3892
-3035
-1952
-961
-139
522
1063
1363
1157
639
-350
-1587
-3187
-5037
-6895
-8715
-10428
-11978
-13180
-14256
-14738
-15186
-14272
-13090
-10673
-8410
-5945
-3240
-401
3407
6544
9739
11050
12575
13305
14610
14838
13709
11957
9621
7981
6233
4171
1846
-822
-2704
-3915
-4723
-5152
-6004
-6112
-5784
-5024
-4193
-3926
-3482
-3133
-2637
-2082
-2021
-1957
-1906
-1504
-920
-377
246
1142
2514
4115
5694
7081
8352
9458
10536
10994
10906
10147
8931
7757
5992
4116
1745
-475
-1928
-3169
-3832
-4510
-4757
-4220
-3316
-1959
-977
-15
810
1559
2311
2428
2064
1024
-343
-1867
-3668
-5689
-7748
-9935
-11871
-13548
-14817
-15488
-16322
-15656
-14842
-12355
-9845
-7222
-4173
-1086
2872
6260
9730
11361
13125
13804
14971
15256
14000
12281
9769
8016
6231
4034
1685
-935
-2797
-3718
-4474
-4840
-5645
-5708
-5213
-4386
-3535
-3436
-3136
-3014
-2616
-2200
-2199
-2294
-2380
-2164
-1451
-934
-295
655
1870
3721
5154
6667
7920
9096
10195
10647
10543
9767
8598
7382
5734
3717
1401
-749
-2089
-3113
-3745
-4262
-4468
-3806
-2718
-1276
-43
804
1656
2450
3237
3535
3051
1901
423
-1242
-3054
-5313
-7547
-10012
-12078
-13977
-15231
-16287
-16847
-16221
-15039
-12227
-10075
-7006
-4376
-446
3277
7142
9720
11287
12928
13579
15237
14535
13218
10857
8629
7196
5372
2952
408
-2162
-3327
-4071
-4500
-4987
-5705
-5278
-4639
-3416
-2840
-2800
-2590
-2476
-1995
-1758
-1989
-2122
-2186
-1908
-1241
-894
-81
1126
2663
4395
5661
7143
8487
9820
10571
10401
9904
8628
7588
6167
4197
1990
-617
-2255
-3248
-3960
-4340
-4700
-4259
-3219
-1753
-204
979
2014
2882
3713
4317
4141
3391
1968
191
-1789
-4285
-6596
-9105
-11305
-13621
-15283
-16840
-17012
-16557
-15004
-12666
-10634
-7567
-4693
-201
3428
7541
9387
11458
12669
14062
15380
14342
12970
10262
8399
6830
4751
2333
-490
-2916
-4070
-4900
-5119
-5721
-5926
-5408
-4644
-3420
-2960
-2491
-1939
-1793
-1283
-1430
-1575
-1521
-1437
-886
-693
-455
442
1808
3814
5283
6438
7677
8988
10545
11167
10813
9743
8184
6985
5281
3102
521
-2264
-3918
-5192
-5866
-6267
-6435
-5616
-4531
-2953
-1231
401
2088
3335
4329
4810
4661
4040
2687
975
-1396
-4106
-6802
-9277
-11807
-13696
-16103
-16995
-17094
-15920
-13396
-11480
-8419
-5758
-1376
2456
7061
9379
11523
12878
14005
15657
14654
13517
10823
8745
6903
4634
2189
-513
-3072
-4446
-5646
-5945
-6409
-6516
-5731
-5140
-3894
-3386
-2724
-1906
-1594
-1160
-1264
-1553
-1451
-1466
-954
-548
-437
506
1645
3870
5662
7160
8517
9690
11227
11814
11776
10652
9022
7428
5447
2979
162
-2753
-4819
-6312
-7448
-8148
-8351
-7522
-6203
-4490
-2756
-986
1009
2948
4498
5328
5245
4721
3791
2203
46
-2802
-5519
-8397
-11116
-13441
-15646
-16279
-16588
-15151
-13150
-10738
-7826
-4311
-324
3857
7845
9805
12511
13130
15030
15274
14001
12478
9580
7932
5737
3186
618
-2290
-4127
-5197
-6257
-6546
-7287
-6747
-5912
-4931
-3845
-3713
-2919
-2473
-2133
-1738
-2200
-2275
-2253
-2136
-1141
-776
162
1522
3264
5887
7655
9650
10972
12443
13420
13475
12884
11170
9395
7181
4543
1445
-1876
-4500
-6286
-7839
-9022
-9769
-9576
-8352
-6727
-4849
-3053
-1316
692
2740
4463
5303
5110
4373
3251
1596
-568
-3096
-5709
-8764
-11297
-13939
-14744
-14823
-14018
-12404
-10862
-7963
-4562
-355
3547
7279
8897
11484
12431
14341
14904
13280
11734
8775
7501
5669
3384
714
-2279
-4247
-5099
-5857
-6241
-7192
-7220
-6415
-5564
-4323
-4394
-3867
-3562
-3321
-2871
-3284
-3176
-3006
-2804
-1894
-1324
-209
1870
3845
6658
8435
10434
12314
14065
15178
15097
14000
12120
10309
8052
5508
1625
-2030
-4932
-6703
-7965
-9436
-10370
-10656
-9720
-8109
-6249
-4437
-2971
-1423
515
2176
3286
3383
2984
2136
729
-1013
-2781
-4816
-7040
-9598
-11705
-12022
-12013
-10283
-9226
-7459
-5251
-1921
1872
6050
8406
9876
11346
11981
14149
13267
12115
9503
7102
5744
3853
1778
-799
-3511
-4999
-5960
-6470
-6924
-7680
-7145
-6726
-5733
-5237
-5268
-4462
-4324
-3703
-3648
-3934
-3390
-3128
-2213
-1447
-807
823
2819
5512
8001
9814
11789
13491
15300
16160
15815
14350
12415
10536
8426
5313
1535
-2051
-4706
-6352
-8102
-9367
-10434
-10622
-10000
-8878
-7220
-5851
-4530
-3132
-1673
-254
530
901
691
-343
-1480
-2681
-3743
-5160
-7098
-9409
-9839
-9717
-8206
-6650
-5561
-3531
-823
2672
6491
9224
10192
11821
11814
13720
13303
11812
9694
6770
5329
3268
1207
-1242
-3674
-5435
-6346
-7251
-7624
-8393
-7774
-7273
-6613
-6089
-6319
-5287
-4951
-4309
-4211
-4660
-4082
-3460
-2414
-1317
-897
493
2527
5062
7834
9498
11345
12864
14595
15908
15866
14806
12916
11029
9201
6582
3367
69
-2787
-4702
-6557
-7852
-8855
-9410
-9313
-8948
-7952
-6924
-5806
-4632
-3590
-2729
-2305
-1877
-1720
-2186
-3197
-4331
-5332
-6114
-7248
-8634
-8619
-8276
-6426
-4467
-2806
-267
2633
5715
9715
11303
12700
13633
13556
15104
13337
11599
8581
5888
4355
2000
-493
-3274
-5822
-6774
-7456
-7827
-8485
-9345
-8330
-7769
-6333
-6176
-6509
-5693
-5506
-4474
-4421
-4726
-4167
-3630
-2224
-1010
-103
1630
3634
6346
8670
10230
11925
13119
14574
15043
14304
13023
10901
9238
7084
4195
1277
-1561
-3313
-4737
-6096
-7156
-7821
-7714
-7278
-6653
-6018
-5667
-4872
-4022
-3227
-2982
-3411
-3589
-3996
-4313
-5126
-6114
-7085
-7749
-8578
-8511
-7701
-6553
-4118
-2316
249
3317
6387
9903
13078
13805
15316
14765
15520
15363
12916
10530
6663
4596
2410
-32
-2815
-5682
-7756
-8304
-8989
-8939
-10045
-9900
-9061
-8039
-6637
-7141
-6724
-6374
-5606
-4686
-4849
-4636
-3986
-2909
-1123
151
1693
3751
5925
8863
10595
12261
13540
14443
15228
14523
13007
10839
8571
6595
3812
422
-2523
-4769
-5635
-6577
-7435
-7855
-7883
-6927
-5907
-4755
-4093
-3859
-3211
-2642
-2140
-2581
-3619
-4535
-5405
-6241
-7037
-8077
-8646
-9434
-9680
-8202
-6728
-3856
-1621
406
3839
7016
10646
14322
15212
16514
16195
16228
16770
14485
12197
8253
5529
3487
906
-1451
-4454
-6972
-8154
-9217
-9217
-10185
-10585
-10294
-10059
-8749
-8889
-8645
-8270
-7922
-6796
-6500
-5853
-4709
-3331
-1214
596
2660
5208
7778
10796
12502
14071
15190
15658
16258
14923
13090
10439
7591
5655
2551
-734
-3763
-6071
-6797
-7706
-8225
-8380
-8264
-7216
-6271
-4789
-4033
-3695
-3191
-2925
-2374
-2921
-3993
-5078
-6354
-7250
-7943
-8952
-9316
-10293
-10072
-8339
-6339
-2832
-791
1556
5180
8182
12575
15485
16307
17616
16657
17667
17273
15202
12620
8664
6471
4354
1866
-457
-3591
-5602
-6910
-7991
-8355
-9843
-9879
-10296
-10105
-9833
-10439
-10195
-10130
-9693
-8921
-8818
-7826
-6359
-4383
-1834
112
2881
5640
8950
12135
13906
15828
16363
16830
16939
15178
13407
10084
7158
4723
1214
-1607
-4545
-6505
-7479
-8462
-8572
-8587
-8098
-7305
-6493
-5256
-4699
-4061
-3830
-3650
-3534
-4223
-4997
-6031
-7317
-8020
-8911
-9526
-9858
-10747
-9587
-7964
-5232
-1823
-134
3174
6422
9871
14345
15685
17142
17304
17023
18255
16786
15068
11661
8504
6840
4536
2561
-123
-2809
-4102
-5501
-5968
-7318
-8316
-8504
-9207
-9086
-9902
-10402
-10479
-10806
-10511
-10365
-10064
-8832
-7353
-5059
-2697
36
3073
6436
9880
12386
14766
16140
17021
17371
16273
14675
12002
9102
6489
3300
286
-2598
-4786
-6073
-7173
-7582
-7768
-7498
-6980
-6516
-5795
-5378
-4872
-4680
-4880
-5096
-5745
-6358
-7104
-8185
-9044
-9713
-10140
-10217
-10734
-10138
-8496
-6337
-2810
-758
1945
5183
7938
12377
14517
15859
16729
15974
17184
16615
15309
13047
9802
8242
6290
4643
2568
-19
-1377
-2880
-3574
-4819
-6310
-6679
-7495
-7604
-8529
-9764
-9990
-10277
-9963
-9833
-10116
-9276
-8054
-5863
-3504
-1086
1580
4504
7849
10430
12769
14303
15074
15645
14813
13428
11278
8545
6212
3533
666
-1748
-3793
-4953
-5712
-6253
-6347
-6336
-6016
-5730
-5338
-5194
-5276
-5308
-5749
-6179
-6771
-7621
-8284
-9151
-9893
-10305
-10693
-10542
-10819
-9927
-8239
-6049
-2491
-782
2364
5152
7891
12087
13559
15256
15542
14997
16003
14988
13911
11609
8887
7693
5852
4657
2836
877
-16
-1237
-1542
-2861
-4060
-4555
-5372
-5486
-6750
-8055
-8672
-9251
-8986
-8949
-9283
-8530
-7641
-5656
-3092
-817
1996
4588
7273
9813
11638
13017
13693
13600
12659
10955
9133
6830
4631
2170
-347
-2108
-3552
-4262
-4646
-5061
-5120
-5130
-4932
-4564
-4545
-4592
-5075
-5362
-5786
-6435
-7008
-7912
-8641
-9303
-9934
-10250
-10467
-10610
-10636
-9331
-7860
-5044
-2142
-394
3110
5134
8727
12065
13202
14908
14162
14460
14670
13436
12059
9255
7297
5768
4187
3005
1131
111
-809
-1412
-1620
-2784
-2999
-3453
-3672
-3940
-5124
-6029
-6545
-6996
-6796
-7165
-7364
-6898
-5986
-4055
-1803
233
2526
5064
7325
9655
10812
11580
12010
11569
10545
8657
6613
4600
2622
676
-1259
-2541
-3560
-4069
-4077
-4353
-4253
-4523
-4601
-4525
-4712
-4844
-5235
-5634
-6229
-6771
-7339
-7713
-8202
-8752
-9355
-9904
-9899
-10253
-9262
-8150
-6374
-3305
-1876
1838
4187
7063
10800
11975
14255
14178
14010
14298
12816
11680
9042
6708
5020
2980
1855
-128
-1120
-1931
-2526
-2224
-3024
-2920
-2894
-2982
-2450
-3084
-3596
-3919
-4636
-4342
-4521
-4713
-4506
-4324
-2786
-991
836
2772
4330
6489
8219
9283
9940
9712
9524
8436
7047
5504
3475
1995
288
-885
-1680
-2603
-2911
-3236
-3266
-3351
-3791
-3939
-4496
-4769
-5247
-5673
-5856
-6435
-6741
-7184
-7678
-7685
-7992
-8069
-8679
-9374
-9762
-9429
-7850
-6695
-4195
-2915
46
3129
5933
9869
11361
13365
13839
13844
14257
13099
11504
8874
6175
4466
2334
902
-1116
-2445
-2914
-3577
-3272
-3790
-3580
-3179
-2936
-2537
-2671
-3011
-2814
-2910
-2659
-2527
-2659
-2070
-1661
-40
1397
3033
4436
5395
7027
7846
8594
8433
7626
6874
5508
4399
3039
1509
213
-941
-1467
-1704
-1845
-1928
-2195
-2373
-2677
-2973
-3218
-3913
-4574
-5264
-5649
-5685
-5874
-6066
-6460
-6870
-6911
-6910
-7005
-7637
-8580
-9677
-9143
-8284
-6774
-4575
-3626
-187
2234
5869
9560
11298
13567
13642
13841
13751
12538
10902
8078
5422
3237
1110
-66
-1859
-2577
-3214
-3718
-3457
-3912
-3452
-3090
-3053
-2862
-3421
-3645
-3287
-3146
-2374
-2166
-1517
-528
827
2954
4523
6287
6914
7642
8348
8271
8258
6935
5406
3917
2459
1608
543
-628
-1495
-1918
-1902
-1678
-1773
-1977
-2488
-3066
-3635
-4010
-4292
-4729
-5001
-5364
-5131
-4654
-4296
-3976
-4363
-4735
-5033
-5206
-5814
-6761
-8444
-9345
-8585
-8167
-5385
-4435
-2030
1105
3487
7994
9964
12175
12965
12501
12499
11280
9794
7631
4776
3014
924
-62
-1106
-2064
-2038
-2780
-2823
-3433
-4023
-3771
-4038
-4147
-4567
-5344
-4601
-4045
-2721
-1450
-458
1400
3308
5679
7637
8908
9304
9296
8940
8371
7526
6252
4425
2865
1488
773
325
-372
-840
-1322
-1795
-2086
-2462
-2918
-3699
-4950
-5939
-6556
-6421
-6116
-5808
-5523
-4962
-4022
-3081
-2247
-2207
-2462
-3090
-3790
-4515
-5800
-7117
-8232
-7781
-7431
-4886
-3377
-1032
2222
4111
8108
9554
11199
11687
10829
10325
8783
6898
5144
2889
1890
560
-95
-609
-1203
-736
-1432
-1700
-3170
-4656
-5151
-5763
-5981
-6396
-7129
-6318
-4966
-2790
-265
1432
3904
6087
8379
10292
10869
10907
9884
8779
7671
6302
5136
3435
2272
1508
991
868
406
60
-356
-1385
-2163
-3235
-4161
-5009
-6193
-6950
-7580
-7366
-6641
-5924
-4997
-4452
-3847
-3145
-2716
-2592
-2929
-3696
-4347
-5397
-6236
-7052
-7045
-5580
-4530
-1236
46
2820
5351
6903
9845
9927
10393
9467
7932
6973
5434
3760
2481
919
991
484
792
316
-286
-360
-1654
-2395
-4835
-6665
-7701
-8399
-8211
-7909
-7570
-5591
-3622
-614
2093
4598
7205
8689
10287
10428
10842
10118
8866
7742
6131
5219
4337
3278
2868
2143
1456
892
-10
-537
-1561
-2704
-3796
-4941
-5550
-6081
-6199
-6178
-5988
-5305
-4828
-4021
-3443
-3311
-3237
-3510
-3919
-4234
-4842
-5387
-5995
-6740
-6988
-7033
-5186
-3706
-466
1978
3632
6496
7090
9656
10466
10268
9389
7115
5821
5116
3908
3131
1658
1208
1265
1327
1497
94
-524
-2403
-3741
-5577
-7945
-8978
-9719
-9388
-8344
-7670
-5794
-3609
-1093
1741
3900
6179
7574
8952
9494
9849
9792
8892
8483
7600
6756
6091
4931
4310
3401
2056
750
-748
-1940
-2921
-4183
-5126
-5823
-6241
-6151
-5923
-5496
-4786
-4032
-3371
-2885
-2617
-2569
-2738
-2975
-3553
-4095
-4671
-5286
-5614
-6217
-6429
-6750
-5465
-3901
-1182
1824
3088
5729
6197
8350
9620
9676
9345
7311
6105
5549
4821
4481
3444
2565
2464
1698
1901
330
-615
-2518
-4498
-6151
-8467
-9196
-9725
-9257
-8259
-7399
-5881
-3678
-1688
989
3037
4772
6552
7252
8187
8516
8693
8606
8283
7739
6980
6470
5780
5120
4024
2374
768
-748
-2313
-3301
-4768
-5876
-6574
-7294
-6960
-6788
-6151
-5318
-4543
-3464
-2758
-2122
-1932
-1926
-2065
-2565
-2944
-3555
-4073
-4495
-5187
-5485
-5930
-4357
-3086
-134
2250
3541
6078
6139
8150
8647
8624
8176
6275
5041
4499
3912
4190
3488
3342
3091
2537
2472
859
7
-2309
-4283
-6463
-8694
-9335
-9543
-8718
-7324
-6361
-4699
-2853
-965
1865
3402
5264
6036
6459
7200
7172
7855
7486
7544
6937
6335
6037
5393
4849
3721
1992
484
-1338
-2700
-3698
-5132
-5825
-7051
-7599
-7651
-7467
-6435
-5812
-4845
-4103
-3428
-2548
-2227
-1756
-1772
-2133
-2445
-3196
-3328
-3790
-4090
-4598
-4940
-3160
-1980
1830
3493
5206
6933
6516
8389
8080
8070
7171
5088
3951
3182
2852
3420
3048
3500
3008
2714
2184
754
-81
-2631
-4486
-6990
-8911
-9155
-9153
-7643
-6146
-4849
-3097
-1641
566
2843
4610
5940
6132
6183
6204
6420
6988
6848
6855
6079
5741
5437
4857
4270
2953
1466
-168
-1924
-3237
-4425
-5569
-6474
-7638
-8101
-8241
-7678
-6804
-6057
-5190
-4480
-3861
-3197
-2805
-2263
-2048
-2172
-2375
-2911
-2983
-3355
-3346
-4126
-3015
-2187
366
3520
4647
7227
6766
7674
8121
7871
7746
6131
4431
3646
2688
3138
2918
3074
3100
2399
2401
709
65
-1940
-3732
-5270
-7489
-7987
-8300
-7593
-5764
-4507
-2837
-1442
-262
1819
3485
5117
6025
5895
5992
5742
6463
6696
6800
6581
5591
5418
4577
4024
3267
1911
846
-798
-2288
-3391
-4648
-5396
-6423
-7533
-8072
-8472
-7763
-7254
-6545
-5996
-5678
-4873
-4342
-3529
-2863
-2755
-2327
-2637
-2597
-2833
-2879
-3225
-2716
-1689
-226
3243
4497
7148
7398
7399
8054
7514
7832
6843
5313
4160
3112
2977
3281
3189
3272
2357
1906
613
-440
-1828
-3810
-4930
-6927
-7523
-7751
-7449
-5676
-4326
-2586
-1055
-34
1554
3012
4418
5480
5616
5686
5423
5933
6171
6612
6566
5823
5451
4456
3921
3173
2072
1155
-129
-1375
-2414
-3564
-4405
-5263
-6177
-6933
-7482
-7502
-7270
-6926
-6856
-6806
-6540
-5992
-5343
-4637
-4443
-3947
-3707
-3514
-3377
-3559
-3703
-2760
-1818
357
3481
4948
7891
7715
8100
8458
7996
8752
7761
6528
5331
4116
4082
4126
3982
3810
2847
2129
662
-709
-2405
-4154
-5309
-6768
-7021
-7413
-6938
-5450
-4156
-1963
-748
270
1154
1696
2639
3445
3939
4374
4322
4728
5327
6017
6754
6521
6082
4839
3794
2791
1860
1103
-76
-1012
-2039
-2915
-3539
-4200
-4708
-5113
-5699
-6162
-6635
-6990
-7033
-7096
-6765
-6651
-6110
-5735
-5256
-4584
-4424
-4175
-4403
-4667
-4522
-3674
-2311
634
2756
5483
7277
7651
8644
8118
8489
8525
8107
7728
6871
6160
5806
5414
5300
4797
4097
2991
1070
-808
-3137
-4639
-5869
-6402
-6447
-6342
-5409
-4480
-3000
-1705
-844
-344
-273
-550
-382
-395
225
990
1985
3213
4157
5110
5374
5349
4805
4035
3259
2405
1666
995
327
-141
-567
-972
-1240
-1736
-2078
-2676
-3328
-4009
-4809
-5260
-5599
-5452
-5093
-4537
-4013
-3656
-3357
-3275
-3234
-3397
-3709
-4030
-4000
-3520
-2376
-653
977
2784
3841
4385
4601
4189
3988
3692
3539
3941
4330
4929
5253
5045
4739
4197
3582
2881
1836
657
-667
-1776
-2543
-2743
-2333
-1474
-362
546
1313
1315
964
-64
-1166
-2171
-2692
-2732
-2178
-1406
-484
277
594
711
383
39
-521
-950
-1430
-1672
-1711
-1396
-663
177
1172
1975
2407
2667
2409
1918
1316
493
42
-109
-29
561
1066
1345
1500
984
351
-301
-1031
-1372
-1616
-1662
-1431
-1095
-925
-1010
-1652
-2486
-3043
-3377
-3107
-2830
-2496
-2166
-2014
-1772
-1688
-1785
-1766
-1848
-1627
-1101
-537
202
789
1165
1480
1690
1901
2281
2602
3038
3463
3825
4144
4271
4239
3933
3381
2547
1599
599
-239
-774
-968
-773
-408
-51
119
212
24
-61
-394
-795
-1016
-1293
-923
-638
-37
356
512
763
585
568
375
-30
-100
-484
-591
-554
-758
-425
-423
-281
-86
-247
-221
-351
-554
-575
-891
-1099
-1338
-1534
-1645
-1904
-2206
-2698
-3031
-3264
-3278
-3042
-2691
-2188
-1569
-1047
-587
-309
-262
-249
-280
-115
248
869
1571
2308
2888
3334
3566
3666
3720
3696
3707
3619
3486
3264
3032
2672
2158
1422
445
-441
-1248
-1765
-1969
-2057
-1972
-1840
-1706
-1390
-1208
-971
-930
-895
-765
-655
-229
-18
443
746
1027
1284
1301
1352
1263
1114
1035
798
676
390
222
88
-37
156
30
223
141
-47
-78
-741
-1067
-1753
-2333
-2514
-3037
-2936
-3131
-3229
-3127
-3577
-3561
-3771
-3714
-2884
-2261
-976
-137
405
1012
909
1266
1396
1623
2232
2530
3176
3620
3841
4245
4139
4204
3986
3501
3210
2534
2217
1763
1248
946
272
-87
-611
-1089
-1397
-1937
-2226
-2598
-2855
-2789
-2860
-2541
-2327
-2017
-1535
-1306
-642
-329
151
515
495
813
768
1089
1361
1517
1809
1721
1709
1452
1190
1017
833
806
711
585
422
190
-12
-275
-496
-843
-1270
-1866
-2446
-2971
-3457
-3621
-3822
-3806
-3741
-3731
-3487
-3203
-2737
-2048
-1348
-514
244
792
1317
1598
1958
2249
2548
2912
3226
3686
4091
4327
4470
4298
3997
3574
2974
2460
1915
1523
1200
724
414
1
-187
-284
-507
-747
-1238
-1735
-2104
-2411
-2417
-2056
-1727
-926
-634
-451
-419
-796
-628
-410
8
781
966
1122
825
96
-345
-874
-994
-775
-654
-427
-386
-641
-637
-832
-671
-582
-613
-688
-1005
-1161
-1386
-1551
-1815
-2149
-2551
-2804
-3045
-3010
-3000
-2972
-2837
-2602
-2066
-950
62
1171
1884
1823
2210
1919
2541
2987
3357
4053
3921
4405
4448
4571
4791
4303
4144
3389
2765
2422
1683
1615
1118
740
559
-14
-15
-385
-610
-788
-1292
-1446
-1948
-2142
-2214
-2202
-1785
-1640
-1302
-1170
-1115
-753
-633
-348
-327
-462
-461
-543
-420
-289
-375
-451
-820
-1128
-1396
-1681
-1714
-1842
-1795
-1728
-1885
-2020
-2436
-2750
-3010
-3253
-3343
-3554
-3791
-3833
-4031
-3526
-2891
-1745
189
1192
2962
2896
2951
2963
2501
3602
3640
4238
4580
4420
5275
5447
5792
5867
4668
4166
2828
2320
2081
1543
1634
1092
1005
905
638
538
13
-358
-919
-1509
-2012
-2412
-2206
-1759
-942
-274
8
143
-61
5
-9
-36
-171
-559
-708
-748
-482
-86
-69
-196
-775
-1436
-2001
-2657
-3027
-3375
-3530
-3534
-3519
-3517
-3605
-3827
-4099
-4362
-4691
-4915
-5303
-5325
-5546
-4774
-3941
-2193
88
1389
3528
3090
3639
3369
3383
4650
4569
5455
5639
5697
6716
6810
7285
7085
5883
5372
3855
3375
2782
2133
2025
1245
949
475
-17
-243
-717
-969
-1615
-2305
-3056
-3431
-3249
-2664
-1883
-1317
-1021
-818
-638
-207
178
356
241
-178
-389
-371
-4
444
656
571
99
-498
-1259
-1910
-2502
-2930
-3132
-3344
-3383
-3659
-3803
-4027
-4269
-4239
-4743
-4935
-5561
-5901
-5229
-4683
-2392
-714
1051
2646
2395
3343
3077
3756
4749
4691
5388
5160
5235
5912
5811
6293
5765
4950
4287
3017
2699
2067
1946
1849
1383
1173
655
448
208
53
-259
-876
-1610
-2437
-2804
-2703
-2302
-1609
-1412
-1253
-1308
-1327
-999
-967
-906
-1267
-1642
-1727
-1554
-968
-314
246
675
876
807
478
-78
-711
-1090
-1426
-1467
-1653
-2006
-2321
-2767
-2843
-2981
-3240
-3619
-4376
-4890
-4662
-4124
-2177
-650
985
2067
1732
2184
1663
2318
2941
3138
3755
3574
3867
4436
4544
5069
4554
3936
3319
2212
2011
1449
1432
1491
1189
1212
748
593
455
276
123
-370
-996
-1763
-2215
-2184
-1651
-783
-120
284
257
144
20
-147
-297
-760
-1228
-1667
-1848
-1654
-1394
-1019
-1015
-1190
-1558
-2086
-2327
-2555
-2424
-2183
-1904
-1509
-1380
-1262
-1331
-1465
-1577
-1778
-2080
-2372
-2864
-2873
-2490
-1577
154
1243
2690
2755
2732
2565
2059
2638
2462
2950
3050
2962
3331
3192
3399
3393
2910
2782
1979
1589
1192
675
859
441
643
417
142
171
-302
-162
-482
-782
-1049
-1659
-1614
-1503
-1006
-233
85
490
435
317
290
8
-25
-363
-599
-703
-710
-327
-183
-44
-287
-744
-1335
-1931
-2363
-2551
-2508
-2281
-2060
-1895
-1804
-1826
-1915
-1950
-1909
-1808
-1689
-1782
-1781
-1897
-1546
-1119
-205
742
1591
2343
2418
2547
2202
2147
2124
2101
2275
2212
2319
2356
2372
2430
2234
2013
1644
1177
901
446
297
-13
-274
-429
-744
-629
-641
-458
-416
-610
-736
-1026
-970
-785
-440
26
350
698
877
983
1065
1006
883
653
462
389
402
545
529
539
371
135
-108
-471
-670
-895
-905
-957
-975
-1086
-1238
-1480
-1561
-1627
-1562
-1532
-1644
-1671
-1888
-1760
-1693
-1436
-1234
-1172
-1071
-1013
-777
-461
-74
306
626
861
1042
1076
1100
1122
1195
1351
1451
1552
1567
1533
1555
1536
1425
1158
709
172
-284
-633
-828
-936
-1044
-1005
-971
-687
-409
-175
44
16
56
53
148
357
614
870
1190
1417
1673
1789
1800
1692
1450
1184
922
754
606
584
557
597
611
506
198
-253
-820
-1315
-1634
-1810
-1820
-1850
-1826
-1848
-1817
-1757
-1742
-1761
-1858
-1913
-1824
-1569
-1105
-631
-172
182
405
619
661
680
635
619
753
911
1147
1334
1470
1551
1555
1514
1353
1067
624
159
-224
-499
-619
-686
-743
-814
-881
-855
-824
-753
-748
-826
-869
-931
-735
-449
-45
399
715
1026
1215
1376
1472
1434
1338
1155
1008
981
1033
1170
1269
1299
1234
1014
700
234
-202
-668
-963
-1163
-1250
-1273
-1287
-1259
-1275
-1254
-1324
-1409
-1576
-1691
-1719
-1555
-1245
-833
-414
-42
257
465
603
637
671
704
796
951
1130
1299
1460
1495
1488
1353
1088
765
367
41
-229
-422
-557
-711
-834
-946
-994
-980
-961
-974
-992
-1015
-983
-867
-680
-431
-218
-12
125
246
373
527
626
706
672
643
649
740
938
1118
1237
1203
1055
845
610
432
214
-32
-267
-537
-669
-732
-671
-543
-433
-369
-414
-535
-707
-854
-945
-916
-750
-467
-118
169
356
447
439
463
461
524
605
717
847
974
1071
1097
1018
817
559
266
32
-182
-369
-576
-759
-905
-999
-1003
-961
-939
-951
-990
-1051
-1076
-1040
-915
-762
-547
-325
-108
98
251
358
390
404
390
406
455
531
657
803
926
1034
1025
943
794
588
441
275
192
129
69
13
-87
-209
-337
-445
-501
-515
-519
-536
-552
-543
-495
-340
-172
1
68
22
-67
-109
-74
91
255
449
552
626
695
696
680
537
350
180
34
-8
-41
-84
-192
-364
-493
-579
-554
-467
-408
-362
-433
-480
-553
-558
-498
-460
-359
-314
-227
-121
-40
90
144
184
184
125
110
67
66
114
180
302
420
484
513
423
321
183
108
89
136
202
249
271
255
226
182
136
44
-27
-91
-77
7
97
183
180
122
29
-72
-126
-144
-130
-101
-63
-19
20
25
4
-84
-147
-201
-208
-184
-214
-231
-325
-384
-432
-467
-425
-417
-335
-283
-230
-195
-221
-253
-305
-323
-274
-165
-8
127
203
231
234
266
309
368
399
429
440
474
521
551
568
520
454
367
289
233
181
159
139
134
141
123
114
84
46
18
-36
-84
-115
-124
-82
-39
-5
1
-26
-48
-77
-102
-128
-160
-170
-167
-144
-116
-107
-116
-152
-199
-240
-282
-333
-389
-465
-507
-538
-527
-491
-456
-406
-370
-325
-293
-261
-258
-270
-293
-301
-239
-129
52
232
364
429
420
378
340
318
345
389
462
543
612
678
710
701
668
593
512
434
330
246
150
90
73
61
75
44
13
-28
-80
-126
-202
-271
-332
-357
-338
-313
-277
-249
-224
-190
-166
-132
-114
-104
-95
-96
-89
-83
-64
-50
-39
-49
-85
-145
-224
-289
-337
-364
-384
-398
-395
-371
-319
-263
-229
-211
-231
-245
-255
-231
-152
-70
56
159
263
347
393
423
415
397
397
403
452
518
588
654
689
709
678
608
491
358
220
107
36
-8
-34
-62
-103
-148
-202
-247
-295
-344
-381
-396
-383
-355
-326
-302
-280
-254
-208
-167
-114
-76
-33
9
46
97
129
153
177
170
169
127
77
20
-54
-88
-133
-159
-180
-213
-220
-237
-243
-245
-274
-293
-326
-334
-322
-270
-203
-115
-45
15
77
104
142
156
176
202
232
274
317
355
387
400
388
365
323
291
257
240
218
206
182
169
149
116
84
13
-57
-148
-205
-242
-244
-229
-220
-212
-223
-230
-239
-244
-248
-254
-263
-255
-238
-182
-116
-45
16
58
97
124
141
149
146
124
100
65
55
45
51
61
60
58
43
18
-9
-47
-78
-103
-114
-96
-61
-17
16
35
33
31
25
36
56
80
109
127
142
146
144
133
109
74
44
16
14
21
39
48
41
26
1
-22
-39
-58
-73
-88
-97
-90
-87
-68
-64
-67
-73
-94
-106
-114
-116
-108
-113
-113
-114
-110
-92
-77
-54
-34
-13
11
22
24
17
-1
-16
-25
-29
-16
5
39
79
115
138
141
122
90
61
44
51
81
119
167
190
203
195
170
146
104
74
46
30
37
47
57
56
31
-7
-55
-100
-127
-140
-140
-133
-132
-124
-122
-116
-114
-119
-120
-122
-110
-92
-66
-37
-16
1
3
-1
-9
-17
-15
-15
-14
-19
-23
-30
-27
-30
-30
-38
-53
-56
-59
-49
-40
-38
-40
-48
-56
-61
-65
-60
-46
-12
30
76
106
123
129
133
146
165
184
193
191
184
177
176
186
192
193
181
154
120
81
46
10
-23
-58
-82
-100
-108
-109
-117
-121
-137
-152
-164
-175
-170
-161
-151
-128
-114
-85
-51
-18
22
40
54
45
28
14
-4
-4
-9
-1
5
17
29
34
34
16
-5
-35
-58
-71
-76
-69
-59
-49
-38
-35
-34
-41
-52
-58
-64
-51
-32
-6
23
45
68
82
91
98
91
90
83
83
87
97
115
135
153
162
158
144
119
95
67
46
24
3
-15
-26
-37
-45
-67
-92
-117
-139
-137
-131
-108
-91
-75
-64
-59
-51
-45
-39
-40
-40
-45
-39
-32
-13
8
17
25
14
11
2
1
0
-5
-1
3
17
30
38
39
32
24
14
6
-6
-20
-37
-51
-58
-55
-47
-40
-36
-37
-38
-44
-46
-51
-49
-39
-26
3
26
56
78
94
112
117
126
125
127
121
116
109
103
98
85
74
47
27
-10
-31
-57
-71
-78
-76
-67
-58
-52
-55
-62
-79
-90
-105
-108
-100
-82
-52
-23
7
25
34
34
25
12
-1
-10
-10
1
18
38
46
53
51
49
45
43
34
26
11
1
-8
-13
-15
-18
-17
-17
-15
-19
-24
-36
-48
-60
-68
-63
-50
-30
-5
14
34
47
59
67
64
69
63
67
68
69
69
61
55
38
23
2
-14
-29
-40
-47
-56
-61
-67
-74
-76
-86
-85
-92
-84
-76
-59
-42
-30
-20
-18
-12
-6
7
23
42
58
73
81
84
79
64
50
29
20
8
13
19
28
38
40
38
26
12
-4
-13
-20
-16
-18
-13
-15
-16
-15
-21
-21
-28
-30
-35
-36
-33
-31
-23
-17
-6
1
8
11
11
14
12
17
14
14
16
14
19
17
20
19
18
13
10
-3
-10
-22
-26
-28
-29
-22
-17
-5
-1
6
1
-5
-18
-29
-34
-38
-32
-26
-11
7
26
40
45
40
24
10
-2
-7
-5
4
15
26
39
43
46
40
34
22
10
1
-9
-10
-9
-2
5
10
11
6
1
-8
-15
-24
-30
-34
-32
-26
-19
-11
-9
-11
-15
-24
-32
-38
-39
-34
-23
-8
5
14
22
21
18
8
-1
-8
-13
-6
1
16
27
37
42
42
37
27
15
-2
-14
-25
-27
-24
-15
-4
6
10
11
6
-4
-11
-16
-16
-14
-3
6
22
32
41
44
41
34
22
14
3
-3
-12
-14
-16
-12
-5
0
3
-2
-8
-21
-29
-38
-41
-43
-39
-30
-18
-6
1
3
-2
-10
-19
-27
-31
-30
-23
-9
7
25
37
44
40
34
21
11
1
-3
-5
-3
4
11
19
25
26
21
11
-3
-16
-27
-31
-33
-27
-21
-9
1
13
19
21
18
13
7
4
6
9
16
23
28
33
34
30
22
10
-4
-16
-24
-25
-23
-17
-11
-6
-4
-3
-4
-7
-9
-11
-11
-10
-6
-1
3
4
4
2
1
3
2
2
0
-2
-2
0
2
1
-2
-6
-8
-8
-5
-2
-1
-3
-5
-5
-4
-3
-2
-2
0
4
4
6
6
4
2
3
0
-3
-5
-9
-5
-2
5
9
11
9
8
6
6
5
0
-4
-6
-4
2
7
8
5
-2
-5
-9
-8
-10
-11
-14
-12
-9
-5
-3
-2
-3
-3
0
2
3
-2
-7
-11
-11
-7
-2
3
3
2
1
0
-2
-5
-7
-10
-11
-9
-5
-1
4
8
11
15
16
16
15
10
6
5
4
7
11
17
23
26
25
20
12
4
-3
-7
-9
-9
-7
-5
-1
4
8
7
3
-3
-6
-10
-10
-8
-7
-5
-5
-5
-7
-8
-11
-12
-14
-13
-10
-6
0
4
6
6
4
4
2
1
0
0
-2
-1
-2
-2
-3
-1
-1
-1
1
1
2
1
0
-3
-3
-4
-5
-5
-4
-2
1
5
9
10
10
9
7
3
1
-1
-2
0
0
3
3
6
7
7
5
4
0
-4
-8
-10
-13
-11
-10
-8
-6
-3
-3
-2
-4
-6
-8
-10
-9
-7
-2
2
8
12
15
16
16
14
10
7
5
3
1
1
-1
-2
-2
0
1
1
2
0
0
0
0
0
-3
-4
-6
-6
-5
-3
-2
-3
-3
-5
-4
-3
-3
-2
-2
-3
-2
0
2
5
6
7
5
5
4
4
2
1
-1
-2
-1
-2
-1
-2
-2
-3
-2
0
2
3
2
1
-2
-3
-4
-3
-2
0
2
5
6
8
6
6
3
1
-2
-3
-4
-5
-6
-6
-4
-3
-1
2
3
4
3
3
6
6
8
7
8
7
8
7
6
1
-2
-6
-10
-10
-10
-10
-11
-12
-13
-14
-14
-14
-12
-9
-4
1
6
10
12
12
12
11
11
11
11
10
9
7
5
4
1
1
-1
-1
-2
-3
-4
-6
-7
-7
-7
-6
-5
-3
-2
0
2
3
3
2
1
1
-1
-1
-1
1
2
3
2
1
0
-2
-3
-3
-3
-2
0
0
2
3
2
0
0
-2
-1
-1
-1
-1
0
-1
0
0
1
-2
-4
-6
-8
-8
-7
-5
-4
0
0
3
3
2
2
1
0
1
0
2
1
1
1
1
3
3
3
3
2
2
2
2
2
3
3
2
1
1
0
-2
-1
-1
0
-1
-2
-2
-4
-4
-3
-2
-1
0
1
2
1
1
2
2
3
3
2
3
3
3
3
3
4
3
3
2
2
1
0
-2
-1
-1
-2
-2
-4
-4
-5
-5
-5
-6
-6
-6
-5
-4
-2
-1
0
2
3
3
4
3
3
2
2
4
6
7
9
9
8
6
5
3
0
-1
-2
-3
-3
-4
-3
-3
-3
-2
-3
-4
-5
-5
-5
-6
-4
-4
-3
-3
-3
-3
-3
-3
-2
0
-1
2
2
1
0
0
-1
-1
-2
-2
-2
-1
-1
-1
0
0
1
1
1
1
0
0
0
0
1
2
3
3
4
3
4
3
4
4
3
3
4
4
3
3
3
3
3
3
2
1
-1
-2
-4
-4
-5
-5
-5
-5
-3
-3
-1
-1
0
0
-1
-2
-2
-3
-3
-1
0
3
5
7
7
6
4
2
-1
-1
-3
-1
0
2
3
3
4
3
2
0
-1
-3
-4
-4
-5
-4
-2
-2
-1
0
0
0
-1
-1
-4
-4
-5
-4
-4
-3
-2
-1
2
1
2
2
2
3
2
3
3
3
3
3
3
3
2
2
1
0
-1
-2
-2
-3
-4
-4
-4
-3
-4
-2
-1
-1
1
3
3
3
4
4
3
3
3
3
3
3
3
2
2
0
-2
-4
-4
-5
-5
-4
-3
-2
-1
2
2
0
0
-1
-2
-3
-3
-2
-1
0
1
2
3
2
1
0
0
-1
0
0
-1
-1
-1
-1
-1
-2
-1
-1
0
1
1
2
2
1
1
1
0
0
1
1
1
1
1
0
1
1
1
2
2
2
3
2
1
-1
-1
-2
-2
-3
-3
-3
-3
-2
-2
-2
-1
-2
-2
-2
-2
-2
-2
0
1
1
3
4
3
3
2
2
0
0
-1
-2
-1
1
2
2
2
2
2
1
1
0
1
1
2
3
2
2
3
2
1
0
0
0
0
1
1
1
0
0
1
-1
-1
-1
-2
-1
-1
1
0
1
2
1
0
0
-1
-2
-1
-1
-1
1
1
1
1
1
0
-1
-2
-2
-3
-3
-3
-3
-2
-2
-2
-1
-1
-1
-1
-1
-1
-2
-1
-1
-1
0
1
2
2
3
2
1
1
0
-1
-1
-1
-2
-1
-1
-1
0
0
0
0
-1
0
0
0
0
0
1
1
2
3
2
2
1
-1
-1
-2
-3
-2
0
2
2
3
3
3
2
1
0
0
-1
0
1
0
1
3
3
2
2
2
1
0
0
0
1
0
0
0
-1
-2
-2
-3
-5
-4
-3
-2
-2
-1
1
2
2
2
1
1
0
0
1
1
0
1
1
2
1
1
2
1
1
1
1
0
0
-1
-1
-1
-2
-2
-3
-2
-3
-2
-1
-1
-1
0
0
1
1
1
2
2
1
1
1
1
0
1
0
1
0
1
0
0
-1
-1
-1
-1
-1
-1
-2
-2
-2
-2
-2
-3
-2
-2
-2
-2
-2
-1
-1
-1
0
-1
0
0
0
1
2
3
4
4
5
4
4
4
4
3
2
1
1
0
1
1
-1
-1
-2
-2
-3
-3
-3
-2
-2
-1
-1
0
-1
-1
-1
-1
-1
-1
0
0
0
-1
0
-1
-1
-2
-2
-2
-2
-2
-1
0
1
1
1
1
1
1
1
0
0
1
2
2
3
4
3
3
1
0
0
-1
-1
0
1
0
2
2
0
1
0
0
0
0
1
1
0
1
1
1
-1
-1
-2
-1
-2
-2
-2
-2
-2
-1
-1
-1
-1
-2
-2
-4
-3
-3
-2
-1
0
0
2
2
0
0
0
0
-1
-1
-1
0
0
0
0
0
-1
-1
0
0
1
2
1
2
2
2
1
2
1
1
1
0
2
1
2
1
1
0
-1
-2
-2
-2
-1
-2
1
1
2
2
1
0
0
0
-1
-1
0
0
0
0
0
0
0
1
0
0
-1
-1
-1
-1
-1
-1
0
1
2
2
3
3
2
1
1
0
0
-1
0
1
0
2
1
0
0
0
-1
-1
-1
0
-2
-1
-2
-1
-1
-1
-2
-2
-2
-1
-1
-2
-2
-2
-2
-1
-1
0
0
-2
-2
-1
-1
-2
0
-1
-1
-1
-1
-1
0
0
1
2
1
1
1
0
1
1
1
2
2
3
1
0
0
0
-1
-1
-2
-2
-1
-2
-1
-2
-2
-2
-2
-1
0
0
1
1
1
2
2
2
3
3
4
5
5
4
3
3
3
2
2
1
2
1
1
0
-1
-2
-3
-3
-3
-4
-3
-2
-2
-2
0
-1
-1
-1
-1
-2
-1
0
0
0
1
2
2
2
2
2
1
0
0
-1
-1
-1
-1
-1
0
0
-1
-1
0
-2
-1
-2
-2
0
-1
-1
-1
-1
0
0
0
0
0
-1
0
0
0
-1
-1
0
0
0
0
0
-1
-1
-2
-1
0
1
0
1
2
0
-1
-1
-2
-2
-2
-2
0
1
0
1
0
0
0
0
-1
-1
0
0
1
1
0
1
1
1
-1
1
0
0
1
1
1
1
2
2
2
2
0
-1
-1
-2
-2
-2
-1
-1
0
0
0
-1
-1
-1
-1
-1
-1
-1
0
0
1
1
2
4
3
3
3
2
1
1
2
1
1
1
2
2
2
1
2
2
2
1
1
1
0
-1
-3
-3
-3
-3
-1
-1
1
1
1
1
0
0
-1
-2
-1
-1
-1
0
1
0
-2
-2
-3
-4
-4
-5
-3
-2
-1
-1
-1
0
-1
-1
-1
-1
1
2
4
4
3
4
2
1
0
0
0
0
2
2
2
3
2
1
1
-1
-1
-3
-3
-2
-2
-2
-1
0
0
-1
-2
-2
-2
-3
-2
-1
0
1
1
2
3
3
2
2
1
0
1
1
0
1
0
-1
-1
-1
-1
-1
-1
-1
-1
-1
-1
-2
0
0
0
1
1
2
2
2
1
0
1
-1
0
-1
0
1
1
0
0
-2
-2
-2
-2
-1
0
0
1
2
2
1
1
1
0
-1
0
0
-1
-1
0
0
0
0
0
-1
-2
-2
-2
-1
-1
0
0
1
2
2
1
1
1
0
0
-1
0
0
0
0
0
1
0
0
0
0
0
-1
-2
-1
-1
-1
-1
1
0
1
0
0
0
0
1
1
1
1
1
0
0
0
1
0
0
0
1
1
0
0
-1
-1
-1
-1
0
0
0
0
0
0
-1
-1
0
0
0
0
0
0
1
0
0
1
0
0
0
0
-1
0
0
-1
0
0
0
0
0
1
0
0
1
0
0
0
-1
0
0
0
0
0
0
1
0
-1
0
0
0
0
0
1
0
-1
0
0
0
0
0
0
0
0
-1
0
0
0
0
1
0
0
0
0
0
-1
1
1
0
0
0
0
1
0
0
0
0
0
0
0
0
0
0
0
0
1
0
0
0
0
0
0
1
0
0
0
0
0
0
0
0
1
0
1
0
-1
0
0
0
0
-1
0
0
0
0
0
0
-1
0
0
-1
0
0
0
-1
1
0
0
0
0
-1
0
0
0
0
0
0
0
0
-1
0
-1
0
0
0
0
0
0
0
0
0
1
0
0
0
0
-1
0
-1
0
0
0
0
1
0
0
0
0
0
0
0
0
0
-1
0
0
1
0
0
0
0
0
0
0
1
0
0
0
0
0
0
-1
0
1
0
0
0
0
0
0
0
0
-1
0
0
0
0
0
0
0
0
1
0
-1
0
1
0
0
-1
0
0
0
0
-1
0
0
0
0
1
0
0
0
0
0
0
0
0
-1
0
0
0
0
0
0
0
0
0
1
0
0
0
0
0
1
0
0
1
0
1
-1
0
0
0
0
0
0
0
0
0
0
-1
-1
0
0
0
0
0
0
0
0
0
0
-1
0
-1
0
0
0
0
0
0
-1
0
0
0
0
0
0
0
0
0
0
0
0
0
0
0
0
0
1
1
0
-1
0
0
0
0
0
0
0
0
0
0
0
0
0
0
0
0
1
0
0
0
0
0
1
0
0
0
0
0
0
0
-1
-1
0
0
0
0
0
-1
-1
0
0
0
-1
1
0
0
-1
0
0
0
0
0
0
0
0
0
0
0
0
0
0
0
0
1
0
0
-1
0
0
0
0
0
0
1
0
0
-1
-1
0
0
0
0
-1
0
0
0
0
0
1
0
0
1
0
1
0
0
0
0
0
0
-1
0
0
0
0
0
0
1
0
0
0
0
0
0
-1
-1
0
-1
0
0
0
0
0
0
0
0
0
0
0
0
0
0
-1
0
0
0
0
1
0
0
0
0
0
0
0
0
0
0
-1
1
-1
0
0
0
0
0
0
0
0
1
0
1
0
0
0
1
-1
0
0
0
0
0
0
0
0
0
0
-1
0
0
0
0
1
1
0
1
0
0
0
0
0
0
0
0
0
0
-1
-1
-1
-1
0
0
0
0
0
-1
0
0
0
0
0
-1
0
-1
0
1
0
0
1
0
0
-1
0
-1
0
0
0
-1
0
1
-1
0
0
0
0
-1
0
1
0
-1
1
1
0
1
-1
0
0
1
0
0
-1
1
0
0
1
0
0
0
0
1
0
0
0
0
1
0
-1
0
-1
0
1
0
1
-1
0
1
0
0
0
0
0
-1
0
0
0
0
0
0
0
0
0
0
-1
0
1
0
1
0
-1
0
0
1
0
0
0
0
0
0
-1
0
-1
0
0
0
0
0
0
0
1
0
1
0
0
0
0
0
-1
0
0
0
0
0
-1
0
0
0
0
0
0
1
0
0
0
0
1
0
0
0
0
0
0
0
0
0
-1
0
1
0
0
0
0
0
0
0
0
0
0
0
0
0
0
0
-1
1
0
0
0
-1
0
0
0
1
0
0
0
-1
0
0
0
0
1
1
0
1
0
0
-1
0
-1
0
0
0
0
0
0
0
0
0
0
0
0
0
1
0
0
0
0
0
0
0
0
0
0
0
0
0
0
0
0
0
0
1
0
0
0
1
0
0
0
0
0
0
0
0
1
1
0
0
1
0
0
0
0
0
1
0
0
-1
1
0
-1
-1
0
0
0
0
0
1
0
1
0
0
0
0
0
-1
0
-1
0
0
-1
0
0
0
-1
0
0
0
0
0
0
0
0
1
-1
0
0
0
0
-1
0
0
0
0
0
1
0
0
0
0
0
0
0
0
1
1
0
0
0
0
0
0
0
0
0
1
0
-1
0
0
0
0
0
0
0
0
0
0
1
0
0
0
1
0
0
0
0
0
0
0
0
0
0
0
0
-1
0
0
0
-1
0
-1
0
0
0
0
0
0
0
-1
1
0
1
0
0
0
0
1
1
1
0
1
1
-1
0
-1
-1
0
0
0
0
0
1
0
0
-1
0
0
-1
0
0
0
0
0
0
0
-1
0
-1
0
0
0
0
0
0
0
1
0
0
-1
0
0
0
0
0
0
0
0
-1
-1
0
0
0
0
1
1
0
1
-1
-1
-1
-1
1
0
1
1
0
0
0
-2
0
0
1
0
0
1
0
-1
-1
0
-1
0
1
1
1
1
0
0
-1
-1
-1
-1
0
0
1
1
1
0
0
-1
-1
-1
-1
0
0
1
1
1
1
0
-1
-1
0
0
0
0
1
1
0
0
-1
-2
-1
0
0
1
0
2
1
1
0
0
-2
-2
-1
0
1
1
2
0
0
0
-1
-2
-2
-1
-1
1
2
2
1
1
0
-2
-1
-1
-1
-1
1
1
0
0
0
0
0
-1
0
0
0
-1
0
0
0
0
-1
-1
-1
0
1
1
0
-1
0
-1
-1
-1
1
0
0
0
1
0
0
-1
-1
-1
-1
1
1
1
1
0
-1
-1
0
0
1
1
1
1
1
-1
-1
-2
-1
0
0
1
1
1
0
0
-1
-1
-1
0
-1
1
1
1
1
0
-1
-1
-1
-1
0
0
0
1
1
1
-1
0
-1
-1
0
0
0
1
1
0
1
0
-1
0
-1
-1
0
0
0
1
1
1
0
0
0
0
-1
-2
-1
0
0
1
0
1
1
0
0
0
0
-1
-2
-1
0
0
1
0
1
1
1
0
-1
-1
-2
-1
0
0
0
1
1
1
0
0
0
0
0
-1
0
-1
-1
0
0
1
1
0
1
1
-2
-1
-2
-1
-1
0
1
2
1
1
1
0
0
-1
-1
-1
0
0
0
1
0
0
-1
0
-1
0
-1
0
0
1
1
-1
1
0
0
-1
0
-1
-1
0
0
0
0
0
0
1
-1
0
-1
-1
-1
-1
0
1
0
0
0
0
-1
0
-1
0
1
0
0
1
0
0
0
0
0
0
1
0
0
0
0
-1
0
-1
0
0
-1
0
1
1
1
0
0
-1
-1
0
0
0
1
1
0
0
0
1
-1
-1
-1
0
0
0
0
1
0
1
1
0
-1
0
0
0
0
1
1
1
1
0
0
0
0
-1
0
0
0
0
1
1
0
1
0
0
0
-1
0
0
0
0
0
-1
0
0
0
-1
0
-1
0
0
0
1
1
0
0
0
-1
1
-1
0
0
0
1
1
1
0
0
1
0
0
0
0
0
0
0
0
0
0
-1
-1
-1
0
0
0
0
0
1
0
1
0
-1
-1
-1
-1
0
0
0
1
0
-1
0
-1
-1
0
0
0
1
0
0
1
1
0
0
-1
0
-1
0
0
1
0
1
0
0
0
0
0
0
0
0
0
0
0
0
0
0
0
1
1
1
0
1
-1
0
-1
-1
0
0
1
0
0
1
0
0
-1
-1
-1
0
0
1
1
0
0
0
0
-1
0
-1
0
0
0
0
0
0
0
1
0
-1
0
0
0
-1
0
0
-1
0
0
-1
1
0
1
0
0
0
0
1
0
0
0
0
0
0
1
0
-1
0
0
0
-1
0
0
-1
-1
0
1
0
0
0
0
0
1
-1
0
0
-1
0
0
0
1
0
0
0
0
0
0
0
1
0
1
0
0
0
-1
-1
0
0
0
0
1
0
-1
0
0
0
0
1
0
-1
0
0
0
0
0
1
1
0
0
0
0
0
0
0
0
0
1
0
0
0
0
0
0
0
0
0
0
0
0
0
-1
-1
0
0
0
0
0
0
-1
0
0
-1
0
0
0
0
0
0
0
0
0
0
0
0
0
0
0
0
0
-1
0
0
1
0
0
-1
1
0
0
0
0
0
0
0
0
0
0
-1
1
0
0
-1
0
0
0
1
0
-1
0
0
0
0
0
0
0
1
-1
0
0
0
-1
-1
0
0
0
1
0
0
0
0
0
1
0
-1
-1
0
0
0
0
0
0
0
-1
0
-1
0
1
0
0
0
0
1
0
0
0
0
0
-1
-1
0
0
0
0
-1
0
1
0
1
0
0
0
0
-1
0
0
0
-1
0
0
0
0
0
0
0
0
-1
