0
-1
-1
1
0
0
0
0
-1
0
1
0
0
0
-1
1
0
1
0
1
-1
0
0
0
-1
0
0
0
0
0
0
0
0
0
0
0
0
0
0
0
0
0
1
0
0
0
0
1
0
0
0
0
0
0
0
0
0
0
0
0
0
0
0
0
0
0
0
0
1
0
0
0
0
-1
0
0
1
0
0
0
0
0
-1
0
0
0
0
0
0
-1
0
0
-1
0
0
0
-1
0
0
0
0
-1
0
0
0
0
0
0
0
0
0
0
0
0
0
0
0
-1
0
0
0
-1
0
-1
0
-1
0
0
0
0
1
0
0
0
0
-1
1
0
0
0
0
0
1
0
0
0
0
0
0
1
0
0
0
0
-1
0
-1
0
0
0
0
0
0
0
0
0
0
0
0
0
0
0
0
0
1
0
1
1
0
1
0
0
0
0
0
1
0
1
0
0
0
1
0
0
-1
0
0
1
0
-1
0
0
0
0
-1
-1
1
0
0
1
0
0
1
0
0
0
-1
1
0
0
0
0
0
0
-1
0
0
0
0
0
0
0
0
0
0
0
0
0
0
0
0
0
0
0
0
-1
0
-1
0
-1
0
0
0
0
0
-1
0
-1
1
0
0
0
0
0
-1
0
-1
0
-1
0
0
0
0
-1
0
-1
0
1
0
0
0
0
0
0
1
0
0
0
0
0
0
-1
0
0
0
0
0
0
0
0
1
0
1
1
0
0
0
0
0
0
0
0
0
0
1
0
1
0
0
0
0
0
0
0
1
0
0
0
1
0
1
1
0
0
0
0
-1
0
0
1
0
0
0
0
0
0
0
0
0
0
0
0
0
-1
0
0
0
0
0
0
0
0
0
-1
0
1
0
0
0
0
0
0
0
-1
1
0
0
0
1
0
1
0
0
0
0
0
0
0
-1
0
1
0
0
0
1
0
0
0
0
-1
1
1
0
0
1
0
0
0
0
0
0
0
0
-1
0
0
0
0
1
0
0
0
0
0
0
-1
-1
1
0
0
1
0
0
-1
0
-1
1
0
1
0
0
0
0
1
-1
0
0
0
0
0
0
0
0
0
0
0
0
0
0
-1
0
0
0
0
1
0
0
0
0
0
0
0
0
-1
0
0
0
-1
0
0
1
0
-1
0
0
0
0
1
1
1
0
0
-1
0
0
-1
0
0
0
0
-1
0
0
0
0
0
0
1
0
0
0
0
0
1
0
0
0
0
0
0
0
-1
1
-1
0
-1
0
0
0
0
-1
0
0
0
0
0
0
0
0
0
1
0
0
0
0
0
0
0
0
0
0
0
0
0
0
-1
0
0
0
1
0
0
0
0
-1
0
-1
0
1
0
0
1
0
0
0
0
0
0
0
0
0
0
1
-1
0
-1
0
0
-1
0
0
0
0
-1
0
0
0
0
0
1
0
0
0
0
0
0
0
-1
0
0
0
0
0
0
-1
0
0
0
0
0
0
-1
0
-1
0
0
0
0
1
0
0
0
0
0
0
0
0
0
0
0
0
1
0
0
0
0
1
0
-1
0
1
0
0
0
0
0
0
0
-1
-1
0
0
0
1
0
-1
0
0
-1
0
0
0
-1
0
0
1
0
0
0
0
0
0
1
0
0
0
0
1
0
0
0
1
1
0
0
0
0
0
0
1
0
1
0
0
0
1
0
0
0
-1
1
1
0
-1
0
0
0
0
0
0
0
0
0
0
0
1
0
1
0
0
0
0
0
-1
0
1
0
0
-1
0
-1
0
0
-1
0
0
0
0
0
0
0
0
0
0
0
0
0
0
0
0
0
0
0
0
0
0
0
0
0
0
0
0
0
0
0
0
0
-1
0
0
0
0
0
0
0
-1
0
0
0
0
0
0
0
0
0
0
0
0
0
0
0
0
0
0
0
0
0
0
1
-1
0
0
0
0
0
0
0
1
0
0
0
0
0
-1
0
0
0
0
0
0
0
0
0
0
-1
-1
-1
-1
0
-1
0
0
0
0
0
0
-1
-1
0
-1
0
0
0
-1
0
0
0
0
0
0
0
1
0
0
0
0
0
0
0
0
0
0
1
1
0
0
0
0
0
0
0
0
0
0
0
1
0
0
-1
1
0
2
1
0
0
-1
-1
-1
-1
0
1
0
1
-1
1
0
1
0
1
0
0
1
0
1
-1
1
0
2
2
1
1
-2
-3
-3
-3
-2
0
0
4
1
2
0
0
1
2
2
2
1
0
0
-1
-2
-1
-3
1
-1
0
1
0
1
-2
0
1
1
0
1
1
1
4
0
0
-3
-3
-2
-4
3
1
6
5
1
-2
-4
-6
-3
2
2
6
6
3
3
-3
-4
-8
-10
-5
-6
0
1
4
9
7
10
3
0
-2
-2
-6
-4
-6
-4
1
-4
7
-5
7
-2
3
0
1
1
3
3
1
2
-9
-3
-8
-4
3
5
10
10
4
1
-6
-11
-10
-9
-3
2
7
5
4
1
-3
2
1
8
11
9
8
-5
-8
-22
-9
-16
2
4
7
12
0
6
-13
-5
-14
0
4
6
15
7
15
10
6
1
-6
-15
-6
-14
1
1
-1
3
-11
-5
-14
1
1
14
10
7
3
-5
3
2
11
12
8
0
-10
-26
-21
-21
-3
6
13
23
11
17
1
-3
-1
-9
-6
-10
-16
-12
-1
3
16
10
6
2
-3
-12
-1
-4
7
15
11
11
2
-7
-19
-12
-19
0
8
11
17
4
1
-19
-17
-29
-9
-3
21
25
25
27
-1
7
-19
-14
-5
-8
6
-6
-12
-4
-8
18
10
18
7
-5
-14
-21
-26
-19
-6
-2
17
20
28
33
17
6
-13
-21
-18
-17
-2
-2
6
-2
3
5
5
10
2
-5
-10
-19
-5
-15
3
5
0
16
7
19
11
19
-1
-3
-14
-15
-10
-7
1
-1
12
-5
-1
0
-13
9
-4
4
-3
0
9
1
17
-2
6
-4
6
0
-7
8
-20
-3
-12
-6
-5
0
-3
-11
12
-15
13
14
9
23
9
12
2
4
-19
-10
-20
-18
-7
-2
-1
2
9
3
3
9
1
-9
6
-21
-7
-18
5
0
28
26
32
41
0
5
-26
-40
-41
-25
-30
35
7
50
17
2
4
-43
-8
-22
7
2
24
10
11
10
-8
-3
-1
-9
12
-1
-3
-7
-31
-36
-24
-7
2
55
38
61
13
-5
-29
-47
-47
-10
0
19
64
4
49
-6
-13
-9
-23
-24
-17
-22
-26
-11
-20
1
13
20
53
17
24
11
-28
-9
-25
-15
16
-1
39
38
7
28
-14
-23
-17
-37
-3
-15
-9
-13
-13
-19
-3
9
17
27
13
24
-21
-12
-25
-25
7
4
37
43
27
23
9
-29
-42
-33
-47
-15
5
34
36
58
36
1
-16
-44
-62
-31
-42
2
25
17
61
22
29
25
-28
-11
-35
-47
-7
6
-16
43
-28
36
38
-14
79
-25
8
-2
-76
16
-50
-34
30
-56
55
-25
38
22
6
25
5
1
11
8
-30
27
-55
6
-10
-3
0
2
-28
10
-37
21
17
43
52
-4
14
-60
-12
-60
10
6
37
43
11
-5
-27
-36
-18
-18
-1
12
6
25
4
9
-13
-2
-6
1
18
5
19
-12
3
-12
-32
0
-30
4
21
-6
60
-7
21
5
-20
-3
-7
11
16
34
4
-14
-41
-62
-30
-43
20
31
64
63
-12
25
-90
-21
-66
-3
3
53
30
38
22
-19
2
-46
8
-39
13
-13
31
22
13
47
-12
54
-31
-5
4
-89
2
-70
-22
25
-21
103
-5
72
-10
-7
-35
-41
-26
-18
17
-19
27
-36
34
-24
27
55
8
101
-2
16
-14
-76
-22
-97
-6
-55
12
22
31
33
16
42
12
29
-13
-39
-28
-38
-42
45
2
98
50
65
-19
-25
-91
-51
-72
-27
21
4
87
-4
53
-42
-54
-78
-42
-16
54
80
89
70
33
-9
-36
-19
-54
21
-12
2
15
-24
15
-2
10
-1
25
-25
-13
-68
-57
-66
-61
27
29
82
93
59
37
-9
-41
-23
-79
-12
10
24
61
40
11
10
-39
-37
-10
-18
15
14
1
-11
-28
-27
-11
-11
-6
42
-9
45
-7
-26
22
-33
9
7
5
34
10
-2
-1
-18
-16
29
8
20
68
-40
29
-55
-72
-38
-56
11
7
64
48
32
24
-31
-43
3
-90
56
-28
23
25
10
-1
32
4
1
-1
-8
-19
-8
-28
-27
-3
-5
13
34
45
2
43
-58
17
-46
-8
15
13
16
-8
10
-26
32
-2
37
-3
-7
-14
-56
-40
-32
14
22
49
22
25
-35
20
-84
32
-21
6
77
8
44
3
-34
-24
-55
-14
-48
-8
3
-2
33
23
29
7
18
-51
-13
-39
-5
45
13
91
19
66
-8
5
-45
-32
-59
-14
21
-26
56
-43
-14
-55
-52
-25
7
35
61
47
68
-29
-2
-35
-57
39
-30
75
47
5
27
-34
-40
-41
-72
-30
-9
43
44
69
-5
3
-42
-67
-5
-51
29
1
47
57
38
-2
18
-65
-14
-36
-28
24
-38
59
6
93
33
32
-15
-42
-32
-63
12
-9
20
21
-12
-44
-35
-49
-1
29
49
67
56
4
-21
-73
-78
-59
-53
74
80
129
75
48
-41
-68
-70
-80
19
-60
42
0
-4
-4
-18
-29
14
36
63
42
49
-43
-47
-27
-109
74
-20
110
77
43
14
-48
-40
-82
-30
-58
-10
-11
8
4
14
11
22
22
30
-11
16
-55
-1
-80
-20
-30
18
89
66
156
31
38
-16
-64
-1
8
5
64
-42
-29
-99
-111
-84
-42
-4
60
43
36
-1
-74
-47
-85
-36
10
61
91
113
95
56
39
30
56
28
21
20
-72
-55
-137
-145
-108
-92
16
40
122
57
134
1
20
-87
-109
-92
-77
9
60
124
104
108
48
-25
-49
-34
-41
12
58
53
59
21
-80
-16
-165
-43
-84
-19
-17
3
15
-46
46
-46
69
7
69
73
49
43
-6
-15
-59
-1
1
32
72
36
42
7
-33
-39
-78
-52
-14
-48
-2
-38
-51
-36
-50
17
-4
101
30
111
27
35
16
-62
-15
-63
-8
55
32
49
17
-20
-14
-66
-16
-42
17
-25
14
19
18
22
4
-23
17
-45
34
-7
11
-10
-7
-6
3
-1
-4
26
-56
22
-60
1
-16
23
18
55
25
15
4
5
7
-9
33
-2
-8
-1
-41
-27
-10
15
16
37
4
19
-49
-10
-51
-65
-34
-59
-9
11
58
78
114
51
87
26
34
-3
-15
-45
-86
-81
-93
-80
-23
-3
7
13
5
-16
-9
6
-1
56
12
61
45
67
39
48
-50
-4
-58
-14
51
51
64
-10
11
-53
-19
-101
-35
-98
-61
-77
2
-52
76
15
88
110
44
114
-42
41
-84
-39
-50
-21
-48
55
7
50
56
2
28
-6
-46
-51
-86
-53
-36
17
44
65
78
42
77
-20
18
-56
-35
8
-60
9
-23
-16
-2
-8
-30
-10
-22
32
14
29
-40
-11
-71
-20
14
38
78
72
52
38
-6
-65
-9
-73
40
-21
64
23
11
19
-46
-25
-52
-48
3
-16
30
29
5
25
-41
12
-42
-43
-26
-4
-9
26
67
9
47
-27
22
-1
47
17
34
26
12
-40
13
-81
-12
-23
-45
22
-62
12
-36
43
-24
48
-45
9
-42
5
0
6
78
12
86
-53
85
-26
47
-39
16
-82
18
-87
36
-39
33
38
11
57
-66
16
-55
-48
-3
19
-3
68
-37
81
-32
6
-72
18
-46
62
49
-24
-11
-67
-62
-53
-15
34
123
112
165
21
-21
-103
-161
-97
-72
-27
36
70
26
135
-34
5
-55
-30
-13
20
74
64
85
58
5
-9
-87
-74
-51
-52
1
-16
-16
-139
48
-97
69
47
42
125
-11
82
-51
-8
-39
-17
49
10
59
32
-31
-9
-64
-60
-32
-52
17
35
3
44
1
-16
-4
-16
-12
12
-47
77
20
103
23
34
-69
-18
-96
-49
33
-48
126
12
61
-12
35
-109
20
-106
-35
-25
-71
38
-45
58
32
-57
-45
-12
-75
133
96
210
135
4
6
-132
-81
-8
22
83
122
21
9
-130
-125
-163
-109
-101
-37
14
33
63
85
76
50
-51
4
39
23
196
71
44
-69
-102
-136
-78
-87
50
25
37
42
-121
-15
-91
-20
16
102
120
152
102
61
-32
-9
-72
-85
-20
-106
113
-19
151
53
40
-56
-106
-140
-192
-113
-122
-10
-69
106
27
111
102
87
90
-14
107
11
82
2
-16
-51
-35
-47
118
39
45
21
-61
-49
-161
-91
-112
-48
-45
-43
-23
-80
33
7
90
153
59
252
18
44
-44
-102
-47
38
20
113
60
-41
-19
-87
-59
50
-49
40
-53
-83
-64
-94
12
-26
10
-12
0
0
46
72
2
-16
12
-52
112
143
63
126
-28
-5
-91
-84
-111
-20
-17
55
76
24
22
-64
-95
-71
-37
-83
81
48
103
78
-17
-86
-90
-78
-75
83
46
97
122
53
29
20
-41
28
-56
47
-67
-109
-33
-122
-116
-19
-27
159
90
154
52
15
-1
-114
10
-86
43
-2
69
12
-108
52
-92
129
28
68
-36
-30
-80
-56
103
-100
126
-123
68
-68
79
-34
-15
53
-87
72
-86
33
-68
-8
78
8
105
-26
-12
-55
5
-9
30
-17
-23
3
-79
70
-35
1
-12
-98
15
21
130
170
179
-6
-40
-156
-80
-108
44
60
42
46
-135
-108
-217
-125
7
27
218
142
191
27
48
-146
-131
-81
-140
29
24
106
136
57
3
37
-60
22
66
101
46
25
-70
-32
-98
-90
-62
-55
7
-26
-37
-83
-26
-11
90
87
57
88
28
41
-15
-48
-4
-10
43
0
71
-102
-49
-81
-24
-25
49
33
71
105
3
-6
-58
-125
-61
-54
34
-15
65
92
106
34
3
-106
-56
0
18
34
74
-65
-28
-92
-98
-65
-77
62
-7
123
110
43
146
26
43
-19
19
-29
39
54
-6
98
-122
-114
-219
-146
-189
73
-36
-59
63
-154
75
-51
158
126
140
153
120
113
77
-9
35
-24
-50
59
-102
87
-157
27
-141
-216
-122
-259
-167
-85
6
114
188
174
337
58
155
-98
-15
-90
-86
79
13
96
-15
52
-136
-15
-72
51
3
6
59
-120
-71
-187
-85
-23
46
87
105
95
108
-10
55
-118
-62
-25
-51
112
-60
113
-23
15
21
-41
40
34
45
94
-5
-77
-138
-173
-124
-83
75
80
104
100
34
18
22
-152
15
-41
86
111
79
70
4
-141
-98
-62
-165
137
71
195
8
60
-105
-74
-54
-114
32
-168
-3
-13
19
148
7
79
64
145
54
75
1
-140
-153
-334
-55
-166
86
111
137
154
-21
104
-73
6
-44
-114
-112
-89
54
94
256
275
213
132
-62
-49
-238
-122
-173
-51
73
-86
81
-54
-2
-35
-12
-4
-36
-44
-74
44
-91
42
-7
75
138
109
215
-29
45
-89
-166
-93
-140
-52
60
98
109
56
-6
-82
-54
-176
-89
-97
54
43
150
167
86
108
-41
63
16
41
1
-40
-53
-178
-77
9
42
111
70
38
-60
-58
-105
-12
96
16
90
-8
-160
-136
-212
-17
11
-24
119
-57
88
28
-13
-9
-70
35
55
147
130
116
-24
88
12
79
92
34
5
46
-67
-133
-220
-319
-172
-151
-44
62
55
119
159
20
76
-92
-16
23
72
154
133
154
130
155
25
3
-166
-95
-190
-283
-203
-272
-126
-193
74
21
161
149
282
168
156
29
60
26
21
50
-42
38
-83
52
26
82
44
6
-28
-105
-97
-155
-76
-104
-71
-42
-26
-2
3
86
12
65
-73
10
-50
-22
137
67
237
31
99
4
-81
-19
-115
-72
-34
-65
-22
109
-92
16
-184
-96
-123
-61
7
45
118
44
116
-51
46
-45
62
71
102
60
86
34
79
-19
-55
7
-62
143
41
158
-38
12
-191
-87
-226
-101
-125
-26
68
42
155
-32
81
-71
-46
3
-26
34
-6
20
-8
21
49
62
104
-1
-25
-78
-57
0
1
56
14
-62
-29
-88
-132
-114
-139
-70
-12
56
71
92
79
18
22
-20
-45
13
-1
115
133
86
79
-10
15
-34
-36
17
-23
0
-2
-30
30
-29
-23
11
-6
65
17
18
-51
-62
-42
3
17
83
115
48
77
-23
24
-49
-13
-9
-67
-2
-101
24
-11
30
42
33
3
-81
2
-64
-3
13
-53
44
-30
6
25
-9
-30
-16
-34
-4
23
9
6
-77
2
-110
-37
16
-35
3
18
-10
57
4
13
87
-3
50
-11
-24
32
-78
19
-42
-8
-69
-26
-8
-132
-83
-170
-110
-82
-27
-30
73
29
161
95
72
28
-30
-29
-53
-16
13
73
19
170
128
134
123
6
65
50
150
108
151
142
75
96
46
30
-21
-1
-42
-60
-109
-67
-146
-128
-65
-60
30
6
-7
27
-58
-49
-62
-149
-200
-171
-223
-153
-106
-89
-36
-30
50
21
84
7
17
6
-3
20
49
9
-9
-3
-30
67
32
101
116
111
167
72
129
80
70
64
-6
-7
-32
6
52
35
36
-3
-11
-11
-21
3
-35
-38
-49
-56
-69
-111
-144
-74
-62
26
93
87
96
62
79
-11
33
-19
-5
-13
14
64
79
101
58
36
27
47
76
61
84
50
106
56
104
78
66
101
59
68
46
90
59
77
33
-28
-14
-7
-5
49
-27
-7
-46
-70
-17
-100
-65
-130
-178
-173
-207
-202
-234
-210
-217
-197
-195
-169
-95
-59
-11
-11
9
-8
-12
-12
-32
-28
-86
-48
-33
4
-23
-56
-120
-122
-146
-93
-74
0
17
42
35
0
-30
-53
-42
-75
-39
-42
-11
-9
44
35
72
73
111
115
116
159
183
229
205
153
102
75
70
117
82
29
-85
-179
-255
-267
-293
-287
-226
-155
-54
12
92
98
118
83
117
123
183
224
282
321
313
281
244
217
171
179
116
133
111
139
151
170
175
244
250
295
302
299
330
309
386
432
537
553
553
461
385
294
243
162
112
21
-67
-162
-275
-344
-485
-566
-753
-792
-922
-937
-974
-1034
-1094
-1170
-1188
-1214
-1172
-1175
-1113
-1089
-1005
-942
-890
-831
-771
-730
-735
-698
-692
-637
-591
-519
-442
-413
-383
-402
-399
-402
-434
-419
-422
-382
-323
-262
-170
-18
183
437
756
1108
1504
1902
2293
2663
3014
3323
3589
3763
3858
3830
3720
3531
3229
2885
2538
2150
1763
1374
992
653
344
102
-118
-287
-398
-454
-504
-550
-604
-698
-785
-872
-978
-1098
-1228
-1334
-1475
-1598
-1675
-1765
-1793
-1757
-1756
-1669
-1617
-1580
-1516
-1567
-1623
-1766
-1906
-2117
-2325
-2564
-2889
-3195
-3611
-3982
-4246
-4482
-4611
-4849
-4855
-4675
-4146
-3454
-2750
-2004
-1203
-33
1213
2544
3482
4324
4972
5621
6218
6529
6493
6123
5679
5260
4891
4305
3590
2801
2167
1686
1234
820
412
169
154
155
131
33
22
59
87
35
-83
-256
-340
-364
-334
-309
-271
-147
54
367
609
962
1282
1666
2049
2357
2542
2594
2627
2529
2380
2042
1636
1195
681
138
-381
-955
-1480
-1889
-2195
-2382
-2564
-2690
-2796
-2861
-2938
-3026
-3264
-3600
-3902
-4228
-4607
-5125
-5646
-6171
-6666
-7115
-7515
-7944
-8043
-7822
-7022
-6043
-5075
-3949
-2554
-501
1652
3797
5361
6689
7881
9089
10007
10461
10289
9626
8946
8155
7318
6091
4653
3108
1830
772
-193
-1079
-1843
-2275
-2336
-2333
-2352
-2361
-2319
-2148
-2039
-1990
-2081
-2165
-2127
-2045
-1868
-1752
-1501
-1045
-301
632
1568
2578
3544
4592
5531
6351
6818
7073
7139
6930
6546
5757
4791
3736
2727
1787
841
-123
-1104
-1860
-2440
-2824
-3138
-3446
-3605
-3628
-3544
-3498
-3645
-3967
-4303
-4627
-4972
-5476
-6276
-7114
-8062
-8802
-9548
-10159
-10753
-11302
-11080
-10409
-8853
-7482
-5838
-4109
-1709
1178
3866
6359
8096
9753
11123
12533
13190
13232
12493
11509
10486
9378
7906
6025
3992
2121
820
-321
-1419
-2546
-3216
-3350
-3122
-3063
-3179
-3204
-3006
-2763
-2681
-2852
-3147
-3358
-3432
-3344
-3336
-3152
-2864
-2088
-976
354
1796
3213
4819
6438
8040
9165
9916
10299
10473
10270
9573
8353
6934
5439
4003
2535
1021
-397
-1644
-2477
-3030
-3435
-3870
-4184
-4313
-4131
-3881
-3746
-3816
-4098
-4389
-4787
-5220
-5974
-6995
-8299
-9478
-10638
-11405
-12235
-12932
-13534
-13827
-13202
-12053
-9833
-7972
-5589
-3311
-87
3369
6705
9458
11346
13059
14277
15601
15919
15565
14121
12588
10910
9353
7432
5113
2668
596
-897
-2047
-3139
-4129
-4659
-4705
-4405
-4341
-4208
-4071
-3778
-3562
-3559
-3799
-4038
-4232
-4199
-4062
-3905
-3806
-3339
-2264
-727
1037
2506
4249
6178
8341
10108
11364
12124
12556
12661
12291
11488
10145
8383
6522
4742
3116
1517
-121
-1531
-2515
-3034
-3334
-3611
-3935
-4033
-3872
-3521
-3378
-3542
-3848
-4302
-4799
-5556
-6526
-7789
-9238
-10686
-11957
-12943
-13829
-14620
-15056
-15245
-14564
-13345
-11165
-8716
-6202
-3376
-339
3443
6757
9800
11736
13500
14674
15834
16259
15876
14627
12823
11120
9306
7494
5134
2754
577
-903
-2059
-3060
-4071
-4658
-4736
-4346
-3965
-3776
-3591
-3301
-2954
-2807
-3001
-3385
-3714
-3932
-3932
-3994
-3905
-3790
-3181
-2034
-423
1279
2849
4693
6694
8903
10453
11592
12234
12723
12758
12227
11161
9646
7910
6133
4438
2740
1029
-589
-1740
-2415
-2761
-3106
-3401
-3595
-3484
-3166
-2967
-3053
-3501
-3967
-4624
-5330
-6447
-7792
-9368
-11126
-12638
-14041
-15051
-16140
-16671
-17157
-16708
-15572
-13625
-10860
-8352
-5161
-2175
1870
5602
9236
11764
13799
15444
16853
17969
17864
16994
15108
13383
11497
9727
7252
4632
2006
79
-1265
-2414
-3571
-4550
-4914
-4666
-4146
-3858
-3717
-3645
-3342
-3216
-3322
-3787
-4321
-4783
-5003
-5126
-5203
-5211
-4890
-3853
-2290
-419
1269
3306
5584
8158
10377
12010
13133
13917
14408
14166
13404
11874
10119
8202
6372
4482
2478
527
-1025
-1921
-2476
-2913
-3390
-3662
-3592
-3192
-2852
-2839
-3229
-3750
-4379
-5156
-6217
-7773
-9522
-11500
-13242
-14896
-16086
-17354
-18082
-18694
-18578
-17337
-15430
-12340
-9747
-6392
-3178
1146
5353
9344
12336
14506
16454
17894
19328
19362
18647
16534
14618
12585
10698
8157
5202
2354
192
-1248
-2491
-3620
-4742
-5145
-4906
-4278
-4027
-3915
-3927
-3666
-3539
-3713
-4266
-4991
-5617
-6121
-6341
-6598
-6651
-6423
-5488
-3894
-1987
164
2441
5090
7875
10572
12694
14257
15278
15888
15891
15097
13671
11856
9901
7759
5547
3248
1209
-486
-1612
-2380
-2917
-3341
-3603
-3467
-3179
-2851
-2816
-3206
-3776
-4482
-5375
-6645
-8412
-10430
-12575
-14478
-16283
-17750
-19125
-19905
-20560
-20112
-18770
-16225
-13111
-10060
-6395
-2574
2444
6831
11070
13866
16515
18343
20114
21060
20798
19518
17158
15100
12796
10567
7486
4311
1323
-616
-2018
-3177
-4503
-5368
-5456
-4795
-4091
-3832
-3745
-3596
-3244
-3196
-3524
-4292
-5176
-5956
-6428
-6768
-6999
-7245
-6691
-5528
-3585
-1459
817
3398
6257
9374
11842
13963
15192
16277
16550
16301
15091
13325
11239
8961
6676
4251
1804
-360
-1949
-2974
-3521
-3976
-4187
-4191
-3738
-3230
-2787
-2749
-3099
-3563
-4279
-5161
-6684
-8637
-10903
-13021
-14991
-16766
-18375
-19692
-20599
-20819
-19758
-18022
-14823
-11986
-8214
-4394
376
5202
9630
13262
15894
18365
20021
21584
21463
20697
18454
16222
13737
11341
8379
5054
1763
-769
-2503
-3832
-5057
-6215
-6486
-6092
-5060
-4516
-4079
-3871
-3352
-3095
-3125
-3779
-4560
-5424
-5992
-6513
-6946
-7244
-7215
-6295
-4767
-2475
-243
2461
5204
8396
11335
13790
15436
16566
17143
17059
16194
14470
12376
9880
7372
4676
2079
-339
-2265
-3640
-4396
-4922
-5164
-5112
-4591
-3798
-3098
-2761
-2727
-2868
-3251
-3957
-5365
-7219
-9537
-11710
-13925
-15834
-17843
-19462
-20819
-21219
-20256
-18504
-15353
-12777
-8861
-4983
349
5330
9994
13429
16295
18921
20828
22370
21937
20897
18412
16261
13607
11065
7616
4185
754
-1663
-3366
-4743
-5958
-7006
-6943
-6179
-4939
-4318
-3744
-3298
-2467
-2062
-2124
-2846
-3644
-4469
-5061
-5711
-6372
-6947
-6916
-5990
-4402
-2313
-198
2489
5333
8705
11396
13858
15419
16700
17171
16866
15809
13923
11791
9214
6565
3666
943
-1483
-3228
-4500
-5286
-5876
-6043
-5739
-4954
-4000
-3154
-2737
-2577
-2557
-2701
-3343
-4805
-6838
-9173
-11369
-13542
-15555
-17796
-19528
-21197
-21104
-20160
-17694
-15013
-12155
-8311
-3765
2011
6858
11411
14197
17440
19522
21845
22333
21630
19638
17078
14884
12204
9222
5355
1855
-1270
-2982
-4655
-5805
-7135
-7353
-6681
-5240
-4171
-3412
-2802
-1860
-913
-580
-909
-1821
-2612
-3392
-3973
-4856
-5720
-6325
-6071
-5088
-3568
-1941
164
2768
5803
8574
11025
12832
14431
15359
15574
14866
13449
11647
9587
7208
4524
1725
-813
-2655
-3953
-4783
-5516
-5899
-5834
-5064
-3937
-2783
-2201
-1894
-1883
-1628
-1928
-2956
-5024
-7320
-9681
-11688
-13884
-16283
-18477
-20583
-20803
-20402
-17969
-15924
-13052
-9796
-5012
658
5971
10436
13433
16844
19134
21913
22305
21762
19443
17070
14598
12013
8608
4612
814
-2285
-3937
-5577
-6622
-7841
-7688
-6684
-4760
-3510
-2396
-1676
-422
587
1031
592
-477
-1429
-2427
-3198
-4510
-5589
-6453
-6301
-5461
-4050
-2478
-397
2222
5373
8320
10770
12553
13969
14978
15201
14530
12836
10726
8445
6050
3380
526
-2052
-3974
-5120
-5718
-6115
-6307
-5986
-4987
-3482
-2077
-1172
-793
-583
-466
-898
-2107
-4371
-6867
-9589
-11913
-14600
-16973
-19806
-21193
-21501
-20260
-17866
-15746
-12269
-8501
-2632
2762
8342
11894
15666
18373
21179
22884
22552
21126
18223
15750
12799
9749
5504
1567
-2363
-4448
-6149
-7179
-8280
-8523
-7614
-5601
-3454
-2004
-825
206
1596
2347
2412
1328
177
-1228
-2173
-3530
-4917
-6219
-6722
-6164
-5020
-3384
-1664
899
3729
7007
9533
11779
13237
14411
14755
14297
12974
10884
8631
6071
3611
888
-1568
-3763
-5058
-5828
-5984
-6077
-5826
-4993
-3537
-2017
-811
-135
82
298
-131
-1081
-3148
-5622
-8383
-10968
-13841
-16382
-19271
-20919
-21410
-20502
-18243
-16288
-12860
-8993
-3301
2207
7687
11408
15263
18061
20918
22563
22159
20741
17785
15353
12450
9265
5065
1096
-2677
-4778
-6421
-7364
-8305
-8424
-7429
-5330
-3022
-1356
-97
929
2243
3101
3219
2215
1024
-493
-1475
-2854
-4300
-5588
-6133
-5589
-4587
-3087
-1342
1075
3809
6631
8966
10807
12266
13126
13293
12568
11148
9112
6982
4671
2411
32
-2154
-3815
-4786
-5153
-5225
-5120
-4836
-3995
-2723
-1375
-452
-45
28
-134
-658
-1820
-3670
-6092
-8638
-11322
-13906
-16338
-18958
-20017
-20559
-19073
-17392
-15095
-11896
-7574
-2294
2931
7620
11125
15083
17478
20626
21247
20978
19069
16690
14279
11452
7879
3771
-69
-3379
-5221
-7032
-7920
-8844
-8332
-7154
-4858
-2933
-1198
178
1653
3043
3875
3835
3095
2090
911
-124
-1712
-3170
-4420
-4657
-4262
-3388
-2324
-662
1573
4161
6512
8274
9826
10937
11571
11354
10416
8735
6866
4806
2771
654
-1430
-3170
-4361
-4857
-5011
-4794
-4601
-3920
-2843
-1530
-352
341
566
467
151
-675
-2132
-4285
-6615
-8965
-11492
-13920
-16750
-18299
-18983
-18223
-16825
-15452
-12839
-9250
-4293
610
5194
8308
12212
14845
18239
19607
19596
18306
16037
14192
11664
8668
4509
717
-2975
-4816
-6667
-7685
-8921
-8893
-7892
-5704
-3552
-1836
-188
1350
3144
4353
4815
4527
3997
3040
2379
945
-367
-1536
-2084
-1901
-1489
-940
106
1841
3871
5791
6926
7888
8586
9034
8840
7796
6027
4126
2402
690
-980
-2831
-4239
-5130
-5243
-5002
-4517
-4048
-3295
-2173
-877
439
1040
1287
998
627
-389
-1872
-4039
-6227
-8516
-10861
-13189
-15725
-16695
-17047
-15762
-14536
-12960
-10560
-6810
-2245
2449
5979
8729
11824
14002
16908
17448
17181
15192
13120
11114
9055
5962
2202
-1454
-4357
-5777
-7242
-8255
-9249
-8804
-7701
-5420
-3822
-2077
-558
1130
2772
3759
4089
4012
3738
3320
3025
2092
1466
849
1088
1609
2453
3138
4231
5572
7021
8228
8711
8872
8565
7889
6613
4874
2627
498
-1606
-3381
-5149
-6462
-7146
-7179
-6744
-6085
-5031
-3785
-2188
-710
780
1768
2340
2434
2036
1219
-313
-2367
-4844
-7144
-9636
-11771
-14469
-15850
-16340
-15418
-13540
-12119
-9544
-6274
-1661
3042
7043
9605
12545
14125
16438
17056
16349
14554
11553
9162
6550
3795
146
-3256
-6472
-7960
-9205
-9829
-10341
-9882
-8676
-6552
-4587
-2994
-1298
162
1801
2666
2807
2673
2530
2348
2356
1773
1622
1768
2609
3938
5303
6750
8327
10115
11734
12888
13132
12795
11836
10440
8251
5514
2142
-1047
-3906
-6438
-8613
-10387
-11273
-11194
-10321
-9155
-7544
-5746
-3379
-989
1195
2677
3412
3566
3323
2561
890
-1605
-4760
-7499
-10078
-12253
-15063
-16695
-17186
-15731
-13125
-11069
-8178
-4526
533
5982
10140
12705
15294
16602
18654
18766
17476
14841
11253
8199
5253
1940
-2073
-5765
-8892
-10153
-11156
-11770
-12268
-11511
-9718
-7155
-5340
-4039
-2595
-986
665
1368
1092
633
438
484
744
527
698
1516
3189
5216
7341
9322
11639
13927
15746
16786
16826
16190
15104
13103
10190
6457
2546
-922
-4132
-7200
-10154
-12434
-13433
-13236
-12402
-11175
-9752
-7815
-5297
-2420
86
1772
2455
2619
2537
1915
500
-2068
-5112
-8130
-10424
-12790
-14585
-15651
-15562
-13578
-11564
-8673
-5172
-872
4262
8775
11927
15003
16722
18747
19449
18589
16660
13543
10555
7561
4336
325
-3481
-7101
-9051
-10434
-11454
-12480
-12747
-11913
-9840
-7832
-6652
-5655
-4720
-3064
-1711
-1209
-1391
-1660
-1580
-1038
-405
237
1216
2671
4621
7199
9722
12140
14258
15879
17236
17762
17394
16302
14428
11862
8682
5073
1548
-1644
-4646
-7448
-9859
-11415
-12066
-11800
-11095
-9969
-8611
-6949
-4743
-2680
-898
12
438
375
88
-856
-2292
-4391
-6673
-8756
-11101
-12099
-12708
-11918
-10517
-9212
-6521
-3328
701
5181
8173
11006
13288
14915
16618
16618
15766
13816
11226
8636
6294
3384
496
-2684
-5427
-7145
-8319
-9078
-9845
-10106
-9874
-8626
-7726
-6954
-6552
-6133
-5215
-4534
-4263
-4315
-4131
-3632
-2539
-1603
-370
1394
3339
5905
8478
10837
13171
14788
16054
16780
16490
15698
14019
11992
9301
6303
3026
295
-2222
-4504
-6523
-8118
-8864
-9187
-8934
-8359
-7381
-6459
-5321
-4172
-2939
-2072
-1805
-2098
-2538
-3098
-3677
-4800
-6289
-7679
-9159
-9263
-9050
-7870
-6378
-5215
-2893
-289
2964
6376
8459
10265
11443
12188
13113
12850
11814
9820
7480
5375
3705
1791
-151
-2275
-4001
-4990
-5573
-6054
-6602
-6840
-6823
-6238
-6187
-6279
-6481
-6539
-6188
-6112
-6232
-6139
-5479
-4346
-2756
-1435
443
2583
4816
7282
9272
11189
12761
13635
14127
13856
12953
11544
9627
7610
5259
2860
398
-1454
-2920
-3913
-4911
-5767
-6169
-6073
-5618
-5174
-4933
-4770
-4369
-3930
-3576
-3714
-4252
-4801
-5341
-5718
-6113
-6770
-7218
-7875
-7375
-6245
-4366
-2083
-852
1286
3560
6487
9467
10790
11534
11765
11701
11959
11183
9439
7086
4498
2483
1238
-418
-2091
-3906
-5172
-5397
-5378
-5644
-6132
-6359
-6221
-5406
-5402
-5788
-6320
-6675
-6379
-6066
-6102
-5869
-5394
-3924
-1728
216
2388
4135
6477
8876
10793
12179
12582
12712
12434
11519
10027
7872
5590
3283
1204
-825
-2575
-4005
-4792
-5055
-5059
-4995
-4928
-4714
-4347
-3736
-3492
-3526
-3967
-4347
-4598
-5051
-5920
-6772
-7569
-7589
-7656
-7607
-7619
-7321
-5398
-3353
-251
1880
3727
6412
8977
12223
14094
14591
14580
13954
13563
12748
11082
8476
5497
2663
796
-704
-2457
-4317
-6088
-6911
-7096
-7182
-7746
-8119
-8412
-8090
-7785
-8056
-8391
-8633
-8385
-7698
-7194
-6475
-5469
-3635
-921
1841
4624
6627
9158
11331
13451
14714
14596
14202
13065
11834
9853
7130
4280
1665
-496
-2439
-4150
-5527
-6261
-6216
-5877
-5443
-5136
-4871
-4375
-3848
-3510
-3613
-4238
-5043
-5821
-6468
-7305
-8323
-9383
-9748
-9737
-9145
-8816
-8091
-5798
-3244
676
3118
5635
8532
11207
14594
16276
17107
17003
16400
15656
14590
12750
10225
7340
4392
2476
615
-1164
-3119
-4944
-6058
-6678
-7374
-8413
-9204
-9809
-9793
-9938
-10618
-10963
-11201
-10722
-9920
-9324
-8134
-6574
-4133
-1200
1930
4761
7466
10085
12450
14531
15492
15649
15058
14062
12584
10410
7558
4678
2107
21
-1942
-3865
-5527
-6449
-6591
-6474
-6371
-6550
-6483
-6217
-5659
-5301
-5332
-5810
-6443
-7000
-7355
-7847
-8629
-9425
-9872
-10014
-9680
-9708
-8358
-6365
-3326
123
2114
5493
8140
12155
15242
16794
17780
17621
17886
17424
16559
14369
11799
8810
6445
4480
2510
353
-1849
-3631
-4787
-5562
-6817
-7827
-8848
-9292
-9562
-10233
-11027
-11306
-11372
-10745
-10394
-9696
-8435
-6424
-3914
-1241
1407
3875
6714
8954
11230
12495
13157
13313
13013
12360
11049
9078
6811
4829
3175
1775
162
-1541
-2898
-3575
-3955
-4428
-5332
-6100
-6681
-6815
-7006
-7301
-7933
-8683
-9128
-9434
-9360
-9589
-9701
-9967
-9794
-9368
-9165
-7698
-6385
-3357
-855
1077
3909
5999
9991
12522
14492
15149
15397
15756
15885
15486
13825
11955
9346
7825
6217
4873
3057
1298
-313
-1446
-2479
-3716
-4820
-5929
-6735
-7407
-8428
-9268
-9749
-9987
-9665
-9735
-9157
-7980
-5929
-3766
-1590
172
2394
4481
6350
7865
8538
8974
8802
8520
8030
7278
5899
4566
3244
2715
2020
1341
353
-436
-947
-1522
-2052
-2966
-3762
-4757
-5462
-6134
-6700
-7413
-8198
-8988
-9506
-9843
-10081
-10035
-10215
-10053
-10403
-9458
-7901
-5342
-2080
-685
2259
3991
7826
10966
13070
14228
14053
14219
13898
13898
12270
10598
7657
5832
4201
3327
2199
1138
102
-588
-794
-1427
-1642
-2052
-2284
-2703
-3633
-4795
-5132
-5585
-5255
-5960
-6080
-5711
-4280
-2440
-1051
88
1140
2712
3966
5063
5237
5078
4500
4083
3744
3421
2483
1648
848
749
700
543
115
-556
-994
-1508
-1837
-2383
-2942
-3759
-4372
-4903
-4922
-5224
-5546
-6161
-6676
-6959
-7293
-7587
-8142
-8556
-9506
-8790
-8280
-5627
-3364
-1676
1092
2783
6826
9314
11988
12831
13444
13243
12979
12388
10740
9113
6146
4045
1765
644
-616
-1331
-2519
-2972
-3343
-3515
-3284
-2946
-2517
-1879
-2173
-2184
-2010
-1477
-446
-153
461
807
2175
2883
4271
4490
4775
4536
3983
3710
3163
2358
1054
-83
-818
-945
-1293
-1602
-1925
-1599
-1572
-1305
-1926
-2166
-2717
-3187
-3730
-4229
-4575
-4857
-4971
-5072
-4609
-4590
-4157
-4383
-4166
-4179
-4319
-4985
-5615
-6726
-6719
-6177
-5340
-2884
-2436
285
1665
4675
7445
9239
10783
10885
11365
10823
10973
9295
7989
5518
3662
2095
737
-586
-1808
-2866
-3511
-3976
-4683
-5320
-5451
-5168
-4354
-3839
-3990
-3174
-2351
-10
1896
3773
5238
6855
8184
9739
10323
10186
9251
7457
5832
3974
2347
505
-1035
-2596
-3303
-3907
-3762
-3593
-3204
-3290
-3373
-3839
-4270
-4706
-5276
-5638
-6133
-6343
-6403
-5983
-5396
-4466
-4031
-3494
-3350
-2838
-2684
-2598
-3330
-3909
-5363
-5315
-4611
-3101
-337
-92
2337
3080
6268
8430
9735
9869
9118
8682
7816
7534
5798
4735
2472
1451
410
391
-133
-397
-1364
-1987
-2612
-3496
-4501
-5521
-6265
-6219
-6150
-6331
-5398
-4417
-1171
1504
4564
6690
8750
10731
12379
13254
12782
11533
9535
7629
5558
3628
1710
135
-1266
-2050
-2816
-3138
-3623
-3887
-4549
-5296
-6556
-7618
-8366
-8618
-8328
-8092
-7524
-7069
-6036
-4883
-3697
-2846
-2657
-2604
-2824
-2831
-3207
-3730
-4659
-5758
-4551
-3594
540
2252
4275
5742
7100
10265
11075
11606
9410
7985
5473
4684
2787
1509
-263
-1686
-2162
-1964
-1191
-754
-516
-1045
-1431
-2672
-4132
-5579
-6312
-6871
-6671
-7703
-6900
-5705
-1909
1758
5096
7448
8936
11236
12429
13854
12736
11290
8830
7229
5733
4756
3511
2490
1750
1241
996
402
-538
-1894
-3492
-5596
-7465
-9434
-10331
-10867
-10440
-9955
-8661
-7410
-5727
-4260
-3320
-2712
-2945
-3091
-3656
-4004
-4943
-5687
-6576
-6979
-5095
-3072
1582
4502
7079
9178
10353
12787
13219
13056
10430
7940
4578
3164
1374
317
-899
-1902
-1827
-1368
-526
-271
-95
-1218
-2435
-4821
-7138
-8997
-9652
-9661
-8693
-8250
-6433
-3568
649
4866
8023
9451
10122
10482
10409
10447
8857
7262
5155
4247
4142
4745
4878
4785
4559
4390
3958
2502
352
-2286
-4635
-7255
-9219
-10796
-10961
-10146
-8858
-7276
-5655
-3965
-2645
-1807
-1814
-2097
-3202
-4329
-5684
-6346
-7008
-7159
-7717
-6987
-4359
-911
4284
6283
8945
9316
10605
11472
11218
10242
7748
5503
3000
2728
1924
2580
1696
1464
1028
1170
791
115
-1468
-3665
-6003
-8894
-10751
-11507
-10431
-8484
-6171
-4384
-1511
1440
5045
7225
8185
7478
6568
5374
5013
4642
4147
3510
3079
3809
4978
6231
6149
5822
4787
3906
2017
-255
-2888
-5005
-6767
-8146
-8931
-8921
-7964
-6643
-5306
-4421
-3722
-3384
-3163
-3202
-3194
-3700
-4043
-4560
-4373
-3888
-3275
-3153
-2882
-1215
1019
4765
6041
7059
6957
7081
7915
7742
7451
6055
5021
3565
3725
3477
3959
3453
2536
1755
881
111
-1101
-2473
-4203
-5788
-7613
-8915
-9029
-7748
-5528
-2893
-1424
526
1829
3754
4866
5423
4875
3859
2929
2462
3172
3494
3879
3351
3449
3728
4318
3952
3091
1765
572
-822
-2369
-3892
-4945
-5466
-5824
-5926
-6013
-5573
-5061
-4581
-4493
-4677
-5046
-5124
-5111
-4819
-4650
-4347
-3979
-3326
-2698
-1977
-1723
-585
1022
3377
6132
7110
8193
8125
8640
9021
8766
7969
6592
5250
4085
3601
2858
2322
1272
169
-821
-1620
-2429
-2962
-3765
-4603
-5476
-6379
-6598
-5626
-3720
-1218
783
1788
2701
3406
4414
4894
4556
3443
2383
1729
2024
2702
3124
3204
2802
2418
2253
1987
1400
304
-1153
-2646
-4041
-5138
-5715
-5840
-5679
-5497
-5357
-4994
-4546
-4095
-4199
-4514
-5183
-5447
-5521
-5270
-4878
-4626
-4199
-3648
-3095
-2518
-1950
-1434
605
2369
5376
6975
7938
8717
8859
10011
10003
9978
8490
7493
5948
5490
4468
3564
2293
741
-536
-1974
-2945
-4083
-4540
-5617
-6267
-7154
-7122
-5955
-3651
-1259
944
2175
3269
4146
5068
5669
5538
4868
3718
3409
3525
4344
4524
4426
3678
3139
2306
1508
374
-1105
-2530
-4201
-5462
-6466
-6779
-6746
-6297
-6075
-5813
-5812
-5537
-5256
-5119
-5431
-6112
-6589
-6643
-6055
-5356
-4643
-4195
-3463
-3105
-2266
-2185
-927
710
3007
6067
6739
8162
7758
8882
9808
10459
9868
8456
7121
6180
6409
5333
4581
2376
1016
-483
-1353
-2727
-3747
-4988
-5810
-6242
-6594
-6139
-4870
-2924
-569
1516
2524
3295
3242
3833
4071
4350
3641
3267
2912
3714
4631
5225
5396
4838
4174
3082
1802
180
-1118
-2570
-3718
-4975
-5961
-6336
-6033
-5411
-4882
-5206
-5760
-6314
-6478
-6361
-6479
-7050
-7584
-7728
-7237
-6025
-5128
-4236
-3943
-3373
-3135
-1782
-246
2164
5234
6264
7725
7035
7671
8628
9576
9746
8744
7430
6521
6709
6300
6168
4537
3011
1260
-59
-1513
-2694
-4223
-5193
-5831
-6199
-6033
-5252
-3728
-1343
783
1938
2581
2246
2436
2544
2787
2683
2816
2687
3249
3798
4589
5302
5317
4650
3347
1835
305
-1024
-2528
-3616
-4555
-4989
-5136
-4982
-4705
-4224
-3921
-4063
-4572
-5373
-5995
-6184
-6386
-6540
-6881
-6977
-6524
-5540
-4486
-3636
-3370
-2692
-1213
852
4250
5871
7732
7472
7156
7295
7326
8070
7725
7066
5695
5236
4616
4974
4608
4110
3135
1763
239
-1520
-2929
-4272
-4801
-5569
-5857
-5922
-5298
-3567
-1543
312
1476
1639
1392
1342
1272
1690
2229
2766
3578
4239
4801
5191
5441
5437
5227
4237
2554
399
-1659
-3036
-3899
-4385
-4960
-5529
-5888
-5846
-5688
-5467
-5627
-5850
-6070
-6221
-6169
-6233
-6133
-5906
-5421
-4778
-4205
-3709
-3415
-2360
-1328
1183
3687
6262
8666
8988
9395
8541
8479
8348
8417
7607
6876
5591
4485
3925
3045
2903
2221
1569
286
-876
-2493
-3760
-5179
-6053
-6337
-6065
-5538
-4862
-3918
-2770
-1365
-557
-26
34
347
824
1501
2160
2908
3652
4347
4972
5132
5234
4771
4086
3066
1914
950
212
-243
-624
-1089
-1880
-2826
-3802
-4523
-4951
-5278
-5815
-6187
-6494
-6240
-5681
-5114
-4363
-3759
-3061
-2455
-2096
-1998
-1926
-1751
-999
263
2016
3898
5292
6150
6175
5838
5341
4870
4352
3917
3358
2889
2554
2160
1789
1212
678
277
138
16
-263
-968
-1909
-2829
-3561
-3852
-3778
-3380
-2784
-2213
-1765
-1491
-1324
-1075
-705
-119
616
1592
2503
3404
3938
4220
4351
4201
3963
3483
3010
2576
2410
2272
2260
2154
1876
1577
932
180
-700
-1602
-2348
-2933
-3527
-3923
-4143
-4087
-3726
-3545
-3400
-3450
-3411
-3194
-3037
-2930
-2870
-2745
-2416
-1837
-1149
-276
598
1363
1985
2372
2525
2469
2237
1956
1693
1553
1318
1100
743
404
209
51
-10
-191
-437
-823
-1228
-1611
-1732
-1651
-1465
-1413
-1447
-1466
-1211
-805
-313
190
723
1466
2279
3124
3688
3953
3847
3522
3153
2856
2709
2683
2710
2691
2691
2590
2434
2097
1650
1156
617
121
-503
-1117
-1849
-2448
-2976
-3351
-3660
-3853
-3901
-3808
-3639
-3532
-3474
-3480
-3276
-3018
-2661
-2385
-2101
-1618
-897
28
800
1279
1399
1422
1432
1533
1609
1628
1624
1537
1367
1074
722
545
533
519
370
-16
-314
-441
-326
-246
-264
-343
-398
-401
-356
-473
-601
-680
-664
-384
-48
444
984
1577
2113
2529
2668
2663
2439
2169
1923
1601
1429
1274
1147
1060
956
962
1200
1400
1502
1145
466
-336
-1048
-1616
-2057
-2340
-2413
-2221
-1945
-1575
-1405
-1323
-1602
-1938
-2328
-2424
-2173
-1846
-1456
-1296
-1063
-795
-400
-4
318
502
676
856
1080
1194
1101
758
215
-259
-586
-705
-590
-472
-382
-415
-482
-417
-205
185
511
690
717
649
556
405
101
-164
-319
-216
90
408
733
1045
1271
1399
1244
838
405
38
-84
-26
219
585
1062
1665
2156
2510
2600
2181
1613
653
-262
-809
-1021
-685
-276
-9
-42
-346
-750
-1073
-1284
-1264
-1121
-887
-699
-616
-598
-777
-867
-997
-988
-837
-706
-583
-572
-625
-594
-509
-388
-291
-352
-589
-1061
-1568
-1896
-2012
-1793
-1591
-1328
-1091
-718
-192
351
810
935
883
665
498
391
470
648
994
1349
1732
2075
2305
2415
2290
2066
1635
1152
691
291
196
405
735
1144
1287
1267
1147
986
819
666
518
402
274
74
-198
-500
-656
-736
-628
-504
-334
-205
-176
-129
-52
179
422
557
470
150
-258
-685
-962
-1182
-1211
-1155
-1039
-851
-772
-715
-757
-900
-1225
-1608
-2109
-2495
-2750
-2898
-2860
-2763
-2614
-2516
-2388
-2215
-1939
-1679
-1547
-1550
-1637
-1649
-1438
-1027
-439
205
765
1319
1938
2621
3315
3883
4202
4318
4302
4152
4005
3834
3660
3523
3293
2971
2560
2206
1936
1865
1736
1554
1198
785
440
107
-198
-609
-975
-1245
-1316
-1296
-1076
-789
-398
-119
-8
-24
-54
-11
-26
-106
-384
-587
-740
-760
-708
-699
-779
-934
-1308
-1754
-2183
-2524
-2674
-2790
-2936
-3161
-3323
-3431
-3254
-3004
-2660
-2382
-2210
-2104
-2062
-2060
-2118
-2121
-2089
-1786
-1245
-347
686
1626
2219
2368
2262
2171
2231
2398
2599
2702
2833
2910
3124
3367
3628
3824
3654
3260
2668
2162
1883
1686
1605
1545
1539
1463
1264
1037
883
836
685
244
-415
-1037
-1316
-1106
-575
24
407
519
480
343
275
89
-215
-687
-1101
-1312
-1268
-1023
-785
-632
-725
-977
-1438
-1879
-2273
-2529
-2807
-3057
-3327
-3409
-3309
-3030
-2714
-2525
-2419
-2522
-2615
-2746
-2974
-3150
-3424
-3340
-2864
-1754
-94
1349
2579
2841
2751
2507
2459
2703
2977
3136
3202
3418
3673
4133
4245
4133
3711
3164
2715
2241
1749
1257
835
557
384
193
109
99
260
433
303
-170
-912
-1642
-1897
-1630
-965
-232
275
527
660
845
977
963
653
197
-204
-494
-561
-558
-498
-356
-169
-31
-39
-283
-655
-988
-1340
-1621
-1968
-2227
-2330
-2208
-2041
-1915
-1834
-1793
-1642
-1652
-1779
-2159
-2567
-2956
-3178
-3338
-3293
-2909
-2045
-628
715
1834
2050
1877
1547
1540
1977
2485
2913
3066
3121
3173
3411
3592
3762
3636
3249
2639
1932
1340
836
464
141
-156
-366
-496
-401
-188
50
13
-371
-946
-1484
-1614
-1377
-880
-388
21
332
641
817
772
538
225
51
-34
-128
-307
-553
-661
-545
-276
-58
-45
-330
-742
-1078
-1343
-1438
-1512
-1544
-1494
-1379
-1166
-882
-589
-339
-241
-296
-460
-705
-943
-1225
-1541
-1903
-2228
-2393
-2179
-1642
-700
229
1009
1321
1099
720
345
399
709
1110
1354
1557
1630
1855
2090
2269
2458
2463
2394
2187
1789
1276
808
484
456
608
787
978
1096
1169
1176
880
400
-360
-1029
-1477
-1532
-1270
-846
-427
-200
22
26
43
-159
-409
-678
-907
-1034
-1096
-1061
-912
-644
-360
-48
38
81
-97
-230
-391
-525
-612
-753
-760
-794
-654
-551
-316
-88
84
97
-104
-426
-838
-1160
-1502
-1733
-1949
-2072
-2137
-1980
-1578
-780
72
770
1043
834
511
186
186
346
689
983
1213
1362
1487
1644
1807
2028
2245
2472
2548
2390
2008
1505
1075
829
802
870
951
974
811
607
274
-57
-404
-711
-963
-1087
-1071
-945
-808
-745
-740
-802
-800
-760
-664
-619
-663
-763
-775
-683
-429
-133
119
293
309
239
110
-13
-112
-262
-443
-597
-699
-676
-604
-503
-410
-339
-308
-308
-368
-483
-632
-836
-1001
-1139
-1203
-1215
-1200
-1155
-1060
-919
-761
-531
-343
-151
-15
53
102
139
223
370
619
926
1311
1677
2021
2304
2430
2426
2299
2077
1805
1469
1121
810
540
330
194
129
157
242
313
306
129
-204
-580
-939
-1175
-1229
-1101
-827
-558
-322
-165
-60
-5
-32
-185
-387
-553
-620
-588
-447
-256
-9
253
441
558
607
595
522
399
237
86
-6
-3
57
119
94
9
-104
-197
-254
-350
-521
-743
-962
-1095
-1155
-1172
-1179
-1209
-1250
-1222
-1068
-787
-469
-222
-89
-64
-68
-41
56
210
399
567
708
808
898
930
881
736
529
384
384
442
472
399
222
38
-95
-170
-188
-213
-263
-336
-396
-378
-344
-268
-195
-89
72
275
502
660
751
750
726
719
755
799
840
830
766
678
606
555
460
298
62
-117
-215
-212
-156
-139
-126
-142
-152
-185
-283
-396
-529
-654
-767
-867
-938
-948
-912
-849
-775
-683
-574
-417
-251
-54
145
305
428
466
456
432
404
400
390
314
198
39
-121
-265
-385
-472
-534
-568
-584
-603
-636
-642
-610
-528
-428
-338
-266
-213
-128
-41
49
84
50
-5
-77
-98
-48
51
185
266
346
432
566
752
910
1016
1029
972
873
764
678
644
647
642
596
497
391
288
223
153
73
-1
-86
-165
-244
-272
-261
-271
-296
-341
-388
-400
-407
-384
-343
-277
-178
-97
-25
55
177
347
514
602
585
481
356
267
215
171
81
-33
-164
-276
-355
-446
-533
-665
-806
-926
-1016
-1052
-1055
-1012
-920
-779
-623
-460
-330
-226
-176
-158
-173
-189
-187
-161
-108
-58
-4
42
96
149
184
227
266
299
318
312
299
279
266
273
310
347
378
395
381
368
332
305
270
218
190
177
168
191
215
250
289
326
387
445
520
571
595
590
563
520
476
452
437
421
414
386
339
265
164
49
-63
-152
-233
-327
-443
-570
-671
-703
-687
-627
-583
-560
-566
-598
-629
-645
-636
-615
-589
-569
-537
-480
-410
-324
-230
-141
-60
-9
-2
-35
-87
-132
-160
-166
-167
-166
-151
-119
-84
-54
-21
10
49
77
93
89
71
73
96
142
185
213
229
240
252
268
295
342
399
464
514
555
586
628
647
641
623
601
574
563
583
595
589
530
444
362
289
218
128
4
-112
-231
-313
-364
-405
-436
-489
-557
-604
-604
-572
-518
-491
-495
-519
-559
-590
-591
-554
-486
-393
-290
-175
-58
38
118
172
208
211
184
117
50
-14
-53
-49
-16
36
62
78
78
65
37
-12
-74
-125
-160
-161
-152
-132
-126
-112
-86
-53
-11
15
51
87
128
180
215
248
261
273
281
275
269
264
268
278
288
297
307
297
271
224
164
103
44
-14
-76
-148
-206
-234
-226
-206
-186
-175
-172
-168
-179
-197
-242
-299
-344
-372
-365
-329
-252
-159
-56
49
144
222
282
325
350
362
361
341
314
284
285
309
336
350
324
277
203
120
25
-79
-170
-247
-283
-295
-295
-278
-265
-244
-226
-223
-224
-242
-244
-229
-201
-156
-113
-62
-12
25
51
55
47
28
19
23
42
72
94
101
93
86
73
56
24
-6
-39
-63
-79
-101
-116
-131
-140
-142
-137
-134
-140
-168
-210
-267
-320
-349
-350
-313
-239
-147
-42
58
152
236
311
368
404
425
428
430
436
449
477
501
528
548
545
519
453
363
251
133
17
-74
-138
-171
-186
-184
-176
-162
-158
-184
-220
-269
-298
-311
-310
-292
-263
-213
-162
-122
-89
-71
-64
-70
-92
-121
-143
-151
-135
-117
-89
-74
-66
-57
-61
-63
-76
-89
-102
-119
-129
-143
-155
-164
-169
-168
-162
-161
-165
-180
-194
-202
-199
-184
-159
-128
-86
-41
19
86
165
238
295
334
361
391
433
478
519
554
575
583
580
559
524
472
403
322
241
166
103
40
-9
-56
-79
-97
-112
-137
-173
-208
-247
-271
-287
-283
-266
-234
-203
-163
-122
-79
-45
-29
-31
-48
-65
-82
-97
-112
-124
-130
-120
-103
-82
-78
-79
-93
-103
-114
-133
-157
-190
-214
-240
-251
-262
-267
-270
-270
-259
-242
-208
-175
-137
-103
-66
-30
0
24
45
74
117
171
233
290
336
366
371
367
354
345
330
308
285
264
254
253
250
241
220
184
141
96
56
25
-3
-21
-37
-40
-38
-37
-33
-38
-39
-42
-34
-19
-4
10
13
12
9
7
0
-15
-38
-71
-100
-128
-144
-158
-160
-154
-147
-128
-116
-100
-96
-103
-125
-158
-188
-213
-226
-238
-247
-259
-260
-245
-215
-181
-144
-120
-98
-77
-58
-32
-6
29
61
102
135
169
195
216
231
238
243
236
222
201
180
159
141
125
107
96
84
77
69
60
54
44
39
29
25
24
27
30
30
30
34
39
50
54
60
58
59
60
65
73
73
68
51
34
14
-10
-37
-62
-79
-85
-81
-72
-61
-55
-44
-47
-50
-70
-90
-104
-124
-129
-143
-143
-147
-147
-152
-161
-164
-172
-171
-170
-164
-150
-134
-106
-81
-46
-12
22
55
79
105
119
131
129
126
123
125
129
130
128
118
107
94
76
52
27
-1
-21
-35
-45
-54
-66
-72
-76
-67
-61
-50
-40
-27
-9
9
28
40
53
66
82
99
115
124
127
122
115
105
91
77
59
49
40
40
37
32
25
14
10
2
-5
-17
-29
-39
-42
-35
-34
-33
-48
-59
-79
-96
-113
-132
-135
-138
-119
-105
-81
-66
-54
-46
-39
-29
-19
-7
-3
5
11
26
38
49
57
66
78
85
92
81
68
44
24
-2
-19
-34
-39
-37
-41
-42
-54
-59
-72
-79
-87
-91
-82
-69
-45
-22
1
19
36
47
62
68
76
78
78
80
78
84
85
90
88
87
90
93
97
95
92
87
83
81
75
67
51
40
23
11
-10
-29
-52
-71
-89
-107
-115
-121
-119
-119
-119
-123
-130
-134
-136
-133
-128
-114
-95
-71
-47
-30
-15
-4
5
15
21
29
35
42
47
51
52
50
44
33
20
4
-10
-25
-40
-58
-73
-85
-88
-87
-81
-72
-60
-46
-27
-8
9
25
39
53
62
73
80
88
97
106
122
132
150
157
165
164
160
156
143
139
124
119
104
96
79
64
51
37
27
8
-8
-29
-42
-57
-70
-87
-105
-122
-132
-137
-137
-136
-131
-124
-116
-106
-99
-89
-79
-69
-60
-55
-49
-47
-38
-33
-21
-15
-4
4
6
3
-8
-16
-27
-32
-38
-42
-49
-56
-66
-70
-76
-77
-79
-78
-77
-68
-53
-36
-15
-2
17
27
44
58
73
86
96
112
124
142
158
171
184
189
194
189
188
183
174
159
142
124
112
100
89
74
55
36
14
-8
-30
-52
-69
-82
-92
-102
-111
-117
-120
-114
-110
-102
-97
-93
-85
-80
-66
-60
-51
-44
-40
-26
-24
-11
-16
-21
-29
-40
-41
-54
-58
-73
-84
-95
-101
-108
-114
-118
-123
-123
-121
-116
-112
-107
-103
-99
-87
-78
-56
-48
-24
-11
13
41
65
99
114
145
154
178
191
203
218
215
223
216
215
212
201
200
186
183
171
160
145
125
104
81
58
38
19
3
-6
-17
-22
-30
-33
-39
-42
-48
-54
-61
-70
-79
-88
-97
-106
-113
-114
-112
-110
-107
-116
-125
-137
-145
-146
-144
-143
-143
-144
-139
-131
-122
-111
-110
-101
-103
-92
-91
-82
-80
-73
-67
-60
-50
-41
-34
-31
-21
-21
-2
7
26
45
57
77
86
100
110
119
129
134
142
146
157
164
174
175
178
177
176
176
169
164
152
145
137
133
123
123
113
115
107
103
94
82
70
57
38
24
4
-13
-27
-42
-54
-66
-76
-85
-94
-107
-116
-130
-135
-145
-151
-163
-170
-179
-178
-179
-180
-176
-179
-172
-170
-163
-156
-150
-140
-131
-120
-113
-103
-96
-84
-73
-63
-49
-41
-33
-23
-23
-11
-14
2
9
23
39
45
65
64
77
75
77
78
76
84
88
99
108
119
125
137
138
142
145
148
152
160
164
175
176
186
187
186
184
174
168
151
135
116
95
75
53
30
14
-11
-19
-40
-46
-61
-72
-79
-92
-95
-111
-114
-134
-136
-152
-150
-159
-159
-161
-163
-153
-152
-138
-139
-133
-129
-122
-110
-103
-94
-86
-80
-74
-68
-71
-64
-70
-58
-57
-44
-40
-35
-23
-21
-7
-1
4
9
11
16
20
23
30
37
48
61
81
92
112
123
135
153
160
179
182
186
187
185
190
188
187
174
162
142
123
108
83
68
40
16
-8
-30
-47
-63
-76
-84
-92
-97
-96
-104
-103
-116
-117
-120
-114
-105
-98
-85
-82
-70
-67
-63
-60
-64
-59
-64
-64
-64
-66
-60
-57
-51
-47
-45
-45
-44
-48
-51
-60
-64
-66
-65
-58
-52
-46
-34
-31
-18
-18
-8
-8
-2
2
10
23
35
56
68
89
102
117
132
139
152
152
164
165
176
174
177
169
161
153
139
128
107
89
66
47
25
12
-13
-27
-52
-62
-78
-80
-88
-91
-98
-104
-106
-106
-101
-100
-92
-89
-77
-69
-62
-57
-58
-52
-49
-40
-30
-22
-11
-8
1
1
3
-4
-9
-16
-24
-29
-36
-43
-46
-50
-47
-47
-45
-47
-48
-52
-53
-48
-48
-35
-38
-27
-32
-24
-16
-7
7
15
30
42
61
78
94
105
114
117
125
123
128
122
121
112
107
100
94
86
72
64
46
38
24
15
6
-6
-16
-26
-38
-45
-52
-58
-59
-62
-59
-57
-60
-58
-62
-61
-60
-62
-56
-61
-49
-51
-39
-35
-26
-18
-10
-1
0
2
-2
-1
-3
-3
-8
-12
-18
-22
-22
-19
-15
-14
-12
-14
-11
-10
-10
-5
-6
-1
-1
0
2
5
12
13
22
25
33
37
43
48
48
53
50
57
54
57
52
48
41
35
30
25
23
16
15
8
8
3
-1
-3
-8
-11
-16
-19
-23
-28
-34
-39
-42
-44
-50
-54
-60
-66
-69
-69
-68
-64
-62
-54
-48
-36
-27
-16
-7
-1
4
10
17
24
34
39
46
46
50
48
49
49
48
47
46
45
40
39
34
33
29
30
25
25
21
20
15
11
8
4
3
2
3
3
2
4
2
4
4
2
3
0
2
-3
-1
-9
-7
-13
-11
-14
-13
-16
-22
-27
-37
-40
-47
-49
-54
-57
-59
-64
-64
-68
-67
-69
-67
-63
-60
-50
-47
-39
-37
-31
-29
-23
-16
-9
0
9
21
29
39
44
52
56
60
63
64
65
63
63
63
64
67
68
71
70
70
66
61
54
45
36
28
21
19
16
14
13
10
6
2
-2
-6
-9
-12
-14
-15
-17
-15
-14
-11
-10
-8
-8
-7
-11
-13
-16
-20
-24
-27
-28
-28
-29
-32
-32
-37
-41
-45
-48
-53
-54
-58
-60
-60
-60
-58
-55
-53
-49
-48
-46
-43
-40
-31
-26
-15
-11
-2
0
9
11
18
22
26
31
35
45
48
59
58
63
61
65
66
68
69
70
70
70
70
67
64
57
53
46
44
37
36
29
22
16
10
3
-4
-10
-15
-19
-21
-21
-21
-21
-23
-26
-28
-34
-36
-41
-43
-46
-47
-48
-48
-47
-46
-43
-43
-41
-42
-40
-42
-41
-43
-45
-45
-46
-45
-43
-39
-38
-34
-31
-28
-24
-22
-17
-14
-8
-3
2
6
7
10
10
15
18
25
27
34
38
46
51
54
58
59
62
64
68
70
72
73
73
75
73
71
66
63
57
52
48
41
35
27
19
11
5
-3
-10
-17
-23
-28
-31
-35
-40
-45
-50
-56
-60
-64
-67
-70
-72
-71
-70
-67
-64
-61
-56
-51
-48
-44
-40
-37
-33
-30
-28
-24
-22
-19
-16
-15
-12
-11
-10
-7
-5
-2
0
3
6
10
15
19
25
28
32
35
39
41
44
45
46
49
50
54
55
57
57
59
60
60
59
56
54
52
49
44
39
34
30
26
22
18
13
7
3
-1
-6
-13
-19
-24
-29
-33
-36
-39
-43
-45
-47
-47
-46
-48
-47
-48
-47
-45
-43
-40
-39
-37
-33
-28
-26
-24
-24
-23
-22
-20
-19
-20
-19
-20
-20
-19
-18
-17
-18
-16
-16
-15
-13
-12
-9
-5
0
4
10
14
18
24
28
35
37
40
42
45
49
51
53
52
53
51
51
49
47
44
41
39
38
37
34
29
25
18
14
8
5
-1
-4
-9
-12
-13
-17
-17
-21
-21
-25
-26
-29
-32
-34
-36
-35
-34
-33
-30
-28
-28
-27
-27
-27
-24
-22
-20
-18
-15
-14
-10
-7
-5
-4
-6
-7
-8
-10
-11
-13
-15
-16
-16
-13
-12
-11
-11
-12
-11
-11
-8
-4
0
2
5
8
12
18
23
28
32
37
39
42
42
41
41
40
41
41
41
39
36
33
29
27
22
18
14
11
8
5
4
0
-4
-7
-12
-15
-16
-18
-17
-20
-18
-18
-17
-16
-16
-15
-15
-14
-14
-13
-14
-14
-15
-18
-19
-21
-22
-23
-22
-22
-21
-21
-21
-19
-19
-18
-18
-21
-22
-23
-21
-19
-15
-12
-12
-13
-14
-15
-14
-14
-13
-13
-11
-9
-5
-1
3
5
7
9
10
13
16
21
24
26
27
27
28
28
29
32
34
38
40
43
45
45
44
42
39
39
37
37
36
35
32
29
27
25
22
18
15
10
6
3
-2
-4
-8
-9
-13
-15
-17
-21
-23
-27
-27
-30
-32
-34
-35
-36
-37
-38
-40
-42
-44
-44
-41
-37
-33
-30
-28
-29
-30
-30
-29
-26
-23
-21
-18
-16
-13
-9
-5
-1
3
4
5
4
4
5
4
5
5
5
8
9
12
13
14
14
12
12
13
15
18
20
20
20
20
21
21
21
21
19
17
18
20
23
25
22
21
19
18
17
16
13
10
10
8
11
11
9
6
3
1
2
3
2
-2
-5
-6
-8
-8
-10
-12
-16
-17
-17
-16
-17
-18
-19
-19
-17
-14
-12
-11
-12
-11
-12
-9
-11
-13
-13
-12
-7
-2
1
0
-5
-5
-8
-5
-5
-4
-4
-5
-4
-2
0
0
-1
-2
-2
-1
2
3
4
3
5
5
5
6
7
8
9
10
9
8
6
5
4
4
5
5
5
5
5
4
2
0
-3
-1
0
4
6
7
8
7
5
1
0
-1
1
2
4
7
4
5
4
3
1
0
1
-1
2
0
0
-4
-5
-4
-6
-3
-5
-5
-6
-7
-6
-6
-5
-9
-7
-10
-10
-10
-10
-7
-7
-3
-4
-2
-3
0
-1
-2
-1
-3
1
1
5
5
5
5
5
8
10
12
9
11
7
7
6
4
5
2
4
4
4
3
2
4
3
4
4
3
2
0
-1
-4
-4
-6
-6
-5
-4
-2
-1
-2
-1
-3
-3
-4
-2
-3
-3
-3
-4
-2
-3
0
-1
3
1
2
1
0
0
1
1
2
4
4
8
9
9
6
2
-2
-5
-5
-5
-3
-4
-4
-4
-5
-5
-8
-8
-10
-7
-6
-4
-4
-3
-3
-3
-4
-3
0
3
5
7
8
7
6
4
2
2
0
1
2
6
7
7
6
3
2
0
1
0
1
0
3
3
6
5
1
1
-4
-1
-3
-1
-1
-3
-2
-3
0
0
2
0
-1
0
-2
0
-3
-1
-3
-1
1
1
3
2
2
0
1
1
2
2
2
3
2
1
0
0
-1
0
-1
0
-1
-1
-1
-1
-2
-3
-4
-5
-4
-4
-3
-2
-3
-3
-3
-3
-3
-3
-2
-1
-1
0
1
1
1
1
0
0
1
0
0
1
0
1
1
1
0
0
-2
-2
-2
0
0
0
1
1
1
1
1
1
1
0
1
1
2
3
3
2
1
1
1
1
2
1
2
2
2
2
2
2
1
1
0
0
-1
-1
-1
-2
-1
-1
0
0
-1
-1
-1
-2
-2
-3
-2
-2
-2
-2
-1
0
0
1
1
1
1
1
1
1
1
1
1
2
2
2
2
1
0
1
1
0
0
-1
-1
0
-1
-1
-1
-1
-1
-1
-1
0
0
-1
0
1
0
0
0
1
1
1
1
1
0
1
1
1
1
1
0
1
1
1
0
0
0
0
-1
1
0
1
0
0
0
0
0
-1
-1
-2
-1
-1
-2
-1
-1
-1
-1
0
0
-1
0
0
0
0
-1
0
0
-1
0
0
0
0
1
1
1
0
1
0
0
0
0
0
1
1
2
2
1
1
0
1
0
-1
-1
-1
-1
-1
0
0
0
0
1
-1
-1
0
0
-1
0
-1
-1
-1
0
1
0
1
1
0
0
0
-1
1
1
2
0
1
2
1
1
0
1
0
0
0
0
0
1
0
0
0
0
0
-1
-1
-1
-1
-1
0
0
0
-1
0
-1
0
-1
0
0
0
0
0
-1
-1
-1
0
0
0
-1
0
0
-1
0
0
0
1
1
1
1
0
1
1
1
1
2
0
0
0
1
1
0
1
-1
0
0
0
0
0
0
-1
0
0
0
0
0
0
-1
0
0
-1
-1
0
0
-1
-1
0
1
0
0
0
0
0
-1
1
0
1
1
0
0
0
0
0
0
0
0
0
0
0
0
1
0
-1
-1
0
0
0
0
0
-1
-1
0
0
0
0
0
-1
-1
0
0
0
0
0
1
1
0
0
-1
0
0
0
0
0
0
0
1
0
0
0
0
-1
1
0
0
1
0
0
0
0
0
0
0
0
0
0
0
0
0
0
0
1
1
0
0
0
-1
1
0
-1
0
-1
0
0
1
0
0
0
0
0
-1
0
0
0
-1
0
0
1
1
0
0
0
-1
-1
0
1
0
-1
0
0
0
0
-1
0
0
0
0
0
-1
-1
0
0
0
0
1
0
0
0
0
-1
0
0
0
0
0
0
0
0
0
0
-1
0
0
-1
0
0
0
0
0
0
0
0
0
0
0
1
0
1
0
0
-1
-1
0
0
0
0
0
-1
0
0
0
0
1
1
-1
0
0
-1
-1
0
0
-1
0
0
0
0
0
-1
1
-1
0
0
0
0
0
0
0
0
0
0
1
0
0
-1
0
1
0
-1
0
0
0
0
0
0
0
0
0
0
0
0
0
0
-1
0
0
-1
0
0
1
0
0
1
0
0
0
1
0
0
0
0
0
0
1
-1
0
0
0
1
0
-1
0
0
0
0
0
-1
0
0
0
0
1
0
0
1
0
0
0
1
0
0
0
0
0
1
0
0
0
0
0
0
0
1
0
0
0
0
-1
0
0
-1
-1
0
-1
0
0
0
1
1
0
0
0
-1
1
0
0
0
0
1
0
1
0
0
1
1
0
0
0
0
0
-1
0
0
0
-1
0
0
1
0
0
0
0
1
0
1
0
0
0
0
-1
0
0
0
0
0
-1
0
0
0
1
1
0
0
-1
0
0
1
0
0
-1
1
0
0
0
0
-1
0
0
0
0
0
0
0
0
0
0
0
1
0
0
0
-1
0
1
0
0
1
-1
0
-1
-1
0
0
0
0
0
0
0
0
-1
0
-1
1
0
1
1
0
0
0
0
0
0
0
0
0
0
0
0
0
0
1
0
-1
0
0
0
0
0
0
-1
0
0
-1
0
0
0
0
0
0
0
1
1
0
0
0
0
0
0
0
-1
0
0
0
0
0
0
-1
-1
0
0
0
0
0
1
0
1
-1
0
0
-1
0
0
0
1
0
0
0
0
0
0
0
1
0
1
0
0
0
-1
-1
0
0
0
0
1
0
-1
0
0
0
0
1
0
-1
0
0
0
0
0
1
0
0
0
0
0
0
0
0
0
0
1
0
0
0
0
0
0
0
0
0
0
0
0
0
-1
-1
0
0
0
0
0
0
-1
0
0
-1
0
0
0
0
0
0
0
0
0
0
0
0
0
0
0
0
0
-1
0
0
1
0
0
-1
1
0
0
0
0
0
0
0
0
0
0
-1
1
0
0
-1
0
0
0
1
0
-1
0
0
0
0
0
0
0
1
-1
0
0
0
-1
-1
0
0
0
1
0
0
0
0
0
1
0
-1
-1
0
0
0
0
0
0
0
-1
0
-1
0
1
0
0
0
0
1
0
0
0
0
0
-1
-1
0
0
0
0
-1
0
1
0
1
0
0
0
0
-1
0
0
0
-1
0
0
0
0
0
0
0
0
-1
0
0
0
1
0
1
0
-1
0
1
0
0
-1
0
0
0
0
0
0
1
0
1
0
0
0
0
0
1
0
1
0
0
0
1
0
0
0
0
0
-1
0
0
0
0
0
0
0
0
0
-1
0
0
0
0
0
0
0
0
0
0
1
0
1
0
0
1
0
0
1
0
0
1
0
0
1
0
0
0
0
0
0
0
0
0
0
0
1
0
0
-1
0
0
-1
0
-1
0
0
1
1
0
0
0
-1
0
0
0
0
0
0
1
0
0
-1
0
0
0
0
-1
0
1
0
0
0
0
0
-1
0
0
0
0
0
0
0
1
0
0
0
0
0
-1
0
0
0
0
0
1
0
0
0
0
0
0
0
1
0
-1
0
-1
1
0
0
0
0
-1
0
-1
0
0
0
0
-1
1
0
0
0
1
0
-1
0
1
1
0
-1
0
0
0
0
0
0
0
0
-1
0
0
0
0
1
-1
0
0
-1
0
0
0
0
0
1
1
0
0
0
-1
-1
0
0
0
1
0
0
0
0
0
0
1
0
0
-1
0
0
1
0
0
0
0
0
1
0
0
-1
0
0
0
0
0
0
0
0
1
0
0
0
0
0
0
0
0
1
0
0
0
0
0
0
-1
0
0
0
0
1
0
0
1
0
0
0
1
-1
0
-1
0
0
0
1
0
0
0
0
0
0
1
0
0
0
0
0
0
0
0
0
-1
0
0
0
1
0
0
0
1
0
0
0
0
0
0
0
0
0
0
1
0
1
0
-1
0
0
-1
0
0
0
-1
0
0
0
-1
0
-1
1
-1
1
0
0
0
0
0
1
0
1
0
0
0
0
0
0
0
0
0
0
0
1
0
0
-1
0
0
0
0
0
0
0
0
0
0
-1
0
0
1
0
0
-1
0
0
0
0
0
0
0
0
-1
0
1
0
0
0
0
1
0
0
0
0
0
-1
0
0
-1
0
0
0
0
0
0
0
0
0
0
0
1
1
1
1
0
0
-1
1
0
0
0
0
0
0
0
0
0
0
0
0
1
0
0
1
0
1
0
0
1
0
0
0
0
1
0
0
-1
0
0
1
1
0
0
-1
0
-1
-1
0
0
0
1
1
0
-1
0
1
0
0
0
0
1
0
1
-1
0
1
0
0
0
-1
0
0
0
1
0
-1
0
-1
-1
0
0
1
0
0
0
1
1
0
0
1
1
-1
0
-1
0
0
0
1
0
0
0
0
-1
0
0
-1
0
0
-1
-1
1
0
0
0
0
-1
0
1
0
0
0
-1
1
0
1
0
1
-1
0
0
0
-1
0
0
0
0
0
0
0
0
0
0
0
0
0
0
0
0
0
1
0
0
0
0
1
0
0
0
0
0
0
0
0
0
0
0
0
0
0
0
0
0
0
0
0
1
0
0
0
0
-1
0
0
1
0
0
0
0
0
-1
0
0
0
0
0
0
-1
0
0
-1
0
0
0
-1
0
0
0
0
-1
0
0
0
0
0
0
0
0
0
0
0
0
0
0
0
-1
0
0
0
-1
0
-1
0
-1
0
0
0
0
1
0
0
0
0
-1
1
0
0
0
0
0
1
0
0
0
0
0
0
1
0
0
0
0
-1
0
-1
0
0
0
0
0
0
0
0
0
0
0
0
0
0
0
0
0
1
0
1
1
0
1
0
0
0
0
0
1
0
1
0
0
0
1
0
0
-1
0
0
1
0
-1
0
0
0
0
-1
-1
1
0
0
1
0
0
1
0
0
0
-1
1
0
0
0
0
0
0
-1
0
0
0
0
0
0
0
0
0
0
0
0
0
0
0
0
0
0
0
0
-1
0
-1
0
-1
0
0
0
0
0
-1
0
-1
1
0
0
0
0
0
-1
0
-1
0
-1
0
0
0
0
-1
0
-1
0
1
0
0
0
0
0
0
1
0
0
0
0
0
0
-1
0
0
0
0
0
0
0
0
1
0
1
1
0
0
0
0
0
0
0
0
0
0
1
0
1
0
0
0
0
0
0
0
1
0
0
0
1
0
1
1
0
0
0
0
-1
0
0
1
0
0
0
0
0
0
0
0
0
0
0
0
0
-1
0
0
0
0
0
0
0
0
0
-1
0
1
0
0
0
0
0
0
0
-1
1
0
0
0
1
0
1
0
0
0
0
0
0
0
-1
0
1
0
0
0
1
0
0
0
0
-1
1
1
0
0
1
0
0
0
0
0
0
0
0
-1
0
0
0
0
1
0
0
0
0
0
0
-1
-1
1
0
0
1
0
0
-1
0
-1
1
0
1
0
0
0
0
1
-1
0
0
0
0
0
0
0
0
0
0
0
0
0
0
-1
0
0
0
0
1
0
0
0
0
0
0
0
0
-1
0
0
0
-1
0
0
1
0
-1
0
0
0
0
1
1
1
0
0
-1
0
0
-1
0
0
0
0
-1
0
0
0
0
0
0
1
0
0
0
0
0
1
0
0
0
0
0
0
0
-1
1
-1
0
-1
0
0
0
0
-1
0
0
0
0
0
0
0
0
0
1
0
0
0
0
0
0
0
0
0
0
0
0
0
0
-1
0
0
0
1
0
0
0
0
-1
0
-1
0
1
0
0
1
0
0
0
0
0
0
0
0
0
0
1
-1
0
-1
0
0
-1
0
0
0
0
-1
0
0
0
0
0
1
0
0
0
0
0
0
0
-1
0
0
0
0
0
0
-1
0
0
0
0
0
0
-1
0
-1
0
0
0
0
1
0
0
0
0
0
0
0
0
0
0
0
0
1
0
0
0
0
1
0
-1
0
1
0
0
0
0
0
0
0
-1
-1
0
0
0
1
0
-1
0
0
-1
0
0
0
-1
0
0
1
0
0
0
0
0
0
1
0
0
0
0
1
0
0
0
1
1
0
0
0
0
0
0
1
0
1
0
0
0
1
0
0
0
-1
1
1
0
-1
0
0
0
0
0
0
0
0
0
0
0
1
0
1
0
0
0
0
0
-1
0
1
0
0
-1
0
-1
0
0
-1
0
0
0
0
0
0
0
0
0
0
0
0
0
0
0
0
0
0
0
0
0
0
0
0
0
0
0
0
0
0
0
0
0
-1
0
0
0
0
0
0
0
-1
0
0
0
0
0
0
0
0
0
0
0
0
0
0
0
0
0
0
0
0
0
0
1
-1
0
0
0
0
0
0
0
1
0
0
0
0
0
-1
0
0
0
0
0
0
0
0
0
0
-1
-1
-1
-1
0
-1
0
0
0
0
0
0
-1
-1
0
-1
0
0
0
-1
0
0
0
0
0
0
0
1
0
0
0
0
0
0
0
0
0
0
1
1
0
0
0
0
0
0
0
0
0
0
0
1
0
0
0
0
0
1
1
0
0
0
0
0
-1
0
0
0
0
0
0
1
0
0
1
0
0
0
1
0
0
1
0
1
1
0
0
0
0
0
0
0
0
0
0
1
0
1
1
-1
0
0
0
0
0
0
0
0
0
0
0
1
0
0
1
0
0
0
1
0
0
0
-1
0
0
0
0
0
0
0
0
0
0
1
0
0
0
-1
-1
0
0
0
0
0
0
0
0
0
0
-1
0
1
0
0
0
0
0
0
0
-1
0
1
0
0
0
0
-1
0
-1
-1
0
0
0
0
1
0
0
0
0
0
0
0
0
1
1
0
1
-1
0
0
0
0
0
0
0
0
0
0
0
0
0
0
0
0
0
0
0
0
0
0
0
0
0
0
0
0
-1
1
0
1
0
0
1
0
0
0
0
0
1
-1
0
0
0
0
0
1
0
0
0
0
0
0
0
1
0
0
1
-1
-1
0
0
0
0
0
0
0
0
0
0
0
-1
0
0
0
1
0
0
0
0
1
0
-1
-1
0
0
0
-1
0
0
0
0
0
-1
0
0
0
0
-1
0
0
0
0
0
0
0
0
0
0
0
0
0
0
-1
0
0
0
0
0
0
0
0
0
1
0
-1
0
0
0
0
0
0
0
0
0
0
0
0
0
0
0
0
0
0
0
-1
0
0
0
0
0
0
0
0
0
0
0
0
0
1
0
0
0
0
0
0
0
1
0
0
0
1
1
0
0
0
-1
1
1
0
0
0
0
0
0
0
1
0
0
0
0
0
0
0
0
0
-1
0
0
0
0
0
0
0
0
1
0
0
-1
-1
0
0
0
0
0
0
0
0
0
0
0
0
0
0
1
