2
-2
-8
-18
-36
-55
-71
-76
-71
-58
-35
-8
24
50
73
87
102
119
137
151
148
134
107
81
62
50
39
27
12
-9
-28
-44
-51
-49
-42
-30
-23
-21
-26
-35
-43
-48
-53
-63
-76
-92
-103
-104
-92
-73
-50
-32
-19
-9
-1
8
13
16
17
16
6
-14
-43
-80
-106
-118
-111
-92
-72
-53
-38
-23
-11
-3
-3
-1
10
34
69
104
129
138
129
104
63
17
-28
-54
-66
-62
-50
-39
-23
-9
8
15
14
2
-16
-28
-33
-20
0
30
57
82
102
116
135
152
166
172
168
150
126
99
72
50
32
19
-1
-26
-52
-73
-81
-78
-68
-61
-57
-57
-58
-59
-60
-59
-58
-55
-53
-56
-62
-66
-64
-58
-47
-44
-44
-48
-48
-43
-33
-23
-17
-14
-14
-18
-28
-44
-57
-67
-65
-57
-44
-30
-17
0
13
27
34
38
42
56
76
100
122
127
122
100
69
32
-7
-40
-66
-80
-88
-88
-86
-78
-63
-47
-33
-30
-34
-39
-38
-28
-11
13
37
63
89
117
146
174
200
220
228
225
210
188
161
132
101
67
29
-11
-51
-83
-107
-120
-124
-125
-125
-127
-127
-126
-122
-114
-103
-88
-70
-53
-39
-26
-16
-9
-7
-14
-26
-41
-55
-65
-70
-70
-70
-69
-70
-71
-73
-73
-71
-64
-54
-43
-29
-15
2
19
34
46
56
67
79
93
111
131
149
160
161
149
126
99
68
37
6
-22
-48
-69
-85
-94
-100
-101
-102
-101
-100
-97
-91
-79
-66
-49
-31
-10
14
44
77
110
145
177
207
229
246
254
256
248
227
193
147
96
45
-3
-43
-79
-108
-128
-140
-147
-152
-156
-159
-160
-156
-149
-140
-126
-107
-84
-59
-34
-17
-8
-4
-6
-13
-24
-39
-53
-63
-68
-75
-80
-86
-86
-82
-77
-72
-69
-62
-51
-33
-15
-2
10
23
38
55
73
90
109
130
153
170
176
172
161
143
120
93
61
28
1
-19
-34
-48
-60
-73
-82
-88
-89
-90
-88
-84
-77
-66
-51
-34
-13
12
38
65
91
114
136
155
176
193
207
210
202
181
153
121
86
50
10
-27
-58
-81
-97
-109
-120
-130
-136
-141
-146
-150
-152
-147
-136
-119
-98
-75
-53
-31
-12
0
6
5
1
-7
-16
-28
-39
-49
-54
-56
-58
-61
-63
-61
-56
-50
-44
-38
-34
-29
-21
-13
-4
5
16
30
44
61
75
86
96
102
102
98
89
78
66
55
43
34
25
18
12
9
10
12
13
14
12
11
12
14
17
23
31
39
50
57
66
72
79
86
91
93
90
84
75
64
52
38
22
4
-15
-33
-50
-66
-81
-95
-106
-117
-127
-135
-141
-145
-145
-143
-137
-128
-113
-95
-72
-47
-21
4
26
45
59
66
68
66
58
49
38
23
10
-1
-11
-17
-23
-26
-30
-31
-31
-29
-27
-26
-24
-23
-21
-20
-17
-14
-12
-9
-5
-3
0
1
3
3
3
2
1
0
0
3
10
19
30
43
56
69
82
91
97
100
101
99
97
96
94
93
92
91
90
84
78
69
59
46
33
20
7
-6
-17
-25
-34
-42
-50
-58
-65
-73
-82
-91
-99
-107
-114
-120
-125
-129
-129
-127
-122
-113
-102
-88
-70
-49
-26
-2
21
41
57
71
80
82
79
71
59
46
34
21
10
5
2
2
5
9
13
18
19
20
19
14
8
-1
-9
-21
-30
-40
-49
-56
-63
-67
-70
-71
-71
-70
-66
-61
-54
-43
-30
-13
5
25
44
63
81
97
108
116
121
121
122
119
114
108
102
96
88
79
68
56
42
27
12
-4
-18
-30
-41
-49
-55
-59
-61
-62
-63
-63
-62
-62
-63
-63
-65
-64
-64
-63
-63
-63
-60
-56
-51
-45
-38
-30
-21
-11
-1
8
16
21
26
28
29
28
27
25
22
22
21
23
26
31
38
47
56
65
72
76
77
74
68
56
44
28
12
-5
-21
-36
-50
-63
-73
-82
-88
-92
-92
-88
-83
-74
-62
-48
-33
-18
-3
11
24
36
45
54
61
65
69
72
73
70
67
62
56
48
40
31
21
14
4
-4
-13
-22
-30
-38
-44
-49
-54
-56
-57
-57
-55
-51
-47
-43
-39
-33
-28
-23
-18
-15
-11
-7
-5
-4
-3
-3
-5
-7
-8
-12
-14
-16
-18
-21
-22
-21
-20
-19
-15
-9
-3
7
16
27
39
51
62
73
83
91
96
100
102
100
96
89
80
69
55
41
25
9
-7
-21
-34
-44
-54
-60
-64
-65
-65
-61
-57
-52
-45
-37
-30
-22
-17
-11
-6
-3
1
2
5
6
7
7
8
6
6
6
6
5
6
6
6
7
8
7
6
5
2
0
-4
-8
-12
-14
-16
-16
-16
-15
-14
-13
-10
-8
-7
-5
-5
-5
-5
-6
-8
-11
-13
-16
-21
-26
-31
-37
-42
-47
-50
-53
-53
-53
-50
-45
-36
-27
-15
-1
14
29
45
61
75
90
101
110
116
118
118
115
110
101
90
78
65
51
36
22
8
-6
-17
-27
-37
-45
-51
-56
-59
-62
-62
-65
-63
-62
-62
-62
-60
-59
-57
-53
-50
-46
-39
-33
-25
-18
-10
-2
6
14
23
30
39
45
51
56
58
58
56
51
46
39
32
24
17
11
6
3
0
-1
-1
-2
-2
-3
-5
-6
-9
-12
-17
-21
-28
-34
-41
-49
-56
-65
-73
-80
-88
-92
-96
-97
-98
-95
-90
-83
-73
-60
-46
-29
-11
8
29
49
69
90
109
127
140
153
161
167
169
166
159
151
137
121
104
83
63
42
21
0
-20
-39
-57
-72
-87
-99
-108
-115
-120
-120
-120
-115
-108
-99
-88
-74
-59
-43
-28
-13
2
17
30
41
50
59
64
69
72
73
70
66
60
52
42
31
20
8
-2
-12
-18
-23
-25
-26
-24
-21
-18
-15
-12
-10
-9
-8
-10
-13
-17
-23
-30
-37
-45
-53
-61
-69
-77
-83
-87
-90
-92
-90
-87
-82
-75
-64
-53
-40
-25
-8
10
28
47
66
84
102
118
133
146
156
164
168
168
165
158
147
132
114
94
71
48
22
-4
-28
-53
-76
-96
-115
-129
-142
-150
-153
-152
-148
-140
-128
-112
-94
-72
-51
-30
-8
12
31
46
59
70
78
81
83
81
78
72
64
54
43
32
19
8
-4
-13
-21
-25
-28
-27
-24
-18
-12
-4
4
12
19
23
25
24
20
15
6
-4
-17
-30
-43
-56
-68
-79
-87
-95
-99
-102
-101
-98
-92
-84
-73
-58
-44
-25
-4
17
40
62
84
104
124
141
156
167
177
183
187
187
185
178
170
157
140
118
94
66
36
4
-29
-63
-96
-128
-157
-182
-202
-218
-228
-232
-230
-221
-206
-188
-164
-136
-106
-77
-46
-17
10
33
53
70
83
91
95
97
95
90
84
74
63
51
39
26
15
3
-5
-11
-14
-12
-9
-1
8
19
32
43
54
62
68
69
65
59
49
36
21
3
-14
-31
-47
-62
-75
-85
-94
-100
-105
-106
-105
-100
-92
-83
-70
-55
-36
-15
8
32
56
80
103
124
143
161
175
186
194
198
199
196
188
177
162
141
117
89
56
22
-14
-51
-88
-123
-156
-188
-214
-235
-250
-260
-263
-261
-252
-236
-216
-191
-165
-136
-105
-75
-46
-19
6
27
46
62
76
87
95
103
106
109
109
107
103
98
91
84
76
67
60
55
50
49
48
48
50
52
54
52
51
47
42
34
25
15
5
-4
-12
-19
-26
-31
-36
-39
-43
-47
-52
-56
-61
-66
-69
-70
-70
-66
-59
-49
-35
-19
-1
18
39
59
79
97
112
127
137
145
150
151
150
143
134
121
101
81
56
29
-1
-30
-61
-93
-122
-150
-177
-198
-216
-230
-238
-240
-238
-230
-217
-202
-183
-161
-139
-114
-90
-65
-41
-17
7
31
53
74
95
113
127
140
147
150
153
149
144
138
132
125
117
110
103
94
85
74
60
45
28
10
-7
-23
-36
-46
-50
-50
-45
-37
-24
-10
4
16
26
33
33
30
22
10
-3
-19
-34
-46
-55
-62
-61
-57
-46
-33
-16
1
18
35
49
61
70
75
78
78
76
71
68
63
56
50
42
33
23
12
-2
-19
-37
-58
-80
-102
-125
-147
-168
-183
-197
-204
-209
-209
-205
-197
-184
-169
-149
-126
-100
-70
-37
-2
33
69
105
135
160
181
193
199
199
195
186
176
166
156
147
138
128
120
106
90
68
43
14
-16
-48
-78
-103
-120
-130
-131
-123
-107
-86
-60
-32
-6
19
37
49
55
53
46
34
21
6
-9
-21
-30
-34
-34
-31
-23
-14
-4
6
15
22
27
29
28
25
24
20
20
18
19
22
25
31
35
40
42
41
37
29
16
0
-20
-44
-68
-95
-121
-147
-170
-189
-203
-213
-216
-213
-204
-188
-166
-137
-103
-66
-25
19
61
100
134
164
187
201
206
206
199
189
177
164
151
140
127
116
103
89
71
50
25
-4
-35
-67
-96
-123
-141
-154
-158
-152
-138
-115
-88
-58
-26
3
30
50
65
70
71
66
56
42
29
14
1
-10
-18
-23
-26
-25
-23
-19
-16
-13
-9
-6
-3
-1
4
9
15
25
37
50
62
74
83
89
90
89
82
73
59
42
22
0
-22
-47
-73
-99
-124
-148
-168
-184
-194
-196
-191
-177
-155
-124
-88
-46
-3
40
80
112
138
157
168
171
168
161
149
138
124
113
101
92
81
69
56
38
19
-5
-31
-60
-88
-118
-142
-164
-177
-185
-185
-177
-161
-138
-109
-77
-43
-11
18
43
62
75
80
79
74
63
49
34
17
2
-12
-25
-35
-42
-45
-46
-43
-40
-33
-23
-9
6
26
47
69
93
115
135
148
155
155
148
133
114
91
68
47
25
5
-13
-30
-47
-66
-86
-106
-127
-146
-161
-172
-174
-169
-154
-129
-96
-57
-13
32
74
112
142
164
179
184
181
173
161
144
127
108
92
76
59
44
27
8
-12
-32
-55
-78
-103
-126
-147
-165
-179
-188
-189
-185
-173
-157
-133
-104
-71
-39
-7
24
48
68
80
86
82
72
58
38
17
-7
-29
-49
-66
-82
-92
-98
-100
-95
-85
-70
-50
-23
9
45
82
119
153
182
203
217
221
216
204
184
161
134
110
84
60
38
15
-8
-31
-57
-84
-112
-140
-167
-189
-205
-214
-213
-203
-183
-154
-118
-77
-34
7
45
79
107
129
142
150
151
148
140
131
116
101
84
65
47
29
9
-10
-28
-45
-61
-76
-91
-105
-116
-127
-133
-134
-129
-119
-103
-79
-52
-21
11
41
66
82
92
93
85
70
49
23
-2
-26
-50
-71
-88
-103
-112
-119
-121
-118
-111
-95
-72
-44
-8
33
78
123
165
202
229
246
255
256
247
233
212
190
166
141
116
90
63
34
3
-29
-61
-96
-130
-162
-193
-219
-241
-257
-265
-266
-258
-241
-216
-183
-145
-103
-61
-21
17
51
77
96
108
112
111
105
94
80
66
50
36
22
11
1
-7
-13
-17
-21
-24
-26
-28
-28
-26
-21
-12
-1
14
31
50
69
86
99
106
105
97
83
61
36
9
-19
-45
-68
-86
-101
-111
-118
-120
-120
-117
-111
-100
-84
-62
-33
1
40
81
124
164
199
227
247
257
257
249
235
215
191
164
136
106
74
42
9
-26
-60
-95
-130
-162
-193
-222
-246
-268
-282
-291
-292
-285
-270
-247
-216
-178
-135
-90
-45
-4
33
63
87
101
108
107
100
89
76
63
50
39
29
24
19
16
15
17
19
22
26
30
35
42
49
58
65
72
77
81
81
79
73
65
52
38
21
4
-13
-30
-44
-56
-65
-71
-76
-77
-77
-75
-69
-62
-52
-41
-27
-9
12
36
62
89
117
142
165
184
195
200
198
190
177
158
137
112
85
58
29
1
-28
-58
-88
-117
-146
-173
-199
-223
-244
-261
-274
-282
-281
-276
-261
-239
-210
-176
-137
-95
-52
-11
26
57
83
103
116
124
127
128
126
123
120
116
111
106
100
92
84
73
63
52
43
34
25
21
16
14
13
14
13
13
12
10
6
2
-4
-10
-16
-21
-24
-26
-27
-25
-22
-18
-14
-10
-7
-5
-3
-2
-2
-2
0
2
6
12
21
31
41
54
64
74
81
85
85
83
77
69
59
48
36
24
14
3
-6
-16
-26
-38
-50
-65
-79
-96
-116
-135
-155
-173
-187
-200
-205
-204
-198
-185
-165
-142
-114
-85
-53
-25
4
30
53
73
92
110
124
140
153
165
174
179
181
180
172
158
143
122
99
75
50
27
6
-11
-26
-38
-47
-51
-54
-54
-53
-51
-49
-45
-42
-38
-36
-31
-26
-20
-13
-7
0
8
14
21
25
26
24
19
14
8
0
-6
-10
-11
-10
-5
3
11
18
25
28
27
23
15
3
-9
-23
-34
-42
-48
-49
-47
-42
-34
-26
-19
-15
-13
-15
-22
-32
-44
-60
-73
-88
-99
-107
-112
-112
-108
-100
-88
-72
-57
-37
-19
0
19
39
57
75
94
111
127
140
151
158
163
163
157
147
133
116
98
76
55
34
14
-3
-20
-33
-44
-52
-59
-62
-64
-64
-61
-58
-51
-43
-36
-27
-19
-10
-2
4
11
17
20
23
24
23
20
15
8
0
-8
-18
-26
-32
-37
-38
-38
-35
-30
-25
-20
-16
-14
-12
-14
-17
-21
-25
-28
-31
-31
-29
-26
-21
-13
-8
-2
3
4
3
0
-4
-11
-17
-24
-30
-34
-37
-38
-37
-35
-30
-25
-17
-9
0
10
20
30
40
50
59
69
76
83
88
91
92
92
89
84
77
71
62
52
43
34
24
15
7
-2
-8
-15
-21
-27
-30
-34
-36
-37
-37
-36
-35
-34
-32
-30
-27
-27
-26
-25
-24
-24
-24
-24
-24
-25
-26
-27
-29
-30
-32
-33
-35
-36
-35
-35
-33
-30
-28
-23
-19
-15
-11
-7
-3
0
4
7
10
12
15
17
17
19
18
19
17
14
12
10
6
3
-1
-2
-6
-8
-9
-10
-10
-11
-10
-9
-7
-5
-2
1
5
10
14
19
24
29
33
37
40
42
45
47
48
50
50
50
52
51
51
50
48
45
42
38
33
28
22
16
11
6
1
-3
-6
-10
-13
-16
-19
-23
-26
-29
-33
-37
-41
-44
-47
-49
-50
-52
-53
-53
-53
-53
-51
-50
-47
-45
-43
-39
-35
-30
-25
-21
-17
-11
-6
-2
2
6
11
14
18
21
24
27
29
30
29
28
26
23
17
12
6
-1
-7
-13
-18
-23
-27
-28
-31
-31
-32
-31
-31
-30
-28
-25
-22
-18
-13
-8
-1
5
12
18
24
30
34
39
42
45
48
50
52
54
57
59
60
62
62
61
60
57
55
50
45
39
32
25
19
11
6
1
-4
-10
-15
-18
-23
-27
-31
-34
-38
-42
-44
-47
-48
-49
-50
-50
-50
-49
-47
-46
-43
-41
-37
-33
-28
-24
-19
-14
-10
-5
-1
2
6
9
11
13
15
16
18
19
21
22
21
19
18
14
10
5
0
-7
-12
-17
-23
-27
-31
-33
-34
-35
-34
-32
-32
-29
-26
-21
-18
-14
-8
-5
1
7
12
17
22
26
29
34
37
39
41
42
44
43
44
45
44
44
44
43
41
40
39
37
34
31
28
25
21
17
15
11
8
4
-1
-4
-7
-10
-13
-16
-19
-22
-24
-26
-28
-30
-31
-33
-34
-34
-34
-34
-34
-34
-33
-32
-31
-29
-27
-25
-23
-22
-20
-18
-15
-13
-11
-8
-7
-4
-3
-2
0
0
1
2
0
0
0
-1
-3
-4
-7
-10
-12
-14
-17
-18
-21
-22
-23
-24
-25
-25
-23
-22
-20
-17
-13
-8
-3
2
7
15
21
28
34
38
41
47
51
54
58
57
56
55
52
49
45
39
31
25
21
19
17
15
13
12
11
13
16
18
18
16
15
17
21
21
18
16
17
18
17
13
6
-1
-6
-12
-19
-29
-40
-49
-56
-63
-67
-71
-75
-81
-85
-83
-79
-74
-72
-70
-65
-55
-43
-31
-22
-15
-8
2
15
28
37
40
43
48
57
69
76
76
71
69
71
75
71
62
50
42
39
38
32
21
12
7
10
15
14
9
2
-3
-5
-5
-12
-23
-35
-43
-49
-57
-64
-74
-81
-83
-86
-93
-98
-96
-89
-81
-73
-65
-49
-25
-2
19
39
61
84
102
116
130
145
159
163
159
150
146
140
128
102
68
34
4
-26
-55
-85
-118
-150
-178
-196
-210
-222
-236
-248
-251
-244
-235
-225
-217
-203
-178
-148
-115
-82
-44
-3
36
73
108
143
174
198
212
219
225
230
229
219
206
191
176
162
149
136
125
112
99
88
82
76
67
52
37
27
22
13
0
-13
-23
-27
-31
-33
-38
-42
-47
-51
-52
-44
-36
-34
-34
-30
-11
11
26
33
38
49
58
59
49
42
39
36
27
16
5
-1
-7
-21
-37
-55
-69
-83
-101
-118
-135
-152
-167
-179
-183
-182
-186
-196
-205
-202
-187
-173
-167
-167
-161
-145
-121
-104
-96
-93
-83
-56
-23
13
42
72
102
130
157
174
190
195
195
196
200
207
199
180
160
149
141
121
92
63
44
26
1
-30
-64
-87
-109
-129
-145
-169
-190
-209
-216
-215
-219
-226
-225
-204
-189
-171
-177
-170
-162
-155
-142
-129
-93
-77
-75
-97
-96
-71
-42
-18
-26
-19
-13
8
37
70
95
103
97
101
135
175
206
200
181
159
148
146
154
169
152
120
66
47
58
63
50
8
-11
-2
32
72
99
123
134
168
223
295
360
380
390
391
420
460
490
517
504
472
430
409
419
401
348
253
186
172
173
144
44
-55
-134
-152
-163
-199
-249
-332
-356
-364
-329
-310
-355
-400
-439
-391
-334
-298
-322
-370
-389
-406
-369
-355
-318
-304
-323
-338
-376
-399
-420
-415
-396
-399
-465
-550
-572
-519
-438
-449
-534
-625
-631
-553
-448
-401
-456
-542
-604
-534
-402
-331
-372
-529
-625
-629
-541
-439
-413
-417
-438
-355
-194
-5
132
155
197
297
512
756
945
1083
1170
1278
1416
1589
1731
1815
1844
1874
1962
2053
2118
2101
2040
1964
1883
1793
1696
1591
1468
1325
1154
998
832
670
489
303
149
-11
-153
-301
-436
-562
-706
-839
-923
-942
-939
-997
-1120
-1238
-1275
-1233
-1202
-1235
-1318
-1378
-1385
-1364
-1362
-1375
-1391
-1381
-1368
-1392
-1403
-1443
-1446
-1489
-1575
-1651
-1726
-1717
-1751
-1812
-1930
-2047
-2077
-2110
-2116
-2244
-2401
-2481
-2419
-2175
-1950
-1800
-1685
-1422
-942
-363
105
391
651
1064
1706
2490
3201
3720
4035
4233
4565
4965
5392
5595
5524
5432
5375
5481
5416
5102
4543
3923
3480
3152
2904
2475
1873
1157
562
219
-27
-316
-795
-1263
-1562
-1617
-1579
-1644
-1817
-2068
-2180
-2137
-1951
-1732
-1668
-1724
-1866
-1874
-1694
-1460
-1343
-1442
-1544
-1558
-1413
-1337
-1387
-1458
-1524
-1450
-1478
-1521
-1596
-1686
-1746
-1863
-1899
-1858
-1818
-1946
-2207
-2439
-2472
-2354
-2370
-2575
-2864
-2962
-2838
-2780
-2860
-3118
-3214
-2871
-2293
-1599
-1297
-1247
-1169
-937
-274
334
939
1401
1792
2301
2784
3406
3890
4289
4489
4606
4891
5248
5713
5843
5659
5301
4957
4906
4805
4629
4181
3644
3237
2858
2626
2213
1726
1149
668
476
396
380
39
-344
-786
-1011
-998
-1048
-955
-1140
-1271
-1482
-1607
-1511
-1485
-1419
-1639
-1760
-1770
-1547
-1306
-1376
-1598
-1859
-1659
-1323
-997
-1040
-1191
-1198
-1047
-886
-972
-941
-1048
-818
-887
-961
-1040
-1223
-1204
-1493
-1600
-1864
-1844
-2031
-2077
-2331
-2708
-2832
-3192
-2963
-3112
-3102
-3286
-3288
-2846
-2474
-2009
-2140
-2040
-1987
-1502
-926
-519
-8
224
769
1148
1651
2024
2309
2618
2886
3404
3808
4178
4242
4166
4094
4023
4079
4093
4121
4022
3823
3558
3258
3058
2752
2515
2226
1974
1821
1633
1567
1330
1091
641
281
173
115
211
-97
-344
-620
-681
-590
-728
-847
-1202
-1227
-1183
-1015
-1006
-1243
-1332
-1411
-1159
-1106
-997
-976
-874
-759
-859
-885
-1053
-870
-844
-801
-903
-1043
-1028
-1134
-1150
-1438
-1625
-1828
-1896
-1886
-2059
-2217
-2506
-2613
-2696
-2778
-2804
-2896
-2761
-2697
-2583
-2492
-2459
-2260
-2182
-2026
-1929
-1744
-1382
-971
-471
-185
-21
19
210
603
1070
1476
1689
1899
2115
2382
2527
2614
2662
2799
3023
3233
3419
3437
3383
3263
3188
3129
3112
3111
3113
3106
2930
2710
2440
2290
2137
1974
1823
1685
1649
1451
1215
968
953
941
758
464
246
436
497
269
-355
-782
-691
-390
-254
-549
-757
-760
-619
-777
-1265
-1630
-1717
-1463
-1429
-1579
-1831
-1964
-1948
-2106
-2290
-2440
-2225
-1950
-1828
-2090
-2420
-2563
-2595
-2426
-2464
-2372
-2334
-2274
-2249
-2363
-2421
-2467
-2276
-2121
-1938
-2020
-2168
-2195
-2170
-1984
-1989
-1970
-2003
-1956
-1654
-1137
-387
62
65
-199
-210
309
978
1503
1742
2030
2420
2699
2812
2741
2908
3165
3508
3878
4177
4516
4531
4312
3892
3673
3773
4063
4339
4234
3940
3446
3079
2824
2657
2498
2195
1901
1639
1549
1375
980
412
-44
-140
-18
108
58
-50
-257
-559
-964
-1423
-1559
-1535
-1504
-1580
-1864
-2159
-2341
-2520
-2655
-2593
-2507
-2276
-2139
-2184
-2228
-2491
-2555
-2526
-2276
-1980
-1854
-1791
-1942
-1985
-2165
-2177
-2094
-1944
-1737
-1811
-1914
-2129
-2279
-2419
-2588
-2719
-2832
-2850
-2960
-3116
-3220
-3145
-2484
-1666
-1060
-963
-1443
-1501
-1078
-97
840
1260
1485
1549
1945
2414
2868
3208
3319
3544
3821
4360
4877
5188
5182
4951
4947
5123
5553
5702
5512
5131
4665
4509
4320
4142
3667
2994
2404
2010
1965
1894
1679
1126
575
170
40
156
92
-95
-751
-1275
-1531
-1432
-1325
-1641
-2163
-2692
-2617
-2573
-2368
-2573
-2700
-2755
-2768
-2592
-2589
-2338
-2413
-2400
-2505
-2363
-2129
-1955
-1921
-2160
-2247
-2455
-2359
-2357
-2321
-2405
-2611
-2660
-2854
-3011
-3366
-3612
-3655
-3824
-4254
-4768
-4892
-3981
-2673
-1731
-1818
-2778
-3287
-3000
-1579
-258
581
870
837
1265
1551
2070
2262
2624
3192
3865
4710
5103
5415
5147
5105
5187
5768
6622
7007
7079
6407
5876
5562
5578
5706
5323
4718
3832
3333
3231
3077
2831
2008
1294
902
810
824
425
-17
-721
-1055
-1264
-1207
-1044
-1416
-1719
-2412
-2483
-2315
-2209
-2281
-2736
-2719
-2622
-2181
-2226
-2483
-2686
-2792
-2423
-2251
-2005
-2038
-2278
-2561
-2829
-2768
-2459
-2298
-2420
-2876
-3322
-3455
-3507
-3541
-4039
-4448
-5028
-5193
-5427
-5377
-4476
-3559
-2399
-2981
-3910
-4672
-4049
-2041
-789
125
-283
-1
479
1008
1516
1385
2103
2737
3959
4621
4851
4822
4395
4761
5047
6267
7108
7742
7783
7086
6771
6295
6669
6657
6493
5914
5094
4764
4204
3818
2910
2150
1631
1471
1575
1246
769
-232
-974
-1307
-1214
-818
-837
-1289
-2089
-2708
-2817
-2496
-2253
-2413
-2612
-2785
-2561
-2417
-2402
-2535
-2611
-2458
-2375
-2145
-2172
-2161
-2484
-2741
-2878
-2773
-2415
-2477
-2776
-3565
-4191
-4523
-4578
-4523
-5028
-5729
-6590
-6351
-4906
-3233
-2321
-3679
-5320
-6358
-4910
-2290
-533
100
-1014
-1119
-858
239
1054
1267
1850
2225
3384
3982
4465
4356
3964
4040
4396
5891
7075
7950
7627
6616
6200
6244
7365
7852
7649
6620
5378
5154
5029
5228
4502
3443
2659
2190
2315
1794
1192
150
-548
-735
-649
-279
-659
-1350
-2501
-2934
-2704
-2266
-1997
-2504
-2848
-3138
-2971
-2599
-2491
-2384
-2471
-2455
-2337
-2295
-2310
-2415
-2503
-2655
-2767
-2986
-3084
-3383
-3866
-4345
-4763
-4824
-5306
-5922
-6713
-6118
-4442
-2665
-2102
-3960
-5551
-6196
-4068
-1334
128
203
-1167
-1082
-509
649
1248
1232
1714
2259
3213
3385
3281
2770
2541
2931
3722
5080
5852
6000
5209
4336
4384
5310
6705
7174
6485
5102
4082
4160
4806
5353
4985
4092
3018
2490
2382
2074
1682
961
632
698
770
473
-462
-1501
-2129
-1840
-1091
-696
-1100
-2223
-3101
-3191
-2700
-2029
-1736
-1850
-2153
-2478
-2735
-2697
-2651
-2567
-2479
-2707
-2860
-3317
-3894
-4456
-4999
-5218
-5507
-5790
-6271
-6507
-5249
-3918
-2268
-2899
-4942
-5867
-5435
-1884
358
1150
141
-1009
-272
710
1851
1924
2265
2937
3845
4201
3455
2739
2107
2537
3357
4298
5205
5058
4369
3105
2663
3607
5135
6205
5483
3967
2550
2543
3485
4236
4444
3486
2764
2082
1881
1849
1478
1426
1089
1193
1102
705
84
-922
-1425
-1230
-464
160
-129
-1332
-2629
-3133
-2448
-1301
-565
-764
-1521
-2190
-2508
-2340
-2071
-1782
-1727
-2101
-2716
-3483
-4119
-4664
-5152
-5361
-5813
-6028
-6640
-6477
-4845
-3655
-2374
-4227
-6060
-5957
-4114
37
997
393
-1046
-1070
1038
2345
2595
1745
2261
3650
5159
5221
3580
2668
2291
3232
4365
4683
5036
4358
3394
2549
2512
3835
5019
5214
3666
2056
1356
2033
3091
3182
2688
1652
1326
1123
889
680
361
558
741
816
477
-152
-820
-1392
-1335
-969
-412
-191
-1014
-2146
-2949
-2700
-1503
-634
-581
-1160
-1732
-1914
-1794
-1606
-1375
-1140
-1341
-1827
-2614
-3302
-3634
-3942
-4187
-4973
-5376
-5985
-5028
-3241
-2290
-1729
-4709
-5939
-5273
-2430
1596
1443
0
-1902
-1122
1376
3047
2952
1620
2136
3421
4898
5000
3255
2473
2509
3341
4599
4609
4570
3799
2815
2175
2532
3968
4843
4581
2360
780
724
1950
3232
2824
1434
322
223
610
900
480
54
20
89
254
-75
-663
-1125
-1340
-970
-509
-403
-941
-1972
-2711
-2632
-1757
-913
-847
-1437
-2157
-2212
-1814
-1581
-1448
-1468
-1462
-1556
-2058
-2901
-3361
-3541
-3454
-3788
-4566
-5206
-5627
-3513
-1952
-541
-1404
-4847
-5023
-3820
414
3085
2053
15
-1222
656
2705
3798
2644
1753
2965
4193
5135
4079
2335
2172
2742
3875
4431
4125
3605
2853
2242
1977
2882
3935
4297
3360
1249
384
1008
2394
3062
2078
445
-222
133
701
896
35
-417
-275
-6
307
-330
-1137
-1571
-1400
-784
-478
-692
-1727
-2584
-2911
-2373
-1291
-965
-1389
-2288
-2701
-2373
-1691
-1440
-1604
-1586
-1825
-1938
-2532
-3490
-3808
-3991
-3981
-4484
-5084
-5784
-4748
-2610
-1637
-1099
-3937
-5349
-4103
-1257
2415
2395
747
-914
143
2410
3872
3691
2301
2833
4084
4981
4664
3062
2516
3327
4331
4939
4370
3519
2792
2526
2734
3461
4552
4659
3799
1854
527
934
2401
3657
3310
1535
-43
-264
319
1038
796
-13
-182
-78
98
-290
-1292
-1762
-1592
-885
-507
-823
-1772
-2784
-3025
-2585
-1557
-955
-1281
-2190
-2955
-2837
-2008
-1241
-1088
-1521
-2102
-2482
-2599
-2873
-3266
-3689
-4330
-4998
-5346
-5913
-4705
-2895
-2147
-1853
-4675
-5710
-4348
-1286
1909
1500
-127
-1452
184
2438
3456
3000
1764
2832
4471
5131
4389
2543
2188
3461
4760
5356
4524
3445
2573
2414
2784
3705
4933
4830
4001
2076
1004
1626
2807
3864
3447
1930
565
252
703
1349
1296
465
-95
-205
-192
-291
-905
-1405
-1189
-745
-623
-1071
-2106
-2952
-2936
-2496
-1645
-1282
-1741
-2432
-3024
-2937
-2264
-1587
-1251
-1189
-1583
-2122
-2543
-2850
-2874
-2893
-3293
-4280
-4914
-5623
-5007
-2885
-2070
-1496
-3971
-6113
-5191
-2734
1051
1329
-233
-1950
-1119
1490
2824
2828
1392
1814
3607
4805
4415
2802
1821
2822
4307
5037
4573
3423
2764
2392
2701
3032
4225
4842
4380
2973
1131
1293
2552
3948
4112
2601
1001
485
897
1694
1872
1217
547
289
186
8
-375
-931
-745
-246
-138
-572
-1704
-2791
-2872
-2366
-1642
-1171
-1655
-2315
-2790
-2895
-2554
-2039
-1684
-1240
-1124
-1739
-2380
-3042
-3067
-2646
-2598
-3564
-4609
-5568
-5401
-2919
-1726
-1174
-3330
-6148
-5608
-3327
479
1324
-210
-2134
-1918
593
2224
2518
1218
1156
2741
4096
4026
2710
1679
2384
3835
4546
4315
3272
2661
2237
2237
2497
3392
4517
4374
3322
1503
853
2045
3356
4110
3162
1474
639
744
1535
1965
1713
905
507
322
174
66
-423
-503
-159
47
-276
-1065
-2118
-2330
-1888
-1488
-1221
-1614
-2066
-2293
-2334
-2336
-2162
-1972
-1549
-1218
-1594
-2214
-2941
-3093
-2836
-2651
-3410
-4507
-5461
-5543
-3113
-1440
-772
-2763
-6032
-5823
-3443
763
2022
135
-2058
-2308
583
2607
2924
1488
1012
2775
4206
4208
2553
1425
2426
4195
5049
4343
2883
2255
2184
2485
2695
3234
3945
3887
2961
1376
849
1647
2943
3516
2734
1175
203
141
751
1292
1182
634
104
-190
-475
-605
-885
-735
-349
-160
-629
-1624
-2408
-2462
-1651
-1228
-1166
-1727
-2234
-2144
-1889
-1634
-1684
-1676
-1419
-964
-1132
-1827
-2699
-2912
-2414
-2174
-2920
-4420
-5586
-5214
-2522
-761
-476
-3195
-6191
-5578
-2709
1374
1867
-141
-2327
-1846
1047
2797
2772
1234
1353
3182
4548
4018
2201
1395
2930
4869
5440
4396
2615
2209
2296
2935
3258
3778
4032
3463
2510
1081
1361
2268
3299
3383
2118
714
35
270
909
1363
946
220
-329
-624
-680
-799
-1116
-1017
-661
-523
-991
-2115
-2987
-2870
-1932
-1277
-1368
-2371
-3060
-2849
-2076
-1470
-1700
-2035
-2044
-1371
-1301
-1760
-2586
-2748
-2194
-1954
-2913
-4399
-5315
-4447
-1414
-108
-289
-3524
-6045
-4929
-1822
1990
1899
-218
-2369
-1666
1005
2642
2573
1323
1635
3224
4134
3243
1654
1290
3225
5035
5288
3982
2371
2216
2530
3208
3492
4044
4273
3656
2600
1359
1659
2894
3724
3749
2324
838
398
708
1561
1872
1284
213
-406
-643
-499
-439
-831
-927
-854
-907
-1419
-2379
-3186
-2993
-2129
-1610
-1900
-3039
-3827
-3506
-2579
-1979
-2305
-2928
-2917
-2259
-1842
-2338
-3169
-3578
-2986
-2688
-3538
-4632
-5676
-3659
-967
257
-712
-4758
-5764
-4016
263
3121
1874
-571
-2183
-298
2129
3304
2572
1779
2804
4225
4273
2811
1388
2106
4466
5771
5254
3242
2088
2225
3018
3460
3542
3957
3782
3219
1989
1160
1987
3144
3848
3392
1686
739
533
1366
2190
2271
1479
215
-313
-446
135
272
-62
-448
-703
-970
-1425
-2255
-2839
-2442
-1875
-1557
-2311
-3699
-4336
-3816
-2566
-2009
-2580
-3594
-3838
-3208
-2764
-2933
-3792
-4049
-3801
-3875
-4646
-5736
-5994
-3470
-1130
-296
-2113
-5810
-5781
-3329
1144
2909
1193
-1237
-1811
597
2696
3375
2267
2298
3761
5019
4399
2510
1482
3076
5639
6467
5201
2771
1926
2434
3623
4023
4063
3978
3281
2503
1537
1412
2584
3492
3564
2651
1010
512
790
1699
2356
2115
1096
156
-231
-43
509
555
299
-95
-258
-686
-1162
-1849
-2040
-1432
-1075
-1138
-2310
-3565
-3693
-2773
-1547
-1522
-2605
-3654
-3773
-3058
-2820
-3353
-4185
-4522
-4260
-4887
-5688
-7013
-5947
-2868
-1332
-1075
-4990
-7094
-5797
-1929
2160
1766
-670
-2838
-1529
1269
3053
2690
1637
2406
3944
4494
3312
1734
2089
4513
6181
6087
3958
2321
2232
3199
4300
4617
4849
4134
3160
2140
1689
2547
3897
4068
3609
1875
614
536
1102
2337
2597
1936
378
-524
-713
109
848
664
25
-615
-901
-1026
-1202
-1732
-1579
-1246
-944
-1192
-2391
-3257
-3075
-1852
-882
-1061
-2373
-3318
-3186
-2531
-2359
-3051
-3873
-4107
-4383
-5153
-6330
-6528
-3866
-1771
-879
-3659
-7064
-6695
-3710
1017
1908
-161
-2834
-2703
16
2103
2469
1169
1513
3065
4001
3135
1316
908
3111
5310
5869
4325
2149
1732
2323
3697
4353
4768
4415
3498
2557
1938
2479
3733
4303
4007
2761
1235
804
1002
2075
2714
2455
1032
-291
-856
-345
840
1000
563
-480
-1153
-1327
-1271
-1378
-1559
-1409
-1434
-1390
-2182
-3064
-3199
-2445
-1278
-996
-1816
-3004
-3332
-2748
-2367
-2687
-3489
-4042
-4273
-4787
-5701
-6194
-3948
-2010
-866
-2787
-6262
-6127
-3692
767
2154
348
-2096
-2342
118
2086
2620
1492
1628
3141
3865
3067
1316
854
2847
4994
5397
4035
1953
1416
1966
3047
3802
4293
4248
3221
2186
1460
2010
3653
4230
3949
2554
1034
781
962
2069
2676
2621
1225
-229
-941
-618
960
1341
1111
8
-1040
-1353
-1386
-1109
-1120
-951
-1187
-1459
-2197
-2919
-2922
-2324
-1391
-1150
-1856
-2938
-3347
-2929
-2573
-2798
-3584
-4127
-4459
-4890
-5677
-6029
-3612
-1927
-916
-3085
-6442
-5918
-3310
1157
2147
357
-2072
-2078
341
2286
2859
1815
2084
3272
3895
2802
1442
1246
3345
5282
5220
3748
1778
1590
2182
3094
3563
3977
4046
3116
2158
1294
1688
3315
3781
3731
2205
778
384
472
1659
2303
2403
941
-587
-1534
-1046
593
1318
989
-178
-1357
-1707
-1364
-984
-651
-771
-1153
-1638
-2257
-2639
-2597
-2147
-1540
-1373
-1872
-2736
-3189
-3048
-2950
-2900
-3321
-3696
-4309
-5086
-6030
-5414
-2682
-1144
-879
-4351
-6830
-5450
-1628
2281
1865
-768
-2734
-1340
1322
2864
2329
1414
2309
3865
4017
2446
1095
1560
4084
5555
4965
3011
1541
1673
2659
3490
3735
3988
3494
2709
1836
1554
2427
3622
3763
3177
1706
849
748
1108
2009
2287
2045
653
-598
-1332
-582
669
1248
889
-368
-1293
-1687
-1409
-971
-639
-769
-1322
-2070
-2734
-2801
-2436
-1916
-1617
-1871
-2458
-2964
-3209
-3114
-3168
-3311
-3538
-3866
-4604
-5386
-6275
-4567
-1968
-817
-1518
-5760
-6724
-4524
168
3017
1296
-1493
-2864
-384
2067
3209
2190
1665
2934
3951
3507
1872
1068
2265
4760
5309
4306
2239
1189
1616
2621
3611
4019
4109
3023
1873
1256
1750
3334
4182
3731
2588
1109
799
940
1643
2403
2381
1589
10
-1051
-1090
85
1081
1102
256
-854
-1506
-1592
-1351
-859
-419
-637
-1245
-2282
-2911
-2499
-1859
-1128
-1183
-1938
-2581
-2983
-2848
-2896
-3082
-3564
-3870
-4289
-5116
-6108
-6242
-3518
-1573
-693
-3560
-7255
-6544
-3116
2005
2685
127
-2734
-2327
688
2715
3063
1768
2248
3593
3814
2524
1041
1321
3768
5407
4936
2845
1041
1077
1934
3206
3636
4157
3758
2525
1407
943
2358
4143
4528
3679
1670
542
673
1240
2445
2650
2365
829
-716
-1525
-1024
627
1273
1012
-358
-1694
-2012
-1709
-1025
-352
-327
-848
-1658
-2536
-2605
-1929
-1162
-720
-1141
-2045
-2561
-2642
-2528
-2618
-3068
-3502
-3678
-4263
-5201
-6193
-4450
-2059
-513
-1551
-6025
-6922
-4854
353
3181
1324
-1749
-2997
-379
2121
3115
1883
1469
2924
3817
2889
1191
409
2294
4660
4909
3552
1156
623
1123
2289
3095
3586
3761
2758
1702
817
1255
3033
4071
3985
2702
768
405
569
1827
2789
2613
1524
-207
-1147
-1157
102
1131
1314
631
-754
-1698
-1813
-1519
-634
-151
-357
-1055
-2213
-2855
-2514
-1724
-1021
-1024
-1692
-2431
-2647
-2693
-2909
-3016
-3478
-3538
-3898
-4705
-5541
-4086
-2208
-768
-1452
-5211
-5919
-4117
507
2980
1503
-1498
-2533
-68
2386
3514
2105
1556
2587
3694
3165
1754
1034
2211
4268
4476
3424
1562
774
1031
1770
2514
3232
3279
2097
779
61
762
2473
3239
2770
1629
377
213
399
1105
1910
2134
1455
93
-1011
-1031
84
1116
1450
547
-317
-1070
-1175
-984
-896
-242
-340
-476
-1416
-2367
-2301
-1796
-886
-948
-1561
-2267
-2482
-2367
-2613
-3003
-3554
-3874
-4052
-4658
-5028
-3185
-1806
-648
-2283
-5413
-5304
-3094
1518
2721
1078
-1518
-1937
597
2628
3498
2336
2208
3155
3678
3086
1837
1661
3234
4660
4542
3070
1299
841
1137
1841
2443
3070
2836
1536
102
-640
495
2399
3025
2410
469
-670
-353
357
1415
1598
1156
239
-476
-1104
-794
-5
517
675
-164
-983
-1358
-1243
-942
-667
-678
-900
-1081
-1630
-1878
-1654
-1382
-934
-1251
-1790
-2099
-2016
-2046
-2186
-2703
-3262
-3544
-4052
-4896
-4279
-1993
-678
-267
-3709
-5859
-4663
-1039
2899
2363
166
-1864
-570
1774
3247
3248
2460
3211
3908
3631
2501
1846
2530
4229
4627
3811
2324
1265
1177
1261
1757
2343
3035
2378
963
-356
-570
1117
2605
2803
1776
-166
-750
-297
744
1753
1637
769
-566
-1126
-1330
-421
350
270
-130
-1218
-1606
-1608
-1396
-1191
-1080
-1185
-1450
-1853
-2531
-2480
-1904
-1107
-948
-1659
-2627
-2740
-2241
-1904
-2162
-2995
-3537
-3692
-4117
-4603
-2785
-1229
183
-1254
-4853
-5049
-2720
2058
3629
1648
-1079
-1223
1531
3658
4046
2780
2915
4192
4622
3358
1998
2017
3806
5033
4359
2745
1347
1285
1526
1930
2092
2656
2739
1569
318
-523
229
2004
2627
2294
508
-888
-916
-163
1327
1706
1165
-472
-1551
-1693
-858
272
361
-83
-1085
-1706
-1793
-1499
-1231
-1105
-1237
-1599
-1815
-2319
-2563
-2420
-1986
-1183
-1385
-2211
-3108
-3352
-2908
-2463
-2666
-3538
-4246
-4751
-4954
-3035
-1271
-203
-1112
-4676
-5108
-3111
1608
3974
2220
-597
-1652
1204
3798
4837
3425
2826
3967
4894
4350
2826
2276
3541
5227
4905
3643
1781
1348
1689
2172
2629
3076
3175
1984
608
-537
122
1965
2854
2524
722
-1048
-1382
-746
748
1661
1479
-195
-1901
-2645
-1703
196
919
357
-1296
-2414
-2423
-1582
-1016
-905
-1283
-1867
-2033
-2261
-2352
-2233
-1940
-1559
-1553
-2132
-2744
-3181
-3282
-3117
-3023
-3389
-3945
-4788
-5444
-3303
-1367
215
-1123
-4852
-5498
-3476
1806
4067
2610
-621
-1832
817
3585
5005
3837
3236
3848
4590
4171
3172
3007
4147
5285
4870
3641
2174
1881
1875
2252
2632
3452
3596
2433
856
-683
112
1846
3158
2856
827
-1099
-1912
-1136
258
1477
1418
-172
-1959
-3196
-2411
-495
901
702
-1164
-2635
-3075
-2094
-990
-803
-1016
-1970
-2270
-2511
-2544
-2107
-1787
-1318
-1618
-2202
-2824
-3152
-3083
-3106
-3066
-3378
-3837
-4711
-5043
-3070
-1402
235
-1557
-4483
-4696
-2670
1975
3454
2240
-225
-691
1283
3292
4231
3747
3916
4311
4373
3548
3077
3498
4786
5067
4323
3247
2302
2272
1873
1900
2372
3485
3586
2437
487
-794
179
1756
2900
2363
304
-1415
-1998
-1329
-24
969
763
-499
-2031
-2996
-2239
-659
676
582
-920
-2396
-2820
-2046
-988
-487
-881
-1729
-2159
-2488
-2249
-1923
-1536
-1218
-1547
-2082
-2717
-3031
-3170
-3146
-3035
-3215
-3615
-4635
-4870
-2958
-1236
239
-1672
-4234
-4229
-2027
2063
2999
1827
-85
43
1808
3095
3637
3431
4257
4768
4381
3277
2860
3748
5115
5160
4176
2966
2428
2482
2141
2055
2358
3400
3535
2494
518
-629
-63
1438
2469
1955
116
-1661
-2262
-1665
-196
697
497
-909
-2278
-2852
-1966
-535
376
159
-1078
-2154
-2606
-1980
-1207
-727
-946
-1684
-2145
-2445
-2359
-1988
-1625
-1314
-1396
-1927
-2464
-3054
-3281
-3226
-2814
-2732
-3198
-4366
-4765
-2885
-1134
310
-1629
-4093
-4058
-1812
1825
2464
1304
-369
273
2030
3076
3265
3014
4121
4906
4588
3359
2907
3775
5086
5153
4140
3182
2843
2859
2417
2128
2522
3673
3960
2578
553
-704
51
1769
2491
1863
-228
-1733
-2245
-1398
-80
604
196
-1462
-2519
-2882
-1704
-512
-93
-571
-1631
-2276
-2525
-2056
-1674
-1308
-1346
-1733
-2186
-2569
-2625
-2243
-1617
-1273
-1360
-1939
-2526
-2923
-3093
-3017
-2745
-2692
-3005
-3947
-4272
-2824
-1216
3
-1438
-3513
-3569
-1571
1655
2394
1380
-67
451
2172
3293
3500
3223
4056
4787
4727
3706
3255
3875
4918
4996
4147
3332
2944
2896
2489
2438
2895
3815
3637
2203
484
-281
886
2170
2517
1352
-652
-1816
-1875
-899
89
356
-459
-1849
-2674
-2650
-1549
-702
-613
-1247
-2175
-2643
-2686
-2272
-2017
-1811
-1913
-2255
-2414
-2747
-2711
-2453
-1903
-1375
-1370
-1834
-2618
-2904
-2995
-2602
-2406
-2488
-2953
-3817
-4034
-2761
-901
135
-739
-3096
-3550
-1756
1386
2983
2054
474
165
1585
2965
3749
3822
4233
4657
4294
3542
3183
3929
4826
5004
4136
3253
2797
2605
2661
2759
3356
3838
3288
1971
622
469
1375
2381
2401
1214
-414
-1668
-1703
-907
111
270
-687
-2030
-2738
-2440
-1490
-818
-920
-1555
-2390
-2840
-2936
-2566
-2192
-1992
-2138
-2694
-2938
-3098
-2801
-2344
-1883
-1501
-1612
-2075
-2627
-2694
-2613
-2244
-2240
-2481
-2979
-3601
-3807
-2798
-877
80
-247
-2528
-3551
-2174
704
3128
2802
1276
83
836
2314
3717
4376
4483
4621
4001
3394
3169
3799
4631
5042
4455
3568
2984
2468
2658
2880
3522
3945
3402
2212
985
654
1191
2059
2238
1550
191
-1255
-1811
-1359
-375
236
-380
-1701
-2732
-2749
-1914
-1058
-896
-1526
-2327
-2915
-2970
-2665
-2308
-2200
-2241
-2624
-2896
-3018
-2974
-2451
-1945
-1468
-1610
-2054
-2568
-2586
-2339
-2128
-2048
-2276
-2674
-3334
-3655
-3166
-1342
-69
21
-1641
-3451
-2740
-483
2505
3211
2093
491
293
1658
3223
4540
4636
4537
3981
3408
3174
3526
4162
4712
4615
3992
3230
2514
2493
2730
3460
3737
3479
2514
1393
829
856
1510
1924
1668
637
-799
-1696
-1588
-820
-64
-256
-1172
-2264
-2753
-2463
-1687
-1023
-1123
-1782
-2692
-3036
-2868
-2258
-2033
-2182
-2467
-2765
-2682
-2747
-2512
-2120
-1643
-1441
-1717
-2253
-2497
-2347
-2159
-1950
-2117
-2238
-2884
-3278
-3454
-2478
-554
-4
-294
-2526
-3263
-1927
791
3057
2724
1390
44
780
2260
3876
4564
4430
4024
3489
3115
3143
3782
4300
4714
4256
3537
2818
2607
2809
3301
3718
3607
3211
2157
1335
928
1119
1694
1864
1274
71
-1166
-1578
-1230
-373
-17
-433
-1459
-2428
-2656
-2280
-1392
-1014
-1250
-2107
-2918
-3209
-2807
-2228
-1932
-1998
-2497
-2769
-2923
-2723
-2194
-1704
-1416
-1593
-1988
-2356
-2326
-2111
-1985
-1865
-2019
-2317
-2981
-3401
-3367
-1866
-124
188
-724
-3125
-3303
-1492
1495
3160
2332
685
-301
868
2525
4116
4369
4135
3570
3131
2788
3016
3874
4450
4861
3852
3096
2590
2741
3338
3572
3699
3366
2903
1999
1176
858
1027
1715
1759
995
-311
-1569
-1667
-1086
-156
130
-477
-1632
-2596
-2671
-1995
-975
-687
-1228
-2282
-3017
-3125
-2569
-2032
-1704
-1815
-2327
-2750
-3084
-2699
-2042
-1342
-1191
-1686
-2228
-2636
-2253
-1776
-1552
-1577
-2149
-2583
-3163
-3327
-2917
-1469
8
55
-1046
-3181
-3063
-1089
1786
3185
2136
437
-302
966
2672
4115
4213
3889
3319
2740
2477
2884
3891
4626
4660
3470
2725
2412
2915
3401
3473
3439
3144
2671
1697
994
709
1239
1800
1529
658
-717
-1445
-1400
-740
66
159
-416
-1661
-2436
-2454
-1534
-536
-442
-1144
-2320
-2990
-2790
-2197
-1586
-1442
-1824
-2344
-2778
-2755
-2311
-1656
-1229
-1277
-1727
-2274
-2498
-2145
-1619
-1285
-1403
-1968
-2674
-3224
-3283
-2780
-1449
-204
-198
-1178
-2883
-2995
-1264
1135
2648
2055
688
-111
724
2133
3441
3964
3768
3285
2601
2207
2601
3697
4481
4408
3420
2648
2611
2966
3249
3183
3185
3168
2820
1936
1024
804
1140
1574
1393
582
-335
-1109
-1262
-953
-266
104
-334
-1423
-2454
-2491
-1744
-764
-626
-1280
-2265
-2761
-2592
-2109
-1574
-1550
-1699
-2158
-2468
-2458
-2044
-1415
-1094
-1062
-1585
-1878
-1969
-1643
-1154
-1005
-1183
-1724
-2253
-2624
-2645
-2412
-2016
-1254
-691
-629
-1265
-2299
-2256
-939
1059
2258
1803
559
-65
571
2029
3203
3608
3311
2654
2141
2003
2778
3697
4307
3960
3049
2613
2532
2975
3072
3122
3044
2774
2303
1492
969
778
919
1076
959
467
-366
-1166
-1441
-957
-211
47
-642
-1670
-2296
-2088
-1319
-870
-847
-1391
-1905
-2181
-2031
-1638
-1307
-1160
-1405
-1621
-1831
-1701
-1412
-1017
-820
-891
-1227
-1554
-1578
-1321
-924
-947
-1254
-1836
-2085
-2171
-2122
-2103
-2328
-1901
-1377
-715
-691
-1491
-1922
-1492
64
1422
1739
990
274
409
1238
2220
2756
2880
2664
2233
1927
2231
3025
3761
3721
3042
2477
2445
2776
2882
2820
2594
2464
2142
1593
1057
756
744
782
725
477
40
-584
-964
-1112
-765
-457
-444
-892
-1535
-1995
-2007
-1554
-1099
-832
-1184
-1742
-2164
-2006
-1465
-878
-738
-1038
-1285
-1487
-1228
-913
-677
-492
-645
-824
-1033
-1142
-1133
-1081
-1021
-1067
-1228
-1534
-1954
-2256
-2291
-2045
-1352
-729
-424
-775
-1515
-1663
-985
469
1455
1454
674
10
191
985
1925
2335
2276
1863
1539
1577
2032
2663
3000
2904
2519
2266
2237
2359
2455
2458
2363
2098
1764
1391
1161
989
820
794
855
849
473
-290
-884
-819
-259
259
-23
-942
-1857
-2185
-1640
-876
-435
-801
-1616
-2279
-2225
-1462
-819
-536
-866
-1280
-1414
-1329
-1051
-818
-569
-497
-645
-1046
-1371
-1416
-1146
-857
-827
-1117
-1622
-2038
-2155
-1890
-1488
-1204
-1257
-1389
-1463
-1108
-721
-336
-147
-72
202
400
716
854
1096
1223
1444
1585
1810
2048
2178
2210
2079
2170
2228
2529
2548
2573
2397
2129
1988
1799
1945
1929
1866
1504
1099
886
861
959
837
568
193
-50
-176
-267
-378
-497
-621
-766
-1002
-1192
-1191
-1086
-974
-1072
-1202
-1259
-1156
-1045
-1035
-1061
-1074
-977
-994
-1038
-1140
-1094
-994
-956
-1018
-1171
-1212
-1243
-1163
-1151
-1178
-1321
-1453
-1448
-1257
-1020
-1036
-1222
-1406
-1224
-763
-378
-258
-412
-457
-251
2
253
355
495
671
794
935
1123
1430
1718
1791
1708
1594
1716
2049
2305
2303
2002
1690
1633
1768
1988
1937
1634
1269
1057
1120
1198
1180
876
509
264
126
132
58
-15
-124
-229
-381
-586
-763
-815
-669
-541
-538
-749
-952
-1061
-975
-924
-878
-851
-887
-878
-1009
-1124
-1161
-1093
-973
-909
-993
-1092
-1173
-1182
-1160
-1133
-1078
-970
-875
-927
-1057
-1149
-1009
-724
-516
-470
-534
-543
-462
-387
-288
-163
48
239
317
304
310
421
627
904
1079
1192
1174
1120
1124
1275
1475
1570
1516
1350
1291
1290
1325
1315
1236
1175
1142
1103
1067
962
809
633
509
538
599
540
320
63
-51
31
118
82
-80
-220
-290
-277
-253
-263
-301
-414
-515
-583
-593
-541
-564
-634
-750
-883
-944
-980
-894
-825
-845
-998
-1196
-1180
-1044
-843
-811
-895
-939
-911
-793
-742
-706
-586
-429
-290
-327
-427
-444
-332
-137
-34
-8
-82
-110
-95
3
149
244
289
230
199
228
361
481
543
521
502
584
723
833
861
813
771
880
1030
1155
1101
893
718
694
840
970
948
757
532
452
526
664
714
588
416
290
295
386
396
269
56
-87
-112
-56
-84
-181
-311
-413
-496
-598
-658
-685
-633
-628
-689
-812
-925
-937
-880
-793
-722
-684
-705
-769
-831
-767
-589
-396
-340
-476
-609
-614
-448
-277
-217
-288
-403
-429
-390
-295
-214
-206
-278
-367
-409
-349
-235
-194
-220
-264
-191
-13
136
178
136
167
354
614
785
811
746
676
705
821
985
1095
1078
962
826
793
843
947
970
904
785
703
696
700
688
635
548
419
284
189
182
201
147
-13
-207
-302
-288
-280
-341
-398
-402
-332
-341
-489
-626
-632
-479
-317
-299
-394
-516
-525
-413
-303
-236
-278
-350
-358
-330
-272
-251
-283
-308
-335
-355
-397
-424
-438
-427
-429
-457
-483
-530
-557
-614
-597
-525
-412
-375
-464
-550
-513
-309
-87
5
-72
-121
-26
205
413
459
428
414
475
572
653
729
771
761
694
641
637
708
757
729
640
549
521
510
468
393
319
289
284
254
193
64
-60
-121
-67
49
95
11
-175
-250
-172
3
121
68
-47
-89
-24
73
125
91
67
54
41
26
-12
-38
-50
-74
-112
-169
-242
-293
-331
-346
-359
-401
-464
-537
-600
-617
-608
-556
-530
-594
-713
-778
-674
-458
-333
-413
-590
-652
-483
-231
-68
-67
-134
-163
-112
-7
150
294
383
357
283
291
382
548
614
593
521
472
473
461
460
438
450
457
432
351
241
156
146
223
290
307
211
72
-6
26
121
201
239
209
190
158
140
167
206
265
305
330
306
250
160
109
157
220
240
154
3
-98
-124
-104
-76
-90
-160
-270
-366
-418
-388
-327
-316
-387
-493
-536
-470
-376
-342
-399
-475
-491
-457
-394
-347
-317
-310
-327
-359
-376
-314
-213
-124
-113
-173
-222
-184
-96
-3
32
33
45
32
10
-15
1
57
128
149
126
59
-4
5
80
172
194
148
57
28
70
174
232
229
218
210
257
273
286
312
377
438
459
440
393
359
338
348
354
365
337
268
167
75
33
62
122
136
61
-92
-187
-186
-68
21
-15
-120
-225
-222
-152
-75
-43
-58
-94
-138
-144
-111
-68
-42
-55
-94
-117
-121
-101
-84
-82
-85
-101
-122
-157
-205
-210
-173
-147
-157
-214
-267
-253
-198
-168
-185
-228
-235
-192
-152
-150
-170
-183
-153
-128
-121
-121
-106
-67
-31
-22
-25
-16
18
69
113
156
186
200
205
193
207
256
306
335
309
254
226
226
255
256
235
220
208
184
126
60
54
108
152
131
33
-57
-88
-30
49
82
34
-59
-108
-85
-1
52
50
12
-31
-22
28
83
108
80
39
16
29
43
38
0
-55
-93
-112
-84
-68
-87
-137
-209
-239
-228
-196
-181
-213
-277
-323
-319
-262
-208
-197
-237
-272
-261
-197
-131
-100
-100
-108
-85
-35
12
39
43
55
88
129
147
136
118
143
193
232
217
153
112
111
165
194
194
144
93
68
74
119
146
142
99
52
44
86
121
128
85
36
30
52
85
91
62
32
18
30
54
71
57
32
9
2
23
28
21
-2
-23
-36
-48
-69
-86
-88
-88
-89
-113
-130
-136
-139
-143
-165
-166
-155
-129
-125
-149
-157
-141
-94
-73
-73
-83
-75
-48
-29
-17
-11
1
17
23
16
14
17
37
59
68
65
49
28
22
37
62
78
59
29
12
36
69
86
65
29
13
20
51
67
66
45
25
16
24
37
47
50
44
45
46
44
29
16
17
45
74
70
30
-19
-34
0
51
60
22
-43
-76
-59
-29
-3
-8
-35
-66
-95
-103
-79
-44
-24
-38
-83
-116
-109
-79
-46
-36
-48
-57
-61
-60
-52
-40
-22
-5
-11
-22
-33
-26
-7
10
15
11
4
6
21
40
54
47
30
14
21
46
64
64
40
20
25
44
62
50
22
-4
4
33
58
59
30
9
1
16
34
46
37
16
-8
-13
8
27
33
6
-20
-35
-18
1
11
-1
-23
-31
-31
-18
-10
-8
-7
-17
-28
-36
-32
-9
1
2
-24
-37
-40
-20
0
2
-3
-15
-13
-10
-1
3
10
16
15
11
4
9
18
26
28
23
18
17
20
27
32
32
27
16
18
18
27
23
17
13
13
23
19
11
-5
-6
4
14
14
-5
-25
-28
-18
1
5
-8
-30
-51
-44
-32
-10
-17
-33
-56
-60
-44
-28
-19
-35
-47
-56
-40
-34
-31
-42
-49
-42
-31
-15
-16
-18
-27
-28
-23
-13
-1
4
2
-6
-8
-5
1
8
15
23
34
36
33
23
25
38
56
66
60
46
34
41
52
67
65
57
40
39
48
61
72
57
46
23
23
23
33
31
20
7
-2
-1
4
9
4
-3
-15
-12
-15
-10
-21
-34
-44
-46
-30
-26
-28
-53
-70
-73
-60
-49
-58
-69
-80
-65
-54
-54
-67
-77
-64
-49
-35
-46
-53
-53
-39
-23
-22
-22
-25
-20
-10
-2
9
12
16
14
19
29
43
51
49
45
44
55
66
77
80
77
73
70
74
85
91
90
76
67
67
75
84
79
70
56
47
43
41
40
33
19
5
-5
-3
1
-4
-15
-34
-35
-35
-26
-28
-41
-52
-67
-65
-68
-62
-65
-73
-82
-94
-92
-84
-74
-70
-78
-84
-86
-81
-72
-69
-62
-58
-47
-44
-42
-45
-45
-34
-20
-7
-5
-4
-6
2
12
25
31
32
34
34
45
54
67
70
69
61
55
60
70
84
83
76
65
61
68
75
80
71
58
50
46
54
54
52
36
23
12
8
12
8
1
-15
-23
-32
-30
-31
-33
-43
-49
-52
-53
-53
-60
-62
-69
-67
-70
-71
-71
-73
-69
-70
-63
-62
-60
-59
-60
-52
-47
-33
-31
-28
-29
-24
-16
-12
-6
-2
10
17
23
22
23
29
39
51
57
57
55
54
56
64
72
79
77
71
65
65
73
77
78
71
69
66
67
67
61
58
49
49
45
44
39
29
23
16
16
11
6
-6
-15
-22
-25
-28
-31
-35
-41
-47
-54
-57
-64
-63
-67
-69
-72
-75
-77
-81
-78
-79
-76
-77
-75
-75
-70
-66
-63
-63
-63
-58
-55
-45
-43
-36
-34
-27
-21
-16
-8
-4
5
8
14
18
25
31
36
43
48
52
58
62
68
70
69
67
65
72
76
83
77
74
69
69
74
73
72
62
60
56
56
51
48
39
32
28
22
18
12
7
-1
-8
-18
-23
-30
-30
-34
-39
-47
-56
-59
-63
-60
-68
-69
-79
-77
-78
-78
-80
-86
-81
-81
-71
-73
-71
-75
-72
-65
-59
-51
-49
-44
-42
-35
-29
-23
-17
-12
-5
3
12
17
21
25
33
43
49
55
55
61
67
76
82
82
83
83
88
92
94
91
89
89
89
90
87
85
78
76
72
67
66
58
55
45
39
29
24
17
11
5
-6
-14
-25
-27
-35
-38
-50
-60
-69
-75
-75
-77
-80
-91
-96
-104
-102
-104
-102
-102
-104
-105
-108
-103
-100
-92
-89
-84
-82
-80
-72
-65
-52
-49
-41
-37
-26
-17
-6
4
9
18
23
37
45
58
62
67
72
76
87
92
100
100
103
100
104
106
109
110
106
103
98
97
93
89
84
78
72
64
59
50
43
34
28
20
11
3
-6
-14
-24
-32
-40
-46
-52
-59
-66
-74
-77
-82
-85
-91
-95
-96
-96
-95
-98
-99
-101
-97
-94
-88
-88
-83
-81
-74
-67
-60
-54
-51
-43
-36
-28
-20
-11
-6
2
10
18
26
32
40
45
51
57
65
71
75
77
79
82
85
88
90
90
91
91
91
88
85
82
80
78
75
70
65
59
52
47
42
37
31
24
17
10
6
0
-7
-18
-24
-29
-30
-33
-41
-50
-58
-61
-63
-62
-67
-73
-78
-78
-79
-77
-77
-81
-82
-83
-78
-76
-73
-72
-71
-69
-66
-59
-55
-49
-47
-43
-38
-31
-25
-19
-15
-9
-3
5
11
15
19
24
30
37
43
47
51
55
57
62
67
70
72
74
75
76
78
79
81
79
77
74
73
72
70
69
63
60
54
51
46
42
37
31
26
19
15
6
1
-7
-13
-18
-25
-30
-38
-43
-50
-55
-59
-63
-68
-73
-78
-82
-83
-85
-86
-90
-90
-91
-91
-89
-88
-86
-85
-81
-79
-73
-69
-63
-58
-54
-47
-42
-32
-25
-17
-11
-3
5
12
22
29
36
43
50
57
65
71
78
83
86
92
96
100
103
105
106
105
107
106
106
103
100
94
91
86
82
75
66
58
51
43
36
27
17
7
-3
-11
-18
-27
-36
-44
-54
-60
-67
-72
-78
-84
-90
-94
-96
-98
-99
-100
-103
-102
-101
-98
-94
-90
-86
-84
-79
-72
-63
-57
-49
-45
-36
-29
-18
-9
0
7
13
21
29
39
46
54
57
63
69
74
80
83
86
86
89
90
92
91
89
88
83
81
76
75
69
63
56
49
45
37
32
24
15
8
1
-7
-14
-20
-28
-35
-41
-46
-53
-58
-62
-68
-71
-74
-76
-78
-79
-81
-81
-80
-80
-78
-76
-73
-70
-67
-62
-58
-52
-48
-42
-36
-31
-24
-18
-12
-4
0
6
13
19
25
30
35
40
44
49
53
57
58
60
62
64
66
67
67
65
64
63
61
60
58
54
49
46
44
39
35
31
25
21
16
12
9
4
-3
-7
-12
-15
-18
-21
-26
-30
-32
-35
-36
-38
-41
-42
-43
-43
-44
-42
-42
-43
-41
-40
-38
-37
-34
-33
-30
-28
-25
-23
-19
-17
-14
-12
-8
-6
-2
0
3
4
7
10
11
13
15
16
17
18
20
19
20
21
20
20
21
19
19
19
19
17
16
15
14
13
12
10
10
8
7
5
5
4
4
2
0
0
0
-1
-1
-2
-2
-3
-3
-2
-3
-1
-2
-2
-1
-1
-1
-1
0
1
0
1
1
0
0
-1
0
-1
-1
-2
-2
-2
-2
-2
-2
-3
-2
-3
-1
-2
-2
-1
-2
-2
-2
-1
-1
-2
-1
-1
-2
-1
0
0
1
0
1
0
0
1
1
1
1
2
2
3
2
2
2
1
2
2
2
2
2
2
3
3
2
3
2
1
2
2
1
2
1
0
0
0
0
0
0
-1
0
-1
-1
-2
-1
-2
-2
-2
-3
-2
-3
-3
-3
-3
-3
-4
-3
-4
-3
-3
-3
-3
-3
-4
-3
-3
-3
-2
-3
-2
-2
-2
-2
-2
-2
-2
-1
-2
0
0
-1
-1
0
0
0
0
1
1
1
1
1
2
1
2
2
2
3
3
2
3
3
3
3
2
3
3
4
3
3
3
3
3
3
3
4
3
2
3
3
2
2
3
2
2
1
2
1
1
1
0
1
0
0
0
-1
0
0
-1
-1
-1
0
-1
-1
-2
-2
-2
-2
-2
-2
-2
-1
-2
-2
-2
-2
-3
-2
-3
-2
-3
-3
-2
-2
-2
-2
-1
-2
-1
-1
-1
-1
0
0
-1
0
0
0
0
0
1
1
0
1
1
2
2
0
1
2
1
2
2
1
2
1
1
2
1
2
2
2
2
1
0
1
1
1
1
1
1
0
0
-1
0
0
-1
0
0
-1
-1
-2
-1
-1
-2
-1
-1
-1
-2
-2
-2
-1
-2
-2
-2
-2
-1
-2
-2
-2
-1
-2
-1
-1
0
-1
-1
0
0
0
-1
1
0
0
1
1
1
1
1
1
2
1
2
2
1
1
2
2
2
1
2
2
2
2
2
2
1
2
1
1
1
1
1
0
2
1
0
1
0
0
0
0
-1
0
0
-1
-1
-1
-2
-1
-2
-1
-1
-1
-1
-1
-1
-2
-2
-1
-1
-2
-1
-2
-2
-2
-1
-2
-1
-1
-1
-1
0
-1
-1
-1
0
0
0
0
0
0
0
0
0
1
1
1
1
1
1
1
1
2
1
2
1
1
2
1
0
1
2
1
1
2
1
1
1
1
1
0
0
1
0
0
0
0
0
0
1
0
-1
-1
0
0
-1
-2
-1
-1
-1
-1
-2
-1
-1
-1
-1
-1
-1
-1
-1
-1
-1
-1
-1
-1
-1
-1
-1
-1
0
-1
0
0
0
0
1
0
0
0
0
0
1
1
0
1
0
1
0
1
1
1
1
1
1
1
1
0
1
0
0
1
1
1
1
1
1
1
0
1
0
0
0
0
0
0
0
1
0
0
-1
0
0
0
0
0
-1
0
0
0
0
0
0
-1
-1
0
-1
-1
0
0
-1
-1
-1
-1
-1
-1
0
0
0
-1
0
-1
0
-1
-1
0
0
0
0
-1
0
0
0
0
1
0
0
0
0
0
0
0
-1
0
1
1
0
0
0
0
0
0
0
0
0
1
1
0
0
0
0
0
0
0
0
0
0
0
0
0
0
0
0
0
0
0
0
0
-1
0
0
0
0
-1
0
0
-1
0
-1
-1
-1
0
0
0
-1
0
0
0
0
0
1
0
0
1
0
1
0
0
0
0
0
0
0
1
0
0
1
1
1
1
0
0
1
1
0
0
0
0
1
-1
0
0
0
0
0
0
0
0
0
0
0
0
0
0
-1
0
0
0
0
0
0
0
0
0
0
0
0
0
0
0
-1
1
-1
-1
0
0
0
0
0
0
-1
1
0
1
0
0
0
0
-1
0
0
0
0
0
0
0
0
0
0
-1
0
0
0
0
1
1
0
1
0
0
0
1
0
0
0
0
0
0
-1
0
0
0
0
0
1
0
0
-1
0
0
0
0
0
-1
0
-1
0
1
0
0
1
0
0
-1
0
-1
0
0
0
-1
0
1
-1
0
0
0
0
-1
-1
1
0
-1
0
1
0
1
-1
-1
-1
0
0
0
-1
0
0
0
0
0
0
0
0
0
0
0
0
0
1
0
0
0
-1
0
1
0
1
0
0
1
1
0
0
0
0
0
0
0
0
0
0
0
0
0
0
0
0
0
1
0
1
0
-1
0
0
1
0
0
0
0
0
0
-1
0
-1
0
0
0
0
0
0
0
1
0
1
0
0
0
0
0
-1
0
0
0
0
0
-1
0
0
0
0
0
0
1
0
0
0
0
1
0
0
0
0
0
0
0
0
0
-1
0
1
0
0
0
0
0
0
0
0
0
0
0
0
0
0
0
-1
0
0
0
0
-1
0
0
0
0
0
0
0
-1
0
-1
0
-1
0
1
0
0
0
0
-1
0
-1
0
0
0
0
-1
0
0
0
0
0
0
0
0
1
0
0
0
0
0
0
0
0
0
0
0
0
0
0
0
0
0
0
1
0
0
0
1
0
0
0
1
0
0
0
0
1
1
0
0
1
0
0
0
0
1
1
0
0
-1
1
0
0
-1
0
0
0
0
0
1
0
1
0
0
0
1
0
-1
0
-1
0
0
-1
0
0
0
-1
0
0
0
0
0
0
0
0
0
-1
0
0
0
0
-1
0
0
0
0
0
1
0
0
0
0
0
0
0
0
1
1
0
0
0
0
0
0
0
0
0
1
0
-1
0
0
0
0
0
-1
0
-1
0
0
1
0
0
0
1
0
0
0
0
0
0
0
0
0
0
0
0
-1
0
0
0
-1
-1
-1
0
0
0
0
0
0
0
-1
1
0
1
0
0
0
0
1
1
0
-1
1
1
-1
0
0
0
0
0
0
0
0
0
0
0
0
0
1
-1
0
0
0
0
0
0
0
-1
0
-1
0
0
0
0
0
-1
0
1
0
0
0
1
0
0
0
0
0
0
0
0
0
0
0
0
0
0
1
0
1
0
-1
-1
-1
0
0
0
0
0
0
0
-1
0
0
1
-1
0
1
0
0
0
0
0
0
0
-1
0
0
0
0
0
0
0
0
0
0
0
0
0
0
0
-1
0
0
0
0
0
0
1
0
1
0
0
0
1
0
0
-1
1
0
-1
0
0
-1
0
0
0
0
-1
0
0
0
0
1
0
0
0
1
0
0
1
-1
0
0
0
0
0
0
-1
0
1
0
0
0
1
-1
0
0
0
0
0
0
0
-1
0
1
0
-1
0
0
-1
-1
0
0
0
0
-1
-1
-1
0
0
0
0
0
0
0
0
0
1
0
-1
0
1
0
1
0
0
0
-1
0
0
0
0
0
0
-1
1
0
0
0
0
1
0
0
0
-1
0
1
0
0
0
0
0
0
0
0
0
0
-1
1
-1
0
1
0
0
0
0
0
0
0
0
0
0
0
0
0
0
0
1
0
0
0
0
-1
1
0
-1
0
-1
0
0
0
0
0
0
0
0
-1
0
0
0
-1
0
0
1
1
0
0
0
0
-1
0
1
0
-1
0
0
0
0
-1
0
0
0
0
0
-1
-1
0
0
0
0
1
0
0
0
0
-1
0
0
0
0
0
0
0
0
1
0
-1
0
0
-1
0
0
0
0
0
0
0
0
0
0
0
1
0
0
0
0
-1
-1
0
-1
0
0
0
-1
0
0
0
0
1
1
-1
0
0
-1
-1
0
0
-1
0
0
-1
0
0
-1
1
-1
0
0
-1
0
0
0
0
0
0
0
1
0
0
-1
1
1
0
0
0
0
0
0
0
0
0
1
0
0
0
0
0
0
-1
0
0
-1
0
0
1
0
0
1
0
0
0
1
0
0
0
0
0
0
1
-1
0
0
0
1
0
-1
0
0
0
0
0
-1
0
0
0
0
1
0
0
1
0
0
0
1
0
0
0
0
0
1
0
0
0
0
0
0
0
1
0
0
0
0
-1
0
0
-1
-1
0
-1
0
0
0
1
0
0
0
0
-1
1
0
0
0
0
1
0
1
0
0
1
1
0
0
0
0
0
-1
0
0
0
-1
0
0
1
0
0
0
0
1
0
1
0
0
0
0
-1
0
0
0
0
0
-1
0
0
0
1
1
0
0
-1
0
0
1
0
0
-1
1
0
0
0
0
-1
0
0
0
0
0
0
0
0
0
0
0
1
0
0
0
-1
0
1
0
0
1
-1
0
-1
-1
0
0
0
0
0
0
0
0
-1
0
-1
1
0
1
0
0
0
0
0
0
0
0
0
0
-1
0
0
0
0
1
0
-1
0
0
0
0
0
0
-1
0
0
-1
0
0
0
0
0
0
0
1
1
0
0
0
0
0
0
0
-1
0
0
0
0
0
0
-1
-1
0
0
0
0
0
1
0
1
-1
0
0
-1
0
0
0
1
0
0
0
0
0
0
0
1
0
1
0
0
0
-1
-1
0
0
0
0
1
0
-1
0
0
0
0
1
0
-1
0
0
0
0
0
1
0
0
0
0
0
0
0
0
0
0
1
0
0
0
0
0
0
0
0
0
0
0
0
0
-1
-1
0
0
0
0
0
0
-1
0
0
-1
0
0
0
0
0
0
0
0
0
0
0
0
0
0
0
0
0
-1
0
0
1
0
0
-1
1
0
0
0
0
0
0
0
0
0
0
-1
1
0
0
-1
0
0
0
1
0
-1
0
0
0
0
0
0
0
1
-1
0
-1
0
-1
-1
0
0
0
1
0
0
0
0
0
1
0
-1
-1
0
0
0
0
0
0
0
