0
0
0
0
0
0
0
0
1
0
0
0
0
0
1
1
0
0
0
0
0
-1
0
0
0
0
0
0
1
0
0
1
0
0
0
1
0
0
1
0
1
1
0
0
0
0
0
0
0
0
0
0
1
0
1
1
-1
0
0
0
0
0
0
0
0
0
0
0
1
0
0
1
0
0
0
1
0
0
0
-1
0
0
0
0
0
0
0
0
0
0
1
0
0
0
-1
-1
0
0
0
0
0
0
0
0
0
0
-1
0
1
0
0
0
0
0
0
0
-1
0
1
0
0
0
0
-1
0
-1
-1
0
0
0
0
1
0
0
0
0
0
0
0
0
1
1
0
1
-1
0
0
0
0
0
0
0
0
0
0
0
0
0
0
0
0
0
0
0
0
0
0
0
0
0
0
0
0
-1
1
0
1
0
0
1
0
0
0
0
0
1
-1
0
0
0
0
0
1
0
0
-1
0
0
0
0
1
0
0
1
-1
-1
0
0
0
0
0
0
0
0
0
0
0
-1
0
0
0
1
0
0
0
0
1
0
-1
-1
0
0
0
-1
0
0
0
0
0
-1
0
0
0
0
-1
0
0
0
0
0
0
0
0
0
0
0
0
0
0
-1
0
0
0
0
0
0
0
0
0
1
0
-1
0
0
0
0
0
0
0
0
0
0
0
0
0
0
0
0
0
0
0
-1
0
0
0
0
0
0
0
0
0
0
0
0
0
1
0
0
0
0
0
0
0
1
0
0
0
1
1
0
0
0
-1
1
1
0
0
0
0
0
0
0
1
0
0
0
1
0
0
0
0
0
-1
0
0
0
0
0
0
0
0
0
0
-1
-1
-1
0
0
0
0
-1
0
0
0
0
0
0
0
0
0
1
0
1
0
0
0
0
0
0
1
-1
0
1
-1
0
0
0
0
0
0
0
-1
0
0
0
-1
0
-1
0
0
0
0
0
-1
0
0
0
0
0
0
-1
0
0
0
0
0
0
0
0
-1
-1
0
0
0
0
0
1
0
0
0
0
0
-1
0
0
0
0
0
0
0
0
0
1
0
1
0
0
1
-1
1
0
0
0
-1
-1
0
0
0
-1
0
-1
0
0
0
-1
0
0
0
0
1
0
0
0
0
0
0
1
0
1
0
0
0
0
0
0
1
0
0
0
1
1
0
0
0
0
0
0
0
0
-1
1
0
0
0
0
0
0
0
1
0
0
-1
0
0
0
-1
-1
0
0
1
0
-1
0
0
0
0
0
0
-1
-1
0
0
-1
1
0
1
0
0
0
0
0
0
1
0
0
0
-1
0
0
0
0
0
1
-1
0
0
0
0
0
0
0
0
0
1
0
0
0
0
0
0
-1
0
0
-1
0
0
-1
0
0
0
0
0
0
0
0
1
0
0
-1
1
0
0
-1
-1
0
0
0
1
-1
0
0
0
-1
1
0
0
0
1
-1
0
0
0
0
0
0
0
0
0
0
0
-1
0
0
0
0
0
0
0
0
0
0
1
-1
0
0
-1
1
0
0
0
0
0
0
0
0
0
0
0
0
0
0
-1
0
0
0
0
0
0
0
-1
0
0
0
-1
0
0
-1
-1
0
0
0
0
0
1
1
-1
0
-1
0
0
0
0
0
0
0
0
1
0
0
0
0
-1
1
0
0
1
0
0
0
0
0
1
1
0
0
0
0
0
-1
0
-1
1
0
1
0
0
1
0
0
1
0
0
0
1
-1
-1
1
0
0
0
-1
0
0
1
0
0
0
0
0
0
-1
0
0
0
-1
0
0
1
1
-1
0
0
0
0
0
0
0
0
0
-1
1
0
0
1
0
0
0
0
1
-1
0
0
0
0
-1
1
0
0
-1
0
0
0
0
0
-1
0
-1
1
0
0
1
0
0
0
0
0
0
0
0
-1
0
0
0
1
0
1
0
0
0
0
-1
0
0
1
1
0
0
0
-1
-1
0
0
0
-1
0
0
1
0
1
0
0
1
0
0
1
0
0
0
0
0
0
0
0
0
0
0
-1
1
0
0
0
0
0
0
0
0
0
0
-1
0
-1
0
0
0
0
0
-1
0
0
0
1
0
0
0
0
0
0
0
0
0
-1
1
1
-1
0
0
0
0
0
0
0
0
0
0
0
0
0
-1
0
0
0
0
0
0
0
0
-1
0
0
0
0
-1
0
-1
0
0
0
0
0
-1
0
0
-1
0
0
0
1
0
0
0
0
0
0
1
0
0
0
0
0
1
0
0
0
1
1
0
0
0
0
0
0
0
0
1
1
1
0
0
-1
0
0
0
-1
-1
0
0
0
0
0
0
0
0
0
0
0
0
0
0
0
0
0
0
0
0
0
1
1
1
0
-1
0
0
0
0
0
0
1
-1
-1
0
0
0
0
0
1
0
-1
0
0
0
0
0
0
0
0
-1
0
0
0
0
1
0
0
0
0
0
-1
1
1
0
0
0
0
1
0
0
0
0
0
0
0
0
0
0
0
0
1
0
0
0
0
0
0
1
0
0
0
0
0
0
0
0
0
0
1
0
-1
0
0
0
0
-1
0
0
0
0
0
0
-1
0
0
-1
0
0
0
-1
1
0
0
0
0
0
0
0
0
0
0
0
0
0
-1
0
-1
0
0
0
0
0
0
0
0
0
1
0
0
0
0
0
0
0
0
0
0
0
1
0
0
0
0
0
0
0
0
0
-1
0
0
1
0
0
0
0
0
0
0
1
0
0
0
0
0
0
-1
0
1
0
0
0
0
0
0
0
0
-1
0
0
0
0
0
0
0
0
1
0
-1
0
1
0
0
-1
0
0
0
0
-1
0
0
0
0
1
0
0
0
0
0
0
0
0
-1
0
0
0
0
0
0
0
0
0
1
0
0
0
0
0
1
0
0
1
0
1
-1
0
0
0
0
0
0
0
0
-1
0
-1
-1
0
0
0
0
0
0
0
0
0
0
-1
0
-1
0
0
0
0
0
0
-1
0
0
0
0
0
0
0
0
0
0
0
0
0
0
0
0
0
1
1
0
-1
0
0
0
0
0
0
0
0
0
0
0
0
0
0
0
0
1
0
0
0
0
0
1
0
0
0
0
0
0
0
-1
-1
0
0
0
0
0
-1
-1
0
0
0
-1
1
0
0
-1
0
0
0
0
0
0
0
0
0
0
0
0
0
0
0
0
1
0
0
-1
0
0
0
0
0
0
1
0
0
-1
-1
0
0
0
0
-1
0
0
0
0
0
1
0
0
1
0
1
0
0
0
0
0
0
-1
0
0
0
0
0
0
1
0
0
0
0
0
0
-1
-1
0
-1
0
0
0
0
0
0
0
0
0
0
0
0
0
0
-1
0
0
0
0
1
0
0
0
0
0
0
0
0
0
0
-1
1
-1
0
0
0
0
0
0
0
0
1
0
1
0
0
0
1
-1
0
0
0
0
0
0
0
0
0
0
-1
0
0
0
0
1
1
0
1
0
0
0
0
0
0
0
0
0
0
-1
-1
-1
-1
0
0
0
0
0
-1
0
0
0
0
0
-1
0
-1
0
1
0
0
1
0
0
-1
0
-1
0
0
0
-1
0
1
-1
0
0
0
0
-1
0
1
0
-1
1
1
0
1
-1
0
0
1
0
0
-1
1
0
0
1
0
0
0
0
1
0
0
0
0
1
0
-1
0
-1
0
1
0
0
-1
0
1
0
0
-1
0
0
-1
0
0
0
0
0
0
0
0
0
0
-1
0
1
0
0
1
-1
0
0
1
0
0
0
0
0
0
0
0
0
0
0
0
0
-1
0
0
0
1
0
0
0
-1
1
0
-1
1
0
0
1
-1
-1
0
0
0
0
-1
0
1
-1
1
0
0
0
0
-1
0
0
-1
1
0
0
0
0
-1
2
-1
1
0
0
0
0
0
0
1
-1
2
-2
2
-1
0
0
0
0
-1
1
-2
3
-2
2
0
0
1
-1
0
-1
1
-2
1
0
1
0
1
0
1
-1
-1
0
0
0
0
0
-1
2
-1
1
0
0
0
1
-1
1
0
-1
1
-1
1
-2
1
-1
0
2
-2
2
0
-1
0
2
-2
2
1
-3
4
-3
2
1
-1
-1
2
-2
0
3
-3
4
-1
1
-1
3
-3
2
-2
0
1
-1
1
-1
1
-1
2
-4
4
-3
1
1
-2
1
1
0
0
2
-3
3
-2
1
-1
0
-1
1
-1
0
1
-2
3
-3
1
-1
0
-1
2
-3
2
0
-2
3
-3
0
1
0
-3
4
-5
3
1
-3
4
-2
1
-1
2
-3
3
-2
0
2
-1
1
-1
1
-2
3
-4
2
1
-2
4
-2
0
1
-1
-1
2
-3
1
2
-4
3
0
-2
4
-1
1
1
1
-3
2
0
-3
5
-5
3
1
-1
1
0
-2
0
0
-2
4
-4
2
2
-3
4
-1
-2
2
0
-5
4
-2
0
6
-7
5
0
-4
5
-3
2
0
1
-3
0
0
-3
6
-5
9
-6
3
2
-4
1
-3
1
-2
0
-2
7
-4
5
2
-6
2
-1
-3
-1
2
-1
3
-3
2
-3
-2
4
2
2
-7
6
-9
4
-1
1
1
0
11
-14
9
-4
-1
3
-2
-1
3
-4
3
2
-8
7
-12
2
4
-9
9
10
-7
8
-4
-3
-1
-12
19
-16
12
11
-15
5
-14
7
-4
5
6
8
-15
14
-11
-13
17
-22
20
-8
8
-2
4
-11
4
-2
-15
29
-21
13
2
-15
14
-5
-1
8
-6
-2
19
-22
18
-10
-11
17
-29
31
-21
10
-5
-10
7
-12
28
-27
31
-15
-6
21
-22
18
-16
10
8
4
-7
-10
18
-37
26
-9
-5
6
-2
10
-29
37
-27
13
9
-22
22
-18
11
12
-14
-6
22
-21
15
2
-18
15
-14
2
2
2
-4
13
-27
16
-10
0
-1
8
23
-42
43
-31
-21
31
-25
16
18
-5
3
5
-19
8
-20
14
1
3
9
5
-40
41
-33
3
24
-36
28
-2
-20
24
3
-35
53
-47
21
-2
-11
34
-21
-4
7
-5
-13
18
-5
-3
2
11
-2
-4
6
-20
-1
10
-8
-2
28
-25
24
-25
9
-11
-8
9
1
7
-9
33
-9
-2
-13
20
-43
19
6
-27
37
-26
17
-4
-7
3
20
-16
16
-12
-25
40
-38
33
-7
-22
23
3
-23
22
1
-15
16
-15
-12
-8
35
-45
52
-35
-6
27
-9
-6
0
28
-34
31
-22
-6
22
-18
23
-15
-3
12
-4
-1
5
-7
-31
23
-6
0
7
-8
26
-31
24
-7
-13
19
2
-7
-19
38
-35
1
23
2
16
-14
8
-38
0
18
-17
16
-27
22
7
-28
28
4
-3
-8
6
-17
19
-17
22
-21
15
14
-28
44
-33
-12
25
-32
24
-44
38
33
-80
87
-55
4
12
6
-33
-6
24
-41
96
-82
82
-36
-47
53
-76
61
-36
70
-51
21
45
-72
45
-76
54
-33
-1
84
-73
46
-35
-3
-19
23
20
-38
54
-34
-5
15
-39
42
-14
4
-10
-10
0
21
16
-32
37
-18
-3
18
-28
8
12
-32
63
-38
-29
56
-64
34
13
-27
-20
60
-61
12
55
-90
102
-70
44
-6
-32
35
-14
11
-18
30
-36
33
3
-46
57
-58
13
33
-33
27
-31
32
-85
109
-74
41
28
-50
53
-54
6
-4
8
0
17
-12
24
-29
-5
15
-20
28
-13
9
0
26
-47
32
-37
13
-36
46
-21
39
7
-45
78
-131
96
-42
17
8
12
-21
-20
71
-141
147
-91
27
59
-93
106
-94
36
-3
-2
-11
29
-23
-30
74
-92
88
-19
-42
70
-68
-8
56
-54
12
50
-29
33
-20
6
-73
47
-45
58
-34
17
52
-91
83
-43
-20
29
-18
-45
83
4
-59
108
-96
34
-33
22
-15
48
-32
-32
79
-139
104
-61
-2
60
-31
61
-43
-5
-24
10
32
-70
107
-54
-16
76
-95
61
-6
-39
38
-26
-21
34
-47
43
10
-35
30
11
-55
29
22
-64
58
3
12
7
-19
-13
2
7
-55
73
-45
-26
101
-91
61
19
-72
7
30
-74
60
8
-20
30
-13
46
-69
14
9
-40
15
56
-22
4
17
-34
12
-25
-21
40
-20
57
-77
75
-38
-56
62
-43
12
-17
41
78
-110
54
6
-76
1
60
-40
64
25
-40
29
-43
-83
73
-54
39
55
-91
88
-35
-19
8
41
-57
10
52
-102
98
-50
15
39
-50
24
1
7
-32
54
-50
49
-35
-53
80
-13
-25
-33
75
-87
6
62
-54
58
-28
16
66
-118
-1
90
-110
66
61
-33
-4
9
-57
10
14
-60
92
-60
52
-28
15
-24
12
-14
-24
56
-30
48
-71
26
-4
-5
-23
82
-70
18
82
-100
48
-57
16
19
-15
42
32
-60
-45
59
-87
79
71
-91
100
-57
-70
61
-117
117
-64
1
107
-97
-28
101
-35
-21
50
-100
69
-20
-11
82
-50
38
-13
16
-24
-38
57
-98
80
-26
-8
55
-36
-14
-51
31
-69
103
-38
58
27
-97
113
-73
-25
47
-69
33
66
-45
30
22
-60
15
-46
-19
35
-57
49
53
-24
16
9
-16
52
-73
-30
24
29
-8
2
32
-64
19
12
14
-39
7
-5
47
-109
24
51
-25
37
60
-56
30
-15
-50
-17
-50
59
8
49
-15
118
-88
-3
-52
-45
9
-72
134
-7
68
7
-27
-22
-74
-74
24
45
-13
83
80
-50
-16
-41
-41
13
-30
-3
83
-29
35
90
-82
24
-74
-51
25
-96
84
111
-45
122
-15
-97
-12
-57
-113
112
-48
91
103
-41
61
-128
35
-11
-122
117
-45
-40
118
-63
102
-94
-9
77
-105
50
12
-44
-49
43
11
39
57
-31
48
-83
-3
13
-19
42
-79
54
-57
-5
59
-74
50
27
-62
97
-4
-121
54
-66
38
26
70
23
-29
-37
57
-46
-56
62
8
10
26
30
-100
-3
15
-54
47
8
-10
30
-4
-10
-1
-57
-4
42
-67
70
-11
-45
28
42
43
-10
3
3
-38
-40
93
-112
30
30
-4
22
-38
86
-61
-18
-42
-26
-9
50
-2
36
31
-33
10
-9
-116
105
-51
87
62
-27
56
-94
37
-157
155
-181
138
-13
-22
59
-130
178
-169
68
-62
68
-20
10
38
18
-1
-62
9
3
-5
-67
131
-18
-12
42
2
-48
-8
-8
-7
7
-94
73
20
33
68
-48
52
-143
-94
28
-43
63
55
68
94
-76
-43
-5
-95
30
-59
42
174
-11
6
90
-154
-62
-56
-21
42
-29
142
101
-62
-71
37
-103
-63
33
5
74
26
63
26
-3
-151
-24
-18
-22
56
-41
200
-6
19
-80
-2
-86
-19
54
-49
47
68
70
-42
-63
-73
-4
-21
-15
66
-40
159
45
-76
-11
-96
-37
-8
43
7
15
77
46
-36
-52
45
-71
1
-14
7
-53
21
36
30
53
-42
107
-72
-61
-2
-161
53
-2
28
187
40
-39
60
-129
-70
-13
-90
58
0
44
68
88
10
-31
1
-173
34
-118
129
56
-24
72
-23
-20
-35
-36
-78
149
-129
175
51
-164
82
-100
-17
36
-19
22
140
-88
109
-79
-63
7
-131
89
-3
-12
91
53
-5
36
-59
-88
85
-113
-7
7
-22
82
-15
75
-66
55
-134
125
-101
-4
109
-77
152
-137
1
-4
59
-51
34
43
-49
-8
40
-16
-2
-14
-44
-30
-69
98
64
36
-34
33
-80
-96
61
-85
41
59
24
101
37
-50
31
-110
-92
92
-113
151
32
-76
159
-82
-87
35
-43
-77
134
-78
35
69
-150
63
-50
2
115
-41
28
31
-16
-25
42
-88
34
74
-58
135
-183
-15
-19
-30
85
1
36
-62
72
-33
13
-57
-2
37
36
39
-31
-17
5
45
-59
-39
82
-32
-31
118
-210
84
-39
-12
103
-3
-29
58
-40
-98
76
-124
114
9
1
62
26
-43
-8
-7
-126
106
-87
123
-22
-7
66
-18
30
-137
81
-116
-5
134
-101
133
-70
-29
106
-145
-87
153
-120
63
121
-36
93
-26
-31
61
-140
-132
109
-90
75
81
17
203
-63
-45
-48
-182
-47
-20
-53
66
117
-31
189
-120
-13
73
-148
27
-3
65
-28
113
-54
105
-12
-156
51
-91
18
-5
42
-13
49
-19
49
69
-143
70
-110
-50
-14
-18
56
28
101
43
195
-99
-11
-73
-119
-69
-174
20
-6
61
114
196
-2
61
5
-7
7
-195
68
-67
-127
47
52
-65
97
-80
33
70
-42
81
77
-36
-99
72
-217
103
-111
-6
185
-43
68
113
73
-132
52
-162
2
-94
-80
104
-48
90
127
-7
-8
-67
-76
-8
-27
-5
12
144
-119
159
62
-122
110
-78
-11
-43
-80
29
45
-103
73
91
-86
20
19
-46
-4
-1
-3
7
-59
23
33
-43
83
9
73
36
18
-105
-35
-50
-107
186
-46
-16
90
53
-116
32
-14
-25
-96
23
7
-16
62
-36
87
-37
108
3
-5
-42
-66
-94
49
-50
103
19
40
26
-51
-6
-98
-9
29
149
-74
130
-115
-22
7
-111
54
-60
6
80
35
37
12
-16
-27
-5
18
-181
35
7
46
64
48
22
57
-60
-10
-58
-94
-2
27
16
-20
103
-44
150
-172
115
-49
-75
31
-106
203
-122
29
55
-36
-57
-33
9
84
-134
49
161
-138
40
47
-29
-31
7
-118
197
-81
87
143
-119
62
-114
-83
-40
-72
-93
129
40
88
-9
115
-18
-166
68
-216
111
-78
129
81
24
16
3
71
-203
122
-189
134
-42
32
66
-42
54
-77
-3
-85
38
-134
168
-6
-31
134
-13
-30
15
-71
-84
91
-136
123
-61
46
56
-5
101
-95
61
-119
53
-135
100
-45
-4
63
-63
104
-167
185
-105
38
32
18
100
-76
-32
44
-113
-97
76
-120
152
26
38
114
-9
-72
-14
-7
-120
-9
-33
72
-46
-27
67
-71
-57
-72
184
-45
137
201
-80
166
-178
-68
-119
-15
-135
59
191
-31
268
-42
35
-130
-169
-129
-85
-110
67
120
1
273
-50
41
-39
-126
4
-30
-73
151
3
36
90
-35
-36
-2
-126
-18
29
-79
107
15
29
113
-25
42
-43
-99
-6
-34
-87
113
32
32
144
-17
-78
-115
-233
-154
-136
-197
211
245
319
375
221
99
-147
-207
-201
-299
-167
0
53
169
155
147
-69
7
-169
-123
-8
-112
77
104
26
-21
-70
-100
-39
-125
174
149
209
214
224
-84
-116
-163
-256
-176
-163
95
-42
146
142
38
70
-73
-20
35
-93
-7
57
43
-42
40
41
-87
75
6
55
164
-23
166
-25
-131
-31
-298
-69
-147
-91
-112
295
156
179
288
-2
88
-185
-66
-78
-231
-5
-161
66
-32
-30
41
113
123
5
272
-11
-55
-98
-105
-177
-320
101
-269
109
281
69
424
148
112
-18
-88
-315
-182
-219
-222
61
-49
139
151
132
56
131
-47
-19
-66
-129
-66
12
-80
39
93
19
90
55
63
41
32
54
82
-122
46
-70
-214
21
-21
-1
42
124
-82
53
-80
-54
33
-95
177
-28
105
141
43
13
-19
-22
-118
7
-212
-84
-104
-50
87
200
149
105
69
-122
-48
-207
-210
-56
-232
-43
74
11
129
23
73
94
-45
84
81
-47
-4
-36
-97
-71
-198
-71
121
34
184
328
218
225
235
66
22
-151
-220
-106
-139
-176
34
4
-1
31
-110
90
-71
-69
26
-27
-39
-6
-42
-13
-52
-43
39
35
47
135
110
37
89
-135
20
-89
-117
33
-35
-8
63
-8
8
-61
-72
-151
-102
-97
-147
-60
-118
-58
-65
17
23
33
-6
17
-40
-47
2
-39
-57
-49
-61
0
2
33
61
56
36
-15
-23
-95
-112
-153
-97
-154
-84
-49
-71
67
70
124
80
87
41
78
-7
17
29
-6
39
-14
43
-29
-47
-90
-168
-144
-157
-173
-112
-129
-61
-32
-36
-28
-76
-56
3
12
74
81
114
173
199
240
214
218
122
130
24
44
92
56
158
116
127
162
116
70
43
-43
-39
-39
-39
148
147
237
335
328
342
356
297
249
254
177
164
128
86
44
-18
-82
-106
-180
-193
-215
-250
-230
-233
-199
-158
-190
-272
-260
-294
-295
-198
-146
-125
-61
-25
5
33
21
48
17
-24
-4
-54
-72
-139
-218
-258
-357
-360
-413
-401
-396
-312
-196
-125
-65
-84
-25
0
66
124
116
133
117
113
138
118
31
-89
-215
-294
-364
-449
-498
-535
-538
-462
-384
-324
-262
-227
-124
-32
42
153
229
271
375
496
580
686
745
810
782
743
714
621
495
418
346
317
307
312
407
421
508
648
682
730
769
789
815
810
832
889
945
956
1025
1018
1103
1125
1040
980
798
654
450
259
40
-208
-435
-602
-754
-937
-1047
-1122
-1163
-1210
-1168
-1131
-1092
-990
-957
-960
-962
-1033
-1133
-1283
-1427
-1544
-1694
-1801
-1874
-1948
-1978
-1944
-1910
-1854
-1834
-1865
-1929
-1937
-1891
-1912
-2053
-2271
-2442
-2527
-2626
-2769
-3038
-3233
-2958
-2249
-1234
-192
989
2343
3816
5234
6378
7064
7262
7084
6529
5686
4700
3706
2740
1991
1439
1233
1356
1631
1893
2047
2094
1952
1634
1083
492
-48
-450
-657
-541
-168
499
1294
2063
2696
3056
3133
2897
2391
1623
721
-201
-960
-1473
-1729
-1748
-1696
-1594
-1404
-1259
-1152
-1204
-1412
-1729
-2056
-2352
-2653
-2893
-3032
-3126
-3166
-3191
-3160
-3208
-3366
-3600
-3993
-4465
-5155
-5870
-6596
-6965
-7263
-7484
-8025
-8353
-7463
-5265
-2315
225
2688
5013
7883
10541
12549
13159
12581
11253
9453
7399
5057
2896
651
-1206
-2642
-3203
-3094
-2649
-2283
-2177
-2316
-2719
-3316
-4102
-4960
-5741
-5992
-5388
-3943
-1788
1086
4411
7602
10351
12235
13219
13282
12470
10629
7857
4641
1588
-1018
-3156
-4772
-5730
-5890
-5292
-4098
-2534
-1013
151
1150
1911
2405
2730
2951
2943
2920
2999
3262
3550
3612
3457
2984
2201
1167
25
-1218
-2588
-3996
-5235
-6236
-6916
-7323
-7676
-8037
-8456
-8600
-8724
-8916
-9216
-9544
-9818
-9812
-9407
-8961
-8530
-8426
-7600
-5337
-1570
2360
5714
8497
11241
13955
15941
16661
15438
13118
10136
7034
3630
480
-2363
-4795
-6509
-7236
-6967
-6150
-5015
-4012
-3238
-2872
-2844
-3185
-3584
-3871
-3787
-3011
-1317
1409
4975
8995
12798
15833
17695
18206
17206
14600
10577
5490
-205
-5607
-10030
-13081
-14593
-14558
-12970
-10016
-5840
-1347
2843
6190
8609
10029
10533
10264
9301
7934
6502
5380
4769
4617
4562
4257
3620
2770
1630
212
-1699
-3984
-6275
-8159
-9459
-10021
-9943
-9359
-8602
-7811
-6925
-6094
-5534
-5504
-5797
-6279
-6607
-6945
-7077
-6967
-6540
-5962
-5584
-5753
-6450
-6349
-4898
-2069
628
3036
5161
7862
11025
13888
15263
14677
12887
10286
7407
3816
108
-3720
-6973
-9272
-10155
-9611
-8018
-5823
-3404
-995
877
2217
2696
2665
2104
1442
1149
1592
2886
4886
7344
9808
11771
12612
12244
10619
7775
3920
-797
-5822
-10229
-13299
-14531
-13880
-11765
-8259
-3347
2368
7815
12302
15301
16667
16566
15243
12861
9640
6242
3269
984
-545
-1230
-1428
-1475
-1534
-1589
-1889
-2724
-4182
-5894
-7547
-8930
-9830
-10091
-9682
-8835
-7609
-5998
-4241
-2785
-1817
-1479
-1719
-2319
-3128
-4208
-5454
-6789
-7866
-8789
-9688
-10978
-12083
-11479
-8393
-3860
548
4423
7957
12065
15998
18637
18489
15818
11731
7443
3181
-1003
-4958
-8475
-10598
-10883
-9134
-6204
-2843
196
2903
4861
5745
5405
3951
1903
-203
-1598
-1848
-793
1263
4271
7654
10667
12552
12751
11262
8284
4077
-818
-5751
-10191
-13352
-14657
-13653
-10451
-5779
-288
5627
11138
15504
18056
18547
17286
14703
11077
6902
2850
-429
-2502
-3551
-3635
-2985
-2144
-1444
-941
-709
-976
-2081
-3860
-5701
-7157
-8145
-8656
-8641
-7967
-6781
-5480
-4103
-2824
-2069
-2132
-2854
-3969
-5213
-6634
-8228
-9773
-10977
-11783
-12204
-12599
-13279
-13128
-10416
-5046
1075
6472
10941
15119
19298
22595
23435
20730
15443
9465
3727
-1783
-6783
-10938
-13801
-14547
-12786
-9068
-4604
-318
3440
6339
7937
7928
6291
3490
452
-1972
-3181
-2797
-861
2308
6297
10272
13330
14606
13652
10732
6266
683
-5206
-10446
-14386
-16353
-15913
-13006
-8184
-2209
4478
11047
16186
19210
20027
18662
15750
11837
7156
2299
-1798
-4068
-4645
-4156
-3044
-1597
-340
488
850
492
-858
-3211
-5813
-7994
-9509
-10193
-9954
-8920
-7312
-5319
-3068
-870
644
1115
458
-1113
-3062
-5035
-7175
-9521
-11743
-13268
-13792
-13697
-13582
-13909
-13330
-9722
-2958
4317
10064
14145
17807
21418
23807
23061
18355
11138
3785
-2433
-7735
-12025
-15138
-16340
-14819
-10498
-4686
1032
5679
9107
11134
11334
9567
6057
1645
-2305
-4842
-5500
-4225
-1279
2922
7718
12054
14795
15189
12984
8766
3140
-3114
-9001
-13672
-16411
-16663
-14136
-9159
-2863
3813
10475
16097
19500
20386
18943
15605
11168
6336
1520
-2706
-5441
-5934
-4926
-3258
-1360
317
1111
1100
483
-849
-3122
-5992
-8433
-9808
-10035
-9278
-7590
-5187
-2604
-210
1929
3425
3622
2321
-125
-3218
-6401
-9246
-11677
-13829
-15306
-15575
-14640
-13169
-11676
-10923
-10059
-6646
37
7429
12952
16215
18368
20534
21979
20895
15830
7898
22
-5795
-10012
-13076
-14977
-15149
-12895
-8007
-1852
3854
7909
10436
11486
10901
8500
4606
84
-3607
-5437
-5052
-2800
701
5184
9981
13927
15785
14943
11298
5775
-771
-7276
-12907
-16760
-18351
-17391
-13714
-7379
302
7501
13457
18189
20974
21056
18348
13979
8885
3758
-824
-4273
-6033
-5818
-4094
-1855
205
1758
2466
2037
693
-1240
-3687
-6475
-9007
-10254
-9907
-8448
-6324
-3631
-548
2256
4301
5380
5235
3399
196
-3820
-7906
-11515
-14424
-16761
-18146
-18076
-16448
-14049
-11583
-9810
-8712
-5943
236
8056
14185
17407
18592
19607
20450
19691
15295
7467
-955
-6750
-10071
-11852
-12685
-12408
-10367
-5969
-176
5096
8362
9541
9338
7967
5560
2159
-1832
-5166
-6345
-5270
-2206
1869
6393
10695
14101
15422
14281
10321
4348
-2396
-8654
-13582
-16500
-17421
-16126
-12585
-6516
1635
9689
15480
18889
20544
20025
17102
12318
6904
1721
-2494
-5129
-5689
-4392
-1822
1013
3186
4423
4827
4204
2255
-780
-4138
-7230
-9775
-11316
-11247
-9781
-7397
-4299
-573
3085
5672
6772
6361
4131
191
-4690
-9901
-14523
-17852
-19736
-20223
-18980
-16180
-12126
-7885
-4385
-2647
-1665
1521
7679
13484
16304
16291
15405
15336
15506
13547
7858
122
-6050
-8902
-9885
-9954
-9734
-8756
-6151
-1463
3531
7106
8253
7963
6960
5541
3331
327
-2774
-4520
-4178
-2057
1229
4643
7910
10565
12069
11517
8844
3926
-1932
-7496
-11707
-14329
-15243
-14592
-12114
-7774
-1344
6093
12294
16356
18794
19473
18006
14635
10031
5080
573
-2756
-4482
-4679
-3398
-1175
865
2248
2928
2812
1801
10
-2471
-5041
-7373
-8861
-9269
-8452
-6788
-4484
-1721
1559
4558
6414
6918
5626
2389
-2237
-7433
-12592
-16716
-19282
-20146
-19265
-16541
-12379
-7608
-3245
-51
798
174
1395
5708
10133
12081
11488
10363
10584
11736
11210
6996
627
-4440
-6660
-7333
-7297
-7196
-6700
-4878
-1270
2759
5770
6866
6723
5940
4767
2919
400
-2193
-3422
-2880
-972
1830
4795
7698
10179
11474
10596
7563
2650
-2839
-7873
-11574
-13723
-14320
-13670
-10933
-6099
164
6592
12104
16172
18904
20037
19027
15836
10971
5638
872
-2856
-5515
-6660
-6221
-4436
-2049
374
2128
2857
2720
2038
642
-1544
-3929
-5938
-7093
-7238
-6500
-5146
-2990
-176
2740
4923
5791
5064
2596
-1617
-6841
-12152
-16541
-19380
-20605
-20022
-17437
-13243
-8192
-3327
367
1561
344
-117
2670
7083
10099
10526
9741
10142
11899
12864
10360
4710
-1008
-4282
-5755
-6284
-6487
-6270
-5243
-2873
342
3339
4715
4601
3726
2514
887
-1236
-3223
-4066
-3199
-1018
2137
5375
8771
11824
13566
12567
9022
3622
-2138
-7353
-11212
-13735
-14983
-14397
-11301
-5958
562
6464
10536
13238
15397
16932
16947
14980
11350
7469
4368
2175
59
-2058
-3527
-3778
-3007
-1686
-403
304
598
856
930
417
-751
-2298
-3718
-4712
-5099
-4952
-4126
-2773
-1168
147
1007
1152
247
-1946
-5205
-8696
-11690
-13721
-14635
-14529
-13488
-11299
-8176
-4637
-1507
149
-900
-4479
-6919
-4895
561
5611
8323
9380
11298
14626
17282
15873
10027
2741
-2651
-5807
-7376
-7950
-8022
-7305
-5041
-1302
2536
4811
4954
3828
2179
482
-1416
-3240
-4051
-2986
-261
3799
8069
12081
15061
15797
13284
8126
1293
-5669
-11778
-16226
-18546
-18350
-15287
-9420
-1894
5645
11656
15230
16902
17660
17553
15742
11670
6715
2893
954
-20
-1194
-2400
-2704
-1751
-47
1599
2439
2351
1644
752
-159
-1124
-2446
-4219
-5982
-6799
-6380
-5198
-3690
-1964
-316
821
1506
1595
454
-2257
-5953
-9576
-12152
-13514
-13815
-13335
-11925
-9399
-5830
-2184
302
611
-1365
-5841
-10914
-12224
-7731
-383
6078
10225
13401
17124
20743
21490
17016
8445
-235
-6172
-9354
-10437
-10377
-9414
-7413
-3961
183
3524
4386
3317
1515
117
-1203
-2474
-2997
-1761
1215
5639
10363
14135
16614
16935
14203
8402
989
-6714
-13272
-17810
-19473
-18223
-14111
-7559
305
7713
13336
16432
16990
16041
14410
12276
9091
5123
1607
-220
-698
-988
-1602
-1756
-979
555
2267
3491
3625
2820
1361
-280
-1903
-3570
-5329
-7100
-8194
-7657
-5681
-3236
-1001
796
2091
2890
3196
2680
372
-3529
-7679
-10737
-12584
-13472
-13592
-12700
-10500
-7230
-3576
-827
-31
-1486
-5015
-10806
-16057
-16166
-9385
567
9203
14701
18441
21937
24627
23435
16276
5310
-4562
-10280
-12253
-11804
-10008
-7332
-4193
-591
2568
3877
2665
484
-1039
-1563
-1880
-1795
-440
2866
7498
12017
14682
15461
14992
12810
8131
1431
-5711
-11823
-15911
-17438
-16060
-12507
-7452
-1714
3792
8182
10870
11534
10526
9041
7980
7626
7120
5949
4593
3890
3648
3041
1723
499
-177
-241
230
735
491
-288
-1200
-2224
-3213
-4007
-4651
-5244
-5506
-4838
-3238
-1531
-86
1099
2007
2696
2765
1618
-893
-4293
-7659
-10146
-12055
-13335
-13513
-12214
-9758
-6846
-4292
-2809
-2989
-4860
-8534
-13841
-16605
-12409
-1885
9207
16691
19906
21313
22267
21687
16758
7218
-3113
-9612
-11045
-9149
-5689
-2186
404
1639
1901
1113
-1128
-4203
-6084
-5780
-4097
-1927
986
4934
9365
12963
14649
14002
12586
10926
8126
3335
-2074
-6769
-9988
-11753
-12128
-11083
-8958
-5976
-2738
413
3213
5267
6288
6808
7644
9251
10957
11315
9891
7915
6513
5360
3552
1338
-466
-1763
-2397
-2202
-1832
-1904
-2310
-2833
-3198
-2914
-2118
-1663
-2045
-2675
-2728
-2257
-1677
-1019
-251
528
954
799
-85
-1918
-4667
-7654
-10451
-12878
-13919
-13251
-11496
-9387
-7300
-5652
-4800
-5145
-6922
-10612
-14157
-12330
-3270
8559
17296
20752
20344
19008
17579
14391
7781
-769
-6920
-8334
-6159
-2469
1105
2940
2357
-75
-2755
-5277
-7692
-8721
-7347
-4175
-701
2682
5950
9276
11826
12914
11869
10109
9402
8947
6741
2732
-1531
-5163
-7852
-10046
-11562
-12184
-11415
-9207
-6055
-2447
1098
3997
6081
8412
11341
14269
15468
14439
12395
10635
9007
6810
3817
520
-2553
-4889
-6148
-6424
-6071
-5458
-4789
-3719
-1724
588
2078
1887
486
-1236
-2366
-2770
-2641
-2215
-1539
-622
134
316
-551
-2619
-5628
-8881
-11826
-13479
-13492
-12277
-10680
-9077
-7885
-7106
-6818
-7189
-8967
-11455
-10361
-3045
8175
17462
21462
20416
17700
15230
12223
7116
555
-4283
-5386
-3310
-154
2730
3956
2662
-1106
-5409
-8665
-10651
-10692
-8240
-3921
298
3742
6208
8300
9911
10504
9588
8190
8446
9709
9871
7479
3656
-725
-4851
-9087
-12927
-15330
-15540
-13451
-9761
-4969
-262
3687
6497
8936
11376
13799
15152
14974
14071
13354
12507
10280
6481
2044
-2208
-5964
-8763
-9980
-9394
-7541
-5296
-2806
-174
2082
3194
2481
189
-2336
-3792
-4172
-3837
-3054
-1927
-737
99
86
-1091
-3209
-5679
-7999
-9823
-10949
-11281
-10893
-10383
-10050
-9998
-10106
-10396
-10512
-11067
-10902
-6836
2346
13427
21262
23438
20695
16273
11835
7392
2375
-1849
-3573
-2555
-152
2160
3792
3829
1430
-3516
-8453
-11217
-11146
-8555
-4299
120
3198
4820
5244
5361
5615
5978
6046
7016
9912
13369
14667
12049
6391
-357
-6462
-11716
-15417
-16894
-15730
-12432
-7590
-2141
2277
4805
5744
6475
8151
10936
13564
15344
16694
17609
16748
13022
7280
1134
-4470
-9038
-12030
-12708
-10895
-7502
-4008
-1118
700
1524
1249
-196
-2161
-3524
-3706
-3036
-1736
-326
602
716
342
-611
-2425
-4699
-6442
-7487
-8228
-9151
-10403
-11778
-12719
-13073
-13164
-13150
-12789
-11971
-11176
-7724
354
11370
20180
23459
21352
16730
12137
7773
3475
-303
-1536
-123
2365
3543
3426
2393
228
-3884
-8857
-12220
-12458
-9168
-4016
804
3486
4141
3284
2037
1747
2624
4297
6552
10612
15427
18699
17618
11818
3214
-5205
-11503
-15411
-16401
-15009
-11780
-7716
-3288
71
1591
1285
583
1827
6038
11680
16335
19631
21455
20950
16982
10032
2144
-4282
-8114
-9897
-9830
-8032
-5175
-2769
-1727
-2250
-3533
-4578
-5176
-4992
-3949
-2162
-469
718
1085
679
-396
-1511
-2142
-2443
-2876
-3617
-4415
-5286
-6924
-9641
-13208
-16084
-17235
-16489
-15044
-13522
-12412
-10656
-4693
5562
16386
22060
21882
18047
14463
11507
8049
3692
525
912
3718
6254
5913
3498
-143
-4072
-8550
-11850
-12619
-10218
-5131
508
3994
3725
1194
-1827
-3098
-1921
1247
5041
9718
15364
19817
20764
16448
8217
-1181
-8186
-11793
-11918
-9858
-7240
-5316
-4589
-4641
-5497
-6448
-6733
-4615
1020
9080
16562
21271
22953
21681
17697
11483
4780
-179
-2245
-2216
-1762
-1845
-2803
-4545
-6970
-9229
-10619
-10358
-8558
-5852
-2812
-247
1023
631
-805
-2548
-3901
-4170
-3259
-1576
13
588
-707
-3361
-6443
-9362
-12433
-15402
-17438
-17639
-15941
-13834
-12617
-11779
-7160
2323
13668
20542
21061
17278
13472
11254
9236
6257
3100
2592
4445
6763
6473
3985
45
-4000
-7970
-10737
-11179
-8651
-3613
1272
3578
1952
-1777
-5370
-6225
-3634
1030
5731
9855
14018
17086
17593
14024
7560
473
-4159
-5537
-4597
-2762
-1784
-2482
-5227
-8490
-11064
-11516
-9727
-5285
1753
9537
15707
18590
18806
16786
13580
9714
6426
4808
5204
6329
5815
3422
-783
-5628
-10211
-12817
-12942
-10837
-7653
-4636
-2397
-1591
-2230
-4070
-5756
-6528
-5961
-4319
-2166
-244
1041
889
-866
-3774
-6624
-8980
-10552
-11464
-12129
-12993
-14394
-16290
-17570
-13608
-4113
7833
15768
18165
16101
13446
11782
9981
7551
5314
5694
7505
9332
8285
5474
1050
-3559
-7948
-10509
-10279
-7608
-3125
815
2705
1068
-2671
-6959
-8562
-5860
122
6320
10825
13804
14472
12897
8669
3426
-1041
-2354
-949
1586
3737
4076
2093
-2083
-7119
-11565
-13130
-10879
-5102
2249
8511
11734
11911
10551
8812
7478
6672
6924
8835
11471
12666
10778
6191
155
-5651
-9814
-11468
-10569
-7953
-5254
-4057
-4697
-6377
-8032
-9052
-9249
-8283
-6157
-3414
-1367
-525
-1321
-3240
-5450
-6752
-7073
-6944
-6535
-6432
-6762
-8387
-11366
-15428
-15562
-9403
1292
10207
13842
12817
10373
9202
8093
6850
5918
7572
10211
12074
10577
6904
2448
-1720
-5535
-8125
-7898
-5383
-1292
1805
2275
-877
-5479
-9263
-9697
-5617
1148
7747
12003
13824
12515
8844
3638
-1027
-3667
-2907
495
4344
6786
5961
2450
-2211
-6133
-8620
-8622
-6042
-1425
4311
8983
10712
9233
6540
4272
3687
4748
6967
9579
11702
12074
9988
6053
895
-4006
-7338
-8220
-7173
-4963
-3123
-3164
-4971
-7686
-10225
-11634
-11030
-8997
-6750
-5146
-4550
-4928
-5932
-7079
-7843
-8480
-8571
-8190
-7313
-6607
-6719
-8369
-10451
-8673
-2380
5925
10489
10500
7606
5900
6256
7333
8008
8502
10119
11370
10864
7231
2984
-869
-3426
-5252
-5782
-4720
-2279
469
1422
-253
-4254
-7929
-9530
-7192
-1489
5134
10036
12686
13345
11584
7696
2530
-1201
-2021
-35
2174
3092
2468
270
-3078
-6949
-9639
-9745
-6546
-1602
3767
8122
10022
9224
7006
5431
5181
6340
8115
10164
11812
12296
10499
6781
2602
-973
-3588
-5293
-5611
-4723
-3770
-4366
-6481
-8908
-10561
-10889
-10031
-8607
-7189
-6100
-5574
-5845
-6530
-7593
-8983
-10272
-10386
-9573
-8724
-8894
-10092
-11990
-11182
-5562
3031
10130
12166
10486
7367
6177
6068
7013
8174
10382
12349
12545
10011
5883
2156
-1389
-4392
-6545
-6301
-4372
-1555
-253
-1527
-4814
-7921
-9014
-7410
-2701
3337
8638
11350
11882
10310
7831
5381
3778
3518
4358
5724
6053
4588
871
-3877
-7940
-9849
-9499
-7625
-4939
-2070
967
3283
4206
3858
3821
5082
7349
10030
12071
13438
13673
12690
10390
7709
5557
3903
2111
-240
-2538
-4642
-6375
-8525
-10625
-12138
-12674
-12271
-11272
-10088
-9408
-8813
-8546
-8180
-7843
-7553
-7534
-7607
-7497
-7588
-8561
-10374
-12686
-12040
-6555
1823
8168
9195
6716
3602
3284
4847
7668
10345
13084
14364
13205
9354
4555
1555
291
-159
-1249
-2108
-2663
-2307
-2405
-4390
-8326
-11859
-12274
-8819
-2399
4044
7941
8617
8025
7020
6346
5812
6027
7092
8889
10315
9721
6970
2257
-2713
-6694
-8224
-7528
-5559
-3703
-3035
-2982
-2921
-2503
-1558
376
3075
5881
8433
10351
11654
12304
12198
11199
9945
9042
8526
7921
6623
4424
1435
-1921
-5390
-8190
-10006
-11167
-12211
-13101
-13712
-14057
-14149
-14075
-13828
-13229
-12513
-11196
-9620
-7566
-6257
-6474
-8098
-9712
-6552
183
7719
10264
8391
4664
2755
3952
5586
6988
7827
10043
11566
11316
7736
3384
272
-506
70
607
624
-268
-1434
-3425
-6020
-8875
-10387
-10056
-7027
-2055
2872
5531
6146
5657
4825
4355
4316
5393
7528
10468
11767
10411
6783
2612
-689
-2788
-3598
-3672
-2976
-2429
-2356
-2688
-3097
-2958
-2167
-664
983
2926
4826
6714
8623
9958
10010
8907
7880
7322
7146
6840
6302
5347
3914
1906
-768
-3580
-6009
-7779
-9396
-10975
-12300
-13169
-13759
-14516
-15699
-17162
-17987
-17726
-16114
-14640
-13588
-13453
-11364
-5036
3515
10193
11185
9282
7007
7642
9760
11576
12411
13222
14058
13053
9666
4682
959
-989
-1555
-2074
-2548
-3089
-3735
-4806
-6605
-9086
-10814
-10727
-8693
-5141
-1268
1472
2748
3960
5175
6452
7112
7828
8666
9944
11052
10735
9003
5901
2966
787
-163
-579
-796
-1188
-2002
-2728
-3543
-4098
-4102
-2860
-949
958
2354
3431
4739
6385
8080
8855
8868
8577
8498
8341
7694
6643
5370
4031
2030
-697
-3522
-5411
-6235
-6975
-8479
-10677
-12540
-13754
-14641
-15802
-16665
-17088
-16790
-16685
-17075
-17944
-16863
-11055
-2623
4658
6466
5373
4469
6592
10383
13272
14788
15848
17422
17359
14782
10083
6151
3817
2539
1126
-606
-2804
-5151
-7552
-9901
-12138
-13901
-14197
-12889
-9567
-5278
-1775
-87
1094
2444
4386
6325
8005
9366
10411
11397
11757
11481
10171
7967
5233
2941
1404
306
-428
-1201
-1745
-2604
-3918
-5091
-5155
-3612
-1362
603
1479
2123
3288
5165
6897
7851
8171
8035
8148
8552
8804
8249
6667
4450
1882
-407
-2199
-3545
-5126
-7156
-9175
-11101
-13069
-15309
-17228
-18556
-18838
-18065
-17195
-16859
-17510
-16182
-10966
-3686
1943
2880
2072
2252
5599
9990
12987
14404
15250
16144
15554
13195
9891
7898
7182
6930
5778
3614
715
-2435
-5753
-9215
-12304
-13970
-13792
-11927
-8980
-6152
-4715
-4478
-3964
-2928
-925
1317
4154
6834
9044
10424
10714
10599
9953
8863
7292
6002
5001
4661
4165
3204
2231
1364
216
-1726
-3278
-3602
-2634
-1228
-130
501
1043
2016
3245
4347
4910
5255
5806
6618
7239
7246
6460
4717
2725
1084
-51
-1100
-2425
-4105
-6058
-7847
-9317
-11140
-13608
-15980
-17703
-18853
-19767
-20451
-20304
-16425
-9581
-2704
210
-741
-1536
56
4609
8830
11661
13516
15518
16924
16278
13610
10470
9006
8603
8165
6662
4088
1175
-1860
-4955
-8293
-11235
-12491
-12022
-10281
-8144
-6588
-6200
-5941
-5357
-4218
-2566
-408
2476
5210
7172
7764
7283
6786
6718
6861
6805
6890
6984
7188
6441
4813
3187
1846
1196
522
208
-197
-406
-404
-189
134
550
1269
2138
3320
4124
4458
4418
4353
4234
3722
2688
1736
1218
1148
1040
276
-1221
-3388
-5882
-8086
-9800
-11267
-12661
-13931
-14810
-15887
-17118
-18367
-17226
-12133
-5460
-932
-1389
-3319
-3573
-313
4518
8022
10463
12400
14292
14511
12903
10311
8897
8836
9213
8905
7465
5372
2678
-281
-3442
-6934
-9829
-11130
-10516
-8679
-7047
-6760
-7513
-7366
-6294
-4617
-3137
-1328
927
3155
5175
6016
6113
5892
6027
6342
7018
8114
8890
8723
7440
5678
4161
2770
1871
1252
672
-190
-731
-703
-364
-31
242
780
1360
2326
2860
3025
3074
3456
3635
3146
2256
1598
1454
1287
541
-1042
-2913
-4807
-6501
-8810
-11114
-12825
-13652
-14142
-15000
-16264
-17487
-15731
-10959
-5212
-2376
-3063
-3903
-2669
1924
6946
10286
11903
12896
13466
12764
10891
9053
8906
9496
9660
8466
6011
3095
303
-2058
-3906
-5820
-7494
-8566
-8525
-7300
-5946
-5776
-6249
-6141
-5253
-4062
-3045
-1790
-79
1630
2774
3038
3183
4065
5931
8095
9324
9080
7885
7032
6686
6382
5415
3949
2809
2233
1677
627
-545
-1409
-1419
-1144
-886
-533
41
650
651
613
1048
2050
2812
2677
2076
1546
1591
1540
786
-567
-2462
-4653
-7078
-9148
-10655
-11733
-13084
-15078
-17383
-17672
-14210
-8740
-4425
-3984
-5240
-5460
-2841
1665
5625
8563
10763
12445
12642
11362
9671
9424
10484
11374
11081
9691
7733
5375
2293
-1446
-5051
-7380
-8094
-8006
-7731
-7473
-7391
-7475
-7091
-6573
-5799
-4667
-3044
-1115
740
2395
3685
4517
5207
6233
7665
9278
9598
8493
6763
5676
5292
4925
4175
2924
1505
257
-710
-1598
-2028
-1808
-1119
-497
-427
-672
-961
-1217
-927
202
1788
2716
2404
1352
358
-62
177
506
227
-825
-2603
-4859
-6953
-8934
-11325
-13894
-15947
-15110
-11052
-6204
-3811
-5626
-8398
-8868
-5627
-453
3939
6921
9040
10427
10237
8802
7336
7617
9352
11010
11388
10057
7670
4885
1538
-1912
-4761
-6153
-5993
-5190
-4677
-4994
-5988
-6943
-6888
-6067
-4965
-3834
-2397
-340
1465
2594
2908
3121
4127
6779
9975
11327
10243
7657
5908
5447
5780
6017
5241
3570
1616
136
-1124
-2198
-3079
-3517
-3544
-3329
-2836
-2477
-2554
-3003
-3229
-2604
-1429
-143
733
1037
980
780
850
928
689
-441
-2211
-4179
-5928
-7696
-9638
-11495
-11715
-9143
-5462
-2772
-3298
-5396
-6928
-6248
-3240
679
4553
7467
8681
7821
5788
4140
4448
6406
8545
9512
9050
7315
4953
1983
-962
-3291
-4839
-5278
-4899
-3999
-3468
-4237
-6268
-7801
-7635
-5776
-3535
-1841
-863
-290
787
2585
5070
7598
9932
11381
11659
11264
10480
9697
8841
8151
7407
5825
3391
663
-1573
-3289
-4504
-4940
-4341
-3542
-3706
-5086
-6617
-6831
-5543
-3853
-2463
-1401
-542
-12
-29
-403
-650
-566
-254
-370
-1401
-3152
-4906
-6271
-7360
-8668
-9285
-7483
-3774
-173
422
-1512
-3609
-3606
-1254
1740
4329
6591
8413
8530
6666
3932
2717
3560
5128
5993
5563
4191
2389
162
-2382
-4622
-6234
-6856
-6573
-5802
-5125
-5145
-5867
-6353
-5997
-4944
-3404
-1603
214
1680
3054
5093
7532
9263
9882
9985
10416
10830
10762
9845
8654
7659
6986
6373
5160
3299
1202
-649
-2025
-2723
-2926
-3137
-3897
-5035
-6238
-7097
-7655
-7612
-6652
-5085
-3914
-3628
-3890
-3733
-2977
-2274
-2012
-2046
-2194
-2719
-3612
-4946
-6315
-7191
-5992
-2640
1317
2981
1579
-838
-2073
-871
1446
3615
5558
7670
9168
8964
6950
4873
4514
5314
5985
5747
4909
3652
1697
-1329
-4533
-7273
-8974
-9531
-9080
-8189
-7873
-8648
-9740
-9849
-8789
-7138
-5453
-3299
-241
3402
6295
7714
8042
8645
10025
11387
12272
12552
12444
11843
10802
9470
7997
6343
4697
3342
2110
807
-613
-1823
-2769
-3727
-5008
-6436
-7544
-7983
-7812
-7242
-6293
-5050
-4121
-4145
-4947
-5460
-4873
-3497
-2571
-3010
-4251
-5585
-6555
-7367
-7212
-4904
-1064
2272
2714
1031
-642
-398
1682
4293
6561
8387
9733
9831
8666
7007
6164
6324
6881
7158
6754
5639
3806
1321
-1579
-4500
-6923
-8243
-8213
-7349
-6691
-7224
-8984
-10840
-11684
-11016
-9033
-6211
-3009
-97
1944
2792
2943
3154
4193
6168
8654
10841
11946
11725
10521
9072
7927
7285
6963
6738
6321
5263
3345
918
-1235
-2674
-3537
-4102
-4520
-4715
-4878
-5312
-5980
-6466
-6439
-6014
-5563
-5293
-5129
-5034
-5158
-5635
-6318
-7034
-7663
-7896
-6810
-3817
164
3049
3302
1719
422
1034
3411
6281
8582
9947
10289
9436
7761
6073
5249
5373
5882
6109
5746
4808
3305
1165
-1495
-4149
-6139
-6920
-6476
-5383
-4555
-4738
-6032
-7738
-8874
-8696
-7009
-4349
-1593
453
1486
1589
1193
924
1410
2849
4865
6712
7691
7591
6676
5422
4321
3750
3811
4191
4326
3813
2672
1183
-380
-1764
-2672
-2874
-2547
-2257
-2518
-3327
-4181
-4634
-4684
-4620
-4679
-4881
-5202
-5666
-6343
-7280
-8436
-9480
-9597
-7802
-3847
913
4258
4798
3328
1961
2259
4169
6651
8877
10517
11237
10535
8464
6056
4666
4813
5731
6244
5772
4479
2743
728
-1555
-3980
-6101
-7255
-6963
-5504
-3978
-3578
-4569
-6109
-7022
-6814
-5586
-3560
-930
1645
3244
3379
2564
1883
2035
2990
4274
5247
5648
5380
4699
3911
3064
2116
1143
373
139
192
-135
-924
-2318
-3357
-3941
-3740
-3027
-2787
-3674
-5276
-6030
-4787
-2095
-611
-1902
-5197
-7965
-8431
-7250
-6805
-8188
-9934
-9199
-4661
1595
5708
5757
3642
2467
3224
4915
6439
7648
8911
10252
10852
9843
7559
5587
5164
6041
7084
7532
7212
6046
3921
1015
-2037
-4537
-5930
-5947
-4868
-3493
-2809
-3283
-4511
-5698
-6393
-6327
-5223
-2890
197
2935
4214
3851
2637
1780
1943
2985
4250
5082
5083
4353
3316
2309
1367
398
-454
-931
-1027
-1185
-1828
-2980
-4146
-4881
-5034
-4871
-4762
-4897
-5177
-5345
-5307
-5285
-5610
-6318
-7104
-7640
-7823
-7968
-8310
-8549
-7634
-4900
-1057
2045
3079
2579
2178
3038
4859
6838
8705
10569
12021
12216
11040
9335
8229
7806
7536
6986
6314
5716
4995
3665
1504
-1200
-3755
-5311
-5307
-3981
-2344
-1531
-1798
-2536
-3094
-3233
-2955
-2062
-483
1431
2842
3261
2886
2254
1701
1209
930
1115
1769
2386
2331
1437
112
-1047
-1757
-2036
-2158
-2229
-2284
-2354
-2482
-2731
-3067
-3427
-3688
-3759
-3632
-3410
-3312
-3603
-4534
-5921
-7152
-7724
-7738
-7963
-8570
-8767
-7210
-4027
-832
445
-92
-710
107
2286
4718
6890
8954
10856
11774
11228
9807
8688
8286
8020
7360
6432
5659
4925
3762
1960
-260
-2508
-4361
-5212
-4604
-2843
-1101
-421
-744
-1295
-1587
-1668
-1510
-623
1218
3449
4944
5208
4539
3621
2778
2159
1952
2331
3010
3308
2693
1253
-561
-2269
-3560
-4324
-4604
-4725
-4900
-5240
-5562
-5825
-6042
-6308
-6497
-6334
-5754
-4973
-4443
-4462
-4939
-5537
-5930
-6102
-6138
-5919
-4752
-2496
166
1853
1971
1338
1114
1906
3303
4913
6722
8692
10032
9920
8561
7009
6214
5975
5781
5476
5309
5106
4244
2343
-169
-2494
-4184
-5008
-4795
-3560
-1894
-852
-807
-1372
-1993
-2428
-2596
-2044
-487
1789
3756
4745
4792
4399
3994
3723
3872
4639
5722
6399
6160
5112
3599
1940
275
-1079
-1921
-2428
-2971
-3922
-5169
-6478
-7737
-8911
-9809
-10215
-10060
-9524
-8864
-8321
-8289
-8802
-9595
-9970
-9275
-6995
-3346
631
3457
4156
3418
2512
2754
4182
6246
8385
10411
11872
12174
11171
9255
7475
6111
5373
5111
5287
5406
4839
3147
630
-2056
-4319
-5672
-5817
-4878
-3500
-2585
-2409
-2678
-3103
-3672
-4437
-4660
-3828
-1875
250
1733
2386
2530
2419
2027
1777
2079
3214
4699
5799
6149
5810
4988
3818
2654
1766
1354
1279
1123
607
-423
-1973
-3938
-6042
-7691
-8476
-8488
-8211
-8205
-8682
-9611
-10811
-11971
-12326
-10627
-6926
-2480
579
1562
1304
904
1088
1870
3577
6227
9521
12056
12788
11788
10074
8619
7513
6763
6372
6579
6911
6753
5572
3410
759
-2033
-4158
-5013
-4454
-3087
-2065
-1921
-2594
-3569
-4594
-5476
-5673
-4879
-3055
-1154
213
864
1021
893
430
-117
-311
116
942
1776
2444
2834
2717
1952
875
62
-121
170
478
730
816
509
-483
-2054
-3690
-4858
-5312
-5256
-4979
-5057
-5758
-7013
-8371
-9316
-9010
-7134
-4227
-1361
286
850
820
845
1124
1693
2891
5075
7819
9868
10425
9466
8056
6907
6254
6095
6335
6807
7089
6649
5323
3339
1114
-947
-2403
-2978
-2721
-2074
-1656
-1638
-2128
-3069
-4301
-5316
-5472
-4467
-2704
-1019
44
544
845
960
722
187
-133
36
674
1436
2029
2229
1869
978
-162
-1114
-1611
-1769
-1731
-1445
-1089
-1013
-1619
-2781
-4065
-4984
-5317
-5163
-4808
-4610
-4820
-5547
-6526
-7416
-7375
-5889
-3383
-842
748
1521
1989
2281
2329
2341
3004
4776
7216
9001
9430
8714
7619
6607
5610
4804
4576
5062
5627
5610
4730
3123
1156
-866
-2330
-2931
-2643
-1935
-1319
-979
-1073
-1774
-3054
-4188
-4444
-3491
-1924
-479
563
1163
1428
1195
546
20
35
574
1135
1539
1859
2012
1690
740
-439
-1357
-1784
-1827
-1637
-1399
-1193
-1227
-1762
-2603
-3564
-4273
-4585
-4486
-4043
-3726
-3834
-4480
-5406
-6320
-6971
-6991
-6014
-4067
-1698
174
1103
1247
1132
1249
1832
3063
4764
6600
7936
8533
8374
7646
6581
5459
4743
4671
5059
5419
5333
4700
3487
1678
-347
-1973
-2573
-2240
-1565
-972
-715
-770
-1216
-2255
-3348
-3938
-3620
-2534
-1182
190
1153
1373
959
227
-314
-214
387
1238
1965
2343
2169
1405
416
-464
-1138
-1489
-1577
-1461
-1336
-1429
-1837
-2541
-3062
-3420
-3535
-3491
-3274
-2934
-2766
-2844
-3183
-3487
-3707
-3813
-3911
-3825
-3396
-2532
-1462
-443
237
714
1020
1323
1692
2147
2744
3338
3989
4495
4834
4827
4607
4241
3826
3519
3347
3285
3158
2800
2207
1487
783
109
-397
-697
-700
-458
-111
93
-15
-334
-913
-1314
-1508
-1120
-337
630
1541
1935
1869
1520
1271
1109
1076
881
763
709
749
664
172
-544
-1300
-1905
-2587
-3047
-3150
-2966
-2705
-2729
-2914
-3240
-3445
-3511
-3401
-3032
-2413
-1679
-1461
-1467
-1508
-1342
-1127
-1180
-1351
-1427
-1247
-763
-277
51
394
702
1054
1324
1684
1961
1957
1869
1822
1995
2432
2908
3376
3449
3166
2671
2155
1908
1836
1735
1502
1312
1204
1093
985
735
161
-531
-890
-878
-514
-97
51
14
-302
-359
-243
54
456
811
1140
1394
1622
1738
1652
1394
943
513
327
220
-14
-506
-1074
-1697
-2257
-2611
-2835
-2985
-2970
-3140
-3079
-3043
-2917
-2670
-2650
-2330
-2038
-1521
-1166
-894
-704
-581
-539
-405
-165
84
336
324
319
325
435
515
402
185
137
155
244
322
256
368
458
531
629
622
753
972
1150
1262
1304
1395
1602
1798
1903
1939
1928
1942
1924
1708
1644
1632
1707
1713
1461
1276
1136
963
630
306
-5
5
-5
26
-248
-395
-537
-832
-944
-1379
-1492
-1468
-1428
-1217
-1173
-970
-879
-1135
-1519
-1895
-1589
-1269
-884
-520
-643
-705
-666
-721
-648
-846
-644
-397
-500
-137
-145
-187
-137
-350
-607
-800
-652
-247
-93
123
185
-46
-215
-459
-485
-536
-525
-341
-300
-320
-212
-170
-374
-474
-389
-268
55
450
869
1201
1378
1403
1425
1539
1756
1897
2104
2211
2286
2761
2948
2794
2238
1780
1601
1460
1372
1121
901
770
595
119
-622
-1352
-1505
-1632
-1510
-1298
-1487
-1299
-1542
-1872
-2216
-2454
-2192
-1682
-1155
-616
-360
-391
-136
-389
-402
-326
-233
329
752
1173
975
454
-66
-555
-547
-419
-201
111
175
80
-155
-579
-817
-1029
-932
-811
-560
-229
-380
-706
-878
-1198
-1142
-992
-920
-565
-265
1
-118
-215
-230
-91
46
257
542
875
1359
1543
1577
1517
1413
1357
1377
1487
1612
1808
1964
1921
1651
1257
915
662
471
497
349
232
161
-165
-315
-527
-782
-975
-1214
-1340
-1142
-1110
-815
-711
-816
-710
-878
-814
-792
-613
-231
24
199
240
58
-221
-537
-393
-116
29
373
192
59
88
-109
-51
-39
7
199
133
-149
-294
-272
-437
-406
-301
-360
-217
-231
-509
-601
-747
-678
-406
-517
-411
-170
-155
-104
20
5
242
440
452
542
490
492
673
807
850
1126
1144
1205
1297
1129
969
1039
1012
940
760
726
575
330
81
-312
-589
-782
-687
-732
-853
-939
-1009
-1230
-1332
-1180
-1019
-712
-355
-250
-18
-65
-18
-31
-37
108
301
588
712
826
718
709
542
493
130
87
315
186
174
190
41
-326
-508
-547
-502
-594
-522
-550
-510
-373
-222
-414
-648
-773
-585
-302
-205
-240
-208
-183
-480
-345
-398
-70
260
374
236
159
167
357
597
601
843
802
1049
952
928
1087
975
793
620
289
43
232
42
-23
-428
-524
-757
-1012
-930
-1139
-1046
-1054
-933
-903
-810
-757
-643
-499
-325
-205
-205
175
308
549
816
767
842
795
811
932
1049
974
1239
936
729
811
244
166
0
-160
44
-25
-159
-206
-564
-698
-954
-1152
-918
-738
-688
-617
-808
-833
-698
-688
-427
-443
-184
225
402
428
463
433
516
583
536
846
851
1036
949
669
457
398
522
433
355
343
109
160
85
-119
-215
-669
-768
-1017
-911
-900
-703
-957
-920
-750
-793
-710
-734
-745
-620
-367
-215
153
138
610
743
582
668
741
793
982
820
1051
910
761
607
322
438
163
377
47
118
291
81
-128
-358
-647
-340
-501
-634
-555
-695
-505
-475
-571
-472
-436
-295
-253
-298
-122
155
279
141
284
74
349
397
510
587
408
396
73
-53
-25
8
206
231
24
171
19
-64
-6
-309
-177
-347
-395
-227
-393
-350
-398
-648
-811
-838
-799
-595
-358
-177
-53
35
125
229
250
223
345
485
540
728
664
672
531
210
234
304
408
575
610
503
459
403
225
93
65
-133
-159
-111
-150
-144
-338
-653
-737
-678
-408
-244
-277
-240
-262
-15
-56
-35
-91
171
376
486
676
616
637
324
225
109
36
124
272
136
-29
-109
-247
-322
-484
-418
-354
-375
-382
-426
-279
-495
-419
-561
-621
-383
-465
-302
-269
-184
-140
144
93
271
503
325
411
398
342
576
475
327
203
-10
7
-201
-323
-250
-347
-257
-249
-288
-30
-233
-94
-37
-44
120
215
207
199
137
80
171
-19
374
194
294
369
287
357
280
266
332
286
199
391
164
307
501
143
284
306
237
131
137
-19
-43
-70
-111
-9
-271
-253
-474
-396
-571
-598
-508
-699
-628
-738
-741
-674
-555
-689
-310
-205
-12
152
231
275
291
242
418
429
252
530
598
433
297
135
-67
-97
-188
-159
-374
-259
-337
-294
-296
-307
-223
-393
-301
-377
-194
-361
-265
-312
-255
69
-2
-13
160
92
90
383
315
640
697
926
822
649
471
641
661
602
831
667
701
571
473
82
163
-290
-240
-147
-56
-19
-284
-398
-502
-526
-548
-495
-637
-726
-426
-394
-272
-240
-282
-240
-226
-95
-48
109
145
292
170
272
180
256
263
319
46
-4
72
-166
78
2
-157
-115
-308
-389
-339
-387
-387
-348
-445
-436
-363
-539
-479
-478
-364
-294
-184
-105
162
45
100
102
-14
380
538
663
697
540
573
524
638
568
563
668
368
674
393
432
192
158
-14
-237
-240
-389
-88
-324
-55
-369
-270
-404
-479
-272
-375
-86
-185
-68
-151
-53
-169
-49
140
-18
307
92
120
94
212
336
249
358
216
287
118
152
66
106
11
-105
-36
-277
14
-177
-363
-398
-483
-538
-535
-578
-739
-489
-687
-615
-623
-653
-412
-423
-333
-211
17
113
357
352
540
611
627
735
766
760
812
801
757
748
632
563
427
488
250
200
-80
-103
-202
-133
-287
-394
-426
-515
-535
-533
-461
-427
-329
-448
-286
-309
-180
-107
34
71
94
68
-2
106
123
223
232
351
376
334
312
193
161
131
199
84
282
294
332
193
53
-96
-84
-257
-201
-234
-192
-182
-363
-362
-555
-571
-543
-351
-538
-344
-508
-341
-335
-191
-157
-28
132
204
370
285
380
285
476
443
478
405
423
441
442
314
256
242
34
175
84
-56
-71
-176
-331
-391
-367
-379
-390
-505
-421
-357
-414
-381
-317
-221
-204
-116
-48
-117
-21
4
49
202
197
424
318
408
414
259
326
345
267
491
491
448
374
158
209
65
63
20
209
199
77
68
-146
-205
-228
-243
-303
-309
-122
-176
-195
-179
-128
-294
-221
-170
-26
113
99
123
-25
38
91
157
77
92
-91
53
76
24
58
39
-125
-30
-241
-179
-288
-223
-173
-284
-161
-359
-216
-389
-355
-334
-158
-218
-141
-342
-153
-179
-60
-107
-111
112
62
267
218
306
206
302
348
316
264
373
404
371
361
284
393
443
238
306
228
158
89
199
-2
70
38
-50
78
-84
-27
-149
-83
-68
-62
-123
-119
-145
-87
0
28
42
8
92
11
108
9
102
2
-35
-107
-145
20
-77
-135
-169
-238
-362
-459
-434
-377
-382
-304
-433
-442
-408
-494
-418
-399
-296
-158
-219
-115
-104
-108
33
36
145
227
226
388
211
354
369
315
369
205
244
223
114
268
166
92
200
126
282
154
255
194
181
299
192
316
208
196
205
224
157
203
123
97
-48
13
5
69
86
-33
64
-11
-153
-10
-208
-104
-113
-215
21
-88
87
-133
32
-239
-91
-199
-146
-314
-99
-259
-161
-246
-416
-217
-531
-187
-430
-290
-286
-151
-238
-143
-217
-80
-192
-96
-16
-36
-91
76
114
157
265
122
129
17
142
136
270
145
263
235
239
151
109
-10
83
168
180
219
212
200
63
105
-58
60
73
141
219
112
96
105
-68
38
44
49
172
25
153
98
100
-43
-25
10
-8
74
71
88
-69
-78
-252
-91
-208
-106
20
-169
-173
-336
-284
-398
-189
-308
-234
-221
-166
-198
-127
-94
-160
-178
-110
39
-8
-48
-107
-2
-8
75
44
44
101
83
168
159
206
214
149
116
73
117
194
229
167
170
117
64
1
5
2
-39
56
5
132
56
97
-92
-26
-8
-109
9
93
179
89
220
-44
6
-40
55
132
84
129
201
35
62
134
-101
-109
-74
-114
24
-82
-112
-55
-380
-128
-442
-250
-321
-271
-79
-238
-137
-120
-214
-73
-120
-195
-104
-170
-26
94
76
181
283
139
326
-1
247
46
122
244
142
315
272
252
192
106
-18
70
-1
-64
-9
-11
-63
-14
-99
-27
-93
-140
-196
-81
-180
-92
-28
-111
23
-38
30
13
24
71
53
33
61
-116
121
19
161
179
44
126
-44
101
-29
74
-49
-70
83
-61
17
-35
-157
-95
-206
-229
-175
-96
-148
-69
-110
-91
-106
-141
-179
-181
-47
-121
172
13
59
198
37
167
57
183
196
166
338
244
271
138
161
53
129
142
84
231
52
170
-9
-18
-183
-193
-61
-114
-103
-163
-15
-87
47
-129
-165
-123
-238
-74
-133
4
102
-31
33
-32
-107
-28
-28
-26
82
2
14
-19
-84
-63
-74
-28
-84
-32
-67
-71
-36
-44
-46
14
-97
-44
-52
40
-52
0
-67
-16
62
-70
143
0
113
-8
-10
-104
-42
-11
85
140
234
219
185
272
155
130
91
143
123
191
144
243
82
93
161
89
6
-45
47
-112
-9
-133
2
-115
-75
-154
-119
-66
-133
-76
-247
-65
-146
-223
-102
-79
-121
2
-47
3
-64
-113
-47
-34
-51
24
100
28
-30
-35
-91
-189
-76
-142
-104
-68
-29
53
-48
-35
-54
-164
-170
-176
-60
-4
77
87
149
59
5
-6
-36
-21
113
201
365
340
319
199
144
158
33
157
151
214
271
233
165
107
28
84
-49
-14
-108
-11
56
-66
-31
-69
-158
-180
-138
-172
-63
-184
-13
-52
-80
-10
-123
-116
-212
-147
-115
-150
-14
-29
23
136
-12
53
-49
-23
-73
-49
-29
20
55
-65
-50
-192
-119
-153
-108
-22
-103
-22
-162
-44
-229
-150
-126
21
150
109
200
56
193
-20
50
22
65
173
207
362
287
290
219
189
18
111
10
38
164
145
226
83
84
9
-19
-69
4
-136
-14
-12
-50
-37
4
-59
-88
4
-78
-30
-109
-23
-205
-121
-196
-21
-111
-21
-29
1
-135
-85
-40
-164
0
-64
41
-5
16
-90
42
-140
4
-121
-48
-5
-75
-96
-17
-55
-163
-11
-166
-8
-32
-10
-33
41
0
27
35
116
64
109
93
76
169
39
102
192
68
225
152
143
132
0
89
-31
79
22
15
69
88
-56
54
-146
20
-21
-103
51
-52
54
-88
-49
-93
-29
-9
-79
-1
-2
33
27
20
-79
-20
-118
-110
-2
-35
97
78
153
-71
-4
-57
-56
17
-63
-33
-6
0
-33
24
-69
-68
-34
-59
-70
-28
-112
29
-67
-36
-42
-52
-45
-30
28
-10
87
-103
32
35
20
-7
76
-5
-10
112
23
103
-8
139
56
56
75
72
58
63
90
-49
64
-52
50
-11
-3
83
-25
-4
-32
66
-95
-4
-30
33
-9
-34
52
-49
-8
-85
40
-99
78
13
58
30
49
64
-71
3
-43
8
-62
51
-9
-47
-76
40
-64
-58
-72
-130
-117
-101
-11
-38
7
-33
93
-25
-74
46
-84
90
21
12
61
-49
94
-59
41
5
20
6
-12
-18
38
-39
13
64
-28
114
-39
98
46
-32
52
2
19
92
-12
46
-75
80
33
-38
33
-22
-30
-23
-28
-14
7
-14
31
-20
47
-7
56
-21
19
5
-51
-11
-6
17
38
-57
-58
-64
-80
30
-77
-24
1
47
-41
4
-48
-50
-27
-25
2
18
81
-37
58
9
73
12
6
36
41
21
80
-7
-34
87
-15
3
-66
-20
-50
-55
-15
-26
22
24
19
44
-78
23
31
-67
83
2
76
39
26
59
0
2
-20
-53
19
69
22
45
-27
-73
-91
-72
-18
-20
44
5
-32
-78
-118
-40
-57
-49
0
53
-20
66
52
-62
-10
-60
-8
57
-49
64
10
71
19
33
44
-97
7
-72
55
-36
77
35
63
-29
37
74
-41
137
-27
109
-12
41
73
32
34
-80
36
-57
-47
6
-23
-37
2
-14
-98
-25
-62
-36
-6
-8
-7
-86
19
24
-13
-8
-28
10
19
82
32
48
-10
3
-36
-2
-8
39
53
-45
23
-70
-1
-66
-26
-81
33
16
1
31
-37
-48
-23
-32
-92
-36
-105
40
-16
83
68
39
30
52
-11
-30
-3
3
33
60
106
81
80
43
84
-37
13
20
15
-92
89
-29
25
-29
-29
37
-30
74
-13
24
-44
34
-83
-30
-83
-27
-59
7
-18
18
60
-13
64
-27
-9
-11
-23
-42
7
-92
35
-35
0
52
23
21
-78
9
-104
27
21
-53
99
12
61
-16
-13
-59
-75
-95
-5
41
-16
95
-21
84
-29
5
-89
-76
3
0
26
67
77
79
9
-49
-58
-105
38
-46
48
119
51
105
-9
13
-55
-114
-78
-119
39
0
100
84
26
31
51
-16
-56
-34
-70
60
6
76
78
65
-62
-53
-90
-64
31
-16
48
96
-17
19
-36
-72
-29
-117
47
-23
100
65
72
-12
-16
30
-72
52
-24
57
-31
37
-94
-64
12
-40
12
-22
2
-2
41
-66
-7
3
-71
-3
9
21
24
-16
8
-19
-11
6
58
-20
32
23
-24
-25
-14
-51
6
20
35
34
-8
74
-24
59
3
26
51
9
61
66
20
10
1
-57
-82
37
-58
11
29
-27
-16
-28
24
-104
-30
-95
27
63
-23
91
10
-13
3
-22
-57
13
-23
52
60
-37
107
6
14
-26
-69
-37
-51
23
-19
-12
47
-30
-55
-8
-23
-22
-34
-3
14
67
-21
14
-19
23
-18
49
-16
14
16
-38
-61
-53
48
-15
63
32
23
38
4
-34
85
-69
0
-58
-5
-57
14
5
-4
62
24
98
-56
29
-47
49
-64
36
8
40
13
5
22
-65
5
-39
-47
-16
-7
-19
6
-3
49
-18
61
7
16
-11
-45
22
-18
-4
7
64
50
19
15
13
-33
-34
-20
-46
-3
11
40
34
-3
10
-15
-41
-54
-21
6
13
16
35
7
-7
-55
-58
-23
-90
-47
-26
53
43
118
39
-10
-5
-19
32
-56
38
15
28
-8
7
-35
2
8
6
-19
-2
59
18
41
-40
-37
-34
-16
-26
53
42
31
29
33
21
-75
-29
-95
55
-24
64
101
-10
-20
1
47
-57
13
-78
6
-29
38
21
-4
-12
-63
16
-39
6
14
-15
8
39
-30
30
-45
-36
29
30
53
-7
44
-9
-9
-119
-26
-101
-45
7
48
42
35
38
17
51
-50
14
-95
38
-11
14
7
46
-8
-54
86
-22
67
2
14
1
-13
-27
-22
-13
-31
-55
0
38
77
72
24
-20
-20
-37
-60
33
-2
18
52
11
9
-14
-57
9
-91
-25
-36
22
-7
71
7
-73
-13
-35
-33
4
67
10
84
63
58
20
-48
-22
-12
-20
-7
35
25
-1
65
-5
-54
-9
-24
-56
22
11
5
-22
-102
-4
-90
-52
40
23
65
81
94
30
-37
-12
-26
-89
-62
-33
4
78
5
77
-8
21
-26
2
16
-20
84
-16
38
-41
-42
-79
-59
44
23
73
48
31
15
-31
-6
16
18
54
-8
-43
-16
-56
-68
-26
-69
59
48
33
6
-28
-22
-69
-49
-84
28
24
94
94
59
-2
3
-14
-43
-26
42
50
52
50
17
42
-38
-18
-70
-33
-60
7
-14
16
-7
-67
-40
-63
-22
-45
38
-48
83
44
34
80
-79
-52
-27
14
-5
62
37
57
12
11
23
-57
-29
-31
13
-24
31
15
5
-18
30
17
3
-8
-15
-21
-68
-21
-24
-40
8
32
27
37
10
21
-61
-6
-33
19
-2
-1
29
-19
13
-22
61
25
27
27
40
13
19
22
6
26
-73
0
11
-48
21
-5
33
-2
19
2
-85
-85
-87
5
-28
56
58
65
53
73
8
-88
-6
-31
-5
22
97
65
46
36
-9
-9
-46
-42
-59
5
-17
34
-44
31
5
-15
14
-16
-6
-26
-33
-131
-74
-70
-29
-31
6
44
67
13
-35
-12
-94
-57
6
14
68
116
97
54
81
-22
-4
-12
-60
14
18
18
33
92
-7
35
34
-49
-21
-48
-2
-41
8
-33
-32
-8
-59
-5
-7
-2
1
-9
21
30
-19
-19
-38
1
-4
-22
-30
55
16
19
74
-9
86
2
13
23
-42
-21
2
-16
-14
6
-7
7
-11
-34
22
-36
6
19
25
40
81
29
-42
-33
-19
-57
-105
-51
-52
43
-18
100
25
68
-47
-22
-126
-99
55
18
114
56
158
41
89
-51
-30
-35
-12
19
3
111
68
77
-62
-68
-140
-145
-112
-50
4
77
75
42
34
-107
-86
-141
-106
-26
48
87
119
88
87
4
-57
-24
-66
16
19
76
100
41
-27
-48
-37
-102
-23
0
61
60
109
33
1
-46
-38
-39
-54
50
16
108
7
18
-31
-38
-62
-70
-46
-41
27
-11
-13
42
47
-19
13
-1
-3
28
33
61
1
-15
-27
-11
-32
-1
38
33
11
39
3
-45
-37
-67
-25
-51
-13
-18
-36
-61
12
-9
-8
-4
32
41
7
85
22
8
1
34
2
54
137
55
41
39
22
-33
-55
-97
-87
-77
-96
-2
-31
-24
24
-16
-23
-49
-44
-49
-27
25
32
83
83
100
50
10
-9
16
23
56
74
37
69
-11
-9
-76
-54
-58
-4
-41
2
28
5
-4
-82
-26
-97
-56
-42
-21
21
95
78
52
17
-31
-42
-68
-38
-31
33
49
49
23
32
6
-19
-25
-32
-15
14
28
41
25
-11
6
0
-22
-12
-28
-23
-13
-11
4
24
4
-3
23
11
-4
4
13
7
5
7
-46
-19
-22
-27
24
18
34
57
41
8
10
-32
-37
-61
-69
-16
6
54
74
103
92
91
35
-29
-50
-58
-24
-26
23
45
38
-16
1
-46
-67
-99
-107
-99
-58
-25
-29
22
17
12
25
19
17
57
52
58
22
19
13
20
0
0
16
3
37
22
4
-34
-29
-63
-34
-49
-26
19
-5
15
13
-47
-66
-20
-40
-27
0
28
18
30
7
19
-12
-17
-25
-48
-13
-8
34
37
48
53
40
32
17
18
-2
-3
-11
-2
5
13
52
49
46
20
8
2
-16
-5
1
10
11
5
9
-19
-29
-39
-46
-43
-36
-22
-35
1
-10
-10
-4
-7
4
5
11
5
38
14
6
17
6
8
26
62
58
63
20
12
-15
-21
-35
-65
-49
-32
-10
-15
0
5
-7
-40
-26
-33
-29
-7
-20
14
27
30
26
19
-14
-19
10
9
45
33
32
30
36
8
10
-18
-20
-17
-6
4
-26
-9
-44
-49
-67
-42
-52
-36
-16
-10
-6
-2
11
14
40
29
42
29
37
28
17
-1
-7
8
10
28
15
15
-5
-3
-19
-23
-16
-17
-4
10
13
14
19
17
9
-1
-14
-4
-15
-26
-6
1
-1
21
27
15
9
-8
-36
-35
-36
-13
19
29
28
26
22
3
-20
-30
-20
-21
-12
-17
-4
-11
8
7
8
1
1
2
0
0
-11
-12
-8
5
-11
10
32
29
37
53
35
10
5
-16
-26
-28
-18
4
2
11
2
-13
-31
-49
-28
-44
-16
-5
18
18
22
16
11
13
8
24
18
47
45
41
35
20
16
-4
-16
-20
-17
-10
0
-2
1
-2
-21
-23
-24
-21
-22
-9
-16
2
6
0
12
-7
-9
-10
-16
-6
5
20
25
21
4
-9
-6
-28
-28
-34
-19
-17
-9
4
5
19
6
5
2
-8
3
3
10
9
16
-2
10
18
3
11
8
6
-2
-16
-16
-10
-19
-19
-12
-23
-15
-12
-12
-20
-25
-24
-14
-15
-7
-4
-1
-5
12
19
25
38
40
44
36
40
23
30
28
35
40
44
42
36
25
13
5
-7
-11
-19
-11
-9
7
-3
-7
-18
-18
-16
-2
-4
0
1
-3
-3
-8
-15
-28
-13
-19
-13
-9
-8
-14
-25
-30
-43
-41
-41
-38
-30
-28
-20
-20
-22
-33
-34
-19
-11
-13
1
3
12
16
13
10
3
3
9
21
28
42
56
60
55
47
27
2
4
-9
-1
9
21
21
28
25
13
7
-3
-8
-20
-14
-17
-5
-4
13
12
11
17
10
13
12
12
11
13
10
17
21
31
33
29
19
15
4
-8
-12
-14
-21
-23
-22
-27
-28
-38
-46
-56
-60
-73
-80
-74
-67
-62
-52
-37
-27
-19
-15
-15
-12
-14
-5
-2
5
13
25
36
39
47
48
46
39
36
30
32
33
42
48
52
56
53
43
28
25
7
0
5
6
16
29
36
30
31
18
5
-9
-19
-22
-13
-4
0
8
-3
-14
-28
-38
-47
-43
-44
-35
-33
-32
-34
-34
-40
-46
-48
-49
-43
-43
-38
-41
-37
-40
-44
-47
-47
-44
-38
-21
-17
4
11
14
15
14
12
12
18
24
36
41
50
50
51
52
55
55
61
68
67
70
72
71
73
72
71
68
58
56
53
52
47
48
43
36
27
21
5
-8
-13
-17
-22
-26
-25
-35
-45
-63
-76
-87
-95
-97
-92
-82
-71
-61
-57
-53
-52
-51
-51
-50
-47
-49
-42
-37
-28
-25
-14
-7
-2
0
1
0
-3
-10
-13
-17
-17
-10
-9
0
3
8
9
10
5
8
8
10
16
25
36
40
44
42
46
42
44
47
51
51
56
57
53
45
39
32
22
20
17
18
15
13
6
1
-6
-11
-11
-14
-13
-14
-11
-15
-16
-13
-15
-10
-12
-9
-11
-8
-8
-9
-6
-5
0
0
3
0
1
-6
-8
-13
-15
-14
-13
-10
-10
-6
-9
-9
-17
-17
-26
-26
-28
-25
-24
-20
-15
-17
-13
-14
-11
-10
-7
-8
-6
-8
-8
-8
-6
-3
3
9
14
18
21
21
22
24
26
28
30
30
31
34
35
37
37
37
36
34
34
30
30
28
25
24
22
18
10
6
-3
-9
-13
-16
-15
-14
-13
-14
-17
-23
-31
-33
-40
-40
-39
-38
-34
-33
-29
-31
-29
-29
-29
-28
-29
-29
-28
-24
-19
-13
-5
-1
5
6
7
6
4
4
4
7
10
13
13
14
12
10
7
7
4
4
3
4
3
2
1
1
2
2
6
9
14
16
18
17
15
13
9
9
6
8
9
11
14
14
14
9
7
-1
-5
-9
-12
-11
-11
-8
-7
-3
-6
-6
-7
-9
-7
-4
2
8
16
20
22
26
22
22
20
17
18
14
13
8
9
4
3
-1
-4
-8
-13
-16
-19
-18
-20
-18
-15
-15
-14
-15
-18
-20
-21
-23
-22
-20
-20
-19
-15
-14
-11
-11
-8
-9
-6
-8
-6
-3
-1
3
8
11
15
19
21
23
25
25
24
25
23
21
21
20
19
18
19
17
15
11
7
2
-4
-7
-9
-9
-9
-7
-6
-5
-5
-5
-6
-5
-6
-4
-4
-3
-4
-3
-4
-4
-6
-7
-9
-10
-10
-10
-10
-10
-8
-9
-9
-9
-9
-9
-9
-8
-8
-8
-7
-6
-3
-2
-2
0
-1
-1
-4
-3
-4
-3
-3
-2
-3
-1
-3
-3
-3
-2
-1
0
4
4
9
8
9
8
7
6
6
9
12
16
20
22
21
20
14
11
6
5
5
7
9
9
8
4
0
-3
-5
-5
-4
-5
-4
-7
-9
-12
-14
-14
-15
-11
-10
-8
-5
-1
1
5
7
9
9
7
6
5
4
5
8
10
12
12
11
9
4
0
-4
-7
-10
-11
-11
-9
-8
-8
-7
-9
-10
-12
-13
-16
-13
-13
-10
-8
-5
-4
-4
-4
-5
-4
-5
-2
-2
2
2
3
3
3
4
4
5
6
7
8
7
8
6
7
7
7
6
6
3
4
1
1
1
3
4
6
6
5
4
1
-1
-4
-4
-5
-3
-4
-1
0
2
2
3
4
3
3
2
3
3
5
6
6
6
7
5
3
2
2
0
0
-1
-2
-3
-5
-7
-9
-10
-13
-14
-15
-16
-17
-16
-17
-15
-14
-13
-12
-9
-8
-6
-4
-1
2
4
8
9
13
12
15
15
17
17
18
16
15
12
11
10
8
8
7
6
3
0
-4
-8
-12
-14
-14
-13
-11
-9
-6
-7
-7
-9
-9
-9
-7
-5
-2
2
3
5
5
5
5
7
9
10
13
14
13
12
9
7
4
3
3
3
3
3
1
1
0
-2
-3
-4
-4
-4
-5
-5
-4
-4
-4
-4
-4
-4
-4
-5
-4
-4
-5
-4
-4
-3
-3
-3
-2
0
0
1
2
3
3
2
2
1
1
-1
0
0
-1
-2
-3
-4
-4
-5
-6
-6
-4
-2
-1
1
2
3
2
2
1
1
0
2
4
6
7
7
8
7
5
4
2
1
1
1
1
2
1
1
1
-1
0
1
1
1
1
1
1
1
1
1
1
1
2
1
0
0
-1
-2
-3
-2
-4
-4
-3
-3
-3
-2
-2
-2
-1
0
-1
0
-1
-2
-2
-2
-1
-1
0
1
1
1
0
-1
-3
-4
-5
-5
-5
-4
-4
-3
-4
-4
-4
-5
-4
-2
-1
0
2
4
5
5
5
4
5
4
5
6
7
7
7
6
5
4
3
3
3
1
1
-1
-2
-2
-3
-4
-4
-3
-4
-3
-3
-3
-2
-2
-1
0
0
2
3
3
3
4
4
4
3
5
4
3
3
3
2
1
-1
-1
-1
-2
-3
-4
-4
-5
-5
-5
-4
-4
-3
-2
-2
-1
-1
-1
-1
-1
0
1
1
1
1
2
1
1
1
2
2
1
1
0
0
0
0
-1
0
-1
0
-1
-1
-1
-1
-1
-2
-2
-1
-1
-1
-1
-2
-2
-1
-2
-2
-1
-1
-1
-1
-1
-1
-2
-2
-1
-2
-1
-1
-1
0
0
0
0
0
1
2
2
3
2
3
3
3
3
3
4
3
3
3
2
2
2
2
1
0
1
0
0
0
0
0
0
0
1
0
1
0
0
1
1
1
2
1
1
1
1
1
1
0
0
-1
-1
-1
-2
-2
-3
-3
-2
-2
-3
-3
-3
-3
-3
-3
-2
-2
-2
-1
-1
-1
-2
0
0
0
0
1
1
0
1
1
1
0
1
1
1
0
0
1
0
0
-1
-1
-1
-1
-1
-1
-1
-1
-1
-1
-2
-2
-1
-1
0
0
-1
0
0
1
1
1
2
1
2
3
2
3
3
3
3
2
2
3
2
3
2
2
2
1
1
1
0
0
0
0
0
0
-1
-1
0
-1
0
-1
0
-1
0
-1
0
0
0
-1
-1
0
-1
-1
-2
-1
-1
-2
-1
-1
-1
-1
-1
-1
0
-1
0
0
0
0
-1
1
0
0
0
0
0
0
0
0
-1
0
-1
0
-1
-2
-1
-1
-2
-2
-2
-1
-1
-1
-1
-1
0
0
0
0
1
1
1
1
2
2
1
2
2
2
2
2
1
1
1
1
0
0
0
0
0
-1
0
0
0
-1
0
-1
0
0
0
0
0
0
1
0
0
1
0
0
1
1
0
0
1
0
0
0
0
-1
0
0
-1
-1
-1
-1
-1
-2
-2
0
-1
-2
0
0
0
0
-1
0
0
1
1
0
0
1
0
1
1
1
0
1
0
1
0
0
0
0
1
0
-1
0
-1
0
1
0
0
-1
0
0
0
0
-1
0
0
0
0
0
0
0
1
1
1
1
0
1
0
0
1
0
1
0
-1
0
0
1
0
0
0
0
0
0
-1
0
-1
-1
0
0
0
0
0
0
1
0
1
0
0
0
1
0
0
1
1
1
1
0
0
0
1
1
0
0
0
0
-1
-1
-1
-1
0
-2
-1
-1
-1
-2
-1
-1
-1
-1
-1
-1
0
0
0
0
1
1
0
1
1
1
1
1
1
1
1
1
1
2
1
1
1
0
1
1
0
1
0
0
0
-1
0
-1
0
-1
0
0
0
0
0
-1
-1
-1
-2
-1
0
-1
-1
-1
0
0
0
0
0
0
0
0
1
0
0
0
0
0
0
0
1
0
1
1
1
1
0
0
1
1
1
1
1
0
0
1
1
0
0
1
0
0
0
0
1
0
0
-1
0
-1
-1
-1
0
0
0
-1
0
-1
0
-1
-1
-1
0
0
0
0
0
1
0
1
0
0
0
1
0
-1
0
0
0
0
-1
0
0
0
-1
0
0
0
0
0
0
0
0
0
-1
0
0
0
0
-1
0
0
0
0
0
1
0
0
0
0
1
0
0
1
1
1
0
0
0
1
0
0
1
1
1
1
0
-1
0
0
0
0
-1
-1
0
-1
0
-1
0
0
0
0
0
0
-1
-1
0
-1
-1
0
0
0
0
0
0
0
0
0
0
0
0
0
0
0
1
0
1
0
0
0
1
0
1
0
0
0
0
1
0
0
-1
0
0
-1
0
-1
0
0
0
0
-1
0
0
0
0
0
0
1
-1
0
0
0
0
0
0
0
-1
0
-1
0
0
0
0
0
-1
0
0
-1
0
-1
0
0
0
0
0
0
0
0
0
0
0
1
0
0
0
1
0
1
0
-1
-1
-1
1
0
1
1
0
0
0
-1
0
0
1
-1
0
1
0
0
0
0
0
0
0
-1
0
0
0
0
0
0
0
0
0
0
0
0
0
