-1
0
0
-1
0
0
0
0
0
0
0
0
0
0
0
1
0
0
0
0
-1
-1
0
-1
0
0
0
-1
0
0
0
0
1
1
-1
0
0
-1
-1
0
0
-1
0
0
-1
0
0
-1
1
-1
0
0
-1
0
0
0
0
0
0
0
1
0
0
-1
1
1
0
0
0
0
0
0
0
0
0
1
0
0
0
0
0
0
-1
0
0
-1
0
0
1
0
0
1
0
0
0
1
0
0
0
0
0
0
1
-1
0
0
0
1
0
-1
0
0
0
0
0
-1
0
0
0
0
1
0
0
1
0
0
0
1
0
0
0
0
0
1
0
0
0
0
0
0
0
1
0
0
0
0
-1
0
0
-1
-1
0
-1
0
0
0
1
1
0
0
0
-1
1
0
0
0
0
1
0
1
0
0
1
1
0
0
0
0
0
-1
0
0
0
-1
0
0
1
0
0
0
0
1
0
1
0
0
0
0
-1
0
0
0
0
0
-1
0
0
0
1
1
0
0
-1
0
0
1
0
0
-1
1
0
0
0
0
-1
0
0
0
0
0
0
0
0
0
0
0
1
0
0
0
-1
0
1
0
0
1
-1
0
-1
-1
0
0
0
0
0
0
0
0
-1
0
-1
1
0
1
1
0
0
0
0
0
0
0
0
0
0
0
0
0
0
1
0
-1
0
0
0
0
0
0
-1
0
0
-1
0
0
0
0
0
0
0
1
1
0
0
0
0
0
0
0
-1
0
0
0
0
0
0
-1
-1
0
0
0
0
0
1
0
1
-1
0
0
-1
0
0
0
1
0
0
0
0
0
0
0
1
0
1
0
0
0
-1
-1
0
0
0
0
1
0
-1
0
0
0
0
1
0
-1
0
0
0
0
0
1
0
0
0
0
0
0
0
0
0
0
1
0
0
0
0
0
0
0
0
0
0
0
0
0
-1
-1
0
0
0
0
0
0
-1
0
0
-1
0
0
0
0
0
0
0
0
0
0
0
0
0
0
0
0
0
-1
0
0
1
0
0
-1
1
0
0
0
0
0
0
0
0
0
0
-1
1
0
0
-1
0
0
0
1
0
-1
0
0
0
0
0
0
0
1
-1
0
0
0
-1
-1
0
0
0
1
0
0
0
0
0
1
0
-1
-1
0
0
0
0
0
0
0
-1
0
-1
0
1
0
0
0
0
1
0
0
0
0
0
-1
-1
0
0
0
0
-1
0
1
0
1
0
0
0
0
-1
0
0
0
-1
0
0
0
0
0
0
0
0
-1
0
0
0
1
0
1
0
-1
0
1
0
0
-1
0
0
0
0
0
0
1
0
1
0
0
0
0
0
1
0
1
0
0
0
1
0
0
0
0
0
-1
0
0
0
0
0
0
0
0
0
-1
0
0
0
0
0
0
0
0
0
0
1
0
1
0
0
1
0
0
1
0
0
1
0
0
1
0
0
0
0
0
0
0
0
0
0
0
1
0
0
-1
0
0
-1
0
-1
0
0
1
1
0
0
0
-1
0
0
0
0
0
0
1
0
0
-1
0
0
0
0
-1
0
1
0
0
0
0
0
-1
0
0
0
0
0
0
0
1
0
0
0
0
0
-1
0
0
0
0
0
1
0
0
0
0
0
0
0
1
0
-1
0
-1
1
0
0
0
0
-1
0
-1
0
0
0
0
-1
1
0
0
0
1
0
-1
0
1
1
0
-1
0
0
0
0
0
0
0
0
-1
0
0
0
0
1
-1
0
0
-1
0
0
0
0
0
1
1
0
0
0
-1
-1
0
0
0
1
0
0
0
0
0
0
1
0
0
-1
0
0
1
0
0
0
0
0
1
0
0
-1
0
0
0
0
0
0
0
0
1
0
0
0
0
0
0
0
0
1
0
0
0
0
0
0
-1
0
0
0
0
1
0
0
1
0
0
0
1
-1
0
-1
0
0
0
1
0
0
0
0
0
0
1
0
0
0
0
0
0
0
0
0
-1
0
0
0
1
0
0
0
1
0
0
0
0
0
0
0
0
0
0
1
0
1
0
-1
0
0
-1
0
0
0
-1
0
0
0
-1
0
-1
1
-1
1
0
0
0
0
0
1
0
1
0
0
0
0
0
0
0
0
0
0
0
1
0
0
-1
0
0
0
0
0
0
0
0
0
0
-1
0
0
1
0
0
-1
0
0
0
0
0
0
0
0
-1
0
1
0
0
0
0
1
0
0
0
0
0
-1
0
0
-1
0
0
0
0
0
0
0
0
0
0
0
1
1
1
1
0
0
-1
1
0
0
0
0
0
0
0
0
0
0
0
0
1
0
0
1
0
1
0
0
1
0
0
0
0
1
0
0
-1
0
0
1
1
0
0
-1
0
-1
-1
0
0
0
1
1
0
-1
0
1
0
0
0
0
1
0
1
-1
0
1
0
0
0
-1
0
0
0
1
0
-1
0
-1
-1
0
0
1
0
0
0
1
1
0
0
1
1
-1
0
-1
0
0
0
1
0
0
0
0
-1
0
0
-1
0
0
-1
-1
1
0
0
0
0
-1
0
1
0
0
0
-1
1
0
1
0
1
-1
0
0
0
-1
0
0
0
0
0
0
0
0
0
0
0
0
0
0
0
0
0
1
0
0
0
0
1
0
0
0
0
0
0
0
0
0
0
0
0
0
0
0
0
0
0
0
0
1
0
0
0
0
-1
0
0
1
0
0
0
0
0
-1
0
0
0
0
0
0
-1
0
0
-1
0
0
0
-1
0
0
0
0
-1
0
0
0
0
0
0
0
0
0
0
0
0
0
0
0
-1
0
0
0
-1
0
-1
0
-1
0
0
0
0
1
0
0
0
0
-1
1
0
0
0
0
0
1
0
0
0
0
0
0
1
0
0
0
0
-1
0
-1
0
0
0
0
0
0
0
0
0
0
0
0
0
0
0
0
0
1
0
1
1
0
1
0
0
0
0
0
1
0
1
0
0
0
1
0
0
-1
0
0
1
0
-1
0
0
0
0
-1
-1
1
0
0
1
0
0
1
0
0
0
-1
1
0
0
0
0
0
0
-1
0
0
0
0
0
0
0
0
0
0
0
0
0
0
0
0
0
0
0
0
-1
0
-1
0
-1
0
0
0
0
0
-1
0
-1
1
0
0
0
0
0
-1
0
-1
0
-1
0
0
0
0
-1
0
-1
0
1
0
0
0
0
0
0
1
0
0
0
0
0
0
-1
0
0
0
0
0
0
0
0
1
0
1
1
0
0
0
0
0
0
0
0
0
0
1
0
1
0
0
0
0
0
0
0
1
0
0
0
1
0
1
1
0
0
0
0
-1
0
0
1
0
0
0
0
0
0
0
0
0
0
0
0
0
-1
0
0
0
0
0
0
0
0
0
-1
0
1
0
0
0
0
0
0
0
-1
1
0
0
0
1
0
1
0
0
0
0
0
0
0
-1
0
1
0
0
0
1
0
0
0
0
-1
1
1
0
0
1
0
0
0
0
0
0
0
0
-1
0
0
0
0
1
0
0
0
0
0
0
-1
-1
1
0
0
1
0
0
-1
0
-1
1
0
1
0
0
0
0
1
-1
0
0
0
0
0
0
0
0
0
0
0
0
0
0
-1
0
0
0
0
1
0
0
0
0
0
0
0
0
-1
0
0
0
-1
0
0
1
0
-1
0
0
0
0
1
1
1
0
0
-1
0
0
-1
0
0
0
0
-1
0
0
0
0
0
0
1
0
0
0
0
0
1
0
0
0
0
0
0
0
-1
1
-1
0
-1
0
0
0
0
-1
0
0
0
0
0
0
0
0
0
1
0
0
0
0
0
0
0
0
0
0
0
0
0
0
-1
0
0
0
1
0
0
0
0
-1
0
-1
0
1
0
0
1
0
0
0
0
0
0
0
0
0
0
1
-1
0
-1
0
0
-1
0
0
0
0
-1
0
0
0
0
0
1
0
0
0
0
0
0
0
-1
0
0
0
0
0
0
-1
0
0
0
0
0
0
-1
0
-1
0
0
0
0
1
0
0
0
0
0
0
0
0
0
0
0
0
1
0
0
0
0
1
0
-1
0
1
0
0
0
0
0
0
0
-1
-1
0
0
0
1
0
-1
0
0
-1
0
0
0
-1
0
0
1
0
0
0
0
0
0
1
0
0
0
0
1
0
0
0
1
1
0
0
0
0
0
0
1
0
1
0
0
0
1
0
0
0
-1
1
1
0
-1
0
0
0
0
0
0
0
0
0
0
0
1
0
1
0
0
0
0
0
-1
0
1
0
0
-1
0
-1
0
0
-1
0
0
0
0
0
0
0
0
0
0
0
0
0
0
0
0
0
0
0
0
0
0
0
0
0
0
0
0
0
0
0
0
0
-1
0
0
0
0
0
0
0
-1
0
0
0
0
0
0
0
0
0
0
0
0
0
0
0
0
0
0
0
0
0
0
1
-1
0
0
0
0
0
0
0
1
0
0
0
0
0
-1
0
0
0
0
0
0
0
0
0
0
-1
-1
-1
-1
0
-1
0
0
0
0
0
0
-1
-1
0
-1
0
0
0
-1
0
0
0
0
0
0
0
1
0
0
0
0
0
0
0
0
0
0
1
1
0
0
0
0
0
0
0
0
0
0
0
1
0
0
0
0
0
1
1
0
0
0
0
0
-1
0
0
0
0
0
0
1
0
0
1
0
0
0
1
0
0
1
0
1
1
0
0
0
0
0
0
0
0
0
0
1
0
1
1
-1
0
0
0
0
0
0
0
0
0
0
0
1
0
0
1
0
0
0
1
0
0
0
-1
0
0
0
0
0
0
0
0
0
0
1
0
0
0
-1
-1
0
0
0
0
0
0
0
0
0
0
-1
0
1
0
0
0
0
0
0
0
-1
0
1
0
0
0
0
-1
0
-1
-1
0
0
0
0
1
0
0
0
0
0
0
0
0
1
1
0
1
-1
0
0
0
0
0
0
0
0
0
0
0
0
1
0
0
0
0
0
0
0
0
0
0
0
0
0
0
0
-1
1
0
1
0
0
1
0
0
0
0
0
1
-1
0
0
0
0
0
1
0
0
-1
0
0
0
-1
1
0
0
1
-1
-1
0
0
0
0
0
0
0
0
0
0
0
-1
0
0
0
0
0
0
0
0
1
0
-1
-1
0
0
0
-1
0
0
0
0
1
-1
0
0
0
0
-1
0
0
0
0
0
0
0
0
0
0
0
0
0
0
-1
0
0
0
0
0
-1
0
0
0
1
0
-1
0
0
0
0
0
-1
1
0
0
1
-1
0
0
1
1
0
1
0
-1
-1
0
1
-2
1
3
0
1
-2
-2
2
1
1
2
0
-5
1
-2
0
4
0
-2
0
-2
0
2
4
3
-2
1
0
-6
-2
3
-5
-1
1
-3
1
3
0
-3
4
1
-1
1
-1
-1
-2
0
-1
2
5
-4
1
2
-6
-1
3
-2
-2
4
2
-2
2
-4
4
-1
1
9
-5
-4
1
-2
-9
5
1
-4
5
-7
-14
11
7
-4
6
8
9
-17
3
4
-1
-7
-1
2
7
2
-6
3
-6
-7
4
4
8
7
-12
-9
-4
-1
-5
12
9
-9
-11
3
8
0
-3
4
15
-14
-10
10
7
-11
-13
-2
7
13
7
6
20
-8
-21
-4
-4
-5
-2
9
-10
3
-1
-5
0
6
-6
-9
14
11
-9
7
23
-14
-10
6
-7
-20
12
13
-5
14
24
-31
-15
21
-16
-26
15
18
-21
5
14
10
-2
8
-9
-20
7
-15
-23
39
31
-24
-16
27
-5
-27
26
15
-24
-10
6
-14
9
2
-8
2
19
-14
1
21
-3
-1
-15
8
-9
10
-11
6
9
-9
1
8
-7
-15
27
-22
-1
5
-12
-16
43
10
-12
15
15
-39
-29
48
-10
-34
37
17
-36
19
-5
-12
-2
-26
-10
21
5
3
28
7
-23
13
-7
-17
20
27
-46
7
43
-30
-24
11
16
-24
30
8
-7
-7
-21
-13
-2
10
5
47
-14
-14
-15
-10
-12
9
1
9
31
-42
22
45
-26
-35
38
-4
-40
21
13
2
-6
12
-15
-10
-6
-1
-5
27
7
-34
16
10
-38
-10
32
-27
-11
23
40
-8
3
-8
2
-6
-26
25
39
-29
-22
46
-17
-26
16
17
-33
20
-15
-27
6
17
-15
-3
26
-16
-7
10
25
-19
6
17
-15
-10
4
13
-15
10
0
10
-21
-16
34
-3
-13
8
14
-30
-1
32
0
-3
0
-3
-22
-27
32
-9
7
17
-23
-3
9
10
-23
19
23
-32
-14
-3
35
-37
18
-10
-25
-2
18
38
4
-19
30
1
-46
0
41
-3
-15
39
4
-8
-15
-15
-16
2
23
-32
25
11
-12
-40
-21
40
26
-48
-34
98
-21
-65
57
57
-34
-27
30
-14
-3
-44
26
16
20
-28
-13
39
3
-45
-4
30
-30
-4
37
19
-25
-6
-17
16
-11
16
-22
39
-2
-41
27
7
14
-12
-4
2
-7
-19
-32
15
49
-24
6
33
-15
-20
28
-19
-47
54
15
-26
-5
48
-12
-47
13
7
-5
-1
19
-19
14
2
-19
-28
28
-7
-31
-2
65
26
-68
0
85
-57
-75
63
52
-52
-3
28
8
3
-55
34
0
-11
2
-17
-7
25
20
-53
53
23
-36
-49
58
31
-98
38
22
-15
-34
42
16
-6
-6
-40
58
-38
-31
52
9
-15
28
6
-44
-20
21
-19
-45
85
11
-48
-7
71
-43
-30
20
43
-18
-52
67
37
-39
-29
13
-9
-5
-5
21
64
5
-75
-2
69
-87
-111
88
17
-70
37
51
37
1
-91
55
31
-98
2
115
-2
-62
55
22
-46
-54
26
-5
38
-42
27
29
-12
-41
3
16
24
-58
-40
84
-13
-28
20
70
-68
-37
22
16
-17
-1
27
32
-22
-42
89
10
-89
1
67
-51
-62
59
32
-49
9
17
-15
-2
-16
-55
77
0
-78
58
-2
38
-104
35
59
29
-56
8
97
-92
-21
6
70
-63
8
65
-20
-41
-2
39
-50
14
40
-13
8
-12
-24
30
10
-101
-46
140
-89
-13
111
-10
-14
-24
8
-37
46
-63
-25
56
-2
29
-17
88
-55
23
-31
-10
-5
12
-10
5
23
-43
58
-15
-22
-1
57
-87
-1
51
-67
-48
131
-50
-86
151
-34
-116
85
-21
-27
59
2
-10
55
-24
-31
80
-76
-10
34
-18
14
29
-18
-47
5
-36
19
52
0
-80
100
-47
-62
69
25
-28
-40
23
7
65
-53
59
-5
-47
-25
-35
16
49
19
-65
84
-27
-79
60
11
-40
-40
82
-33
58
-46
-8
9
-12
49
-111
4
83
22
-84
51
94
-35
-81
29
105
-91
-122
163
1
-83
35
31
-74
-12
108
-76
12
-8
-35
14
33
12
-78
100
8
-53
-67
120
19
-159
30
97
41
-135
48
120
-153
-22
35
62
-39
-3
17
14
-25
-9
0
-57
142
-35
-49
-63
134
-19
-106
40
112
-51
-73
105
-98
51
-44
-9
-85
104
27
-64
57
48
-63
-105
188
-145
24
111
-1
-148
132
11
-60
31
-17
35
-50
24
-127
194
-41
-70
-1
149
-90
-127
194
-81
-91
-53
152
-43
-12
8
10
39
-40
-76
65
123
-134
-52
108
25
-172
68
94
-18
10
-89
81
-46
4
18
26
39
-99
110
-53
48
-113
83
51
-210
88
108
-57
-45
23
28
-93
-1
23
-62
176
-83
25
8
57
-94
-64
113
-80
70
-99
153
-79
-11
141
-31
-135
5
74
-45
-117
121
106
-128
11
81
-23
-109
-19
64
-26
39
-73
56
34
69
-19
-19
-65
52
-23
-201
217
40
-130
-15
275
-173
-134
195
-105
-47
39
149
-213
50
171
-150
-14
66
-43
-38
36
68
-43
32
8
-10
-13
-84
126
-92
-87
140
13
-55
20
143
-171
-20
124
-73
-28
-17
95
-118
7
22
26
-144
171
-42
-131
176
-24
-27
-12
199
-227
24
110
-111
60
23
56
-118
129
-81
-55
70
-18
50
-117
-19
53
-18
8
28
-32
4
-31
39
-2
5
77
-119
54
-120
189
-139
-6
205
-166
56
22
84
-189
16
13
1
80
-92
43
82
-92
25
-92
95
-50
20
-117
128
25
-165
228
-99
61
-95
188
-157
-6
86
-8
-155
97
118
-165
179
-133
61
-102
74
-113
69
54
-94
-37
79
153
-257
103
97
-151
-18
-38
191
-80
2
178
-196
52
-21
-62
-85
54
173
-83
36
19
13
-134
55
27
-101
101
26
-83
-49
174
-72
-2
-3
73
-67
14
-109
110
10
-197
350
-312
-41
315
-43
-229
169
92
-277
62
26
87
-93
131
-86
126
-88
-111
179
-144
1
29
50
-198
254
-123
-2
104
-25
-67
-41
240
-239
3
-18
111
-156
136
67
-109
34
-27
45
-1
102
-225
179
-105
-61
29
141
-50
-94
148
7
-166
-15
151
-197
119
-17
-69
134
-32
9
-36
132
-151
22
-107
204
-77
-87
181
9
-36
-123
190
-59
-196
79
143
-194
169
19
-115
6
-174
134
-23
42
171
-114
-110
79
-56
-125
282
-105
-62
85
109
-59
-40
34
61
-197
33
59
4
-201
198
261
-376
180
52
-260
99
42
-36
-74
87
2
-16
-62
101
55
-251
314
-19
-161
84
164
-159
-21
48
-97
31
-28
1
43
-32
87
-46
-78
57
40
-67
-102
221
-127
-69
145
23
-183
-27
228
-227
83
150
-70
-8
-34
89
-62
-137
113
-5
13
-44
186
-40
-130
162
0
-88
71
9
-124
-65
126
-115
-21
106
-15
57
-14
-18
14
-155
1
120
-186
129
164
-76
-41
-37
-12
-11
-201
369
-61
-125
217
-210
25
34
76
-16
-150
159
-132
-8
193
-196
171
-37
-12
-102
110
-88
5
37
-94
196
-107
6
46
-13
89
-150
14
64
-187
157
-52
-9
-67
109
-7
-92
247
-202
-22
153
-164
108
-10
31
-99
12
184
-55
-57
28
43
-311
428
-242
21
108
-97
36
-36
59
-140
4
-24
61
-11
-40
96
1
-44
-16
41
-57
119
-84
-23
150
-32
28
-117
180
-71
-130
13
97
-74
-38
163
-229
214
-158
73
20
-65
-146
164
35
-41
-78
115
-63
-81
-25
161
19
-123
-26
235
-176
-56
225
-99
-123
176
-9
-115
131
14
-270
274
-88
17
-6
164
-220
-3
77
134
-112
-177
323
-229
-200
357
-30
-319
338
-206
48
124
-309
306
-152
-109
310
-15
-236
193
-12
-176
308
-231
-116
266
-228
185
-59
60
52
-101
55
-60
162
-279
137
16
-3
-30
141
-182
-113
359
-372
96
9
35
-6
0
55
-18
116
-280
176
-49
-62
178
-151
191
-85
-40
-25
186
-176
155
-84
-84
191
-318
332
-85
-252
225
-117
-94
144
181
-172
-50
133
-76
-44
-131
152
-54
-157
137
-39
11
74
14
75
-52
-56
65
-136
24
79
40
-262
285
40
-313
380
-118
52
-197
27
85
-147
237
-241
271
-132
35
77
-157
160
-117
83
22
-81
31
40
-27
83
-58
-85
162
-107
-217
232
27
-243
77
78
-219
259
-78
-88
90
36
-88
122
-3
-199
73
78
-86
66
-11
204
-216
114
147
-203
-15
79
245
-360
145
56
-206
-96
169
-95
-82
219
-79
-101
12
145
-242
72
148
-49
-137
313
-138
-84
72
174
-122
84
247
-332
259
-358
180
-227
-19
150
-141
321
-222
259
-328
-68
92
-211
6
90
140
-40
174
-14
-159
43
1
-77
131
142
-114
26
-83
37
-84
44
-110
132
69
-244
415
-275
15
130
-276
105
20
49
-83
126
-14
-289
272
-158
108
-79
121
-24
-109
213
-146
-22
14
30
-69
-123
316
-185
52
118
45
-242
-14
240
-63
-52
29
139
-333
200
19
-97
-11
-52
154
-183
226
13
-224
280
-246
-37
5
171
-139
-55
173
-5
-104
-10
95
73
-169
63
257
-421
143
123
-261
311
-180
116
35
-115
-29
-48
458
-511
114
128
-200
32
103
27
28
-121
-21
169
-152
-13
87
-141
185
-127
87
250
-508
146
97
8
-117
-2
164
-241
139
24
54
-204
101
63
-108
98
-9
72
-274
284
-302
172
132
-154
113
-159
205
-274
137
-135
138
84
-154
35
9
193
-281
92
175
-324
214
-116
145
120
-298
339
-282
-155
345
-79
-98
46
108
43
-81
6
-69
14
-79
161
-105
182
-72
97
0
-454
473
-353
-215
451
-88
-247
153
338
-400
164
156
-290
117
-242
72
176
-43
46
198
-337
-89
260
-310
-78
383
-237
31
308
-260
-76
308
-57
-290
164
208
-191
41
212
-219
92
31
7
50
-76
-6
21
-11
31
-57
225
-285
187
100
-49
93
82
-372
77
246
-625
555
-85
-285
189
56
-41
-29
-42
-85
14
-45
248
-361
178
-130
-216
23
9
113
-228
315
-232
180
52
-104
-70
-145
-145
102
152
143
46
104
125
-8
-137
-59
159
-193
30
172
-2
176
15
108
-179
-4
50
-65
-126
-158
147
-18
112
-230
375
-4
-117
321
-388
101
-186
53
-35
2
52
4
36
14
152
-273
-18
-47
-14
-31
238
-66
83
-152
-284
34
-211
-72
367
-84
129
27
-272
171
-329
33
-34
180
-83
344
1
-127
157
-181
214
-245
116
53
339
-152
101
112
-331
270
-353
360
-360
231
253
13
-14
-144
185
-577
337
-369
119
47
99
205
-324
-135
50
-60
-312
353
-361
273
-75
-128
19
-270
221
-281
22
-71
-71
100
24
194
-245
-88
-2
-6
-154
132
-72
-13
-30
73
254
2
-129
153
50
185
71
-54
302
-97
77
36
270
-151
-59
66
-82
-13
-96
110
-60
-39
-315
-41
60
161
270
382
166
-273
263
75
115
239
167
94
19
11
-330
3
-262
-178
-34
-388
-49
-353
-234
-77
-222
-176
-360
-188
-142
-317
-169
171
190
115
-43
251
181
-37
251
108
212
-21
22
133
-92
-311
63
-87
-316
-72
-196
-64
-433
-228
-149
-27
-28
-53
402
147
-4
-253
213
-44
-26
291
230
194
100
265
156
187
-137
-24
270
103
291
282
330
344
236
504
360
285
495
426
477
450
352
235
136
251
312
551
408
186
206
384
187
-118
-17
34
-141
-145
-110
-373
-602
-821
-682
-1176
-1044
-839
-797
-637
-828
-868
-1113
-1075
-1190
-920
-789
-1163
-635
-448
-470
-780
-880
-863
-869
-718
-540
-221
-184
-72
-144
81
-45
2
322
411
524
741
1097
899
782
957
951
1027
1076
1295
1233
1244
1380
1355
1390
1443
1531
1631
1788
1599
1678
1811
1752
1749
1653
1815
1651
1559
1655
1358
1247
984
854
694
547
44
-364
-718
-958
-1076
-1205
-1196
-1248
-1591
-1876
-1900
-2350
-2765
-3011
-3168
-3344
-3469
-3700
-4004
-4265
-4728
-5176
-5453
-5605
-5632
-5719
-5615
-5702
-4513
-2218
512
1712
1093
663
339
1948
3340
4631
4999
5153
6243
7211
7717
7048
5984
4893
4486
4302
4291
4648
4886
4510
3486
2395
1257
885
855
223
624
567
885
765
-39
-585
-1370
-1492
-1300
-45
1083
1142
983
260
167
-32
-293
-265
-411
-237
-719
-1339
-2587
-3770
-4921
-5814
-6269
-6615
-7156
-7790
-8863
-10008
-11050
-12055
-13440
-12751
-9845
-4464
565
1488
859
-1473
111
2205
5531
7080
7822
9787
11968
14467
13946
11467
8603
7005
6696
6790
6807
7424
7413
6375
2865
-1009
-4108
-5066
-4542
-4599
-5103
-5734
-5398
-4039
-3723
-3865
-4778
-4417
-2429
801
3883
4874
5012
4209
4281
5001
5804
6495
6474
6575
6407
5767
4425
1669
-654
-2604
-3496
-3903
-4257
-5156
-6989
-8784
-10635
-12226
-13378
-14247
-14540
-14109
-14374
-14401
-15629
-14024
-9949
-2517
3206
3561
2078
96
3713
7955
12512
13410
13272
14185
16465
18926
17901
14166
10131
8112
7620
7625
6987
6908
5471
3092
-1546
-6023
-8609
-9347
-8407
-8644
-9504
-10233
-9378
-8089
-7177
-7538
-7907
-5975
-1774
3277
6661
7372
6180
5774
6518
8600
10244
10947
10568
9761
8935
7414
5033
1562
-1054
-2527
-3029
-3578
-4523
-6540
-9583
-12558
-14435
-15368
-15650
-16004
-16346
-15694
-16023
-16119
-17723
-16158
-11708
-3436
4506
6044
5479
2800
6078
10261
14857
16099
15676
16902
19527
22443
21151
16582
11467
8786
8029
7687
6773
6273
4978
2425
-2510
-7867
-11215
-11925
-10695
-10640
-11033
-11593
-10725
-9131
-8450
-8377
-8341
-6192
-2275
2569
6512
7735
7603
7318
7825
9685
10992
12178
12198
11561
10413
8109
5252
1804
-633
-3024
-4438
-5562
-6449
-7862
-10921
-13805
-16357
-17691
-18319
-18712
-18090
-18050
-17821
-19041
-17732
-13240
-4792
3922
5844
4875
1316
4095
9462
15651
18699
18043
17936
19123
21945
21880
17908
12865
9442
8808
8651
8101
7218
5358
2156
-3459
-8865
-12023
-11528
-9544
-8606
-9698
-11185
-11558
-10643
-9206
-8236
-7344
-5731
-2114
2932
6908
7868
6869
5542
6478
9411
12307
14047
13491
11502
9003
6617
3789
1275
-1145
-3506
-4998
-6297
-7127
-8928
-11909
-14685
-17236
-18297
-18403
-17689
-17374
-17423
-18555
-19177
-15705
-8704
1403
6040
5571
1817
1223
6422
12700
18116
18763
18315
18230
19806
21331
18873
14673
10289
8531
8710
8300
8140
6157
3583
-1476
-7622
-11362
-12172
-9495
-7684
-8003
-9382
-10710
-10597
-10030
-8725
-7725
-6120
-2966
1186
5970
7525
6390
4446
3924
6631
10447
13444
14156
12126
9135
5989
3341
1037
-769
-2750
-4345
-5359
-6426
-7590
-10462
-13412
-16081
-17470
-17661
-16918
-16472
-16282
-17371
-17886
-14945
-8256
1269
5458
4917
791
873
5943
12236
17301
18078
17908
17820
18958
19717
17409
13485
9932
8811
9471
9016
8118
5542
2454
-2508
-7915
-11176
-11357
-8583
-6779
-7372
-9447
-10980
-10955
-9770
-8106
-6793
-5100
-2297
1751
5952
7291
5954
3820
3698
6404
10645
13609
14181
11635
8046
4838
2445
1083
-234
-1810
-3630
-4938
-6433
-7775
-10807
-13538
-15805
-16573
-16395
-15735
-15473
-15879
-16929
-17926
-14769
-8462
1808
6255
5796
1433
500
5566
11515
17077
17843
17940
17578
18689
19112
16473
12207
8461
7724
8839
9083
8000
4967
760
-4594
-9777
-12367
-11371
-8320
-6522
-7674
-10493
-12203
-11656
-9724
-7385
-5377
-3355
-638
2715
6209
7393
6532
4652
4881
8039
12569
15675
15554
12454
7916
4506
2280
1503
1019
-435
-2358
-4872
-7329
-9644
-12764
-15394
-17058
-16896
-15941
-15442
-16086
-17571
-19024
-19935
-16346
-9465
1310
7049
6683
2481
-9
4511
10536
17109
18973
19468
19172
19688
19994
17344
13164
9045
7905
9089
9859
9287
6212
1546
-4509
-10244
-12932
-12061
-8495
-6452
-7244
-10518
-13036
-13058
-11287
-8192
-5804
-3181
-765
2096
5220
6297
5984
4561
5194
8400
13056
16205
16182
13072
8488
4855
2404
1808
1848
943
-1172
-4282
-7605
-10308
-13513
-16102
-17563
-17387
-16179
-15830
-16711
-18553
-20359
-21166
-17427
-9824
1169
7016
6332
1650
-694
4012
10680
17544
19783
20449
19862
19870
19789
17679
14439
10937
9678
10164
10468
9912
7107
2498
-3829
-9739
-12517
-11321
-7823
-5845
-7166
-11147
-14447
-14972
-12771
-8881
-5367
-2991
-1616
-84
2584
4469
5171
4703
5585
8529
12925
15791
15687
12482
7633
3979
1992
2350
3060
2329
-237
-4322
-8055
-10811
-13058
-14567
-15608
-15836
-16099
-16786
-17937
-19543
-21207
-19741
-13531
-3212
4394
4894
604
-3147
369
6989
14740
18161
19292
19133
18513
18234
16677
15127
13331
12430
12060
11218
10115
7969
4825
-88
-6242
-9980
-10323
-7041
-4700
-5572
-9580
-14064
-15743
-14215
-9935
-5732
-2920
-1881
-1571
188
1956
3589
4230
5149
7533
10636
13309
14272
12913
9396
5254
2586
2472
4013
4158
1666
-2476
-6740
-8781
-10686
-11827
-13658
-15020
-16037
-16905
-17818
-18884
-20242
-19771
-14873
-5998
2489
3756
230
-4729
-2665
3483
11750
17189
18963
18972
16926
15534
13716
13383
13853
14607
14509
12432
9689
6901
4547
1572
-2950
-6689
-7812
-5522
-3321
-4279
-8372
-13245
-15192
-13690
-9134
-4672
-2199
-2029
-2983
-1979
-249
1842
3322
4960
7293
9163
10326
10528
10467
9064
6601
4077
2828
3681
3854
2426
-1258
-5136
-7613
-8781
-9493
-10885
-12514
-14498
-15818
-16892
-17663
-18704
-19159
-16066
-9134
-348
3559
1323
-3938
-5756
-864
7132
14795
18057
18135
16012
13484
11916
11627
13180
15079
16071
14547
10719
6567
3509
2150
770
-1427
-3494
-4131
-3424
-3720
-6319
-10211
-12798
-12570
-9510
-5230
-2012
-1423
-2873
-3912
-3167
-859
1733
4350
6699
8096
7894
7001
6819
7312
7304
5882
3879
2720
2503
1685
-244
-3060
-5055
-6628
-8095
-9790
-11186
-12198
-13661
-15170
-16877
-17861
-18419
-16394
-11092
-3530
1906
1498
-2531
-5936
-3641
2886
10903
16225
17743
15907
12356
9867
9649
12175
15425
17213
16149
12195
7237
3584
2338
2675
2598
1160
-903
-2563
-4031
-6004
-8461
-10127
-10144
-8450
-5850
-3574
-2580
-3371
-4537
-4497
-2803
46
2729
5232
6697
6629
5225
4060
4426
5959
6856
5884
4029
2171
891
-591
-2311
-3564
-4223
-5345
-7339
-9620
-11015
-11624
-12308
-13645
-15439
-16899
-17353
-14808
-9607
-2636
1844
1594
-2179
-5679
-3815
2188
10375
15537
16589
14050
10141
8217
8475
11490
14442
16141
15038
10959
6158
2565
2361
3893
4774
3485
522
-2389
-4682
-6154
-7062
-7095
-6467
-5525
-4449
-3609
-3216
-3765
-4505
-4071
-2229
667
3072
4808
5333
4568
3154
2441
3472
5207
6343
5661
4211
2467
690
-1143
-2563
-2969
-2898
-3743
-5794
-7767
-8639
-8760
-9792
-11966
-14030
-14883
-14295
-13131
-10667
-7033
-2646
-48
-773
-3284
-4687
-1691
3591
9228
11878
12015
10649
8714
7888
8087
10093
12338
13630
12258
8686
5089
3330
4111
5263
5385
3568
624
-2174
-4041
-4576
-4348
-3762
-3528
-3710
-4227
-4370
-4023
-3703
-3386
-2709
-1116
704
2126
2721
2608
2186
1805
2129
3195
4513
5267
5020
3709
1801
-1
-909
-840
-803
-1504
-3175
-4451
-4839
-4936
-5737
-7859
-9895
-10911
-10327
-9687
-9480
-9773
-9198
-7014
-4129
-1638
-1316
-1906
-2799
-2113
125
3576
7337
9659
10073
8184
5842
4504
5161
7484
9541
10465
9310
7140
4925
3374
2946
2649
2482
1743
864
-75
-1032
-1743
-2683
-3116
-3302
-2644
-1934
-1654
-1649
-1801
-1161
-459
55
122
568
1437
2273
2412
2266
2662
3365
3708
3059
2088
1448
1313
842
-302
-1634
-2206
-1803
-1465
-2123
-3769
-5771
-6867
-7060
-6301
-5545
-5246
-5463
-6207
-6993
-7772
-7633
-6426
-4158
-1944
-524
-272
-758
-1332
-984
311
2474
4327
5245
5006
3887
3189
3153
4242
5584
6475
6218
4829
3193
2137
2155
2870
3649
3731
2867
1348
40
-458
-342
126
590
1223
1665
1499
509
-685
-1253
-743
160
887
1222
1303
1359
980
623
419
867
1495
1589
1112
555
686
1298
1608
1058
-284
-1693
-2620
-2739
-2193
-1449
-938
-1098
-1861
-2939
-3671
-3804
-3457
-3264
-3333
-3560
-3831
-4161
-4849
-5434
-5633
-4885
-3731
-2438
-1891
-2132
-2629
-2911
-2200
-1054
478
1627
2263
2207
1635
1388
1699
2742
3722
4351
4420
4327
4150
3807
3424
3134
3328
3615
3884
3637
3227
2712
2220
1769
1280
1147
1268
1433
1080
276
-595
-1097
-1218
-1073
-641
157
1109
1657
1371
422
-558
-1033
-698
56
938
1456
1450
793
-406
-1480
-1784
-1308
-649
-337
-505
-746
-1181
-1697
-2193
-2376
-2130
-1921
-1896
-2333
-2913
-3510
-3969
-4091
-4097
-3904
-3796
-3777
-3906
-3819
-3253
-2160
-1027
-709
-1087
-1764
-1586
-484
1082
2333
2815
2725
2166
1695
1572
2233
3330
4346
4617
4090
3236
2709
2797
3190
3580
3591
3233
2585
1777
1181
1002
1294
1533
1296
425
-553
-962
-723
-169
171
294
275
344
279
163
76
293
658
689
440
107
191
327
313
-143
-599
-795
-743
-677
-1043
-1447
-1869
-1975
-1989
-1908
-1751
-1636
-1678
-1956
-2295
-2417
-2018
-1333
-844
-921
-1415
-1806
-1774
-1436
-903
-465
-352
-707
-1275
-1561
-1232
-374
433
806
465
-112
-556
-453
202
1033
1587
1473
859
159
-109
173
838
1394
1484
1016
398
41
105
416
754
1128
1448
1698
1703
1457
1101
840
858
1123
1470
1723
1768
1543
1012
326
-264
-495
-283
189
657
778
389
-297
-953
-1170
-995
-669
-441
-379
-390
-535
-733
-878
-806
-575
-283
-132
-226
-377
-337
54
446
503
183
-135
-162
167
588
851
804
564
377
257
218
137
80
69
-6
-110
-243
-313
-318
-516
-907
-1372
-1482
-1130
-611
-458
-847
-1420
-1807
-1825
-1621
-1274
-883
-552
-313
-333
-503
-748
-869
-714
-274
385
927
1203
1026
699
406
345
524
843
1252
1445
1351
837
249
-66
130
641
981
942
439
-93
-480
-592
-510
-289
61
411
544
215
-421
-1001
-1029
-439
432
1082
1271
995
566
154
32
244
709
1249
1482
1431
1087
730
429
287
324
545
879
1020
836
285
-257
-476
-286
96
290
124
-318
-753
-969
-918
-730
-628
-749
-1109
-1448
-1599
-1533
-1367
-1185
-1056
-1151
-1371
-1570
-1420
-975
-506
-312
-432
-578
-425
-26
396
648
777
806
665
388
97
78
366
795
1091
1068
767
347
-60
-269
-213
92
407
508
342
110
-74
-206
-300
-193
148
565
845
815
612
292
69
95
402
854
1224
1204
843
445
282
416
606
665
502
263
76
11
8
-88
-325
-690
-1035
-1204
-1123
-882
-678
-694
-953
-1300
-1461
-1283
-834
-330
-41
-61
-359
-591
-471
44
634
1001
1066
925
718
464
317
414
808
1244
1346
1011
472
114
25
82
153
127
7
-247
-512
-725
-792
-834
-885
-836
-712
-597
-523
-464
-480
-630
-873
-931
-645
-177
213
260
104
-128
-190
-91
85
300
453
568
588
534
393
236
125
58
13
-8
38
119
163
78
-170
-429
-496
-300
62
318
352
186
-22
-99
11
287
643
877
922
730
379
106
46
306
664
1016
1117
879
367
-213
-431
-170
454
882
914
635
254
-82
-367
-416
-197
161
359
271
46
-150
-259
-352
-442
-458
-318
-135
-116
-299
-565
-794
-846
-783
-687
-687
-688
-632
-531
-537
-718
-982
-1144
-1127
-1004
-876
-735
-558
-403
-451
-687
-860
-686
-247
143
263
179
90
15
20
140
404
766
1046
1107
942
658
390
321
498
873
1271
1379
1129
619
201
120
423
902
1256
1212
766
118
-347
-392
38
614
952
801
303
-164
-368
-291
-95
177
452
548
348
-45
-324
-333
-152
9
26
-56
-168
-220
-272
-329
-398
-459
-512
-571
-694
-924
-1118
-1065
-778
-505
-530
-770
-1029
-1083
-974
-815
-660
-498
-308
-171
-131
-191
-214
-110
88
262
394
422
399
278
196
312
620
895
857
542
217
216
472
731
808
705
548
374
237
218
405
636
709
533
296
186
286
449
501
405
207
29
-113
-148
-113
-13
29
-105
-397
-692
-809
-675
-449
-313
-396
-588
-690
-687
-641
-713
-778
-707
-440
-123
33
59
-81
-241
-367
-316
-150
91
304
469
480
327
101
-102
-85
58
282
417
417
214
-60
-253
-218
-30
127
92
-26
-50
21
116
139
108
89
151
287
404
487
507
456
350
242
287
481
735
830
703
398
81
-102
-65
133
320
361
154
-243
-652
-894
-828
-565
-280
-166
-267
-548
-818
-964
-928
-673
-301
29
116
-64
-349
-546
-519
-305
45
364
526
471
248
17
-104
-13
237
480
556
443
159
-117
-284
-245
2
266
366
223
-97
-379
-498
-346
-49
238
354
265
141
70
128
263
392
444
440
448
461
471
460
455
411
289
122
31
88
226
274
122
-208
-537
-668
-581
-375
-236
-226
-340
-512
-662
-736
-694
-586
-397
-235
-103
-77
-154
-271
-313
-243
-73
106
276
378
379
242
-6
-171
-143
115
410
534
390
43
-295
-461
-356
-50
284
458
374
64
-323
-550
-435
-20
434
635
540
298
141
149
287
421
500
579
628
626
530
427
314
223
140
133
194
297
294
127
-167
-446
-586
-583
-517
-466
-426
-418
-435
-555
-665
-735
-691
-601
-488
-341
-221
-174
-237
-345
-368
-228
44
269
318
223
58
-91
-181
-122
104
380
504
383
103
-185
-353
-292
-76
175
325
308
162
-54
-237
-295
-135
142
409
492
456
363
352
383
411
416
458
553
658
728
723
627
428
154
-47
-42
185
429
395
16
-513
-814
-783
-480
-236
-233
-412
-586
-661
-642
-563
-470
-402
-363
-325
-276
-211
-191
-172
-136
-40
76
214
310
291
152
-61
-219
-193
20
252
347
211
-68
-361
-491
-415
-193
53
184
156
-20
-242
-393
-381
-154
201
498
549
351
98
-33
55
266
520
683
741
684
561
446
345
318
261
204
118
143
241
293
123
-227
-496
-524
-312
-122
-101
-248
-393
-447
-369
-252
-147
-142
-221
-305
-310
-208
-68
10
32
7
16
45
82
89
27
-57
-133
-136
-51
77
137
68
-98
-279
-396
-407
-305
-137
51
151
65
-192
-475
-557
-353
37
403
549
397
46
-253
-301
-62
314
640
787
689
456
227
151
171
224
231
245
260
284
271
136
-121
-405
-528
-444
-198
20
103
-20
-255
-462
-482
-312
-70
93
84
-16
-107
-114
-65
-6
102
243
402
434
297
37
-191
-282
-192
19
244
339
236
-13
-296
-459
-498
-405
-221
14
146
97
-151
-437
-598
-557
-322
6
303
404
267
-23
-251
-252
-11
351
639
749
655
432
214
134
193
330
419
437
356
253
121
-37
-200
-311
-324
-265
-144
-70
-136
-313
-464
-474
-357
-208
-106
-111
-172
-233
-213
-132
-38
25
86
178
299
329
229
22
-155
-195
-64
161
328
352
192
-83
-346
-475
-439
-267
-64
71
69
-45
-245
-444
-531
-435
-188
118
336
388
272
93
-35
-22
128
370
609
722
656
453
265
196
260
356
366
293
187
103
29
-37
-101
-159
-212
-249
-270
-269
-300
-340
-354
-319
-258
-236
-245
-303
-327
-287
-142
26
116
84
-23
-71
-20
104
163
131
10
-94
-128
-68
55
126
86
-71
-244
-331
-307
-160
-34
30
-33
-157
-291
-377
-334
-203
22
212
324
267
131
49
100
244
387
521
577
528
415
345
361
408
458
492
472
372
239
153
83
42
-9
-31
-53
-75
-115
-203
-302
-388
-385
-316
-214
-168
-205
-288
-361
-357
-310
-218
-123
-42
-34
-30
-62
-82
-87
-70
-88
-147
-194
-171
-52
75
114
-9
-205
-372
-385
-256
-69
60
70
-33
-205
-343
-391
-299
-139
30
148
176
119
36
3
44
128
226
334
405
433
422
357
294
272
296
376
434
483
434
325
189
98
77
124
176
179
118
38
-43
-62
-73
-71
-101
-133
-128
-120
-95
-89
-71
-73
-57
-32
7
11
-22
-67
-141
-187
-201
-179
-107
-62
-91
-212
-359
-467
-488
-420
-308
-163
-126
-200
-336
-451
-533
-512
-319
-74
92
120
77
6
-31
-74
-32
84
244
343
362
362
336
301
263
240
201
212
286
321
345
294
185
63
38
111
218
248
186
76
-24
-14
32
125
201
201
142
70
50
31
37
60
102
187
221
160
0
-173
-247
-215
-111
-11
20
-30
-148
-342
-485
-525
-451
-360
-249
-218
-274
-382
-437
-450
-445
-335
-196
-33
69
72
-10
-126
-178
-138
33
229
389
384
273
168
130
177
255
337
329
227
128
42
29
50
95
133
134
131
126
120
40
-29
-49
52
164
243
223
169
78
29
28
46
92
140
207
183
110
-23
-162
-247
-239
-133
-33
51
20
-90
-245
-337
-395
-362
-318
-250
-212
-185
-175
-214
-247
-283
-229
-180
-67
22
76
81
-7
-55
-79
2
122
232
275
222
140
35
55
106
151
160
156
97
51
-29
-91
-98
-72
2
56
139
163
134
86
36
33
24
1
43
116
220
275
284
233
176
66
39
50
58
113
126
114
7
-103
-112
-121
-27
-6
-51
-123
-262
-297
-298
-313
-319
-296
-247
-165
-135
-144
-198
-245
-214
-138
-78
-2
31
37
47
31
47
150
241
182
147
-6
-68
17
135
318
392
418
303
122
-24
-245
-288
-292
-129
-33
85
151
130
118
12
-37
-130
-65
-58
47
142
159
231
191
201
163
135
83
68
94
122
171
82
37
-18
-18
10
-12
-67
-225
-259
-273
-283
-332
-393
-308
-257
-142
-132
-127
-231
-289
-306
-258
-122
-30
152
214
255
261
181
168
47
-96
-99
-91
101
205
313
284
202
127
4
-68
-116
-18
0
25
30
87
35
98
118
113
158
67
28
73
147
138
170
119
109
91
86
58
91
86
-3
42
-69
-101
-144
-187
-112
-166
-149
-190
-107
-121
-180
-234
-241
-276
-322
-241
-99
-78
10
33
-21
-63
-67
-24
110
174
168
46
-5
-54
-65
2
6
69
24
44
81
115
178
44
51
104
76
-30
-119
90
100
240
198
143
141
151
242
122
200
59
104
39
154
164
48
66
-6
103
-42
99
-44
-45
-69
-180
-131
-200
-24
-148
-88
-177
-293
-223
-367
-206
-349
-329
-201
-221
-47
-52
2
-118
-250
-154
-136
38
118
205
188
101
-11
-30
33
95
205
227
332
112
12
-30
-93
66
-88
197
336
186
128
-272
-241
-319
-44
287
255
454
81
11
-48
-118
53
80
105
139
88
72
27
-37
87
134
111
0
-31
16
-55
200
80
37
-72
-121
-162
-82
-155
-92
-43
-45
54
-99
-30
-248
-121
-160
-143
-9
-162
-114
-235
-201
-52
-96
74
90
4
28
60
-15
-91
-37
53
-12
55
146
113
89
178
-19
20
-56
-124
-4
-220
116
-28
123
319
170
68
12
-15
-242
-31
-12
-69
106
200
220
82
83
-25
-140
32
-49
6
79
208
92
77
43
-72
-68
-109
-135
-81
-109
23
123
-82
-7
-38
59
119
-56
-112
-297
-187
139
70
248
47
7
227
-20
69
-115
-63
-70
59
-46
103
12
62
-20
-92
-89
-290
-32
-43
8
9
-158
-60
-132
-25
3
-21
-1
7
-65
-16
-84
-35
134
210
164
135
-126
-172
-205
-94
125
-60
235
-36
144
64
-232
87
-279
124
139
-63
195
25
107
-154
126
47
-130
165
44
151
-40
21
-78
63
81
-61
64
-41
141
-105
97
112
-162
6
-108
11
-106
59
118
-46
191
-104
10
88
136
96
-77
-12
-76
-280
-168
-80
82
-94
212
10
-139
-23
-212
-105
-367
25
-257
223
75
37
40
50
53
-61
-44
-138
6
-33
82
26
223
1
174
123
43
148
-116
10
87
68
126
67
78
112
71
-21
-150
-100
-24
-43
126
115
-84
-140
-157
-83
-104
-44
96
-27
-19
175
-62
-178
69
-172
34
251
178
55
-27
137
-338
187
50
-58
149
-2
30
-203
107
-202
-276
-72
-52
-20
152
5
68
-108
-118
-151
-243
43
69
-117
40
16
55
-25
294
3
-117
229
-225
237
117
133
237
-275
334
-345
-69
140
-46
283
54
48
-174
-64
-158
-65
-2
81
-31
185
-10
-140
-115
-39
-175
171
26
106
-83
-95
-63
-55
84
59
71
-12
48
29
-99
-84
-64
0
196
62
-18
47
-6
-119
121
-318
-29
-69
-43
166
-136
263
-135
103
205
-221
-51
-171
-45
197
118
125
-94
152
-77
-22
36
-39
-65
86
149
260
44
-5
53
-65
-33
76
-131
70
51
-43
52
-46
-174
-72
27
-134
-42
-175
46
74
-131
143
-143
-170
92
-166
153
215
-64
151
-135
12
41
-84
111
20
-188
112
-127
102
72
-46
103
-218
7
-150
71
-133
136
6
134
15
70
57
-55
-40
-14
-97
-12
85
-189
425
-55
116
63
-169
-45
54
-193
90
57
-71
17
60
138
-333
363
-176
49
64
-144
-78
-128
234
-173
120
222
30
-129
195
-331
99
-271
144
55
-97
232
-63
-108
62
-190
-97
-76
150
-28
-15
366
-163
0
-62
-207
-47
-29
-15
87
89
286
-34
10
186
-303
-23
-206
2
101
-166
409
-78
184
92
-103
53
-91
-105
-96
-172
240
-46
176
64
-36
78
-132
-62
-69
-36
26
160
118
-104
-21
-97
-50
-33
50
-257
211
-226
-8
222
-86
136
-196
64
-169
-43
-95
389
-197
168
-188
41
189
-212
135
66
227
-24
60
42
-32
-115
121
-10
-11
112
-90
84
92
-103
-19
-29
20
-12
-210
185
-64
-7
176
-67
-97
-72
33
-389
131
63
-13
125
-83
187
-261
59
-47
1
-161
69
80
-133
302
-178
52
-33
28
-157
-90
52
-92
-83
325
17
206
-30
-261
-59
-253
10
174
53
141
255
-180
141
23
-124
-84
-97
15
114
48
44
26
98
-83
61
2
-96
232
-181
-8
-113
-70
-91
3
255
-64
118
-10
-26
49
-153
-118
280
-67
211
101
-38
77
-166
20
-242
166
-20
-32
87
-129
-176
106
-114
-115
-147
60
-197
127
294
-185
-45
109
-129
171
10
39
25
-123
319
-147
107
-50
116
14
78
136
-245
83
-21
-37
5
-35
-121
-71
74
50
-18
40
-153
24
-332
224
-67
102
180
13
2
-169
-117
-84
8
208
117
32
210
-43
81
-206
-68
62
-135
98
135
-60
80
-102
-176
71
-55
-92
-85
172
-281
245
-239
63
105
-118
120
-3
99
-124
-29
-117
153
-98
73
204
-5
-9
-21
73
-73
-29
250
-105
73
91
-303
219
38
35
44
53
-127
-223
123
-283
224
121
-259
262
-261
-47
-193
165
-125
66
141
-25
168
-106
-194
7
-23
-47
131
99
-20
139
-32
146
68
-142
61
-150
-58
-81
191
-57
103
-80
-250
159
-95
41
23
-63
65
-135
26
-99
71
-76
161
133
-89
-85
85
13
19
23
-119
180
-85
216
-38
-63
-87
-8
28
151
174
-113
-112
73
-175
-40
146
-76
190
-99
115
-155
-122
81
-18
-80
197
37
-264
76
74
-187
214
42
58
-29
46
33
-43
96
-214
99
-79
11
60
-100
311
-279
14
-64
-23
-20
1
76
-283
336
-421
229
-236
-59
146
-59
96
25
49
-285
80
83
-78
291
-212
170
-10
-24
69
-4
23
45
43
145
-146
-60
13
-149
147
-90
152
-77
19
176
-111
-167
-43
91
80
-19
144
-134
66
-83
-253
326
-154
82
140
76
-125
-132
35
-63
16
42
9
-42
33
-274
198
-130
7
59
-154
209
-58
103
-53
-98
66
-152
196
-13
60
230
-162
229
-124
2
-38
-28
-29
33
1
-161
268
-241
109
-72
84
-6
-63
30
-60
-27
-64
146
61
-91
222
-164
29
25
-113
58
-80
59
-132
154
-186
149
15
-200
236
-336
154
-156
84
-28
50
38
-15
100
-10
-113
112
-152
72
50
38
-1
-6
102
-155
143
-138
193
-7
31
-54
-175
3
-20
68
222
-140
53
-164
-135
135
-155
197
45
-85
50
51
-123
167
-163
84
70
-121
59
-63
90
-134
158
-138
21
46
-59
114
-259
79
-176
112
-126
243
-8
-72
136
-143
-44
-83
134
-35
113
13
-41
7
206
-289
321
-252
159
-35
-47
24
-119
121
-111
153
-70
86
-38
19
12
-2
30
-35
-8
38
26
-55
30
-33
67
-88
108
32
-10
-10
2
-24
-22
17
50
65
85
-118
-41
-18
-198
74
-168
250
-143
-18
92
-48
-100
41
-57
-19
199
-264
305
-136
55
9
-98
84
42
-128
159
18
-36
-27
120
-34
-195
222
-330
271
-85
-74
115
-17
-30
63
-90
72
-193
155
-168
249
-62
-34
152
-160
37
3
-37
-5
194
-199
154
-160
22
29
70
-146
100
-79
-122
191
-61
-63
80
-53
-133
52
-6
74
13
-43
240
-251
109
-33
11
83
-116
193
-209
194
-137
53
41
54
-48
50
102
-14
25
-60
87
-159
3
-64
139
-122
110
-130
-62
87
-236
210
-109
10
56
-81
32
-8
94
-187
151
-60
55
25
27
101
-121
125
-163
190
-194
77
-74
31
101
-91
169
-58
-57
82
-168
45
-93
-2
-58
55
12
-35
45
-12
43
-131
50
-72
52
-41
18
-131
138
-151
84
46
112
-81
39
52
-59
-60
19
107
4
100
-61
41
-19
-53
43
-21
44
-60
70
-75
33
25
-111
297
-120
-22
-97
59
-105
52
71
-72
124
-106
69
67
-67
10
35
-104
136
-28
-89
20
119
-117
-5
45
-20
-172
183
-126
-15
100
-202
197
-278
170
-129
-3
118
-62
64
-63
39
-20
18
22
-13
58
-21
-39
110
-27
-72
66
-62
79
-108
163
9
-69
121
-42
-55
-8
36
7
10
72
-108
127
-114
205
-143
77
42
-91
109
-114
115
-178
75
-116
46
-69
110
-156
1
75
-125
216
-197
116
-131
64
-79
-21
58
-9
54
-77
180
-154
9
76
44
-171
60
5
-108
85
-88
68
-77
55
81
-92
99
-74
48
-43
22
26
3
18
50
-98
87
-18
-97
146
-148
74
68
-169
200
-83
-28
-86
163
-120
12
166
-54
85
-86
-25
80
-168
29
167
-235
243
-86
51
-85
138
-104
-172
235
-92
-105
87
73
-173
50
97
-168
139
-7
-37
49
-74
83
-13
-108
149
75
-213
171
39
-166
180
-67
15
-39
-27
27
37
-112
34
72
-215
107
54
-191
125
36
-50
48
3
14
-163
166
-69
-16
70
-61
86
-62
160
-60
-95
187
-96
-30
94
-18
39
14
-70
114
-148
2
93
-275
193
-196
106
-26
-59
188
-190
85
-15
-116
122
-28
-26
82
-59
39
-53
135
-62
47
30
-37
53
-56
56
16
-65
108
-16
-44
6
85
-220
248
-110
-40
37
-194
173
-178
185
4
-169
135
-63
61
-156
264
-160
7
34
20
-81
-52
250
-273
171
-17
-5
-94
138
-42
-36
20
44
-155
41
18
-52
-40
147
-89
80
-48
80
-8
-136
222
-229
218
-147
23
-16
-45
76
-58
101
32
-51
-18
-24
18
-53
-43
52
107
-89
-2
46
11
-154
127
-13
-5
4
68
0
-99
178
-107
24
30
18
-43
48
-60
79
-206
148
-58
16
-24
-16
35
-128
40
-30
-21
26
-66
98
-83
72
18
-25
40
14
3
-72
126
-39
37
32
-54
169
-164
144
32
-213
179
-158
72
-9
98
-107
12
-21
-58
57
-135
118
-106
78
-44
3
-11
81
-52
40
-53
98
-116
44
91
-219
198
-199
55
69
-71
48
-11
83
-88
84
-49
-30
91
-170
189
-168
133
-110
78
-27
-71
157
-140
74
3
-5
2
29
29
-83
28
-17
60
-17
-11
119
-108
46
-13
-49
39
-50
57
-33
-17
61
-38
46
-5
-127
253
-317
154
-13
-29
40
-44
109
-135
70
-34
45
-94
129
-114
38
44
-65
93
-44
22
14
-158
178
-60
-28
123
-55
12
-79
118
-140
42
25
-121
151
-110
38
-52
30
-51
37
20
-116
206
-233
242
-158
137
-11
-79
104
-24
6
-30
12
78
-142
119
-62
-23
122
-100
38
-25
21
-75
46
13
-21
-9
-19
113
-78
-79
213
-206
116
-73
81
-113
51
28
-117
137
-122
126
-111
30
-18
-12
50
-39
43
-16
-12
79
-123
105
-4
-66
97
-72
40
-53
47
-37
-4
-12
-19
60
-95
38
48
-85
-22
116
-95
42
-56
72
-76
44
-8
-31
87
-50
-15
129
-117
130
-72
-93
204
-237
119
-8
-11
64
-98
54
29
-30
-44
53
42
-23
2
-32
58
-62
-24
88
-109
130
-129
128
-112
56
-61
43
14
-105
173
-209
128
-36
-70
128
-112
177
-105
15
8
-35
-20
20
83
-95
111
-110
87
-59
-27
53
-35
6
90
-149
102
-12
-64
48
-55
22
-83
82
-62
66
54
-89
54
71
-168
171
-140
126
-108
36
122
-241
219
-140
96
-56
49
70
-48
-6
-54
27
-30
-9
-22
23
-15
-6
15
19
-11
-94
95
-67
56
-73
50
33
-31
-26
56
14
-54
55
-52
96
-113
84
-1
1
3
85
-73
110
-19
-7
-32
59
30
-171
156
-46
-7
19
9
6
-123
116
-104
7
28
-14
-40
42
-30
38
-56
-14
107
-150
121
-60
10
-62
56
74
-129
102
-71
50
-64
121
-115
81
11
-153
197
-197
119
-101
75
-62
44
-69
30
53
-170
177
-151
75
-37
116
-52
33
10
-11
22
-5
50
-5
5
-15
2
31
-145
192
-113
-14
38
16
-58
5
38
-35
-63
104
-74
50
-74
54
45
-101
62
26
55
-153
173
-100
42
-66
65
4
-44
74
-93
109
-107
-11
86
-164
106
-144
148
-65
-40
106
-133
103
-124
114
-61
-40
149
-133
81
45
17
-30
14
93
-126
95
19
-64
-31
175
-176
84
36
-139
107
-102
72
11
-90
109
-69
-22
-41
85
-12
-100
119
-78
34
33
-144
214
-154
-2
95
-39
-42
102
-73
15
1
-15
95
-167
235
-158
-1
102
-91
19
-3
60
-52
39
-72
10
84
-100
33
24
-64
41
-133
150
-55
-31
26
126
-100
-81
140
-98
0
-25
70
-11
-14
-52
147
-51
-120
147
-41
-43
-36
99
31
-28
-8
25
30
-98
39
33
-13
-9
-5
65
-98
49
5
-54
8
10
38
-89
105
-107
58
-43
2
47
-47
103
-132
135
-56
-52
74
-89
115
-102
20
19
55
-103
52
6
-38
-30
63
79
-132
47
29
-106
115
-83
32
18
-48
40
-67
65
-69
20
-30
53
-24
-36
93
-58
-33
106
-74
-7
16
42
-116
90
-58
60
-22
5
38
-2
-70
122
-115
31
58
-70
25
4
20
-100
99
-22
-12
-12
133
-142
69
-23
2
55
-73
1
73
-120
128
-19
18
-63
25
59
-156
187
-84
-19
16
-22
75
-124
127
-70
66
10
-26
30
-17
14
-112
125
-42
-71
71
-16
-71
14
63
-118
104
-80
43
4
-19
-36
48
14
-123
154
-106
130
-95
1
156
-115
-31
187
-170
34
-26
135
-131
-29
162
-140
-20
38
14
-52
-8
7
25
-3
-47
89
-74
39
-45
26
-14
31
-22
-39
121
-104
45
-8
51
-85
95
-82
2
67
-113
89
-86
150
-166
117
-53
102
-112
-39
146
-50
-135
216
7
-155
34
149
-169
81
-65
34
44
-175
210
-123
2
18
-74
47
-10
-19
89
-144
123
-62
-67
48
76
-106
21
120
-137
52
-37
78
-105
84
-12
-13
108
-222
258
-145
41
6
-75
88
-58
47
-71
92
17
-98
52
91
-154
59
50
-77
21
44
12
-87
107
-8
-68
44
20
-11
-42
50
1
-70
22
49
-74
60
-52
55
-8
24
-2
-79
80
-70
0
52
-42
21
58
-107
108
-78
-17
52
-71
100
-72
47
28
-100
103
-85
41
32
-65
98
-110
107
-54
-10
97
-86
-16
53
-73
9
-41
150
-91
-59
91
0
-47
-71
123
-120
151
-210
164
62
-254
227
-65
-15
-1
-53
108
-97
-36
52
56
-86
24
68
-62
9
-26
105
-42
-37
-2
41
-73
-22
21
-7
22
-8
-2
9
-11
-7
-6
44
-74
72
-39
103
-111
-31
211
-215
123
3
29
-81
67
-17
-47
18
24
42
-86
186
-186
94
-2
-76
89
-127
109
-18
-47
70
-15
-18
-3
-43
55
30
-102
49
32
-3
-120
111
28
-127
74
-40
65
-98
5
55
-17
-10
29
71
-91
24
107
-82
15
60
-63
-13
16
-2
-52
134
-117
69
10
-49
-53
44
18
-81
63
-46
57
-80
6
114
-147
69
62
-47
-24
4
78
-74
34
9
8
13
-46
66
-86
69
25
-94
135
-134
99
-89
49
-26
-25
39
-77
80
-70
147
-159
43
45
-57
-5
11
76
-109
35
86
-73
-37
39
-38
5
-44
72
-2
-6
-62
54
41
-70
8
33
13
-44
41
-14
32
-63
27
-15
9
-27
-20
118
-99
34
-63
99
-38
-82
106
36
-112
17
71
8
-123
101
49
-73
-9
36
72
-134
51
9
-38
-66
106
-89
73
-3
-99
82
-52
13
-28
43
46
-13
-73
97
-39
-61
59
-11
69
-120
128
-31
11
-14
-21
57
-66
33
-7
44
-27
-10
84
-28
-35
-6
-15
61
-90
77
-1
-81
99
-51
53
-68
55
4
-97
111
-35
9
-18
42
-68
55
-8
-52
86
-115
58
-40
104
-117
8
53
-25
-72
87
-6
-33
-20
4
90
-161
105
-30
98
-164
147
-26
11
-61
33
34
-116
81
-6
35
-94
91
-71
-24
73
-45
-20
11
8
23
-55
26
67
-76
30
-2
-1
29
-53
77
-89
58
0
-10
57
-22
-21
14
-28
-27
37
-38
55
-68
51
-1
-16
34
-113
74
-64
69
-14
57
-63
38
21
-69
72
-60
96
-46
15
-33
13
7
-25
40
-40
1
13
1
-37
28
14
45
-124
111
-25
-56
-57
141
-89
-24
76
-43
-58
63
18
-63
58
-37
37
-66
70
-50
6
18
-3
29
14
-9
18
-36
70
-64
-19
62
-127
127
-59
8
-9
25
-64
-6
0
18
5
3
-4
34
-25
-8
64
-34
-42
57
-8
-34
6
32
6
-51
90
-69
16
50
-20
-40
34
-32
18
2
-16
69
-60
7
22
-5
-23
25
22
-17
-44
101
-64
13
9
20
-82
47
32
-61
55
7
-11
-22
5
-44
20
15
-1
37
-60
35
8
-78
69
-24
-90
104
18
-39
-34
53
-22
-31
10
69
-67
-27
23
32
-52
24
11
0
30
-38
58
-63
98
-86
-7
38
-15
0
5
32
-1
-41
80
-22
-66
21
18
-29
41
-21
-21
12
-18
16
-42
-11
60
-109
77
-3
-32
51
-72
17
36
-28
-43
122
-89
20
-27
30
36
-104
144
-94
56
-72
78
-62
26
-14
18
50
-127
68
10
-55
30
63
-37
-5
-3
8
-58
78
-73
13
56
46
-70
8
47
-11
-81
46
75
-76
37
21
-10
-47
38
3
-26
-5
-21
-3
24
-20
78
-38
15
4
-42
17
-48
60
31
-59
17
80
-55
10
-8
5
-54
-12
21
-22
33
-50
21
-5
36
-67
55
8
-71
56
8
51
-121
67
27
-30
-43
114
-31
-27
17
25
8
-29
72
-95
-41
34
-5
-44
20
26
52
-59
19
-5
-49
47
-40
-10
53
32
-74
37
-55
63
-57
-11
63
-6
25
-74
51
-61
30
43
-43
32
37
-9
-23
-25
33
-19
-12
15
53
-101
78
17
-73
29
-7
49
-53
-31
72
-45
9
73
-40
-32
28
-9
8
4
-51
69
-37
7
-30
-18
77
-81
25
-21
80
-11
-17
9
2
-18
-27
26
-15
17
-20
44
38
-80
-31
30
8
55
-94
-22
72
-32
1
39
-10
21
-61
24
41
-74
108
-121
52
-27
62
-16
-70
47
35
-20
-42
69
-60
-50
99
-74
15
39
30
-60
5
59
-50
-5
2
-8
-19
28
-4
-45
64
22
-78
-2
101
-59
-52
27
98
-85
-3
89
-51
-11
-41
62
-26
-70
86
77
-101
10
59
17
-83
23
25
10
-63
-3
69
-54
-6
-10
52
-21
-52
70
-54
35
2
-45
-13
5
63
-19
48
-61
24
-51
38
15
-13
-15
4
48
-52
14
44
-77
-28
106
-30
-80
88
30
-59
-29
93
-54
-19
-10
59
7
-64
71
-74
65
-14
37
-60
61
16
-73
-29
79
-67
-125
169
20
-62
-6
78
-47
-78
71
27
-76
17
45
-27
-56
30
68
-59
-6
27
8
-78
33
62
-84
34
35
-73
12
47
-27
21
32
-18
-22
3
26
-79
84
-30
-21
40
-109
107
52
-70
-47
24
41
-75
-4
-3
86
-31
-41
104
-30
-42
44
12
-55
34
22
-18
26
-53
66
-31
3
-73
98
-2
-97
69
64
-40
-70
60
19
-54
-41
57
-10
-6
-21
25
20
-21
-31
80
-50
-5
-17
66
-36
21
6
-35
42
-17
37
-67
72
-92
64
-22
-27
-10
46
20
-74
38
52
-41
-72
62
2
-13
-4
26
11
-51
40
21
-78
31
93
-78
-34
33
37
-66
76
-31
-4
-20
46
-26
-72
160
-135
3
94
-38
-64
23
51
-17
-53
64
-67
40
-8
4
-30
-34
57
-45
39
17
-7
34
-52
21
8
-14
-3
-2
15
-9
54
-29
-32
58
-20
-93
63
24
-11
-44
63
-8
-82
81
-53
49
-56
46
25
2
-40
40
-7
-10
-26
61
-9
-20
-8
-3
-18
-18
72
-42
-19
-33
53
-5
-30
90
-30
-59
20
16
7
-125
129
-9
-39
-26
138
-33
-63
23
72
-51
-36
59
-21
-37
-28
107
-75
-5
27
-18
33
20
-40
-33
24
42
-39
-19
48
-3
-70
36
34
-4
-110
74
20
-30
34
-24
43
-14
-6
-36
-5
54
-24
-11
31
20
-52
-37
75
41
-52
-49
103
-70
-43
70
2
-37
-3
44
5
18
-97
119
-56
-40
-49
53
62
-96
35
20
-29
30
-13
-56
33
10
-37
-23
89
-19
-60
67
21
-86
-6
147
-27
-30
-38
55
-3
-67
25
-15
57
-42
13
1
31
-5
-68
64
-44
20
-34
-32
87
-27
6
36
-1
8
-70
-18
90
0
-43
-3
52
-53
-61
89
-6
-27
-49
86
18
-109
47
49
-53
-40
57
22
-9
-53
70
-22
-58
10
5
55
-8
35
-29
40
-30
-58
8
37
-19
-16
23
44
-41
17
-17
-6
-25
33
21
-77
38
38
-39
-8
9
67
-85
11
83
-118
80
-6
13
-14
13
-21
-24
52
-66
21
-13
3
39
-81
53
17
1
-94
44
68
-34
-23
64
-19
-69
63
34
-43
16
40
-91
19
9
-12
2
11
0
9
-13
62
-84
-14
51
7
-10
-54
75
-32
-13
-15
62
-7
-10
-8
-76
62
15
-15
-73
121
37
-129
51
36
3
-55
11
21
7
6
-64
38
-3
13
-32
25
80
-72
-63
39
58
-71
-23
64
-19
-71
79
-12
-22
-25
44
-19
13
29
-61
2
36
20
0
2
24
-18
-52
72
-40
-22
-7
32
107
-138
29
21
-58
-12
44
17
-33
-11
60
-51
-20
33
35
-89
-16
163
-40
-72
57
-6
-40
21
-5
35
-36
9
27
-17
23
-46
19
-7
-23
37
-25
0
-30
52
-15
-37
42
1
0
-25
62
-9
-58
70
-44
-9
25
30
-52
-24
62
-34
8
45
-29
-16
-12
63
-69
-17
27
-67
14
-18
101
-82
20
34
-14
-4
-14
6
-37
-4
46
44
-16
36
-37
2
36
29
-73
15
89
-77
-108
92
21
-55
21
18
14
-23
22
-49
-31
8
30
10
-40
69
-26
-20
-30
-4
73
-80
60
13
6
7
-2
-9
-12
7
-30
-26
62
-32
-42
66
11
-25
-35
23
17
-30
40
-2
23
-34
15
31
-32
25
5
-38
-49
41
23
-38
34
21
-70
-34
106
-33
-43
64
23
-78
-7
52
-2
-18
-24
64
-2
-22
0
-10
33
-43
-25
-8
34
35
-64
7
38
-16
-26
-27
80
-53
14
11
35
-1
-24
16
-79
58
69
-37
-72
57
52
-100
50
17
-47
31
14
-11
-39
68
-30
-11
-11
40
-1
-21
23
10
-43
-23
-7
79
-30
0
11
-50
-3
25
-12
-21
47
32
-39
-37
70
-54
-29
24
46
-35
-25
60
-42
15
23
29
4
-46
-2
11
-26
-44
46
-8
-17
33
16
-25
-15
45
-63
-10
42
18
-20
-76
128
26
-131
25
43
-12
-39
83
-41
-22
62
-2
-70
7
86
-75
-81
109
65
-81
-82
60
31
-66
52
20
-23
-2
37
-22
-56
36
-4
0
39
21
-33
-23
46
31
-62
-9
61
-50
-11
9
29
-42
-41
80
-33
-26
12
99
-74
-49
65
21
-30
-14
46
-31
-20
27
37
-31
-62
53
-14
-21
5
41
-39
-53
93
-13
-15
-2
20
-37
-12
31
9
6
-11
-15
-7
67
-26
24
-9
-28
12
-3
10
-56
53
15
26
-14
-44
-17
20
-58
30
83
-88
-1
40
69
-68
9
-8
-6
-9
23
32
-34
-38
7
-7
11
30
-52
38
-43
38
-33
-30
31
11
35
-52
25
-9
32
7
-14
39
-38
-46
-9
43
-18
18
47
-8
-26
3
26
-53
-16
46
-35
7
-15
48
-2
-27
25
-16
-6
-9
24
-35
32
13
-49
14
43
-12
-68
-8
102
-27
-43
63
42
-65
-53
53
-4
3
-40
49
-21
-53
65
-32
6
39
-34
-34
48
15
-47
11
4
11
9
11
11
-38
43
-24
-24
16
-12
-12
-15
7
12
13
-33
45
21
-49
-4
-11
20
-12
39
-21
-32
58
-16
-14
7
35
-51
-3
72
-33
27
5
-60
-11
24
23
-24
-9
-4
22
1
-48
-2
17
3
-70
66
45
-47
-9
30
-12
-12
48
5
-22
18
13
-10
17
-14
-9
23
-1
-25
0
9
-15
-4
19
9
-56
0
34
-10
-8
31
-20
8
-17
15
18
-2
-22
2
1
0
41
-54
10
21
-35
13
-14
-18
51
-20
19
0
9
-33
0
40
-39
12
24
-32
-2
9
11
-30
12
-26
-14
25
-3
22
-11
9
-19
-14
-15
28
-23
1
39
39
-42
-1
-6
-32
17
15
31
17
-19
6
-32
-13
32
2
24
-29
-35
-16
51
-30
2
2
18
15
-21
-12
36
7
-53
30
12
-16
-3
1
-2
-41
39
1
-4
16
20
-43
2
54
-88
18
23
-29
14
2
1
23
-22
1
54
-24
-65
18
29
-53
21
26
-4
10
-11
-21
22
42
-73
54
-10
-13
-17
40
10
5
-27
-7
14
-11
33
-61
83
-27
-43
13
40
-29
-32
42
-27
5
23
-12
-16
-10
10
41
-38
13
38
1
-57
51
18
-84
19
20
20
-29
18
-29
24
7
-21
27
-39
-17
11
7
-2
26
-10
-11
-8
26
-3
-22
-16
35
-20
14
18
4
1
4
16
-28
18
22
-34
-7
-26
9
8
15
18
-43
8
-27
-2
17
8
-27
-26
38
-22
25
8
-33
17
-37
49
-18
-12
34
-18
29
-31
-23
40
12
-33
12
3
-2
17
22
-40
46
27
-94
27
10
21
-48
29
24
-22
-27
20
-1
-15
14
-13
17
-7
12
-19
1
2
-6
42
2
-26
-23
-15
14
-32
27
24
-24
11
-16
31
6
-20
16
9
-17
-12
60
-2
-7
-14
-15
39
-38
-15
16
22
-37
-8
24
-31
0
22
-1
-6
-23
12
0
-6
-4
-12
27
16
17
-53
28
44
-28
-22
18
21
-57
21
26
-53
-13
48
-16
-20
42
13
-50
20
10
-25
4
-1
10
-23
31
26
-41
9
24
-9
-23
41
21
-32
16
25
-35
-13
36
-27
-33
47
2
-45
-4
21
-22
22
-7
1
-7
10
-3
-22
22
-2
-9
13
12
12
-30
-16
38
24
-48
-10
35
-39
-15
23
8
-8
4
1
-4
18
-32
-3
4
-18
52
-37
9
37
-33
-12
42
-6
-16
-4
23
-8
2
7
19
-13
-29
-8
-5
51
-22
1
-15
-28
24
16
-12
20
-14
-32
27
8
-16
10
7
6
-15
-2
-21
5
-2
3
10
36
-25
-55
52
12
-16
-2
37
-5
-39
13
-18
-2
20
17
-1
7
26
-66
41
-3
-23
10
1
25
-2
-4
-12
-18
-20
23
41
1
-35
4
-3
15
-21
15
29
-13
-30
14
23
-29
12
-6
2
-2
-8
-15
-34
25
22
-8
11
9
-3
-7
7
13
-39
13
-6
9
4
0
17
4
-3
-9
27
-15
-33
-12
13
4
-7
25
-10
-15
19
-13
-4
11
-10
0
17
-4
-15
0
3
18
-7
9
1
8
-11
3
25
4
-37
-23
0
-11
8
23
13
-12
-8
-3
-24
18
6
-10
8
7
19
-14
2
10
-12
-11
24
-14
13
-4
6
6
-39
-10
25
3
-29
0
8
10
-9
10
5
1
-2
-13
0
17
-21
-12
40
-12
-44
14
29
-18
8
31
-9
-11
21
16
-28
-11
22
16
-4
-24
4
15
-13
-7
11
11
-24
-26
28
30
-28
-1
18
-39
-24
34
17
-14
2
-6
-3
7
16
3
0
17
-23
-19
36
-17
-33
16
33
-20
-15
20
-11
-19
1
18
-6
-11
10
-25
31
-4
-34
30
19
-22
-5
22
11
-24
2
21
9
-22
8
23
-13
-3
0
-20
13
15
-12
7
1
1
1
-5
-20
-17
19
22
-2
-26
2
4
-9
5
14
10
-23
-11
10
17
-9
14
-14
-21
14
-1
-9
31
16
-24
-22
18
-10
-9
21
4
13
2
-11
-19
14
-13
0
15
12
1
-15
-2
3
-2
6
12
-26
21
15
-40
-18
5
2
0
3
-3
17
-11
-12
13
2
6
4
-15
11
13
-22
10
2
-11
8
19
1
-8
-22
3
17
-6
-24
13
21
-16
-11
9
-17
7
-3
-2
6
-5
-4
4
10
-3
0
-14
26
10
-17
2
14
-10
4
6
2
9
-13
0
-1
2
-17
0
6
2
-2
-13
13
-8
4
4
2
6
-5
3
0
4
-18
5
18
-1
-4
9
-3
-17
9
7
-8
-1
-3
0
-1
1
6
-14
-7
9
-11
8
23
-2
-8
6
-7
-6
6
0
-10
11
7
2
-1
9
12
-20
-10
2
2
-14
-1
6
-10
3
5
14
-15
11
-9
-11
5
-4
-3
9
3
-15
18
5
6
-3
1
-10
7
4
-5
0
-3
2
-3
-17
6
9
-17
13
9
-3
-8
-6
-5
10
4
2
11
6
-4
-10
2
5
-1
-7
12
-9
-12
-1
-3
15
-4
-13
10
10
-19
3
18
4
-6
-2
10
-18
0
12
-2
0
6
-18
-2
19
-10
-2
7
-5
-1
16
-8
12
0
-16
-5
7
14
2
14
0
-14
3
7
-3
-3
8
-7
1
-4
-1
-8
-20
15
11
0
-24
-7
-1
-11
10
23
1
-19
12
5
-14
-6
14
4
-7
4
-8
8
-2
-16
9
22
-10
2
-7
-6
5
6
5
-1
-10
-8
6
-2
6
-2
7
-6
-2
17
-14
0
4
-3
1
-5
1
-3
5
-6
2
-4
11
14
-22
10
6
-12
-7
5
4
6
-7
-3
0
-4
-9
6
17
-5
-10
5
11
-11
-3
9
-9
-9
12
6
-6
-6
-8
-7
4
11
4
1
6
1
14
-6
-1
-1
6
2
-7
2
-1
0
-5
11
8
-10
-7
-5
-5
-7
-5
2
8
-7
-4
5
-6
5
5
-6
1
12
10
-8
-7
-2
2
-1
6
17
0
-6
-5
2
-4
-1
-2
-5
-5
3
-1
-8
1
-1
-8
5
6
0
8
-3
1
9
-8
-6
10
2
3
-1
0
7
1
-12
7
2
-4
-7
-1
4
-6
-1
7
8
-11
9
0
0
-8
-4
-3
-6
-1
7
5
-1
11
-16
2
10
-9
-6
17
4
-16
2
1
2
-3
8
11
4
-8
-2
-2
-7
-4
-5
-3
6
2
1
7
-3
-6
10
4
-9
3
1
-12
6
13
-3
-9
4
7
-6
-5
7
0
1
5
-3
-6
-3
1
1
3
0
4
1
3
5
-2
-5
-5
0
6
0
0
-3
0
-1
-5
6
1
-1
-2
9
-4
-3
-3
-3
6
-2
-6
-2
-3
-7
5
7
0
5
1
7
-4
-2
1
-4
5
2
-4
1
3
-5
9
3
2
2
-12
-3
7
2
-1
3
-3
-7
-1
-2
5
-2
-2
4
-8
0
5
7
-1
1
-2
6
-3
-6
12
5
-6
1
11
-6
-7
3
0
-4
4
7
1
3
-2
-7
1
-3
-1
-3
-1
0
-6
-6
-2
2
0
2
-4
5
0
-7
3
4
1
1
0
-3
1
6
-3
4
-4
-1
3
-3
-1
4
6
-5
3
-2
