0
0
0
0
0
1
0
1
1
0
0
0
0
0
0
0
0
0
0
1
0
1
0
0
0
0
0
0
0
1
0
0
0
1
0
1
1
0
0
0
0
-1
0
0
1
0
0
0
0
0
0
0
0
0
0
0
0
0
-1
0
0
0
0
0
0
0
0
0
-1
0
1
0
0
0
0
0
0
0
-1
1
0
0
0
1
0
1
0
0
0
0
0
0
0
-1
0
1
0
0
0
1
0
0
0
0
-1
1
1
0
0
1
0
0
0
0
0
0
0
0
-1
0
0
0
0
1
0
0
0
0
0
0
-1
-1
1
0
0
1
0
0
-1
0
-1
1
0
1
0
0
0
0
1
-1
0
0
0
0
0
0
0
0
0
0
0
0
0
0
-1
0
0
0
0
1
0
0
0
0
0
0
0
0
-1
0
0
0
-1
0
0
1
0
-1
0
0
0
0
1
1
1
0
0
-1
0
0
-1
0
0
0
0
-1
0
0
0
0
0
0
1
0
0
0
0
0
1
0
0
0
0
0
0
0
-1
1
-1
0
-1
0
0
0
0
-1
0
0
0
0
0
0
0
0
0
1
0
0
0
0
0
0
0
0
0
0
0
0
0
0
-1
0
0
0
1
0
0
0
0
-1
0
-1
0
1
0
0
1
0
0
0
0
0
0
0
0
0
0
1
-1
0
-1
0
0
-1
0
0
0
0
-1
0
0
0
0
0
1
0
0
0
0
0
0
0
-1
0
0
0
0
0
0
-1
0
0
0
0
0
0
-1
0
-1
0
0
0
0
1
0
0
0
0
0
0
0
0
0
0
0
0
1
0
0
0
0
1
0
-1
0
1
0
0
0
0
0
0
0
-1
-1
0
0
0
1
0
-1
0
0
-1
0
0
0
-1
0
0
1
0
0
0
0
0
0
1
0
0
0
0
1
0
0
0
1
1
0
0
0
0
0
0
1
0
1
0
0
0
1
0
0
0
-1
1
1
0
-1
0
0
0
0
0
0
0
0
0
0
0
1
0
1
0
0
0
0
0
-1
0
1
0
0
-1
0
-1
0
0
-1
0
0
0
0
0
0
0
0
0
0
0
0
0
0
0
0
0
0
0
0
0
0
0
0
0
0
0
0
0
0
0
0
0
-1
0
0
0
0
0
0
0
-1
0
0
0
0
0
0
0
0
0
0
0
0
0
0
0
0
0
0
0
0
0
0
1
-1
0
0
0
0
0
0
0
1
0
0
0
0
0
-1
0
0
0
0
0
0
0
0
0
0
-1
-1
-1
-1
0
-1
0
0
0
0
0
0
-1
-1
0
-1
0
0
0
-1
0
0
0
0
0
0
0
1
0
0
0
0
0
0
0
0
0
0
1
1
0
0
0
0
0
0
0
0
0
0
0
1
0
0
0
0
0
1
1
0
0
0
0
0
-1
0
0
0
0
0
0
1
0
0
1
0
0
0
1
0
0
1
0
1
1
0
0
0
0
0
0
0
0
0
0
1
0
1
1
-1
0
0
0
0
0
0
0
0
0
0
0
1
0
0
1
0
0
0
1
0
0
0
-1
0
0
0
0
0
0
0
0
0
0
1
0
0
0
-1
-1
0
0
0
0
0
0
0
0
0
0
-1
0
1
0
0
0
0
0
0
0
-1
0
1
0
0
0
0
-1
0
-1
-1
0
0
0
0
1
0
0
0
0
0
0
0
0
1
1
0
1
-1
0
0
0
0
0
0
0
0
0
0
0
0
0
0
0
0
0
0
0
0
0
0
0
0
0
0
0
0
-1
1
0
1
0
0
1
0
0
0
0
0
1
-1
0
0
0
0
0
1
0
0
-1
0
0
0
0
1
0
0
1
-1
-1
0
0
0
0
0
0
0
0
0
0
0
-1
0
0
0
1
0
0
0
0
1
0
-1
-1
0
0
0
-1
0
0
0
0
0
-1
0
0
0
0
-1
0
0
0
0
0
0
0
0
0
0
0
0
0
0
-1
0
0
0
0
0
0
0
0
0
1
0
-1
0
0
0
0
0
0
0
0
0
0
0
0
0
0
0
0
0
0
0
-1
0
0
0
0
0
0
0
0
0
0
0
0
0
1
0
0
0
0
0
0
0
1
0
0
0
1
1
0
0
0
-1
1
1
0
0
0
0
0
0
0
1
0
0
0
1
0
0
0
0
0
-1
0
0
0
0
0
0
0
0
0
0
-1
-1
-1
0
0
0
0
-1
0
0
0
0
0
0
0
0
0
1
0
1
0
0
0
0
0
0
1
-1
0
1
-1
0
0
0
0
0
0
0
-1
0
0
0
-1
0
-1
0
0
0
0
0
-1
0
0
0
0
0
0
-1
0
0
0
0
0
0
0
0
-1
-1
0
0
0
0
0
1
0
0
0
0
0
-1
0
0
0
0
0
0
0
0
0
1
0
1
0
0
1
-1
1
0
0
0
-1
-1
0
0
0
-1
0
-1
0
0
0
-1
0
0
0
0
1
0
0
0
0
0
0
1
0
1
0
0
0
0
0
0
1
0
0
0
1
1
0
0
0
0
0
0
0
0
-1
1
0
0
0
0
0
0
0
1
0
0
-1
0
0
0
-1
-1
0
0
1
0
-1
0
0
0
0
0
0
-1
-1
0
0
-1
1
0
1
0
0
0
0
0
0
1
0
0
0
0
0
0
0
0
0
1
-1
-1
0
0
0
0
0
0
0
0
1
0
0
0
0
0
0
-1
0
0
-1
0
0
-1
0
-1
0
0
0
0
0
0
1
1
0
0
1
0
-1
-1
-1
0
0
0
1
-1
0
0
0
0
1
0
0
0
0
-1
0
0
0
0
1
1
1
1
0
0
0
-1
0
0
0
0
0
0
1
1
0
0
1
0
0
0
-1
1
0
0
0
0
0
0
0
0
0
0
0
0
0
-1
-1
0
0
0
0
1
0
0
0
0
0
0
-1
-1
0
-1
-1
0
0
1
0
0
1
1
0
1
-1
0
0
0
0
0
0
0
0
1
0
0
0
0
-1
1
0
0
1
0
0
0
0
0
0
0
0
-1
0
0
0
-1
1
0
1
1
1
0
0
0
0
0
0
0
0
0
1
0
0
1
0
0
0
-1
-1
0
0
0
0
0
0
0
0
-1
0
0
0
-1
0
0
1
1
0
0
0
0
0
0
0
-1
-1
0
-1
0
0
0
1
0
0
0
1
1
-1
0
0
0
0
-1
0
0
0
-1
0
0
0
0
-1
-1
0
0
1
1
0
1
0
0
0
0
0
-1
0
-1
-1
0
0
0
1
1
1
1
0
1
0
0
-1
0
0
0
-1
-1
0
-1
0
0
1
0
0
1
1
2
-1
1
-2
-1
-1
0
-1
1
0
0
1
0
2
0
1
-1
1
-2
0
-1
1
0
0
1
0
2
0
1
-1
-1
-1
-2
-2
-2
-1
0
0
0
1
0
2
1
1
1
1
0
0
-1
-1
-1
-1
0
-1
0
0
1
-2
0
-1
-1
-1
-1
1
0
1
1
2
1
2
0
0
-1
-1
-1
-3
-1
-3
0
-2
1
0
2
1
2
1
0
1
-2
1
-2
1
-2
-1
-1
-1
0
-2
3
-2
4
-3
3
-3
2
-1
1
0
-1
1
-2
2
-2
3
-3
3
-2
3
0
1
1
0
1
0
2
0
2
0
1
0
-1
-1
-3
0
-2
0
-2
-1
0
0
1
0
3
-1
2
-1
2
-1
2
0
0
1
-1
1
-2
2
-2
3
-2
3
-2
2
-2
-1
-2
-1
-1
-1
0
-2
1
-2
1
0
2
1
2
2
3
2
0
1
1
0
0
-1
0
-2
-1
-3
0
-2
0
-1
0
0
0
1
-1
3
-1
3
0
2
-1
1
-1
0
-1
-2
-1
-2
1
-1
2
0
2
1
3
2
3
1
1
1
0
0
-3
-1
-3
-2
-2
-1
-1
0
0
2
2
2
3
2
1
0
0
-1
-2
-3
-2
-2
-2
0
-1
1
0
2
0
1
-1
1
-1
-1
-1
-1
-1
-1
1
0
3
1
3
2
3
1
1
0
-2
-2
-4
-1
-4
-1
-3
1
-1
2
0
3
2
3
1
1
1
0
0
-2
-1
-2
-1
-3
1
-2
1
-2
2
-1
3
0
2
0
1
-1
0
0
-1
0
-1
0
-2
1
-1
2
-1
2
0
2
1
1
0
0
1
-1
1
-2
1
-3
1
-3
1
-3
0
-1
0
0
0
1
-1
1
0
1
-2
0
0
0
-1
-2
0
-1
1
0
0
0
0
1
0
2
-1
1
0
1
0
1
0
0
1
0
2
-1
3
-3
2
-3
0
-3
0
-1
-2
0
-2
1
-1
2
-1
2
0
1
0
0
2
0
2
0
1
1
1
1
0
2
-1
3
-1
2
0
2
0
0
1
-1
1
-2
1
-3
0
-2
0
-1
-1
-1
-2
-1
-1
-1
-1
0
-1
-1
0
-1
0
-1
1
0
0
1
-1
2
0
3
-1
2
0
2
0
2
1
2
1
1
2
0
1
-1
1
-1
0
-1
0
-1
-1
-1
-1
-1
-1
-1
-1
-1
-1
-1
-1
-1
-1
-1
0
0
-1
0
0
0
-1
1
0
1
-1
2
0
1
0
1
1
0
1
0
1
0
1
0
1
0
1
0
1
0
1
1
1
1
0
1
0
1
0
0
0
2
-1
1
-1
0
-1
0
0
0
-1
-1
0
-1
0
-2
1
-2
0
0
-1
1
-1
1
-2
0
-1
1
-1
0
1
-2
3
-3
3
-2
2
-2
1
0
-1
2
-3
3
-3
3
-3
2
-2
1
0
-1
2
-2
3
-3
3
-2
2
-2
1
0
0
1
-1
2
-1
2
-1
1
0
0
0
-1
0
0
-1
0
0
-1
-1
0
-1
0
0
0
-1
1
-1
0
0
-1
0
0
-1
-1
0
-1
1
0
0
-1
1
-1
1
-1
0
0
1
0
2
1
0
1
1
0
1
2
-1
1
0
1
0
0
-1
0
0
-1
1
-1
1
0
0
-1
-1
2
-2
2
-2
1
-1
0
0
0
1
-2
3
-2
2
-3
2
-2
1
1
-1
0
-1
2
-2
1
-1
-1
2
-3
2
-2
2
-3
2
0
0
3
-5
4
-5
4
-4
4
-5
3
-1
-2
3
-4
3
-4
4
-4
3
-2
0
2
0
2
-2
2
-3
3
0
0
2
-2
1
-1
2
-2
2
-1
0
0
0
1
-1
1
-1
2
-1
2
-1
1
-2
1
0
0
1
0
-1
0
0
0
1
0
-1
1
0
0
0
-1
0
-1
0
-1
1
-2
0
0
0
-1
1
0
-2
2
-3
2
-2
1
-2
3
-2
0
2
-4
3
-1
1
-2
3
-2
3
-1
1
0
0
1
-2
4
-4
3
-2
1
0
-1
-1
0
1
-3
5
-6
6
-4
3
-3
2
0
-3
5
-6
7
-5
5
-4
4
-2
1
0
0
2
-1
4
-1
2
2
-2
2
-3
3
-3
3
-2
2
1
-2
3
-4
3
-4
2
-3
2
-2
-1
1
-2
1
-1
1
-3
5
-5
5
-4
4
-1
-2
3
-3
0
-2
3
-7
5
-3
-1
-2
6
-16
11
-5
-13
14
-15
5
-7
7
-7
4
-3
1
-2
-8
9
-12
4
0
3
0
3
5
0
0
4
-1
4
-1
5
5
0
6
3
2
0
2
2
-4
3
-3
3
-4
-1
-2
-1
-5
0
-2
-3
-1
-4
3
-4
1
1
4
0
1
9
-3
9
2
6
1
9
-3
8
1
0
5
1
1
-3
7
-7
6
-8
4
-3
-2
-1
-2
1
-3
2
-4
6
-6
4
-2
1
-4
1
1
-6
2
0
-5
0
-3
-5
1
-7
-3
-3
-5
-3
-7
3
-9
0
-3
3
-11
8
-4
-3
3
-1
-1
4
0
0
3
7
-9
13
-5
1
6
-1
0
1
0
0
2
2
-2
6
-3
0
6
-4
7
-3
4
3
-3
4
8
-5
8
0
4
4
8
-4
6
1
0
5
4
-3
1
7
-5
8
0
1
-3
7
-11
7
-1
-2
-3
2
-8
-4
6
-15
5
-10
-5
-5
0
-8
-2
-4
-5
-6
0
-11
3
-8
-2
-3
-3
-4
0
-1
0
1
0
3
-4
10
-7
10
3
-2
5
1
3
7
0
10
-6
17
-16
15
2
-5
17
-21
17
-20
10
-3
-1
8
-17
23
-29
26
-13
-1
9
-25
17
-17
15
-11
16
-13
4
9
-4
24
-24
29
-30
18
-10
-4
25
-26
27
-11
9
3
8
9
-17
16
-19
13
-8
-4
-2
-1
-2
-10
7
-14
-13
21
-24
7
17
-20
22
3
-20
31
-17
6
-7
-10
6
-18
17
-15
10
-15
23
-31
22
-7
-27
14
-7
-22
16
-10
-24
27
-9
-11
37
-28
6
14
-27
16
12
-15
19
-3
-13
40
-22
15
20
-27
23
-9
-7
0
16
-34
19
-5
-30
39
-23
-14
43
-50
40
-12
7
-8
25
-31
19
0
0
14
1
5
-3
31
-32
21
12
-24
10
21
-60
73
-47
-3
40
-66
40
-16
-11
-5
16
-13
-4
21
-16
9
-4
-1
5
4
22
-26
43
-28
17
-23
24
-10
-15
8
-7
8
-5
14
-7
5
2
-7
9
-15
5
1
-19
25
-15
4
-6
-3
-3
-10
17
12
-15
18
-9
-33
20
-32
-7
3
3
-4
9
-1
-10
18
4
-36
27
-37
16
21
-21
11
-1
-19
2
36
-45
52
-29
-26
23
-40
34
-33
53
-33
26
-8
-13
8
-28
39
8
-43
36
-23
13
30
-19
9
17
-3
-10
26
-46
-15
16
-5
-6
30
-43
-2
22
1
16
12
42
-42
11
17
-63
45
0
-2
30
-13
-17
-4
-43
10
-68
56
5
7
56
-33
-4
-19
-9
-15
18
40
9
38
-9
-35
-22
-29
40
-8
5
22
-50
61
-39
12
-7
-7
16
-14
53
-15
-15
28
-97
50
31
27
47
40
-54
0
-14
-101
77
-77
18
-6
47
-60
42
1
-45
103
-23
-48
25
-93
9
70
30
44
-5
24
-69
73
-64
19
69
-42
8
-11
-57
19
30
-51
62
-43
11
27
0
23
-63
-33
-6
-59
23
36
11
75
-6
20
-69
-57
-24
-23
2
89
2
18
69
-45
16
-29
-20
-45
-49
9
-19
27
89
-145
80
-77
14
59
-11
13
-82
-28
-33
59
31
25
29
-13
-32
36
-14
-37
-30
16
17
62
25
-39
-6
-93
8
40
-44
78
72
-17
53
-26
-65
-31
-23
83
49
-16
84
-79
22
54
-109
21
-60
19
16
43
-12
-61
38
2
-63
103
-56
18
49
-93
-14
-1
-33
-97
94
-15
81
111
-11
76
-63
17
-72
-22
8
-7
119
3
20
-52
-22
-12
-6
58
17
-4
35
-89
17
-12
-9
76
-57
32
-200
103
-118
-45
136
-103
165
-96
81
-133
80
-78
-74
121
-53
91
57
38
-26
69
-92
30
8
-80
54
-73
135
-150
95
40
-110
58
-59
59
-167
153
-155
37
-39
-112
71
-94
68
102
0
101
-44
127
-34
122
-132
-78
4
-47
47
50
120
-109
196
-152
119
-70
-144
99
-200
126
-147
-4
146
-243
186
-105
100
-70
-37
101
-113
113
3
-17
58
18
19
-41
32
29
-227
116
-85
-43
60
162
-129
178
-28
-346
150
-2
-85
223
21
-64
39
67
-283
169
84
-203
352
-33
8
-30
97
-216
-42
-8
-202
102
239
44
39
153
-152
-67
75
-211
120
120
3
-42
66
-93
-185
266
-267
196
40
51
25
-18
-27
-273
133
-238
38
12
50
49
-117
215
-53
70
56
-166
-50
-11
75
-64
285
55
-193
217
-57
-197
-16
-116
-8
-16
0
-93
12
-142
78
-122
69
35
71
-16
89
31
-135
231
-243
190
115
-13
233
43
94
-160
231
-215
63
29
16
22
-9
-46
-46
117
-181
48
-36
-32
116
-55
62
-253
214
-246
66
110
-102
104
-169
260
-196
200
13
11
110
-165
278
-168
187
-41
-42
33
-294
108
-41
14
30
91
2
53
69
-155
144
-76
-1
243
32
81
31
-48
-149
100
-171
-132
-72
-307
-96
-16
-78
-145
-69
-68
-222
78
-181
-89
-25
-140
177
-121
128
64
-76
108
-13
81
33
69
53
116
94
233
126
117
165
104
77
-7
112
-15
-11
56
-61
2
-41
-39
-140
73
-15
-56
54
-138
65
-175
10
-133
-182
74
-140
146
86
102
252
64
146
93
134
82
25
90
-17
41
60
32
0
-12
63
-23
31
-70
87
-147
-136
49
-93
11
-32
-137
3
16
-58
-66
-88
-225
-132
-179
-133
-149
-150
-72
-173
-80
-18
-124
-15
-84
-66
-92
-43
-55
-41
51
-16
16
178
46
153
30
54
-24
29
121
-3
119
68
44
78
60
-35
55
57
16
127
183
140
138
240
62
152
73
42
50
60
24
-81
26
-113
-65
-5
-49
-98
-88
-30
-137
-126
-119
-160
-126
-77
-102
-99
-22
-49
-46
79
1
-12
17
-9
2
71
-8
12
125
22
12
24
-5
-48
92
66
25
158
70
75
79
-41
-71
-168
-106
-164
-135
-92
-101
-12
5
39
-11
13
-45
-70
-32
-88
-137
-108
-111
-99
-62
-26
20
62
53
100
127
71
17
-71
-72
-152
-199
-87
-125
-93
39
8
57
77
101
73
74
81
-13
15
61
72
60
41
48
-39
-47
-53
-78
-66
-75
-119
-112
-131
-144
-115
-166
-168
-159
-143
-147
-159
-153
-85
-20
12
123
171
224
223
228
233
263
240
227
241
201
220
198
189
219
142
177
179
178
179
103
53
59
78
99
125
158
200
286
412
445
532
530
480
468
432
447
456
456
431
453
392
341
238
80
-94
-216
-305
-361
-334
-407
-408
-380
-341
-360
-379
-365
-365
-419
-431
-475
-569
-563
-589
-681
-708
-812
-863
-944
-961
-993
-1050
-1040
-1082
-1104
-1085
-1039
-956
-947
-911
-771
-682
-546
-485
-366
-312
-265
-154
-62
67
105
71
71
61
24
-5
-89
-125
-88
-112
-31
39
157
362
572
868
1142
1517
1861
2120
2365
2540
2683
2770
2842
2711
2599
2436
2260
2161
1971
1829
1625
1476
1282
1140
963
764
511
278
124
-24
-33
-23
20
138
244
359
510
513
504
346
100
-138
-369
-542
-748
-981
-1271
-1401
-1562
-1681
-1935
-2214
-2524
-2842
-3108
-3397
-3619
-3943
-4246
-4531
-4662
-4811
-5037
-5266
-5390
-5316
-5286
-5459
-5855
-5806
-4863
-3060
-1015
908
2801
4900
7341
9421
10846
11144
10606
9400
8022
6415
4595
2442
214
-1601
-2625
-2934
-3066
-3165
-3220
-3043
-2721
-2777
-3070
-3594
-3734
-3861
-3694
-3276
-2224
-524
1171
2693
3976
5501
6846
7801
7856
7132
5899
4642
3658
2651
1654
510
-285
-558
-283
215
597
772
708
637
679
784
785
712
632
668
1130
1898
2639
3089
3087
2853
2482
1769
741
-528
-1916
-3341
-4545
-5460
-5976
-6240
-6536
-6822
-7024
-7065
-6946
-6884
-7132
-7531
-7920
-8003
-7871
-7675
-7750
-8096
-7875
-6176
-2956
627
3778
6348
9079
11972
14540
15791
15422
13561
10883
8048
5230
2365
-715
-3752
-5963
-6846
-6531
-5826
-5306
-4836
-4114
-3405
-3105
-3443
-3870
-3955
-3680
-3161
-2122
-60
2745
5709
8025
9814
11406
12561
12773
11428
8759
5201
1562
-1744
-4571
-6994
-8975
-9968
-9528
-7371
-4134
-745
2167
4643
6938
8677
9686
9696
8909
7483
5881
4609
3948
3702
3331
2612
1856
1416
1048
296
-1206
-3301
-5413
-7170
-8366
-9027
-9221
-9090
-8606
-7800
-6580
-5075
-3826
-3312
-3420
-3797
-4114
-4354
-4722
-5325
-5848
-6003
-5893
-5737
-6113
-6444
-5960
-3960
-1280
1180
3264
5233
7649
10115
12004
12454
11553
9731
7696
5596
3368
704
-2319
-4897
-6159
-6126
-5411
-4815
-4184
-3010
-1483
-322
-69
-415
-494
-207
136
518
1416
3230
5368
6980
7755
8198
8457
8269
7006
4449
960
-2503
-5277
-7110
-8218
-8727
-8583
-7187
-4233
-23
4569
8463
11317
13259
14530
14823
13815
11553
8555
5281
2344
54
-1358
-2182
-2772
-3255
-3403
-3157
-2779
-2805
-3604
-4837
-5974
-6521
-6647
-6708
-6758
-6493
-5800
-4754
-3332
-1964
-1021
-873
-1356
-1816
-2143
-2651
-3786
-5412
-7030
-8083
-8697
-9296
-10504
-12069
-12504
-10473
-6133
-1273
2954
6446
10420
14645
18376
19667
18231
14458
10052
5795
1810
-2129
-6243
-9584
-11100
-9999
-7245
-4286
-2032
-150
1869
3359
3420
1908
-56
-1466
-2241
-2464
-1796
408
3779
7050
9165
10144
10581
10383
8763
5239
221
-5013
-9135
-11484
-12289
-11881
-10497
-7885
-3438
2639
9313
14600
17426
18274
18248
17089
14431
10188
5215
532
-3183
-5573
-6355
-5944
-5067
-4182
-3211
-1857
-435
234
-374
-1931
-3537
-4439
-4946
-5417
-5758
-5658
-5003
-4047
-2833
-1593
-796
-1049
-2110
-3239
-4024
-4689
-5872
-7428
-8827
-9681
-10026
-10260
-10610
-11074
-11858
-11701
-8947
-3229
3256
8545
12139
15632
19549
22586
22606
19002
12997
6432
839
-3751
-7640
-11480
-14315
-14745
-11643
-6452
-1538
1461
2946
4361
5751
5706
3277
-141
-2592
-3195
-2455
-498
2776
6910
10424
12350
12738
12337
10845
7289
1413
-5425
-11269
-14960
-16393
-15880
-13784
-10385
-5461
1052
8415
14941
18999
20533
20381
19092
16491
12377
6804
934
-3956
-7184
-8731
-8929
-8125
-6707
-4957
-2912
-544
1506
2370
1853
639
-591
-1557
-2439
-3351
-4260
-4955
-5213
-4794
-3832
-2792
-2084
-1601
-1157
-920
-1219
-2086
-3316
-4631
-6022
-7644
-9254
-10736
-11433
-11600
-11638
-12093
-12392
-10611
-5409
1984
8556
12868
15317
17709
20097
20991
18095
11695
3639
-2881
-6711
-8511
-10105
-11866
-12286
-9461
-3485
2528
5981
6142
5152
4632
4075
1634
-2616
-6611
-7881
-5966
-1981
3007
8228
12555
15289
16132
15197
12513
7597
490
-7528
-14326
-18494
-19506
-17920
-14234
-9049
-2893
4101
11565
17869
21199
20739
17452
13310
9133
4753
139
-4154
-7144
-7849
-6246
-3364
-648
1031
1752
2072
2498
2695
1958
5
-2285
-3626
-3593
-2821
-2061
-1584
-1305
-1014
-709
-456
-515
-1259
-2456
-3418
-3701
-3419
-3033
-2908
-2944
-3269
-3745
-4378
-5245
-6398
-7777
-9249
-10246
-10404
-9941
-9617
-10058
-9817
-6759
-263
6973
12381
14909
16316
18161
20083
19570
15021
7385
-488
-5621
-7844
-8920
-10786
-12825
-12859
-9167
-3336
1478
3017
2311
1874
2794
3676
2786
780
-331
1071
4302
8339
11821
14026
14115
11964
8125
3507
-1689
-7573
-13691
-18771
-21082
-19825
-15428
-9197
-2462
3735
9259
14279
18359
20053
18309
13558
7725
2651
-1113
-4004
-6344
-7511
-6677
-3667
444
4058
6029
6294
5313
3804
2185
73
-2900
-6078
-8236
-8368
-6633
-4026
-1449
720
2483
3952
4967
5099
4124
2013
-762
-3227
-4768
-5542
-6023
-6484
-6618
-6084
-5099
-4020
-3309
-3144
-3547
-4305
-5165
-5987
-6856
-7945
-9496
-11660
-12903
-10863
-4617
3605
10793
15381
18559
21857
24909
24976
19937
10290
-752
-9433
-14664
-17822
-21038
-23605
-23064
-17179
-7360
2328
8514
11290
13256
15452
16561
14189
8808
3024
-225
-521
1220
3389
5215
6175
5999
4940
3140
509
-3450
-8497
-13490
-16502
-16563
-13736
-8976
-3508
1874
7174
12551
17329
20116
19372
15359
9725
4305
-182
-3950
-7297
-9464
-9379
-6675
-2155
2298
5131
6022
5509
4446
3199
1196
-2004
-5571
-7962
-8106
-6222
-3529
-889
1625
4049
6088
7351
7239
5537
2565
-896
-3937
-6043
-7390
-8196
-8383
-7607
-5859
-3903
-2443
-1669
-1502
-1697
-2300
-3494
-5329
-7317
-8990
-10269
-11604
-13397
-14001
-10710
-2586
7453
15668
20018
22103
23712
24680
21930
13530
772
-11833
-19976
-22889
-22755
-22246
-20774
-16024
-6171
6231
16390
20617
19667
17068
15034
12465
6967
-932
-7849
-10162
-7409
-1503
4371
8260
9609
9079
7258
4478
-42
-6579
-13880
-19476
-21197
-18587
-12613
-5119
2511
9258
15110
19999
23078
22773
18034
9930
1244
-5581
-9779
-12008
-12851
-11940
-8422
-2055
5505
11595
14323
13717
10925
7435
3842
-378
-5630
-10634
-13266
-12396
-9015
-4884
-1262
1799
4687
7221
8587
7977
5492
1919
-1503
-4188
-6001
-7311
-8121
-8178
-7166
-5367
-3415
-1948
-1317
-1077
-891
-977
-2002
-3873
-6028
-7985
-9764
-11745
-14444
-16634
-15121
-7951
2556
12158
18244
21468
23915
25908
25002
18490
6864
-6187
-15619
-19465
-19293
-18316
-17101
-13601
-5734
5126
14482
18240
16167
12028
8824
6429
2291
-4001
-9569
-10665
-6443
837
7617
11662
12657
11169
7885
3383
-2145
-8605
-14971
-19362
-19964
-16160
-8911
-300
7529
13261
16752
18306
18009
15120
9025
676
-7338
-12443
-13627
-11812
-8417
-4022
1510
8276
14948
19153
19284
15508
9202
2290
-3835
-9000
-13488
-16776
-17408
-14534
-8998
-2602
3003
7321
10360
12036
12050
10069
6418
1927
-2635
-6592
-9553
-11351
-11906
-11322
-9579
-7022
-4273
-1790
224
1708
2557
2436
776
-1905
-5119
-8124
-11047
-13990
-17076
-19506
-18596
-11819
14
12353
21501
26251
28561
29543
28137
21495
9204
-5938
-18362
-24468
-24648
-21972
-18625
-14029
-6480
4145
14317
19849
18754
13636
8476
4906
1336
-3750
-8807
-10495
-6835
585
8374
13507
14850
12691
7964
2052
-4019
-9952
-15456
-19302
-19723
-15638
-7757
1558
9692
14961
17066
16688
14714
11436
6506
46
-6352
-10440
-10678
-7513
-2750
1870
5684
9005
11936
13573
12494
8283
1951
-4429
-8785
-10754
-11281
-11177
-10173
-7586
-3212
1862
6138
8650
9523
9283
8264
6563
4021
655
-3166
-6695
-9388
-10715
-10831
-10125
-8719
-6676
-4155
-1288
1469
3413
4025
3295
1416
-1339
-4485
-7772
-11071
-14219
-16680
-18202
-17552
-12524
-2079
10787
21592
27539
28871
27667
24620
18581
7873
-5992
-19086
-26467
-26577
-21428
-14932
-9067
-2934
4662
13022
18324
17734
11568
4213
-756
-2980
-4748
-6798
-7319
-3923
3141
11098
16444
17222
13441
6487
-1327
-8299
-13659
-17551
-19563
-18538
-13512
-5164
4430
12445
16856
17232
14474
10256
5925
1710
-2804
-7055
-9514
-8639
-4637
846
5523
8202
9272
9713
9900
9102
6456
2094
-2625
-5863
-6901
-6558
-6144
-6160
-5942
-4541
-1773
1309
3779
5343
6346
6928
6893
5977
4025
1066
-2491
-6097
-9130
-11039
-11460
-10611
-8762
-6194
-3070
248
3036
4629
4673
3017
-31
-3664
-7242
-10475
-13511
-16274
-18437
-18444
-13988
-4079
8391
19060
24798
25823
24397
21570
16322
7337
-4427
-15507
-21395
-20586
-15193
-8950
-4165
-414
3812
8391
11081
9664
4447
-1003
-3704
-3265
-1782
-591
887
4402
9564
14205
16052
13875
7937
-229
-8463
-14608
-17592
-17738
-15573
-11432
-5324
2178
9453
14482
15833
13280
8178
2636
-1402
-3540
-4416
-4809
-4331
-2274
1370
5388
8003
8488
7327
5939
5362
5355
4803
3235
1029
-899
-1931
-2338
-3158
-4777
-6475
-6821
-5297
-2485
680
3446
5478
6645
6895
5944
3578
-55
-4219
-8047
-10733
-11666
-10878
-8875
-6189
-3174
-35
2673
4414
4821
3601
1087
-2335
-6010
-9322
-11759
-13632
-15266
-16709
-17293
-14816
-7345
4322
15822
23163
25016
23677
21212
17748
11493
1736
-9382
-17304
-18909
-15227
-9566
-5201
-2652
-386
3007
6124
6600
3403
-1178
-3703
-2872
-190
2179
4003
6567
10345
13622
14603
12234
6677
-953
-8793
-14729
-17273
-16226
-12609
-7638
-2026
3722
8873
12329
12997
10501
5655
547
-2598
-2905
-1303
557
2006
3368
5005
6429
6703
5372
3060
1220
745
1444
2609
3365
2974
1574
-53
-1559
-3189
-5042
-6524
-6711
-5313
-2752
204
2827
4659
5521
5122
3425
1028
-1507
-3837
-5757
-7088
-7575
-7130
-5937
-4357
-2808
-1538
-442
219
359
-95
-1193
-3016
-5134
-6956
-8182
-9263
-10814
-12945
-15166
-15229
-10400
-251
11403
20263
23889
23637
21706
18732
13147
3831
-7451
-16423
-19309
-16280
-10097
-4699
-1535
247
2109
3622
3270
499
-3228
-4684
-2743
1471
5562
8888
12016
15003
16329
14803
10437
3945
-3528
-10908
-16444
-18516
-16490
-11264
-4852
939
5501
8690
10314
10055
7842
4056
245
-1794
-1093
1617
4536
6191
6176
5063
3409
1565
-326
-1707
-2093
-1288
631
3283
5473
6089
4603
1750
-1401
-4105
-6111
-7201
-7127
-5908
-3716
-1055
1584
3750
5054
4941
3610
1845
232
-1174
-2586
-3992
-5180
-5733
-5636
-5093
-4474
-4013
-3737
-3612
-3131
-2439
-2096
-2793
-4155
-5424
-6201
-7151
-9082
-12207
-15862
-17015
-12264
-1066
12056
21685
25043
23998
21558
18379
12527
2735
-8737
-17008
-18353
-13636
-6600
-1375
598
509
162
-96
-1313
-3894
-6285
-5494
-920
5645
11178
14766
16888
17808
16465
12525
6690
-41
-6715
-12646
-16336
-16467
-12887
-7334
-2176
1118
2788
3527
3788
3441
2408
864
23
993
4095
8054
10923
11310
9201
5657
1811
-1411
-3547
-4142
-3374
-1626
612
3030
4633
4650
3021
423
-2144
-3819
-4455
-4215
-3322
-2128
-817
379
1381
2183
2566
2096
930
-258
-1108
-1666
-2377
-3473
-4725
-5478
-5414
-4864
-4395
-4379
-4804
-5188
-4822
-3750
-2808
-2902
-3836
-4785
-5164
-5797
-7728
-11524
-15745
-16279
-9671
2778
15285
22660
23541
21270
18492
15205
9049
-260
-9674
-14163
-11855
-5287
1159
3732
2419
-712
-3358
-5467
-7509
-9399
-9071
-4909
2195
9247
13802
15910
16467
15410
12186
7518
2638
-1668
-5507
-8754
-10534
-10042
-7641
-4865
-3283
-3198
-3562
-3353
-2346
-811
821
2356
4140
6528
9189
11145
11459
9763
6672
3096
27
-1844
-1931
-705
673
1475
1853
2287
2464
1913
259
-1805
-3301
-3625
-3231
-2624
-2160
-1808
-1273
-363
961
2148
2462
1539
40
-1346
-2429
-3356
-4230
-4955
-5175
-4668
-3677
-2877
-2867
-4063
-6145
-7826
-7924
-6397
-4650
-3761
-3757
-3913
-4021
-4799
-7412
-11611
-13631
-9645
721
12523
20151
21204
18228
14826
12216
8543
2145
-5005
-8836
-6999
-1466
3641
4720
1557
-3195
-6873
-8834
-9809
-9926
-8427
-4131
2129
7823
10947
11962
12254
11977
10617
8240
5810
3756
1587
-1406
-4585
-6713
-7228
-6803
-6553
-6865
-6921
-6029
-4223
-1921
218
1806
3091
4681
6642
8491
9661
9913
9245
7825
5963
4152
2965
2313
1465
216
-880
-1270
-1006
-700
-1222
-2416
-3470
-3926
-3958
-3795
-3318
-2391
-967
893
2874
4195
4022
2323
-180
-2546
-4234
-5043
-5030
-4436
-3441
-2548
-2021
-1910
-2475
-4291
-7021
-9453
-10285
-9051
-6677
-4862
-4384
-4763
-5503
-6528
-8193
-9180
-6753
407
9660
16735
18782
16425
12662
9370
6607
3089
-961
-3581
-2876
723
4485
5411
2285
-2736
-7126
-9317
-9643
-8757
-6962
-3930
-171
2815
4184
4659
5680
7280
8553
9171
9813
10193
9343
6237
1410
-3511
-6885
-8307
-8499
-8017
-7008
-5484
-3934
-2525
-1532
-1214
-1292
-841
871
3568
6617
9263
11071
11788
11111
9119
6436
3825
1561
-274
-1539
-1796
-1044
-79
84
-868
-2688
-4559
-5857
-6272
-5637
-4026
-1653
1131
3773
5219
4847
2549
-704
-3575
-5188
-5327
-4423
-2973
-1349
-239
-251
-1307
-3069
-5023
-6437
-7411
-8029
-8069
-7444
-6528
-5953
-6291
-7610
-9141
-10337
-9059
-3648
5067
13340
17600
16793
13008
9286
6368
3806
1051
-998
-967
1403
4365
5856
4671
614
-4297
-7852
-8899
-7746
-5182
-2135
778
2681
2370
276
-1484
-780
1985
5265
8086
10685
12799
12788
9318
3213
-2779
-6794
-8149
-7931
-6712
-4664
-2404
-1198
-1543
-2939
-4649
-5373
-4458
-1685
2249
6589
10364
12783
13416
12149
9443
6205
3457
1680
898
682
605
489
-240
-1800
-3600
-5026
-5975
-6357
-5928
-4617
-2443
28
1967
2675
2207
1060
-333
-1422
-1856
-1699
-1349
-1228
-1543
-2160
-2905
-3876
-4906
-5960
-6676
-6597
-6125
-5842
-6254
-7224
-8586
-9631
-10384
-10681
-10802
-9804
-5387
2795
12331
18513
19076
14752
9845
6677
5178
3958
2260
1357
2226
4274
4994
3277
-1088
-6178
-9461
-9875
-7807
-4459
-736
2310
3924
2883
-591
-4142
-4962
-2119
2532
7243
10795
13123
13301
10596
5209
-714
-4828
-6158
-5011
-3171
-1521
-777
-1092
-2577
-4694
-6890
-8332
-7619
-4318
755
6181
10683
13208
13547
11880
9065
6504
5478
5714
5954
5254
3620
1546
-810
-3425
-5883
-7340
-7209
-5568
-3352
-1489
-551
-512
-1181
-1999
-2388
-2479
-2578
-2402
-1349
385
1689
1570
-169
-2517
-4405
-5419
-5787
-5874
-5550
-5280
-5320
-6095
-7418
-8791
-9850
-10502
-11145
-11631
-11868
-9286
-2561
6801
14320
16631
14075
10153
8489
8655
9115
8253
6951
6745
7749
7776
5074
94
-5827
-10022
-11222
-9522
-6361
-3093
-650
506
167
-2193
-5288
-6629
-4323
652
6205
10583
12867
12762
9899
5169
467
-2035
-1925
-214
1693
2806
2634
642
-3255
-7797
-10871
-11317
-8826
-4218
854
4952
7594
8698
8397
7286
6107
5752
6616
8581
10469
11066
9554
5897
1098
-3795
-7238
-8125
-6427
-3695
-1323
-117
-756
-2687
-5022
-6481
-6613
-5511
-3978
-2585
-1282
-264
197
-252
-1486
-3188
-4333
-4261
-3259
-2117
-1931
-3166
-5355
-7649
-9511
-10649
-11151
-11395
-11319
-11039
-9495
-4966
2301
9082
11658
9856
6288
4608
5397
7354
8776
9176
9814
11005
11805
10456
6766
1326
-4047
-7094
-7349
-5633
-3715
-2821
-3253
-4711
-6859
-8926
-9081
-6380
-1413
3797
7946
10578
11385
9805
6143
2186
286
1357
4072
6254
6252
4302
1298
-2107
-5309
-7136
-6942
-4688
-892
2920
5425
5737
4078
1361
-690
-807
1324
5058
8697
10902
10721
8422
5027
1873
-236
-1142
-896
-116
347
-222
-1844
-4057
-6297
-7933
-8495
-7765
-5921
-3853
-2630
-2791
-3955
-5365
-6154
-5842
-4575
-2941
-1686
-1354
-2093
-3367
-4872
-6246
-7377
-7868
-7806
-7702
-8122
-8464
-6859
-2819
2277
5503
6082
5336
5481
6833
8107
8242
6935
5729
5730
6576
6750
5825
4109
2319
1458
1222
823
-410
-2313
-4284
-5940
-7431
-8928
-9158
-7051
-2992
1391
4678
6322
6389
5109
3127
1883
2541
4832
7046
7768
6581
4233
1453
-1460
-3934
-5068
-4370
-2303
615
3597
5626
5920
4515
2355
913
1108
2663
4737
6422
7004
6037
4098
2107
667
-86
-263
114
1055
1980
1667
-421
-3667
-6650
-8231
-8209
-7000
-5148
-3353
-2618
-3463
-5334
-7131
-8087
-7986
-6867
-5076
-3252
-2335
-2951
-4936
-7243
-9184
-10552
-11340
-11239
-8179
-1779
5585
9916
9525
6063
2560
1623
2978
5612
7965
9496
10586
10973
10122
7514
4087
733
-1386
-1834
-1349
-866
-1119
-2143
-4148
-6808
-9403
-10438
-8581
-4530
-271
2557
3913
4438
4218
3351
2331
2452
4130
6858
9131
9557
8360
5756
2776
490
-525
175
1363
2117
1922
741
-761
-1755
-1595
-1033
-37
1234
2693
4247
5215
5379
4608
3838
3633
3920
4177
3994
3385
2137
3
-2755
-4928
-5792
-5703
-5390
-5346
-5846
-6790
-8002
-9327
-10020
-9496
-7945
-5962
-4462
-4014
-4779
-6218
-7793
-8881
-9103
-8754
-8185
-7796
-5938
-1535
4236
8112
7592
4259
1358
1783
4799
8095
9884
9860
9600
9240
8440
6331
3383
566
-1140
-1250
-634
85
-6
-1012
-2918
-5331
-7557
-8722
-7702
-4952
-2150
-464
194
603
896
843
658
1487
4216
7809
10305
10313
8290
5713
3949
3159
3040
3331
3601
3841
3653
2893
1509
108
-714
-731
267
1534
2648
3372
3702
3354
2435
1676
1376
1481
1648
1909
2309
2599
2212
1093
-150
-1128
-1881
-2685
-3882
-5383
-6884
-8319
-9668
-10812
-11361
-11188
-10565
-9909
-9708
-9862
-9974
-9444
-8278
-7074
-6655
-6869
-5885
-2207
3214
7085
7020
4142
1809
2634
6061
9731
11828
12041
11554
10978
10021
7749
4471
1275
-812
-1163
-570
-311
-1225
-3126
-5378
-7353
-8786
-9291
-8059
-5435
-2906
-1506
-1033
-718
-399
-305
-176
972
3805
7157
9051
8599
6627
4993
4761
5372
5934
6125
6069
5805
5272
4579
3417
2071
854
192
398
1289
2401
3053
2960
2030
1028
725
965
1236
1222
1169
1242
1392
1075
187
-1000
-2188
-3124
-3963
-4628
-5234
-5873
-6516
-7089
-7513
-7927
-8412
-9104
-9899
-10583
-11149
-11602
-11909
-12007
-11864
-11387
-9429
-5273
-106
3813
4562
3197
2036
3384
6975
10673
12884
13019
12642
12085
11382
9741
7305
4976
3584
3642
3968
3383
1273
-1659
-4432
-6644
-8320
-9306
-8972
-7533
-6263
-6093
-6404
-6143
-4937
-3577
-2431
-935
1606
4590
6428
6430
5254
4732
5747
7802
9749
10653
10431
9389
8133
6840
5512
4158
2882
2030
1854
2170
2330
1903
1095
321
-172
-230
196
765
1008
929
870
1038
826
-26
-1143
-1835
-1946
-1806
-1836
-2436
-3691
-5369
-7028
-8042
-8284
-8336
-8981
-10298
-11701
-13007
-13689
-13986
-13918
-13685
-12629
-9440
-4527
382
2606
2220
1125
1532
4053
7313
10134
11644
12407
12764
12731
11924
10214
8288
6462
5618
5671
5620
4216
1254
-1918
-4384
-6041
-7519
-8381
-8121
-7103
-6303
-6294
-6268
-5450
-4103
-3052
-2497
-1298
918
3132
4022
3326
2300
2422
4222
6619
8225
8490
7814
7106
6822
6837
6566
5824
4846
4087
3897
4049
4163
3927
3360
2653
2172
2121
2142
1805
816
-341
-1119
-1424
-1554
-2068
-2874
-3697
-4036
-3952
-3681
-3599
-4262
-5487
-6744
-7274
-7108
-6851
-7333
-8629
-10186
-11359
-11768
-11721
-11705
-11701
-10282
-6742
-2348
345
-1
-1850
-2846
-1304
2233
5981
8726
9835
10016
9799
9599
9205
8654
8314
8370
8801
8787
7700
5331
2421
-232
-2441
-4021
-4844
-4629
-3892
-3846
-4997
-6582
-7313
-6843
-5837
-4908
-3888
-2079
140
1478
1319
174
-246
1104
4019
7201
9653
10629
10051
8932
8056
7627
7191
6635
5912
4908
3895
2964
2412
1922
1291
802
760
1090
1205
1086
772
543
486
241
-354
-1209
-1784
-2208
-2621
-3267
-4134
-4882
-5854
-7115
-8446
-9189
-9365
-9581
-10004
-10771
-11360
-11782
-11979
-12047
-11515
-8940
-4643
-227
1545
424
-1387
-1631
887
4493
7674
9199
9436
9333
8943
8274
7096
6198
5893
6214
6656
6370
5128
2976
613
-1656
-3471
-4491
-4377
-2984
-1440
-1036
-2232
-4082
-5281
-5493
-4936
-4041
-2668
-687
1011
1716
1129
619
1176
2991
5077
6615
7496
7728
7787
7597
7132
6165
5069
4300
3779
3374
2826
2596
2699
2978
3050
2492
1789
990
315
-174
-297
-74
43
-249
-1038
-1868
-2491
-2975
-3495
-3959
-4164
-4235
-4493
-5204
-6177
-7334
-8700
-10338
-11677
-12277
-12189
-12113
-12122
-10892
-7793
-3682
-1038
-880
-2015
-2164
-93
3240
6473
8452
9245
9534
9702
9811
9273
8222
7021
6489
6678
6907
6249
4134
1403
-1254
-3541
-5397
-6334
-5806
-4278
-3228
-3504
-4502
-5122
-5134
-4928
-4655
-3690
-1541
1042
3024
3991
4254
4379
4513
4884
5518
6296
7045
7469
7447
6859
5938
5133
4859
4734
4000
2792
1655
1266
1632
2076
1891
1090
347
-177
-705
-1442
-2075
-2230
-2044
-1947
-2127
-2325
-2532
-3014
-3880
-4748
-5108
-5082
-5270
-5866
-6785
-7781
-9012
-10741
-12536
-13648
-12695
-9397
-5006
-1836
-1411
-2755
-3758
-2617
472
4075
6877
8249
8923
9279
9593
9287
8379
7421
6920
7137
7199
6387
4402
1991
-197
-2207
-3905
-5015
-4994
-4188
-3682
-4171
-5123
-5471
-5066
-4562
-4407
-4162
-2950
-840
1349
2799
3394
3809
4347
5158
5793
6224
6742
7282
7717
7534
6942
6105
5380
4608
3477
2531
2117
2451
2757
2329
1211
-53
-694
-955
-1119
-1338
-1328
-1047
-991
-1578
-2558
-3371
-4004
-4479
-4829
-4941
-4743
-4799
-5624
-6997
-8325
-9099
-9649
-10372
-11385
-11370
-9114
-5143
-1504
-332
-1322
-2720
-2242
379
3874
6903
8326
8715
8601
8573
8360
7639
6745
5840
5735
5823
5462
4026
1772
-333
-2192
-3758
-5159
-5560
-4640
-3177
-2454
-3176
-4285
-4986
-5037
-4980
-4739
-3530
-1017
2059
4170
4779
4243
3850
4258
5159
6254
7082
7650
7712
7131
6009
4804
4146
3750
3430
2760
2128
1850
1714
1415
686
-244
-1077
-1542
-1758
-1725
-1570
-1526
-1711
-2170
-2491
-2435
-2384
-2708
-3407
-4083
-4548
-5177
-6175
-7518
-8620
-9371
-9898
-10513
-10886
-9643
-6642
-2889
-735
-958
-2257
-2881
-1562
1110
4176
6709
8224
8911
8938
8666
8062
7362
6741
6504
6570
6348
5411
3590
1392
-844
-3052
-5039
-6135
-5758
-4574
-3927
-4597
-6053
-6838
-6791
-6292
-5707
-4519
-1870
1555
4404
5204
4402
3666
4190
5955
7757
8915
9078
8595
7881
6948
6074
5037
4092
3289
2540
1880
1191
632
-142
-1098
-2036
-2590
-2537
-2380
-2225
-2186
-1987
-1743
-1740
-1939
-2245
-2401
-2534
-2625
-2699
-2953
-3612
-5046
-6987
-8711
-9742
-10068
-10363
-10126
-8496
-5297
-2000
-791
-1622
-2964
-2652
-400
2670
5478
7280
8405
8692
8427
7840
7297
7240
7306
7631
7627
6956
5225
2682
242
-2113
-4301
-6294
-7121
-6236
-4750
-4142
-5144
-6596
-7245
-6884
-5822
-4187
-1665
1413
3734
4463
3920
3327
3624
4827
6379
7651
8552
8720
8201
7048
5476
4196
3441
3398
3464
3036
2072
896
-56
-971
-2022
-3200
-3794
-3437
-2745
-2232
-2238
-2358
-2569
-3179
-3936
-4378
-3853
-3005
-2673
-3390
-4689
-5864
-6716
-7394
-8155
-8797
-8981
-7738
-5037
-1445
964
904
-682
-1871
-856
1851
4757
6634
7216
7392
7434
7669
7415
6629
5535
4624
4621
4967
5066
3883
1649
-846
-3119
-4909
-6108
-6059
-5041
-3955
-4001
-5167
-6161
-6268
-5371
-4148
-2661
-552
1958
3828
4307
3890
3715
4456
5679
6589
7106
7384
7489
7011
5839
4558
3902
3942
4045
3456
2089
646
-452
-1163
-1747
-2399
-3001
-3465
-3908
-4124
-4098
-3909
-3916
-4278
-4637
-4422
-3641
-3123
-3310
-4148
-4917
-5345
-5757
-6479
-7360
-7976
-7816
-5948
-2779
741
2334
1408
-473
-1267
400
3333
6114
7527
7843
7690
7292
7185
6644
6192
5667
5441
5691
5642
4800
2850
683
-1246
-3075
-4955
-6404
-6262
-4995
-3992
-4352
-5724
-6253
-5833
-5099
-4652
-3871
-1590
1502
3908
4366
3580
3050
3475
4762
6041
7275
8175
8555
8056
6702
5299
4357
4070
3814
3041
1852
536
-653
-1785
-2943
-3958
-4621
-4824
-4928
-4999
-5149
-5293
-5384
-5734
-6049
-5982
-5377
-4530
-4062
-4182
-4775
-5327
-5936
-6502
-7062
-6806
-4509
-937
2424
3207
1679
-365
-952
807
3590
6562
8450
9277
9151
8515
8118
7476
6911
6029
5568
5702
5700
4820
2523
-68
-2293
-4148
-5893
-7003
-6419
-4870
-3881
-4627
-6148
-6638
-6065
-5285
-5135
-4700
-2680
459
3122
3902
3328
2883
3438
4744
6027
7285
8316
8884
8580
7352
5979
5087
4769
4338
3259
1719
329
-625
-1339
-2056
-2817
-3562
-4343
-5276
-6134
-6566
-6558
-6291
-6201
-6306
-6424
-6615
-6916
-7288
-7456
-7266
-7119
-7450
-7973
-6927
-3652
774
3612
3438
1649
293
1172
3508
6164
8373
9602
10126
9649
9031
8317
7722
7065
6335
6388
6761
7005
5941
3652
901
-1919
-4406
-6322
-6742
-5631
-4243
-4068
-5438
-6981
-7795
-8059
-8048
-7625
-5818
-2755
78
1217
684
-125
-43
1072
2551
4165
6091
7874
8853
8383
6870
5487
4998
5324
5509
5102
4114
2927
1695
289
-1101
-2288
-3001
-3397
-3702
-3930
-4217
-4700
-5745
-7139
-8150
-8290
-7917
-7897
-8268
-8899
-9281
-9759
-9570
-7545
-3614
948
3187
2889
1173
578
1979
4366
7032
9100
10916
11687
11233
10031
8660
8039
7550
7290
7129
7115
6777
5339
3039
179
-2395
-4542
-5751
-5373
-3989
-2763
-3065
-4649
-6070
-6670
-6666
-6752
-6345
-4635
-2008
67
374
-507
-1281
-1115
-394
380
1437
2895
4366
4913
4355
3333
2599
2325
2078
1952
2085
2398
2317
1444
188
-879
-1453
-1933
-2412
-2683
-2443
-1979
-2355
-3492
-5069
-6220
-6928
-7303
-7528
-7651
-7700
-7904
-7063
-5062
-2012
209
930
723
797
2159
4007
6066
7536
8707
9593
9887
10033
9603
8980
7895
6857
6428
6372
6315
5303
3827
2229
575
-1347
-3406
-4305
-3985
-3058
-2846
-3511
-4022
-4265
-4578
-5478
-6081
-5244
-2948
-501
586
379
-378
-956
-1217
-1208
-422
1030
2604
3278
2806
1879
944
490
95
-195
-203
6
339
108
-748
-1913
-3040
-3818
-4248
-4265
-3831
-3258
-3031
-3582
-4674
-5699
-6303
-6436
-6649
-6693
-6678
-6142
-4438
-2084
518
1699
1615
928
1089
2872
5431
8058
9475
10050
9932
9644
9547
9198
8930
8207
7465
6834
6224
5475
3997
2644
1288
158
-1194
-2500
-2729
-2147
-1271
-1408
-2127
-2714
-2899
-3099
-3880
-4192
-3343
-1502
-41
3
-610
-984
-700
-565
-770
-648
132
1336
1662
1160
266
-388
-705
-1354
-1937
-2186
-1777
-1192
-1012
-1391
-2160
-2951
-3862
-4562
-4673
-4060
-3192
-2903
-3661
-5036
-6184
-6805
-6959
-7179
-7438
-7704
-6952
-4927
-1968
586
1177
560
-489
-43
1944
4763
7448
9052
9889
9689
9477
9320
9286
9278
8597
7968
7373
7130
6675
5487
4014
2211
674
-952
-1741
-1512
-524
240
-308
-1233
-1908
-1911
-2098
-2763
-2969
-1861
282
1841
2008
1298
649
401
-96
-571
-345
725
1900
1747
619
-686
-1413
-1923
-2837
-3876
-4290
-3575
-2760
-2431
-2810
-3346
-3779
-4406
-5087
-5336
-4590
-3337
-2428
-2579
-3475
-4354
-5146
-5719
-6258
-6467
-6188
-5771
-4578
-3041
-997
50
-126
-803
-1022
358
2195
4211
5411
6257
6827
6962
7248
7251
7426
7070
6369
5880
5618
5836
5239
4230
2908
1762
876
-105
-214
113
794
622
43
-172
255
765
293
-456
-407
1030
2792
3643
3558
3211
3029
2616
1811
1336
1527
2278
2419
1724
554
-602
-1601
-2868
-4072
-4892
-4885
-4558
-4533
-4921
-5356
-5477
-5449
-5495
-5443
-5066
-4278
-3429
-3033
-2948
-3041
-3042
-3392
-3944
-4472
-4544
-4123
-4064
-3636
-2744
-797
1024
1604
1209
465
938
1861
3110
3971
4630
5352
5387
5335
4914
4786
4656
4240
3860
3237
3061
2665
2261
1792
1036
219
-1171
-1922
-2057
-1399
-818
-674
-465
-356
-86
-418
-735
-567
646
2438
3880
4598
4644
4534
4369
4109
3804
3716
3764
3893
3679
3256
2446
1593
444
-932
-2394
-3472
-3681
-3367
-3010
-3385
-4252
-5361
-6168
-6627
-6557
-5967
-5001
-4154
-3936
-4225
-4648
-4963
-5099
-5321
-5102
-4258
-3470
-3348
-4383
-4797
-3831
-1280
1048
2077
2316
2407
3137
3547
3912
4220
4915
5670
5951
6171
6389
6643
6090
4402
2751
1956
2473
3070
3054
2668
1878
841
-1016
-2495
-3014
-2176
-1210
-1051
-1246
-1379
-1117
-1352
-2044
-2469
-1697
-33
1374
2007
2255
2653
2975
2567
1888
1617
2238
3118
3459
3367
3047
2880
2336
1265
-1
-854
-1011
-832
-524
-495
-653
-1200
-2207
-3222
-3755
-3526
-3006
-2714
-2859
-3223
-3652
-4019
-4464
-4906
-5058
-5066
-4946
-5032
-5448
-6054
-6572
-6189
-4822
-2592
-646
559
944
991
1213
1519
2192
2965
4124
5272
6212
6821
6856
6404
5352
4251
3808
3998
4632
4828
4650
4049
2994
1411
-538
-1772
-2041
-1369
-812
-600
-738
-946
-1322
-2175
-3024
-3223
-2381
-1106
-168
199
337
558
828
845
903
1093
1594
2053
2395
2617
2698
2589
1969
1032
16
-610
-656
-264
265
617
682
369
-267
-1040
-1675
-1906
-1815
-1614
-1502
-1375
-1373
-1723
-2621
-3746
-4445
-4509
-4256
-4080
-4102
-4310
-4830
-5771
-6731
-6685
-5211
-2770
-670
582
1121
1241
1197
916
1009
1754
3202
4614
5634
6171
6185
5672
4644
3536
3028
3257
3908
4307
4342
3965
3128
1797
71
-1148
-1627
-1181
-600
-146
75
64
-318
-1352
-2522
-3113
-2608
-1399
-257
413
923
1280
1420
838
67
-249
248
1253
2039
2429
2426
2321
1787
828
-253
-718
-488
107
525
567
529
255
-211
-885
-1352
-1342
-1094
-977
-1208
-1537
-1703
-1810
-2116
-2488
-2671
-2493
-2265
-2252
-2473
-2654
-2823
-3011
-3386
-3734
-3797
-3860
-3860
-3565
-2569
-886
401
687
171
-418
-352
70
628
1127
1837
2541
3099
3278
3162
3010
2640
2370
2275
2533
3058
3358
3257
2687
1817
732
-213
-757
-684
-34
575
1013
1064
823
296
-462
-968
-815
108
1253
1966
2148
2033
1863
1561
1038
605
556
926
1216
1229
1054
942
845
439
-169
-823
-1072
-870
-562
-293
-181
-124
-162
-460
-925
-1246
-1232
-907
-596
-271
-1
188
210
-121
-757
-1225
-1375
-1239
-1116
-1283
-1638
-2106
-2552
-2967
-3318
-3496
-3595
-3686
-3905
-4161
-4249
-4050
-3473
-2654
-1756
-1224
-882
-753
-525
-159
265
713
1001
1357
1656
2022
2293
2464
2693
2885
3104
3172
2983
2646
2228
1920
1716
1660
1707
1809
1907
1851
1687
1369
1195
1291
1534
1787
1847
1805
1727
1608
1381
1067
806
732
856
905
801
499
136
-184
-354
-320
-234
-22
-9
-144
-256
-242
55
368
572
540
453
559
798
965
890
539
141
-136
-302
-445
-564
-745
-1112
-1617
-2162
-2405
-2481
-2387
-2416
-2572
-2771
-2976
-3193
-3321
-3233
-2965
-2623
-2339
-2179
-2169
-2151
-2179
-2251
-2356
-2261
-1963
-1557
-1311
-1188
-1067
-946
-853
-817
-695
-453
28
562
1056
1447
1780
1978
1928
1767
1697
1950
2430
2928
3265
3353
3305
3104
2849
2630
2513
2420
2303
2159
2125
2166
2168
1980
1482
891
523
360
459
591
542
410
85
-155
-231
-20
261
428
443
290
170
159
178
182
143
104
43
-94
-181
-152
-73
-116
-260
-450
-529
-625
-701
-780
-784
-826
-865
-944
-1121
-1242
-1285
-1254
-1285
-1269
-1384
-1464
-1453
-1437
-1481
-1560
-1686
-1764
-1828
-1892
-2024
-2219
-2284
-2321
-2341
-2183
-2088
-1974
-1840
-1839
-1774
-1620
-1262
-847
-440
-26
351
691
917
1060
1263
1623
1980
2285
2619
2890
3203
3369
3243
3014
2855
2715
2527
2326
2089
1924
1805
1457
1059
687
424
312
221
132
-26
-73
-216
-317
-399
-405
-237
-159
-187
-305
-424
-336
-96
68
263
353
430
436
475
474
564
708
683
637
502
488
432
287
53
-154
-335
-350
-447
-422
-543
-670
-821
-1225
-1480
-1753
-1846
-1797
-1709
-1603
-1602
-1640
-1620
-1732
-1632
-1541
-1403
-1275
-1212
-1127
-1029
-856
-679
-606
-631
-589
-416
-97
216
399
518
564
579
591
555
597
699
745
827
841
824
768
639
550
508
554
572
559
431
186
16
-94
-53
123
208
229
162
82
18
-60
25
203
432
577
572
598
627
702
883
968
1062
1159
1077
1009
975
988
1166
1245
1134
927
569
376
244
164
242
124
34
-284
-542
-739
-834
-715
-783
-810
-849
-949
-906
-926
-1002
-1002
-954
-822
-657
-447
-442
-252
-188
-109
-41
70
228
306
347
395
310
457
591
459
343
92
-74
-297
-283
-252
-180
53
-13
-309
-635
-904
-972
-893
-794
-714
-643
-578
-695
-803
-766
-765
-648
-452
-390
-207
-105
-51
37
86
299
373
475
519
575
645
677
736
643
678
813
843
757
653
450
270
110
70
108
248
324
244
155
-20
-163
-283
-347
-306
-156
-41
-97
-111
-226
-269
-323
-335
-171
-87
141
223
219
223
295
308
275
269
409
567
761
809
752
695
654
623
438
397
168
125
75
21
39
-26
-247
-368
-519
-598
-643
-679
-667
-790
-749
-721
-778
-795
-679
-588
-367
-264
-172
-41
45
165
160
139
134
114
242
244
220
288
102
1
1
-42
-111
26
29
-49
19
-149
-178
-270
-197
-263
-249
-184
-179
-134
-87
-157
-129
-102
-66
-46
-101
-11
-42
68
241
292
372
310
181
143
-19
79
307
534
617
508
372
248
189
157
185
180
290
293
138
-42
-202
-205
-200
-188
-218
-267
-104
-42
-57
-82
-247
-303
-279
-297
-112
84
223
314
257
112
143
158
228
336
253
291
438
497
503
581
433
277
173
124
78
80
64
-25
-109
-304
-309
-382
-500
-639
-691
-670
-583
-489
-475
-577
-552
-542
-489
-501
-348
-299
-223
-94
-108
-99
-121
43
97
224
271
446
475
485
405
300
153
121
40
103
205
67
51
-189
-255
-262
-302
-276
-212
-311
-204
-287
-422
-346
-581
-416
-362
-288
-141
-108
-75
-21
50
121
248
385
461
589
679
596
546
498
655
542
690
680
649
746
538
620
598
439
439
316
172
280
176
215
128
190
56
-49
-96
-330
-425
-378
-344
-245
-31
-208
-122
-345
-408
-340
-264
-59
-182
-80
-78
-105
-80
-213
-345
-293
-221
-223
-108
-69
-46
-7
-189
-294
-385
-364
-226
-198
5
-152
-138
-317
-448
-441
-435
-470
-450
-361
-381
-230
-349
-391
-590
-441
-484
-310
-165
-143
-59
104
96
173
245
424
546
475
475
441
629
707
890
859
941
887
813
729
663
748
771
791
747
636
536
433
309
97
-96
-89
-146
-99
-128
24
-54
-170
-195
-343
-288
-299
-308
-335
-316
-302
-234
-228
-242
-222
-387
-350
-399
-329
-143
-256
-252
-307
-353
-309
-282
-351
-249
-345
-322
-403
-487
-430
-472
-382
-383
-374
-356
-237
-390
-420
-543
-539
-456
-412
-280
-210
-190
-362
-283
-318
-306
-96
10
81
260
309
353
412
334
366
312
450
625
822
965
972
726
818
684
779
931
831
995
944
972
961
839
664
713
575
540
528
423
440
337
440
275
209
168
-93
-195
-208
-356
-334
-228
-590
-413
-548
-465
-521
-523
-663
-727
-662
-540
-435
-368
-428
-553
-532
-499
-539
-396
-406
-511
-496
-638
-590
-626
-663
-687
-638
-650
-688
-603
-596
-645
-635
-555
-572
-490
-440
-257
-208
-166
-54
62
67
160
274
219
362
406
483
634
518
651
642
499
672
512
600
593
443
644
495
687
608
674
656
575
671
466
529
563
641
556
791
671
547
511
387
399
337
422
286
427
224
210
122
-68
-40
-161
-114
-86
-164
-221
-298
-485
-405
-580
-511
-530
-602
-555
-561
-551
-591
-624
-629
-623
-723
-648
-645
-569
-607
-591
-521
-667
-541
-566
-609
-546
-440
-395
-321
-407
-254
-320
-253
-33
-96
10
97
107
145
256
360
337
386
270
255
392
285
510
319
429
390
361
393
439
348
343
324
281
276
174
341
345
354
418
339
273
524
371
474
573
503
651
572
510
502
386
426
392
268
366
139
174
47
9
-64
-96
-131
-146
-242
-180
-293
-386
-374
-606
-420
-573
-515
-605
-599
-603
-653
-659
-700
-780
-691
-699
-635
-582
-567
-595
-501
-444
-353
-181
-257
-82
-177
3
-5
65
255
133
240
295
169
231
194
216
90
209
202
200
218
185
149
34
141
-24
27
89
19
121
100
142
264
234
223
284
297
302
314
505
471
530
551
553
533
616
539
425
468
494
543
526
459
355
302
126
172
-67
77
-125
-65
-179
-191
-229
-210
-349
-526
-432
-619
-448
-560
-514
-558
-582
-646
-679
-789
-525
-637
-559
-507
-596
-498
-403
-470
-442
-382
-346
-224
-187
-21
-65
-1
-48
-44
-14
61
159
221
208
234
154
222
237
250
202
225
207
174
162
208
161
186
123
225
134
306
171
176
315
210
403
237
404
213
344
288
392
351
476
309
385
364
347
332
337
397
209
317
214
254
34
176
90
102
113
36
15
44
-52
-108
-124
-139
-229
-335
-250
-279
-337
-343
-397
-374
-459
-347
-417
-388
-442
-477
-418
-409
-368
-421
-376
-462
-343
-435
-327
-287
-337
-253
-227
-184
-73
-186
53
-88
-68
77
25
62
182
144
96
131
197
196
211
264
132
116
162
190
147
316
207
233
261
107
133
142
123
217
102
191
196
163
223
201
114
232
75
164
137
115
159
100
196
122
149
119
75
81
32
-7
63
62
85
-16
87
43
82
62
-33
25
-58
45
-80
-107
-102
-106
-146
-17
-145
-111
-173
-256
-166
-269
-205
-277
-234
-260
-161
-284
-218
-209
-259
-232
-171
-170
-74
-137
-75
-83
-100
10
-147
9
0
155
80
130
33
136
44
78
135
57
180
120
149
133
133
120
29
50
75
52
183
10
73
-18
17
49
5
43
-48
-41
-47
-81
-22
7
97
23
58
29
72
90
16
96
39
89
10
129
56
140
116
52
4
4
0
4
20
25
8
-47
20
-90
-54
-113
-41
-78
-61
-46
-61
40
-75
-19
-162
-40
-96
-114
-79
-100
-24
-139
-64
-93
-58
-149
-85
-94
-28
-29
-37
-38
11
-80
57
35
43
39
-49
84
12
112
62
70
68
88
19
90
51
57
116
-40
98
13
19
72
-28
23
-16
5
28
71
31
12
-43
-25
-42
67
43
34
34
49
-13
42
37
-58
109
-78
86
61
-4
52
-14
13
-28
-5
25
-29
60
5
25
-10
-31
31
-20
61
-34
61
18
36
39
8
5
36
-39
7
-34
-11
-16
-17
95
-67
43
-43
-47
-105
-57
-64
-65
-68
-114
-86
-70
-21
-89
-36
-46
-127
-80
-39
-69
43
-6
20
40
-9
16
-54
-28
5
-28
29
-19
11
-13
91
-33
116
-21
-2
-109
-45
9
-42
138
-3
75
-141
11
-103
34
34
33
-24
42
-41
65
39
20
30
-100
159
-54
121
56
2
54
56
33
57
21
78
19
42
94
-5
121
143
-13
48
44
-73
103
-68
44
4
51
27
-82
-54
-42
-48
-36
28
-53
63
-30
-76
-24
-37
-30
28
-71
60
6
-23
-4
-70
-2
-24
67
-63
83
-65
45
-16
31
40
-68
65
-51
21
28
7
60
-29
-55
36
-116
47
-54
-64
24
-83
18
-43
-27
-27
-28
-108
1
-122
-58
-19
-43
76
-8
16
-40
6
-19
14
38
-31
13
37
23
58
17
72
48
12
51
6
-7
8
-39
3
25
-34
43
5
-6
-27
-60
-14
5
-75
77
-15
16
84
-94
27
-36
-25
40
-50
39
35
7
84
-63
-50
-14
-72
-36
17
-44
28
28
-67
43
-69
-63
33
-64
98
12
8
103
-70
29
11
-31
74
34
4
84
39
7
54
-2
-75
86
-42
18
77
-47
148
-33
26
37
-70
53
-14
-1
12
-14
12
-23
15
-17
0
1
-19
-2
-19
-16
-13
31
-59
-24
-25
-35
-7
-19
21
-64
5
-64
-19
-18
-10
-20
-29
68
-69
60
-31
-9
-9
-25
-26
4
-33
-10
53
-68
75
-20
16
24
-26
-20
-39
-13
49
-1
7
13
-25
-38
-9
-28
8
44
25
60
35
1
-14
20
9
35
14
59
-8
29
17
52
-1
-10
28
-55
33
18
-41
90
-61
25
8
-60
71
-52
44
-5
-22
-10
19
12
7
56
-71
57
-13
-30
10
-40
-42
11
-32
2
-9
-38
9
-60
12
-33
4
-28
29
-42
-5
8
1
-4
29
-30
56
-22
-6
1
-20
-6
-46
49
-88
97
-79
63
0
-8
39
-3
-2
-15
-6
-15
21
6
5
26
18
4
45
-49
91
-61
41
-12
-23
73
-61
60
-44
50
-46
46
2
-19
55
-70
39
-17
-17
5
0
7
12
-26
2
-51
47
-51
-43
-5
1
6
-15
26
-68
48
-63
18
1
-10
66
-79
57
-31
22
2
60
-64
-6
12
-52
70
-54
50
-35
17
9
-38
19
-6
-6
-56
-8
-20
18
-7
38
-4
22
-17
1
-15
-11
41
-20
42
-21
74
-39
74
3
21
52
-26
-2
25
-4
45
-17
64
-8
-22
46
-70
14
38
-7
-9
78
-67
50
-27
21
-6
-10
-15
-55
-6
-31
38
-33
21
-32
0
-16
-32
-16
-8
-40
6
15
-4
9
-17
-32
0
-20
-13
18
6
18
4
-16
22
-11
-35
35
-28
41
-34
27
-39
32
20
-50
56
-68
8
-11
-40
6
8
-6
19
-24
-15
-17
-17
13
-7
-1
44
-7
18
1
-6
19
-27
27
-32
36
5
14
-4
40
-13
7
12
18
-27
43
37
-40
82
-45
55
-21
5
-7
13
22
54
-42
34
-20
-8
0
12
5
11
-9
20
-26
23
-37
-10
13
-24
36
-30
65
-53
32
-38
7
-76
70
-68
45
-20
-9
21
-15
-6
-64
25
-54
49
-41
40
-43
0
0
-5
-47
70
-63
54
-30
-3
33
-91
105
-96
95
-73
84
-83
41
-12
23
-13
-2
64
-32
65
-25
-14
-31
3
-4
-9
15
44
-32
55
-27
-34
-17
6
-19
50
-23
36
-22
7
-1
1
-7
-46
44
-31
19
26
18
-27
29
-39
14
19
-39
43
6
-35
25
-34
3
1
19
-33
7
3
-22
33
-2
18
8
-47
2
-39
9
3
-18
60
-57
38
-45
23
-7
4
-17
28
-26
14
28
-2
15
-13
19
-49
84
-67
33
0
-47
75
-26
18
-11
-4
-35
2
-27
43
-5
-2
-42
23
-4
24
27
-19
2
-7
30
-14
26
-29
41
-39
64
-30
-10
55
-53
32
-24
-14
-14
41
-37
10
0
11
-39
75
-80
54
-18
0
33
-63
111
-102
42
-1
-23
-1
33
-65
48
-24
-37
35
-16
31
-49
18
14
-39
18
20
-86
53
0
-17
79
-55
62
-17
21
-31
4
-42
40
-25
37
17
-2
46
-72
69
-59
33
-80
3
-30
17
-11
-17
20
-13
-7
-1
2
-2
30
-29
2
-25
41
-24
16
-5
-31
7
5
18
31
30
-16
3
14
-30
47
-19
0
35
-24
15
22
-25
17
-9
-42
20
19
-20
23
10
-45
11
1
-19
-4
26
-17
-11
49
-12
-27
-2
-30
-23
54
0
-31
43
-47
17
-27
15
-44
34
-17
-20
87
-56
66
-39
1
-27
37
-11
2
2
-26
40
-12
21
-28
30
-33
37
-31
26
-6
-10
41
-41
0
20
0
24
13
-33
10
-31
-21
35
-25
31
-29
-9
28
-40
33
-1
-19
13
16
10
5
-4
-1
-40
50
-35
17
20
-2
20
-13
-6
-6
-1
-12
19
-28
35
-39
-20
10
-7
4
19
-20
-1
5
17
3
-3
32
-40
9
-9
-3
0
-3
12
10
14
8
-19
-6
-5
-55
23
-20
-12
18
-26
18
14
-20
18
-12
15
-33
27
-8
-12
26
0
-16
20
-8
33
-19
-2
42
-72
45
-3
-39
41
-16
11
1
-20
28
-35
11
0
-5
-32
51
-43
28
22
-25
34
-10
-5
7
13
-7
18
-16
-7
7
-1
-9
-13
16
-3
11
-5
-1
40
-31
-5
30
-44
24
28
-51
47
-21
-15
20
-12
-6
-1
-2
-9
33
-8
0
22
-18
39
-42
-25
1
6
-16
30
-46
15
12
-10
11
2
5
-16
10
-22
0
-7
24
-15
8
8
-16
13
9
-8
-1
-2
-9
3
11
24
-28
17
1
-29
1
40
-70
20
27
-15
29
-3
-1
-6
20
-23
9
-12
25
-30
19
15
-27
-1
-6
5
-29
29
-16
4
33
-11
29
-15
-13
13
-29
3
14
-10
-3
41
-31
16
-4
-1
11
-35
1
-4
-13
7
-14
-12
21
19
-35
18
1
-17
-8
15
-5
21
-7
-2
-13
-5
39
-9
7
-8
-4
16
2
23
-10
-10
18
-20
49
-30
-24
3
-17
-15
8
42
-53
45
-21
-8
22
-17
26
-24
28
-14
-39
49
-47
22
10
-42
33
-11
19
-3
-8
-12
12
-21
25
0
-20
41
-23
45
-20
-9
6
-42
16
-3
-13
21
22
-6
11
-4
18
-20
8
15
-31
1
39
-33
16
-9
-9
19
0
-3
-12
-2
6
-18
-5
-7
-19
-4
9
20
-16
-20
33
-27
36
-28
27
-1
5
15
-39
35
-13
5
16
25
-33
35
-25
-21
31
-11
3
-17
16
-20
21
19
-46
-2
-10
3
13
0
27
-20
7
-10
-4
-10
7
-9
16
19
-14
33
-43
20
-5
-16
20
-16
14
1
-4
-10
35
-41
7
23
-56
34
3
14
-37
42
-40
29
1
-30
24
-29
27
-21
11
-37
29
-20
0
16
-7
10
4
19
-8
-7
-14
-12
-7
0
2
-5
24
12
-5
-7
9
12
-15
-3
5
-12
5
21
-34
26
-4
-9
-18
19
-19
2
14
11
-37
53
-49
32
4
-46
87
-69
30
-4
-19
29
-12
28
11
-50
54
-8
-29
-23
34
-24
9
4
8
-2
-10
19
-73
63
-50
65
-45
19
-7
6
15
-22
-4
8
22
-40
40
-3
-16
-7
33
-19
-1
2
-6
-4
17
-16
10
-2
20
-15
1
16
-24
9
-16
41
-66
69
-38
27
-21
25
-44
38
-13
-11
38
-68
73
-88
73
-32
-3
-23
33
-23
-4
22
-17
9
-19
80
-94
64
3
-56
36
-14
-3
-8
12
8
-38
49
-5
-17
2
18
-44
37
-39
54
-32
-3
27
-14
0
0
8
-19
33
5
-23
-17
27
-25
-4
32
-9
-29
23
0
-6
29
-27
-2
5
-31
35
13
-44
55
-46
22
-22
21
-9
-22
41
-15
0
-10
20
-6
12
-19
13
-27
22
-2
14
-14
-24
10
-6
3
-3
9
-4
9
-2
15
-42
32
-19
-20
32
-2
-7
13
1
3
7
6
9
-26
26
0
-21
27
2
-15
15
-24
2
-24
44
-35
9
9
-17
22
-11
-2
-26
27
-42
16
4
-13
33
-37
29
-30
-2
35
-45
24
6
-21
61
-29
5
32
-50
47
-5
-33
45
-41
25
-6
-25
29
-31
24
-5
-4
2
-11
14
-18
1
-5
10
-8
0
4
-5
10
-4
9
-15
12
-5
-4
1
-3
-4
7
18
-26
10
0
2
-12
16
-10
-6
26
-22
14
-18
21
-7
2
-3
0
5
-5
7
2
6
-12
25
-37
14
-10
0
9
-8
19
-25
10
-26
35
-37
35
-25
16
0
-14
23
-37
16
-12
18
-10
9
9
-5
2
7
-11
-7
8
-20
31
-13
16
-14
1
-5
2
9
7
-11
15
-2
-24
29
-1
-18
19
-6
-6
3
3
-3
-14
17
3
-18
4
3
-8
7
-2
19
-26
11
11
-23
7
0
2
-16
20
1
-19
8
20
2
-32
38
-26
-2
15
0
-19
15
7
-31
48
-32
31
-25
12
-11
-8
12
-4
7
-6
10
-4
4
-7
6
-9
8
-3
5
-14
11
-7
3
-6
3
-6
8
-2
-6
23
-33
25
-12
-10
8
4
-13
8
6
-14
16
0
-6
-10
7
-2
9
-15
6
1
2
-3
6
-2
-9
13
-6
9
-13
13
-7
-7
13
1
1
-1
-6
-1
-6
12
-4
-5
5
-4
-4
6
-1
-5
9
-12
9
-16
1
7
-5
10
1
-2
-1
-1
7
-4
-4
5
0
7
-4
8
-1
-1
2
3
2
-6
11
-11
4
1
-7
7
-4
7
-6
-6
6
-6
5
-2
5
-7
10
-6
1
4
-8
6
-11
8
-12
11
-5
1
9
-9
7
-3
-4
3
-1
-7
6
-5
2
9
-12
8
7
-14
4
-3
1
0
5
-3
3
-1
3
3
-9
5
-6
4
0
0
-1
3
-5
2
3
-4
1
0
-2
2
1
-1
1
0
0
0
0
-2
2
1
0
1
-3
1
-3
1
1
-2
0
-1
0
2
-4
1
0
-3
2
-2
3
-3
2
-1
-1
4
-3
3
0
-3
5
-1
-3
4
-4
2
1
-1
1
-1
2
-2
-1
4
-7
8
-5
1
3
-4
4
-3
3
-3
-1
4
-5
7
-3
-1
4
-5
4
-1
1
2
1
-2
4
-3
2
1
0
0
2
1
-1
3
-4
4
-4
3
-4
2
-1
-3
5
-6
4
-3
0
0
0
-1
0
0
-1
2
-1
0
1
-1
1
0
1
-2
1
1
-3
5
-2
1
2
-1
0
2
-1
-1
3
-3
1
2
-2
1
3
-3
1
0
-1
3
-3
2
-4
3
-4
5
-4
3
-1
-3
5
-6
4
-5
3
-4
3
0
-1
0
-1
0
0
0
-1
3
-2
2
-2
3
-4
3
0
-2
3
-3
2
-1
2
0
2
-1
0
0
-1
2
-1
2
1
-1
2
1
-1
3
-1
1
3
-4
3
-2
0
0
0
1
0
0
-1
0
-1
0
-1
2
-2
1
-1
-2
1
0
0
-1
2
-1
0
1
0
0
1
0
-1
2
-1
1
1
-2
2
-2
1
-1
0
0
2
-2
3
-3
1
0
-1
1
-1
2
-2
3
-3
1
-1
1
-1
0
0
-1
1
0
0
0
0
-1
0
-1
0
-1
1
0
1
-1
-1
1
-1
1
1
0
0
2
-2
1
-1
1
-1
0
1
1
0
0
0
0
1
-1
1
-1
1
-1
1
-1
0
-1
0
0
0
1
-1
0
-1
1
0
0
-1
1
-1
0
0
0
0
0
0
0
1
0
0
-1
0
0
-1
0
0
0
-1
0
-1
0
-1
1
0
0
0
1
0
0
0
-1
0
1
0
0
0
0
0
1
0
0
-1
0
-1
0
0
0
0
0
0
-1
1
-1
1
0
1
-1
0
0
1
0
0
0
0
1
0
0
-1
1
0
1
0
1
1
0
1
0
0
0
0
0
1
0
0
0
0
0
0
0
0
0
0
0
0
0
0
-1
0
-1
0
-1
0
0
0
0
1
0
0
1
0
0
0
0
1
1
0
0
0
0
0
-1
0
0
0
0
0
0
0
0
0
0
0
0
0
0
0
0
0
0
0
0
-1
0
-1
0
0
0
0
0
0
0
0
0
-1
1
0
0
0
0
0
-1
0
-1
0
-1
0
0
0
0
-1
0
-1
0
1
0
-1
0
0
0
0
1
0
0
0
0
0
0
-1
0
0
0
0
0
0
0
0
1
0
1
1
0
0
0
0
0
0
0
0
0
0
1
0
1
0
0
0
0
0
0
0
1
0
0
0
1
0
1
1
0
0
0
0
-1
0
0
1
0
0
0
0
0
0
0
0
0
0
0
0
0
-1
0
0
0
0
0
0
0
0
0
-1
0
1
0
0
0
0
0
0
0
-1
1
0
0
0
1
0
1
0
0
0
0
0
0
0
-1
0
1
0
0
0
1
0
0
0
0
-1
1
1
0
0
1
0
0
0
0
0
0
0
0
-1
0
0
0
0
1
0
0
0
0
0
0
-1
-1
1
0
0
1
0
0
-1
0
-1
1
0
1
0
0
0
0
1
-1
0
0
0
0
0
0
0
0
0
0
0
0
0
0
-1
0
0
0
0
1
0
0
0
0
0
0
0
0
-1
0
0
0
-1
0
0
1
0
-1
0
0
0
0
1
1
1
0
0
-1
0
0
-1
0
0
0
0
-1
0
0
0
0
0
0
1
0
0
0
0
0
1
0
0
0
0
0
0
0
-1
1
-1
0
-1
0
0
0
0
-1
0
0
0
0
0
0
0
0
0
1
0
0
0
0
0
0
0
0
0
0
0
0
0
0
-1
0
0
0
1
0
0
0
0
-1
0
-1
0
1
0
0
1
0
0
0
0
0
0
0
0
0
0
1
-1
0
-1
0
0
-1
0
0
0
0
-1
0
0
0
0
0
1
0
0
0
0
0
0
0
-1
0
0
0
0
0
0
-1
0
0
0
0
0
0
-1
0
-1
0
0
0
0
1
0
0
0
0
0
0
0
0
0
0
0
0
1
0
0
0
0
1
0
-1
0
1
0
0
0
0
0
0
0
-1
-1
0
0
0
1
0
-1
0
0
-1
0
0
0
-1
0
0
1
0
0
0
0
0
0
1
0
0
0
0
1
0
0
0
1
1
0
0
0
0
0
0
1
0
1
0
0
0
1
0
0
0
-1
1
1
0
-1
0
0
0
0
0
0
0
0
0
0
0
1
0
1
0
0
0
0
0
-1
0
1
0
0
-1
0
-1
0
0
-1
0
0
0
0
0
0
0
0
0
0
0
0
0
0
0
0
0
0
0
0
0
0
0
0
0
0
0
0
0
0
0
0
0
-1
0
0
0
0
0
0
0
-1
0
0
0
0
0
0
0
0
0
0
0
0
0
0
0
0
0
0
0
0
0
0
1
-1
0
0
0
0
0
0
0
1
0
0
0
0
0
-1
0
0
0
0
0
0
0
0
0
0
-1
-1
-1
-1
0
-1
0
0
0
0
0
0
-1
-1
0
-1
0
0
0
-1
0
0
0
0
0
0
0
1
0
0
0
0
0
0
0
0
0
0
1
1
0
0
0
0
0
0
0
0
0
0
0
1
0
0
0
0
0
1
1
0
0
0
0
0
-1
0
0
0
0
0
0
1
0
0
1
0
0
0
1
0
0
1
0
1
1
0
0
0
0
0
0
0
0
0
0
1
0
1
1
-1
0
0
0
0
0
0
0
0
0
0
0
1
0
0
1
0
0
0
1
0
0
0
-1
0
0
0
0
0
0
0
0
0
0
1
0
0
0
-1
-1
0
0
0
0
0
0
0
0
0
0
-1
0
1
0
0
0
0
0
0
0
-1
0
1
0
0
0
0
-1
0
-1
-1
0
0
0
0
1
0
0
0
0
0
0
0
0
1
1
0
1
-1
0
0
0
0
0
0
0
0
0
0
0
0
0
0
0
0
0
0
0
0
0
0
0
0
0
0
0
0
-1
1
0
1
0
0
1
0
0
0
0
0
1
-1
0
0
0
0
0
1
0
0
-1
0
0
0
0
1
0
0
1
-1
-1
0
0
0
0
0
0
0
0
0
0
0
-1
0
0
0
1
0
0
0
0
1
0
-1
-1
0
0
0
-1
0
0
0
0
0
-1
0
0
0
0
-1
0
0
0
0
0
0
0
0
0
0
0
0
0
0
-1
0
0
0
0
0
0
0
0
0
1
0
-1
0
0
0
0
0
0
0
0
0
0
0
0
0
0
0
0
0
0
0
-1
0
0
0
0
0
0
0
0
0
0
0
0
0
1
0
0
0
0
0
0
0
1
0
0
0
1
1
0
0
0
-1
1
1
0
0
0
0
0
0
0
1
0
0
0
1
0
0
0
0
0
-1
0
0
0
0
0
0
0
0
0
0
-1
-1
-1
0
0
0
0
-1
0
0
0
0
0
0
0
0
0
1
0
1
0
0
0
0
0
0
1
-1
0
1
-1
0
0
0
0
0
0
0
-1
0
0
0
-1
0
-1
0
0
0
0
0
-1
0
0
0
0
0
0
-1
0
0
0
0
0
0
0
0
-1
-1
0
0
0
0
0
1
0
0
0
0
0
-1
0
0
0
0
0
0
0
0
0
1
0
1
0
0
1
-1
1
0
0
0
-1
-1
0
0
0
-1
0
-1
0
0
0
-1
0
0
0
0
1
0
0
0
0
0
0
1
0
1
0
0
0
0
0
0
1
0
0
0
1
1
0
0
0
0
0
0
0
0
-1
1
0
0
0
0
0
0
0
1
0
0
-1
0
0
0
-1
-1
0
0
1
0
-1
0
0
0
0
0
0
-1
-1
0
0
-1
1
0
1
0
0
0
0
0
0
1
0
0
0
-1
0
0
0
0
0
1
-1
0
0
0
0
0
0
0
0
0
1
0
0
0
0
0
0
-1
0
0
-1
0
0
-1
0
0
0
0
0
0
0
0
1
0
0
-1
1
0
0
-1
-1
0
0
0
1
-1
0
0
0
-1
1
0
0
0
1
-1
0
0
0
0
0
0
0
0
0
0
0
-1
0
0
0
0
0
0
0
0
0
0
1
-1
0
0
-1
1
0
0
0
0
0
0
0
0
0
0
0
0
0
0
-1
0
0
0
0
0
0
0
-1
0
0
0
-1
0
0
-1
-1
0
0
0
0
0
1
1
-1
0
-1
0
0
0
0
0
0
0
0
1
0
0
0
0
-1
1
0
0
1
0
0
0
0
0
1
1
0
0
0
0
0
-1
0
-1
1
0
1
0
0
1
0
0
1
0
0
0
1
-1
-1
1
0
0
0
-1
0
0
1
0
0
0
0
0
0
-1
0
0
0
-1
0
0
1
1
-1
0
0
0
0
0
0
0
0
0
-1
1
0
0
1
0
0
0
0
1
-1
0
0
0
0
-1
1
0
0
-1
0
0
0
0
0
-1
0
-1
1
0
0
1
0
0
0
0
0
0
0
0
-1
0
0
0
1
0
1
0
0
0
0
-1
0
0
1
1
0
0
0
-1
-1
0
0
0
-1
0
0
1
0
1
0
0
1
0
0
1
0
0
0
0
0
0
0
0
0
0
0
-1
1
0
0
0
0
0
0
0
0
0
0
-1
0
-1
0
0
0
0
0
-1
0
0
0
1
0
0
0
0
0
0
0
0
0
-1
1
1
-1
0
0
0
0
0
0
0
0
0
0
0
0
0
-1
0
0
0
0
0
0
0
0
-1
0
0
0
0
-1
0
-1
0
0
0
0
0
-1
0
0
-1
0
0
0
1
0
0
0
0
0
0
1
0
0
0
0
0
1
0
0
0
1
1
0
0
0
0
0
0
0
0
1
1
1
0
0
-1
0
0
0
-1
-1
0
0
0
0
0
0
0
0
0
0
0
0
0
0
0
0
0
0
0
0
0
1
1
1
0
-1
0
0
0
0
0
0
1
-1
-1
0
0
0
0
0
1
0
-1
0
0
0
0
0
0
0
0
-1
0
0
0
0
1
0
0
0
0
0
-1
1
1
0
0
0
0
1
0
0
0
0
0
0
0
0
0
0
0
0
1
0
0
0
0
0
0
1
0
0
0
0
0
0
0
0
0
0
1
0
-1
0
0
0
0
-1
0
0
0
0
0
0
-1
0
0
-1
0
0
0
-1
1
0
0
0
0
0
0
0
0
0
0
0
0
0
-1
0
-1
0
0
0
0
0
0
0
0
0
1
0
0
0
0
0
0
0
0
0
0
0
1
0
0
0
0
0
0
0
0
0
-1
0
0
1
0
0
0
0
0
0
0
1
0
0
0
0
0
0
-1
0
1
0
0
0
0
0
0
0
0
-1
0
0
0
0
0
0
0
0
1
0
-1
0
1
0
0
-1
0
0
0
0
-1
0
0
0
0
1
0
0
0
0
0
0
0
0
-1
0
0
0
0
0
0
0
0
0
1
0
0
0
0
0
1
0
0
1
0
1
-1
0
0
0
0
0
0
0
0
-1
0
-1
-1
0
0
0
0
0
0
0
0
0
0
-1
0
-1
0
0
0
0
0
0
-1
0
0
0
0
0
0
0
0
0
0
0
0
0
0
0
0
0
1
1
0
-1
0
0
0
0
0
0
0
0
0
0
0
0
0
0
0
0
1
0
0
0
0
0
1
0
0
0
0
0
0
0
-1
-1
0
0
0
0
0
-1
-1
0
0
0
-1
1
0
0
-1
0
0
0
0
0
0
0
0
0
0
0
