0
1
0
1
0
0
0
0
-1
0
0
1
1
0
0
0
-1
-1
0
0
0
-1
0
0
1
0
1
0
0
1
0
0
1
0
0
0
0
0
0
0
0
0
0
0
-1
1
0
0
0
0
0
0
0
0
0
0
-1
0
-1
0
0
0
0
0
-1
0
0
0
1
0
0
0
0
0
0
0
0
0
-1
1
1
-1
0
0
0
0
0
0
0
0
0
0
0
0
0
-1
0
0
0
0
0
0
0
0
-1
0
0
0
0
-1
0
-1
0
0
0
0
0
-1
0
0
-1
0
0
0
1
0
0
0
0
0
0
1
0
0
0
0
0
1
0
0
0
1
1
0
0
0
0
0
0
0
0
1
1
1
0
0
-1
0
0
0
-1
-1
0
0
0
0
0
0
0
0
0
0
0
0
0
0
0
0
0
0
0
0
0
1
1
1
0
-1
0
0
0
0
0
0
1
-1
-1
0
0
0
0
0
1
0
-1
0
0
0
0
0
0
0
0
-1
0
0
0
0
1
0
0
0
0
0
-1
1
1
0
0
0
0
1
0
0
0
0
0
0
0
0
0
0
0
0
1
0
0
0
0
0
0
1
0
0
0
0
0
0
0
0
0
0
1
0
-1
0
0
0
0
-1
0
0
0
0
0
0
-1
0
0
-1
0
0
0
-1
1
0
0
0
0
0
0
0
0
0
0
0
0
0
-1
0
-1
0
0
0
0
0
0
0
0
0
1
0
0
0
0
0
0
0
0
0
0
0
1
0
0
0
0
0
0
0
0
0
-1
0
0
1
0
0
0
0
0
0
0
1
0
0
0
0
0
0
-1
0
1
0
0
0
0
0
0
0
0
-1
0
0
0
0
0
0
0
0
1
0
-1
0
1
0
0
-1
0
0
0
0
-1
0
0
0
0
1
0
0
0
0
0
0
0
0
-1
0
0
0
0
0
0
0
0
0
1
0
0
0
0
0
1
0
0
1
0
1
-1
0
0
0
0
0
0
0
0
-1
0
-1
-1
0
0
0
0
0
0
0
0
0
0
-1
0
-1
0
0
0
0
0
0
-1
0
0
0
0
0
0
0
0
0
0
0
0
0
0
0
0
0
1
1
0
-1
0
0
0
0
0
0
0
0
0
0
0
0
0
0
0
0
1
0
0
0
0
0
1
0
0
0
0
0
0
0
-1
-1
0
0
0
0
0
-1
-1
0
0
0
-1
1
0
0
-1
0
0
0
0
0
0
0
0
0
0
0
0
0
0
0
0
1
0
0
-1
0
0
0
0
0
0
1
0
0
-1
-1
0
0
0
0
-1
0
0
0
0
0
1
0
0
1
0
1
0
0
0
0
0
0
-1
0
0
0
0
0
0
1
0
0
0
0
0
0
-1
-1
0
-1
0
0
0
0
0
0
0
0
0
0
0
0
0
0
-1
0
0
0
0
1
0
0
0
0
0
0
0
0
0
0
-1
1
-1
0
0
0
0
0
0
0
0
1
0
1
0
0
0
1
-1
0
0
0
0
0
0
0
0
0
0
-1
0
0
0
0
1
1
0
1
0
0
0
0
0
0
0
0
0
0
-1
-1
-1
-1
0
0
0
0
0
-1
0
0
0
0
0
-1
0
-1
0
1
0
0
1
0
0
-1
0
-1
0
0
0
-1
0
1
-1
0
0
0
0
-1
0
1
0
-1
1
1
0
1
-1
0
0
1
0
0
-1
1
0
0
1
0
0
0
0
1
0
0
0
0
1
0
-1
0
-1
0
1
0
1
-1
0
1
0
0
0
0
0
-1
0
0
0
0
0
0
0
0
0
0
-1
0
1
0
1
0
-1
0
0
1
0
0
0
0
0
0
-1
0
-1
0
0
0
0
0
0
0
1
0
1
0
0
0
0
0
-1
0
0
0
0
0
-1
0
0
0
0
0
0
1
0
0
0
0
1
0
0
0
0
0
0
0
0
0
-1
0
1
0
0
0
0
0
0
0
0
0
0
0
0
0
0
0
-1
1
0
0
0
-1
0
0
0
1
0
0
0
-1
0
0
0
0
1
1
0
1
0
0
-1
0
-1
0
0
0
0
0
0
0
0
0
0
0
0
0
1
0
0
0
0
0
0
0
0
0
0
0
0
0
0
0
0
0
0
1
0
0
0
1
0
0
0
0
0
0
0
0
1
1
0
0
1
0
0
0
0
0
1
0
0
-1
1
0
-1
-1
0
0
0
0
0
1
0
1
0
0
0
1
0
-1
0
-1
0
0
-1
0
0
0
-1
0
0
0
0
0
0
0
0
1
-1
0
0
0
0
-1
0
0
0
0
0
1
0
0
0
0
0
0
0
0
1
1
0
0
0
0
0
0
0
0
0
1
0
-1
0
0
0
0
0
0
0
0
0
0
1
0
1
0
1
0
0
0
0
0
0
0
0
0
0
0
0
-1
0
0
0
-1
0
-1
0
0
0
0
0
0
0
-1
1
0
1
0
0
0
0
1
1
0
-1
0
1
-1
0
0
0
0
0
0
0
0
0
0
0
0
0
1
-1
0
0
0
0
0
0
0
-1
0
-1
0
0
0
0
0
-1
0
1
0
0
0
1
0
0
0
0
0
0
0
0
0
0
0
0
0
0
1
0
1
0
-1
-1
-1
0
0
0
0
0
0
0
-1
0
0
1
-1
0
1
0
0
0
0
0
0
0
-1
0
0
0
0
0
0
0
0
0
0
0
0
0
0
0
0
0
0
0
0
0
0
1
0
1
0
0
0
1
0
0
-1
1
0
-1
0
0
-1
0
0
0
0
-1
0
0
0
0
1
0
0
0
1
0
0
1
-1
0
0
0
0
0
0
-1
0
1
0
0
0
1
-1
0
0
0
-1
0
0
0
-1
0
1
0
-1
0
0
-1
-1
0
0
0
0
-1
-1
-1
0
0
0
0
0
0
0
0
0
1
0
-1
0
1
0
1
0
0
0
-1
0
0
0
0
0
0
-1
1
0
0
0
0
1
0
0
0
-1
0
1
0
0
0
0
0
0
0
0
0
0
-1
1
-1
0
1
0
0
0
0
0
0
0
0
0
0
0
0
0
0
0
1
0
0
0
0
-1
1
0
-1
0
0
0
0
0
0
0
0
0
0
-1
0
0
0
-1
0
0
1
1
0
0
0
0
-1
0
1
0
-1
0
0
0
0
-1
0
0
0
0
0
-1
-1
0
0
0
0
1
0
0
0
0
-1
0
0
0
0
0
0
0
0
1
0
-1
0
0
-1
0
0
0
0
0
0
0
0
0
0
0
1
0
0
0
0
-1
-1
0
-1
0
0
0
-1
0
0
0
0
1
1
-1
0
0
-1
-1
0
0
-1
0
0
-1
0
0
-1
1
-1
0
0
-1
0
0
0
0
0
0
0
1
0
0
-1
1
1
0
0
0
0
0
0
0
0
0
1
0
0
0
0
0
0
-1
0
0
-1
0
0
1
0
0
1
0
0
0
1
0
0
0
0
0
0
1
-1
0
0
0
1
0
-1
0
0
0
0
0
-1
0
0
0
0
1
0
0
1
0
0
0
1
0
0
0
0
0
1
0
0
0
0
0
0
0
1
0
0
0
0
-1
0
0
-1
-1
0
-1
0
0
0
1
1
0
0
0
-1
1
0
0
0
0
1
0
1
0
0
1
1
0
0
0
0
0
-1
0
0
0
-1
0
0
1
0
0
0
0
1
0
1
0
0
0
0
-1
0
0
0
0
0
-1
0
0
0
1
1
0
0
-1
0
0
1
0
0
-1
1
0
0
0
0
-1
0
0
0
0
0
0
0
0
0
0
0
1
0
0
0
-1
0
1
0
0
1
-1
0
-1
-1
0
0
0
0
0
0
0
0
-1
0
-1
1
0
1
1
0
0
0
0
0
0
0
0
0
0
0
0
0
0
1
0
-1
0
0
0
0
0
0
-1
0
0
-1
0
0
0
0
0
0
0
1
1
0
0
0
0
0
0
0
-1
0
0
0
0
0
0
-1
-1
0
0
0
0
0
1
0
1
-1
0
0
-1
0
0
0
1
0
0
0
0
0
0
0
1
0
1
0
0
0
-1
-1
0
0
0
0
1
0
-1
0
0
0
0
1
0
-1
0
0
0
0
0
1
0
0
0
0
0
0
0
0
0
0
1
0
0
0
0
0
0
0
0
0
0
0
0
0
-1
-1
0
0
0
0
0
0
-1
0
0
-1
0
0
0
0
0
0
0
0
0
0
0
0
0
0
0
0
0
-1
0
0
1
0
0
-1
1
0
0
0
0
0
0
0
0
0
0
-1
1
0
0
-1
0
0
0
1
0
-1
0
0
0
0
0
0
0
1
-1
0
-1
0
-1
-1
0
0
0
1
0
0
0
0
0
1
0
-1
-1
0
0
0
0
0
0
0
-1
0
-1
0
1
0
0
0
0
1
0
0
0
0
0
-1
-1
0
0
0
0
-1
0
1
0
1
0
0
0
0
-1
0
0
0
-1
0
0
0
0
0
0
0
0
-1
0
0
0
1
0
1
0
-1
0
1
0
0
-1
0
0
0
0
0
0
1
0
1
0
0
0
0
0
1
0
1
0
0
0
1
0
0
0
0
0
-1
0
0
0
0
0
0
0
0
0
-1
0
0
0
0
0
0
0
0
0
0
1
0
1
0
0
1
0
0
1
0
0
1
0
0
1
0
0
0
0
0
0
0
0
0
0
0
1
0
0
-1
0
0
-1
0
-1
0
0
1
1
0
0
0
-1
0
0
0
0
0
0
1
0
0
-1
0
0
0
0
-1
0
1
0
0
0
0
0
-1
0
0
0
0
0
0
0
1
0
0
0
0
0
-1
0
0
0
0
0
1
0
0
0
0
0
0
0
1
0
-1
0
-1
1
0
0
0
0
-1
0
-1
0
0
0
0
-1
1
0
0
0
1
0
-1
0
1
1
0
-1
0
0
0
0
0
0
0
0
-1
0
0
0
0
1
-1
0
0
-1
0
0
0
0
0
1
1
0
0
0
-1
-1
0
0
0
1
0
0
0
0
0
0
1
0
0
-1
0
0
1
0
0
0
0
0
1
0
0
-1
0
0
0
0
0
0
0
0
1
0
0
0
0
0
0
0
0
1
0
0
0
0
0
0
-1
0
0
0
0
1
0
0
1
0
0
0
1
-1
0
-1
0
0
0
1
0
0
0
0
0
0
1
0
0
0
0
0
0
0
0
0
-1
0
0
0
1
0
0
0
1
0
0
0
0
0
0
0
0
0
0
1
0
1
0
-1
0
0
-1
0
0
0
-1
0
0
0
-1
0
-1
1
-1
1
0
0
0
0
0
1
0
1
0
0
0
0
0
0
0
0
0
0
0
1
0
0
-1
0
0
0
0
0
0
0
0
0
0
-1
0
0
1
0
0
-1
0
0
0
0
0
1
0
0
0
0
0
1
-1
0
0
1
0
0
0
0
1
-1
0
0
-1
1
0
0
0
0
1
1
-1
0
0
1
0
1
1
0
1
-1
-1
1
0
-1
1
0
-1
2
-2
1
0
1
0
0
2
-2
2
-1
-1
1
-1
0
1
0
0
1
-1
2
-1
1
-1
0
0
1
1
-2
4
-3
1
0
-1
0
-1
3
-3
3
1
-5
4
-1
-1
2
1
-1
2
-1
1
1
-4
6
-2
-2
3
1
-7
8
-3
-4
10
-10
3
1
-2
-2
3
1
-5
7
-4
1
2
-2
2
0
1
-1
1
-2
0
3
-3
2
1
-2
2
-1
0
2
-3
3
-2
3
-3
0
2
-4
6
-7
9
-6
2
3
-2
0
3
-5
2
3
-5
5
-1
-2
2
-1
0
0
0
-1
2
0
-3
4
-3
3
-5
5
-1
-7
12
-8
0
7
-8
3
3
-3
-2
6
-6
4
1
-5
5
-2
-3
3
2
-7
5
2
-5
0
7
-9
3
6
-8
2
5
-7
5
1
-4
2
2
-6
4
2
-6
9
-7
3
3
-6
3
-3
5
-8
10
-8
3
3
-10
9
-3
-5
5
2
-9
7
-3
4
-11
13
-7
-1
5
-2
-2
2
3
-8
12
-11
8
-4
-2
5
-8
7
-5
3
0
-4
4
-2
-1
1
3
-3
-1
9
-12
11
-6
-1
6
-9
12
-10
4
3
-5
1
1
7
-18
17
-3
-12
9
3
-7
0
7
-10
9
-11
10
-4
0
-2
4
-4
0
7
-12
15
-14
4
5
-3
-3
-2
15
-20
14
-1
-5
10
-14
19
-15
2
9
-7
5
-3
3
-6
6
-2
5
-8
10
-13
12
-10
8
-4
0
1
3
1
-7
9
-6
0
-9
21
-23
13
3
-11
13
-8
3
-1
4
-1
1
-3
7
-7
-4
14
-13
1
4
-6
2
5
-5
6
-5
-4
7
-5
11
-12
-1
6
-6
8
-12
16
-10
-3
18
-21
12
-21
30
-22
-2
20
-15
0
-4
15
-7
-3
5
5
-27
32
-9
-15
34
-40
12
13
-21
15
-2
7
-26
29
-4
-29
34
-18
11
-5
-14
28
-10
-27
47
-33
5
1
11
-10
0
-4
2
5
-24
25
13
-16
-16
38
-30
9
-11
10
29
-63
48
0
-29
18
3
1
-7
2
15
-6
-32
34
-17
10
-16
22
-15
8
-4
-5
22
-34
43
-19
0
-8
18
-20
0
34
-41
11
-4
12
-20
9
19
-20
26
-15
19
-28
4
5
-23
10
26
-35
40
-20
-5
-1
-7
16
-13
29
-37
28
-15
13
-22
15
21
-51
21
21
-14
-29
60
-50
20
21
-46
34
-10
-29
64
-51
15
10
-11
-23
44
-30
-29
85
-63
-3
50
-34
-4
26
-22
7
-22
28
-10
6
4
-9
-13
41
-63
67
-49
11
33
-51
42
-9
-36
51
-31
4
5
4
-1
-14
12
13
-9
-25
49
-34
-12
30
-10
-7
2
1
-5
11
-3
2
-19
29
-30
4
10
-12
43
-62
74
-35
-14
-2
47
-76
37
19
-48
47
-22
-8
1
32
-65
88
-71
49
-19
-9
30
-20
-15
33
-40
28
-12
-20
50
-61
48
-27
12
-17
13
11
4
-32
64
-39
-17
33
-32
37
-43
36
-31
-1
51
-63
22
2
1
-7
20
-7
-11
20
-10
2
8
-18
26
-19
-7
36
-56
44
-17
-35
68
-57
50
-56
61
-59
44
-2
-33
63
-85
70
-32
-4
11
-10
22
-20
0
6
3
-2
-21
51
-86
90
-57
27
-11
20
2
-16
33
-83
90
-103
75
-19
-1
7
-5
-1
-4
23
-7
18
-35
1
7
-22
56
-34
1
4
8
-32
22
-11
18
-3
-41
89
-73
32
-1
-19
25
-29
3
12
5
-35
59
-69
50
-4
-47
72
-36
-40
73
-38
-24
49
-13
-22
16
22
-55
55
-34
25
-21
8
14
-16
-6
7
-11
25
-58
60
-18
-47
134
-142
76
-8
-48
76
-114
139
-112
44
19
-51
73
-70
46
-35
50
-56
52
-18
-26
26
7
-10
-44
66
-65
47
-24
48
-59
47
-4
-83
125
-94
-3
66
-33
6
-6
26
-15
-39
57
-17
-24
36
-30
49
-69
50
-33
-33
62
-36
24
-13
33
-47
-2
80
-120
82
-22
13
-10
36
-32
10
-10
14
-67
53
11
-27
26
-25
58
-115
115
-46
14
-37
63
-25
-22
49
-55
-4
38
-30
32
-74
100
-87
43
48
-103
104
-91
88
-72
41
1
-60
69
-68
80
-58
46
-34
28
-13
-59
113
-118
90
-40
-9
30
-37
26
4
-10
1
23
-9
-75
114
-103
62
-7
-18
47
-86
100
-55
-10
17
-14
46
-94
108
-75
55
-72
91
-38
3
6
-26
2
-12
5
21
-4
-8
-26
76
-126
144
-122
92
-49
-10
95
-142
141
-103
66
-34
49
-90
77
-26
-58
68
-29
-12
77
-77
2
36
3
-72
74
24
-141
188
-142
61
26
-103
123
-96
47
-4
30
-65
56
-65
45
-14
0
39
-57
93
-101
77
-57
8
17
-56
64
-29
-25
90
-108
47
48
-105
111
-110
142
-181
177
-83
-46
157
-216
172
-94
43
-12
-12
32
-27
28
-40
38
-69
97
-67
10
29
-24
-7
-3
70
-136
176
-164
95
-20
-9
16
-77
155
-120
15
67
-89
70
-69
57
-8
-28
26
3
-17
8
-3
-20
70
-107
85
-12
-22
-1
1
43
-56
-2
31
-18
37
-77
113
-112
108
-122
109
-43
-17
48
-58
82
-147
155
-103
62
-18
-22
58
-68
33
28
-65
-3
81
-98
123
-93
37
8
-48
78
-158
241
-231
153
-22
-82
116
-128
116
-109
75
-21
-19
49
-65
8
95
-144
143
-112
81
-59
50
-26
36
-51
13
60
-107
86
-93
103
-102
107
-40
-62
97
-85
60
1
-52
73
-102
46
35
-56
27
-22
76
-76
109
-174
206
-157
68
-2
-72
77
-97
127
-59
-6
1
41
-59
-5
87
-124
96
-4
-61
48
-28
35
-2
-103
191
-164
58
109
-203
217
-177
92
-37
9
-4
-23
-5
25
-7
-62
112
-30
-32
66
-43
-47
111
-125
131
-165
161
-83
4
70
-86
26
-19
87
-110
19
35
-5
-28
85
-77
-33
57
-15
18
-96
152
-115
67
37
-105
113
-93
79
-40
-61
125
-124
75
-23
-40
97
-136
192
-192
58
60
-76
93
-57
-30
36
-56
100
-12
-101
117
-107
79
-53
9
76
-157
187
-82
-72
188
-271
257
-129
20
19
-4
-18
14
-15
9
-30
41
-66
113
-94
27
48
-69
64
-15
-42
14
-9
-23
81
-159
204
-214
151
19
-71
37
-14
9
-33
127
-243
272
-204
130
-62
-43
132
-235
278
-207
136
-93
74
-64
-7
69
-140
194
-185
149
-79
47
-29
20
-15
-75
173
-213
278
-269
192
-126
26
66
-116
143
-137
90
-7
-9
-29
36
-84
65
-38
59
-81
64
58
-155
221
-235
186
-109
-22
105
-125
93
-38
49
-6
5
-14
-33
-7
90
-188
176
-15
-235
383
-331
217
-84
-30
98
-104
97
-152
177
-148
63
50
-51
72
-159
173
-128
91
-28
-54
135
-249
239
-153
87
-82
146
-99
-28
142
-186
150
-109
84
-113
144
-69
22
-24
-12
-13
-3
68
-148
245
-206
25
219
-303
274
-188
90
-79
47
5
-101
200
-210
152
-104
119
-211
201
-99
-58
187
-148
52
16
39
-156
247
-186
122
-49
-76
164
-263
314
-356
231
-1
-183
239
-184
92
-28
17
30
-72
128
-110
52
0
-64
-6
95
-108
141
-102
-11
45
-59
158
-211
177
-186
171
-73
2
95
-253
267
-256
240
-58
-94
128
-85
94
-163
146
-126
163
-142
51
85
-165
133
-160
221
-148
31
50
-52
19
-44
15
-104
191
-237
354
-263
108
-7
-165
355
-401
337
-255
31
150
-181
213
-153
95
-90
97
-118
68
34
-77
137
-179
210
-262
169
-42
-69
165
-218
293
-239
12
197
-260
220
-132
-57
163
-179
202
-136
70
-69
-24
174
-155
85
-28
-75
99
-73
95
-82
111
-102
-65
173
-133
48
152
-298
209
-149
-49
276
-258
161
-110
78
-14
8
71
-237
189
-20
-63
74
-29
-63
130
-114
146
-111
39
4
-82
106
-119
77
-8
-13
17
26
-100
119
-94
23
-9
12
22
-43
77
-105
80
36
-133
242
-199
23
42
-50
56
-45
21
-54
50
-26
70
-52
57
-136
249
-301
237
-192
21
122
-137
167
-194
172
-141
83
-19
76
-80
68
-59
21
11
-55
145
-227
252
-245
138
12
-185
324
-327
275
-211
147
-17
-71
88
-234
298
-218
243
-179
3
-4
22
-19
73
-80
56
8
-99
209
-315
359
-367
222
-54
-68
183
-255
332
-348
332
-265
177
5
-156
169
-309
398
-333
295
-273
200
-145
84
4
-27
41
-215
391
-350
260
-142
-17
70
-120
173
-139
98
-21
-98
112
-49
60
-10
-5
-8
-60
105
-73
0
2
-41
20
18
-25
54
-79
24
90
-88
100
-82
-92
316
-355
305
-249
98
129
-329
414
-488
416
-282
208
-10
-266
336
-298
352
-251
169
-123
73
-40
-60
142
-150
105
-160
165
-146
60
18
28
81
-249
229
-208
174
-38
-100
229
-278
307
-243
163
-16
-116
123
-77
72
-108
41
-51
33
-16
63
-53
42
39
-143
197
-247
218
-245
315
-229
107
-14
-177
238
-87
9
39
-165
201
24
-98
113
-284
283
-214
154
-63
-53
130
-119
139
-61
-150
279
-313
307
-236
76
58
-172
265
-357
353
-280
256
-97
17
-29
22
-10
-42
54
-19
82
-173
99
-67
135
-129
112
-151
94
-149
90
71
-31
3
61
-110
53
-16
19
1
68
-182
218
-74
-71
156
-116
108
-235
232
-167
107
-35
-27
43
-33
-113
232
-206
138
-169
95
17
42
-56
-30
137
-131
166
-224
129
-116
173
-70
6
24
-132
66
126
-67
49
-24
-83
71
-181
266
-215
126
-147
50
68
-28
4
-47
98
-129
114
-25
-10
-16
60
-105
198
-160
64
-14
-67
146
-206
231
-246
175
-62
-13
-25
-5
42
44
25
-176
242
-192
98
12
-144
239
-299
280
-154
88
-63
-114
284
-312
214
-211
150
21
-84
168
-228
178
-146
66
107
-118
144
-86
55
-101
-71
133
-26
-52
96
-188
164
-102
7
188
-238
186
-127
6
201
-200
70
-35
-8
47
-80
53
-67
76
1
-25
64
-106
-24
114
-59
28
49
-55
64
-132
49
54
-72
100
-55
78
-116
25
21
-72
116
-82
161
-206
219
-356
300
-161
40
115
-252
214
-201
292
-236
230
-286
157
6
-43
88
-144
210
-231
255
-308
265
-247
240
-79
69
56
-363
372
-235
95
86
-108
19
-79
172
-206
205
-152
16
53
-6
27
-54
29
-117
208
-251
196
-115
40
93
-161
101
-114
112
39
-52
-23
33
-148
93
41
265
-181
-10
100
-70
151
-244
86
-127
13
44
-36
58
-137
-16
90
-23
40
-71
58
-107
57
-2
154
-145
172
-134
47
52
-115
183
-250
226
-291
380
-297
190
-109
7
14
-42
-14
49
101
-191
252
-287
198
-83
11
21
-137
119
-119
268
-279
229
-151
39
24
11
-5
58
85
-225
305
-477
252
-120
136
-50
-119
70
13
-8
130
-68
22
-120
57
78
-30
-13
-24
124
-258
277
-224
153
-126
94
14
31
104
-276
337
-304
217
-207
231
-187
18
40
-227
303
-354
323
-158
84
-49
120
-33
-40
112
-162
182
-215
256
-408
338
-155
-137
381
-319
235
-185
81
-181
178
-151
105
80
26
-15
-52
63
-130
115
-120
89
71
-65
61
-103
-38
52
-26
75
-55
-54
151
-228
196
-166
43
37
188
-195
195
-65
-144
214
-172
4
50
-70
105
-12
-22
-182
-55
254
-210
107
-16
-126
335
-151
40
73
-268
240
-76
114
-95
-116
114
-113
261
-239
116
-64
-46
-43
136
-8
-71
195
-84
-83
151
-128
-99
182
-179
30
208
-350
334
-191
44
19
-146
266
-355
322
-224
140
-49
-95
-44
123
24
67
251
-194
203
-127
110
-134
-122
-3
-257
420
-291
161
-27
-118
65
-34
5
-112
150
-64
-55
202
-114
-32
235
-329
170
-19
-229
370
-259
315
-205
144
-43
-211
271
-261
290
-267
69
76
14
-146
155
-80
186
-233
231
-125
-60
96
-107
139
-100
19
-39
153
-174
91
-352
303
-123
19
158
-160
257
-156
82
-21
-94
-60
68
48
22
16
-42
128
-231
78
-93
-9
123
-121
211
-159
-47
69
-31
27
51
-17
25
-99
85
75
81
-182
61
-24
-45
119
-84
44
68
-148
-56
153
-189
124
133
71
-31
-80
-32
-141
-77
-18
-46
51
59
27
10
-1
-225
157
-269
278
-247
120
180
-75
352
-312
389
-380
242
44
18
298
-198
85
-244
106
-305
171
-16
-77
214
-390
305
-388
145
-177
145
141
-214
333
-115
49
-145
-22
-49
225
36
23
310
-210
34
-268
-19
-199
73
137
-44
386
-440
150
-505
103
-79
-63
138
31
222
-335
302
-200
169
134
-192
674
-284
442
-287
10
95
-517
595
-506
581
-113
-342
30
-175
-112
38
-35
-173
391
-302
384
-306
80
-199
-24
231
-5
444
-224
159
-416
131
-221
64
-106
-221
480
-141
277
-156
95
-126
-580
450
-358
406
-293
-160
259
-69
51
58
-102
287
12
-35
426
-37
351
-58
161
451
-212
251
-493
-213
329
-42
3
109
-410
288
-457
-50
-76
-339
115
-444
499
-378
-65
-211
-109
65
139
254
42
523
-30
145
14
81
60
8
309
-280
368
-1
-76
174
-383
44
-195
84
-385
213
-420
-285
130
-393
84
-143
55
-214
95
-268
-232
-61
-12
-164
333
163
-20
304
-96
111
-65
91
-112
176
161
-126
368
-126
301
103
219
252
-25
115
-252
287
-125
295
165
197
135
1
-103
-487
-10
-494
117
49
41
32
-105
-281
-263
-51
-424
-192
-220
-160
91
30
-238
-59
-198
-282
-113
217
79
214
363
-50
433
-176
5
54
-133
108
90
197
-79
145
-158
210
-139
272
-257
47
367
-83
754
118
604
257
411
41
313
-6
-361
265
-358
93
-389
-155
-223
-78
8
-212
48
-270
-81
-317
31
-245
-188
-197
-243
157
-197
324
-336
-145
-171
-229
307
-136
75
-289
22
-299
25
-276
-40
-116
65
88
-23
237
-395
263
-83
55
130
318
333
-75
259
-29
314
119
395
367
378
234
39
310
-118
101
-377
145
-19
103
113
9
-147
-419
-318
-247
71
-416
-36
-405
-137
-330
-66
-58
-111
111
-253
241
-154
262
212
278
166
109
81
-180
-87
-406
113
-264
293
91
138
465
-189
235
-97
82
229
288
243
302
250
528
283
68
-354
-327
-88
-108
531
202
421
151
32
132
93
-101
-118
-71
-78
104
-234
-34
-511
-692
-509
-317
-226
-136
-190
-491
-194
-433
-366
-286
-542
-281
-458
-521
-430
-724
-608
-663
-530
-409
-35
-110
-257
-243
-482
-232
-293
-15
94
206
293
332
349
458
414
371
725
679
1078
1251
1434
1504
1390
1232
1198
1051
870
890
786
758
600
844
766
709
549
594
446
367
470
396
786
416
461
438
448
541
385
441
127
-36
-525
-572
-798
-1096
-1098
-1351
-1365
-1705
-2120
-2225
-2497
-2724
-2977
-3164
-3143
-3021
-2903
-2555
-2709
-3086
-3320
-3505
-3262
-3367
-3319
-3682
-3397
-3187
-2700
-1445
-551
1841
2271
3030
2572
2457
3528
4323
5605
5972
6612
7207
8276
8764
8622
7873
6898
6160
6016
5904
5987
5072
3600
2042
569
248
-588
-1097
-1955
-2392
-2212
-2349
-2218
-2948
-3543
-4208
-4335
-3923
-3618
-3438
-3893
-4221
-4348
-4406
-4070
-4455
-4988
-5918
-7120
-8126
-8841
-9901
-10705
-12150
-12513
-10078
-5935
929
2148
2929
-752
-1323
922
3918
8300
8619
9653
9716
11748
13176
12452
10674
7687
6017
6109
6737
8744
8712
6776
3276
-1028
-2669
-3285
-2155
-1877
-2746
-3079
-3803
-2752
-2888
-2417
-2540
-2244
-980
163
2401
3185
3065
2256
1411
2503
3995
5734
6019
4668
2683
450
-783
-1980
-2583
-3098
-3846
-4145
-5159
-6083
-7978
-10106
-11717
-12635
-12105
-11884
-11717
-12765
-14407
-16173
-15952
-11914
-5675
1714
4826
5278
3165
2741
5477
9072
12706
13431
14145
15236
17421
18433
16593
12737
8612
6485
6839
8449
9602
8336
4453
-754
-5576
-7815
-8181
-7861
-8011
-9147
-9369
-8636
-6803
-5361
-4713
-4318
-3312
-1148
1359
3775
5030
5165
4935
5033
6518
8567
9737
9104
6932
4420
2487
1436
421
-464
-1903
-3389
-4735
-6401
-8055
-10535
-12774
-14564
-15203
-14928
-14438
-14537
-15500
-17342
-18696
-15666
-9283
351
5581
6202
3901
1789
5164
9291
14383
15610
15547
16153
17928
20022
18601
14901
10385
7262
7267
8202
10144
9478
6138
609
-5763
-8713
-9365
-8043
-7814
-9317
-10624
-10959
-9499
-8155
-7004
-5926
-4809
-2029
118
2833
4443
4767
5241
4913
6727
9028
11512
11895
9318
5962
2750
1746
1190
868
-144
-2188
-3796
-5833
-7689
-9862
-12521
-13916
-15064
-14790
-14596
-14457
-15601
-17205
-19390
-19221
-13902
-5750
4194
6463
5680
1611
1816
6547
11890
16762
16664
16710
17207
19121
19905
16926
12740
8514
7070
7891
9330
10570
8329
3536
-3162
-8282
-9613
-8456
-6568
-7428
-9563
-11302
-11078
-9413
-8364
-6913
-5393
-2446
577
2629
4273
4601
5049
5272
6328
9010
11535
13219
11639
8428
4453
1725
1069
668
947
-732
-2463
-4884
-7691
-9886
-12462
-13659
-14537
-14551
-14293
-14444
-14922
-17015
-18732
-21509
-18944
-12692
-2200
6433
6916
4975
-359
1876
6508
13312
17315
17374
18074
18409
20063
18599
14495
10619
7359
8225
9386
11308
11418
7643
2255
-5395
-9040
-9485
-6933
-5185
-6661
-8941
-11048
-10442
-9444
-8311
-7073
-5799
-2758
-638
1607
2874
3126
3770
3777
5719
8605
11650
12749
10661
7298
3577
2456
2269
2548
2217
-310
-2262
-5295
-7120
-8983
-10653
-11571
-12218
-12210
-12047
-12393
-13354
-15546
-17731
-19766
-19117
-13020
-4591
6264
8112
6024
-152
-1929
3616
10114
17530
18349
18340
17036
16915
16440
13232
10405
7696
7809
9254
10026
10987
7917
3176
-4024
-9740
-10081
-7772
-3803
-4015
-6696
-10033
-11344
-10010
-8830
-6427
-4977
-2163
-110
1090
2194
1849
2384
2621
4262
7254
10488
12381
11142
7740
3559
1204
1239
1915
2842
1058
-1329
-4557
-7194
-8344
-9436
-9676
-10497
-10927
-10962
-11036
-11287
-13113
-15632
-18060
-18968
-14147
-6611
4339
8493
6498
741
-3835
1046
7588
16251
18606
17694
15791
14201
14222
12256
10165
8413
7755
8821
8389
9070
7276
3418
-2520
-9599
-10991
-9169
-4171
-2598
-5367
-9634
-12772
-12040
-10070
-6580
-3717
-1100
907
1152
1795
1698
2648
4051
5589
8479
11047
13351
13008
10056
6017
2448
1943
2735
4461
3679
654
-3309
-7563
-8800
-9752
-9396
-10136
-11016
-11345
-11921
-12107
-13476
-15459
-17828
-18834
-17718
-11830
-4026
5459
7695
4788
-1357
-3259
2924
10857
18983
19747
18214
14812
13539
13194
12001
10973
9649
9471
9264
8545
8362
6017
1908
-4635
-10012
-10295
-7084
-2309
-2377
-6116
-11247
-13717
-12277
-9177
-4694
-1778
784
958
361
485
982
3324
4944
6985
9215
11465
12912
11518
7903
3415
793
1524
3585
5370
3208
-1346
-6617
-10139
-10211
-9772
-8663
-9556
-10468
-11374
-11970
-12900
-14393
-16248
-17568
-17665
-16293
-10330
-2959
6607
8152
4569
-2313
-4015
3364
12263
20424
20308
17428
13507
12228
12533
11917
11424
10578
10292
9500
7798
7103
4707
1513
-4325
-9093
-9345
-6158
-1568
-1883
-6099
-11803
-14133
-12356
-8245
-3223
-206
1525
799
-618
-736
164
2846
5248
7478
9604
11346
12128
10017
6079
1994
418
2118
4573
5729
2492
-2645
-7881
-10233
-9563
-8336
-7104
-7801
-8888
-10294
-11491
-12523
-13844
-14632
-15495
-14951
-14942
-11551
-5509
3132
8530
5396
73
-4970
356
8773
17574
20165
17100
13278
10361
11011
10914
10887
10701
10183
9901
7685
6487
5045
2546
-1544
-7378
-8985
-6911
-1769
3
-3786
-9828
-14023
-12627
-8705
-3453
372
2077
1979
-372
-1334
-1062
1448
5028
7740
10041
11004
11187
9600
6645
3380
1448
2278
3777
5191
3512
-627
-5408
-9270
-9620
-8250
-6415
-6343
-8209
-10367
-12159
-12902
-13437
-13525
-13854
-14170
-13976
-14251
-10478
-5119
2848
6375
3626
-325
-2866
3063
9755
16386
17141
14654
11982
10380
11212
10946
10881
10452
9737
8989
7015
6213
4872
2257
-1837
-6329
-6684
-4148
-580
-1113
-5512
-10151
-11601
-9088
-5409
-1249
1463
2347
1291
-1058
-1850
-956
2346
6379
9257
10537
9721
8318
6142
4010
2091
1070
1939
3137
3949
1664
-2479
-6636
-9177
-8962
-7617
-6501
-6809
-8480
-10004
-11059
-11763
-12572
-12868
-12715
-12726
-12573
-13428
-10560
-5603
2285
6319
4417
274
-2789
1568
7482
14172
16256
14962
12647
10173
9876
9254
9782
10652
10813
10321
7846
6392
4886
2936
20
-3485
-4077
-2613
-253
-727
-4031
-7486
-9085
-7703
-5279
-1807
1108
2194
963
-2152
-3477
-2451
1689
6385
8982
9199
6842
4804
2810
1815
1473
1748
3172
3613
3194
481
-3061
-6062
-8030
-7925
-6899
-5396
-4992
-6207
-8402
-10869
-12407
-12560
-11462
-9718
-9600
-10758
-13232
-12703
-8385
-999
4995
4860
2116
-2139
-638
3463
9501
13766
14396
13519
10822
9692
8640
8849
9684
10343
10818
9399
8090
6454
4235
1573
-1753
-2882
-1920
-1
397
-1821
-5139
-7518
-7984
-6663
-3715
-561
1325
761
-1965
-3868
-3566
-626
3457
6005
6536
4968
3156
1845
1525
1744
2254
3051
3033
2704
1066
-1100
-3447
-5519
-5981
-5143
-3635
-3015
-4522
-7087
-9472
-10529
-9921
-9008
-8044
-8326
-9805
-11689
-13108
-11344
-7213
-1020
3156
3325
1312
-1976
-1024
1882
7485
11786
13705
13563
11048
8938
6644
6753
8872
11541
13272
11488
8387
4723
2407
1425
769
1310
1524
1663
-183
-2968
-5468
-6882
-6201
-4965
-2429
-470
608
14
-2205
-3542
-3718
-1412
1762
4272
5248
4499
3082
1420
460
348
1291
2843
3464
3016
680
-1802
-3563
-4207
-3986
-4023
-3994
-4451
-5101
-6195
-7226
-8072
-8570
-8502
-8451
-8143
-8851
-10084
-11371
-11820
-9172
-4675
1251
3543
2591
-1205
-3368
-1189
3747
10353
13363
13760
10831
7664
5833
6044
8891
11980
13653
11960
8274
5031
3525
3873
3972
3710
2665
1169
-314
-2311
-3425
-4264
-4023
-3524
-2691
-1608
-1107
-1138
-2704
-3976
-4424
-2975
-54
2515
4134
3444
1785
-84
-871
-210
1167
2698
3071
2363
840
-895
-2221
-3271
-3706
-3489
-3123
-2899
-3932
-5169
-6147
-6451
-6228
-6400
-6234
-6752
-7206
-8572
-10031
-10843
-10734
-7543
-4172
8
893
-160
-2153
-3506
-973
2504
7781
10674
11603
10348
7477
5782
5157
7671
10674
13093
13066
10463
7763
5075
4408
4133
4247
4320
3405
2569
482
-1297
-3148
-4211
-4142
-3548
-2070
-1705
-1898
-3248
-4624
-4855
-4487
-2530
-644
1155
1937
1064
-218
-1563
-1262
131
2081
3377
3221
2120
347
-835
-1511
-1473
-1272
-1122
-1215
-1721
-2334
-3134
-3692
-4230
-4503
-4905
-5296
-5571
-5904
-6483
-7681
-8974
-9758
-9214
-6920
-4200
-1662
-1429
-1809
-2763
-2298
-278
2416
5928
7810
8807
7871
6433
5614
5867
8385
10715
12481
11693
9258
6634
4461
4444
4869
5985
5795
4171
1579
-1240
-2672
-3278
-2846
-2564
-2292
-2439
-3304
-4307
-5190
-5073
-4200
-3192
-2150
-1277
-181
501
689
255
-166
5
802
2204
3188
3461
2557
1259
24
-513
-360
-9
318
-19
-820
-2091
-3305
-4067
-4165
-3732
-3376
-3502
-4232
-5419
-6604
-7657
-8177
-8526
-8035
-7234
-5761
-4222
-3278
-2469
-2866
-2533
-2325
-459
1918
4231
6031
6209
6375
5801
6003
6388
7410
8889
9619
9883
8557
7012
5303
4245
3945
3901
4299
3898
2913
790
-1385
-2763
-3293
-2764
-2559
-2336
-2810
-3481
-3952
-4316
-3806
-3102
-1860
-692
222
829
1021
1177
1140
1325
1740
2637
3658
4189
3939
2931
1840
893
395
356
593
733
163
-1094
-2527
-3517
-3659
-3482
-3135
-3299
-3879
-4485
-4989
-4964
-4851
-4723
-4786
-4869
-4818
-4882
-4811
-4853
-4330
-3293
-1819
-337
371
792
449
643
875
2014
3370
4623
5306
4786
4019
3041
2964
3435
4241
4789
4378
3479
2214
1425
1034
1082
1362
1384
1238
348
-566
-1551
-1923
-1569
-933
-177
-32
-105
-540
-930
-1100
-910
88
1442
2921
3771
3704
2987
2251
2286
2840
3545
3643
3061
2100
853
-25
-636
-716
-567
-738
-1310
-2329
-3107
-3353
-3281
-3152
-3131
-2881
-2465
-2241
-2462
-2941
-3130
-2713
-1760
-710
169
546
514
-34
-714
-1234
-1169
-550
-149
-250
-1168
-1980
-2464
-2406
-2109
-1968
-1871
-2057
-2273
-2449
-2406
-1850
-1185
-640
-508
-699
-668
-435
397
1227
1957
2276
2357
2661
2988
3471
3609
3778
3890
4001
4029
3655
3251
2587
2215
1926
1825
1842
1646
1471
954
570
44
-183
-147
68
378
252
-11
-748
-1436
-2079
-2132
-1564
-819
-323
-587
-1150
-1839
-1975
-1741
-903
73
845
1063
657
138
-225
112
911
1869
2367
2203
1702
1182
850
659
606
763
992
934
391
-558
-1426
-1983
-2093
-1951
-1924
-2165
-2695
-3370
-3964
-4375
-4341
-3876
-3052
-2329
-1997
-2301
-2935
-3173
-2680
-1247
239
1465
1807
1471
926
530
896
1599
2678
3415
3759
3549
2921
2327
1829
1799
1838
1836
1705
1381
1039
397
-215
-685
-842
-687
-690
-579
-693
-688
-769
-838
-701
-505
30
332
510
438
360
602
847
1244
1327
1369
1195
925
748
532
543
429
437
275
166
87
-55
-258
-686
-972
-1087
-908
-588
-405
-389
-645
-785
-804
-618
-414
-340
-368
-505
-457
-109
441
811
743
255
-291
-484
-230
266
567
523
252
39
10
-10
-201
-598
-894
-942
-658
-302
-257
-620
-1265
-1686
-1763
-1427
-1064
-827
-858
-1221
-1540
-1677
-1361
-775
-126
271
177
-174
-424
-191
539
1251
1629
1510
1131
899
889
1134
1308
1460
1461
1476
1373
1203
1011
778
709
765
919
929
628
175
-206
-226
83
513
650
374
-126
-557
-557
-281
191
529
714
652
358
59
23
335
771
1051
1004
819
729
795
769
467
-37
-436
-401
-58
282
304
-140
-784
-1365
-1649
-1521
-1173
-706
-478
-640
-1273
-2041
-2419
-2163
-1416
-727
-483
-736
-1150
-1358
-1218
-893
-595
-496
-523
-603
-641
-577
-413
-300
-263
-337
-412
-364
-205
72
269
361
301
265
272
521
815
1104
1199
1123
994
910
1024
1245
1522
1645
1512
1238
903
728
714
774
893
895
804
501
162
-49
-37
178
292
277
73
-172
-358
-476
-459
-457
-404
-339
-229
-101
-32
-39
-138
-203
-201
-165
-119
-80
19
192
346
392
388
333
476
616
514
94
-522
-825
-914
-721
-485
-246
-165
-341
-684
-1109
-1381
-1400
-1120
-740
-460
-421
-569
-896
-1238
-1386
-1135
-582
-36
227
175
43
-36
162
507
878
1057
963
796
721
814
936
906
791
663
674
728
748
666
488
350
237
153
111
67
-15
-177
-295
-277
-150
8
-51
-365
-702
-844
-617
-259
-49
-59
-245
-362
-352
-228
-32
119
166
74
-81
-125
10
299
533
521
286
-30
-148
-77
146
356
390
225
-42
-238
-254
-101
128
273
274
146
14
-30
-65
-141
-258
-285
-94
230
475
432
94
-342
-598
-526
-113
349
609
503
146
-303
-616
-650
-451
-95
104
103
-79
-305
-443
-531
-497
-380
-175
57
63
-111
-406
-566
-560
-387
-100
164
308
214
-31
-277
-360
-183
138
354
399
311
181
51
-98
-237
-274
-134
125
337
388
244
2
-189
-213
-67
166
356
441
446
378
337
359
478
592
604
495
449
595
850
981
851
606
386
308
324
317
313
350
347
240
-28
-344
-510
-548
-498
-485
-475
-453
-467
-589
-830
-1029
-995
-727
-440
-354
-411
-521
-580
-521
-367
-140
85
219
189
31
-118
-121
-13
148
245
314
371
387
229
-50
-292
-324
-142
97
187
62
-204
-440
-581
-574
-405
-220
-73
-71
-139
-173
-131
-41
46
112
213
392
622
782
794
705
558
475
518
698
817
746
455
129
2
89
259
251
19
-327
-607
-687
-554
-309
-140
-156
-333
-543
-682
-638
-435
-147
70
127
105
39
39
49
94
190
345
550
626
577
343
31
-228
-319
-161
119
324
256
-60
-428
-686
-757
-667
-467
-202
0
-3
-253
-556
-708
-568
-249
55
213
220
136
47
6
81
264
469
539
464
342
308
411
578
701
658
454
167
-37
-20
211
501
599
402
29
-343
-511
-418
-163
120
249
164
-141
-509
-742
-734
-499
-189
29
40
-142
-409
-607
-629
-413
-36
331
460
340
93
-127
-193
-136
14
137
212
194
107
-10
-135
-244
-317
-307
-240
-108
-10
2
-108
-258
-310
-236
-45
140
238
239
195
183
223
337
444
505
508
452
381
353
400
466
456
317
105
-87
-185
-160
-75
-14
-48
-197
-386
-504
-482
-362
-219
-137
-169
-253
-336
-343
-276
-202
-123
-50
39
88
94
125
189
243
243
175
107
101
135
142
71
-32
-119
-145
-107
-46
6
18
-77
-199
-292
-287
-171
-28
55
-2
-130
-221
-199
-53
127
240
231
134
12
-57
-14
80
143
131
106
100
125
144
110
95
69
76
124
147
131
56
-21
-72
-26
38
77
57
-15
-78
-118
-120
-77
22
99
90
-16
-149
-233
-221
-111
20
97
88
9
-102
-114
-19
125
198
157
61
14
54
128
182
155
81
12
-4
16
39
46
6
-73
-160
-216
-229
-204
-148
-92
-51
-69
-128
-184
-205
-175
-139
-87
-35
27
89
122
99
50
7
30
85
168
220
207
165
98
82
128
185
185
110
-15
-100
-99
-40
11
30
11
-26
-95
-189
-243
-213
-138
-104
-117
-158
-167
-130
-62
-37
-48
-56
-30
17
38
50
90
141
200
204
181
149
133
124
89
61
54
96
116
68
-22
-113
-162
-143
-94
-47
-29
-63
-120
-217
-288
-259
-147
-19
43
28
14
-10
-2
30
63
111
154
168
136
118
141
197
245
234
182
133
124
160
208
218
174
76
-33
-114
-122
-80
-52
-70
-140
-227
-281
-307
-317
-312
-294
-267
-268
-261
-246
-175
-87
-21
14
15
46
72
100
113
136
177
208
189
129
122
152
187
207
185
147
103
28
-44
-91
-80
-31
-7
-26
-81
-133
-150
-96
-38
19
65
48
26
10
68
161
207
211
183
164
168
178
187
169
125
67
41
50
51
62
0
-146
-288
-373
-380
-311
-226
-185
-182
-223
-243
-280
-304
-294
-226
-85
35
123
117
72
4
-17
-12
79
235
368
410
302
152
27
40
120
179
171
55
-87
-193
-192
-134
-55
-45
-144
-250
-342
-278
-195
-128
-117
-161
-144
-85
7
65
51
-10
-16
69
237
427
481
414
236
82
51
154
333
457
476
360
209
75
44
53
57
-39
-148
-188
-135
-94
-100
-210
-318
-372
-336
-215
-150
-105
-132
-215
-271
-246
-148
18
113
49
-71
-154
-127
-58
-1
36
85
120
167
149
73
-9
7
43
120
148
194
225
143
69
-101
-117
-138
-30
11
-5
25
15
32
-84
-227
-324
-240
-106
57
148
78
1
-130
-106
-95
1
76
139
199
193
302
328
392
304
140
-40
-211
-230
-149
60
222
356
298
245
128
69
12
-114
-219
-366
-366
-286
-121
-53
-22
-160
-248
-261
-171
11
138
141
17
-50
-113
-51
-5
20
-38
-161
-262
-306
-241
-98
88
188
184
108
-31
-87
-119
-150
-81
-32
139
263
321
287
164
107
-4
78
112
202
186
124
53
-52
21
22
143
184
150
80
-73
-98
-130
-181
-252
-334
-350
-357
-193
-56
19
38
-49
-88
-109
-61
7
58
59
68
112
122
134
71
-34
-157
-98
150
475
820
912
835
409
-75
-516
-699
-653
-526
-325
-164
101
249
395
282
157
-59
-209
-317
-350
-293
-167
49
80
207
151
114
5
-127
-227
-232
-124
34
263
303
291
127
-97
-242
-287
-251
-121
2
129
170
187
107
18
-60
-195
-174
-198
-64
39
145
185
106
-8
-104
-129
-109
-47
-18
8
57
75
117
103
68
17
-44
-15
16
97
133
109
10
-46
-135
-99
-63
-45
21
-50
-63
-158
-159
-117
-51
29
76
120
18
-3
-25
-45
65
93
262
262
238
131
32
-68
-114
-67
-29
58
111
89
65
-36
-81
-94
-107
12
-10
61
-80
-42
-175
-129
-140
-104
-51
-125
-12
-28
116
8
106
3
46
-56
-55
-71
-130
-39
-28
128
59
187
90
128
-36
-54
-106
-67
9
-47
27
-60
25
0
77
9
-1
-14
-45
6
-70
15
12
12
-3
-59
-8
-60
49
64
81
107
119
121
54
55
-7
1
-62
-13
80
98
204
234
194
91
-53
-106
-187
-123
-36
53
143
81
90
-72
-89
-162
-152
-77
-75
79
4
82
-15
-14
-91
-143
-93
-71
26
30
37
-27
-107
-71
-49
58
160
181
179
27
-31
-174
-229
-221
-206
-110
-98
-22
-3
6
-1
-29
-28
-123
-134
-134
-70
-4
58
123
130
130
115
137
58
97
31
98
140
150
210
160
166
70
79
21
-30
-61
-115
-43
-74
24
32
21
2
-108
-122
-202
-149
-141
-21
40
74
38
-80
-98
-201
-133
-99
-32
68
62
187
90
135
90
51
95
1
70
31
46
3
0
29
12
13
-38
18
-24
0
24
-64
-27
-111
-72
-147
-90
-95
7
18
-24
2
-51
26
-32
33
-43
0
-102
-15
72
102
184
75
88
-27
84
54
138
112
88
104
0
25
-68
81
23
110
-12
-125
-90
-265
-77
-118
-21
-50
-186
-124
-236
-72
-52
114
144
129
76
-98
-70
-167
-16
33
370
377
504
319
181
2
-133
-158
-307
-160
-220
-80
-49
17
19
47
-2
-54
-97
-190
-198
-195
-122
-69
24
78
54
90
19
1
-22
-74
42
46
73
99
65
51
67
88
16
8
-47
-47
-63
38
8
101
101
147
33
-29
-68
-153
-35
-99
86
12
74
65
75
14
-46
-18
-152
36
-49
25
37
-72
19
-66
84
112
77
32
-49
-89
-190
-35
-55
97
54
56
38
-30
17
-42
63
-101
66
-88
-47
109
13
194
-2
67
-75
-69
-90
-189
-24
-125
120
61
184
103
40
51
-45
-25
-89
-52
-39
-2
26
5
-18
37
17
-11
-8
-6
34
125
4
71
-112
-35
-44
58
116
-71
-9
-158
-89
-31
26
38
144
20
-24
-35
-82
36
101
73
59
10
-20
-64
-71
-6
-22
0
-88
-96
-81
-28
36
71
95
-8
7
-99
-167
-19
-133
52
48
-57
51
-18
69
82
-15
-51
-115
-110
5
145
189
245
179
-16
-39
-130
-22
-12
123
123
45
165
-69
99
-120
-41
-58
-135
116
-213
134
-64
42
91
-161
-47
-212
-72
-32
48
-37
-79
-11
-104
192
38
131
34
-108
-65
-189
132
-20
169
181
78
137
-72
-18
-234
-86
-91
70
206
23
242
-27
90
57
-82
-24
-220
-184
-144
172
74
120
141
-305
-65
-211
-145
-41
66
-49
-17
61
-84
31
223
134
-41
136
-43
62
91
71
83
57
27
91
96
-107
114
-174
131
-78
-50
18
-330
-84
-308
137
20
157
171
-358
-30
-319
-143
-158
38
249
143
216
110
19
-122
132
25
36
48
181
141
35
174
-27
-104
-84
-199
15
80
131
79
-267
-32
-144
10
-93
-113
57
-31
57
32
-37
184
35
17
223
-173
103
-154
-227
-136
-201
14
9
252
30
278
-2
-143
143
-378
152
-23
142
177
-3
177
-170
180
-274
11
-23
-238
198
-77
195
6
48
-84
-76
-152
-52
-52
-118
87
-187
147
-1
-38
176
-181
36
37
23
247
38
114
55
114
19
21
-5
-125
-12
-12
-77
27
-153
115
-136
88
34
-305
57
-425
40
-22
-63
135
44
60
-61
-182
-161
-181
45
439
147
333
52
-96
-67
42
163
-23
202
28
21
4
22
-51
12
205
7
106
33
-253
1
-408
-83
-49
-124
136
35
-1
-224
171
-264
107
0
56
11
29
35
39
-144
144
171
-127
611
-104
182
28
-160
-73
-168
-20
-41
-53
122
16
-178
93
-375
117
-346
35
-137
-87
246
-144
448
-206
275
-165
-96
153
-111
211
107
-211
309
-165
14
449
-282
293
-159
-151
53
-96
29
55
-179
192
-310
-150
-100
-343
262
-337
388
-190
167
211
-273
343
-356
207
-130
-142
280
-48
133
289
-109
171
-163
-14
169
-195
264
53
-9
109
-92
-237
-136
-51
-51
-169
163
-186
-92
221
-183
90
48
-107
52
30
84
26
168
1
-27
-14
-34
2
138
-49
113
109
-98
26
-52
-299
-63
-15
70
217
111
102
-35
-95
-19
-1
-71
122
18
-119
-240
-91
-7
-36
222
-70
-136
-34
-266
142
-68
65
319
-280
402
-74
-23
36
-413
274
-231
409
213
262
261
166
139
-202
-40
-211
-90
-123
356
-149
473
-195
-24
-155
-441
-76
-514
-78
-288
75
-115
320
-246
98
-134
-90
183
-288
401
-87
220
276
-35
398
98
-27
-88
-120
-43
-98
352
-137
64
134
-215
164
24
-237
236
-364
-84
-191
-47
181
187
221
57
-164
-119
-217
-217
-38
-125
161
96
181
-14
108
-14
-278
1
-299
246
166
65
480
-74
36
211
-135
145
54
-60
182
-269
30
-261
-379
375
-420
611
-366
185
-90
-330
193
-431
259
-40
281
-46
-177
10
5
-165
142
-13
123
177
-68
-40
127
-280
274
-40
-16
86
-45
136
-126
-79
-197
1
94
196
269
118
-275
-120
-203
-247
242
108
-65
192
-94
125
-63
-148
-229
-177
-13
-65
23
39
-58
180
-63
370
-84
-71
246
-336
132
5
200
70
335
142
5
87
-250
-139
-63
-303
142
57
-9
-50
55
-301
69
-13
-184
128
35
-12
7
-140
15
-11
-151
236
-426
315
24
184
270
-45
439
-214
235
133
-218
235
-8
-180
66
-81
-349
259
-460
57
-198
-143
-37
-121
-33
121
38
82
-197
-256
52
-81
370
136
436
-163
287
-21
-183
256
-221
103
-9
-253
351
-229
302
18
-343
114
-448
-377
59
154
-41
432
-182
215
-10
168
-122
-82
-262
-10
212
-305
658
-212
12
444
-261
-213
140
-528
84
-57
-15
320
-134
347
-325
378
-343
-68
39
47
-126
469
-74
-269
284
-296
55
184
36
-260
366
-461
97
168
-468
271
-11
-307
453
-45
-68
115
-49
-137
-275
373
-413
377
257
80
377
-235
39
-239
-2
-105
191
224
-3
276
-481
-130
-203
-337
88
51
-136
-105
186
-407
170
-98
-19
133
35
285
-20
277
9
-205
270
-169
172
261
-114
57
9
-73
-73
-84
70
-97
98
52
-127
159
-62
-54
-31
-220
198
-17
-70
237
-340
-254
352
-345
372
-158
154
135
-363
299
-470
49
362
-251
444
81
-235
139
-420
-17
-46
64
124
113
50
-100
166
-188
97
-110
-9
-4
-66
179
29
107
-55
-62
-89
26
-3
135
-85
-141
43
-43
-224
232
-121
77
3
-121
-25
-220
98
12
31
208
245
-52
106
-20
-147
115
-253
177
-304
32
339
-165
159
77
-255
197
-99
144
11
-170
177
-145
-113
109
-122
-34
57
-55
109
26
147
-32
-73
72
-254
-52
32
-101
82
52
-26
12
6
58
78
-43
89
-63
114
-182
117
28
-105
285
-179
42
14
-93
85
-112
183
-287
-106
171
-250
79
39
105
96
-48
285
-355
-46
114
-364
258
183
-175
164
-66
-21
189
-97
93
-152
17
-30
-131
135
19
-20
238
21
-115
4
-284
-70
73
-31
95
-38
57
120
-118
-80
-10
-180
-81
228
-62
264
241
-114
122
-10
-202
-39
189
-238
269
-265
47
107
-55
211
-136
169
-175
-207
139
-482
292
-149
116
-200
303
-84
-154
329
-457
173
43
16
80
11
55
-48
-4
236
33
173
-104
-219
5
-418
92
44
162
-99
387
-262
-140
224
-421
427
-86
366
181
-84
-6
-131
-263
108
-84
72
-58
95
78
-435
134
-271
-69
18
289
-137
116
-17
-227
56
-49
41
65
241
-118
206
-70
-156
341
-349
428
-49
19
202
-275
-4
-367
188
-283
160
130
-205
351
-243
92
64
-355
171
-152
-7
187
-68
57
231
-252
178
-152
4
160
120
-15
261
-335
352
-286
77
97
-320
315
-368
256
-152
52
-31
-113
114
-391
402
-369
42
105
-297
250
55
-64
-2
279
-393
275
-137
-81
148
16
-7
130
94
-47
336
-396
165
21
-193
267
-136
96
-112
96
48
-376
326
-194
-226
320
-518
113
25
-171
128
67
41
22
-23
113
-190
115
45
-91
219
12
216
-145
192
-301
3
-58
132
-18
103
27
-91
-42
100
-199
120
49
-143
209
-253
27
-117
-45
-25
135
10
195
169
-192
3
-8
-305
91
-74
-124
291
-122
191
79
-262
277
-453
136
-74
91
198
-146
379
-236
-6
189
-342
22
126
-241
229
-21
199
-114
93
-95
-31
-140
46
-120
68
-103
91
146
-179
141
-62
-108
146
-198
222
-98
73
108
-151
262
-213
285
-209
68
77
-335
336
-245
-58
170
-196
324
-336
215
46
-329
426
-379
53
170
-287
266
-116
89
65
-209
120
-113
98
-54
9
57
-44
20
158
-21
-97
257
-192
-111
173
-275
153
-35
6
157
-248
211
-228
30
22
44
108
-85
51
-23
-157
167
-219
126
52
-1
241
-295
222
-145
-141
174
-211
203
59
-199
255
-134
16
104
-64
30
-90
41
-1
-98
321
-383
416
-260
-43
302
-655
670
-566
192
137
-385
302
6
-149
111
-160
161
-183
59
84
-67
162
9
116
-113
9
-83
40
-171
234
65
-40
227
-78
-135
17
-128
-205
123
-24
96
-65
99
-5
-244
388
-389
175
37
-172
202
-216
106
30
-108
71
209
-133
156
-120
-71
-67
9
61
-47
183
-196
60
120
-352
437
-251
-36
416
-421
245
26
-209
232
-183
83
5
-101
15
15
-87
182
-68
110
-105
58
120
-361
280
-125
-293
420
-466
280
-26
7
102
39
-107
-8
124
-177
174
66
-50
126
-41
-53
-23
-27
27
-98
288
-365
416
-191
-287
454
-339
-82
254
-360
-16
175
-146
105
109
-95
152
-141
134
-144
51
-72
-32
358
-240
244
152
-486
328
-77
-284
413
-276
-7
-47
172
-274
243
4
-265
184
-36
20
139
-64
-36
-88
-27
54
-261
459
-437
167
223
-501
557
-474
281
82
-290
407
-353
195
-6
-151
388
-492
461
-161
-87
388
-416
194
-193
1
105
-174
174
-112
75
-73
139
-114
-2
31
-15
-36
78
143
-156
45
138
-407
201
-68
-147
372
-199
182
-5
-43
-17
-34
26
-51
166
-115
60
-177
198
-281
271
-169
-43
147
-332
360
-335
151
-101
11
102
4
45
-64
25
51
-379
455
-205
-57
405
-428
274
-63
55
-20
68
-1
-116
177
-98
-78
92
-57
132
14
-61
29
-55
-24
-58
95
-150
100
-109
94
-12
89
-12
-17
79
-264
247
-218
37
146
-145
139
-27
-82
-49
11
-16
-67
289
-134
0
284
-376
323
-230
2
152
-224
169
-62
129
-137
96
-36
-118
19
-167
209
-132
86
-136
146
-213
198
41
-245
374
-340
259
-109
107
-122
-19
235
-325
443
-296
247
-180
34
86
-239
169
-81
-89
168
-223
216
-190
-221
301
-338
214
-102
179
-245
279
-51
-27
237
-191
44
97
-60
-80
162
-185
145
1
-21
74
-66
18
85
-123
53
34
-76
28
-63
132
-227
106
-173
28
-47
-11
150
-100
160
-86
-5
57
-92
27
-3
59
-123
450
-559
334
-42
-247
399
-301
208
-84
-71
157
-35
3
132
-146
43
-154
268
-266
153
50
-172
54
-16
-89
49
85
-92
73
-111
105
-23
-120
183
-91
-44
124
-169
31
99
-116
57
0
89
-117
137
11
-165
21
26
46
-28
313
-323
169
-71
-211
222
-170
-21
138
-82
75
136
-295
109
-70
-91
245
-145
55
14
-64
-73
158
-54
30
101
8
30
-163
231
-262
-18
167
-81
-33
140
-93
63
-117
80
-5
94
50
-6
48
-182
113
-15
-140
49
80
-209
163
-33
15
-89
30
82
-272
172
-90
-99
111
-94
185
-94
95
28
10
-48
-62
120
-124
-55
176
-89
8
139
-252
138
-114
104
22
-47
165
-102
76
-60
2
-24
39
-50
118
-211
190
-102
-26
168
-256
308
-345
361
-321
131
72
-315
397
-321
122
108
-237
317
-342
167
118
-261
346
-278
162
-28
125
-141
13
189
-260
131
11
-193
191
-246
88
76
-211
231
-53
-164
186
-59
-70
231
-346
174
-2
-7
45
98
-70
61
-90
103
-2
51
-23
-47
24
-72
35
-108
69
-24
84
-109
300
-236
-29
-93
27
-184
103
136
-168
126
77
-32
79
56
-128
-6
66
-196
274
-248
33
161
-281
260
9
-28
-42
57
-57
-64
167
-1
-172
277
-274
268
-207
158
-44
-26
-15
-117
170
-306
251
-144
25
86
-24
-73
136
-38
-95
316
-384
262
121
-176
193
-23
-135
-93
151
-172
69
186
-429
459
-392
143
77
-365
309
-209
59
22
-13
-4
-218
314
-247
44
230
-311
183
101
-236
327
-179
140
-113
173
-76
138
-155
100
-149
75
110
-219
323
-338
9
306
-396
180
135
-429
412
-385
353
-302
168
-125
48
159
-285
388
-275
72
63
34
-70
202
-132
-29
105
-86
-71
154
-290
339
-186
109
118
-360
359
-305
218
-126
84
-124
35
1
-145
191
-186
87
183
-130
126
-23
-31
-62
98
-15
-168
137
-167
137
-50
-16
28
-104
117
-113
196
-161
-46
204
-248
171
-12
20
-143
329
-198
111
-36
-41
54
-21
160
-136
111
-59
-121
76
-71
-126
181
-149
194
-170
254
-330
170
-40
-123
209
-161
129
-123
158
-241
257
-389
331
-150
33
98
1
56
-78
140
-182
76
-52
-37
113
-90
-15
105
-201
276
-292
246
-210
126
-4
-63
86
37
-122
120
-84
-21
75
-206
204
-186
179
-129
120
-117
153
-70
52
-34
45
-98
55
-35
92
-115
80
-20
-149
239
-258
165
6
-156
253
11
-81
112
-103
25
-101
117
-75
75
-20
-44
95
-158
117
-72
-41
-11
24
-45
30
12
68
-22
99
-86
-44
112
-190
206
-170
164
-4
-53
84
-55
41
-187
147
-81
4
-79
44
-115
14
51
-61
134
-63
-30
68
-12
-130
169
-103
87
127
-143
23
-2
-18
27
84
28
-67
42
22
-83
70
-73
68
-80
68
-98
30
89
-125
98
-131
195
-228
194
-70
-133
159
-192
186
-104
-10
203
-186
320
-240
118
-74
-205
232
-163
131
2
-68
92
-70
-26
-11
-71
71
-83
103
-60
8
83
-239
289
-293
218
4
-147
332
-163
-26
173
-289
213
-98
49
36
-160
283
-448
399
-208
-51
147
-100
96
-58
54
-110
-10
29
-77
62
76
-142
156
-94
23
15
-103
67
-75
83
-19
97
-91
-53
160
-247
244
99
-179
163
-51
-70
77
-28
-2
-32
82
-98
37
32
-94
118
-61
-57
30
-26
-8
-112
113
-15
-75
170
-195
54
77
-141
96
-19
34
-73
148
-3
30
125
-228
250
-106
-75
137
-131
21
145
-94
24
-19
-69
-67
99
-85
-25
54
-226
201
-178
206
-46
32
-19
30
8
36
-144
-2
96
-215
263
-251
326
-395
388
-233
-79
362
-454
499
-265
197
-123
-52
206
-191
102
-75
105
-44
-52
140
-226
124
-93
-131
356
-295
214
-96
-189
210
-213
252
-290
164
-18
-109
388
-399
286
-254
-36
254
-220
361
-237
-5
144
-224
138
-42
-91
113
87
-36
-14
76
-268
49
74
-60
201
-37
49
-239
255
-218
27
117
-195
204
-138
127
-141
52
-17
-5
72
50
-37
33
-93
58
-64
56
-69
53
-20
-36
75
-88
99
-155
102
-153
61
-53
103
36
-37
41
-18
-3
14
-38
8
82
45
-123
106
-102
23
-9
78
-135
33
160
-202
291
-222
85
-159
78
-90
96
24
-21
29
-124
164
-167
55
157
-62
-15
88
-157
115
-91
191
-239
182
-41
-26
23
74
-165
102
-139
30
-12
-76
74
13
38
-82
71
-57
97
-88
36
-84
98
-192
208
-26
-56
160
-132
37
98
-143
-18
146
-201
151
-2
-23
-15
-39
12
23
-75
48
81
-149
71
14
-18
155
-122
176
-227
107
-19
-30
153
-176
121
-127
223
-206
58
-42
-87
-20
154
-71
9
69
-190
66
24
-45
-40
55
120
-104
50
68
-108
85
-97
40
18
5
14
14
14
-105
145
-144
104
-69
-47
-11
112
9
-23
12
-13
-121
47
11
-61
52
-15
-39
106
-35
-50
83
-48
100
-19
55
25
-46
-33
-2
-92
58
-11
55
-95
132
-76
10
34
-15
-15
-99
117
-103
63
-7
50
-87
55
-27
25
2
36
-33
61
59
-83
24
-54
-14
29
-32
-114
201
-111
20
47
-114
58
-79
68
7
12
-82
80
-18
64
-61
90
-50
2
4
3
-16
43
-33
-64
155
-97
212
-157
29
12
-191
17
33
-154
193
-15
58
12
-101
66
-100
-3
15
-26
30
-18
112
-95
96
-90
-69
139
-122
84
-63
134
-53
142
-97
12
59
-152
80
67
-35
-56
129
-112
1
46
-60
-36
-25
70
-98
71
-59
12
-23
79
-46
-47
251
-289
221
-66
-103
136
-187
159
-156
100
87
-73
49
-21
-8
-47
48
35
-109
93
-57
-59
44
12
-21
-62
89
-111
78
7
-99
35
-34
67
-67
127
-2
-64
77
-15
-22
19
-44
6
84
-64
179
-184
142
-66
32
4
8
22
-68
155
-148
27
-44
-14
56
-2
-5
-66
2
30
-78
53
-32
-14
1
16
25
40
-84
-14
-62
78
-14
89
-52
50
44
-147
245
-163
34
-1
-55
31
3
27
-75
116
-72
72
-67
-86
81
-47
116
-28
-2
46
-143
106
-89
38
-44
-31
160
-102
92
-50
-63
-21
10
-32
121
-66
17
81
-99
76
-44
114
-138
128
-93
32
7
10
-79
-15
22
-171
55
66
-19
52
49
-88
45
-38
-62
72
36
33
-38
42
44
-81
36
-50
101
6
-39
33
-88
23
-15
-12
43
-122
137
-189
117
-61
-44
-2
24
59
-22
104
-52
-29
9
62
-66
11
47
-19
-8
77
-53
-110
65
27
-33
113
-88
23
-62
2
-34
-24
124
-69
-37
143
-114
40
-43
92
-67
37
-7
-49
147
-156
105
-11
35
-88
101
-86
-41
84
-83
30
8
-12
-81
176
-134
99
-54
-27
4
7
-20
-49
103
-163
200
-81
22
39
-49
50
-43
-11
150
-145
56
60
-122
112
-20
-31
47
0
-25
32
17
-13
87
-100
41
56
-189
167
-6
-23
-102
85
-21
-42
70
-92
86
-47
-68
-39
-59
66
8
85
-97
132
-109
2
80
-115
87
-39
-100
175
-76
-10
58
-70
-62
-17
114
-84
60
49
-22
-1
106
-83
41
-23
-57
74
-45
41
-54
61
-17
50
-34
-67
-2
-66
45
-11
65
-35
-19
63
-150
190
-93
7
48
-65
68
-69
77
-63
-2
87
-71
-48
59
-42
-9
144
-131
154
-60
17
46
-137
235
-272
101
-45
33
-21
9
35
6
19
-173
216
-248
196
-27
-100
140
-123
147
-153
91
45
-33
-45
-33
48
-162
175
-28
86
-18
-73
71
-162
110
-21
-82
92
-36
8
-10
-29
-27
-3
58
94
-41
29
-3
-172
216
-101
-29
119
-132
25
45
-52
89
-44
-13
-8
-11
-19
46
13
-125
123
-129
58
102
-138
216
-213
-35
140
-185
270
-134
28
31
0
85
-99
89
-93
35
-41
-8
22
-63
63
-7
-42
71
-126
52
-51
19
64
-54
118
-95
51
48
-73
59
-126
24
-2
-31
174
-105
23
11
-18
-7
35
68
-116
61
-105
118
-170
170
46
-127
182
-171
92
-38
-47
24
-108
110
15
-14
18
11
-61
-71
-50
140
-84
46
163
-172
51
-15
8
-57
44
32
-53
166
-48
0
-24
48
-107
-35
169
-170
134
-74
14
-49
-125
59
-160
199
-91
52
90
-88
36
-109
38
14
-74
210
-62
75
-48
-5
54
-104
116
-52
-36
60
43
-11
66
-8
22
-121
54
-159
24
48
-23
39
-23
-26
49
23
26
-5
-96
180
-222
121
-46
-10
18
40
-70
21
39
-144
171
-84
45
-95
32
41
-141
98
-69
2
5
61
-6
-102
249
-158
57
99
-159
105
-53
43
-16
22
41
-37
-15
23
-7
-26
39
-84
53
-88
137
-85
-54
77
-72
24
-7
63
-16
-25
-22
71
-21
2
-52
55
-10
53
-113
92
-38
-13
45
-34
85
-122
106
-111
63
-44
-11
4
-35
83
-51
76
-49
-67
-34
34
70
-99
117
-131
36
-111
108
81
-109
135
-126
100
-72
14
44
-25
127
-7
-62
101
-99
106
-67
-47
109
-184
94
-64
113
-46
-18
62
-115
-77
79
-112
24
118
-57
15
-94
79
-68
19
9
108
-38
113
8
-83
82
-55
-28
57
-7
38
-13
1
155
-225
84
-54
-72
97
-49
65
13
11
-35
-38
3
15
-110
53
-23
-43
34
-7
-31
102
-36
-48
64
-51
124
-105
79
-33
-17
-80
79
-55
-28
140
13
22
-128
141
-148
93
44
-55
5
-20
-42
57
16
-65
9
-87
116
-127
53
34
-5
-5
83
-42
-55
-50
19
45
44
32
-40
37
-19
5
-32
57
-15
-21
-23
55
-34
23
-29
16
38
-65
16
11
31
-74
-16
6
-68
16
21
-25
20
1
-47
61
-3
9
46
-2
126
-86
29
21
-68
96
-56
65
-3
-120
31
-33
-14
14
-55
-11
-7
-3
8
-55
31
-6
13
33
18
76
-92
126
-71
0
30
-114
6
-60
39
119
-73
104
-55
-116
102
-197
45
-40
129
-49
-5
104
-130
60
-7
40
-36
74
33
15
-16
92
-66
-19
149
-86
81
-66
97
-171
26
88
-155
111
-4
-146
93
-70
-36
-37
-9
64
-1
62
10
-29
4
17
-27
72
72
12
36
-42
-20
-89
-22
-42
4
27
-5
-18
-27
-59
5
53
-54
15
-29
-29
27
61
70
129
-6
27
-25
26
-69
-1
-26
-13
71
-52
153
-65
-59
-28
-154
54
-91
6
51
-28
-9
102
-43
-16
-108
-18
-94
75
105
-4
78
-10
-2
32
8
-11
-11
-24
50
15
94
23
-23
55
-87
-1
-13
-120
59
14
33
-29
50
-66
-11
-42
-46
41
-41
-54
31
-14
-24
106
-47
-14
50
75
-114
169
7
46
-44
-60
81
-95
65
58
-20
1
15
-34
-20
-7
16
6
15
-30
-35
-60
24
7
-109
-72
-21
-52
36
72
-5
15
33
39
-60
22
103
-73
103
69
-6
18
-12
-71
56
-28
64
-15
-18
136
-162
47
-40
-14
13
-46
-58
-27
-10
-66
-44
-8
-40
34
-32
93
77
-93
22
-126
83
-25
134
68
8
67
23
-37
50
5
-94
61
-21
16
45
-52
4
-67
39
-39
-19
1
-48
31
-2
-17
11
-47
89
-10
-56
70
-49
17
-28
-64
43
-72
7
86
-63
42
-72
-40
-25
-59
122
-51
160
115
-9
89
-55
36
-40
-19
114
-88
90
142
19
-35
-27
0
-163
-109
-21
-111
-24
28
-44
12
-53
12
-30
36
-40
4
79
45
31
-31
57
78
13
1
54
-108
-91
23
5
8
-44
32
-94
64
-113
-43
-11
-14
60
97
141
36
-101
-7
4
-136
125
51
121
7
101
-12
-147
108
-168
38
7
-5
28
-41
92
-136
-49
-69
-153
28
-34
-12
109
-56
120
-68
0
-13
-111
87
27
110
75
11
161
-78
26
89
-8
93
-24
16
35
-9
-10
-92
-75
99
-149
95
-12
-92
-10
-131
24
-47
56
-94
53
54
-45
-39
-38
-47
-53
79
39
-13
75
28
-20
75
35
-41
34
110
-101
65
48
22
-43
4
-23
-125
-31
25
-32
-124
97
-98
-33
-69
-36
-2
-34
80
-11
78
-32
76
102
-2
99
-48
80
12
42
-49
45
10
-20
35
-16
13
-61
-88
-81
39
1
-45
-65
62
-83
33
92
97
-27
-32
46
-104
68
62
83
-34
26
8
-87
-100
-87
-3
-69
26
-10
-54
69
25
1
37
14
0
7
15
26
66
39
150
115
61
48
-128
-81
-77
-143
41
-48
20
20
-47
-21
-72
-24
-26
-44
-58
-14
6
-20
32
48
58
