0
0
0
0
0
1
0
0
0
0
0
-1
0
0
0
0
0
1
0
0
0
0
0
0
0
1
0
-1
0
-1
1
0
0
0
0
-1
0
-1
0
0
0
0
-1
1
0
0
0
1
0
-1
0
1
1
0
-1
0
0
0
0
0
0
0
0
-1
0
0
0
0
1
-1
0
0
-1
0
0
0
0
0
1
1
0
0
0
-1
-1
0
0
0
1
0
0
0
0
0
0
1
0
0
-1
0
0
1
0
0
0
0
0
1
0
0
-1
0
0
0
0
0
0
0
0
1
0
0
0
0
0
0
0
0
1
0
0
0
0
0
0
-1
0
0
0
0
1
0
0
1
0
0
0
1
-1
0
-1
0
0
0
1
0
0
0
0
0
0
1
0
0
0
0
0
0
0
0
0
-1
0
0
0
1
0
0
0
1
0
0
0
0
0
0
0
0
0
0
1
0
1
0
-1
0
0
-1
0
0
0
-1
0
0
0
-1
0
-1
1
-1
1
0
0
0
0
0
1
0
1
0
0
0
0
0
0
0
0
0
0
0
1
0
0
-1
0
0
0
0
0
0
0
0
0
0
-1
0
0
1
0
0
-1
0
0
0
0
0
0
0
0
-1
0
1
0
0
0
0
1
0
0
0
0
0
-1
0
0
-1
0
0
0
0
0
0
0
0
0
0
0
1
1
1
1
0
0
-1
1
0
0
0
0
0
0
0
0
0
0
0
0
1
0
0
1
0
1
0
0
1
0
0
0
0
1
0
0
-1
0
0
1
1
0
0
-1
0
-1
-1
0
0
0
1
1
0
-1
0
1
0
0
0
0
1
0
1
-1
0
1
0
0
0
-1
0
0
0
1
0
-1
0
-1
-1
0
0
1
0
0
0
1
1
0
0
1
1
-1
0
-1
0
0
0
1
0
0
0
0
-1
0
0
-1
0
0
-1
-1
1
0
0
0
0
-1
0
1
0
0
0
-1
1
0
1
0
1
-1
0
0
0
-1
0
0
0
0
0
0
0
0
0
0
0
0
0
0
0
0
0
1
0
0
0
0
1
0
0
0
0
0
0
0
0
0
0
0
0
0
0
0
0
0
0
0
0
1
0
0
0
0
-1
0
0
1
0
0
0
0
0
-1
0
0
0
0
0
0
-1
0
0
-1
0
0
0
-1
0
0
0
0
-1
0
0
0
0
0
0
0
0
0
0
0
0
0
0
0
-1
0
0
0
-1
0
-1
0
-1
0
0
0
0
1
0
0
0
0
-1
1
0
0
0
0
0
1
0
0
0
0
0
0
1
0
0
0
0
-1
0
-1
0
0
0
0
0
0
0
0
0
0
0
0
0
0
0
0
0
1
0
1
1
0
1
0
0
0
0
0
1
0
1
0
0
0
1
0
0
-1
0
0
1
0
-1
0
0
0
0
-1
-1
1
0
0
1
0
0
1
0
0
0
-1
1
0
0
0
0
0
0
-1
0
0
0
0
0
0
0
0
0
0
0
0
0
0
0
0
0
0
0
0
-1
0
-1
0
-1
0
0
0
0
0
-1
0
-1
1
0
0
0
0
0
-1
0
-1
0
-1
0
0
0
0
-1
0
-1
0
1
0
0
0
0
0
0
1
0
0
0
0
0
0
-1
0
0
0
0
0
0
0
0
1
0
1
1
0
0
0
0
0
0
0
0
0
0
1
0
1
0
0
0
0
0
0
0
1
0
0
0
1
0
1
1
0
0
0
0
-1
0
0
1
0
0
0
0
0
0
0
0
0
0
0
0
0
-1
0
0
0
0
0
0
0
0
0
-1
0
1
0
0
0
0
0
-1
0
-1
1
0
0
0
0
-1
1
0
0
1
0
0
0
-1
-1
0
0
1
1
1
2
0
0
0
0
-1
0
0
0
-1
0
0
0
0
-1
1
0
1
2
0
2
0
-1
-1
0
-1
1
0
0
2
-2
-1
-2
-1
2
1
3
2
-1
-1
-3
-4
-1
-2
2
2
2
2
1
0
-1
-1
-2
2
2
2
2
-1
-3
-3
-4
-3
-1
1
2
0
3
-2
2
1
-1
5
-3
1
2
-6
5
-5
3
1
-4
2
-5
-4
1
-2
6
4
1
7
-4
2
-3
-2
2
0
1
1
-2
-5
-3
-4
-4
9
0
9
5
-4
0
-11
-7
-4
-1
6
7
11
7
3
5
-6
0
-6
-10
0
-9
-2
3
-4
10
-2
7
1
-1
5
-11
5
-9
0
6
-2
12
-1
3
0
-9
2
-7
1
-1
-4
4
-6
7
2
8
9
3
1
-5
-12
-10
-11
-7
2
3
12
11
8
10
-8
1
-13
-8
1
-7
12
-1
4
1
-7
-1
-4
2
6
6
9
3
-2
-4
-13
-6
-10
2
1
10
3
5
-3
-5
-4
-2
7
5
11
2
-4
-9
-12
-11
5
10
12
30
-5
9
-19
-33
-18
-31
-4
6
24
19
39
-2
14
-14
-19
-6
-14
9
10
15
12
5
-5
-16
-15
-18
-11
1
0
19
8
13
4
-6
-4
-12
-11
-4
-4
-6
17
-8
23
8
5
17
-9
7
-8
1
-9
0
-10
-5
-2
-2
4
5
2
1
-5
-8
-8
-7
-5
1
3
9
7
12
2
7
2
-8
9
-13
5
-5
4
-5
3
-4
-10
8
-18
19
-10
15
2
-5
4
-26
10
-22
18
14
-7
39
-19
15
3
-20
14
-17
0
-3
-19
-1
-6
3
14
6
13
-4
-4
-7
-13
5
12
12
17
6
-4
-5
-18
-3
-17
0
0
-5
12
-9
5
-4
-1
2
4
9
7
6
7
-2
-7
15
-11
4
-12
-19
-1
-30
17
10
1
35
-13
2
6
-37
24
-15
8
31
-11
19
-22
-20
-11
-18
5
5
34
8
21
-8
-13
-24
-21
-8
5
22
39
24
12
-3
-44
-31
-43
-19
12
31
35
47
-14
8
-35
-18
-14
7
-16
30
-6
1
13
-7
5
-2
11
15
8
-10
-11
-35
-17
-18
29
-3
51
2
21
-1
-20
-16
-19
-5
-14
4
6
-7
25
-3
12
-3
-7
-2
4
-3
5
4
5
-4
-8
-14
-15
27
-14
48
-5
6
19
-55
8
-57
-6
5
11
38
22
24
-11
-2
-47
-26
-8
7
41
19
52
-7
-21
-11
-69
28
-47
58
7
-3
52
-68
21
-39
-6
28
-4
20
12
-3
-32
22
-53
26
11
12
58
-3
6
-22
-38
-36
-21
-2
28
26
42
0
20
-21
-19
-3
-24
-28
19
-25
22
21
-20
55
-39
58
-20
20
-15
-36
3
-58
28
-7
17
27
26
-27
19
-33
-11
21
-33
63
-36
58
14
-20
4
-54
-20
-34
-2
27
36
27
37
-27
17
-65
-12
-25
-7
33
-12
52
-29
45
-22
18
-12
-5
-21
2
-16
9
-4
30
-3
34
-11
9
0
-43
10
-73
56
-61
79
-29
40
-9
-22
34
-53
52
-31
32
-15
-3
-44
32
-29
32
32
0
-1
13
-34
5
-35
-9
32
-36
98
-67
46
-26
-59
20
-39
10
44
-15
89
-51
35
-48
-12
-25
-7
48
-28
78
-24
57
-56
20
-78
7
-35
4
35
-4
38
3
7
-7
-15
-6
-14
-18
47
-34
66
-36
23
-6
-86
51
-62
23
48
12
58
-10
-6
-7
-51
9
-59
31
-21
14
35
2
21
5
-43
51
-67
31
-12
-19
17
-20
16
-41
80
-61
105
-43
0
18
-88
22
-38
0
55
-11
51
-4
11
-12
-16
-41
-7
-42
26
34
24
52
1
38
-58
18
-72
11
-57
4
10
1
55
3
42
-39
41
-74
5
-59
-42
24
-45
96
-27
90
17
26
39
-45
-5
-80
8
-74
74
-59
97
2
4
58
-83
74
-99
36
-25
-29
29
-11
16
-6
8
-6
-7
-21
-12
1
8
16
29
-2
22
11
-28
11
-55
16
-31
12
50
-8
87
-24
56
-37
-35
-40
-65
-31
-9
-2
13
42
-9
39
25
-10
67
-15
41
-15
-57
15
-99
22
-72
40
14
38
70
-3
38
-29
-9
-35
-34
-59
-21
-25
29
8
72
41
51
22
-16
4
-74
27
-86
23
-40
8
27
-13
80
-22
43
23
-25
-3
-30
-70
-15
-52
53
-12
66
8
37
26
-27
55
-107
71
-96
10
-20
-99
98
-91
126
-33
67
21
28
59
-106
32
-122
-25
4
20
59
71
10
66
-72
14
-65
20
-44
-13
50
-101
80
-97
62
-52
8
31
-13
51
10
3
20
11
-59
68
-59
44
-17
29
-3
-52
24
-50
23
-6
-20
40
-3
4
13
-24
17
-44
30
2
-45
77
-80
93
-42
15
-1
-44
21
-56
34
8
14
46
-5
17
-17
14
-36
5
-61
-28
-17
-52
67
15
77
71
22
67
-81
-14
-80
-118
34
-91
82
23
67
74
2
29
-46
-37
-30
-71
13
-13
-71
85
-22
70
70
-15
72
-64
17
-30
-24
-11
-23
9
34
19
27
11
-17
-4
-63
35
-100
88
-59
31
20
-16
-21
-12
22
-77
86
-125
152
-71
133
-23
31
-13
-20
-74
17
-52
27
14
-19
37
-47
88
-60
103
-113
179
-225
276
-327
267
-298
161
-94
74
70
-81
156
-167
65
-61
-85
87
-116
209
-116
216
-144
153
-168
19
-89
46
-104
115
-81
101
-45
51
-27
-35
31
-47
30
1
80
-7
77
-57
28
-155
98
-169
143
-129
160
-33
112
-11
-54
25
-161
132
-159
183
-62
-5
47
-134
29
-69
31
-8
30
23
24
15
-46
50
-70
69
-12
-6
95
-58
150
-115
18
-56
-51
10
38
-12
12
8
-56
64
-122
26
-84
62
19
122
-28
89
-39
21
-3
-15
84
-133
85
-159
-17
-95
-16
44
7
131
-4
66
-23
-20
-24
-75
43
-2
24
87
-20
39
9
-38
-56
-57
-77
55
-108
116
-5
-88
103
-101
65
59
-57
176
-38
85
36
-41
-46
-11
-52
-58
72
-52
16
-2
-30
-59
2
-57
102
-15
34
77
53
-23
29
-75
-62
-69
-56
38
-10
7
-22
111
-54
201
11
17
72
-160
104
-177
76
-96
-127
55
-174
113
-26
-28
204
-168
201
34
6
165
-132
108
-60
-104
-19
-78
-69
-1
-80
66
44
87
39
67
-22
8
-29
-12
62
-122
64
-141
40
-87
58
13
-52
160
-125
201
-23
5
15
-3
-55
92
-44
16
-23
-143
26
-109
-13
103
10
124
92
-161
103
-229
-43
63
-99
178
24
12
71
-80
38
-51
73
-48
35
-48
-10
-118
96
-93
94
30
-26
62
-56
52
-117
68
-100
106
-34
112
-106
8
-31
-25
69
10
64
56
-38
-61
-65
-130
8
-65
162
-30
172
-59
113
-40
-30
19
-92
150
-96
120
0
-93
4
-121
34
-18
-3
32
8
-30
-56
21
-137
119
-112
135
-39
92
61
-49
38
-111
26
-78
75
46
77
81
-8
-12
-71
-93
30
-93
95
-111
64
-22
-12
42
-9
85
-19
75
-83
6
-24
-114
55
-75
-19
80
-26
76
25
64
46
24
-25
66
-103
36
-64
-52
-95
20
-126
87
-12
-34
91
-152
114
-62
59
64
15
99
30
31
21
-57
11
-80
63
-57
120
-79
11
-25
-156
79
-177
122
-76
67
-8
79
-49
99
-52
25
8
-38
140
-130
63
-163
-41
-1
27
139
113
77
-37
18
-209
28
-129
11
50
-39
66
31
30
49
17
-31
32
-69
4
39
-48
-17
-81
-52
27
62
92
41
-39
-47
-54
-9
5
48
104
-78
-2
-49
-102
116
-80
142
-70
-27
-35
-15
-5
84
49
70
49
-64
61
-81
-5
-62
-46
-17
-23
125
34
49
72
-70
-29
-125
-40
-71
42
-11
8
-39
10
4
-24
108
-52
97
-20
63
-5
-48
-40
-77
67
35
148
22
-2
19
27
35
76
-116
37
-135
-48
-128
-65
-25
-21
120
60
40
22
-60
-14
-15
-66
128
-132
130
-60
-29
41
-24
56
-3
-33
3
-16
7
15
-31
-24
54
2
11
48
2
61
-30
49
-114
4
-120
-76
71
-128
197
14
91
186
-132
157
-97
3
-59
-119
-12
-18
19
37
123
-66
53
-87
-29
23
-69
71
-106
-5
-23
-139
164
-172
156
5
36
144
-118
22
-105
25
10
93
101
0
36
-39
-27
-77
65
-92
160
-33
127
-76
-47
-128
-141
-13
-71
150
-34
158
-61
0
-17
-102
45
11
30
102
-42
71
-44
3
-36
-42
10
34
-11
155
1
104
-15
-97
8
-287
81
-145
56
85
-94
107
-120
-18
-76
-21
74
60
128
112
22
66
-85
27
1
7
30
68
-35
16
-27
-80
-8
-143
-24
-73
15
-8
-4
-53
-14
-27
-31
131
86
77
130
-81
-57
-58
-96
-50
66
-5
133
37
88
-48
75
29
23
77
-73
119
-322
110
-139
-51
73
-144
160
-128
51
-67
-55
-185
-123
140
-29
277
103
91
95
-87
118
-192
78
-114
-133
37
-98
64
50
60
40
-19
127
-123
88
-53
-10
-6
-33
56
11
193
96
15
-22
-120
-55
-38
-98
24
-27
-62
23
-22
-122
190
-128
78
34
-157
122
-163
156
3
84
34
37
-14
-54
-9
-178
121
-87
180
30
35
2
21
3
-13
47
-147
-3
-177
-113
-33
-172
-55
4
34
332
28
180
73
35
48
-288
122
-219
187
100
-1
74
-232
-10
-172
4
40
77
177
142
102
-86
-100
-222
-110
-32
6
163
83
133
-2
15
-155
-80
-82
-77
164
117
135
43
-205
-51
-208
-29
40
28
53
104
-26
111
-12
27
104
18
85
57
-28
-15
-91
-202
3
-91
51
48
55
-65
-27
-151
-30
-40
40
72
142
150
115
39
41
-70
-73
-170
-168
-125
-144
98
-129
177
10
32
184
-44
167
-70
11
-69
-119
-33
-137
68
-121
44
-18
47
102
166
225
21
68
-209
-149
-190
-84
96
74
237
161
57
53
-154
-13
-209
45
-185
37
67
67
197
-49
175
-162
65
-68
2
-94
40
-108
40
-66
51
-9
48
6
34
-24
-46
-82
-78
71
-104
106
-32
92
14
55
117
59
-92
90
-228
121
69
-39
309
-142
112
5
-53
6
-55
-45
-54
54
27
-23
-26
-179
-102
-130
-245
-78
-249
56
-83
146
287
143
382
69
203
-4
-51
-39
-265
-42
-263
-100
-158
-73
33
146
123
79
24
-122
23
-205
66
-32
125
-11
40
1
-59
-146
-87
-137
-62
36
43
258
127
314
5
131
-167
-119
37
-61
56
-12
40
13
82
86
180
58
97
151
-62
94
-165
-78
-126
-222
100
-118
231
131
173
209
-2
92
-106
89
96
-59
101
-121
92
-83
69
11
-34
23
-127
95
-284
20
-177
-107
-194
-182
-94
-96
-29
2
-20
-7
136
-63
26
-88
-120
-2
-164
-20
-145
-65
-86
-4
26
83
130
-68
-23
-183
-74
-169
5
-112
10
53
32
246
196
281
306
265
279
171
170
211
145
89
69
-2
40
41
-11
41
-78
-18
-102
-92
-152
-122
-126
-97
-37
-106
-83
-114
-175
-116
-176
-133
-2
78
78
228
23
66
-42
-74
-17
-53
-73
-66
-88
-16
-98
-132
-87
-111
-128
14
71
24
182
71
182
142
35
158
-40
101
53
96
103
76
86
39
-76
-204
-195
-182
-192
39
16
12
102
73
190
70
103
13
70
-90
-89
-106
-132
-144
-55
-59
62
-29
159
77
75
73
-157
-35
-223
-15
-9
80
90
79
86
-28
-49
-118
26
-17
94
230
240
328
346
193
106
60
-206
-2
-222
-127
-85
-130
0
-142
0
-88
-3
-80
-60
-3
-79
-23
-85
-218
-54
-372
-31
-55
-99
125
-75
-8
-103
-88
-132
-36
-119
-97
16
46
127
199
211
204
184
160
164
134
84
49
-10
-67
-124
-3
-28
149
79
154
136
25
113
78
78
62
-2
-87
-101
-153
-147
9
40
84
114
55
88
116
38
37
2
-103
15
-96
35
-2
-31
2
-184
-135
-183
-233
-122
-127
-211
-167
-317
-238
-297
-222
-104
-138
-9
-87
21
-98
14
-46
-14
-50
-150
-67
-88
-17
-4
78
68
176
185
244
193
120
208
132
220
261
265
371
302
339
213
201
115
90
41
26
16
-30
-54
-98
-185
-245
-199
-296
-203
-282
-218
-262
-345
-280
-461
-396
-463
-433
-392
-416
-235
-254
-213
-195
-196
-115
-167
-55
-93
-68
-21
-51
-28
-128
-100
-79
-107
-14
37
61
98
124
168
244
264
333
385
380
512
515
663
742
809
953
1020
1083
1095
1077
1061
953
995
949
856
927
876
791
763
685
717
703
688
620
517
505
412
325
234
92
-7
-110
-293
-375
-638
-656
-820
-981
-1010
-1163
-1090
-1203
-1198
-1285
-1316
-1184
-1277
-1158
-1272
-1356
-1524
-1734
-1914
-2119
-2279
-2549
-2734
-2960
-3103
-3250
-3378
-3526
-3646
-3586
-3323
-2891
-2402
-1924
-1360
-595
283
1227
2024
2755
3397
4027
4581
4982
5212
5140
5016
4809
4596
4239
3713
3123
2480
1896
1422
923
522
209
4
-32
-41
89
226
436
596
664
767
802
936
927
898
786
635
499
396
328
232
219
267
385
523
590
667
702
788
732
633
458
172
-53
-299
-526
-690
-874
-1134
-1269
-1437
-1540
-1642
-1850
-2086
-2236
-2411
-2620
-2924
-3325
-3722
-4067
-4424
-4727
-5049
-5331
-5750
-6068
-6174
-6071
-5718
-5377
-4815
-4093
-2942
-1574
-114
1311
2575
3820
5161
6298
7200
7714
7836
7813
7602
7252
6632
5803
4828
3822
2851
1845
967
191
-437
-817
-1108
-1284
-1374
-1341
-1210
-1096
-1043
-1100
-1149
-1153
-1200
-1188
-1186
-1100
-902
-606
-147
381
957
1665
2328
3061
3660
4225
4631
4835
4840
4599
4187
3559
2838
2040
1211
397
-347
-1044
-1516
-1853
-2066
-2199
-2316
-2247
-2161
-1986
-1872
-1900
-1985
-2200
-2481
-2805
-3363
-4014
-4853
-5702
-6526
-7274
-7957
-8607
-9185
-9515
-9390
-8843
-7830
-6811
-5532
-4035
-2157
-19
2145
3975
5535
6904
8153
9308
10010
10149
9824
9385
8837
8161
7204
5962
4664
3469
2437
1452
491
-365
-1008
-1323
-1546
-1691
-1860
-1841
-1895
-1878
-2014
-2227
-2380
-2518
-2603
-2752
-2753
-2648
-2164
-1554
-724
108
1133
2363
3655
4872
5860
6641
7223
7676
7763
7515
6908
5960
4924
3689
2463
1210
28
-1022
-1846
-2373
-2745
-3002
-3196
-3273
-3185
-2910
-2639
-2533
-2629
-2796
-3062
-3386
-3982
-4900
-6005
-7092
-8164
-9076
-10047
-10942
-11676
-12154
-11969
-11266
-9844
-8325
-6534
-4424
-1883
1104
3829
6132
7976
9546
10957
12121
12710
12643
11919
11005
9949
8807
7391
5640
3932
2412
1174
54
-1037
-1871
-2344
-2543
-2503
-2540
-2496
-2407
-2244
-2172
-2336
-2619
-2876
-3143
-3367
-3588
-3772
-3629
-3214
-2328
-1331
-103
1274
2959
4799
6455
7798
8897
9756
10366
10511
10123
9323
8192
6790
5332
3698
2072
450
-954
-1960
-2622
-3080
-3470
-3809
-3925
-3683
-3287
-2942
-2841
-2901
-3085
-3275
-3645
-4374
-5438
-6792
-8118
-9275
-10338
-11385
-12457
-13364
-13982
-13670
-12800
-11131
-9305
-7340
-4842
-1978
1447
4562
7288
9260
11055
12494
13748
14308
13999
12989
11720
10461
9067
7392
5279
3191
1352
-44
-1196
-2283
-3166
-3672
-3715
-3463
-3232
-3043
-2785
-2457
-2236
-2211
-2396
-2643
-2844
-3149
-3449
-3726
-3845
-3469
-2836
-1770
-630
828
2485
4505
6421
8064
9428
10499
11402
11795
11570
10877
9768
8433
6873
5152
3318
1491
-157
-1315
-2170
-2747
-3326
-3700
-3795
-3633
-3178
-2889
-2798
-2921
-3041
-3138
-3498
-4259
-5455
-6908
-8374
-9757
-11066
-12384
-13680
-14730
-15510
-15371
-14640
-13079
-11076
-8993
-6201
-3187
579
4059
7251
9631
11694
13359
14862
15619
15538
14584
13242
11796
10350
8590
6266
3856
1622
7
-1282
-2515
-3661
-4386
-4479
-4125
-3809
-3521
-3320
-2897
-2521
-2248
-2294
-2520
-2876
-3194
-3494
-3755
-3931
-4046
-3615
-2906
-1584
-123
1527
3456
5309
7362
8998
10567
11662
12360
12398
11990
11233
10153
8631
6791
4764
2850
1146
-332
-1468
-2477
-3217
-3731
-3954
-3819
-3584
-3385
-3200
-3155
-3112
-3171
-3504
-4220
-5371
-6726
-8284
-9709
-11403
-12850
-14327
-15482
-16270
-16683
-16130
-14966
-12711
-10416
-7496
-4408
-535
3509
7279
10208
12525
14400
16029
17196
17388
16579
14972
13233
11529
9732
7277
4433
1724
-285
-1659
-2911
-4282
-5297
-5651
-5114
-4423
-3951
-3622
-3165
-2504
-1969
-1821
-2141
-2677
-3178
-3606
-3916
-4362
-4679
-4797
-4293
-3205
-1728
47
1878
3990
6272
8564
10584
12109
13130
13605
13593
13185
12308
10928
9034
6873
4744
2881
1139
-448
-1815
-2823
-3443
-3721
-3774
-3609
-3352
-3081
-2880
-2750
-2781
-3145
-3833
-4937
-6336
-7918
-9685
-11504
-13380
-14985
-16418
-17399
-18223
-18146
-17287
-15331
-12675
-10035
-6659
-3130
1373
5529
9228
11858
14118
15987
17615
18444
18007
16594
14793
13024
11257
8948
5979
3027
614
-935
-2154
-3555
-4825
-5428
-5122
-4229
-3626
-3266
-2942
-2295
-1691
-1442
-1812
-2480
-3226
-3854
-4343
-4910
-5569
-5965
-5904
-5034
-3724
-1986
-70
2106
4628
7161
9743
11747
13343
14229
14682
14670
14122
12975
11169
8967
6703
4541
2567
712
-1029
-2380
-3334
-3795
-3974
-3966
-3804
-3527
-3205
-2947
-2872
-3033
-3656
-4607
-5983
-7541
-9376
-11249
-13328
-15095
-16842
-17991
-19008
-19318
-18642
-17135
-14317
-11701
-8195
-4643
-74
4422
8615
11785
14326
16474
18378
19636
19595
18373
16484
14611
12717
10399
7296
3969
1119
-912
-2290
-3783
-5253
-6109
-6084
-5054
-4263
-3686
-3387
-2715
-1958
-1451
-1553
-2195
-2922
-3649
-4200
-4802
-5635
-6220
-6532
-5940
-4749
-3234
-1201
896
3662
6360
9209
11616
13565
14944
15629
15839
15410
14382
12651
10397
7935
5499
3242
1059
-938
-2642
-3847
-4563
-4830
-4886
-4694
-4406
-3934
-3488
-3144
-3081
-3480
-4224
-5479
-6919
-8741
-10720
-12881
-14830
-16747
-18184
-19412
-19984
-19406
-18110
-15316
-12718
-9117
-5340
-555
4342
8788
12312
15053
17497
19493
20900
20906
19620
17584
15497
13350
10898
7487
3906
798
-1421
-2868
-4368
-5961
-6776
-6729
-5591
-4617
-4044
-3646
-2934
-2007
-1405
-1397
-2094
-2799
-3583
-4136
-4759
-5620
-6316
-6716
-6128
-4964
-3301
-1335
949
3831
6643
9620
12096
14177
15597
16302
16421
15950
14878
13009
10663
7980
5410
2973
630
-1405
-3171
-4433
-5146
-5326
-5259
-4879
-4500
-3959
-3335
-2915
-2722
-3007
-3743
-4947
-6448
-8309
-10292
-12541
-14651
-16687
-18242
-19625
-20155
-19536
-18117
-15327
-12887
-9165
-5231
-249
4581
8961
12314
15112
17509
19370
20540
20137
18667
16514
14373
12156
9485
5979
2444
-424
-2384
-3629
-5144
-6451
-6971
-6478
-4991
-3907
-3145
-2544
-1538
-397
310
159
-552
-1297
-1988
-2538
-3336
-4299
-5202
-5563
-4981
-3929
-2362
-798
1381
3895
6612
9260
11388
13082
14050
14505
14271
13621
12231
10181
7721
5007
2556
319
-1749
-3540
-4947
-5841
-6034
-5786
-5314
-4573
-3861
-2813
-1905
-1256
-971
-1126
-1810
-2977
-4604
-6547
-8657
-10899
-13189
-15277
-17033
-18504
-18611
-18228
-16146
-14136
-11337
-7938
-3648
1228
5619
9334
12125
14919
16884
18564
18700
17715
15731
13570
11347
8939
5815
2222
-852
-3104
-4351
-5362
-6655
-7176
-6806
-5103
-3193
-1896
-923
154
1654
2877
3326
2695
1821
856
180
-695
-1942
-3355
-4495
-4560
-4002
-2846
-1644
-155
2012
4515
7225
9312
11018
12039
12672
12618
12015
10778
8837
6454
3770
1253
-1017
-2961
-4739
-6018
-6851
-6972
-6463
-5714
-4640
-3572
-2155
-774
384
1017
1157
778
-204
-1699
-3794
-6067
-8611
-11185
-13711
-15892
-17916
-18602
-18682
-17232
-15282
-12944
-9534
-5558
-540
3912
7936
10814
13772
15898
17708
18116
17138
15300
12979
10737
8255
5245
1603
-1482
-3829
-5009
-5799
-6818
-7263
-6692
-4895
-2499
-850
291
1424
2933
4276
4939
4276
3201
1990
977
92
-1306
-2895
-4334
-4671
-4198
-2922
-1766
-384
1656
4091
6846
8951
10577
11488
12110
11971
11390
10024
8113
5817
3250
845
-1347
-3210
-4793
-5934
-6672
-6760
-6259
-5457
-4283
-3136
-1738
-419
636
1269
1383
853
-223
-1922
-4070
-6474
-9059
-11705
-14201
-16509
-18466
-18864
-18789
-16820
-15014
-12304
-8807
-4366
701
5170
8953
11793
14808
16878
18580
18480
17277
15213
12963
10685
8068
4799
1093
-1800
-3948
-4945
-5846
-6889
-7175
-6499
-4512
-2343
-925
-2
1000
2337
3535
3941
3086
1940
643
-210
-1031
-2202
-3608
-4618
-4591
-3673
-2056
-776
963
2936
5499
8049
10023
11314
11985
12201
11854
11100
9525
7602
5418
3090
993
-939
-2577
-3822
-4700
-5318
-5322
-5103
-4471
-3667
-2921
-2058
-1416
-991
-885
-1275
-2182
-3579
-5410
-7449
-9639
-11903
-14224
-16175
-18159
-18689
-18676
-17115
-15174
-12916
-9606
-5722
-656
3895
8020
10908
14113
16466
18693
19339
18514
16823
14608
12639
10234
7238
3442
138
-2467
-3869
-4988
-6399
-7340
-7441
-6125
-4099
-2580
-1580
-790
395
1741
2752
2557
1786
610
-232
-865
-1727
-2870
-3984
-4259
-3912
-2462
-1237
453
2276
4435
6866
9001
10538
11486
11869
11683
11264
10034
8513
6600
4478
2496
621
-984
-2201
-3104
-3852
-4177
-4296
-3990
-3467
-2996
-2479
-2069
-1833
-1773
-2072
-2947
-4101
-5686
-7447
-9346
-11435
-13617
-15553
-17514
-18124
-18190
-17022
-15289
-13370
-10187
-6357
-1522
3009
7022
10057
13385
15927
18300
19149
18463
17023
14984
12990
10612
7500
3735
393
-2417
-4061
-5346
-6749
-7654
-7728
-6598
-4558
-2864
-1625
-515
785
2289
3485
3631
3163
2369
1574
926
3
-1163
-2160
-2651
-2583
-1682
-767
671
2133
3889
5735
7480
8773
9576
9763
9481
8909
7799
6393
4691
2908
1214
-336
-1719
-2638
-3229
-3650
-3863
-3946
-3611
-2970
-2359
-1910
-1705
-1621
-1579
-1982
-2958
-4392
-5957
-7556
-9202
-11378
-13355
-15443
-16609
-16821
-16481
-15003
-13829
-11277
-8224
-3863
365
4422
7409
10618
13492
15906
17605
17411
16640
14895
13226
11024
8317
4654
1170
-1868
-4020
-5474
-7001
-8005
-8331
-7578
-5956
-4120
-2557
-1057
400
1940
3400
4190
4325
3909
3340
2796
2187
1264
278
-312
-590
-97
492
1457
2718
4014
5431
6699
7726
8451
8680
8134
7419
6173
4834
3420
1679
-16
-1400
-2492
-3097
-3483
-3801
-3651
-3415
-2898
-2213
-1532
-909
-549
-523
-692
-1225
-2176
-3641
-5358
-7189
-8863
-10832
-12730
-14758
-15988
-16046
-15498
-13721
-12633
-10266
-7240
-3037
1214
5003
7611
10434
12871
14963
16593
16090
15031
12974
11155
9187
6654
3080
-305
-3291
-5202
-6311
-7623
-8563
-8832
-8006
-6185
-4222
-2807
-1352
83
1591
3021
3669
3887
3753
3286
3029
2665
2151
1713
1576
1802
2642
3433
4483
5604
6750
7769
8534
8697
8545
7975
6851
5476
3572
1641
-226
-1926
-3409
-4550
-5282
-5464
-5243
-4721
-3894
-2934
-1922
-846
65
809
1186
1001
550
-407
-1667
-3610
-5702
-7807
-9648
-11698
-13495
-15465
-15993
-15507
-14029
-11932
-10280
-7444
-3993
489
4498
7768
9698
12120
13600
15158
15396
14158
12294
9794
7707
5548
2889
-512
-3429
-5822
-6810
-7621
-8417
-8943
-8560
-7301
-5415
-3770
-2611
-1238
-86
1171
1984
2322
2445
2453
2251
2392
2424
2582
3127
3700
4991
6131
7625
9002
10195
10946
11438
11297
10894
9775
7967
5884
3257
872
-1421
-3554
-5458
-7002
-7964
-7857
-7267
-6376
-5361
-4148
-2442
-683
783
1697
2104
2082
1812
959
-487
-2610
-5017
-7446
-9447
-11603
-13488
-15514
-16302
-15720
-14078
-11546
-9681
-6694
-3091
1514
5852
9206
11141
13475
14768
16074
16142
14551
12454
9515
7074
4604
1848
-1580
-4535
-7000
-8114
-8780
-9464
-9885
-9385
-8230
-6400
-4799
-3802
-2515
-1542
-389
361
547
551
628
698
1149
1492
2054
3162
4352
6190
7929
9855
11718
13135
14090
14606
14427
13669
12021
9639
7047
4025
914
-2206
-4938
-7266
-9024
-10194
-10526
-9925
-8932
-7594
-5996
-4046
-1790
282
1733
2668
2869
2708
2089
676
-1315
-3991
-6747
-9212
-11332
-13262
-15331
-16115
-15898
-13637
-11022
-8767
-5642
-1927
2908
7533
10548
12663
14584
15675
17076
16370
14723
12035
9036
6557
4020
809
-2701
-5731
-7860
-8724
-9652
-10451
-10868
-10177
-8777
-6807
-5725
-4851
-3889
-2783
-1590
-1048
-1112
-1205
-1001
-565
139
755
1841
3213
5092
7192
9323
11511
13385
14971
15918
16116
15652
14487
12770
10475
7411
4084
832
-2050
-4487
-6870
-8824
-10148
-10365
-9774
-8665
-7625
-6334
-4755
-2755
-523
961
1783
1827
1577
1120
176
-1512
-3934
-6524
-8929
-10618
-12589
-13747
-14262
-13398
-11086
-9200
-6529
-3462
453
4760
8118
10253
12507
13610
15216
15409
14348
12541
9933
7856
5780
3374
132
-2876
-5467
-6679
-7620
-8775
-10069
-10359
-9884
-8345
-7224
-6828
-6144
-5508
-4135
-3113
-2718
-2529
-2280
-1734
-726
300
1605
3081
4643
6508
8533
10777
12537
13798
14422
14584
14393
13541
12010
9928
7403
4628
2044
-468
-2502
-4451
-6261
-7497
-8029
-7951
-7443
-6907
-6266
-5260
-4114
-2570
-1382
-657
-530
-631
-853
-1147
-2136
-3506
-5285
-6754
-8083
-9464
-9796
-10108
-8697
-7514
-6098
-3800
-1350
1943
5070
6851
8772
10036
11051
12148
11519
10759
8915
7124
5618
4170
2260
72
-2166
-3859
-4641
-5433
-6480
-7556
-8084
-7958
-7089
-6967
-6767
-6690
-6239
-5189
-4427
-3764
-3278
-2597
-1531
8
1561
3144
4604
6049
7824
9787
11268
12273
12533
12375
12312
11371
10128
8294
6043
3881
1819
-57
-1600
-3051
-4431
-5309
-5750
-5840
-5731
-5565
-5273
-4570
-4179
-3507
-2846
-2356
-2109
-2349
-2715
-2921
-3177
-3594
-4414
-5195
-5949
-6459
-5854
-5421
-3677
-2721
-1645
236
2090
4704
6645
7310
8240
8573
8963
9193
8038
6822
5005
3409
2001
874
-616
-2004
-3427
-4503
-4979
-5304
-5872
-6241
-6589
-6487
-5869
-5931
-5779
-5867
-5556
-4806
-4151
-3550
-2790
-1810
-402
1279
2828
4429
5929
7370
8830
10013
10814
11141
10823
10258
9313
8023
6535
4748
2868
942
-698
-2012
-2890
-3648
-4417
-5056
-5400
-5385
-5131
-4985
-4913
-4846
-4694
-4194
-3766
-3539
-3652
-3856
-3836
-3676
-3543
-3684
-3817
-3960
-4147
-3287
-2324
-430
1187
1957
3663
5308
7647
9554
9770
9930
9736
9474
9436
8036
6285
4035
1873
196
-1105
-2684
-4314
-5851
-6926
-7165
-7311
-7689
-8084
-8164
-7852
-6836
-6474
-6218
-5982
-5570
-4463
-3465
-2569
-1509
-421
1276
3251
4917
6550
7736
9056
10204
10942
11230
10826
10084
9146
7792
6197
4327
2528
937
-587
-1794
-2877
-3524
-3760
-3888
-4163
-4431
-4770
-4657
-4561
-4671
-5082
-5613
-5833
-5857
-5929
-6259
-6660
-6763
-6425
-5803
-5403
-4918
-4760
-3823
-2015
-180
2513
3673
5350
7307
9463
12017
13057
13003
12859
12341
12202
11412
9534
7189
4488
2366
529
-992
-3051
-4903
-6651
-7689
-8166
-8727
-9519
-10008
-10327
-9924
-9347
-9171
-8796
-8496
-7554
-6299
-4986
-3662
-1977
53
2525
5025
7095
8915
10549
11781
12736
12843
12368
11553
10140
8689
6659
4522
2385
579
-975
-2263
-3293
-4184
-4504
-4472
-4281
-4172
-4325
-4474
-4411
-4420
-4409
-4955
-5722
-6429
-6965
-7339
-7910
-8640
-9049
-8901
-8508
-7722
-7424
-5982
-3857
-1244
2056
3826
6401
8853
11395
14162
15182
15675
15524
14934
14600
13451
11628
9107
6428
4154
2475
762
-1340
-3296
-5103
-6005
-6720
-7747
-8926
-9795
-10315
-10237
-10366
-10704
-10626
-10382
-9664
-8717
-7683
-6145
-3964
-1675
1059
3645
6090
8680
10613
12233
13360
13511
13317
12369
11105
9512
7267
4838
2482
841
-505
-1737
-3207
-4244
-4479
-4293
-4244
-4626
-5254
-5449
-5284
-5238
-5223
-5855
-6392
-6839
-7106
-7205
-7476
-7988
-8304
-8533
-8234
-8103
-7776
-6232
-4613
-1322
828
3042
5816
8233
11976
13938
15068
15530
15435
15788
15335
14081
11801
9328
7082
5263
3657
1562
-431
-2356
-3775
-4587
-5593
-6834
-7938
-8922
-9194
-9217
-9744
-9992
-10196
-9912
-9116
-8472
-7363
-5713
-3788
-1389
838
3037
5523
7490
9203
10270
10739
10996
10714
10102
9101
7573
5799
4057
2717
1672
595
-722
-1983
-2698
-3074
-3390
-4125
-5091
-5843
-6261
-6538
-6745
-7123
-7674
-8022
-8150
-8077
-7764
-7714
-7572
-7622
-7334
-7121
-6848
-5424
-4140
-1215
509
2300
4570
6587
10123
11999
13176
13367
13301
13681
13621
12877
11109
8974
6959
5577
4448
3108
1571
-60
-1391
-2071
-2920
-3826
-4983
-5961
-6669
-7162
-7787
-8304
-8605
-8847
-8478
-8286
-7027
-5376
-3352
-1235
447
2600
4605
6478
7638
8011
8108
7771
7312
6608
5808
4610
3322
2240
1589
1584
1261
812
36
-483
-764
-1257
-2033
-3284
-4466
-5523
-6150
-6758
-7339
-7967
-8580
-8813
-8782
-8503
-8258
-7924
-7939
-7616
-7927
-6788
-5403
-3161
-341
666
3255
4901
8242
11116
12492
13170
12607
12666
12377
12023
10205
8060
5631
3901
2911
2130
1176
329
-453
-713
-629
-1020
-1333
-2005
-2626
-3293
-4069
-5132
-5531
-6235
-6374
-6612
-6118
-4961
-3169
-1460
-58
1689
3017
4834
5507
5902
5687
5097
4442
3650
3024
2353
1459
737
331
654
974
998
659
-58
-338
-965
-1540
-2475
-3498
-4482
-5152
-5616
-5753
-5922
-6240
-6457
-6775
-6791
-6942
-6970
-7454
-7701
-8721
-8808
-7829
-6330
-2896
-1502
1159
3195
6146
10041
12065
13746
13209
13083
12187
11875
10227
7982
5248
2448
1164
325
-146
-774
-1392
-1702
-1049
-1041
-912
-1249
-1415
-1450
-1566
-2522
-2893
-3159
-2833
-2022
-1743
-779
362
1696
3200
4087
4328
4393
3933
3776
3147
2206
771
-178
-691
-550
-550
-879
-857
-509
205
414
78
-912
-1689
-2447
-2967
-3542
-4136
-4695
-4834
-4824
-4328
-4007
-3898
-3968
-4255
-4476
-5037
-5551
-6696
-7336
-8814
-8811
-8377
-6612
-3400
-1841
1337
2989
6516
9645
11800
12926
12307
11932
10796
10205
8198
6457
3848
2023
599
-37
-487
-760
-1229
-1710
-1891
-2649
-2911
-3457
-3579
-3725
-3837
-4224
-3427
-2525
-486
1311
2814
4603
5950
7553
8387
8537
7592
6158
4428
2888
1638
187
-1095
-2101
-2428
-1985
-1501
-1081
-978
-922
-1139
-1520
-2321
-3435
-4445
-5396
-5770
-5825
-5554
-5112
-4516
-3773
-2892
-2381
-2025
-2313
-2615
-3320
-4090
-5225
-6283
-7552
-8241
-7367
-6419
-2906
-1375
1277
3391
5387
8591
9535
10544
9525
8933
7570
6905
5540
4279
3174
1900
1614
1328
1395
1146
900
142
-563
-2199
-3944
-5385
-5974
-6159
-5949
-6226
-5429
-3488
-411
2931
5409
7363
8686
10251
10796
11084
9680
7778
5479
3430
2172
1123
373
-493
-752
-721
-458
-396
-900
-1656
-2730
-4202
-5511
-6925
-7691
-7962
-7784
-7196
-6227
-5139
-3795
-2771
-1953
-1632
-1892
-2484
-3299
-3934
-4468
-5278
-6013
-7101
-6934
-4900
-2635
1370
2474
4776
6020
7777
9678
9173
8536
6114
4982
3278
2994
1908
1477
1002
901
1414
2065
2281
1994
1172
-569
-1965
-4336
-6092
-7519
-8109
-7934
-7050
-6076
-3890
-869
2546
5694
7822
9028
9890
10241
9860
9131
7577
6026
4756
3783
3513
3441
3229
3128
2816
2409
1554
237
-1579
-3218
-5076
-6704
-8017
-8914
-8721
-8055
-6975
-5627
-4318
-3331
-2742
-2732
-2972
-3234
-4051
-4921
-6023
-6350
-6290
-5943
-5696
-5767
-3464
-1299
3055
5418
6603
7773
7824
9387
9021
8294
5890
4179
2461
2057
1883
1722
1814
1381
1372
1412
1556
867
-108
-2260
-4158
-6362
-8115
-9111
-8891
-7949
-6411
-5055
-3108
-33
3142
6070
7217
7738
7671
7824
7685
7197
6415
5480
4866
4680
5065
5355
5308
4676
3833
3026
1867
124
-2046
-4174
-5652
-6842
-7463
-7778
-7354
-6383
-5166
-3892
-2945
-2402
-2371
-2733
-3306
-3817
-4783
-5500
-6283
-6269
-5992
-5718
-5567
-5209
-3013
-525
3344
5236
6407
7172
7618
9104
9083
8473
6509
5066
3795
3707
3202
2700
2193
1435
1224
588
-91
-1088
-2157
-3776
-5406
-7250
-8608
-8776
-8103
-6819
-5099
-3547
-1492
879
2835
4584
5487
5810
5781
5376
5120
5194
5211
4995
4796
4697
5070
5258
4969
4259
3324
2236
841
-963
-2701
-4225
-5464
-6493
-7130
-7022
-6442
-5549
-4760
-3966
-3306
-2814
-2693
-2550
-2472
-2625
-3079
-3807
-3892
-3714
-3576
-3860
-4531
-3780
-1825
920
3829
4747
5873
6274
7275
8367
8302
7706
6079
4774
3898
3883
3544
3162
2219
1578
1152
813
-35
-1058
-2581
-3981
-5468
-7178
-7973
-8006
-6656
-4894
-3034
-1580
86
1484
2912
3970
4326
4035
3324
2722
2710
3106
3282
3274
3171
3398
3859
4016
3574
2874
1941
908
-429
-1986
-3340
-4209
-4940
-5355
-5631
-5609
-5221
-4826
-4461
-4198
-4054
-4060
-3999
-3891
-3566
-3335
-3137
-3052
-2718
-2430
-2106
-2116
-1431
224
2209
4889
5693
6863
6999
7443
8010
7857
7513
6047
4679
3156
2992
2503
2279
1194
288
-64
-99
-407
-1195
-2222
-3196
-3781
-4843
-5408
-5441
-4363
-2646
-841
168
1076
1544
2135
2879
3188
3059
2341
1661
1467
1985
2443
2555
2212
1949
1888
1868
1565
982
129
-837
-1999
-3140
-3998
-4404
-4424
-4451
-4555
-4832
-4986
-4793
-4544
-4217
-4413
-4682
-4921
-4642
-4080
-3554
-3097
-3106
-2870
-2635
-2080
-1539
207
1467
4429
6019
7339
8321
7943
8950
8627
8953
7550
6462
4476
3909
3300
2898
2061
594
-378
-1076
-1288
-1983
-2539
-3921
-4238
-4849
-4732
-4567
-3686
-2328
-57
1609
2734
3044
2949
3396
3754
4006
3282
2590
1732
1968
2401
2768
2633
1831
1154
723
386
43
-965
-2033
-3116
-3924
-4464
-4871
-5025
-5033
-4735
-4695
-4805
-5114
-5387
-5412
-5297
-5382
-5489
-5588
-5350
-4646
-3890
-3315
-3037
-2890
-2596
-2026
-439
951
4098
5961
7752
8553
8068
8882
9024
9795
9050
7947
5777
4960
4041
3956
3455
2381
1094
-272
-1371
-2156
-2535
-3442
-3885
-5014
-5292
-5132
-3995
-2511
-545
655
1735
1991
2058
2326
2596
3034
3061
2875
2332
2463
2707
3512
3698
3300
2350
1310
459
-118
-885
-1770
-2664
-3485
-3833
-4136
-4228
-4307
-4244
-4338
-4678
-5233
-5944
-6303
-6402
-6314
-6121
-5987
-5778
-5310
-4712
-4000
-3349
-2936
-3051
-2596
-2054
-39
2721
4688
6767
6664
7093
7348
8228
8973
9080
8270
7216
6404
5509
5179
4190
3319
2175
1205
34
-834
-1924
-2507
-2947
-3061
-3144
-2949
-2707
-1768
-552
505
1163
821
394
-33
176
604
1142
1366
1686
1934
2466
2767
2801
2334
1490
424
-518
-1304
-1744
-1985
-2236
-2200
-2263
-1882
-1637
-1396
-1736
-2381
-3259
-3909
-4317
-4467
-4582
-4612
-4407
-4028
-3253
-2604
-1848
-1533
-1277
-1640
-1738
-2135
-1501
-607
574
1919
2153
2675
2493
2805
2978
3392
3387
3627
3640
3633
3623
2981
2306
1388
757
154
6
-457
-566
-727
-838
-755
-610
-175
531
1328
1868
2264
2122
1778
1156
613
377
748
1299
1823
2109
2050
2003
1671
1021
-94
-1337
-2508
-3068
-3167
-2825
-2299
-1716
-1152
-590
-119
166
361
354
221
14
-252
-421
-361
-257
-21
15
99
330
782
1258
1413
1282
917
681
436
154
-344
-830
-1343
-1723
-2074
-2425
-2583
-2794
-2867
-2928
-2915
-2795
-2739
-2774
-2871
-2964
-3053
-3083
-3034
-2819
-2360
-1640
-887
-97
694
1413
2248
2848
3400
3662
3759
3645
3572
3534
3736
4014
4333
4636
4837
5004
4882
4593
4008
3432
2650
1793
796
-81
-777
-1232
-1706
-2142
-2604
-2845
-2926
-2911
-2910
-2999
-3028
-3025
-2843
-2595
-2382
-2158
-1878
-1476
-922
-457
52
436
947
1356
1723
1945
2078
2146
2071
1861
1496
1043
513
-43
-527
-888
-1172
-1392
-1572
-1694
-1821
-1966
-2254
-2485
-2744
-2921
-3160
-3325
-3321
-2973
-2339
-1640
-977
-376
325
1069
1771
2192
2408
2474
2625
2828
3032
3185
3231
3283
3375
3401
3372
3157
2769
2352
1930
1528
1182
723
225
-351
-964
-1430
-1770
-1920
-1999
-2052
-2180
-2256
-2293
-2294
-2199
-2102
-1943
-1769
-1583
-1328
-1040
-638
-344
-82
95
543
1132
1922
2560
2895
3008
2790
2541
2054
1514
948
510
278
135
97
-67
-330
-682
-1066
-1413
-1675
-1967
-2226
-2479
-2692
-2783
-2755
-2600
-2296
-1925
-1424
-895
-373
54
354
566
789
1011
1225
1442
1573
1770
1940
2130
2223
2130
1831
1539
1226
1150
1019
875
667
394
206
-81
-485
-1003
-1303
-1524
-1426
-1582
-1812
-2212
-2618
-2822
-2808
-2520
-1968
-1257
-670
-256
-218
-304
-456
-444
-174
528
1463
2506
3311
3677
3552
2965
2248
1554
1285
1301
1621
1813
1830
1423
907
251
-275
-615
-820
-860
-978
-1119
-1495
-1876
-2356
-2603
-2632
-2307
-1734
-1048
-523
-177
-98
-111
-1
165
639
1066
1495
1819
1965
2048
2061
1947
1890
1812
1875
2050
2141
2071
1667
1057
321
-233
-771
-1128
-1408
-1571
-1528
-1474
-1534
-1807
-2160
-2396
-2373
-2201
-2083
-2143
-2228
-2260
-2009
-1750
-1449
-1211
-925
-433
169
806
1208
1412
1307
1179
968
842
697
679
685
762
852
833
853
794
808
726
668
576
524
431
196
-171
-493
-691
-770
-772
-879
-972
-1085
-1137
-1142
-1170
-1155
-1124
-1034
-849
-605
-313
-53
185
409
667
990
1338
1750
2137
2399
2533
2536
2460
2282
1957
1540
1174
970
959
1022
1059
1012
898
713
432
133
-133
-336
-520
-725
-939
-1037
-1038
-1002
-1051
-1176
-1220
-1105
-854
-639
-596
-748
-972
-1144
-1196
-1187
-1235
-1296
-1362
-1358
-1274
-1111
-939
-772
-625
-536
-443
-351
-277
-290
-376
-502
-498
-393
-221
-83
-101
-191
-319
-420
-519
-675
-891
-1081
-1204
-1181
-1117
-1033
-896
-653
-244
254
770
1275
1799
2274
2736
3030
3165
3161
3103
3096
3091
3057
2995
2924
2890
2861
2747
2549
2277
1967
1658
1314
967
629
284
-6
-286
-539
-778
-1000
-1147
-1192
-1208
-1251
-1422
-1640
-1848
-2022
-2170
-2334
-2510
-2657
-2721
-2672
-2520
-2308
-2089
-1907
-1829
-1811
-1828
-1795
-1678
-1528
-1370
-1235
-1097
-958
-811
-741
-697
-748
-806
-833
-801
-734
-737
-822
-976
-1080
-1131
-1111
-1088
-1002
-794
-363
281
1082
1923
2630
3119
3311
3313
3253
3226
3252
3313
3369
3520
3683
3893
3971
3905
3614
3183
2732
2240
1864
1492
1192
884
600
305
-18
-331
-634
-880
-1079
-1291
-1540
-1789
-1958
-1952
-1779
-1532
-1234
-1010
-859
-840
-929
-1065
-1242
-1369
-1420
-1317
-1078
-781
-516
-425
-500
-739
-1071
-1431
-1745
-1945
-2063
-2070
-2050
-1994
-1923
-1834
-1749
-1758
-1849
-2068
-2298
-2486
-2563
-2532
-2430
-2253
-1992
-1603
-975
-193
814
1803
2562
3014
3027
2909
2733
2704
2809
2984
3159
3325
3488
3611
3698
3685
3600
3342
2878
2268
1610
1079
773
631
533
414
172
-59
-230
-290
-220
-217
-335
-585
-855
-959
-800
-517
-217
-78
-46
-23
79
243
288
198
-59
-249
-280
-137
69
187
116
-131
-529
-1009
-1473
-1883
-2142
-2242
-2214
-2104
-2013
-2016
-2082
-2198
-2334
-2485
-2697
-2873
-2953
-2926
-2822
-2663
-2386
-1924
-1321
-696
-249
-24
-34
-102
-60
165
625
1177
1657
2008
2197
2320
2410
2416
2436
2405
2394
2402
2411
2420
2387
2250
2000
1675
1353
1045
767
485
237
124
102
160
258
356
484
610
633
525
320
136
109
250
462
711
950
1181
1444
1631
1661
1448
1027
484
-49
-537
-929
-1163
-1241
-1124
-951
-874
-962
-1204
-1468
-1635
-1734
-1818
-1928
-2052
-2095
-2030
-1868
-1663
-1466
-1289
-1125
-979
-897
-905
-952
-1003
-1024
-994
-938
-844
-717
-547
-397
-318
-312
-307
-244
-53
236
562
866
1056
1131
1053
875
675
521
485
523
580
659
703
770
866
964
1086
1177
1165
1049
861
685
626
622
711
858
1021
1244
1471
1687
1848
1899
1826
1650
1388
1139
898
622
331
-18
-327
-575
-763
-963
-1214
-1522
-1788
-1925
-1940
-1867
-1823
-1784
-1718
-1574
-1368
-1124
-934
-757
-547
-293
27
297
492
621
706
775
808
807
769
684
595
503
432
351
245
107
-59
-240
-415
-554
-657
-768
-878
-1000
-1120
-1220
-1285
-1289
-1262
-1158
-982
-729
-470
-250
-113
-63
-45
-39
8
75
171
256
358
472
658
874
1094
1267
1344
1365
1327
1277
1221
1178
1110
1025
933
855
769
627
432
195
-25
-184
-257
-283
-303
-322
-359
-395
-398
-381
-337
-308
-303
-293
-259
-190
-76
56
179
289
368
409
408
392
365
346
315
293
292
275
266
235
186
110
3
-122
-248
-364
-472
-597
-709
-824
-888
-926
-946
-932
-914
-867
-797
-733
-674
-606
-537
-466
-398
-325
-297
-309
-321
-314
-269
-201
-132
-85
-59
-8
58
135
184
191
188
191
233
267
306
342
400
447
486
512
528
536
509
469
428
410
424
430
441
417
401
399
420
476
525
577
572
540
467
382
290
212
150
113
101
58
-1
-88
-177
-236
-265
-261
-241
-224
-231
-247
-265
-258
-248
-241
-292
-374
-447
-440
-352
-206
-74
-13
-8
-29
-44
-52
-68
-135
-221
-300
-345
-322
-243
-146
-55
-31
-47
-93
-153
-243
-365
-489
-611
-659
-659
-613
-569
-545
-506
-477
-415
-357
-278
-217
-150
-24
154
392
623
784
844
825
752
701
678
730
796
851
889
859
783
675
560
453
371
304
247
196
147
100
48
-28
-112
-205
-258
-261
-211
-161
-163
-214
-325
-421
-446
-394
-256
-85
72
177
203
185
146
136
161
174
174
122
52
-12
-49
-8
37
75
32
-87
-240
-375
-429
-427
-398
-379
-346
-315
-278
-252
-280
-370
-474
-584
-641
-691
-730
-757
-754
-712
-612
-526
-481
-471
-465
-401
-267
-72
124
306
460
583
685
767
832
896
942
974
956
893
787
684
610
556
529
485
402
282
147
51
-10
-50
-78
-121
-162
-160
-107
9
126
210
224
152
59
-26
-59
-32
11
60
91
104
142
213
289
350
318
186
25
-112
-185
-198
-186
-194
-232
-265
-285
-292
-315
-363
-417
-462
-480
-498
-484
-456
-395
-363
-383
-487
-607
-709
-757
-735
-647
-501
-367
-248
-187
-150
-115
-43
51
144
219
285
347
425
508
574
601
574
516
442
383
334
280
204
120
22
-47
-34
64
207
323
373
344
278
232
225
262
315
327
300
247
209
218
289
346
368
305
210
120
71
54
47
26
-34
-117
-201
-227
-199
-97
-13
12
-59
-170
-284
-352
-332
-291
-228
-200
-195
-209
-224
-244
-277
-320
-374
-405
-422
-397
-356
-285
-203
-150
-137
-146
-182
-196
-178
-113
-44
7
34
52
72
96
110
74
-6
-103
-174
-194
-185
-150
-113
-87
-51
-38
-36
-63
-92
-87
-46
36
107
164
187
210
229
263
313
376
464
516
550
563
589
592
565
528
473
414
350
304
270
255
250
261
266
243
211
142
65
-5
-71
-128
-170
-191
-188
-173
-169
-179
-209
-238
-261
-301
-331
-352
-360
-352
-311
-260
-237
-231
-247
-272
-291
-300
-301
-301
-295
-273
-257
-260
-295
-357
-419
-471
-497
-498
-462
-404
-335
-287
-271
-269
-277
-257
-222
-165
-115
-68
-32
0
47
113
193
272
351
429
506
585
660
707
739
759
771
779
782
765
747
731
726
713
690
651
604
543
454
347
231
141
61
4
-40
-90
-117
-131
-141
-145
-160
-186
-222
-251
-262
-251
-222
-181
-142
-121
-108
-116
-142
-177
-214
-255
-306
-363
-415
-458
-486
-513
-550
-604
-655
-710
-751
-754
-724
-681
-634
-592
-553
-502
-445
-376
-308
-248
-217
-213
-236
-246
-218
-143
-42
60
158
260
355
452
503
510
505
501
532
574
620
638
642
651
681
717
738
716
648
549
443
357
301
279
264
244
213
202
203
220
231
217
183
150
143
158
182
206
204
188
161
124
65
-8
-78
-140
-179
-192
-223
-258
-316
-383
-450
-508
-551
-591
-619
-632
-643
-634
-612
-596
-583
-583
-572
-544
-511
-477
-457
-438
-409
-379
-339
-308
-259
-198
-123
-45
22
80
128
169
211
253
298
342
361
367
355
363
385
417
442
440
412
359
312
275
244
213
185
154
122
92
69
68
91
138
195
245
271
290
307
330
345
360
372
384
392
402
415
417
418
398
382
342
285
206
118
15
-89
-181
-246
-294
-325
-339
-363
-392
-440
-497
-557
-625
-684
-733
-758
-763
-746
-714
-673
-631
-592
-553
-507
-454
-401
-340
-276
-205
-131
-50
28
98
167
219
270
306
350
374
391
392
376
350
314
269
205
135
62
-14
-78
-123
-150
-161
-156
-128
-84
-27
19
56
71
95
120
173
233
312
393
471
532
569
601
627
657
652
623
556
476
398
330
271
200
131
72
31
13
-8
-39
-99
-168
-245
-315
-381
-436
-472
-484
-480
-484
-500
-517
-526
-517
-488
-445
-394
-339
-278
-218
-159
-105
-63
-30
-5
27
66
119
176
225
259
275
271
248
220
187
147
98
40
-26
-92
-138
-171
-195
-217
-231
-244
-249
-249
-247
-234
-210
-177
-133
-79
-22
29
79
130
175
232
289
343
373
381
364
327
293
258
232
208
185
170
158
151
131
109
76
36
-5
-46
-76
-104
-126
-141
-153
-158
-165
-171
-175
-164
-134
-94
-51
-12
22
57
89
118
137
147
154
162
179
199
213
219
215
206
190
171
146
106
52
-11
-80
-138
-184
-217
-249
-275
-305
-337
-360
-381
-401
-423
-437
-450
-449
-430
-393
-350
-299
-251
-205
-155
-106
-47
6
61
95
126
148
167
178
183
186
186
192
197
200
195
181
164
146
129
118
109
101
86
71
58
48
45
44
53
67
89
111
131
150
173
198
234
267
300
323
344
357
367
376
378
378
371
364
350
330
299
257
198
136
73
17
-33
-79
-129
-187
-247
-308
-357
-411
-458
-514
-559
-597
-614
-622
-618
-612
-601
-581
-551
-505
-457
-402
-359
-314
-278
-233
-190
-144
-102
-65
-33
-5
24
51
82
108
127
132
130
117
107
96
95
103
119
143
162
176
176
175
168
164
163
163
173
187
215
246
282
311
336
355
371
389
401
414
420
425
425
426
420
412
398
380
360
337
310
275
233
187
138
92
46
-3
-54
-107
-163
-219
-279
-338
-399
-450
-489
-513
-528
-536
-539
-539
-532
-526
-519
-515
-507
-488
-457
-417
-373
-333
-299
-266
-235
-204
-175
-154
-138
-124
-109
-90
-65
-37
-5
25
55
82
106
126
148
171
193
214
229
237
241
246
251
260
269
274
279
284
287
290
292
293
293
295
291
288
278
268
257
243
231
216
202
186
175
164
154
144
129
118
101
86
60
34
1
-31
-60
-88
-109
-133
-150
-170
-188
-212
-235
-258
-276
-288
-296
-298
-302
-301
-299
-291
-284
-276
-270
-264
-260
-254
-244
-231
-213
-192
-169
-146
-122
-98
-74
-49
-27
-6
13
30
49
67
86
102
117
130
141
151
159
166
172
176
178
180
180
178
175
172
169
169
168
168
169
174
181
185
188
189
188
185
184
182
178
171
158
143
123
104
82
64
46
29
10
-10
-34
-59
-86
-114
-139
-162
-182
-196
-207
-215
-221
-224
-229
-232
-233
-233
-232
-233
-231
-229
-221
-212
-200
-189
-177
-166
-150
-135
-118
-105
-93
-79
-65
-49
-35
-23
-15
-8
-1
9
18
29
39
50
62
80
96
107
110
108
103
104
106
115
126
139
150
166
180
196
209
216
221
222
226
226
228
222
211
195
179
163
147
130
111
90
66
48
26
6
-18
-38
-59
-74
-84
-90
-94
-95
-96
-97
-99
-102
-106
-112
-118
-122
-124
-125
-121
-118
-113
-111
-113
-115
-116
-117
-116
-113
-113
-111
-112
-110
-110
-106
-103
-98
-91
-85
-76
-70
-62
-57
-48
-37
-27
-17
-11
-5
-4
2
5
13
18
26
34
46
60
78
94
106
116
121
127
131
136
137
138
139
141
146
146
146
139
131
119
109
95
82
64
50
40
34
29
24
17
6
-4
-16
-24
-35
-43
-53
-62
-68
-71
-75
-76
-77
-75
-73
-72
-73
-75
-78
-82
-84
-86
-85
-85
-82
-79
-75
-71
-66
-62
-58
-53
-48
-41
-31
-22
-11
-2
7
13
18
23
26
29
33
36
39
42
44
46
46
47
46
45
44
42
41
39
37
36
36
36
37
37
38
36
34
29
26
21
18
17
15
16
15
16
14
16
12
12
10
7
7
6
5
2
0
-4
-8
-13
-16
-22
-26
-29
-31
-32
-33
-34
-36
-38
-43
-46
-49
-51
-52
-55
-54
-54
-52
-51
-48
-46
-43
-41
-36
-31
-26
-21
-17
-12
-8
-2
0
5
8
11
15
20
26
30
35
38
42
42
45
45
45
44
43
42
41
39
37
37
33
32
29
27
25
24
22
21
21
20
19
17
18
17
19
19
19
21
21
21
20
20
18
16
13
10
5
0
-3
-8
-11
-15
-17
-21
-23
-28
-31
-34
-38
-41
-45
-46
-49
-49
-53
-52
-52
-52
-51
-50
-47
-49
-46
-46
-43
-40
-37
-32
-27
-20
-13
-5
2
8
14
19
21
26
28
30
32
34
37
38
39
38
38
33
32
29
24
21
18
17
15
15
15
15
14
13
12
11
11
12
12
12
13
12
13
13
12
11
11
10
8
7
3
2
-1
-1
-3
-5
-6
-7
-9
-13
-15
-19
-23
-27
-30
-33
-34
-34
-32
-31
-28
-26
-24
-23
-23
-21
-21
-18
-16
-12
-8
-4
1
6
10
12
15
16
18
18
19
20
21
21
21
21
21
19
19
17
16
13
11
10
9
7
7
8
8
8
8
5
4
2
-1
-2
-3
-5
-5
-5
-5
-6
-6
-7
-7
-8
-8
-8
-8
-4
-4
-1
1
2
4
3
3
2
1
0
-1
-1
-2
-2
-1
-1
-1
-1
-1
-2
-2
-5
-6
-8
-8
-10
-9
-9
-9
-7
-4
-2
0
2
2
2
2
3
3
2
2
2
1
1
0
-1
-1
-1
0
1
2
4
3
4
5
4
3
2
2
2
1
2
2
2
1
0
0
-1
-3
-4
-5
-5
-6
-5
-5
-6
-5
-5
-4
-2
-2
0
1
2
3
3
4
3
2
0
0
-2
-2
-2
-2
-2
-3
-3
-4
-5
-6
-8
-9
-9
-10
-8
-8
-7
-5
-2
0
3
5
8
9
11
13
15
16
17
18
18
19
19
18
17
17
16
13
11
9
5
2
0
-1
-2
-2
-2
-3
-2
-2
-3
-4
-6
-7
-8
-9
-9
-9
-8
-8
-7
-7
-8
-8
-8
-7
-7
-7
-6
-6
-5
-4
-4
-5
-6
-6
-5
-7
-7
-7
-8
-8
-8
-7
-8
-6
-5
-5
-5
-3
-4
-4
-2
-2
-2
0
1
2
3
5
6
7
9
10
11
12
13
14
14
15
14
14
12
12
11
11
10
9
9
8
6
5
4
3
1
0
-1
-2
-2
-3
-3
-4
-4
-6
-6
-6
-7
-7
-8
-8
-8
-8
-6
-6
-6
-6
-6
-5
-6
-6
-5
-5
-4
-3
-4
-2
-2
-2
-1
0
1
1
1
1
1
1
1
0
1
0
0
0
-1
-1
-1
-1
-1
-1
0
0
0
1
1
2
2
2
3
3
4
5
5
5
5
6
6
5
4
4
5
5
4
3
4
3
3
3
3
1
1
0
0
-1
-2
-2
-3
-3
-4
-4
-5
-5
-5
-5
-4
-5
-5
-5
-5
-5
-4
-4
-4
-3
-3
-3
-2
-1
-1
0
0
-1
0
0
0
0
1
1
1
1
2
2
2
2
2
3
3
3
3
3
3
3
4
4
4
4
5
4
4
4
3
3
2
2
1
1
0
-1
0
-1
-1
-1
-2
-1
-2
-2
-2
-2
-2
-3
-3
-3
-4
-2
-2
-3
-3
-3
-2
-3
-3
-2
-2
-2
-2
-2
-1
-1
-1
-1
0
0
0
1
1
1
1
2
1
1
1
1
0
-1
-2
-2
-2
-2
-2
-2
-2
-1
-1
-1
-1
-1
-1
0
0
0
2
2
3
2
2
3
3
2
2
3
1
2
2
0
1
1
1
0
0
0
0
-1
-1
-1
-1
-2
-1
-1
0
1
1
1
2
2
3
3
4
4
5
5
4
4
4
4
3
3
2
2
1
-1
-1
-1
-1
-3
-3
-3
-3
-4
-4
-4
-4
-5
-5
-4
-4
-4
-3
-4
-3
-3
-2
-2
-1
-1
-1
-1
-1
0
-1
0
0
0
0
0
0
1
1
1
0
1
1
1
2
1
1
2
2
2
2
3
2
2
1
1
1
1
2
1
1
0
0
0
0
1
0
1
0
0
0
1
1
0
0
0
0
0
0
0
0
-1
1
0
-1
-1
-1
-1
-1
-1
-1
-2
-2
-2
-1
-2
-2
-3
-2
-2
-1
-1
-1
-2
-1
-1
0
0
0
0
0
0
1
0
0
2
1
2
1
1
1
1
1
2
2
1
1
1
1
1
1
0
1
1
2
0
0
1
1
1
1
0
0
0
0
0
0
0
0
-1
-1
-1
-1
-1
-1
-1
-1
-1
-1
-1
-1
-1
0
0
0
-1
-1
0
0
-1
-1
0
0
-1
-1
0
0
0
1
1
0
1
1
1
0
2
1
1
1
1
0
1
1
0
0
0
0
0
0
-1
-1
-1
-2
-1
-1
-1
-1
-1
-1
-1
0
-1
-1
0
-1
0
0
-1
2
0
0
0
0
1
0
0
1
0
0
0
1
1
0
0
0
1
1
0
1
0
0
0
0
1
0
-1
0
1
-1
-1
0
-1
0
-1
-1
0
0
-1
0
-1
-1
-1
0
-1
-1
-1
-1
-1
-1
-1
-1
-1
0
-2
0
0
0
1
0
1
0
1
1
2
2
2
2
2
2
2
1
2
1
2
2
2
1
1
1
1
1
1
0
0
-1
0
-2
-2
-1
-2
-2
-1
-2
-2
-2
-1
-1
-1
-1
-1
-1
-1
-1
0
-1
0
-1
0
0
1
0
-1
0
0
0
0
0
0
0
0
0
-1
1
0
0
1
0
0
0
0
0
-1
0
0
0
0
0
1
0
0
0
0
1
1
1
1
0
1
1
2
2
1
2
1
2
1
2
2
1
1
1
0
1
0
0
1
0
0
-1
-1
-1
-1
-2
-1
-1
0
-1
-1
-1
-1
-2
-2
-1
-1
-1
-2
-1
0
0
-1
0
-1
-1
0
0
-1
0
-1
-1
-1
-1
0
0
0
0
0
-1
0
-1
1
0
0
0
0
0
0
0
0
0
1
-1
0
0
0
1
1
1
1
0
1
1
1
2
1
1
1
1
1
1
1
1
1
0
2
1
0
0
0
0
0
0
1
0
0
0
0
0
0
0
0
0
0
0
0
0
0
-1
-1
-1
-1
-1
-1
-1
-1
-1
-2
-1
-1
-1
-1
-1
-2
-1
-1
-1
-1
0
-1
0
-1
0
-1
0
0
0
0
0
0
-1
0
0
1
0
0
0
1
1
0
0
0
0
0
0
1
1
1
1
1
1
1
0
1
0
1
0
0
0
1
0
0
1
0
0
0
0
-1
0
0
-1
0
0
-1
-1
0
0
0
-1
0
0
0
0
-1
-1
0
0
0
0
0
1
0
0
0
0
0
1
1
1
0
0
1
1
0
0
0
0
0
0
-1
0
0
0
0
0
0
0
-1
-1
0
-1
0
0
0
0
0
0
1
0
0
0
1
1
0
1
0
1
0
1
1
1
0
0
1
1
1
0
1
0
0
0
0
0
-1
-1
0
0
-1
0
-1
-2
-1
-1
-1
-1
-2
-1
0
-1
0
-1
0
-1
0
0
0
0
0
0
0
2
1
0
1
1
0
1
1
0
1
1
0
1
0
0
0
0
0
0
0
0
0
0
0
0
0
1
0
0
0
0
0
0
0
0
0
0
0
1
0
0
0
0
0
0
0
-1
0
-1
-1
-1
0
-1
0
0
-1
-1
0
0
0
-1
0
0
0
0
0
-1
0
1
0
0
1
0
0
0
0
1
-1
0
0
0
0
0
0
0
0
1
0
0
0
1
0
0
-1
0
0
0
0
0
0
0
0
0
1
0
0
1
0
1
0
0
0
0
0
0
0
1
0
0
0
0
0
1
0
0
0
0
0
1
0
0
0
0
0
-1
0
0
0
0
0
0
0
0
-1
0
-1
-1
0
0
0
0
0
0
0
0
0
0
-1
0
-1
0
0
0
0
0
0
-1
0
0
0
0
1
0
0
0
0
0
0
1
0
0
0
0
0
1
1
0
0
0
0
0
0
0
0
0
0
1
0
0
0
0
0
0
0
1
0
0
0
0
0
1
0
0
0
0
0
0
0
-1
-1
0
0
0
0
0
-1
-1
0
0
0
-1
1
0
0
-1
0
0
0
0
0
0
0
0
0
0
0
0
1
0
0
0
1
0
0
-1
0
0
0
0
0
0
1
0
0
-1
-1
0
0
0
0
-1
0
0
0
0
0
1
0
0
0
0
1
0
0
0
0
0
0
-1
0
0
0
0
0
0
1
0
0
0
0
0
0
-1
-1
0
-1
0
0
0
0
0
0
0
0
0
0
0
0
0
0
-1
0
0
0
0
1
0
1
1
0
1
0
0
0
0
0
-1
1
0
0
0
0
0
0
0
0
0
1
0
1
0
0
0
0
-1
0
0
0
0
0
0
-1
0
0
0
-1
0
0
0
0
0
0
0
0
0
0
0
0
0
0
0
0
0
0
-1
-1
-1
-1
0
0
0
0
0
-1
0
0
0
0
0
-1
0
-1
0
1
0
0
1
0
0
-1
0
-1
0
0
0
-1
0
1
0
0
0
0
0
-1
0
1
0
-1
1
1
0
1
-1
0
0
1
0
0
-1
1
0
0
1
0
0
0
0
1
0
0
0
0
1
0
-1
0
-1
0
1
0
1
-1
0
1
0
0
0
0
0
-1
0
0
0
0
0
0
0
0
0
0
-1
0
1
0
1
0
-1
0
0
1
0
0
0
0
0
0
-1
0
-1
0
0
0
0
0
0
0
1
0
1
0
0
0
0
0
-1
0
0
0
0
0
-1
0
0
0
0
0
0
1
0
0
0
0
1
0
0
0
0
0
0
0
0
0
-1
0
1
0
0
0
0
0
0
0
0
0
0
0
0
0
0
0
-1
1
0
0
0
-1
0
0
0
1
0
0
0
-1
0
0
0
0
1
1
0
1
0
0
-1
0
-1
0
0
0
0
0
0
0
0
0
0
0
0
0
1
0
0
0
0
0
0
0
0
0
0
0
0
0
0
0
0
0
0
1
0
0
0
1
0
0
0
0
0
0
0
0
1
1
0
0
1
0
0
0
0
0
1
0
0
-1
1
0
-1
-1
0
0
0
0
0
1
0
1
0
0
0
1
0
-1
0
-1
0
0
-1
0
0
0
-1
0
0
0
0
0
0
0
0
1
-1
0
0
0
0
-1
0
0
0
0
0
1
0
0
0
0
0
0
0
0
1
1
0
0
0
0
0
0
0
0
0
1
0
-1
0
0
0
0
0
0
0
0
0
0
1
0
1
1
1
0
0
0
0
0
0
0
0
0
0
0
0
-1
0
0
0
-1
0
-1
0
0
0
0
0
0
0
-1
1
0
1
0
0
0
0
1
1
0
-1
0
1
-1
0
0
0
0
0
0
0
0
0
0
0
0
0
1
-1
0
0
0
0
0
0
0
-1
0
-1
0
0
0
0
0
-1
0
1
0
0
0
1
0
0
0
0
0
0
0
0
0
0
0
0
0
0
1
0
1
0
-1
-1
-1
0
0
0
0
0
0
0
-1
0
0
1
-1
0
1
0
0
0
0
0
0
0
-1
0
0
0
0
0
0
0
0
0
0
0
0
0
0
0
0
0
0
0
0
0
0
1
0
1
0
0
0
1
0
0
-1
1
0
-1
0
0
-1
0
0
0
0
-1
0
0
0
0
1
0
0
0
1
0
0
1
-1
0
0
0
0
0
0
-1
0
1
0
0
0
1
-1
0
0
0
-1
0
0
0
-1
0
1
0
-1
0
0
-1
-1
0
0
0
0
-1
-1
-1
0
0
0
0
0
0
0
0
0
1
0
-1
0
1
0
1
0
0
0
-1
0
0
0
0
0
0
-1
1
0
0
0
0
1
0
0
0
-1
0
1
0
0
0
0
0
0
0
0
0
0
-1
1
-1
0
1
0
0
0
0
0
0
0
0
0
0
0
0
0
0
0
1
0
0
0
0
-1
1
0
-1
0
0
0
0
0
0
0
0
0
0
-1
0
0
0
-1
0
0
1
1
0
0
0
0
-1
0
1
0
-1
0
0
0
0
-1
0
0
0
0
0
-1
-1
0
0
0
0
1
0
0
0
0
-1
0
0
0
0
0
0
0
0
1
0
-1
0
0
-1
0
0
0
0
0
0
0
0
0
0
0
1
0
0
0
0
-1
-1
0
-1
0
0
0
-1
0
0
0
0
1
1
-1
0
0
-1
-1
0
0
-1
0
0
-1
0
0
-1
1
-1
0
0
-1
0
0
0
0
0
0
0
1
0
0
-1
1
1
0
0
0
0
0
0
0
0
0
1
0
0
0
0
0
0
-1
0
0
-1
0
0
1
0
0
1
0
0
0
1
0
0
0
0
0
0
1
-1
0
0
0
1
0
-1
0
0
0
0
0
-1
0
0
0
0
1
0
0
1
0
0
0
1
0
0
0
0
0
1
0
0
0
0
0
0
0
1
0
0
0
0
-1
0
0
-1
-1
0
-1
0
0
0
1
1
0
0
0
-1
1
0
0
0
0
1
0
1
0
0
1
1
0
0
0
0
0
-1
0
0
0
-1
0
0
1
0
0
0
0
1
0
1
0
0
0
0
-1
0
0
0
0
0
-1
0
0
0
1
1
0
0
-1
0
0
1
0
0
-1
1
0
0
0
0
-1
0
0
0
0
0
0
0
0
0
0
0
1
0
0
0
-1
0
1
0
0
1
-1
0
-1
-1
0
0
0
0
0
0
0
0
-1
0
-1
1
0
1
1
0
0
0
0
0
0
0
0
0
0
0
0
0
0
1
0
-1
0
0
0
0
0
0
-1
0
0
-1
0
0
0
0
0
0
0
1
1
0
0
0
0
0
0
0
-1
0
0
0
0
0
0
-1
-1
0
0
0
0
0
1
0
1
-1
0
0
-1
0
0
0
1
0
0
0
0
0
0
0
1
0
1
0
0
0
-1
-1
0
0
0
0
1
0
-1
0
0
0
0
1
0
-1
0
0
0
0
0
1
0
0
0
0
0
0
0
0
0
0
1
0
0
0
0
0
0
0
0
0
0
0
0
0
-1
-1
0
0
0
0
0
0
-1
0
0
-1
0
0
0
0
0
0
0
0
0
0
0
0
0
0
0
0
0
-1
0
0
1
0
0
-1
1
0
0
0
0
0
0
0
0
0
0
-1
1
0
0
-1
0
0
0
1
0
-1
0
0
0
0
0
0
0
1
-1
0
0
0
-1
-1
0
0
0
1
0
0
0
0
0
1
0
-1
-1
0
0
0
0
0
0
0
-1
0
-1
0
1
0
0
0
0
1
0
0
0
0
0
-1
-1
0
0
0
0
-1
0
1
0
1
0
0
0
0
-1
0
0
0
-1
0
0
0
0
0
0
0
0
-1
0
0
0
1
0
1
0
-1
0
1
0
0
-1
0
0
0
0
0
0
1
0
1
0
0
0
0
0
1
0
1
0
0
0
1
0
0
0
0
0
-1
0
0
0
0
0
0
