0
0
1
1
-1
0
-1
0
0
0
1
0
0
0
0
-1
0
0
-1
0
0
-1
-1
1
0
0
0
0
-1
0
1
0
0
0
-1
1
0
1
0
1
-1
0
0
0
-1
0
0
0
0
0
0
0
0
0
0
0
0
0
0
0
0
0
1
0
0
0
0
1
0
0
0
0
0
0
0
0
0
0
0
0
0
0
0
0
0
0
0
0
1
0
0
0
0
-1
0
0
1
0
0
0
0
0
-1
0
0
0
0
0
0
-1
0
0
-1
0
0
0
-1
0
0
0
0
-1
0
0
0
0
0
0
0
0
0
0
0
0
0
0
0
-1
0
0
0
-1
0
-1
0
-1
0
0
0
0
1
0
0
0
0
-1
1
0
0
0
0
0
1
0
0
0
0
0
0
1
0
0
0
0
-1
0
-1
0
0
0
0
0
0
0
0
0
0
0
0
0
0
0
0
0
1
0
1
1
0
1
0
0
0
0
0
1
0
1
0
0
0
1
0
0
-1
0
0
1
0
-1
0
0
0
0
-1
-1
1
0
0
1
0
0
1
0
0
0
-1
1
0
0
0
0
0
0
-1
0
0
0
0
0
0
0
0
0
0
0
0
0
0
0
0
0
0
0
0
-1
0
-1
0
-1
0
0
0
0
0
-1
0
-1
1
0
0
0
0
0
-1
0
-1
0
-1
0
0
0
0
-1
0
-1
0
1
0
0
0
0
0
0
1
0
0
0
0
0
0
-1
0
0
0
0
0
0
0
0
1
0
1
1
0
0
0
0
0
0
0
0
0
0
1
0
1
0
0
0
0
0
0
0
1
0
0
0
1
0
1
1
0
0
0
0
-1
0
0
1
0
0
0
0
0
0
0
0
0
0
0
0
0
-1
0
0
0
0
0
0
0
0
0
-1
0
1
0
0
0
0
0
0
0
-1
1
0
0
0
1
0
1
0
0
0
0
0
0
0
-1
0
1
0
0
0
1
0
0
0
0
-1
1
1
0
0
1
0
0
0
0
0
0
0
0
-1
0
0
0
0
1
0
0
0
0
0
0
-1
-1
1
0
0
1
0
0
-1
0
-1
1
0
1
0
0
0
0
1
-1
0
0
0
0
0
0
0
0
0
0
0
0
0
0
-1
0
0
0
0
1
0
0
0
0
0
0
0
0
-1
0
0
0
-1
0
0
1
0
-1
0
0
0
0
1
1
1
0
0
-1
0
0
-1
0
0
0
0
-1
0
0
0
0
0
0
1
0
0
0
0
0
1
0
0
0
0
0
0
0
-1
1
-1
0
-1
0
0
0
0
-1
0
0
0
0
0
0
0
0
0
1
0
0
0
0
0
0
0
0
0
0
0
0
0
0
-1
0
0
0
1
0
0
0
0
-1
0
-1
0
1
0
0
1
0
0
0
0
0
0
0
0
0
0
1
-1
0
-1
0
0
-1
0
0
0
0
-1
0
0
0
0
0
1
0
0
0
0
0
0
0
-1
0
0
0
0
0
0
-1
0
0
0
0
0
0
-1
0
-1
0
0
0
0
1
0
0
0
0
0
0
0
0
0
0
0
0
1
0
0
0
0
1
0
-1
0
1
0
0
0
0
0
0
0
-1
-1
0
0
0
1
0
-1
0
0
-1
0
0
0
-1
0
0
1
0
0
0
0
0
0
1
0
0
0
0
1
0
0
0
1
1
0
0
0
0
0
0
1
0
1
0
0
0
1
0
0
0
-1
1
1
0
-1
0
0
0
0
0
0
0
0
0
0
0
1
0
1
0
0
0
0
0
-1
0
1
0
0
-1
0
-1
0
0
-1
0
0
0
0
0
0
0
0
0
0
0
0
0
0
0
0
0
0
0
0
0
0
0
0
0
0
0
0
0
0
0
0
0
-1
0
0
0
0
0
0
0
-1
0
0
0
0
0
0
0
0
0
0
0
0
0
0
0
0
0
0
0
0
0
0
1
-1
0
0
0
0
0
0
0
1
0
0
0
0
0
-1
0
0
0
0
0
0
0
0
0
0
-1
-1
-1
-1
0
-1
0
0
0
0
0
0
-1
-1
0
-1
0
0
0
-1
0
0
0
0
0
0
0
1
0
0
0
0
0
0
0
0
0
0
1
1
0
0
0
0
0
0
1
0
0
0
0
1
0
0
0
1
-1
1
1
-1
0
0
0
0
-1
0
0
-1
0
0
1
-1
1
0
0
0
0
1
-1
1
0
0
0
0
1
-1
1
0
-1
1
-1
-1
0
1
-1
1
0
2
-1
-1
3
-3
2
1
-1
2
-2
2
1
-4
4
-2
1
-1
0
0
1
-3
1
5
-6
2
2
-3
-1
4
-2
1
-1
0
4
-5
3
1
-1
1
0
2
-6
6
-3
-2
5
-6
3
-2
5
-7
6
-2
-3
1
4
-7
4
1
-6
10
-11
6
0
-3
4
-2
1
-2
1
1
-5
6
-6
7
-6
6
-1
-8
17
-20
15
-10
8
-4
-2
11
-13
11
-6
4
-6
6
-6
9
-14
16
-14
8
0
-10
16
-15
13
-8
4
2
-9
14
-14
8
-1
-5
6
-4
4
-9
16
-20
16
-10
7
-8
8
2
-11
13
-4
-1
-2
6
-1
-9
16
-12
-1
15
-21
17
-2
-12
18
-15
4
9
-21
28
-27
20
-9
2
2
-12
25
-35
30
-10
-11
22
-19
8
6
-17
21
-21
15
-7
1
0
7
-11
1
19
-26
17
-7
6
-9
4
3
-4
-6
16
-19
18
-18
15
-8
-1
10
-12
6
7
-19
22
-11
-6
17
-19
17
-13
10
-11
18
-28
25
-11
-1
3
4
-8
7
-11
17
-14
1
12
-11
-2
11
-9
0
6
-4
-6
15
-13
2
9
-12
9
-5
0
13
-27
31
-20
3
8
-12
11
-10
11
-15
18
-20
26
-38
49
-44
21
4
-11
-1
12
-12
5
-1
0
4
-11
19
-25
30
-39
51
-53
40
-20
-2
16
-19
17
-20
22
-11
-11
27
-24
7
5
-7
6
-9
15
-21
24
-26
23
-16
-1
23
-36
29
-10
5
-18
35
-32
14
-3
5
-8
-12
43
-63
55
-35
25
-28
31
-22
8
-1
4
-4
-7
25
-23
2
20
-24
10
7
-17
21
-25
22
-10
4
-15
32
-37
26
-2
-23
32
-27
22
-21
20
-16
7
5
-21
28
-10
-29
59
-56
34
-24
28
-22
1
24
-43
50
-53
55
-56
45
-21
-3
11
-2
-9
1
18
-27
19
-6
3
-7
15
-20
14
6
-26
25
-7
-13
19
-13
11
-25
41
-44
38
-33
22
-1
-13
17
-30
50
-50
22
13
-33
32
-22
20
-25
16
18
-63
91
-96
86
-67
39
3
-52
83
-81
58
-29
11
-16
37
-42
15
22
-37
26
2
-28
31
-23
32
-63
95
-99
61
3
-55
75
-70
60
-54
51
-41
25
-23
49
-71
57
-12
-39
81
-106
102
-75
39
2
-29
27
-19
38
-79
92
-44
-48
124
-139
99
-41
-10
47
-75
85
-69
43
-25
11
7
-29
40
-39
32
-20
7
3
-9
18
-28
28
-4
-30
40
-17
-6
-9
50
-75
62
-23
-12
16
3
-12
-4
19
-6
-19
25
2
-38
50
-33
22
-36
52
-45
16
9
-20
16
-12
16
-29
38
-35
21
-15
22
-31
28
-6
-26
48
-46
30
-18
18
-21
19
-1
-34
51
-24
-26
49
-36
27
-39
43
-19
-23
56
-68
61
-43
23
-1
-20
33
-33
16
16
-43
45
-22
2
3
-9
27
-48
48
-25
0
7
8
-32
47
-46
34
-13
-13
33
-40
42
-49
54
-49
43
-48
50
-34
7
3
12
-31
24
9
-46
60
-44
9
24
-38
32
-14
-10
30
-44
49
-54
66
-85
93
-75
28
23
-57
69
-71
73
-74
62
-35
14
-10
8
0
-6
9
-21
44
-62
71
-78
81
-57
2
57
-90
93
-78
51
-16
-13
37
-59
65
-42
-2
45
-65
56
-22
-18
42
-47
38
-20
-7
34
-41
28
-5
-11
25
-33
29
-15
5
3
-23
49
-61
49
-26
4
9
-16
24
-43
63
-67
47
-11
-24
46
-50
36
-15
2
4
-15
33
-46
47
-39
30
-18
2
18
-41
55
-54
36
-8
-16
22
-13
8
-11
10
-2
-2
-4
6
-2
7
-16
12
14
-41
54
-57
64
-65
40
10
-55
66
-51
34
-31
34
-40
35
-11
-13
18
-3
-5
-7
17
-4
-20
40
-47
46
-36
16
7
-19
19
-18
24
-29
22
-8
-5
9
0
-25
62
-93
110
-103
72
-26
-26
66
-84
78
-65
49
-25
3
6
0
-3
-13
39
-54
54
-42
27
-8
-19
44
-57
59
-48
17
29
-65
68
-46
24
-13
10
-10
11
-13
3
21
-46
46
-28
15
-13
12
-13
25
-40
44
-30
-3
32
-37
10
27
-42
24
10
-27
4
41
-73
72
-43
-3
49
-78
91
-86
57
-18
-5
7
-7
20
-33
15
36
-79
78
-38
-11
44
-56
48
-23
-12
44
-59
51
-33
7
23
-49
58
-57
52
-45
24
3
-20
21
-12
9
-9
0
22
-51
74
-82
64
-18
-35
68
-68
44
-8
-30
59
-65
45
-21
9
-2
-14
36
-47
36
-11
-5
4
2
-5
4
-7
13
-2
-22
42
-36
16
-1
-10
30
-58
78
-82
67
-41
4
31
-42
25
-2
7
-36
59
-59
41
-17
-1
9
-6
-6
22
-45
68
-73
50
-8
-27
46
-52
53
-55
54
-45
30
-11
-7
24
-33
31
-29
32
-32
24
-11
3
3
-8
2
23
-55
72
-64
41
-14
-14
35
-45
42
-32
18
-1
-10
6
10
-27
28
-19
17
-22
29
-26
18
-13
17
-20
13
0
-3
-13
41
-57
44
-9
-19
28
-25
31
-49
68
-76
79
-80
77
-57
10
48
-78
55
-1
-31
13
27
-51
62
-68
65
-48
37
-44
50
-27
-23
68
-80
71
-61
57
-63
68
-52
4
43
-71
94
-116
127
-114
79
-34
-13
54
-90
97
-66
30
-18
18
-6
-27
67
-77
44
-5
-19
23
-2
-26
36
4
-75
139
-171
159
-112
40
21
-42
40
-61
94
-99
75
-52
38
-22
-2
9
-1
-18
37
-42
32
-14
-9
16
4
-38
71
-80
53
-11
-20
38
-43
39
-19
4
-2
7
-8
30
-56
39
14
-53
48
9
-46
23
33
-81
77
-58
47
-27
-5
40
-65
83
-54
-23
93
-125
106
-70
37
-8
-12
49
-80
106
-113
76
-20
-8
8
-46
73
-61
5
53
-71
52
-54
83
-88
38
73
-156
147
-78
30
6
-15
6
11
-3
12
-37
64
-73
58
-46
43
-31
-33
91
-94
5
56
-47
-9
7
22
-15
-40
89
-88
39
12
-2
-42
47
52
-177
209
-120
13
27
-12
20
-61
121
-139
72
10
-8
-69
142
-126
61
-55
47
4
-61
45
24
-37
-32
104
-170
188
-125
-3
103
-97
34
8
-8
8
-13
-6
64
-65
-59
200
-223
101
48
-90
61
-20
-2
35
-58
72
-64
20
98
-226
225
-78
-96
171
-114
26
16
-15
19
-60
97
-95
71
-16
-49
83
-79
47
26
-101
140
-108
41
18
-64
72
-69
75
-97
83
-21
-77
129
-85
23
-38
46
15
-119
183
-158
62
20
-26
-12
19
36
-119
179
-179
107
-30
-5
0
-32
107
-124
69
29
-75
69
-56
90
-158
175
-69
-95
169
-124
67
-77
121
-133
52
56
-106
53
78
-164
106
8
-25
-38
63
-12
-70
87
-24
-44
56
-10
-35
20
31
-89
117
-83
-9
92
-111
117
-132
132
-84
-23
79
-25
-70
112
-105
54
21
-77
73
-55
62
-75
48
10
-24
-35
104
-94
12
62
-46
-35
112
-93
-18
122
-164
156
-86
16
15
-34
86
-139
108
-2
-84
98
-60
65
-114
98
-38
-28
93
-106
15
82
-31
-111
209
-164
23
49
11
-79
47
25
-47
4
52
-46
-13
65
-52
11
1
42
-82
81
-40
-20
30
15
-67
71
-48
70
-135
170
-137
89
-59
9
58
-122
139
-134
156
-107
-13
78
-79
49
-20
16
-30
78
-125
88
-7
-62
104
-140
165
-164
143
-73
-34
126
-171
132
-37
-50
75
-19
-67
117
-137
134
-104
77
-27
-51
98
-53
-32
83
-69
-26
125
-156
111
1
-114
133
-31
-80
108
-104
140
-192
189
-114
4
58
-33
-9
44
-66
56
-22
5
-38
56
-41
5
57
-98
104
-87
71
-66
61
-30
-58
109
-58
-33
98
-81
5
51
-27
-59
65
56
-182
169
-41
-58
15
94
-41
-92
121
-42
-43
66
-80
70
-8
-58
60
-67
127
-119
22
63
-44
-20
47
-33
-9
42
-85
140
-175
144
-60
-39
125
-123
73
-53
85
-120
76
14
-117
135
-43
-50
77
0
-56
-22
153
-236
212
-96
-40
87
-45
42
-135
188
-123
19
69
-132
191
-182
65
53
-83
58
-34
35
-114
196
-202
140
-36
-40
38
27
-57
42
-21
-9
3
10
23
-64
50
-7
-24
55
-44
1
22
-6
-24
51
-39
-27
75
-106
123
-118
100
-82
73
-53
38
-70
114
-59
-24
21
21
5
-100
150
-111
54
-31
-3
-3
86
-124
75
-22
41
-65
58
-40
21
-69
154
-182
107
19
-61
18
-5
77
-138
128
-78
35
-54
141
-186
141
-56
10
-16
9
47
-107
52
22
-68
98
-85
63
11
-79
107
-115
167
-219
134
6
-74
67
-99
194
-208
122
-40
13
-1
-31
60
-79
92
-121
143
-93
3
40
-21
-37
54
20
-58
15
66
-109
27
60
-15
-79
85
-16
0
-77
105
-83
35
73
-151
168
-162
133
-65
18
32
-127
135
-16
-72
88
-79
64
-84
68
-18
-24
40
5
-27
19
-19
31
-31
-1
51
-106
117
-81
15
-2
50
-88
120
-142
140
-85
-49
231
-305
251
-189
127
-49
-59
126
-115
121
-100
11
46
7
-47
-40
108
-71
-10
5
74
-78
-4
50
-65
167
-196
54
85
-134
98
-18
8
-43
-32
164
-195
118
50
-152
124
-106
170
-243
225
-194
118
27
-55
-102
204
-84
-55
-10
124
-85
-83
190
-150
117
-180
247
-207
104
-34
46
-61
-25
62
-13
-14
50
-134
147
-11
-171
202
-51
-27
-11
14
-29
123
-178
128
-96
108
-86
26
42
-16
-33
30
-66
47
144
-327
282
-177
147
-62
1
-7
27
1
-103
127
-35
-114
184
-172
157
-172
145
-21
-106
204
-249
210
-105
6
-2
16
14
-58
35
17
-20
52
-38
20
-40
145
-243
290
-232
3
97
-83
141
-205
23
146
-84
-2
6
88
-116
59
15
-9
73
-182
190
-150
148
-169
128
-3
-115
119
-89
22
28
-43
88
-115
21
28
26
-10
-40
47
7
-11
-100
176
-109
-23
60
71
-175
134
-28
2
-150
302
-277
116
113
-216
144
-52
39
-227
398
-271
3
89
-101
104
-64
80
-123
-26
201
-281
255
-86
13
-107
134
-40
1
-23
38
-20
-54
249
-508
462
-190
99
-109
12
239
-365
149
155
-164
3
168
-291
160
119
-213
199
-285
320
-261
60
303
-515
419
-239
94
66
-195
283
-381
380
-229
66
9
-47
132
-198
224
-221
252
-220
108
53
-109
34
-80
134
-66
-67
142
-126
152
-201
135
-25
61
-168
168
-47
-83
100
-21
30
-182
394
-454
231
-26
-88
218
-250
74
87
-73
14
-87
167
-95
-127
273
-185
109
-86
68
-112
18
201
-249
154
-295
416
-161
-85
-39
52
285
-577
508
-201
0
45
-83
96
-76
114
-170
245
-185
-22
59
57
-6
-153
191
-10
-70
76
0
-53
80
-186
120
16
21
-81
-1
117
-184
250
-22
-164
50
117
-179
100
-5
-116
243
-226
-24
175
3
-163
27
274
-295
136
-94
54
-97
-72
108
-52
-22
-66
199
-108
-38
83
2
-39
86
-171
98
27
-53
39
5
-2
-70
-57
126
-154
107
-6
-47
71
56
-79
50
-2
-134
60
63
16
-131
109
119
-162
36
187
-91
-69
58
-19
157
-181
30
89
-146
171
-245
202
-70
-33
108
-67
28
-149
102
98
-202
175
-72
-11
116
-99
34
-31
15
-85
69
-113
85
9
-133
83
-71
50
49
-142
107
-119
121
25
-23
22
-161
118
-1
82
-96
-11
55
-54
54
-36
103
-33
-15
77
-5
-26
-11
143
-102
-35
139
-37
-22
-20
118
-98
48
-6
-39
2
-53
112
-61
5
-40
13
-4
-49
89
30
-86
-41
-18
143
-187
-12
86
-191
69
8
59
-55
-33
68
42
211
-307
177
87
-73
117
-10
155
-184
186
13
-18
142
-197
133
-153
56
4
-254
111
-144
-4
-94
-120
-12
-111
-62
-76
74
-19
-190
156
-34
81
97
-87
196
87
55
160
160
60
9
207
9
122
53
-19
91
-7
62
-45
-13
-30
-67
9
-172
-104
-121
-75
-97
-154
-77
-102
-13
-204
1
-3
-189
67
-33
35
12
59
-9
70
21
139
36
102
-1
109
80
43
153
16
145
34
105
33
96
-19
37
-9
13
-22
30
-85
-18
-51
-124
-27
-130
-49
-96
-131
-30
-132
-67
-125
-5
-85
-121
56
-103
113
-79
68
68
-33
150
-32
123
27
22
179
2
144
36
135
57
96
142
-60
85
13
41
-88
10
-39
-93
-67
-86
-45
-150
-14
-111
-71
-41
-107
-53
-53
-90
-78
-46
-73
-54
-25
-46
-31
53
63
17
69
53
122
86
77
63
82
-8
136
43
26
93
26
75
50
133
-4
113
11
31
76
-24
-3
-55
-36
-50
-101
-45
-93
-97
-75
-69
-118
-77
-63
-107
-31
-79
-10
0
-7
37
57
93
78
123
114
136
173
141
199
169
198
167
185
186
125
113
24
57
3
-119
-127
-187
-205
-201
-302
-369
-376
-252
-380
-328
-364
-376
-227
-197
-54
-133
-114
-117
52
162
118
247
209
431
481
578
547
501
447
388
360
191
69
-126
-151
-255
-314
-409
-372
-398
-369
-263
-247
-120
-85
44
78
182
254
345
454
481
521
519
515
471
389
277
111
11
-152
-238
-303
-395
-421
-482
-433
-366
-283
-187
-109
60
118
330
427
627
664
745
866
864
912
791
716
457
151
-162
-482
-820
-1110
-1451
-1778
-1966
-2096
-2140
-2170
-2250
-2353
-2299
-2254
-2167
-2083
-1975
-1925
-1701
-1386
-1002
-758
-538
-251
193
762
1099
1570
1768
2310
2551
2979
3058
3139
3044
2774
2552
2139
1840
1215
757
222
19
-146
-246
-268
-254
-5
188
471
601
675
762
884
1175
1426
1721
1819
2144
2340
2419
2152
1869
1552
1004
358
-382
-800
-1174
-1303
-1443
-1243
-908
-328
267
787
1207
1430
1668
1608
1332
987
552
161
-187
-582
-901
-1165
-1504
-1879
-2417
-2957
-3636
-4369
-5114
-5884
-6401
-7038
-7431
-7945
-7972
-7933
-7736
-7606
-7657
-6890
-5629
-3492
-1648
300
2116
4609
7232
9465
10930
11439
11517
10858
10163
8832
7233
4902
2566
541
-729
-1370
-1974
-2562
-3238
-3318
-3254
-3085
-3418
-3922
-4588
-4906
-4720
-4300
-3455
-2534
-830
905
2941
4720
6530
8332
9557
10320
10071
9694
8733
7897
6352
4467
2179
440
-551
-1281
-1939
-2626
-2753
-2534
-1840
-1165
-607
-239
195
534
981
1418
1869
2022
1877
1643
1591
1669
1361
621
-429
-1503
-2521
-3670
-4984
-6491
-8034
-9383
-10472
-11322
-12053
-12740
-13427
-13614
-13473
-13084
-12961
-12517
-11078
-7975
-4067
-267
3542
7573
12282
16394
19552
20689
20678
19106
16808
13652
10074
5851
1196
-2948
-5888
-7151
-7795
-7903
-8007
-7337
-6374
-5302
-4784
-4928
-5474
-6025
-6126
-5741
-4729
-3092
-625
2519
6050
9493
12438
14941
16645
17239
16058
13551
10051
6366
2719
-988
-4709
-7862
-9420
-9232
-7924
-6407
-4684
-2610
-253
1977
3704
4742
5319
5387
5438
5667
6183
6529
6609
6577
6480
6345
5619
4254
2229
-218
-2788
-5345
-7731
-9867
-11568
-12797
-13555
-13745
-13555
-13151
-13090
-13161
-13299
-13187
-12990
-12724
-12667
-12605
-11408
-8208
-3053
2125
6968
11340
16206
20784
24105
25003
23362
19881
15281
10373
5205
22
-5397
-10210
-13356
-14165
-13039
-11330
-9559
-7906
-5698
-3479
-1611
-898
-1097
-1783
-2132
-1665
-554
1455
4013
7472
10861
14049
16421
17993
18406
17067
13641
8355
2442
-3367
-8301
-12587
-15910
-18024
-17842
-14734
-9563
-4000
871
5236
9364
13145
15368
15866
14723
12865
10698
8936
7656
6636
5642
4636
3882
3256
2647
1184
-1245
-4370
-7560
-10302
-12647
-14385
-15550
-15924
-15448
-14171
-12186
-10166
-8392
-7410
-6812
-6583
-6549
-6784
-7310
-8051
-9105
-9000
-6909
-2681
1943
5936
9361
12907
16693
19296
19761
17384
13241
8215
3566
-821
-4940
-9021
-12602
-14381
-13897
-11007
-7687
-4596
-2532
-174
2058
4115
4796
4106
2595
1285
1134
1997
3932
6060
8657
10977
12986
14032
14104
12812
9751
4888
-1292
-7339
-12522
-16090
-18131
-18553
-17596
-14539
-8703
-975
6619
12139
15861
18647
20795
21192
19407
15750
11576
7880
5088
3377
2248
1544
703
105
-181
-410
-1348
-3458
-6323
-9163
-11170
-12366
-12798
-12762
-12046
-10658
-8624
-6284
-4204
-2872
-2578
-3196
-4315
-5703
-7368
-9106
-10749
-12453
-14035
-14032
-11449
-6488
-1221
3246
6955
11098
15523
18846
19531
17033
12659
7744
3552
-92
-3800
-7913
-11571
-13015
-11611
-7884
-4325
-1725
-112
2004
4455
6560
6861
5268
2959
1447
1857
3422
5431
6998
8680
10303
11712
11869
10270
6872
1898
-4071
-10023
-15013
-18537
-20496
-20059
-16934
-12030
-5599
2532
11489
18641
22614
24315
24936
24036
20560
15025
8875
3679
-105
-2342
-3347
-3305
-2669
-1835
-1035
-405
-324
-1350
-3755
-6773
-9184
-10553
-11153
-11137
-10194
-8537
-6268
-3658
-1028
619
801
-34
-1461
-3501
-6151
-9241
-12204
-14805
-16613
-17916
-18765
-17872
-13958
-7162
-385
5184
9949
15570
21100
24456
24082
20331
14861
8945
3750
-1145
-6297
-11618
-15572
-16112
-13204
-8178
-3922
-872
1589
4995
8304
10033
8904
5571
2233
554
1025
1921
2817
3553
5387
7696
9523
9410
7317
3650
-995
-5798
-10401
-14331
-17442
-18012
-15041
-9652
-3705
2816
10914
18807
24009
25579
24911
22620
18658
12921
6363
297
-4106
-6499
-6897
-5759
-3572
-1268
717
2109
3225
3123
1152
-2445
-5941
-8257
-9738
-10553
-10486
-9247
-7204
-4526
-1739
270
676
-207
-1927
-4008
-6758
-10061
-13594
-16591
-18465
-19096
-19037
-19312
-18478
-14100
-5641
3549
10551
15830
20801
26036
29030
28529
23399
15376
6508
-1034
-6944
-12084
-16751
-20607
-20896
-16810
-9073
-1808
3159
6103
9167
12383
13927
12084
7241
1699
-1999
-2721
-1350
386
1928
4022
7231
10269
11325
9266
4775
-788
-6147
-11074
-15545
-18913
-19622
-16258
-10026
-2426
5261
13572
21367
27060
28753
26957
22743
16894
9877
2381
-4260
-8968
-10815
-10063
-7106
-3264
477
3460
5447
6308
5473
2832
-1321
-5591
-8990
-10949
-11707
-11370
-9649
-6695
-2885
613
2981
3675
2931
1050
-1760
-5265
-9141
-13142
-16517
-18801
-19543
-18920
-17854
-16589
-15424
-11638
-4464
4596
12068
16594
20054
23320
25794
25557
21352
13519
3972
-4379
-9963
-13462
-16218
-18611
-18849
-15093
-7579
1052
7101
10125
11167
12248
12675
11115
6669
807
-3980
-5486
-3479
-237
2569
4746
7515
10203
11369
9558
5035
-988
-7128
-12384
-16224
-18281
-18148
-15060
-9368
-2122
5800
13513
19848
23882
25503
24160
20168
14500
8724
2916
-2686
-7220
-9156
-8487
-6325
-3843
-1471
598
2491
3918
4275
3017
741
-1560
-3240
-4445
-5290
-5825
-5764
-4780
-3123
-1388
-300
312
471
170
-1156
-3095
-5307
-7695
-10285
-12632
-14342
-15674
-16587
-16627
-15480
-13862
-12864
-12205
-9026
-1819
7161
14072
17910
20181
22710
24695
23874
18336
9051
-891
-8409
-12310
-14174
-15724
-17200
-15936
-10194
-1118
7174
11608
12084
11237
11182
10912
8193
2322
-4230
-8067
-7187
-2907
1738
4956
7501
10508
13107
13146
9358
2511
-5317
-11981
-16584
-19392
-20419
-18840
-13649
-5694
3085
10810
17018
21672
24989
25911
23266
17608
11079
4917
-1105
-6464
-10290
-11962
-11582
-8953
-4824
-531
2945
5579
7259
7590
6496
4120
756
-2779
-5524
-7186
-7972
-7923
-6672
-4363
-1604
1016
3052
3816
3085
1182
-1420
-4883
-8964
-13101
-16288
-18306
-18773
-17759
-15680
-13139
-10170
-7342
-5788
-4629
-1224
5159
11606
15524
17020
18146
19800
20915
19083
13251
4641
-3316
-8169
-9883
-10994
-12666
-14177
-12894
-7823
-251
5564
7393
6414
5985
6951
7633
5874
1470
-3248
-4757
-1873
2812
6236
7922
9081
10015
9851
7325
2170
-4597
-11187
-16321
-19285
-19831
-17603
-12637
-5461
2432
9734
15709
20533
23558
23638
20019
14184
8015
2699
-1735
-5298
-8245
-9820
-8765
-4858
55
3806
5669
6353
6747
6764
5668
2802
-1383
-5209
-7317
-7649
-7256
-6516
-5486
-3711
-1355
1254
3124
3117
1703
-547
-2667
-4956
-7197
-9854
-12531
-14373
-14302
-12303
-10050
-8043
-6133
-4129
-2786
-3070
-5213
-6496
-4056
1291
6452
10035
12526
15515
19131
21514
19822
13212
4145
-3497
-7928
-10474
-13391
-16768
-18139
-14908
-7297
1502
7477
9557
9871
11231
12960
12347
7594
379
-5530
-6490
-2977
1076
2957
3607
4980
6862
7163
4033
-2501
-10156
-16141
-18746
-18489
-16222
-12139
-5571
3129
12155
19435
23802
25115
23648
19614
13166
5599
-1049
-5744
-8857
-9986
-8688
-5421
-947
4139
8203
9870
9142
7275
4699
1433
-2520
-6559
-9785
-10963
-9609
-6672
-3619
-934
1886
4769
6781
6812
4799
1272
-2628
-6093
-8968
-11561
-13503
-13914
-12762
-10434
-7480
-4945
-3502
-2983
-2748
-3015
-4917
-9242
-14517
-16345
-11994
-3301
5122
11484
16709
22449
28290
31185
27788
17822
5084
-5787
-12338
-16182
-19937
-23550
-23982
-18404
-7844
3157
10053
12188
11949
12252
12757
10684
4288
-4196
-10004
-9603
-4395
1220
4540
6541
8887
11069
10734
6315
-1351
-9522
-15388
-17567
-16785
-13844
-8782
-1224
7849
16239
21697
23699
22545
18660
12440
4661
-3251
-8937
-10989
-10482
-8237
-3808
2387
8333
12994
15589
15020
11229
5875
369
-4897
-9673
-13354
-15119
-14277
-10703
-5747
-1169
2463
5831
8714
9683
7842
4050
-451
-4888
-8757
-11483
-13208
-14166
-13876
-11862
-8850
-5947
-3830
-2691
-2424
-2748
-3641
-5780
-9782
-14300
-15231
-10267
-1311
7465
14226
19533
24586
28746
29594
24611
13675
323
-10862
-17776
-21780
-24595
-26102
-24283
-17142
-5826
5406
12590
15171
15249
14949
14240
11091
4449
-3619
-8768
-8076
-2991
2457
5885
8021
10006
11098
9387
4134
-3511
-10926
-15724
-16960
-15175
-11146
-5269
2180
10072
16460
19888
20071
17631
13360
7692
1345
-3866
-6016
-5409
-3390
-404
3566
7438
10183
11425
10585
7024
1397
-4505
-9236
-12444
-14356
-14972
-13989
-10676
-5194
972
5930
9232
11352
12369
11673
8747
3893
-2108
-7869
-12046
-14477
-15795
-15998
-14777
-12214
-8528
-4232
-533
1363
1392
441
-1196
-4004
-8476
-14109
-18044
-16278
-8225
2119
11075
17711
22902
27109
29123
26257
16963
2887
-11109
-20530
-24665
-25899
-25692
-23300
-16705
-5632
7292
17299
21444
20309
17262
14406
11093
5428
-2456
-9202
-10633
-5723
1932
8064
11369
12817
12748
10486
5338
-2333
-10891
-17682
-20493
-18864
-13829
-6566
1979
10508
17335
21238
21704
19048
14103
7723
552
-5716
-8824
-8462
-6308
-3099
980
4569
6845
8384
8583
5892
716
-4610
-8408
-10324
-10610
-9796
-8263
-5523
-975
4220
8071
9782
10153
9551
7675
4203
-656
-6370
-11520
-14678
-15762
-15859
-15289
-13525
-10551
-6704
-2421
1070
2475
1907
587
-1175
-4115
-9044
-15328
-19306
-16917
-8265
2268
11059
17132
21862
26004
28124
25198
15632
1622
-11481
-19251
-21615
-21432
-20499
-17864
-11429
-896
10747
18908
21012
18164
14033
10816
7766
3031
-3221
-8137
-7930
-2101
5495
10798
12587
11824
9218
4745
-1703
-9249
-16214
-20582
-20735
-16436
-9009
-204
8447
15624
20014
20775
18222
13457
7612
1289
-4251
-7700
-8495
-6661
-2813
1210
3863
5308
6345
6803
5828
3026
-1074
-5067
-7368
-7185
-5685
-4582
-3694
-1800
1380
4684
6937
7431
6516
5062
3393
895
-2938
-7322
-11060
-13445
-14117
-13249
-11781
-10404
-8417
-4962
-779
2029
2445
1163
-1062
-4044
-7909
-12858
-18810
-22610
-19646
-9092
4529
16223
23957
28529
31600
32317
27724
16010
-295
-15253
-24292
-26698
-24881
-21342
-16673
-9451
1083
12603
20421
21733
17719
12063
7672
4855
1585
-3028
-6439
-5278
608
7507
11630
11774
8958
4332
-1568
-8336
-14903
-19710
-21119
-18138
-11476
-3054
5388
12710
17774
19529
17504
12467
6291
860
-3386
-6546
-7553
-5393
-1187
3104
6634
8594
8511
7096
5481
3486
373
-3288
-5950
-6727
-5803
-3977
-2507
-1952
-1222
793
3241
4474
4339
3803
3376
2533
637
-2610
-6674
-10144
-12076
-12712
-12785
-12225
-10791
-8453
-5236
-1477
1356
1956
779
-820
-2728
-5746
-10321
-15840
-19328
-16504
-6195
7502
19173
26186
29326
30112
28564
22766
10955
-5303
-20047
-27460
-26714
-21241
-14515
-8057
-1164
6876
14936
19643
18490
12348
5221
751
-389
-351
-1343
-2405
-798
3999
8888
10640
8314
3376
-2689
-9002
-14676
-18450
-19298
-16705
-11057
-3728
3787
10437
15515
18082
17296
13171
7171
1707
-1317
-2380
-3029
-3463
-2012
1591
5363
7459
7501
5618
2953
1362
903
-175
-2465
-4692
-5465
-4409
-2344
-651
-253
-481
382
2526
4163
4211
3454
2423
938
-1214
-4152
-7713
-10962
-12696
-12765
-11779
-10104
-7638
-4677
-1700
1089
3057
3101
1207
-1464
-4116
-7071
-10696
-14819
-17885
-16228
-7394
6077
18445
25876
28001
26785
23687
18327
9129
-3902
-17032
-24478
-23775
-17553
-10063
-4192
-232
3280
7256
10239
9871
5831
781
-1736
-342
3015
5180
5164
5002
6313
7960
7604
4361
-463
-5298
-9552
-12910
-14562
-13789
-10458
-5279
121
4544
7863
10389
11969
11901
9616
5657
2099
889
1790
2791
2390
1340
1418
2637
3565
3403
2162
340
-538
256
1219
719
-901
-2304
-2651
-2014
-1079
-712
-1083
-1209
-336
755
1020
761
624
359
-387
-1632
-3255
-4952
-6068
-6413
-6559
-6777
-6467
-5285
-3642
-1942
-639
-525
-1710
-3415
-5100
-7095
-9700
-12875
-15434
-14142
-6345
6118
17682
24036
24710
22026
18029
13003
5503
-4940
-15384
-21025
-19318
-12682
-5602
-1193
504
1315
2761
4402
4367
2186
-280
-196
3080
7451
9913
9501
8027
7229
6777
4979
1345
-2678
-5801
-8090
-9967
-10888
-10194
-7600
-3786
-192
2244
3830
5516
7425
8762
8464
6517
4727
4903
6429
6904
5252
2415
-55
-1274
-1506
-1943
-3113
-4010
-3280
-1011
1320
2414
2031
914
432
1039
1861
1714
662
-410
-980
-1268
-1677
-2091
-2168
-1556
-651
-342
-857
-1649
-2551
-3818
-5534
-7324
-8696
-9056
-8193
-6351
-4681
-4176
-4687
-5362
-5751
-6230
-7637
-10134
-10947
-6386
3719
14766
21788
22892
19709
14873
9937
4457
-2814
-10974
-16340
-15857
-10388
-3590
896
1799
509
-564
-477
-146
-355
-551
603
3757
8058
11333
11879
10081
7810
6044
4284
2067
-337
-2379
-4301
-6355
-8174
-8956
-8429
-6995
-5403
-3988
-2373
40
3340
6686
8914
9554
9344
9595
10564
10915
9235
5747
1962
-717
-2066
-2961
-3981
-4857
-4932
-3860
-1990
-142
1040
1425
1631
2434
3727
4442
3795
1931
-393
-2510
-3979
-4582
-4254
-3102
-1566
-322
-1
-742
-2375
-4593
-6950
-9026
-10278
-10397
-9239
-7293
-5364
-4339
-4563
-5573
-6733
-7781
-8864
-8656
-4722
3653
13412
20291
21916
18916
13573
7633
1526
-5041
-11104
-14273
-12720
-7285
-652
4110
5192
3222
156
-2312
-3844
-4393
-3715
-1297
2662
6981
10107
10926
9913
8012
5690
3182
1475
1278
1766
1242
-1112
-4385
-7190
-8814
-9629
-10357
-10797
-9800
-6324
-735
5174
9378
11219
11688
12288
13322
13612
11943
8740
5458
3034
1259
-806
-3552
-6398
-8351
-8698
-7442
-5046
-2131
802
3382
5520
7212
7919
7154
4800
1559
-1686
-4057
-5209
-5288
-4634
-3683
-2724
-2186
-2317
-3236
-4716
-6427
-7711
-8013
-7382
-6406
-5823
-5995
-6880
-8067
-9372
-10605
-11828
-12218
-9144
-1037
10227
19976
24463
22883
17585
11108
4724
-1587
-7805
-12306
-12693
-8352
-1639
4238
6526
4756
808
-2821
-4820
-5120
-4102
-1953
1505
5590
8686
9268
7495
4737
2416
1113
1083
2572
5168
7153
6564
2863
-2589
-7557
-10699
-12276
-13019
-12580
-9989
-4805
1701
7180
9630
9337
8616
9337
11537
13519
13838
12448
10254
7533
4038
-247
-5120
-9522
-12176
-12255
-9859
-5820
-1398
2413
4970
6241
6568
5995
4755
3246
1598
-153
-1540
-2317
-2827
-3547
-4579
-5654
-6457
-6710
-6420
-5996
-5907
-6137
-6361
-6480
-6772
-7520
-8895
-10360
-11454
-12032
-12318
-12118
-9199
-1612
9334
19047
24075
23434
19039
13358
7476
1467
-4384
-8515
-9167
-6127
-1910
1134
1554
-492
-3637
-6174
-7120
-5940
-2694
1719
5914
8416
8466
6262
3157
671
-309
88
1754
4850
8901
11602
10349
4749
-2701
-8890
-12080
-12652
-11913
-10364
-7763
-3934
399
3644
4639
4130
3993
6293
10883
15526
18106
18130
15822
11329
5329
-1062
-6232
-9186
-9678
-8256
-5746
-2953
-536
835
881
279
39
526
1627
2827
3485
3303
2237
637
-1316
-3442
-5236
-6175
-6185
-5487
-4782
-4696
-5481
-6629
-7723
-8585
-9299
-9753
-9850
-9661
-9584
-10008
-10944
-11281
-8115
-213
10184
18261
21307
19607
15946
12190
8416
3947
-945
-4121
-3958
-1110
1272
1215
-1859
-6495
-10407
-11694
-10162
-6481
-1669
3189
7041
8640
7430
4033
515
-1131
-4
2679
6019
9291
11813
11754
7864
945
-6287
-11053
-12266
-10517
-7757
-5381
-3963
-2857
-1714
-771
-349
363
2940
8167
14526
19214
20324
17872
13125
7511
2077
-2226
-4582
-4885
-3829
-2468
-1492
-1403
-2405
-4132
-5387
-5081
-3097
-264
2426
4117
4380
3047
579
-2067
-3943
-4744
-4652
-3981
-3031
-2303
-2463
-3982
-6547
-9098
-10602
-10972
-10860
-10702
-10545
-10399
-10355
-10610
-11248
-9793
-3775
6314
15731
20446
19703
15778
11687
8415
5756
2737
377
49
1935
3667
3129
-257
-5690
-10747
-13440
-12820
-9487
-4370
789
4794
6578
5711
2663
-341
-1023
1153
4637
7887
10541
12211
11934
8365
2166
-4643
-9080
-10097
-8377
-5881
-3938
-3186
-3524
-4332
-4843
-4287
-2218
1777
7381
13570
17866
19077
17562
14525
10209
5431
1617
-160
44
942
1214
-146
-2564
-5169
-6988
-7818
-7268
-5254
-2517
61
1768
2343
1397
-363
-2171
-3253
-3449
-2894
-2354
-2331
-2523
-3116
-4210
-5647
-7104
-8118
-8846
-9525
-10351
-11184
-12388
-13620
-14398
-14603
-11338
-3233
7698
16299
19761
17980
13653
9873
7524
6344
4765
3754
4230
5861
6371
4401
-284
-6567
-11578
-13623
-12269
-8578
-3579
695
3085
2938
617
-2751
-4791
-3659
641
6021
10426
13233
13909
11904
7123
1041
-4222
-6256
-5022
-2301
-82
602
-702
-3641
-6634
-8395
-7954
-4856
665
6855
11830
14560
14863
13229
10548
7788
5581
4648
5339
6740
6861
4834
1352
-2507
-5723
-7538
-7518
-6146
-4190
-2488
-1736
-2110
-2998
-4231
-5605
-6142
-5109
-3021
-1445
-1132
-1877
-3144
-4686
-5808
-6175
-5857
-5353
-4874
-5058
-6143
-8131
-10974
-14062
-16359
-14720
-8081
1945
10753
15014
14267
10774
7873
6496
6506
6564
6947
8004
9480
9614
7028
1936
-4127
-8497
-10047
-8706
-5676
-2293
-257
-175
-1849
-4407
-6656
-7246
-4979
-113
5543
9858
11911
11602
9166
4965
497
-2341
-2056
596
3317
4187
2847
293
-2481
-4565
-5525
-4949
-2711
1030
5148
7992
8633
7342
5765
4959
5094
5748
6663
7814
8615
8177
6083
3101
162
-2017
-3306
-3527
-2756
-2027
-2370
-4102
-6342
-7995
-8497
-8141
-7296
-6296
-5585
-5436
-5688
-5966
-6065
-5873
-5701
-5311
-4925
-4337
-4022
-4068
-4897
-6604
-8998
-10916
-9054
-3245
4271
8610
8575
5581
3014
2667
3745
5563
6538
7645
8319
8718
7679
5238
1751
-1907
-3689
-3592
-1856
-397
242
-716
-2789
-5447
-7904
-8566
-6647
-2217
2841
6605
8352
8434
7034
4175
875
-1297
-1038
1486
4584
6117
5015
1892
-1607
-3756
-3876
-2309
-306
1643
3510
5229
6208
6049
5088
4056
3785
4310
5616
7121
8174
7909
6190
3853
1909
848
181
-507
-1316
-1902
-2292
-2825
-3839
-5260
-6600
-7610
-8222
-8336
-7868
-7374
-7378
-8060
-8973
-9272
-8840
-8082
-7628
-7887
-8341
-8650
-8538
-8210
-6422
-2034
4149
9435
10887
9102
5898
4037
3730
4619
5594
6265
7028
7174
6336
3543
-41
-3627
-5329
-4675
-2364
388
1950
1995
171
-2209
-4535
-5888
-5712
-3539
325
4337
7125
7959
7338
5671
3309
1117
234
1402
3880
5894
5586
2838
-938
-3761
-4866
-4660
-3840
-2560
-599
1642
3493
3999
3262
2302
2717
4743
7278
9379
10484
10640
9594
7564
5096
2907
1312
107
-859
-1669
-2229
-2944
-4213
-5691
-6757
-7286
-7698
-8101
-8186
-7946
-7769
-8002
-8376
-8619
-8406
-8052
-7898
-8070
-8330
-8494
-8818
-9449
-9701
-7111
-1467
5339
9333
9416
7230
5426
5543
6338
7191
7283
7790
8520
8683
6737
2852
-1143
-3976
-4501
-3814
-2514
-1846
-2079
-3295
-4888
-5754
-5783
-4728
-2605
836
4569
7203
8183
8006
7269
5563
3486
2181
3010
5351
6972
6060
2796
-522
-2497
-3051
-3075
-3070
-3022
-2613
-1510
-112
821
816
715
1473
3382
5673
7451
8705
9473
9882
9523
8609
7530
6561
5447
3641
1388
-823
-2641
-4177
-5825
-7458
-8737
-9590
-10077
-10307
-10153
-9974
-9807
-9586
-9071
-8305
-7836
-7694
-8060
-8109
-8169
-8383
-9274
-9430
-5996
279
6594
8205
6069
2730
1636
3206
5513
7751
8757
10090
10602
10019
7119
3160
-101
-1589
-759
236
607
-642
-2523
-5094
-7649
-9358
-9995
-8605
-5452
-823
3104
5105
5535
5181
5011
4602
4579
5231
7380
10049
11315
9670
5487
1378
-980
-1185
-691
-788
-1704
-2482
-2583
-2409
-2342
-2460
-2129
-826
1320
3510
4967
5825
6344
6694
6802
7090
7754
8286
7866
6528
4975
3541
2043
-167
-2800
-5151
-6523
-7320
-8340
-9540
-10742
-11832
-12859
-13231
-12655
-11730
-11157
-11013
-10704
-9643
-8576
-7970
-8382
-7518
-3243
3150
8414
8887
6607
3838
3749
5652
7684
8633
8225
8345
7944
7100
4522
1780
-249
-607
490
1201
1144
-212
-2040
-4716
-7377
-9186
-9590
-8017
-5292
-2039
35
878
1281
1704
2416
2704
3378
4783
7623
10665
12098
10907
7825
5266
4071
3876
3485
2577
1446
553
-45
-882
-2025
-3024
-3131
-2413
-1437
-620
350
1971
3898
5354
5762
5597
5523
5801
6009
5717
4943
3897
2816
1657
445
-802
-2197
-4143
-6368
-8274
-9572
-10713
-12001
-12879
-13251
-13407
-13703
-14218
-14249
-13670
-12589
-12024
-11298
-8208
-2559
4008
7363
7521
6004
5624
7440
9862
11901
12187
12183
11734
10837
8709
5475
2334
-100
-540
-294
-133
-1103
-2861
-5024
-7410
-8955
-9800
-8947
-6989
-4379
-2306
-1403
-806
-249
804
1520
2076
2843
4267
6620
8491
8914
7508
5912
5479
6337
7613
7676
6323
4145
2252
788
-328
-876
-1053
-823
-714
-679
-586
-5
1232
2485
3224
3468
4063
4919
5372
5045
4327
3701
3116
2400
1571
916
352
-551
-2098
-4209
-6276
-8071
-9564
-10634
-11318
-11592
-12109
-13007
-14303
-15246
-15651
-15789
-15588
-14343
-10104
-3885
2297
5050
4803
3671
3864
6229
8969
11504
12491
13155
13320
12929
11254
8339
5669
3588
2973
2716
2212
721
-1687
-4293
-7140
-9190
-10457
-10059
-8486
-6328
-4564
-3899
-3454
-2938
-1688
-541
363
1603
3540
6215
7928
8034
6777
5770
6155
7368
8371
7930
6544
5028
4040
3409
2770
2382
2038
1768
1088
156
-602
-749
-94
681
1326
1870
2613
3463
3732
3393
2896
2751
2564
1903
980
345
145
-315
-1446
-3291
-5146
-6757
-7929
-8685
-9215
-9458
-10030
-10958
-12382
-13769
-14549
-14846
-14720
-14317
-11755
-7025
-1500
2061
2445
1366
602
2211
5089
8325
10562
11760
12630
12549
11743
9767
8127
6767
6087
5566
4818
3929
2134
-185
-3391
-6302
-8173
-8407
-7236
-6092
-5421
-5924
-6464
-6460
-5397
-3814
-2665
-1406
206
2678
4593
5031
4157
3393
4360
7085
10344
11619
10477
7973
5824
4667
4333
4711
4820
4121
2666
1392
559
48
-215
-185
87
784
1971
2964
2832
1682
603
158
227
152
-155
-296
-56
254
-87
-1158
-2631
-4292
-6028
-7415
-8193
-8656
-9118
-9957
-11206
-12479
-13323
-13526
-13663
-13550
-11707
-7785
-2894
324
897
-10
-243
1765
5054
8183
9849
10626
10990
10785
9885
8239
6949
6156
6010
5882
5461
4711
3383
1487
-1259
-3855
-5610
-5985
-5344
-4502
-4006
-4566
-5396
-6005
-5608
-4657
-3850
-3003
-1779
317
2281
3397
3386
3257
4211
6243
8244
8766
7990
6712
5674
5051
5012
5480
5716
5072
3756
2570
1790
1611
1823
1976
1645
1066
524
64
-572
-1071
-1006
-444
188
278
-104
-513
-625
-875
-1680
-2852
-3884
-4612
-5149
-5519
-5857
-6542
-7520
-8689
-9981
-11131
-11871
-12176
-12343
-11535
-8972
-5172
-1813
-416
-637
-1257
-720
1474
4426
7107
8857
10075
10503
10145
8866
7305
6253
5988
6402
6382
5579
3957
1884
-561
-3159
-5098
-5968
-5374
-4074
-2881
-2611
-3357
-4179
-4633
-4163
-3319
-2394
-1443
-170
1707
3313
4045
3694
3394
3695
4745
6032
6647
6678
6061
5398
4593
3785
3460
3515
3681
3377
3063
2708
2534
2226
1444
473
-445
-857
-1052
-1159
-1143
-937
-601
-554
-791
-1281
-1727
-2039
-2482
-3287
-4285
-4877
-5204
-5918
-7382
-9037
-9894
-9966
-9748
-9836
-10183
-10079
-8431
-5193
-1864
-216
-445
-1088
-594
1283
3598
5521
6789
7648
8271
8536
8307
7667
6975
6364
6030
5926
5804
5146
3681
1577
-758
-2778
-4293
-5035
-4959
-4306
-3825
-4101
-4852
-5194
-4765
-4160
-3934
-3568
-2048
688
3653
5564
5908
5303
4683
4787
5458
6148
6459
6298
5747
4760
3600
2530
1963
1887
2045
2144
1852
1376
967
758
373
-300
-970
-1284
-1141
-1044
-1077
-1389
-1754
-2111
-2390
-2498
-2560
-2683
-3050
-3449
-3873
-4455
-5450
-6694
-7770
-8494
-8943
-9458
-10058
-10015
-8133
-4690
-1404
-121
-788
-1846
-1748
81
2770
5495
7479
8578
8757
8158
7199
6289
5913
5967
6343
6572
6309
5259
3310
948
-1514
-3407
-4687
-4994
-4305
-3135
-2514
-3250
-4694
-5731
-5480
-4560
-3622
-2678
-1231
1072
3306
4599
4525
4003
3920
4481
5379
6066
6509
6533
6191
5479
4592
3796
3037
2497
1942
1458
1057
913
896
415
-518
-1755
-2467
-2497
-2230
-2036
-1996
-1700
-1447
-1404
-1860
-2524
-2966
-3169
-3175
-3409
-3818
-4602
-5699
-6832
-7755
-8305
-8935
-9518
-9455
-7901
-4921
-1897
-379
-799
-1667
-1417
396
2869
4905
6288
7226
7831
8054
7757
7081
6389
5972
5885
5872
5537
4727
3334
1387
-825
-2759
-3899
-4096
-3589
-3072
-3056
-3675
-4453
-4787
-4669
-4208
-3341
-1927
-115
1779
3224
3946
3960
3915
4539
5648
6600
6892
6763
6304
5443
4214
2888
1974
1569
1588
1502
1069
250
-688
-1323
-1642
-1736
-1886
-1989
-2041
-2071
-2049
-1795
-1189
-866
-1085
-1647
-1983
-1904
-1908
-2336
-3362
-4514
-5487
-6215
-6848
-7600
-8417
-9339
-9847
-9065
-6666
-3719
-1855
-1561
-2025
-1920
-563
1679
3979
5752
7075
8062
8604
8364
7528
6538
5921
5861
6046
6038
5550
4506
2754
354
-2355
-4508
-5347
-4825
-3676
-3045
-3493
-4580
-5320
-5032
-3852
-2414
-969
567
2322
3918
4779
4665
4184
4209
5102
6300
6961
6789
5930
4697
3453
2464
1956
1845
1870
1642
978
40
-885
-1439
-1749
-2014
-2351
-2652
-2839
-2991
-3037
-3001
-2776
-2489
-2348
-2303
-2163
-1737
-1405
-1662
-2489
-3516
-4314
-4911
-5433
-6133
-6941
-7442
-6902
-5107
-3091
-2065
-2656
-3931
-4404
-3241
-986
1278
2989
4305
5470
6226
6352
6039
5709
5813
6217
6677
6738
6176
4971
3283
1421
-514
-2144
-3235
-3529
-3151
-2779
-2933
-3526
-3710
-3127
-2179
-1589
-1345
-734
706
2685
4360
5051
4860
4426
4282
4445
4785
5124
5387
5364
4879
4033
3080
2238
1445
648
-275
-1093
-1517
-1527
-1530
-2075
-3121
-4120
-4487
-4141
-3489
-2891
-2535
-2309
-2147
-1984
-1731
-1410
-1109
-1171
-1821
-2834
-3877
-4661
-5372
-6043
-6583
-6358
-4784
-2532
-719
-615
-1627
-2546
-2264
-756
1119
2838
3959
4672
4758
4340
3746
3402
3680
3999
4195
3818
3241
2453
1530
504
-843
-2056
-3081
-3223
-2673
-1804
-1242
-1218
-1120
-887
-386
-116
69
583
1749
3504
4770
5166
4569
3851
3450
3503
3945
4397
4969
5264
5040
4138
2920
1958
1349
967
198
-833
-1883
-2537
-2822
-3197
-3657
-4210
-4497
-4459
-4125
-3558
-2941
-2539
-2679
-3023
-3052
-2488
-1717
-1491
-1875
-2666
-3354
-3990
-4664
-5306
-5403
-4122
-1839
529
1341
562
-792
-1301
-471
981
2475
3664
4790
5409
5105
3918
2438
1780
1973
2704
3212
3255
2895
1991
701
-1048
-2831
-4357
-5135
-4860
-3971
-3003
-2754
-2698
-2356
-1548
-808
-734
-781
-52
1865
4015
5349
5601
5243
4967
4764
4736
4893
5410
6027
6291
5938
4854
3582
2360
1448
591
-346
-1359
-2114
-2407
-2593
-2990
-3848
-4741
-5191
-5125
-4664
-4042
-3327
-2885
-2856
-3278
-3673
-3615
-3212
-2804
-2740
-2981
-3478
-4179
-4720
-4133
-2072
722
2415
2252
949
-14
229
1282
2559
3686
4868
5943
6366
5964
4835
3855
3150
2980
3117
3395
3444
2741
1345
-730
-2784
-4638
-5633
-5556
-4594
-3195
-2612
-2893
-3802
-4339
-4308
-3885
-3147
-2121
-439
1287
2485
2778
2491
2408
2600
3163
3770
4650
5632
6334
6392
5486
4207
2994
2337
1937
1440
762
-68
-627
-1126
-1594
-2260
-2986
-3513
-3836
-3824
-3652
-3328
-3172
-3304
-3638
-3867
-3898
-3896
-3982
-3969
-3756
-3560
-3742
-4108
-3754
-2200
159
1841
2194
1650
1205
1457
2109
2953
3729
4728
5774
6531
6671
6084
5202
4216
3530
3133
3092
3139
2920
2243
946
-684
-2337
-3425
-3632
-3034
-2012
-1351
-1192
-1601
-2349
-3227
-4109
-4560
-4278
-3103
-1682
-676
-533
-918
-1181
-1156
-705
-67
883
2041
3106
3646
3282
2528
1878
1730
1797
1776
1728
1683
1634
1193
390
-515
-1028
-1180
-1281
-1358
-1334
-1211
-1330
-1952
-2924
-3739
-4085
-4154
-4165
-4204
-4295
-4415
-4463
-3971
-2646
-770
746
1371
1350
1362
1876
2557
3106
3592
4398
5489
6251
6390
5899
5372
4905
4406
3709
3061
2806
2752
2560
1774
604
-688
-1725
-2291
-2237
-1618
-933
-489
-491
-832
-1559
-2601
-3469
-3589
-2749
-1610
-969
-1119
-1628
-1931
-2053
-2101
-2053
-1508
-419
767
1429
1310
690
-124
-755
-1181
-1304
-1129
-831
-597
-598
-798
-1132
-1377
-1525
-1516
-1290
-835
-238
124
29
-541
-1212
-1687
-1887
-1958
-2134
-2492
-3028
-3265
-2759
-1451
101
1024
1197
956
977
1529
2280
2940
3533
4230
4945
5406
5364
5050
4866
4678
4421
4029
3741
3819
3976
3824
3023
1782
439
-526
-1018
-1083
-873
-756
-753
-1062
-1549
-2255
-2950
-3426
-3362
-2662
-1759
-1099
-1033
-1289
-1624
-1769
-1799
-1675
-1241
-537
294
840
850
410
-211
-701
-1000
-1150
-1288
-1400
-1407
-1397
-1425
-1642
-2018
-2414
-2554
-2411
-2048
-1661
-1485
-1482
-1648
-1879
-2129
-2468
-2918
-3307
-3566
-3686
-3455
-2689
-1403
-6
986
1412
1609
1978
2622
3340
3865
4400
5119
5964
6467
6425
5916
5252
4604
4052
3725
3723
4082
4339
4211
3513
2516
1485
600
27
-273
-224
-71
69
44
-304
-1013
-2114
-3191
-3718
-3400
-2501
-1700
-1410
-1626
-1928
-2185
-2411
-2591
-2531
-1981
-1104
-314
18
-2
-239
-596
-1004
-1315
-1241
-780
-100
392
437
120
-392
-988
-1616
-1972
-2034
-1924
-1680
-1642
-1886
-2358
-2894
-3415
-3890
-4298
-4564
-4688
-4761
-4513
-3835
-2752
-1465
-319
485
1003
1473
1899
2372
2902
3585
4422
5075
5384
5412
5298
5295
5279
5102
4811
4575
4717
4990
5167
4862
4117
3100
2135
1547
1296
1418
1430
1271
905
415
-287
-1173
-2040
-2653
-2669
-2384
-1978
-1713
-1674
-1882
-2291
-2799
-3140
-3105
-2746
-2206
-1858
-1776
-1840
-1758
-1530
-1327
-1318
-1354
-1148
-686
-112
389
730
725
504
19
-375
-344
-59
101
-189
-683
-1166
-1524
-1971
-2492
-2942
-3258
-3438
-3786
-4313
-4734
-4589
-3774
-2500
-1395
-765
-413
-245
-55
185
572
1118
1924
2787
3492
4005
4292
4498
4496
4447
4322
4343
4537
4759
4976
4910
4527
3789
3015
2353
1978
1894
1872
1901
1830
1619
1138
553
27
-405
-646
-822
-847
-910
-961
-1061
-1351
-1783
-2280
-2685
-3008
-3016
-2927
-2834
-2619
-2302
-2012
-1996
-2193
-2333
-2089
-1573
-911
-302
82
429
513
212
-26
-106
110
387
415
245
121
8
-306
-855
-1498
-1879
-2089
-2338
-2607
-2889
-3050
-3127
-3218
-3190
-2834
-2209
-1604
-1146
-944
-817
-441
135
743
1330
1936
2490
2848
2954
2899
2930
3077
3256
3298
3249
3243
3328
3397
3218
2828
2418
2194
2119
2079
1958
1902
1895
1851
1742
1384
1139
938
678
318
-93
-327
-509
-589
-802
-1069
-1477
-1846
-2030
-2147
-1997
-1818
-1633
-1564
-1531
-1598
-1563
-1521
-1527
-1171
-910
-615
-504
-348
-262
-299
-356
-469
-359
-353
-294
-137
-49
-70
-228
-503
-889
-1072
-1115
-1082
-1124
-1262
-1416
-1607
-1710
-1898
-1879
-1797
-1685
-1575
-1346
-1002
-812
-601
-451
-225
26
250
421
538
741
866
1068
1274
1464
1744
1955
2061
2105
2220
2286
2369
2391
2463
2413
2257
2228
2118
1879
1682
1472
1275
1028
867
640
310
104
-19
-143
-318
-338
-461
-603
-671
-636
-568
-593
-504
-541
-619
-599
-530
-535
-603
-339
-331
-320
-248
-334
-374
-310
-208
-281
-334
-354
-266
-356
-425
-383
-510
-633
-547
-373
-438
-564
-576
-738
-912
-994
-1084
-1121
-1045
-1085
-1114
-1132
-1234
-1327
-1465
-1539
-1390
-1257
-1049
-816
-737
-741
-655
-373
-144
79
257
520
717
913
1068
1067
1147
1295
1553
1478
1499
1535
1570
1508
1302
1163
1029
980
953
965
985
875
720
619
584
534
533
553
321
167
-6
-117
-52
71
101
70
113
109
130
166
156
33
-162
-112
89
312
307
133
44
-62
-82
16
74
27
209
135
77
-47
-312
-292
-469
-634
-707
-670
-633
-558
-578
-776
-846
-1014
-1104
-1063
-1073
-895
-700
-685
-609
-476
-685
-713
-676
-725
-452
-159
-40
-44
-94
-173
-190
-203
-128
-119
-103
92
214
171
55
118
120
7
-7
26
308
408
469
539
359
260
217
406
320
129
231
479
506
604
602
468
545
421
559
827
724
686
620
436
355
510
240
230
313
165
262
433
314
243
371
199
232
260
198
343
91
-107
-325
-414
-578
-344
-156
-159
8
-322
-371
-680
-703
-506
-215
-186
-302
-170
-366
-138
-298
-210
-158
-209
65
103
121
-68
199
-24
-249
-308
-305
-86
-223
-168
-376
-523
-572
-690
-789
-791
-692
-766
-655
-752
-648
-621
-568
-496
-528
-366
-149
221
48
194
277
175
287
515
602
490
576
630
515
650
600
546
623
679
511
556
504
608
572
513
472
258
315
308
452
373
186
256
32
-161
-114
-177
-57
48
104
-58
-217
-246
-261
-96
37
319
258
322
281
130
217
90
167
150
195
303
430
571
473
423
319
142
22
58
-272
-219
-202
-280
-230
-393
-376
-527
-648
-618
-621
-653
-517
-440
-419
-419
-589
-590
-618
-579
-509
-403
-384
-540
-435
-599
-471
-488
-536
-601
-314
-198
-175
121
99
206
154
338
158
369
438
337
476
471
547
467
460
353
273
174
-60
-88
-80
-85
-24
48
22
-99
33
-195
-137
-264
-246
88
186
404
496
454
314
395
452
387
584
666
732
816
876
840
667
582
441
409
225
304
248
167
108
-71
21
-150
28
-210
-251
-208
-223
-122
-68
55
-134
-112
-171
-115
-84
-123
-218
-214
-192
-334
-218
-333
-586
-637
-833
-849
-691
-778
-686
-567
-571
-588
-466
-446
-509
-282
-373
-279
-94
-70
140
179
44
26
28
-123
20
87
16
10
-133
-57
-132
-34
-39
-204
-284
-215
-116
-196
-5
45
39
73
242
316
428
561
586
686
636
800
776
687
792
624
554
643
676
491
436
374
379
345
436
358
296
229
141
261
47
121
279
173
174
108
-5
-112
52
167
15
147
-22
-120
-139
-430
-227
-350
-463
-456
-447
-485
-725
-767
-914
-821
-833
-601
-505
-580
-367
-609
-546
-501
-497
-533
-243
-163
-213
60
37
-56
-362
-300
-265
-179
-77
-104
-68
-126
-207
-130
-62
-272
-276
-142
-174
-144
76
242
192
260
274
285
426
390
420
348
342
236
455
594
631
631
378
425
418
542
515
737
808
739
858
764
818
478
443
560
350
445
441
395
348
366
124
6
9
-271
-96
-137
-81
-100
-187
-378
-414
-469
-706
-455
-517
-492
-471
-513
-496
-555
-624
-647
-620
-466
-501
-375
-288
-243
-295
-299
-335
-454
-421
-304
-182
-153
-101
-349
-149
-364
-502
-240
-344
-233
-144
-114
-330
-114
-77
-273
57
-80
62
129
190
-35
158
266
6
204
194
70
269
490
161
434
550
458
704
681
580
382
721
525
552
802
550
758
401
469
564
396
481
526
559
207
357
209
118
-76
-79
-194
-242
-114
-347
-254
-538
-475
-628
-613
-562
-392
-446
-526
-246
-559
-307
-204
-197
-80
-98
20
-173
51
-182
-166
-141
-274
-69
-265
-152
-284
-264
-353
-356
-213
-266
-208
-245
-146
-196
-235
-127
-159
-90
-67
-56
-6
-31
13
168
206
109
265
107
48
104
48
108
269
373
412
448
188
178
243
119
239
377
314
476
464
240
286
270
214
287
448
334
499
373
176
213
62
54
-7
76
-116
-88
-50
-243
-220
-210
-186
-221
-163
-183
-155
-196
-228
-109
-51
-6
-168
61
-195
-259
-157
-254
-177
-237
-56
-306
65
-199
-151
-102
-437
-126
-384
-128
-296
-172
-237
-369
-255
-384
-137
-292
-134
-63
-105
26
57
-68
-81
63
-56
170
256
80
475
390
299
321
226
135
186
184
126
313
368
217
406
278
99
46
146
-17
143
278
264
345
112
155
72
-74
-37
94
-39
5
40
-82
-30
-137
-69
-31
-159
-88
-15
66
-105
48
-141
-184
-13
-93
-89
66
-63
-86
7
-143
-66
-70
-14
-115
38
-125
-136
33
-198
-78
-195
-257
-382
-204
-366
-234
-129
-145
-91
-161
-81
-112
-49
-213
-39
97
-132
207
158
152
255
64
45
98
150
20
311
210
256
195
163
74
35
57
47
233
90
220
315
73
105
88
-24
36
40
-26
-7
154
-25
-6
-44
-161
-123
-206
-101
-129
-104
-40
-45
-18
-68
-41
-78
-36
-75
-16
169
-16
136
132
-20
79
19
78
41
158
-24
82
150
-32
19
125
-87
-199
8
-185
-98
-18
-139
-167
9
-197
-120
99
-147
-42
36
-101
13
49
-128
67
-88
-16
25
28
-84
102
-74
-52
121
1
22
107
-11
-21
117
66
111
36
54
63
38
-10
15
-83
-47
8
-102
-32
-16
34
-85
-61
-92
-77
-115
-174
-52
-142
-164
55
-144
-132
94
-93
-165
40
-84
-56
126
73
-7
91
82
49
171
88
104
211
172
71
202
27
22
224
69
87
110
51
-34
118
-18
-50
29
-38
71
47
28
56
78
-15
-43
37
-109
115
-54
-42
43
-101
79
8
-79
62
5
-75
92
12
-72
83
-44
-25
37
-33
-26
-37
-65
-84
5
-171
-26
-172
-131
92
-143
-110
-8
-134
-59
-16
-218
-43
-25
-192
-8
54
-163
4
21
-240
47
1
-189
95
-78
-112
173
-15
77
97
40
-1
102
29
45
128
83
146
203
78
151
221
-100
99
158
-40
90
164
33
127
28
-48
112
-57
-52
99
-49
5
67
-7
16
24
-140
-36
88
-3
29
82
43
38
40
-26
80
5
-57
1
-41
-60
-89
15
-69
-48
-127
-84
-65
-142
-154
-22
-87
-215
-39
-133
-155
-105
-125
-126
-92
-145
-34
-39
-47
-47
31
-43
-3
132
-77
44
73
-37
60
124
3
52
100
41
166
-8
63
143
27
30
97
130
74
113
74
65
46
70
64
68
175
65
98
73
14
29
122
-8
45
98
3
72
84
32
4
115
-14
44
51
-19
12
33
-20
6
-35
-65
-67
-119
-101
-137
-109
-132
-183
-75
-125
-173
-176
-164
-152
-199
-101
-147
-146
-141
-111
-113
-131
-71
-114
4
-62
16
-28
30
56
9
79
23
111
83
70
82
143
98
41
124
85
14
130
73
-19
105
86
8
155
84
52
109
70
44
80
70
55
106
25
71
99
54
59
44
29
55
15
-2
106
9
51
32
106
74
38
138
22
89
40
29
72
-24
-15
9
-62
-48
-4
-111
-168
-58
-186
-217
-118
-168
-219
-248
-225
-284
-322
-274
-199
-263
-249
-139
-207
-186
-165
-138
-140
-55
-46
-15
-10
-47
76
-44
35
34
64
102
136
171
122
154
77
194
114
157
164
107
230
194
120
200
201
135
144
200
173
114
145
212
131
163
128
168
28
95
160
41
149
72
86
65
80
2
106
61
-32
112
-20
69
11
8
-25
-3
-57
-76
-18
-168
-90
-174
-125
-135
-192
-179
-216
-226
-285
-245
-316
-308
-354
-290
-248
-370
-226
-229
-336
-228
-185
-258
-180
-112
-124
-72
-25
-64
28
-7
-32
93
115
81
237
147
194
249
197
278
260
248
265
264
195
240
252
191
201
169
168
139
176
155
147
139
75
126
93
92
87
106
110
104
132
102
130
88
128
79
105
110
49
81
43
26
12
10
-9
-46
-31
-64
-118
-91
-202
-204
-226
-237
-261
-270
-269
-329
-334
-327
-366
-389
-324
-416
-328
-346
-384
-279
-306
-315
-277
-226
-259
-182
-120
-195
-70
-104
-64
53
-12
66
173
123
175
248
219
270
311
325
332
372
360
377
387
356
380
351
319
343
303
239
223
260
159
142
123
112
47
45
113
22
57
38
78
38
46
80
46
68
32
97
48
88
66
39
48
31
33
37
-55
-38
-30
-123
-123
-102
-198
-205
-220
-253
-294
-286
-330
-324
-344
-314
-333
-338
-308
-365
-319
-292
-335
-257
-259
-250
-221
-184
-234
-170
-166
-141
-108
-88
-97
3
-63
-5
53
45
109
77
187
176
196
278
220
317
248
293
358
289
310
347
309
277
400
260
267
252
231
184
154
182
108
178
116
107
148
102
65
87
96
20
108
92
26
120
31
30
63
5
-21
-10
-29
-87
-48
-101
-97
-161
-126
-203
-229
-205
-302
-273
-252
-318
-295
-272
-323
-287
-286
-297
-292
-284
-253
-265
-189
-231
-201
-138
-197
-95
-151
-144
-69
-84
-59
-63
13
-16
-11
8
76
58
35
176
110
139
160
168
196
162
240
218
226
243
248
244
281
194
244
273
216
247
247
231
205
221
205
158
250
127
183
240
118
227
177
156
187
145
148
136
99
90
109
44
-1
26
-52
-70
-126
-132
-218
-195
-246
-239
-272
-310
-320
-328
-346
-354
-327
-352
-329
-339
-267
-313
-269
-244
-205
-209
-193
-95
-162
-81
-74
-75
-19
-31
-35
-10
-1
-48
24
-11
-9
37
-55
39
-50
-6
-12
-5
23
-16
59
0
46
33
55
101
35
135
86
110
150
121
188
123
224
164
206
206
171
266
175
227
238
219
229
268
232
237
282
260
193
277
231
196
218
201
152
104
145
102
27
18
13
-100
-72
-109
-152
-199
-187
-234
-279
-252
-284
-290
-317
-281
-319
-275
-272
-260
-251
-229
-195
-201
-134
-138
-117
-55
-94
-49
-34
-36
-29
-15
-18
-3
-10
-34
-5
-9
-73
-14
-10
-96
-32
-63
-64
-98
-77
-51
-112
-15
-63
8
-58
-1
17
-27
25
23
63
8
139
80
143
123
131
196
106
217
148
237
178
227
252
196
300
203
281
230
257
258
229
257
207
265
145
201
161
91
132
83
53
-4
36
-63
-64
-85
-122
-116
-153
-136
-157
-178
-172
-162
-218
-187
-159
-198
-209
-119
-162
-163
-143
-145
-140
-154
-123
-154
-109
-186
-88
-147
-153
-110
-158
-173
-148
-170
-204
-185
-186
-189
-171
-141
-140
-130
-124
-95
-99
-79
-65
-43
-46
1
8
51
32
83
95
93
146
146
158
191
199
215
221
245
212
246
247
251
256
261
266
267
259
246
242
225
216
217
191
197
171
154
169
127
116
104
92
57
74
52
4
35
-16
-15
-41
-40
-59
-58
-69
-88
-84
-108
-99
-125
-106
-131
-126
-144
-143
-135
-159
-180
-138
-179
-170
-175
-186
-200
-222
-232
-239
-237
-275
-243
-237
-282
-252
-247
-269
-250
-232
-238
-191
-210
-154
-135
-137
-85
-71
-63
-25
27
16
58
86
116
125
155
174
210
180
223
233
238
230
296
262
266
299
272
285
260
297
246
278
248
287
228
244
238
226
202
204
179
163
162
140
129
104
112
61
68
28
36
-4
9
-42
-27
-62
-60
-83
-101
-116
-148
-131
-171
-159
-202
-161
-235
-195
-228
-238
-234
-220
-249
-240
-240
-261
-250
-266
-262
-258
-259
-262
-241
-262
-237
-239
-227
-204
-218
-168
-176
-139
-123
-109
-68
-67
-43
-24
12
31
43
103
111
130
147
174
182
192
207
239
227
264
270
275
279
294
280
287
282
275
276
274
277
255
272
238
251
227
223
210
198
192
162
171
135
132
121
92
66
81
40
10
17
-20
-49
-70
-70
-111
-138
-135
-165
-198
-182
-219
-236
-240
-252
-268
-281
-268
-299
-277
-307
-284
-279
-290
-269
-265
-273
-263
-251
-251
-250
-204
-216
-195
-176
-164
-154
-137
-108
-117
-88
-71
-62
-30
-18
6
24
39
75
80
107
133
144
160
181
195
208
216
233
253
238
269
267
266
270
279
269
276
262
271
252
259
245
251
236
231
225
211
194
190
179
158
151
137
121
100
97
62
56
31
4
-8
-34
-58
-73
-94
-110
-141
-142
-179
-187
-210
-221
-228
-248
-244
-250
-264
-269
-264
-276
-265
-264
-261
-256
-255
-246
-229
-237
-213
-203
-193
-178
-170
-154
-149
-137
-118
-111
-101
-89
-76
-62
-54
-24
-15
5
24
45
60
76
93
110
125
134
167
172
189
206
219
224
236
241
245
252
251
256
258
251
256
252
233
246
222
220
208
207
185
182
165
144
136
107
109
75
76
44
44
9
-1
-15
-42
-51
-72
-90
-109
-121
-144
-145
-172
-182
-184
-201
-205
-200
-207
-217
-205
-214
-213
-208
-207
-205
-203
-191
-191
-179
-170
-162
-148
-146
-128
-133
-117
-113
-108
-94
-99
-82
-78
-67
-57
-45
-45
-29
-22
-8
5
19
29
47
56
71
88
95
116
128
135
155
153
167
174
176
188
192
197
200
201
203
200
198
195
186
181
174
170
158
157
146
129
123
107
86
80
62
54
36
29
16
-5
-12
-30
-46
-59
-77
-78
-100
-94
-105
-109
-115
-123
-125
-135
-135
-136
-135
-137
-131
-131
-128
-125
-124
-120
-117
-119
-109
-111
-108
-101
-99
-98
-94
-88
-86
-79
-81
-73
-76
-69
-62
-59
-50
-40
-34
-27
-17
-11
-2
7
17
29
36
50
60
68
81
85
96
99
110
115
125
128
135
142
141
145
144
144
138
138
133
126
124
115
111
101
94
85
73
66
55
46
35
28
16
6
-1
-13
-17
-28
-32
-39
-47
-51
-59
-61
-70
-69
-77
-77
-81
-83
-86
-90
-90
-95
-93
-98
-94
-99
-95
-98
-95
-98
-93
-94
-92
-91
-88
-86
-84
-80
-76
-69
-65
-57
-54
-46
-41
-35
-29
-25
-18
-13
-6
3
9
20
26
36
41
51
57
64
71
77
85
89
98
101
110
110
117
116
119
119
120
119
117
116
112
111
106
101
95
89
82
75
66
59
51
43
35
29
19
13
5
-2
-10
-16
-22
-29
-32
-39
-42
-47
-50
-55
-57
-62
-64
-67
-69
-70
-73
-73
-75
-75
-75
-76
-78
-77
-78
-78
-77
-76
-76
-73
-72
-69
-66
-62
-60
-57
-54
-52
-48
-46
-41
-38
-34
-30
-25
-19
-14
-9
-5
1
5
10
15
21
28
31
36
41
47
50
55
57
61
64
67
68
70
70
71
73
73
74
71
72
68
68
63
61
56
54
50
45
43
36
34
27
25
18
16
8
6
2
-4
-5
-12
-12
-19
-20
-26
-26
-30
-32
-32
-36
-35
-39
-38
-42
-43
-45
-46
-44
-46
-44
-45
-43
-43
-42
-41
-41
-38
-37
-33
-34
-29
-28
-26
-23
-22
-18
-18
-13
-13
-10
-8
-5
-3
0
1
3
6
7
11
12
15
17
18
20
21
23
23
26
25
29
30
31
31
33
33
33
33
33
33
32
33
31
31
29
29
27
26
24
23
22
18
18
15
14
10
7
5
1
-1
-4
-5
-9
-10
-14
-15
-18
-20
-21
-24
-25
-27
-27
-29
-30
-32
-31
-33
-32
-32
-32
-32
-31
-29
-29
-27
-26
-24
-23
-20
-20
-18
-17
-15
-14
-13
-11
-10
-8
-6
-5
-4
-2
-2
0
2
2
5
5
8
8
10
10
12
14
14
15
16
17
18
19
19
21
21
21
22
22
22
24
24
25
25
25
27
27
27
26
26
27
27
25
25
23
21
20
17
16
13
11
8
6
3
1
-1
-4
-7
-9
-10
-13
-14
-17
-19
-21
-22
-24
-24
-25
-26
-25
-26
-26
-25
-25
-24
-23
-22
-22
-21
-21
-19
-18
-17
-17
-16
-16
-13
-13
-12
-11
-9
-9
-7
-7
-6
-4
-4
-2
-1
1
1
3
3
5
5
6
8
7
10
11
12
12
14
13
15
15
15
17
16
18
18
18
19
19
19
19
19
18
19
17
18
17
15
14
13
12
10
10
7
7
5
3
1
0
-1
-3
-3
-6
-8
-8
-9
-11
-11
-12
-13
-14
-13
-13
-15
-13
-14
-13
-14
-13
-13
-12
-11
-11
-11
-11
-10
-10
-9
-9
-8
-9
-7
-7
-6
-6
-5
-5
-5
-5
-3
-2
-2
-2
-2
-1
-1
1
-1
0
1
1
1
2
2
4
3
4
5
5
6
7
7
8
8
9
9
9
9
9
10
10
10
10
11
11
10
10
9
9
8
8
8
7
5
5
5
4
3
3
3
1
0
0
-2
-2
-3
-4
-4
-4
-5
-5
-6
-7
-6
-7
-7
-7
-7
-7
-7
-7
-8
-7
-7
-7
-7
-6
-7
-6
-6
-6
-5
-5
-5
-4
-5
-4
-3
-3
-3
-2
-2
-2
-1
-2
-2
-1
-1
-1
-1
0
0
0
0
1
1
2
2
2
2
4
3
3
4
4
4
4
5
5
5
5
5
6
6
5
5
6
6
5
6
5
5
5
5
5
5
5
4
4
5
3
4
3
2
2
1
1
1
1
1
0
-1
-2
-2
-3
-3
-3
-5
-5
-5
-6
-6
-6
-7
-7
-7
-8
-7
-8
-8
-7
-7
-7
-6
-6
-5
-6
-5
-5
-4
-3
-4
-3
-2
-1
-1
-1
0
1
2
1
2
2
3
3
3
3
3
3
4
3
4
4
4
4
4
4
4
4
2
3
3
3
4
3
3
3
2
2
3
3
2
1
2
2
2
2
2
2
2
2
2
1
1
1
0
0
1
0
0
-1
-1
-1
0
-2
-1
-2
-3
-3
-4
-3
-3
-3
-3
-3
-3
-4
-3
-3
-4
-4
-4
-3
-3
-3
-2
-2
-2
-2
-1
0
0
1
0
1
1
1
1
2
1
2
3
2
3
3
2
3
3
3
2
3
3
2
2
2
3
3
2
2
1
2
2
1
1
0
1
0
2
1
0
0
0
-1
-1
0
-1
-1
-1
-1
-1
-2
-2
-2
-2
-2
-2
-2
-3
-2
-2
-3
-3
-3
-3
-2
-3
-2
-2
-2
-2
-2
-3
-2
-1
-2
-2
-2
-2
-2
-2
-2
-1
-1
-1
0
0
0
0
0
0
1
1
0
1
1
0
2
0
2
1
2
2
2
1
2
2
2
2
2
2
1
3
3
2
3
3
2
1
2
2
3
2
1
1
1
2
1
1
0
1
0
0
0
0
0
0
1
-1
0
-1
-1
0
0
-1
-1
-1
-1
0
-1
-1
-1
-2
-2
-2
-1
-1
0
-1
-1
-1
-1
-1
-1
0
-2
0
-2
0
-1
0
-1
-1
0
-1
0
0
0
-1
-1
0
-1
0
-1
0
-2
0
-1
0
-1
-1
0
-1
1
-1
1
-1
1
0
0
0
0
1
-1
1
-1
1
0
1
1
0
2
1
2
0
1
1
1
1
0
1
0
1
0
1
0
0
0
0
0
0
0
-1
0
-1
0
-2
-1
-1
-1
-1
-2
0
-2
1
-2
0
-1
0
0
-1
1
-1
1
0
1
1
0
1
1
1
1
2
0
2
2
0
2
1
2
1
2
1
1
1
0
2
1
1
1
2
0
0
1
0
3
0
2
-1
1
0
0
0
-1
1
-2
1
-1
0
0
0
0
-2
1
-1
1
-2
0
-1
-1
0
-1
0
-3
-1
-2
0
-1
-1
-2
-1
-1
-3
-1
-2
-1
-2
-1
-2
-2
-1
-2
-2
-2
-1
-1
0
-2
-1
-1
0
-1
-1
0
-1
1
0
1
0
1
1
1
1
1
2
1
2
2
2
3
1
2
1
2
1
1
2
2
2
2
2
1
2
2
2
1
1
2
0
2
0
2
0
1
2
0
1
0
1
0
1
-1
0
-1
0
1
0
0
-1
0
-2
0
-2
0
-2
-1
0
-1
-1
-3
-1
-2
0
-2
-1
-2
-1
-1
-1
-2
-2
0
-2
-1
-2
-1
-2
-1
0
0
0
-2
0
-1
0
-1
0
1
0
1
0
1
1
1
1
2
2
0
1
1
1
2
1
2
1
2
1
2
1
2
2
1
2
1
1
0
2
2
1
2
1
1
0
2
1
1
1
0
1
0
1
-1
1
-1
0
-1
0
-1
-1
0
-1
0
-1
-1
-1
-1
-2
-1
-1
-1
-1
-1
-1
-2
-1
-1
-1
-2
-1
-1
0
-1
-1
-1
-1
-1
-1
-1
-1
-1
0
-1
-1
-1
-1
-1
-1
-1
0
-1
-1
1
-1
-1
0
0
-1
0
0
1
0
0
0
1
1
0
1
0
1
1
1
1
1
1
2
1
2
2
2
1
1
2
2
2
1
2
1
2
2
1
2
1
1
1
1
1
1
0
0
0
0
0
0
0
-1
0
-1
0
-1
0
0
-1
0
0
-1
-1
-1
-1
-2
0
-1
-1
-1
-1
-1
0
-1
-1
-1
-1
-1
-1
0
-1
0
0
-1
-1
-1
-2
-1
0
0
-1
-1
0
0
-1
-1
0
-1
0
0
-1
-1
0
0
0
0
1
0
0
1
0
0
0
0
0
1
0
1
1
0
0
1
0
1
0
0
1
1
0
0
0
0
0
0
0
0
1
0
1
1
0
0
2
1
0
1
0
1
1
1
1
1
0
1
0
0
1
1
1
1
1
1
1
0
1
1
1
0
0
0
0
0
0
0
0
-1
0
-1
-1
-1
0
0
-1
-1
-1
-1
-1
-1
0
-1
-1
-1
-1
-1
-2
-1
-2
-1
-2
-1
-1
-1
-1
-2
-1
-1
-1
0
-1
-1
-1
-1
-1
0
0
0
0
0
0
0
0
-1
0
0
0
1
0
0
1
1
1
0
1
2
1
0
1
1
0
1
1
0
1
0
1
1
1
0
0
0
0
1
1
0
1
1
0
0
1
0
1
1
1
0
1
0
-1
0
0
1
0
0
0
0
0
0
0
0
0
0
-1
0
0
-1
0
0
0
0
0
0
0
0
0
-1
0
0
0
-1
0
0
-1
-1
-1
-1
0
0
-1
-1
0
-1
0
-1
0
0
-1
0
0
0
-1
0
0
0
0
0
1
0
0
0
0
-1
1
1
0
0
1
1
0
1
0
0
0
0
1
0
0
0
1
0
1
1
0
1
0
1
1
0
0
1
0
1
1
0
1
0
1
0
1
0
1
0
0
0
0
1
-1
0
0
0
0
0
0
0
0
0
0
0
-1
0
0
-1
0
0
0
0
0
-1
0
0
0
0
0
0
0
-1
0
0
0
-1
0
0
0
0
-1
0
0
0
0
1
1
1
0
0
-1
0
0
-1
0
0
0
0
-1
0
0
0
0
1
0
1
0
0
0
0
0
1
0
0
0
0
0
0
0
-1
1
-1
0
-1
0
0
0
0
0
0
0
0
0
0
0
0
0
0
1
0
0
0
1
0
0
0
0
0
0
0
0
0
0
-1
0
0
0
1
0
0
0
0
-1
0
-1
0
1
0
0
0
0
0
-1
0
0
0
0
0
0
0
0
-1
0
-1
0
0
-1
0
0
0
0
-1
0
0
0
0
0
1
0
0
0
0
0
0
0
-1
0
0
0
0
0
0
-1
0
0
0
0
0
0
-1
0
-1
0
-1
0
0
1
0
0
0
0
0
0
-1
0
0
0
0
0
1
0
0
0
0
1
0
-1
0
1
0
0
0
0
0
0
0
-1
-1
0
0
0
1
0
-1
0
0
-1
0
0
0
-1
0
0
1
0
0
0
0
0
0
1
0
0
0
0
1
0
0
0
1
1
0
0
0
0
0
0
1
0
1
0
0
0
1
0
0
0
-1
1
1
0
-1
0
0
0
0
0
0
0
0
0
0
0
1
0
1
0
0
0
0
0
-1
0
1
0
0
-1
0
-1
0
0
-1
0
0
0
0
0
0
0
0
0
0
0
0
0
0
0
0
0
0
0
0
0
0
0
0
0
0
0
0
0
0
0
0
0
-1
0
0
0
0
0
0
0
-1
0
0
0
0
-1
0
0
0
0
0
0
0
0
0
0
0
0
0
0
0
0
0
1
-1
0
0
0
0
0
0
0
1
0
0
0
0
0
-1
0
0
0
0
0
0
0
0
0
0
-1
-1
-1
-1
0
-1
0
0
0
0
0
0
-1
-1
0
-1
0
0
0
-1
0
0
0
0
0
0
0
1
0
0
0
0
0
0
0
0
0
0
1
1
0
0
0
0
0
0
0
0
0
0
0
1
0
0
0
0
0
1
1
0
0
0
0
0
-1
0
0
0
0
0
0
1
0
0
1
0
0
0
1
0
0
1
0
1
1
0
0
0
0
0
0
0
0
0
0
1
0
1
1
-1
0
0
0
0
0
0
0
0
0
0
0
1
0
0
1
0
0
0
1
0
0
0
-1
0
0
0
0
0
0
0
0
0
0
1
0
0
0
-1
-1
0
0
0
0
0
0
0
0
0
0
-1
0
1
0
0
0
0
0
0
0
-1
0
1
0
0
0
0
-1
0
-1
-1
0
0
0
0
1
0
0
0
0
0
0
0
0
1
1
0
1
-1
0
0
0
0
0
0
0
0
0
0
0
0
0
0
0
0
0
0
0
0
0
0
0
0
0
0
0
0
-1
1
0
1
0
0
1
0
0
0
0
0
1
-1
0
0
0
0
0
1
0
0
-1
0
0
0
-1
1
0
0
1
-1
-1
0
0
0
0
0
0
0
0
0
0
0
-1
0
0
0
1
0
0
0
0
1
0
-1
-1
0
0
0
-1
0
0
0
0
0
-1
0
0
0
0
-1
0
0
0
0
0
0
0
0
0
0
0
0
0
0
-1
0
0
0
0
0
0
0
0
0
1
0
-1
0
0
0
0
0
0
0
0
0
0
0
0
0
0
0
0
0
0
0
-1
0
0
0
0
0
0
0
0
0
0
0
0
0
1
0
0
0
0
0
0
0
1
0
0
0
1
1
0
0
0
-1
1
1
0
0
0
0
0
0
0
1
0
0
0
1
0
0
0
0
0
-1
0
0
0
0
1
0
0
0
0
0
-1
-1
-1
0
0
0
0
-1
0
0
0
0
0
0
0
0
0
1
0
1
0
0
0
0
0
0
1
-1
0
1
-1
0
0
0
0
0
0
0
-1
0
0
0
-1
0
-1
0
0
0
0
0
-1
0
0
0
0
0
0
-1
0
0
0
0
0
0
0
0
-1
-1
0
0
0
0
0
1
0
0
0
0
0
-1
0
0
0
0
0
0
0
0
0
1
0
1
0
0
1
-1
1
0
0
0
-1
-1
0
0
0
-1
0
-1
0
0
0
-1
0
0
0
0
1
0
0
0
0
0
0
1
0
1
0
0
0
0
0
0
1
0
0
0
1
1
0
0
0
0
0
0
0
0
-1
1
0
0
0
0
0
0
0
1
0
0
-1
0
0
0
-1
-1
0
0
1
0
-1
0
0
0
0
0
0
-1
-1
0
0
-1
1
0
1
0
0
0
0
0
0
1
0
0
0
-1
0
0
0
0
0
1
-1
0
0
0
0
0
0
0
0
0
1
0
0
0
0
0
0
-1
0
0
0
0
0
-1
0
0
0
0
0
0
0
0
1
0
0
-1
1
0
0
-1
-1
0
0
0
1
-1
0
0
0
-1
1
0
0
0
1
-1
0
0
0
0
0
0
0
0
0
0
0
-1
0
0
0
0
0
0
0
0
0
0
1
-1
0
0
-1
1
0
0
0
0
0
0
0
0
0
0
0
0
0
0
-1
0
0
0
0
0
0
0
-1
0
0
0
-1
0
0
-1
-1
0
0
0
0
0
1
1
-1
0
-1
0
0
0
0
0
0
0
0
1
0
0
0
0
-1
1
0
0
1
0
0
0
0
0
1
1
0
0
0
0
0
-1
0
-1
1
0
1
0
0
1
0
0
1
0
0
0
1
-1
-1
1
0
0
0
-1
0
0
1
0
0
0
0
0
0
-1
0
0
0
-1
0
0
1
1
-1
0
0
0
0
0
0
0
0
0
-1
1
0
0
1
0
0
0
0
1
-1
0
0
0
0
-1
1
0
0
-1
0
0
0
0
0
-1
0
-1
1
0
0
1
0
0
0
0
0
0
0
0
-1
0
0
0
1
0
1
0
0
0
0
-1
0
0
1
1
0
0
0
-1
-1
0
0
0
-1
0
0
1
0
1
0
0
1
0
0
1
0
0
0
0
0
0
0
0
0
0
0
-1
1
0
0
0
0
0
0
0
0
0
0
-1
0
-1
0
0
0
0
0
-1
0
0
0
1
0
0
0
0
0
0
0
0
0
-1
1
1
-1
0
0
0
0
0
0
0
0
0
0
0
0
0
-1
0
0
0
0
0
0
0
0
-1
0
0
0
0
-1
0
-1
0
0
0
0
0
-1
0
0
-1
0
0
0
1
0
0
0
0
0
0
1
0
0
0
0
0
1
0
0
0
1
1
0
0
0
0
0
0
0
0
1
1
1
0
0
-1
0
0
0
-1
-1
0
0
0
0
0
0
0
0
0
0
0
0
0
0
0
0
0
0
0
0
0
1
1
1
0
-1
0
0
0
0
0
0
1
-1
-1
0
0
0
0
0
1
0
-1
0
0
0
0
0
0
0
0
-1
0
0
0
0
1
0
0
0
0
0
-1
1
1
0
0
0
0
1
0
0
0
0
0
0
0
0
0
0
0
0
1
0
0
0
0
0
0
1
0
0
0
0
0
0
0
0
0
0
1
0
-1
0
0
0
0
-1
