0
0
0
0
0
0
-1
0
0
-1
0
0
0
-1
1
0
0
0
0
0
0
0
0
0
0
0
0
0
-1
0
-1
0
0
0
0
0
0
0
0
0
1
0
0
0
0
0
0
0
0
0
0
0
1
0
0
0
0
0
0
0
0
0
-1
0
0
1
0
0
0
0
0
0
0
1
0
0
0
0
0
0
-1
0
1
0
0
0
0
0
0
0
0
-1
0
0
0
0
0
0
0
0
1
0
-1
0
1
0
0
-1
0
0
0
0
-1
0
0
0
0
1
0
0
0
0
0
0
0
0
-1
0
0
0
0
0
0
0
0
0
1
0
0
0
0
0
1
0
0
1
0
1
-1
0
0
0
0
0
0
0
0
-1
0
-1
-1
0
0
0
0
0
0
0
0
0
0
-1
0
-1
0
0
0
0
0
0
-1
0
0
0
0
0
0
0
0
0
0
0
0
0
0
0
0
0
1
1
0
-1
0
0
0
0
0
0
0
0
0
0
0
0
0
0
0
0
1
0
0
0
0
0
1
0
0
0
0
0
0
0
-1
-1
0
0
0
0
0
-1
-1
0
0
0
-1
1
0
0
-1
0
0
0
0
0
0
0
0
0
0
0
0
0
0
0
0
1
0
0
-1
0
0
0
0
0
0
1
0
0
-1
-1
0
0
0
0
-1
0
0
0
0
0
1
0
0
1
0
1
0
0
0
0
0
0
-1
0
0
0
0
0
0
1
0
0
0
0
0
0
-1
-1
0
-1
0
0
0
0
0
0
0
0
0
0
0
0
0
0
-1
0
0
0
0
1
0
0
0
0
0
0
0
0
0
0
-1
1
-1
0
0
0
0
0
0
0
0
1
0
1
0
0
0
1
-1
0
0
0
0
0
0
0
0
0
0
-1
0
0
0
0
1
1
0
1
0
0
0
0
0
0
0
0
0
0
-1
-1
-1
-1
0
0
0
0
0
-1
0
0
0
0
0
-1
0
-1
0
1
0
0
1
0
0
-1
0
-1
0
0
0
-1
0
1
-1
0
0
0
0
-1
0
1
0
-1
1
1
0
1
-1
0
0
1
0
0
-1
1
0
0
1
0
0
0
0
1
0
0
0
0
1
0
-1
0
-1
0
1
0
1
-1
0
1
0
0
0
0
0
-1
0
0
0
0
0
0
0
0
0
0
-1
0
1
0
1
0
-1
0
0
1
0
0
0
0
0
0
-1
0
-1
0
0
0
0
0
0
0
1
0
1
0
0
0
0
0
-1
0
0
0
0
0
-1
0
0
0
0
0
0
1
0
0
0
0
1
-1
0
0
0
0
0
0
0
0
-1
0
1
0
0
0
0
0
0
0
0
0
0
0
0
0
0
0
0
1
0
0
0
-1
0
0
0
1
0
0
0
-1
0
0
0
0
1
1
0
1
0
0
-1
0
-1
0
0
0
0
0
0
0
0
0
0
0
0
0
1
0
0
0
0
0
0
0
0
0
0
0
0
0
0
0
0
0
0
1
0
0
0
1
0
0
0
0
0
0
0
0
1
1
0
0
1
0
0
0
0
0
1
0
0
-1
1
0
-1
-1
0
0
0
0
0
1
0
1
0
0
0
1
0
-1
0
-1
0
0
-1
0
0
0
-1
0
0
0
0
0
0
0
0
1
-1
0
0
0
0
-1
0
0
0
0
0
1
0
0
0
0
0
0
0
0
1
1
0
0
0
0
0
0
0
0
0
1
0
-1
0
0
0
0
0
0
0
0
0
0
1
0
1
1
1
0
0
0
0
0
0
0
0
0
0
0
0
-1
0
0
0
-1
0
-1
0
0
0
0
0
0
0
-1
1
0
1
0
0
0
0
1
1
0
-1
0
1
-1
0
0
0
0
0
0
0
0
0
0
0
0
0
1
-1
0
0
0
0
0
0
0
-1
0
-1
0
0
0
0
0
-1
0
1
0
0
0
1
0
0
0
0
0
0
0
0
0
0
0
0
0
0
1
0
1
0
-1
-1
-1
0
0
0
0
0
0
0
-1
0
0
1
-1
0
1
0
0
0
0
0
0
0
-1
0
0
0
0
0
0
0
0
0
0
0
0
0
0
0
0
0
0
0
0
0
0
1
0
1
0
0
0
1
0
0
-1
1
0
-1
0
0
-1
0
0
0
0
-1
0
0
0
0
1
0
0
0
1
0
0
1
-1
0
0
0
0
0
0
-1
0
1
0
0
0
1
-1
0
0
0
-1
0
0
0
-1
0
1
0
-1
0
0
-1
-1
0
0
0
0
-1
-1
-1
0
0
0
0
0
0
0
0
0
1
0
-1
0
1
0
1
0
0
0
-1
0
0
0
0
0
0
-1
1
0
0
0
0
1
0
0
0
-1
0
1
0
0
0
0
0
0
0
0
0
0
-1
1
-1
0
1
0
0
0
0
0
0
0
0
0
0
0
0
0
0
0
1
0
0
0
0
-1
1
0
-1
0
0
0
0
0
0
0
0
0
0
-1
0
0
0
-1
0
0
1
1
0
0
0
0
-1
0
1
0
-1
0
0
0
0
-1
0
0
0
0
0
-1
-1
0
0
0
0
1
0
0
0
0
-1
0
0
0
0
0
0
0
0
1
0
-1
0
0
-1
0
0
0
0
0
0
0
0
0
0
0
1
0
0
0
0
-1
-1
0
-1
0
0
0
-1
0
0
0
0
1
1
-1
0
0
-1
-1
0
0
-1
0
0
-1
0
0
-1
1
-1
0
0
-1
0
0
0
0
0
0
0
1
0
0
-1
1
1
0
0
0
0
0
0
0
0
0
1
0
0
0
0
0
0
-1
0
0
-1
0
0
1
0
0
1
0
0
0
1
0
0
0
0
0
0
1
-1
0
0
0
1
0
-1
0
0
0
0
0
-1
0
0
0
0
1
0
0
1
0
0
0
1
0
0
0
0
0
1
0
0
0
0
0
0
0
1
0
0
0
0
-1
0
0
-1
-1
0
-1
0
0
0
1
1
0
0
0
-1
1
0
0
0
0
1
0
1
0
0
1
1
0
0
0
0
0
-1
0
0
0
-1
0
0
1
0
0
0
0
1
0
1
0
0
0
0
-1
0
0
0
0
0
-1
0
0
0
1
1
0
0
-1
0
0
1
0
0
-1
1
0
0
0
0
-1
0
0
0
0
0
0
0
0
0
0
0
1
0
0
0
-1
0
1
0
0
1
-1
0
-1
-1
0
0
0
0
0
0
0
0
-1
0
-1
1
0
1
1
0
0
0
0
0
0
0
0
0
0
0
0
0
0
1
0
-1
0
0
0
0
0
0
-1
0
0
-1
0
0
0
0
0
0
0
1
1
0
0
0
0
0
0
0
-1
0
0
0
0
0
0
-1
-1
0
0
0
0
0
1
0
1
-1
0
0
-1
0
0
0
1
0
0
0
0
0
0
0
1
0
1
0
0
0
-1
-1
0
0
0
0
1
0
-1
0
0
0
0
1
0
-1
0
0
0
0
0
1
0
0
0
0
0
0
0
0
0
0
1
0
0
0
0
0
0
0
0
0
0
0
0
0
-1
-1
0
0
0
0
0
0
-1
0
0
-1
0
0
0
0
0
0
0
0
0
0
0
0
0
0
0
0
0
-1
0
0
1
0
0
-1
1
0
0
0
0
0
0
0
0
0
0
-1
1
0
0
-1
0
0
0
1
0
-1
0
0
0
0
0
0
0
1
-1
0
-1
0
-1
-1
0
0
0
1
0
0
0
0
0
1
0
-1
-1
0
0
0
0
0
0
0
-1
0
-1
0
1
0
0
0
0
1
0
0
0
0
0
-1
-1
0
0
0
0
-1
0
1
0
1
0
0
0
0
-1
0
0
0
-1
0
0
0
0
0
0
0
0
-1
0
0
0
1
0
1
0
-1
0
1
0
0
-1
0
0
0
0
0
0
1
0
1
0
0
0
0
0
1
0
1
0
0
0
1
0
0
0
0
0
-1
0
0
0
0
0
0
0
0
0
-1
0
0
0
0
0
0
0
0
0
0
1
0
1
0
0
1
0
0
1
0
0
1
0
0
1
0
0
0
0
0
0
0
0
0
0
0
1
0
0
-1
0
0
-1
0
-1
0
0
1
1
0
0
0
-1
0
0
0
0
0
0
1
0
0
-1
0
0
0
0
-1
0
1
0
0
0
0
0
-1
0
0
0
0
0
0
0
1
0
0
0
0
0
-1
0
0
0
0
0
1
0
0
-1
0
0
0
0
1
0
-1
0
-1
1
-1
0
0
0
-1
0
0
0
-1
0
0
-1
0
1
0
0
1
0
0
0
0
1
0
-1
-1
1
0
0
0
0
-1
0
0
1
-1
-1
2
0
-2
1
1
-2
0
1
0
0
-1
2
1
-2
0
1
-2
-1
1
0
0
0
1
0
-1
1
-1
0
1
-1
0
1
-1
0
2
0
-1
-1
2
0
-1
0
2
-2
-1
1
1
-1
-2
2
1
-3
1
3
-3
0
0
0
0
1
-2
3
-1
-2
2
-2
0
1
-2
-1
2
-2
-1
2
0
-1
1
1
-1
-1
1
-1
0
-1
0
0
-1
0
-1
1
1
-1
-1
3
0
-1
1
-1
4
-4
0
4
-3
-2
4
-2
-3
3
0
0
-2
1
2
-3
1
2
-2
-1
2
2
-1
-3
4
1
-6
4
2
-5
1
3
-2
0
-2
2
1
-3
0
2
0
-4
1
2
-2
0
1
0
0
1
-3
6
-2
0
0
1
-1
0
0
-1
3
-6
4
-1
-1
0
0
1
-2
1
-1
2
-1
-1
0
-1
3
-3
-1
3
-2
-2
0
6
-3
-4
3
3
-2
-5
7
0
-3
-1
2
3
-6
0
5
1
-9
5
5
-4
-4
3
6
-8
-1
6
-3
-3
2
2
-2
1
-3
4
0
-4
5
-3
3
-2
1
2
1
-3
0
3
-4
1
-1
3
-3
1
3
-7
6
5
-11
4
11
-13
-1
13
-6
-7
6
6
-3
-6
6
5
-7
0
4
-1
-5
0
3
6
-6
-3
9
-1
-10
4
6
-6
-2
3
2
0
-4
-2
11
-5
-8
12
0
-12
3
12
-7
-3
8
-4
1
-1
1
3
-4
-2
5
0
-2
1
-1
-4
7
-6
2
0
1
3
-8
11
-3
-3
3
1
6
-14
8
9
-11
1
7
-4
-8
11
3
-12
6
1
-3
2
-2
5
-2
-2
-2
8
-10
-6
20
-8
-7
2
13
-5
-9
15
-5
-13
-1
20
-8
-13
13
7
-13
-3
16
-10
4
-4
-3
11
-3
-16
11
16
-22
3
14
-11
4
-11
17
-4
-11
7
9
-4
-9
-1
8
3
-18
13
14
-18
3
-3
0
5
-18
26
-8
-7
3
2
11
-17
-5
29
-18
-13
24
-12
-4
6
-4
8
11
-17
-2
9
-11
7
1
-3
8
-8
-4
5
0
-5
8
-1
-3
7
-14
-2
17
-12
-7
20
-12
0
5
-7
-1
11
-11
1
13
-8
-6
-3
21
-22
2
17
-22
14
-4
-7
-1
27
-31
3
25
-21
-1
8
1
-8
14
-13
3
11
-16
3
11
-15
4
17
-15
-5
12
-16
6
17
-22
4
16
-12
-8
15
-15
-8
17
5
-16
23
-15
-9
10
-3
-9
5
15
-17
12
3
-26
28
0
-18
17
-6
-11
12
0
-4
2
4
-2
5
-6
-2
18
-19
-1
16
-15
14
-12
8
2
-1
-3
-1
18
-33
16
2
10
-24
-3
17
-10
15
-5
-7
17
-23
-2
27
-11
-32
31
0
-28
22
13
-19
-2
12
2
-20
10
2
-13
3
16
-9
-14
37
-35
4
17
1
-17
20
-1
-21
7
10
-18
3
16
-6
-2
0
8
-5
6
-18
14
5
-34
41
-15
-8
14
-24
17
2
-6
10
5
-3
-29
22
-13
5
8
11
-14
-15
21
-25
25
-5
-13
12
-11
14
-5
12
-15
1
-9
14
-8
-11
17
-4
3
-8
3
-9
11
7
-10
-3
12
9
-21
12
4
-20
13
-1
1
12
-5
-10
6
10
-9
19
-27
20
-10
-14
27
-9
-10
4
34
-38
-5
27
-14
-6
21
-11
-33
45
-10
-37
38
9
-42
27
6
-23
15
-10
8
15
-32
21
3
-23
-10
31
-18
3
16
-17
0
2
17
-24
-3
26
-7
-23
50
-25
-34
43
-9
-38
28
15
-4
2
5
11
-37
-5
66
-37
-51
88
-17
-52
39
20
-52
-7
60
-26
-28
40
26
-67
27
24
-43
-12
45
-9
-49
55
10
-64
57
28
-72
26
37
-51
-4
43
-27
-33
52
11
-62
25
23
-46
-7
69
-50
12
26
-38
-4
44
-21
-16
38
-16
-31
33
-2
-14
21
-13
6
7
-23
40
-28
-5
24
-33
25
0
-20
-8
36
-17
-10
-6
14
12
-32
28
10
-13
-24
19
22
-23
-6
6
20
-40
45
-14
-11
-9
-4
14
-5
6
-13
32
-39
35
-42
-2
47
-60
0
105
-55
-66
64
5
-50
23
27
-6
34
-69
24
45
-76
14
16
31
-23
-10
21
8
-78
12
96
-72
29
-35
35
28
-50
20
29
-6
-40
64
-46
-18
-12
17
28
-56
37
-8
5
-23
18
1
-11
-3
18
17
-52
-24
37
54
-33
39
-5
43
-38
-13
20
-65
-14
-30
-10
3
38
-39
65
44
-89
64
20
-46
-25
52
35
-38
49
6
-1
-35
-17
-7
-23
-1
-40
59
9
-18
9
19
-19
-8
14
-33
4
-7
-1
46
-23
9
38
11
-31
11
8
-44
-58
21
11
-62
79
23
24
-28
65
-37
3
-8
-27
13
-66
49
-24
0
20
-4
-16
47
35
-89
69
12
-100
69
-3
-107
98
-24
-80
136
-4
-98
160
-61
-51
114
-81
-34
48
-8
-73
119
-68
-88
138
-60
-43
85
-33
-52
14
2
-39
65
11
-6
81
-61
-16
87
-61
-95
140
-96
-58
124
-12
-53
52
13
-67
79
-27
6
30
-61
1
35
-95
21
40
-58
7
51
-56
2
69
-37
40
3
-16
-11
48
-16
-50
54
-19
-18
-24
59
-14
-24
39
-13
12
-51
-18
17
30
-13
22
49
-85
29
-7
16
-30
-9
20
-20
-8
-20
104
-42
-20
66
-12
-40
-41
75
-99
31
47
56
-90
20
62
-93
12
3
54
-49
43
-42
-6
-6
-58
47
-4
12
39
32
20
-33
-34
36
23
-79
49
19
-53
42
9
-41
-71
0
61
-89
37
35
-21
-2
34
6
-57
103
-84
40
10
-7
19
-36
48
-74
63
-15
6
36
-28
21
-10
-53
-22
61
-81
69
61
-69
-12
60
-104
3
72
-105
88
51
-68
-32
99
-133
47
87
-79
83
-22
58
-69
46
-88
8
4
-118
109
-15
-17
28
34
-22
-3
46
-126
92
-18
-59
76
58
-53
69
26
-107
63
-31
-102
89
-82
-109
213
5
-90
104
60
-190
23
57
-77
56
-46
92
-38
-23
47
32
-71
-8
75
-122
71
2
26
-55
105
-49
-40
152
-72
-31
13
19
-172
55
21
-33
2
87
-70
52
49
-90
95
-80
59
-30
42
4
-55
-31
7
-32
-49
91
-31
31
60
30
-94
-9
50
-45
60
19
0
-63
17
5
-76
26
48
-31
33
105
-118
-64
53
-42
-7
90
-75
34
4
-15
-41
40
-79
-29
151
-50
49
78
-24
-26
122
-156
-13
27
-39
-61
108
-75
-64
84
-8
-24
36
82
-128
165
-119
-44
74
-16
-39
78
-27
-80
108
-10
91
-56
56
-102
-8
41
-142
28
4
-7
-37
98
67
-111
152
-34
-37
12
8
-11
-20
-40
-69
114
5
-40
109
-104
-50
-3
-3
2
1
47
16
49
-109
63
-55
22
46
26
65
-68
84
-98
103
-120
-49
108
-83
-82
86
65
-141
101
38
-105
27
90
-28
83
-42
-44
48
-86
-40
-44
65
-45
48
-7
5
-15
-32
68
-80
18
71
113
-85
119
-91
0
23
-54
-33
-79
38
-60
61
29
-171
27
87
-42
103
77
-31
58
75
-100
-58
8
-110
-22
59
79
34
39
-14
-73
-57
-36
72
17
14
5
1
-47
9
31
43
-46
-27
-8
-33
-67
42
84
-72
89
45
-66
59
-23
23
-100
83
-69
28
56
-157
37
129
-112
52
52
-112
-57
129
4
-9
69
-81
-15
23
17
-68
86
-77
-94
4
40
56
7
151
26
-68
18
15
-146
15
-27
-118
1
157
-24
39
102
-53
-39
16
46
-157
135
-118
-26
-19
25
49
-114
148
-42
17
-31
71
-54
-64
206
-126
101
-34
-21
-120
31
51
-99
116
-45
79
15
-49
58
-62
37
-42
109
-71
-16
-46
-73
38
-22
-4
-40
95
-29
-53
185
-95
11
43
-24
-75
89
-13
-34
66
-151
-35
79
-3
71
105
-67
42
-2
-127
28
-38
-98
82
55
-47
75
25
-16
68
-2
13
-110
-6
42
-52
-35
-59
-37
-22
178
-62
115
9
-37
-53
77
-26
-80
133
-124
65
-62
-22
59
-44
42
47
-56
-34
111
-90
61
29
-118
-13
125
-75
14
20
-16
-30
-5
73
-110
39
-1
99
-94
-38
20
43
92
12
-10
-108
-42
68
34
11
-4
-14
-33
17
20
-127
100
-122
-17
90
-43
-42
117
-38
148
-61
-89
100
-53
-72
106
17
-48
105
-4
71
-129
34
-52
-27
-174
77
-36
61
-10
51
7
-96
145
-69
-42
42
10
-118
254
-25
-98
115
46
-15
62
-30
-219
194
-195
19
27
-90
-10
-75
22
56
157
-137
165
-168
70
-63
89
39
52
83
-135
-61
-75
126
-57
92
23
-126
-73
113
-152
75
119
-67
46
117
-67
-155
145
-90
33
112
-76
-1
63
-129
67
-3
-168
23
-45
15
110
68
-103
152
57
-159
46
-74
-67
26
-13
80
58
-31
-36
50
-82
-114
231
-161
179
-87
-79
-64
169
102
-79
230
-189
0
-107
108
-78
122
-138
60
-34
-259
77
-60
85
95
76
-152
107
16
-101
95
61
43
73
-44
-9
-122
-32
20
58
42
-76
30
-49
-13
37
-126
6
-32
100
-117
73
71
-74
143
0
-37
-181
165
-116
114
41
21
24
19
-119
77
-22
-78
65
-39
-56
-75
195
-152
110
-1
-28
34
110
-29
9
-24
-164
-12
-72
-64
189
-44
-43
79
-89
-50
139
212
-162
265
66
-215
120
-109
-194
-35
41
-219
208
-63
4
-42
86
90
-47
99
-101
143
-136
130
-146
-64
35
45
93
-28
53
-230
126
-74
-17
121
-164
262
121
9
-92
-74
-224
96
77
-232
223
-49
6
5
121
-103
-51
85
2
133
-291
225
-150
1
-21
-52
192
57
16
32
-103
-238
108
-194
-29
49
51
206
124
15
6
-69
-74
9
-223
144
11
-102
78
83
38
-32
36
-102
-50
-20
-63
86
167
-48
12
-3
-67
-92
101
-108
40
88
-64
194
5
161
-129
160
-252
-98
-114
-83
105
-165
298
-122
127
-11
62
-117
70
-119
-125
194
-206
40
14
87
-66
363
-192
134
42
31
-53
-76
4
-228
225
-133
160
-139
88
-123
89
91
-194
56
-253
217
-308
370
-137
121
86
-45
64
-263
113
-206
340
-94
86
-169
177
-60
-44
209
-204
-116
69
-58
-76
240
-77
-22
3
3
-39
103
48
17
176
-84
10
-119
-33
7
-183
167
-158
96
-40
41
-30
-3
-53
-182
155
-180
185
5
244
-93
182
-21
-119
51
-209
182
-78
141
-130
-43
5
-31
52
14
-181
63
-1
171
-46
16
-67
-75
85
-140
123
-158
62
77
108
-27
-52
-85
134
-74
57
-18
-103
67
-94
165
53
-30
209
-9
-52
-26
-22
-39
-111
241
-265
209
-120
-13
-19
-53
-112
-109
51
-281
93
145
170
-130
273
27
119
3
109
-199
-87
71
-234
233
-99
22
-2
214
-132
-105
-22
-116
-74
-65
126
-128
-10
99
114
-187
85
93
118
224
77
-49
-174
-43
-355
170
-144
178
221
-6
248
-356
48
-119
-25
-29
277
-151
156
72
-44
51
-252
-189
-203
122
-50
183
171
-92
-310
219
-9
26
199
-196
66
133
-65
-138
-103
-299
99
82
242
308
-3
83
-55
-49
-139
188
-269
161
-58
75
-153
-23
2
-144
58
-112
476
-178
270
-332
90
-6
-145
57
-134
-96
-188
363
-102
296
-281
-66
46
-210
35
-307
190
-36
227
124
-127
-161
-118
347
237
395
73
55
-4
309
-107
-171
121
-322
-134
77
-224
-313
233
-169
-205
129
-321
185
-67
165
52
-121
199
-256
-68
246
96
194
200
-160
-267
-50
80
157
269
-44
147
146
-138
-43
-212
-8
-245
193
-181
-214
-61
50
-34
86
-134
-163
159
-23
145
162
356
-124
268
-215
-5
-87
-242
507
-79
330
-141
-174
-279
-77
-11
-169
187
-287
19
-286
438
-323
108
259
-81
206
195
-76
-135
137
-19
125
-171
87
-252
49
-27
-141
-59
-142
209
-226
104
187
-217
341
131
18
160
-32
-117
170
23
28
-306
58
-109
197
123
66
267
-186
67
-74
177
-373
461
-294
-337
361
-403
-162
-139
182
-278
106
266
-88
144
281
-74
-58
402
-267
144
93
-220
-294
-19
-139
-303
-36
58
73
-78
170
-15
-14
34
127
-26
95
7
-79
229
92
-260
101
241
-391
75
41
71
-116
24
96
-60
183
-323
185
-122
-369
-155
255
-20
111
-56
90
-6
49
275
-140
227
-233
59
6
-333
-104
-114
162
75
97
-117
-169
-5
-180
294
-41
108
-158
-66
101
-54
-6
46
95
-148
319
-109
68
-5
11
-181
-126
184
160
-217
210
-107
-115
-155
188
-94
61
351
-315
164
-218
-71
-785
143
62
23
618
364
390
132
332
-33
286
-12
404
649
357
50
-104
-214
-432
-258
-238
55
31
-367
-84
-564
-309
-486
-422
-81
-124
-34
-245
208
-160
44
-41
-193
279
126
137
281
392
-67
56
289
-28
175
31
318
277
-23
-178
-67
-436
-190
-107
216
159
-41
151
-137
107
-372
59
354
-85
210
74
14
13
-8
-314
126
-17
-109
270
32
-35
-125
-147
-127
77
10
54
140
-42
108
-378
46
-187
-69
261
237
151
125
6
-239
92
-21
-63
-92
276
396
491
233
-56
7
72
613
299
265
236
41
93
-88
6
-296
-402
-181
50
-245
-203
-309
-573
-426
-342
-288
-169
-333
-462
-154
-283
-587
-384
-366
-288
32
188
188
-362
-32
-366
-410
223
62
295
148
105
108
-59
75
199
321
720
457
275
396
-106
172
275
766
597
572
305
-44
352
293
469
334
484
194
-241
18
-232
-272
-243
-155
190
-22
137
-90
-442
-367
-449
-55
40
69
95
31
27
-191
-118
-137
-374
-265
66
86
146
-260
-46
-352
-53
114
-112
225
-61
187
48
317
-77
-269
36
-107
30
-204
158
-127
-182
131
147
196
81
72
111
506
211
319
244
257
-94
-287
-310
-696
-635
-1137
-754
-808
-825
-644
-544
-502
-832
-505
-671
-204
-175
-164
-144
-368
-252
-328
-191
13
311
367
255
179
83
3
109
87
406
680
687
750
612
471
216
398
718
915
1019
970
875
887
676
541
446
695
715
844
1020
1087
775
394
284
140
458
584
1049
1094
1003
981
736
533
451
389
547
654
862
641
342
-47
-657
-650
-412
26
-53
-417
-783
-1362
-1921
-2086
-2269
-2206
-2321
-2303
-2494
-2659
-2972
-3457
-3640
-3560
-3288
-3127
-2800
-2785
-2925
-3196
-3493
-3713
-4192
-4714
-4896
-4744
-3913
-2300
-238
1847
2324
2274
1905
2563
3694
4893
5952
6525
7316
7964
9025
9208
8903
8182
7698
8114
8297
8253
7124
5701
4161
3026
2389
1629
755
-587
-1435
-2037
-2320
-2784
-3494
-3935
-4134
-3618
-2691
-2156
-2294
-3360
-4269
-3993
-3348
-2375
-1694
-1900
-2173
-2513
-2766
-3079
-3782
-4753
-5702
-5806
-6365
-7166
-8729
-10177
-11699
-12616
-14036
-13610
-10354
-4034
2386
3625
2413
-1060
-60
2778
7461
10061
10808
11328
12639
15172
15453
12931
9146
6654
7059
8459
9861
9596
7268
3773
-530
-3297
-4445
-4204
-3748
-4279
-4033
-3809
-3048
-2749
-4122
-4767
-4394
-1186
2213
4458
4328
2223
653
478
2756
5224
6562
6600
5885
5434
3919
1563
-769
-2504
-2393
-1760
-957
-1503
-3921
-6934
-10454
-11280
-11373
-10600
-10080
-9566
-8995
-9296
-10433
-12301
-13684
-14244
-14768
-13598
-9411
-1807
6528
9195
7422
2516
1355
4033
9919
14920
16668
16551
16199
17317
17075
14116
9719
6061
5804
7357
9013
8830
5771
803
-4767
-8414
-9338
-8396
-7562
-7810
-8515
-9059
-8518
-7449
-7009
-6412
-4901
-388
5231
9056
9166
6073
3050
2823
5605
9667
12571
12422
10022
6752
3938
1355
-949
-2628
-3006
-1962
-991
-1507
-4631
-9185
-13626
-15871
-15484
-13484
-11488
-10377
-10296
-11506
-13346
-14893
-15632
-15040
-14587
-12912
-8277
130
9685
13049
10458
3824
1801
5512
13331
20049
21564
19971
17775
17781
17430
14818
10307
6575
5894
7286
8747
8041
3883
-2485
-9044
-12551
-11845
-9289
-7764
-8626
-10551
-11726
-10997
-9279
-7777
-6364
-4606
-705
4935
9312
10153
7200
4010
4042
7892
13155
16287
15550
11835
7237
3234
696
-1022
-2124
-2279
-2170
-2412
-4184
-7877
-12299
-15723
-16725
-15694
-13331
-11911
-11176
-11633
-12809
-14652
-15831
-15868
-14801
-13688
-10995
-5103
4357
12875
13487
8805
2364
3253
9274
17654
22259
21959
19287
17112
17007
15760
12546
8371
5896
6502
8071
8661
6432
726
-6288
-11992
-12639
-9438
-5998
-6136
-8808
-11185
-11563
-10060
-8149
-6477
-4522
-2185
2036
6388
8701
7327
3518
1992
4582
10173
14676
15625
12781
7761
2939
-354
-1590
-1606
-1754
-2039
-2886
-3990
-7073
-11525
-15110
-16393
-14521
-12381
-10772
-11171
-12247
-14238
-15849
-16814
-16688
-15992
-14257
-7911
1797
12142
13781
8594
1250
573
7687
16628
22856
22692
20423
18151
17880
17071
13646
9403
6320
7247
9899
11046
8763
2735
-5577
-12817
-14570
-10134
-4549
-3557
-7658
-12332
-13864
-12168
-9518
-8042
-6445
-3566
1185
6089
8041
6203
2030
276
3343
10006
15710
17161
14525
9433
4027
314
-1099
-542
537
808
-362
-2755
-6253
-10905
-14832
-16805
-14896
-11615
-9618
-10715
-13101
-15567
-17217
-18480
-18858
-18447
-14701
-6167
5507
13413
10523
2483
-4270
385
10323
20303
23589
21849
19289
17511
17010
14725
11883
9410
9017
11008
12568
11777
7289
-98
-8463
-13484
-12043
-5431
-377
-2227
-8520
-14179
-15155
-12723
-9581
-7260
-4367
-1285
2816
5252
4531
1387
-1819
-571
5338
12864
17078
16215
11702
6314
1833
-499
19
2132
3548
2688
-743
-4800
-8496
-11894
-14143
-14196
-11872
-9484
-9376
-11297
-14197
-16349
-18203
-19004
-18517
-16317
-9460
310
10199
10549
3161
-5589
-5405
4941
16635
23670
21977
17716
13973
12885
12529
10978
10113
9562
11216
12347
11956
8780
2987
-4120
-10280
-11280
-6165
1040
2836
-2428
-9769
-13719
-12519
-8911
-5576
-2633
-281
2310
3791
3346
1376
-946
-1049
2620
8418
13193
14024
10945
6205
1764
-1050
-1376
882
2756
2747
-509
-5216
-9080
-11534
-11921
-11196
-9373
-8259
-9252
-11627
-13741
-14683
-15431
-16628
-17334
-16577
-10312
-649
9776
11240
3518
-5621
-7114
3114
15013
22779
21422
16764
13018
11769
11951
10481
9599
9085
10373
11626
11016
8568
3658
-2028
-8038
-10103
-6516
-203
2476
-1777
-8500
-12394
-10879
-6872
-3709
-1869
-867
798
2477
2663
1532
-49
152
2766
6996
10399
11101
8741
5138
1654
-559
-1064
148
1797
1807
-917
-5624
-9399
-11509
-11106
-9905
-8426
-7625
-8537
-10893
-13178
-13960
-13853
-13844
-14380
-14500
-10454
-2383
7477
10640
4837
-3634
-6240
1926
13071
21113
20451
15551
11145
10125
11262
11139
10376
9466
9233
9052
7870
6480
4105
599
-4563
-8226
-7048
-2210
1392
-1564
-7719
-12066
-10879
-6294
-2259
11
284
283
327
533
1008
1619
2783
4683
6668
8158
8268
7157
5406
3298
1512
455
757
1262
959
-1511
-5221
-8328
-9707
-9209
-8716
-8376
-8729
-9946
-12131
-13784
-13764
-12955
-12788
-13908
-14945
-11677
-3839
6150
9674
4791
-3196
-5331
2138
12576
19837
19120
14760
10458
9479
10436
10995
11572
11370
10701
8781
6141
4863
3982
2434
-1752
-5733
-6082
-2446
819
-1236
-6568
-10958
-10480
-6571
-2313
788
1904
1722
312
-908
-533
1495
4191
6058
6857
6567
6060
5244
4430
3039
1448
498
609
1113
656
-1952
-5935
-8993
-9983
-8612
-7235
-6621
-7669
-9629
-12302
-13519
-13133
-11837
-11394
-12138
-13097
-12345
-7697
-300
5735
5162
399
-3316
-118
7280
14417
16826
15025
12058
10161
9971
10296
11009
11747
11825
10427
7791
5467
4497
3671
1670
-1697
-3567
-2551
-453
-462
-3637
-7265
-8770
-7372
-4689
-1908
561
1581
1126
-744
-1658
-572
2007
4513
5768
5895
5049
4191
3798
3355
2352
939
329
687
781
-425
-3209
-6184
-8310
-8549
-7468
-6403
-6205
-7629
-9958
-12075
-12536
-11556
-10100
-9878
-10772
-12167
-12536
-9415
-3183
3748
5989
3448
-657
-1301
3066
9293
14552
15805
14548
11704
9401
8445
8569
10320
11630
11689
9749
7024
5184
3604
2165
-425
-2280
-2345
-941
225
-1267
-4051
-6808
-7388
-6146
-3714
-657
1305
2011
633
-1082
-1761
-835
1565
3845
5335
5258
4570
3646
2859
1901
740
142
-14
269
108
-1311
-3588
-6079
-7391
-7292
-6435
-5465
-5827
-7187
-9077
-9938
-9791
-9086
-8825
-9277
-10115
-11308
-11234
-8408
-2771
3145
5203
2633
-1571
-2841
881
6965
12330
14121
13082
10293
7559
5844
5832
8084
10927
12780
11630
8114
4400
1928
1126
612
621
1230
2266
2088
-473
-4025
-6454
-6147
-4208
-1833
134
1289
1454
93
-2099
-3275
-2538
281
3384
5338
5210
3601
1972
934
691
417
485
1027
1625
1447
-242
-2834
-5245
-6360
-5997
-4538
-3424
-3806
-5723
-8058
-9006
-8411
-7289
-6719
-6970
-7363
-8097
-9404
-10616
-9979
-5880
-2
4728
4595
862
-3355
-3749
271
6491
11992
13672
11808
7161
2915
1803
4681
10146
14131
13869
9311
3624
172
363
2843
5237
6357
5469
2949
-622
-3403
-3997
-2502
-440
701
1020
618
-377
-2008
-3554
-3632
-2375
-78
1842
2717
2258
560
-1284
-2317
-1985
-609
1168
2457
2183
295
-2348
-4056
-4059
-2979
-1955
-1753
-2337
-3285
-4226
-4979
-5260
-4984
-4305
-3474
-3392
-3911
-5076
-6356
-7456
-8105
-7501
-5976
-3111
-443
945
-349
-3155
-4761
-3682
354
4432
7342
7702
6082
3467
1418
1621
4124
8217
11370
11530
8402
4032
1687
2548
5578
8229
8645
6821
3673
1006
-149
510
1984
2911
2282
334
-1240
-1945
-1634
-1513
-1763
-2213
-2480
-2611
-2677
-2440
-1940
-1211
-879
-1228
-2011
-2325
-1407
200
1014
260
-1383
-2193
-1658
-352
371
-82
-1066
-1661
-1405
-1050
-1049
-1471
-1637
-1513
-1419
-1488
-1979
-2786
-4002
-5191
-5754
-6041
-5985
-6278
-6583
-5927
-4277
-2057
-1654
-2724
-4614
-4523
-2371
788
3642
4847
4902
3612
2732
2574
4279
7288
9959
10939
9272
6804
4850
4614
5472
6627
7665
7700
6362
3656
1025
-380
-207
560
577
-602
-2384
-3609
-4071
-4295
-4586
-4571
-3660
-2275
-1237
-1090
-1557
-2077
-1763
-599
872
1743
1920
1960
2175
2394
2108
1512
906
796
1135
1623
1568
576
-971
-2244
-2607
-1933
-1250
-1403
-2562
-4224
-5146
-5163
-4548
-3966
-3711
-3942
-4719
-5734
-6268
-6022
-5234
-4647
-4249
-3657
-2391
-646
548
617
-343
-643
390
2617
4709
5717
5597
4547
3462
2950
3626
5283
6746
7158
5627
3219
1330
1133
2408
3754
4098
3076
1230
-625
-1435
-1031
-291
-239
-1090
-1969
-2347
-2349
-2278
-2280
-1808
-944
283
1221
1601
1753
1923
2338
2695
2761
2544
2175
1973
1842
1757
1696
1175
265
-1251
-2272
-2240
-1426
-567
-901
-2026
-3383
-4038
-3880
-3146
-2124
-1618
-1585
-2105
-2558
-2451
-1474
140
1299
1653
1149
503
67
-85
213
825
1330
1003
-69
-1392
-2375
-2396
-1672
-760
-617
-1348
-2644
-3512
-3567
-2895
-1933
-1137
-725
-872
-1353
-2058
-2422
-1874
-212
1826
2808
2083
341
-722
-83
1810
3872
4740
4246
3159
2361
2373
2709
3135
3466
3680
3530
2910
2226
1612
1015
415
254
624
1182
1260
586
-515
-1689
-2349
-2189
-1339
-480
-274
-856
-1945
-2600
-2435
-1384
-256
352
332
152
153
168
394
973
1773
2257
2087
1519
819
583
808
1307
1413
1008
532
128
-147
-542
-776
-934
-883
-909
-1173
-1726
-2603
-3267
-3230
-2599
-1974
-2047
-2698
-3383
-3500
-3101
-2460
-1971
-1656
-1212
-599
-52
3
-303
-515
-200
604
1453
2011
2139
1579
712
52
52
669
1374
1769
1548
815
-140
-842
-833
-290
406
799
711
209
-498
-919
-816
-218
490
1035
1347
1580
1517
1390
1366
1562
1798
2085
2454
2770
2636
1964
1114
650
830
1380
1791
1662
861
-293
-1198
-1488
-1156
-664
-401
-599
-1087
-1657
-1939
-1938
-1762
-1516
-1166
-627
-134
46
-319
-765
-719
-63
756
1240
1233
984
682
628
662
817
825
786
772
648
336
-235
-528
-689
-658
-693
-810
-992
-1252
-1528
-1913
-2117
-2049
-1779
-1542
-1656
-1949
-2235
-2245
-2037
-1779
-1345
-907
-521
-343
-279
-248
-228
63
595
1195
1493
1557
1585
1780
1907
1784
1533
1428
1538
1698
1740
1508
1052
589
314
322
497
511
312
-70
-398
-559
-516
-331
-202
-221
-351
-441
-349
6
403
621
678
637
652
691
774
869
1113
1390
1469
1283
821
400
80
130
367
718
832
537
-129
-969
-1459
-1340
-665
-31
85
-309
-886
-1324
-1609
-1679
-1531
-1104
-499
-105
-130
-599
-1224
-1662
-1719
-1426
-770
-156
122
-146
-960
-1722
-2006
-1631
-832
-126
77
-319
-938
-1340
-1332
-925
-377
123
374
296
81
65
352
758
1068
1223
1435
1707
1906
1793
1423
1172
1273
1714
2096
2187
1951
1607
1257
902
703
795
1112
1307
1038
440
-149
-284
-25
235
137
-315
-786
-1019
-907
-686
-459
-396
-454
-592
-760
-833
-807
-634
-280
125
474
588
307
-184
-585
-565
-49
614
1027
856
207
-475
-866
-801
-532
-308
-313
-524
-838
-1239
-1617
-1925
-1892
-1492
-919
-578
-697
-1109
-1505
-1513
-1107
-334
407
791
758
423
199
271
647
1095
1440
1628
1674
1552
1258
891
600
618
812
997
990
744
489
293
191
36
-160
-355
-444
-444
-409
-397
-507
-678
-822
-792
-653
-530
-513
-614
-607
-397
-70
184
202
35
-111
30
436
868
1068
905
587
241
52
126
394
673
699
482
63
-356
-611
-621
-402
-167
-18
-60
-261
-499
-602
-544
-360
-177
-72
-17
-79
-84
-72
75
198
274
309
315
309
319
293
212
207
290
427
443
304
74
-23
93
259
313
155
-83
-305
-380
-315
-232
-221
-331
-492
-707
-874
-893
-692
-318
-111
-169
-476
-776
-835
-548
-30
370
517
317
31
-243
-324
-147
168
547
622
415
37
-279
-353
-220
31
253
318
96
-240
-446
-289
113
446
509
336
111
-28
-9
203
483
717
844
835
749
686
691
750
812
794
730
738
799
853
758
465
54
-253
-259
-43
170
146
-145
-595
-939
-1032
-922
-682
-551
-624
-840
-1055
-1141
-1080
-920
-724
-602
-561
-593
-592
-523
-434
-333
-215
-29
174
322
283
43
-209
-229
43
349
403
156
-195
-360
-254
16
265
277
92
-110
-203
-128
46
260
486
622
616
432
245
175
323
588
803
921
914
841
644
416
301
365
533
676
733
673
473
180
-66
-174
-84
99
167
42
-225
-436
-523
-516
-495
-530
-574
-595
-587
-573
-612
-654
-674
-602
-503
-461
-525
-653
-689
-550
-278
-30
67
2
-121
-259
-334
-250
-39
176
274
199
26
-152
-233
-133
-12
55
100
144
172
57
-132
-273
-169
110
369
448
372
274
209
235
323
441
609
771
847
774
626
485
477
694
946
1009
781
418
181
179
355
493
442
156
-192
-393
-433
-339
-269
-334
-515
-700
-740
-637
-533
-518
-591
-700
-664
-526
-425
-457
-545
-544
-383
-170
-48
-92
-219
-247
-182
-58
-22
-78
-128
-132
-45
38
20
-136
-280
-293
-163
-4
114
168
187
183
144
85
107
272
535
741
748
609
443
379
413
488
595
687
740
686
438
111
-96
-23
280
576
675
451
52
-276
-336
-168
66
209
210
19
-227
-458
-567
-512
-326
-107
-59
-211
-524
-793
-886
-801
-653
-544
-520
-567
-595
-643
-701
-730
-661
-500
-348
-275
-321
-393
-404
-310
-143
14
132
143
71
32
120
295
439
538
558
498
384
313
378
599
836
889
750
486
301
284
467
693
847
880
799
674
522
400
317
370
495
541
460
284
113
8
-51
-110
-221
-305
-331
-327
-336
-451
-581
-657
-664
-617
-537
-458
-350
-341
-483
-672
-736
-590
-341
-170
-181
-264
-384
-459
-460
-335
-106
80
93
-99
-355
-484
-419
-251
-104
-52
-87
-116
-117
-64
19
102
183
218
194
188
277
494
693
710
532
331
319
486
752
898
840
668
520
503
516
457
318
171
116
87
22
-65
-149
-205
-260
-371
-496
-531
-444
-344
-322
-378
-441
-464
-447
-433
-377
-250
-108
-14
-63
-163
-250
-201
-4
144
192
139
30
-44
-108
-157
-155
-83
50
152
130
-41
-221
-302
-270
-225
-175
-95
-19
44
-1
-87
-220
-277
-186
40
354
535
518
336
145
110
218
437
615
747
768
685
571
443
380
383
409
442
433
418
356
215
17
-194
-329
-349
-260
-166
-184
-341
-566
-731
-756
-673
-570
-466
-394
-337
-376
-474
-583
-582
-430
-194
26
51
0
-135
-254
-235
-120
77
186
175
44
-99
-170
-127
-3
118
168
91
-66
-205
-196
-31
196
317
238
53
-86
-25
168
371
465
423
326
266
335
461
613
667
636
573
558
604
626
629
562
452
362
308
303
267
182
45
-131
-286
-383
-411
-410
-397
-461
-600
-764
-850
-773
-631
-511
-491
-585
-695
-728
-610
-419
-227
-95
-132
-223
-301
-278
-145
25
205
292
279
147
-30
-129
-107
3
128
192
133
-40
-212
-305
-276
-147
-37
8
-26
-78
-148
-144
-81
37
176
300
393
426
401
381
403
513
651
766
786
755
731
750
800
803
767
695
629
579
541
491
419
312
178
37
-107
-247
-363
-436
-481
-509
-582
-639
-758
-883
-980
-1008
-950
-826
-687
-594
-583
-645
-720
-744
-640
-432
-200
-50
0
-86
-203
-280
-211
-101
11
102
116
182
186
172
107
29
22
63
200
323
381
290
137
28
43
230
416
540
511
359
164
48
84
207
370
449
437
319
180
111
113
182
270
368
416
406
324
242
220
248
317
367
363
349
259
178
30
-50
-67
-56
-54
-94
-118
-177
-235
-335
-422
-544
-576
-602
-532
-488
-388
-319
-345
-398
-482
-471
-426
-326
-283
-254
-221
-234
-179
-175
-67
-20
48
-3
28
29
23
26
-66
-43
-59
54
115
140
126
31
59
67
169
229
248
311
274
388
356
360
286
183
248
310
461
475
420
291
89
-64
-195
-260
-323
-289
-280
-218
-198
-196
-99
-52
53
26
-29
-131
-213
-221
-216
-163
-95
3
105
177
195
159
47
23
70
131
186
140
97
36
-21
-29
-71
-66
-24
46
119
138
126
66
-10
-17
-28
25
44
67
77
13
-13
-62
-12
9
-8
-88
-198
-161
-90
23
43
42
29
42
34
-22
-106
-176
-126
-114
14
45
111
66
-5
-98
-127
-85
-86
-60
-166
-169
-218
-145
-97
-122
-124
-210
-158
-217
-184
-247
-238
-136
-72
50
18
99
43
102
63
43
114
128
238
190
190
92
57
78
135
279
310
376
253
148
1
-65
96
207
411
415
406
269
113
-1
-118
-91
-74
51
116
153
129
31
-12
-24
23
92
118
108
-15
-76
-161
-171
-119
-109
20
-20
-60
-185
-257
-239
-248
-159
-249
-212
-279
-381
-397
-484
-345
-341
-260
-308
-341
-327
-369
-248
-278
-101
-35
46
83
42
89
74
163
151
224
210
212
204
178
262
280
321
294
241
152
138
118
71
96
115
192
225
207
142
100
155
171
248
165
116
15
-45
-34
-19
133
161
242
184
199
127
99
172
172
273
219
93
12
-120
27
96
304
364
385
291
-40
-242
-565
-560
-642
-513
-454
-484
-413
-475
-331
-384
-284
-306
-335
-344
-511
-382
-419
-280
-197
-152
-40
-97
17
64
159
146
104
50
-10
105
181
326
317
240
157
37
83
103
184
200
228
206
177
131
93
128
116
157
129
175
132
150
190
175
225
152
81
-27
-107
-67
-2
86
76
34
13
-130
-187
-220
-167
-77
8
68
25
-9
-115
-127
-43
35
129
114
52
-47
-126
-34
-43
-29
-49
4
55
-48
-55
-149
-176
-187
-143
-51
-122
-104
-201
-141
-168
-114
-27
-5
141
38
99
-62
-119
-111
-39
143
161
218
199
104
21
33
69
181
200
237
228
194
240
210
157
52
31
75
81
9
-73
-74
-127
-80
-121
-51
-5
45
90
-5
12
-146
-273
-369
-342
-306
-153
10
12
-49
-100
-122
-46
33
-50
-59
-184
-122
-115
0
-13
-60
-39
16
118
85
141
65
-85
-97
-64
29
69
123
10
-10
-38
-88
-57
-81
19
42
188
167
146
77
93
61
108
191
195
140
146
64
65
166
160
230
186
162
157
34
12
-52
3
155
235
246
37
-103
-213
-247
-221
-197
-88
-45
95
64
57
-40
-301
-362
-447
-268
-149
-61
26
-82
-213
-142
-322
-211
-257
-150
-116
-241
-101
-288
-100
-102
47
48
28
165
0
72
-119
-71
-59
13
245
195
337
103
160
22
86
188
154
311
184
236
261
234
221
105
208
279
237
263
14
126
-55
176
155
119
195
-71
50
24
208
2
5
-111
-223
-259
-124
-52
-20
94
-113
-122
-231
-395
-219
-114
-59
-167
-141
-154
-217
-130
-109
-154
-211
-120
-312
-175
-200
-150
-147
-142
-148
-240
-114
-87
-6
135
66
171
-33
49
62
24
171
177
209
159
-75
-22
-37
-50
132
194
213
277
272
147
-10
77
-15
2
154
56
290
42
123
-98
-45
88
44
479
123
234
52
163
50
96
440
131
407
203
39
12
-156
-199
-126
-20
114
37
25
-219
-224
-292
-99
-239
-81
-41
-292
-292
-235
-200
-232
-13
-116
-118
-183
-282
-438
-143
-181
33
123
-149
-178
-339
-230
-244
-236
84
267
-155
157
-462
-213
-335
-127
89
-33
385
35
234
90
31
278
138
404
104
310
264
259
400
270
376
244
146
97
190
228
185
151
102
-165
319
-55
282
143
-86
-85
-3
-95
-96
-57
95
-187
-152
-29
-184
91
-98
-132
-192
-192
-168
59
-217
-60
-35
-213
54
-148
47
135
218
249
-232
9
-399
-76
77
-278
187
-129
-142
-4
-146
-229
-237
-193
-127
-83
137
247
-149
32
-420
-50
-202
-79
454
-19
382
-20
112
-59
-17
-33
186
180
200
156
118
212
-269
384
-135
244
473
194
113
-37
-200
-58
38
106
323
-105
189
-382
-131
-360
-252
107
-213
-54
-105
19
-131
-21
-73
-18
32
184
271
73
301
-166
162
-63
219
191
-154
66
-245
79
-1
6
-10
-65
42
181
-193
-159
-303
-283
50
-342
-20
-135
162
-293
-184
-334
-109
-18
75
131
-36
-107
109
-20
-11
289
5
229
181
111
36
131
24
93
5
197
71
135
44
-29
-57
30
97
-27
237
-90
-126
-112
-180
-32
71
-58
-57
-30
-358
199
-138
67
-27
31
-61
66
-15
129
195
281
81
-56
327
-211
283
30
96
13
40
-74
-67
-67
-103
-212
-50
-64
-247
126
-307
-107
-283
52
21
-192
63
-132
-177
90
-98
53
189
-57
260
18
-33
155
-155
153
24
37
188
28
245
-54
105
142
-54
359
-87
270
-42
-11
319
-216
-33
-58
-17
38
147
-98
-52
-235
-243
3
-65
58
-130
-20
-156
-115
-67
-10
20
-60
177
-157
-95
-76
78
-125
152
-152
193
-27
-217
223
-247
148
-196
32
90
-73
-7
-24
-291
57
-92
179
-4
-47
202
-185
131
-285
110
112
-3
117
201
-146
328
-74
-49
100
-218
265
-163
184
-149
150
-97
-5
-71
306
-230
100
-93
-441
135
-202
317
33
31
-26
-172
16
229
1
144
162
150
303
183
-19
-53
31
21
103
126
78
54
-56
-84
-260
-68
-85
-118
62
-139
-23
-27
-285
-111
-152
31
-159
-39
-45
-174
78
18
-102
-76
136
11
100
-2
150
-17
98
-33
-13
-35
143
-52
89
130
-94
-31
150
-30
57
223
-94
15
-120
132
-99
-63
-73
121
-60
153
-47
-157
-70
-138
131
-158
290
-201
99
116
-144
181
-157
99
-100
152
-94
42
49
223
49
200
-55
-20
71
-214
175
-149
31
78
87
-90
53
-263
-1
-186
49
-32
-172
284
-374
38
-154
64
-60
-1
220
-77
-57
17
-7
85
65
127
-41
-31
113
105
65
20
-165
36
6
-221
34
-90
-160
105
-158
-59
-28
7
-34
-14
62
-154
93
-42
36
-60
26
-35
76
76
-2
23
106
-25
96
-60
47
-15
8
8
83
113
27
-33
-51
85
-33
162
91
72
-158
-20
-107
-140
15
177
-111
211
-189
-125
204
-289
149
-1
99
-40
-64
114
-192
-6
199
-76
178
121
77
33
-58
61
-197
199
-126
90
44
-98
-54
15
166
-322
160
-381
138
-62
79
-48
-72
-21
-69
115
-132
-146
-11
-177
59
251
-171
118
-180
63
-201
41
29
-69
181
120
-56
69
73
-26
25
-4
-124
174
11
-10
9
-6
-67
-30
113
52
-3
75
61
64
122
178
-48
-102
239
-171
198
-25
-80
80
0
3
-116
20
-199
-22
-10
-77
-10
107
-180
-39
-37
-34
15
-172
-96
-39
-40
100
37
171
-12
30
124
-214
187
-169
70
151
-46
204
-22
-42
10
-234
11
-133
-36
14
-96
110
-68
-72
59
-83
157
-163
-124
174
-242
136
-7
95
120
-17
84
-115
133
21
-96
179
-193
126
30
-29
-127
200
-78
98
-24
68
-63
-63
12
-56
171
-117
231
-216
-12
-177
-16
-1
97
22
-105
192
-136
-53
37
-51
83
52
-23
81
-130
72
184
-207
137
-64
57
157
-69
103
13
80
-6
-49
138
-80
204
-65
50
55
-181
244
-120
22
40
-39
-36
-96
-100
-17
-34
-14
-32
-91
105
-140
57
-241
104
-183
-75
-5
-95
98
30
30
-53
-1
-107
193
-304
309
-111
49
196
-257
295
-261
216
-135
52
55
-155
35
151
-181
68
-50
29
-64
-40
167
-18
174
-104
211
-171
50
-56
45
20
104
-17
-43
190
-219
233
-156
98
-35
-48
96
-66
-21
-161
39
-102
-122
-23
-57
45
115
-45
81
75
6
-19
37
-97
7
3
207
219
-109
167
-225
106
-174
-211
208
-235
215
9
68
-44
-164
24
-51
14
-113
79
-38
-71
-36
19
-95
-8
3
-95
196
-169
123
-42
-2
96
18
55
-103
-56
225
29
35
99
-50
119
79
117
-136
-124
138
-232
114
-64
-62
181
-159
187
-244
-65
-101
-36
152
-48
17
143
-130
88
-49
41
-173
32
173
12
56
12
-5
39
-28
-58
97
-34
-22
118
-57
-36
74
-55
-23
47
75
-147
60
-141
-20
55
-48
2
-30
75
-104
21
38
-32
161
-50
59
-11
-15
45
17
34
-95
-69
80
-35
21
-78
155
15
-106
292
-207
124
-86
-21
-114
-88
33
-70
20
37
-82
-29
-15
-33
-39
-188
92
-108
19
88
-101
-61
-58
-40
53
-185
352
-174
238
90
-173
170
-96
123
-69
45
45
-127
215
-6
32
131
-184
200
-62
143
36
-106
213
-176
4
33
-142
140
65
-70
38
-72
-60
35
110
-64
98
-53
-22
0
10
20
58
-14
6
29
-38
64
-192
122
-162
46
-50
-96
-22
-72
69
-50
-110
-32
-118
56
-54
-42
70
-177
184
2
27
147
-50
56
38
-250
276
-163
4
236
-227
228
-87
104
45
-66
13
-85
71
-162
24
165
-127
148
48
-113
99
-108
-9
2
38
-46
12
125
-137
67
-41
40
-41
117
91
-191
166
-114
23
23
63
-161
59
-10
4
24
-10
-66
-20
33
-113
210
-200
188
-87
50
-111
-6
83
-9
-168
151
-103
-26
83
-72
134
-137
190
-97
72
-190
108
-50
-60
57
80
22
-120
57
-84
-115
-84
148
-29
-20
130
1
-159
100
-70
110
-65
1
131
-133
176
-254
257
-145
-36
90
-130
66
-37
64
-34
39
-7
127
-189
174
-59
-63
146
-37
-4
-47
97
5
-44
43
35
61
52
-53
23
30
-120
91
-108
-50
62
-63
69
-47
-37
44
25
-2
-21
86
-123
18
14
20
107
-103
205
-167
84
-71
-123
102
-249
233
-27
6
36
-251
137
-86
-183
160
-120
83
108
-97
185
-196
-34
121
-205
267
-235
287
54
-229
271
-258
234
-50
110
42
-90
93
-92
-180
322
-343
253
-16
-132
173
-144
68
-42
-41
45
-66
105
-103
-86
220
-241
195
-138
-32
164
-136
108
-18
6
-6
35
-146
14
-20
30
-82
140
-6
-119
175
-220
121
-185
87
80
-187
138
31
-107
57
170
-127
76
-47
125
-113
95
-121
142
113
-111
238
-73
-96
58
34
-126
94
-22
90
-133
90
-158
-13
3
-197
287
-253
109
31
-62
-82
-52
-71
0
0
-53
18
-56
-14
-46
72
-169
213
-181
168
-62
-115
276
-98
112
58
90
-69
15
36
-16
11
18
-30
109
-68
69
7
-138
46
-152
218
-127
-45
74
-1
-101
78
-57
128
-134
118
17
-192
221
-59
76
58
89
-40
14
-1
-1
-117
292
-278
169
4
-78
181
-225
181
-128
33
-19
-124
102
-14
-128
134
-146
-18
31
-23
-48
1
99
-107
12
-115
73
18
-24
104
-83
-14
75
-86
-71
44
-104
113
-70
91
-102
68
18
-95
103
6
-47
36
21
37
-21
-70
174
-121
26
48
0
-88
40
53
-70
64
-2
41
-39
43
104
-137
220
-131
48
103
-91
161
-78
48
-110
36
65
-88
113
-87
28
-5
-66
92
-52
-72
12
-101
15
-7
-4
-52
-93
93
-81
-71
148
-185
127
-52
-64
55
-60
69
-114
107
-117
92
-67
105
-112
149
-104
66
66
-153
208
-171
99
5
-11
21
-83
80
8
-99
135
-144
175
-175
74
79
-146
95
-42
83
-50
-24
73
95
-154
166
-14
-5
10
111
-63
-5
30
-46
-28
22
-6
-53
88
-121
82
18
-33
-75
98
-108
67
-22
-22
-54
75
-86
-50
-27
2
24
76
-110
151
-121
-56
109
-145
78
-74
59
-132
38
120
-136
93
-69
-43
67
-10
18
70
-50
99
-41
195
-135
86
14
-31
53
-9
-68
88
-86
-8
187
-212
140
13
-21
-28
39
-39
-13
-2
106
-98
46
-11
3
63
-115
63
-144
115
-124
76
-55
-35
84
2
-82
87
-5
-54
-4
99
-67
-95
241
-168
125
-2
-42
29
0
79
-147
235
-158
-7
-15
68
-193
33
23
25
-40
83
67
-153
94
-66
-91
34
9
3
2
-2
-1
-89
81
-60
4
42
-9
7
-57
-28
-31
-19
48
22
-70
109
-82
-60
61
30
24
-67
108
-33
-92
161
-140
67
-50
100
47
1
103
9
-31
50
16
-51
64
-118
128
-74
57
29
-124
64
-33
53
-88
59
-51
-43
19
-88
52
-13
-67
-46
113
-156
112
-41
-1
26
-36
60
-2
110
-90
68
80
-45
27
30
-36
49
-38
104
3
-42
7
-52
-5
-93
31
-41
26
-67
-37
68
-79
-43
-18
35
-126
61
-45
30
45
3
64
-29
21
85
20
4
-19
34
-16
42
-40
27
1
-74
139
-112
-31
9
-29
-59
-56
73
-51
-16
45
-131
40
-6
-75
76
41
-38
80
-65
86
-6
22
-14
-55
39
-25
29
26
-54
66
-20
31
-3
-8
13
-14
18
-11
-55
42
57
36
-29
42
-15
25
-76
34
143
-61
50
-7
-26
-5
57
-69
55
0
28
-45
10
-18
-84
13
-37
28
18
62
-24
7
-64
124
-140
24
-11
9
-3
-19
-39
-10
59
-120
109
-110
67
-87
147
-191
21
42
-70
145
-81
83
-2
-25
9
23
33
-87
57
28
-71
113
19
-21
14
21
-16
-99
225
-59
-124
159
-91
-64
51
45
-61
-33
36
-100
9
165
-206
141
-112
8
71
-71
51
-127
97
-3
-27
8
-72
11
99
-167
166
-185
95
-23
-85
44
-63
73
-92
90
37
-65
125
-29
-42
115
-8
-51
35
25
-146
69
61
-87
136
-8
-63
-52
-18
92
-85
95
3
-15
85
-45
-13
30
50
-123
62
95
-126
41
139
-212
140
-126
33
-12
-81
107
-48
73
-86
35
-25
-43
41
10
-124
167
-150
117
62
-159
109
-117
68
-87
54
111
-65
21
47
-58
16
34
86
-137
32
37
-98
93
29
-38
-96
195
-57
-76
88
-112
-93
-25
44
-7
-125
143
-150
16
-7
-40
27
-111
209
-111
88
85
-50
-17
130
-134
217
-97
-35
49
-25
-5
-17
134
-172
235
-133
41
61
-100
31
-6
-76
-35
147
-128
21
-6
37
-43
131
-17
-30
124
-31
-66
75
-16
-39
77
-52
105
-65
23
-65
-2
2
-186
287
-186
77
36
-98
-72
52
8
-55
141
-110
109
-7
-76
-24
-10
-73
40
37
-15
49
13
-66
-19
34
35
-48
107
107
-184
87
-87
95
-189
240
9
-213
277
-212
40
-90
22
-23
-121
137
35
-72
43
-95
-80
84
-126
197
-79
-15
-81
-9
92
-157
169
-79
12
-81
23
149
-159
59
168
-168
206
-99
79
-45
29
47
-54
71
-43
21
36
-50
-72
94
-102
193
-123
10
-45
-49
91
-124
108
-19
-123
168
-78
1
105
-77
206
-243
253
-185
-33
60
-72
15
57
64
-73
-29
78
-153
-78
207
-115
29
50
11
-53
-120
73
-74
-60
249
-109
-25
109
-69
-50
87
57
-91
93
68
-207
128
37
-85
57
-61
95
-91
-31
65
-68
87
-84
65
-50
-21
82
15
-24
76
-35
89
-49
14
16
75
9
-87
38
38
-145
79
30
-148
185
-134
60
-146
130
50
-67
-90
28
1
-128
119
-103
57
-22
47
20
-185
63
130
-145
-111
126
-11
-155
177
-92
-79
102
-115
59
76
-131
58
32
-1
15
-4
49
-47
61
34
-128
136
-102
35
110
-16
101
-207
135
-118
31
102
-97
84
125
-79
130
-82
39
-105
-130
151
-150
272
-214
189
40
-194
153
-140
10
-28
59
150
14
60
-9
-90
137
-164
18
114
-212
130
-107
41
-211
88
5
-155
116
-71
28
-62
-58
99
-46
12
6
100
51
-107
72
-73
24
1
66
10
-60
69
40
-115
-43
199
-47
63
1
89
-155
70
-54
-30
-88
52
134
-82
34
90
-135
-44
104
11
-74
-25
8
-95
-21
-94
70
-80
53
36
-118
62
16
-80
12
48
-102
97
-50
71
108
0
-55
142
-17
-127
229
-64
38
-10
59
-15
-52
-89
84
-53
-112
106
-41
-128
-1
-46
-14
37
46
64
-46
8
-31
9
-163
260
63
-68
146
53
-168
10
23
-14
-34
3
115
36
-49
-29
117
-124
5
-49
-66
-43
-5
-77
31
-68
101
51
21
31
6
38
-55
-34
59
19
24
120
-35
5
-40
-1
-105
23
105
-55
61
-107
11
56
-148
161
-124
-46
0
-45
58
-45
59
-7
25
24
-12
62
-56
-42
60
-35
38
61
-25
-13
-4
16
-30
91
53
-146
33
-31
-5
50
-33
68
-102
-2
3
-47
27
27
-35
34
-5
68
39
-57
-79
92
-63
-22
98
32
-75
71
73
-125
-4
39
-52
30
2
121
-68
-111
26
-71
-28
-57
35
2
12
78
13
-46
44
-49
63
-80
-6
-37
50
116
-115
28
-3
-24
-9
73
-65
5
121
-81
-16
160
-130
-49
49
29
-27
37
1
-54
57
-45
131
-64
70
-81
-19
-73
-17
55
-98
118
-29
32
23
-67
-7
-86
-45
-15
-9
13
-70
146
-82
35
12
-65
-52
-98
-1
43
-39
55
121
-11
73
14
114
-123
90
51
4
108
-66
-16
76
-50
39
-6
20
-97
61
54
-149
129
-115
9
39
-64
89
-24
-49
-41
69
9
-58
6
27
-30
47
79
-58
-33
-60
52
-39
-9
61
-26
17
-63
85
11
-13
-69
53
-106
-31
119
-11
-60
62
172
-137
-10
6
-20
-130
222
-117
13
15
10
-30
-65
-42
-26
44
-59
158
-36
-3
-43
-1
-56
102
-87
203
-90
-3
111
-108
58
-50
129
-38
-57
-1
-41
-122
59
-52
55
-96
83
-52
-132
46
12
-13
89
38
-34
56
-69
119
-112
193
-27
8
58
-68
43
-34
40
-17
61
-115
102
-13
-96
-17
-48
9
-140
84
-40
54
23
-13
88
-46
7
53
-93
26
11
-26
1
88
5
-51
71
-89
9
-93
80
-4
-103
76
47
-4
33
62
-86
70
-49
44
-15
-13
-24
15
-41
35
-87
86
-85
13
-43
24
41
-4
121
-202
168
-77
1
-58
124
-119
-31
92
-35
63
-27
12
-167
-2
115
30
-69
118
-81
-90
126
40
-76
18
85
-105
13
10
58
-60
-19
115
113
29
108
14
-89
-7
-42
-48
43
9
-6
-11
-144
-113
-16
-37
-35
120
-2
-74
87
-115
-33
-21
-10
84
34
129
-96
-28
-65
-35
59
18
72
-71
71
52
-96
80
55
-18
4
2
-42
-47
-12
-45
73
61
61
0
17
-68
-36
41
-102
65
17
-20
122
-82
-14
-29
67
-27
16
105
-78
9
14
-91
41
54
-40
39
-73
24
-24
-19
8
-150
38
-53
77
85
-130
195
-146
36
-52
70
25
-108
101
-109
113
-69
24
2
39
-17
-84
139
-137
85
-9
74
-153
56
20
5
82
45
-96
5
4
26
44
-18
-3
-66
67
-61
33
-28
-24
-40
86
-45
19
-15
41
-14
-94
83
-74
-11
-39
145
-157
148
-144
96
-15
5
65
-9
37
-57
87
-62
114
-50
25
-123
91
-116
104
14
-9
5
-25
83
-138
71
25
-6
-37
-9
-16
5
-45
43
-35
151
-55
16
51
-34
-173
41
-5
-105
43
29
-9
11
-24
-9
51
-19
-46
-2
-9
30
51
-14
108
5
55
-26
57
-64
-41
-1
-19
2
-85
85
-29
-92
-29
-61
-78
53
-60
-44
116
40
-58
136
-80
-44
134
-106
63
43
1
86
-2
127
-108
19
-21
-40
12
-102
191
-105
-49
124
-87
-64
-67
97
-28
-83
154
12
-58
66
41
-152
0
80
-142
-14
98
11
-17
148
47
-53
-39
36
0
-107
144
-38
-38
22
17
-17
-103
104
-11
18
4
16
51
-65
84
-100
67
-57
33
8
-17
-35
11
-65
-37
-10
29
69
28
-59
53
-65
22
-25
-74
87
-65
85
-75
46
-21
-33
38
61
0
-41
11
-7
-56
-39
65
-79
131
-113
97
-84
58
84
-86
194
-90
62
-160
20
2
-81
73
3
-65
45
-82
82
-122
-7
36
33
32
-4
66
-60
22
-84
153
-29
38
45
82
-163
1
100
-140
11
16
-29
5
30
-61
53
-54
38
45
29
-41
-75
12
-122
45
102
-15
9
-45
104
-57
-49
146
-109
-25
100
29
-41
-108
150
-164
18
85
16
18
-105
85
-129
107
-37
35
59
-40
-14
-9
86
-81
55
58
-194
48
29
-1
4
22
10
-170
96
-29
39
-33
108
-16
-70
87
-115
41
-78
-1
12
-52
30
-21
64
19
31
107
-86
41
35
-53
91
-101
53
-23
-41
-24
85
-47
-47
129
-184
-5
116
-57
-15
53
20
26
40
-7
-14
30
-120
96
38
0
-16
-13
3
-3
-79
-9
-5
-70
75
-18
-58
29
34
-79
-30
48
-59
-13
54
2
-40
44
-52
54
-36
45
0
-27
118
59
-13
56
-53
1
31
24
-86
-54
62
-123
104
36
-34
-17
9
-82
22
40
-93
102
-51
50
-17
-12
24
-71
47
38
14
-20
6
18
-99
28
29
-103
46
18
-74
8
62
-58
9
62
-29
67
-52
-2
-8
39
100
-54
30
9
-17
8
-26
-33
-31
29
-6
47
24
-20
29
-72
3
-48
11
-7
41
11
-16
129
-118
35
-58
148
-42
-27
33
-49
-11
-58
83
-8
-15
102
-91
17
8
-132
82
-65
-9
14
19
58
-40
-57
30
22
-54
-45
72
-29
-56
119
-115
110
35
-69
35
59
-116
-9
144
-94
-2
60
9
-84
174
-119
19
10
-36
4
10
-2
-44
-5
1
-15
15
28
-31
10
-19
45
-40
7
-41
57
-95
70
-16
97
-14
16
76
-90
63
-32
3
-37
58
-81
-88
35
17
-85
140
-50
63
-18
-50
55
-86
15
13
-67
103
14
-13
33
-16
38
-135
148
-56
35
-70
27
-29
-80
180
-139
92
-115
18
-10
33
-11
-33
119
-73
15
-15
-3
119
-46
21
-58
80
3
-122
109
-48
-17
-40
110
-35
-51
73
-2
-31
25
38
-56
-29
-12
33
-82
-53
116
-84
29
98
5
-45
0
40
-70
-40
43
-39
21
55
1
-12
57
-43
-61
103
-74
7
33
37
-97
73
-18
-91
88
-17
55
-32
23
0
-40
-63
65
16
-41
-5
-41
39
-23
92
12
-65
43
-75
44
-22
23
16
-25
85
-86
98
-7
-86
20
-60
61
15
11
-61
27
46
-78
114
-73
15
-47
6
26
-54
51
-57
-13
-6
-9
33
-67
97
-52
12
56
-41
18
-10
12
-46
139
-126
41
112
-77
43
-32
-68
40
28
3
25
30
-51
-15
30
-70
-3
11
0
-4
-8
37
-52
-13
28
-39
2
-43
75
10
14
100
-96
95
-92
31
-28
-33
33
12
-57
-20
55
-66
-56
58
-15
-50
53
3
-25
41
47
24
-35
-10
31
-72
77
-27
6
14
-8
83
-77
81
5
-46
4
-86
-43
1
23
17
34
20
-39
35
-20
-54
-1
35
-24
43
-44
-45
47
-44
61
-29
15
25
-50
0
-12
16
20
3
54
-28
34
2
-45
50
-63
56
-27
-1
19
58
-47
13
36
-26
21
-62
78
-74
29
-11
-19
21
-22
-16
44
13
-3
-39
-6
-3
-63
50
-2
38
-27
-9
47
-42
0
29
-14
57
-44
-24
21
28
-77
47
21
16
39
-33
53
-55
3
-46
19
3
-52
94
-108
50
12
-78
53
-20
51
-41
30
-49
-6
-16
-48
5
-18
20
36
38
-29
29
-15
30
-53
43
0
21
-4
-22
31
-78
65
25
-9
26
-27
5
-75
4
68
-116
78
-13
93
-36
-59
57
-24
46
-34
38
-116
93
-64
4
86
-53
45
-38
-29
12
-18
6
20
67
1
-70
43
-25
7
5
7
0
-43
3
20
21
-105
-2
66
-35
-29
68
14
-34
-13
91
-110
28
-2
-46
37
-70
87
-52
48
-14
-51
51
2
19
-50
77
19
-65
61
-72
-26
68
-61
90
-3
66
-51
-16
33
-80
54
22
2
41
-62
-11
-32
-28
24
-3
43
-35
-1
42
-16
-93
32
24
-37
30
-27
50
-17
22
-63
103
-40
-4
56
2
-16
-47
71
-115
93
-27
22
-43
-10
-22
-10
44
-23
58
-118
96
-10
20
-23
-7
-2
-18
0
65
2
7
-20
2
19
13
38
-135
79
-63
36
-42
38
14
-19
-16
42
3
-83
11
-18
-65
45
47
-69
37
-5
22
9
35
-52
-5
42
37
-40
48
-21
28
12
41
-54
18
2
4
4
-36
7
26
17
-46
-34
34
-25
-27
42
6
-21
-25
18
-7
-4
-2
41
-21
-54
54
8
-43
-10
-25
32
-15
5
-44
71
-91
44
62
-64
95
2
29
-97
73
-33
6
126
-45
-11
-13
14
-18
-63
53
-27
-11
-15
29
-5
-78
42
-39
3
-17
-20
10
0
-35
31
15
106
-18
-22
5
-61
-20
-23
82
-61
35
22
-3
74
-55
-14
16
22
-52
-29
54
-35
-42
36
52
21
-72
15
-17
14
55
-54
53
18
-11
-49
66
-12
-61
30
59
-20
14
-1
17
-64
-27
23
6
28
8
24
-58
45
-71
-7
15
-37
11
35
22
14
-62
11
-21
17
33
-10
13
-33
-10
-19
-33
-12
27
14
28
4
20
-15
-22
-39
75
8
-3
2
51
-37
-26
-11
-47
13
37
-12
29
63
-108
-31
-2
10
64
-20
-21
68
-37
5
13
56
-52
30
32
-110
30
13
-29
52
0
-45
32
-31
11
3
56
-109
16
-7
47
-44
10
38
-49
12
18
-55
-32
83
-70
94
-7
26
-58
42
8
16
-56
4
-43
-24
51
-30
101
-60
133
-120
5
19
-28
-15
-19
92
-50
35
15
-23
-6
-1
-8
25
-30
58
-40
-21
65
-53
-30
52
-48
20
29
-39
53
-76
22
-70
6
4
-35
66
11
24
32
-12
-21
-25
12
2
28
2
-39
33
5
-46
12
-19
57
-31
38
20
-50
-30
29
-53
-8
56
-36
-5
6
34
3
19
-18
23
-3
-54
-6
-30
39
22
-30
44
-20
16
-4
-26
17
35
-6
24
-24
-32
2
5
-14
-31
48
-21
70
-50
36
-38
23
-58
22
15
5
44
-71
45
-23
-30
-11
66
-87
85
-42
20
-42
3
-6
-45
78
-49
52
-34
34
17
-18
36
41
-30
4
-68
52
-69
-1
37
-60
88
-67
108
-53
-34
55
-84
37
-47
36
35
2
41
10
-17
-6
-4
-12
-48
51
3
-14
33
-61
18
5
34
-44
2
-15
-2
10
-37
13
10
-28
71
32
-59
44
-23
-44
-56
86
-43
29
-20
28
-13
-16
50
-22
26
-12
15
-4
30
16
1
17
-10
-48
