0
-1
0
0
0
0
-1
0
0
0
0
0
0
0
0
0
0
0
0
0
0
-1
0
0
0
0
0
0
0
0
0
1
0
-1
0
0
0
0
0
0
0
0
0
0
0
0
0
0
0
0
0
0
0
-1
0
0
0
0
0
0
0
0
0
0
0
0
0
1
0
0
0
0
0
0
0
1
0
0
0
1
1
0
0
0
-1
1
1
0
0
0
0
0
0
0
1
0
0
0
1
0
0
0
0
0
-1
0
0
0
0
0
0
0
0
0
0
-1
-1
-1
0
0
0
0
-1
0
0
0
0
0
0
0
0
0
1
0
1
0
0
0
0
0
0
1
-1
0
1
-1
0
0
0
0
0
0
0
-1
0
0
0
-1
0
-1
0
0
0
0
0
-1
0
0
0
0
0
0
-1
0
0
0
0
0
0
0
0
-1
-1
0
0
0
0
0
1
0
0
0
0
0
-1
0
0
0
0
0
0
0
0
0
1
0
1
0
0
1
-1
1
0
0
0
-1
-1
0
0
0
-1
0
-1
0
0
0
-1
0
0
0
0
1
0
0
0
0
0
0
1
0
1
0
0
0
0
0
0
1
0
0
0
1
1
0
0
0
0
0
0
0
0
-1
1
0
0
0
0
0
0
0
1
0
0
-1
0
0
0
-1
-1
0
0
1
0
-1
0
0
0
0
0
0
-1
-1
0
0
-1
1
0
1
0
0
0
0
0
0
1
0
0
0
-1
0
0
0
0
0
1
-1
0
0
0
0
0
0
0
0
0
1
0
0
0
0
0
0
-1
0
0
-1
0
0
-1
0
0
0
0
0
0
0
0
1
0
0
-1
1
0
0
-1
-1
0
0
0
1
-1
0
0
0
-1
1
0
0
0
1
-1
0
0
0
0
0
0
0
0
0
0
0
-1
0
0
0
0
0
0
0
0
0
0
1
-1
0
0
-1
1
0
0
0
0
0
0
0
0
0
0
0
0
0
0
-1
0
0
0
0
0
0
0
-1
0
0
0
-1
0
0
-1
-1
0
0
0
0
0
1
1
-1
0
-1
0
0
0
0
0
0
0
0
1
0
0
0
0
-1
1
0
0
1
0
0
0
0
0
1
1
0
0
0
0
0
-1
0
-1
1
0
1
0
0
1
0
0
1
0
0
0
1
-1
-1
1
0
0
0
-1
0
0
1
0
0
0
0
0
0
-1
0
0
0
-1
0
0
1
1
-1
0
0
0
0
0
0
0
0
0
-1
1
0
0
1
0
0
0
0
1
-1
0
0
0
0
-1
1
0
0
-1
0
0
0
0
0
-1
0
-1
1
0
0
1
0
0
0
0
0
0
0
0
-1
0
0
0
1
0
1
0
0
0
0
-1
0
0
1
1
0
0
0
-1
-1
0
0
0
-1
0
0
1
0
1
0
0
1
0
0
1
0
0
0
0
0
0
0
0
0
0
0
-1
1
0
0
0
0
0
0
0
0
0
0
-1
0
-1
0
0
0
0
0
-1
0
0
0
1
0
0
0
0
0
0
0
0
0
-1
1
1
-1
0
0
0
0
0
0
0
0
0
0
0
0
0
-1
0
0
0
0
0
0
0
0
-1
0
0
0
0
-1
0
-1
0
0
0
0
0
-1
0
0
-1
0
0
0
1
0
0
0
0
0
0
1
0
0
0
0
0
1
0
0
0
1
1
0
0
0
0
0
0
0
0
1
1
1
0
0
-1
0
0
0
-1
-1
0
0
0
0
0
0
0
0
0
0
0
0
0
0
0
0
0
0
0
0
0
1
1
1
0
-1
0
0
0
0
0
0
1
-1
-1
0
0
0
0
0
1
0
-1
0
0
0
0
0
0
0
0
-1
0
0
0
0
1
0
0
0
0
0
-1
1
1
0
0
0
0
1
0
0
0
0
0
0
0
0
0
0
0
0
1
0
0
0
0
0
0
1
0
0
0
0
0
0
0
0
0
0
1
0
-1
0
0
0
0
-1
0
0
0
0
0
0
-1
0
0
-1
0
0
0
-1
1
0
0
0
0
0
0
0
0
0
0
0
0
0
-1
0
-1
0
0
0
0
0
0
0
0
0
1
0
0
0
0
0
0
0
0
0
0
0
1
0
0
0
0
0
0
0
0
0
-1
0
0
1
0
0
0
0
0
0
0
1
0
0
0
0
0
0
-1
0
1
0
0
0
0
0
0
0
0
-1
0
0
0
0
0
0
0
0
1
0
-1
0
1
0
0
-1
0
0
0
0
-1
0
0
0
0
1
0
0
0
0
0
0
0
0
-1
0
0
0
0
0
0
0
0
0
1
0
0
0
0
0
1
0
0
1
0
1
-1
0
0
0
0
0
0
0
0
-1
0
-1
-1
0
0
0
0
0
0
0
0
0
0
-1
0
-1
0
0
0
0
0
0
-1
0
0
0
0
0
0
0
0
0
0
0
0
0
0
0
0
0
1
1
0
-1
0
0
0
0
0
0
0
0
0
0
0
0
0
0
0
0
1
0
0
0
0
0
1
0
0
0
0
0
0
0
-1
-1
0
0
0
0
0
-1
-1
0
0
0
-1
1
0
0
-1
0
0
0
0
0
0
0
0
0
0
0
0
0
0
0
0
1
0
0
-1
0
0
0
0
0
0
1
0
0
-1
-1
0
0
0
0
-1
0
0
0
0
0
1
0
0
1
0
1
0
0
0
0
0
0
-1
0
0
0
0
0
0
1
0
0
0
0
0
0
-1
-1
0
-1
0
0
0
0
0
0
0
0
0
0
0
0
0
0
-1
0
0
0
0
1
0
0
0
0
0
0
0
0
0
0
-1
1
-1
0
0
0
0
0
0
0
0
1
0
1
0
0
0
1
-1
0
0
0
0
0
0
0
0
0
0
-1
0
0
0
0
1
1
0
1
0
0
0
0
0
0
0
0
0
0
-1
-1
-1
-1
0
0
0
0
0
-1
0
0
0
0
0
-1
0
-1
0
1
0
0
1
0
0
-1
0
-1
0
0
0
-1
0
1
-1
0
0
0
0
-1
0
1
0
-1
1
1
0
1
-1
0
0
1
0
0
-1
1
0
0
1
0
0
0
0
1
0
0
0
0
1
0
-1
0
-1
0
1
0
1
-1
0
1
0
0
0
0
0
-1
0
0
0
0
0
0
0
0
0
0
-1
0
1
0
1
0
-1
0
0
1
0
0
0
0
0
0
-1
0
-1
0
0
0
0
0
0
0
1
0
1
0
0
0
0
0
-1
0
0
0
0
0
-1
0
0
0
0
0
0
1
0
0
0
0
1
0
0
0
0
0
0
0
0
0
-1
0
1
0
0
0
0
0
0
0
0
0
0
0
0
0
0
0
-1
1
0
0
0
-1
0
0
0
1
0
0
0
-1
0
0
0
0
0
1
0
1
0
0
-1
0
-1
0
0
0
0
-1
0
0
0
0
0
0
0
0
0
0
0
0
0
0
0
0
0
0
1
0
0
0
0
0
0
0
0
1
0
0
0
1
0
0
0
0
0
0
0
0
1
1
0
0
0
0
-1
0
0
1
1
0
0
-1
1
0
0
-1
0
0
0
0
0
1
0
1
0
0
0
0
0
-1
0
-1
0
0
-1
0
0
0
-1
0
0
0
0
0
0
0
0
1
-1
0
0
0
0
-1
0
0
0
0
0
1
0
0
0
0
1
0
0
0
1
1
0
0
0
0
0
0
0
0
0
1
0
-1
0
0
0
0
0
0
1
-1
0
0
1
1
0
1
0
0
0
0
1
0
0
0
0
0
-1
0
0
-1
0
0
0
0
-1
0
1
-1
1
0
0
0
0
0
1
0
0
0
-1
1
0
1
0
-2
-1
0
1
0
0
-1
2
0
1
1
-2
2
-1
0
1
-2
0
1
-2
1
-1
-1
0
0
1
-4
0
-3
1
2
1
1
-1
1
-3
4
-3
2
-2
2
-1
2
-1
0
0
-1
1
-3
1
-5
4
-2
4
-3
3
-1
2
3
0
2
-3
2
-6
4
-3
0
3
-3
2
-2
0
0
2
-2
0
-2
1
0
2
1
-2
1
-4
3
0
2
3
-2
1
-2
1
-1
1
2
-5
3
-6
0
2
-5
6
-7
4
-6
2
4
3
9
-3
4
-7
0
0
-2
2
-2
-2
4
-4
4
-2
-3
3
-8
5
-5
3
2
5
-3
3
-5
1
2
-3
7
-10
3
1
-6
10
-6
3
0
0
-2
1
0
-3
6
-7
2
-2
-5
5
-5
6
-3
-1
3
-4
5
-1
2
-3
-2
-2
-3
3
-2
2
6
-2
4
-3
-5
2
-4
6
-5
1
-3
0
4
2
-3
-1
-3
-2
3
2
0
1
4
1
5
1
-6
1
-8
-1
0
-4
7
-1
4
5
-3
3
-1
-1
1
-1
-1
-2
1
-6
7
-5
11
-5
2
0
-8
12
-6
6
-2
-5
3
-2
5
0
-3
-6
-1
-8
7
3
0
3
-2
6
-1
6
-6
2
-9
6
-2
0
7
-7
8
-6
1
0
-7
11
-10
10
-11
8
-5
0
8
-22
15
-18
6
2
-5
12
-2
10
4
-3
6
-10
7
-1
-7
-1
-7
1
7
-6
2
2
-7
16
-12
1
-3
-4
-5
12
-14
9
-2
0
15
-6
15
2
-4
-1
-9
-12
0
-10
4
6
-1
6
8
-5
22
-13
8
-3
-9
7
-21
15
-23
0
8
-15
15
9
-7
10
-4
-8
9
-6
6
-4
2
-1
17
-6
8
-14
-4
-5
7
14
-27
30
-40
16
4
-9
10
-21
9
4
-1
4
-4
-6
3
18
-3
10
-9
-5
-2
4
16
-22
22
-28
17
-14
8
-8
-10
4
1
7
-20
18
-8
3
25
-25
9
-10
-7
40
-7
17
-18
-20
13
-10
2
15
-21
11
-2
-1
17
-26
7
-5
-9
13
-19
13
-3
0
24
-8
18
-33
21
-17
18
-9
-7
13
-26
25
-25
21
-11
0
8
1
1
-11
9
-18
13
10
7
-27
14
-16
14
27
-21
20
-48
23
-15
10
19
-14
-5
11
-7
8
5
-23
24
-37
28
1
-7
24
-39
27
-11
-18
33
-15
4
-1
-11
0
-12
16
5
9
-8
2
2
-1
-23
8
-5
-3
38
-41
26
-18
6
21
-10
0
1
-24
32
-27
32
-26
6
8
-7
14
-6
2
-2
4
-20
21
-13
-1
10
-21
3
-3
-14
45
-32
36
-40
21
-2
-12
37
-41
33
-18
-21
53
-45
37
-15
-12
29
-33
32
-36
22
-19
-4
1
9
-19
12
21
-3
-12
15
-41
28
10
-24
6
-24
45
-22
18
-9
-9
18
-9
10
-26
-3
10
-9
26
-13
30
-11
15
10
-29
4
-34
21
-21
8
-5
-28
36
-7
7
44
-33
30
4
-43
39
-65
32
-21
17
-19
8
16
-18
41
-32
8
-17
12
-9
23
-9
3
18
-20
41
-47
9
0
-15
31
-28
11
-26
17
-17
1
-2
-19
43
-23
45
-42
53
-30
12
-6
-43
73
-74
69
-58
29
19
-31
14
-13
20
-7
9
-27
16
-21
21
17
-29
12
-6
-13
30
-17
6
8
-25
19
-21
-7
-3
-21
34
-7
41
-63
49
-24
9
24
-18
-3
-11
57
-43
34
-26
-29
26
11
-8
-30
-10
17
13
44
-16
-9
-52
10
5
19
-6
-2
-13
-14
53
-10
39
-18
-21
-20
-1
0
39
-12
-28
40
-47
28
15
-39
32
-43
19
19
0
-1
3
-22
-1
14
-9
14
-19
21
-37
21
19
-47
43
-17
8
21
-16
11
-44
36
-13
-13
34
-46
16
13
10
0
6
-59
51
-3
-5
27
-30
19
-16
-3
-24
2
18
-2
6
36
-71
55
-16
-23
51
-31
13
7
-4
-4
5
-11
-3
-12
10
-38
18
14
-25
45
-26
-26
35
-45
22
40
-49
32
0
-2
11
-20
17
-14
42
-9
22
-33
-14
-2
2
38
-61
21
-8
28
-14
-14
-35
-22
3
21
17
12
4
3
24
-7
17
-29
-12
24
-10
-14
24
-7
-8
23
-34
30
-16
13
17
-28
7
-84
45
-70
42
50
1
33
-20
-1
-3
-11
5
44
-30
68
-13
-29
15
-23
21
7
12
-40
-40
-7
-43
-5
55
-14
-19
37
-14
6
-29
12
5
22
0
36
-2
-12
17
5
24
-5
3
-32
6
-8
-31
22
-75
13
29
-4
57
-49
23
-41
42
-15
-61
32
-76
28
-17
65
11
44
-5
14
-18
2
41
-48
97
-67
46
-64
-9
12
-36
37
-62
11
0
31
66
-3
17
-72
-54
-33
-36
-10
43
43
14
60
-51
106
-85
67
-34
-56
8
-49
84
-51
52
-16
34
-40
-14
2
-43
11
-42
33
-9
-12
76
-39
79
-29
27
-2
-18
23
-18
14
32
-13
-9
-35
-65
4
5
8
-9
-14
-57
56
-31
26
-5
7
-14
36
9
-11
47
-21
32
45
-32
7
23
-36
21
-64
-3
-52
63
37
1
-16
-39
-52
50
-12
15
35
-35
92
-36
67
4
-71
-25
-56
3
21
-34
20
-20
-11
75
-9
-16
-23
-39
9
11
18
27
15
42
6
-8
34
-13
29
43
-49
22
-41
-7
-47
42
6
-4
-16
-55
-33
2
31
-27
43
-89
-65
-7
38
41
124
-11
-31
-30
-103
70
-17
37
16
31
57
-31
33
-37
-36
48
-37
-21
-2
-36
12
24
-6
-18
24
-25
55
-38
-2
38
18
5
-26
24
7
23
-22
-8
-45
14
1
16
57
-44
41
22
-75
79
-29
-4
-49
21
-44
16
-20
-17
-3
-22
10
-110
41
42
27
42
51
-64
-21
-60
-51
42
-37
-12
95
-46
66
58
-26
105
27
-40
-7
11
-3
28
46
-52
-96
-2
-188
140
90
83
76
-47
-12
-114
-74
-57
23
8
-50
-63
-7
-115
100
40
-3
167
-37
14
74
-27
108
43
191
96
-7
-2
-216
-63
-182
-89
-9
-78
17
30
-49
10
-51
-108
-5
-31
-7
122
49
112
56
11
152
-101
165
-10
52
162
-40
109
-16
-59
-21
-85
-57
-97
-129
-107
10
-42
-68
-34
-184
86
-164
66
-78
-5
64
65
245
43
173
100
119
144
-13
-29
-62
-86
31
144
201
-67
63
-177
-68
-180
-251
-49
-190
-8
-121
18
52
-10
-21
-56
-85
-83
6
65
175
179
201
233
184
50
18
-155
-131
-131
-25
288
108
141
-45
-104
-172
-167
-53
-85
-24
-77
15
-8
85
-68
-60
-46
-94
45
-74
152
2
18
83
-95
-56
-28
-15
39
136
49
112
73
126
6
89
80
-95
-37
-155
-26
-72
26
21
-27
-3
-38
30
-69
-46
-139
-13
-82
-9
70
72
92
59
87
49
45
-26
-2
-1
-81
19
3
-48
51
-4
33
64
-6
-39
-54
-72
-73
-58
27
-33
53
13
75
-25
43
-29
-53
-1
7
125
-1
118
-48
-39
-84
-78
51
-32
-9
61
39
48
63
-23
-93
-31
-133
6
-25
-14
133
60
144
71
51
9
-111
-117
-174
-48
38
-22
146
59
13
-33
-45
-33
-32
-46
28
-39
-5
-71
34
4
-4
9
40
55
-7
17
32
81
53
45
-17
-23
6
10
-13
57
-107
30
-163
-64
52
15
75
-24
10
-63
-26
-98
-14
-7
42
24
40
64
2
-29
17
-26
-5
76
-7
49
22
41
-18
45
-66
49
30
-16
9
-31
-26
-46
-59
-100
71
-21
-28
-39
-34
13
10
77
-8
101
-35
-14
20
-46
82
-19
126
-35
66
-9
-39
27
-86
32
-89
14
-41
62
-31
-20
-84
-110
-126
-77
28
56
122
41
63
117
48
67
-13
-32
3
9
26
6
16
54
51
-14
-2
-43
-157
-10
-86
-23
-2
-5
10
3
49
2
-83
-14
-100
-40
4
19
75
0
107
35
133
28
-28
-34
-36
40
-36
71
22
-9
150
-72
63
-77
-153
-73
-200
39
-29
45
-2
73
57
-22
-5
-43
-26
-13
35
9
60
104
60
193
58
-60
-80
-80
-171
-118
-8
-42
27
145
60
9
52
-178
-86
-45
28
-2
99
60
-50
101
-81
-55
-11
39
164
136
59
25
-21
-55
-29
-69
-109
-41
-143
7
-107
26
15
12
165
-123
7
-121
-61
77
134
137
193
138
67
-37
-50
-117
-110
31
-3
5
4
-35
-89
-34
-176
-68
-105
-28
-28
67
114
148
111
109
40
-9
-47
-112
105
-6
116
131
-34
-64
-92
-214
-137
-88
20
77
10
122
-103
45
78
45
59
154
65
14
-17
-135
-50
-213
-164
-80
-12
123
91
133
155
-18
22
-81
9
-3
34
121
72
-99
-28
-221
-85
-98
-81
23
48
158
114
123
104
-11
-122
-47
-171
-17
-46
10
185
151
176
138
-12
-72
-185
-200
-214
-198
-128
-81
120
198
170
196
84
-100
-39
-54
-37
34
73
46
67
19
-11
-38
-27
-62
70
-46
94
60
-28
-19
-71
-130
-185
68
-105
62
60
37
24
-20
66
-81
87
65
20
41
-30
-104
-84
-75
-68
-6
80
-12
107
47
106
-19
-42
29
-77
73
-76
29
7
-19
-106
-73
-55
39
135
248
123
64
-53
-93
-144
-203
-87
42
135
79
204
48
-7
-27
-71
-115
-35
-2
35
218
162
72
80
-35
-62
-83
-184
-103
-104
-127
-85
-69
-31
71
68
21
-63
-91
-93
93
-22
204
84
194
105
30
-45
-254
-55
-162
9
-40
-17
95
80
78
60
6
-27
-127
-7
-120
-64
-32
-40
-83
-34
-97
-178
-15
1
128
290
327
317
317
302
171
-68
-143
-356
-250
-305
-111
78
117
83
128
6
-168
-116
-76
-113
75
132
17
161
-12
90
119
151
75
87
24
-37
-31
-78
-132
-51
-67
-104
-73
-116
-153
-106
-10
-83
93
5
36
24
-8
-137
-225
-44
-147
103
135
54
266
24
78
-36
-170
-77
-190
-62
-86
41
-132
-95
45
-151
111
-4
147
136
241
262
182
223
77
177
147
139
88
40
-82
-66
-94
-135
-195
-188
-217
-195
-14
22
61
159
143
195
259
-6
37
-82
-212
-162
-91
-141
37
-88
2
-48
-62
-84
-104
77
124
130
192
129
-4
-61
-103
-102
-97
-130
-113
16
-41
86
130
179
102
132
17
21
-36
-116
-146
-130
-182
-158
-62
-82
38
-31
188
201
206
305
287
97
62
-19
-61
-223
-37
-162
-13
112
38
172
67
54
-123
-111
-228
-192
-223
-259
-153
-182
-157
-52
-49
24
84
133
203
222
240
70
155
-1
-24
43
-17
4
-71
-7
-202
-140
-234
-214
-165
-138
13
96
182
226
209
174
223
168
298
353
457
426
475
435
243
155
142
-36
-84
-49
-146
-156
-120
-91
-189
-155
-201
-211
-248
-256
-217
-211
-141
-86
-62
-52
-106
-217
-207
-148
-116
-67
37
59
121
192
176
133
68
20
21
-23
-85
-98
-136
-192
-172
-255
-322
-288
-321
-262
-202
-112
-22
59
151
176
188
210
143
113
101
97
145
123
165
88
106
47
36
-69
-60
-130
-139
-102
-164
-114
-115
-26
11
110
116
109
120
79
81
78
72
97
37
118
108
233
234
282
347
355
380
307
260
120
20
-130
-234
-280
-345
-312
-310
-290
-261
-205
-186
-131
-65
-39
101
125
250
278
348
335
280
217
186
158
81
65
2
39
37
55
-2
-45
-145
-199
-205
-283
-289
-281
-265
-173
-101
-83
-95
-74
-93
-39
31
38
125
120
178
185
156
80
-68
-171
-285
-401
-456
-539
-622
-641
-686
-664
-630
-504
-370
-155
100
331
604
817
984
1084
1083
967
772
519
247
-57
-329
-632
-822
-983
-1047
-1051
-926
-729
-480
-161
124
427
730
929
1089
1186
1179
1148
1039
945
807
709
574
428
302
162
56
-84
-228
-412
-575
-772
-888
-981
-1043
-1010
-991
-851
-717
-502
-275
-16
257
522
788
959
1117
1186
1195
1155
1069
896
676
447
171
-69
-291
-476
-628
-737
-769
-804
-828
-886
-988
-1118
-1328
-1561
-1777
-2079
-2358
-2655
-2869
-2974
-2997
-2976
-2969
-2880
-2559
-1862
-723
518
1678
2816
3941
5111
6161
6720
6723
6151
5253
4117
2909
1491
26
-1461
-2740
-3538
-3981
-3985
-3814
-3392
-2831
-2083
-1321
-657
-193
54
172
276
389
656
1085
1605
2180
2930
3782
4520
5032
5112
4815
4157
3222
2007
591
-975
-2478
-3727
-4510
-4816
-4660
-4185
-3419
-2406
-1132
224
1468
2441
3084
3469
3702
3788
3662
3386
2838
2208
1569
985
447
-100
-732
-1425
-2062
-2551
-2896
-3212
-3569
-3780
-4062
-4224
-4304
-4285
-4275
-4512
-4834
-5210
-5375
-5458
-5452
-5570
-5844
-6252
-6270
-5240
-3062
-428
1892
3962
6221
8750
11120
12562
12683
11476
9472
7007
4606
2026
-837
-3771
-6299
-7665
-7927
-7348
-6384
-4989
-3412
-1673
-4
1319
2087
2160
1704
1024
344
5
83
663
1681
3254
5228
7248
8855
9628
9638
8808
7314
5092
2387
-565
-3488
-5977
-7605
-8228
-7931
-6963
-5412
-3459
-1229
1184
3445
5202
6302
6789
6784
6609
6297
5804
4934
3935
3023
2403
1889
1207
304
-816
-1977
-3091
-4014
-4836
-5483
-6109
-6514
-6529
-6128
-5541
-5010
-4764
-4748
-4768
-4869
-5045
-5494
-6033
-6507
-6652
-6550
-6239
-6072
-6309
-6321
-5070
-2161
1242
4080
6122
8172
10478
12668
13803
13344
11278
8268
5038
2007
-875
-3924
-7039
-9532
-10263
-9600
-7886
-5922
-3681
-1216
1327
3570
5049
5650
5346
4354
2919
1645
868
863
1194
2031
3518
5563
7496
8818
9133
8313
6439
3835
779
-2611
-5983
-8916
-10683
-10896
-9550
-7079
-3854
-250
3354
6649
9432
11267
11768
10925
9144
6928
4829
2902
1159
-351
-1373
-1657
-1294
-671
-275
-307
-800
-1634
-2720
-3828
-4967
-6109
-7146
-7702
-7444
-6536
-5316
-4118
-2946
-2042
-1411
-1187
-1323
-1877
-2926
-4146
-5249
-6009
-6403
-6712
-7122
-7961
-8788
-8591
-6399
-2670
987
3827
6332
9476
13007
15878
16721
15440
12266
8366
4371
603
-3335
-7510
-11244
-13262
-12950
-10958
-8093
-5038
-1461
2319
5967
8491
9619
9273
7875
5741
3269
1036
-556
-1218
-1026
220
2330
4859
6852
7782
7459
6014
3738
836
-2571
-6195
-9606
-11892
-12416
-10725
-7224
-2734
1947
6421
10580
14014
16083
16136
13999
10198
5813
1735
-1506
-4013
-5911
-7031
-6807
-5084
-2395
76
1577
1968
1678
1049
48
-1486
-3602
-5772
-7517
-8336
-8087
-6955
-5556
-4247
-2900
-1373
222
1269
1334
602
-591
-2094
-3723
-5272
-6688
-7968
-9106
-9982
-10767
-11692
-12049
-10261
-5520
513
5782
9541
13265
17694
21945
23762
21924
16829
9972
3126
-2950
-8212
-13504
-18227
-21031
-19983
-15573
-9406
-3443
2068
7318
12163
15574
16405
14739
11275
6991
2366
-1695
-4636
-5724
-5306
-3344
-259
3651
7222
9394
9673
8101
5224
1488
-2629
-6919
-10724
-13323
-13574
-11153
-6591
-1119
4286
9049
12829
15250
15955
14646
11207
6132
742
-3743
-6578
-7949
-8022
-7056
-5026
-2066
1367
4311
5750
5453
3788
1500
-1148
-3915
-6750
-9081
-10470
-10490
-9065
-6480
-3459
-661
1668
3599
5040
5469
4524
2467
-106
-2862
-5543
-8053
-10122
-11581
-12322
-12424
-11969
-11454
-11198
-10281
-6845
-395
6730
11950
14959
17764
21052
23613
22997
18472
10800
2184
-5352
-10945
-15093
-18834
-21460
-21301
-16828
-9365
-1377
5077
10139
14305
17477
18425
16369
11883
6421
1211
-3294
-6466
-8004
-7498
-5389
-1918
2367
6710
9685
10497
9135
6274
2539
-1671
-5927
-9751
-12500
-13361
-11407
-6639
-555
4802
8760
11472
13148
13230
11541
7995
3024
-2380
-6496
-8326
-7986
-6406
-4125
-1226
2205
5807
8388
9207
7851
4862
986
-2973
-6507
-9460
-11663
-12756
-12263
-9965
-6106
-1554
2557
5524
7501
8665
8851
7285
4028
-108
-4140
-7650
-10547
-12916
-14525
-14994
-14212
-12213
-9805
-7796
-6987
-6025
-2696
4005
11140
15446
16491
17000
18627
20213
19183
14116
5825
-3311
-10303
-14193
-15887
-17734
-19322
-18696
-13569
-5314
2996
8776
12348
14921
16827
17154
14739
10270
4900
9
-4083
-6557
-7484
-6543
-4384
-1212
2290
5744
8159
8682
7166
3927
-53
-4064
-7308
-9832
-11235
-11485
-9873
-6430
-1406
4205
9134
12086
12934
12605
11574
9172
5021
-45
-4363
-6924
-7418
-5924
-3097
-41
2556
4918
7038
8477
7861
4794
-16
-4654
-8090
-10294
-11789
-12649
-12293
-10111
-5982
-779
4275
7902
9963
10722
10732
9655
6904
2312
-3426
-8798
-12758
-15181
-16769
-17422
-16761
-14377
-10655
-6325
-2678
-912
-778
29
3996
10020
14594
15159
13605
13027
14335
15237
12711
6108
-2631
-9814
-13532
-14250
-14624
-15774
-16361
-13479
-6336
2427
9170
12462
13990
15270
16305
15470
12117
6848
1434
-3046
-6070
-7494
-7388
-6111
-4290
-1926
1181
4566
6680
6527
4126
845
-2257
-4446
-5890
-6815
-7374
-6930
-4943
-1247
3152
6764
8797
9309
9126
8382
7086
4975
2298
-656
-3036
-3883
-2895
-884
713
1299
1430
1808
2374
2198
582
-2323
-5295
-7018
-7181
-6421
-5485
-4360
-2557
174
3546
6573
8349
8511
7539
6035
3954
996
-2816
-6688
-10067
-12663
-14273
-14648
-13864
-12229
-9965
-7251
-4266
-1396
815
1546
254
-1819
-1757
2165
7713
11108
11152
10342
11387
13791
14439
10640
2762
-5895
-11731
-13756
-13734
-14108
-14883
-13890
-8740
-220
8043
12780
13953
14186
14991
15459
13356
8151
1616
-3739
-6767
-7858
-7977
-7339
-5774
-3094
466
4334
7336
8106
6259
2713
-853
-3443
-4876
-5761
-6509
-6875
-5900
-3010
1224
5160
7352
7353
6076
4884
4257
3439
1640
-829
-2550
-2408
-338
2524
4755
5448
4764
3751
2928
1856
-646
-4564
-8561
-10852
-10806
-8994
-6534
-3996
-1122
2394
6325
9889
12033
11972
9858
6340
2612
-1020
-4849
-9006
-12787
-15076
-15252
-13643
-10964
-7674
-4253
-888
2049
4322
5374
4742
2432
-1054
-5474
-10427
-13665
-12048
-5325
2572
7585
9871
12502
16698
20260
19745
13872
4349
-4867
-10758
-12718
-12996
-13703
-14654
-13076
-7041
1600
8733
11550
11618
11558
12354
11955
8710
3306
-1678
-4504
-5358
-5283
-4788
-3466
-1407
1242
3891
5877
5911
3490
-482
-4110
-6322
-7149
-7096
-6240
-4331
-1423
2077
5678
8600
9796
8705
5871
2581
-203
-2416
-4299
-5735
-6125
-4672
-1266
3320
7546
10055
10126
8457
6211
3924
919
-3403
-8397
-12355
-13780
-12478
-9373
-5553
-1508
2554
6709
10592
13534
14469
12684
8558
3322
-1834
-6635
-11036
-14664
-16695
-16742
-14706
-10973
-6016
-636
3979
6838
7756
7263
5553
2629
-1689
-6965
-12805
-17932
-19704
-15170
-5006
5859
12917
16207
19095
22923
25450
23053
14647
2549
-8816
-16163
-18838
-18895
-18449
-17648
-14355
-6981
2642
10513
14033
14414
14024
13854
12310
8349
2910
-1861
-4726
-6016
-6472
-6202
-4735
-2454
-52
1707
2757
2789
1725
-169
-2052
-3264
-3503
-2540
-503
1900
3605
4306
4409
4478
4160
2551
-549
-3930
-6047
-6130
-4662
-2510
-267
2212
5375
9000
12036
13060
11579
7958
3340
-1129
-4940
-8498
-12148
-15084
-15774
-13269
-8321
-2363
3141
7623
11179
14090
16118
16130
13166
7332
320
-5978
-10531
-13707
-16010
-17213
-16528
-13388
-8369
-2664
2325
5572
6650
6093
4793
2970
181
-3790
-8413
-12811
-15947
-15856
-10360
-32
10732
17286
19090
19333
20287
20500
16702
7444
-4949
-15875
-21558
-21373
-17956
-14430
-11600
-7513
-592
7614
13429
14542
12432
10069
8839
7404
4244
100
-2825
-3424
-2884
-2725
-3064
-2844
-1706
-163
1091
1693
1596
840
-240
-991
-1224
-1092
-686
23
937
1529
1508
1077
757
364
-516
-1881
-3001
-2948
-1647
405
2690
4844
6574
7933
9114
9950
9790
7818
3884
-1031
-5502
-8622
-10663
-12255
-13190
-12591
-9664
-4531
1834
7768
11989
14149
14848
14643
13154
9484
3364
-3887
-10151
-14043
-15763
-16055
-15413
-13726
-10805
-6708
-2090
2003
4612
5331
4877
4017
3185
1917
-436
-3967
-8385
-12456
-13628
-9139
-6
8945
13192
12956
11889
12310
12877
10328
3345
-6092
-13724
-16295
-13533
-8495
-4485
-2611
-1159
1867
5728
7827
6737
4032
2281
2454
3114
2991
2440
2645
3578
3708
2140
-394
-2311
-2785
-2234
-1443
-965
-845
-874
-744
-484
-315
-457
-802
-923
-743
-373
-162
250
1108
2256
2879
2663
2023
1663
1924
2450
3019
3302
3686
4530
6064
7444
7670
6015
2713
-1400
-5350
-8346
-10307
-11268
-11269
-9762
-6442
-1214
4806
9946
12759
12946
11413
9059
6137
2123
-2991
-8336
-12234
-13819
-13387
-12067
-10666
-9100
-6878
-3827
-312
2905
4939
5596
5290
4674
3642
1652
-1762
-6456
-11919
-16517
-17367
-12209
-2262
7532
12919
13852
13575
14332
15133
13010
6603
-2150
-9293
-11867
-9843
-6138
-4013
-4308
-5130
-4330
-2187
-594
-356
-194
1727
5199
8271
9617
9762
9714
9021
6425
1663
-3368
-6554
-7076
-5795
-4011
-2329
-1005
32
791
1248
1195
601
-189
-507
-132
789
1892
2962
3917
4427
3983
2529
681
-847
-1650
-1471
-274
1632
3909
6130
8090
9220
8727
6120
1730
-3449
-8101
-11163
-12255
-11517
-9410
-6194
-2082
2607
7027
9965
10391
8362
5205
2309
146
-1910
-4340
-6761
-8260
-8391
-7607
-6751
-6372
-6249
-5628
-3915
-1328
1331
3051
3420
2727
1354
-363
-2668
-5878
-10231
-14665
-16107
-11280
-724
10307
16483
16839
14794
13521
12947
10649
5007
-2817
-9579
-12568
-11151
-7296
-4136
-3427
-4391
-4934
-4030
-2461
-1176
442
3433
7570
11031
12307
11818
10727
8971
5430
-131
-5837
-9155
-9053
-6387
-2725
532
2388
2616
1786
816
-80
-1206
-2660
-3590
-2978
-702
2190
4516
5962
6544
6060
4247
1477
-1307
-3116
-3364
-2016
444
3312
6013
8111
9228
8833
6402
1978
-3384
-7940
-10598
-11114
-9830
-7248
-4150
-1108
1643
3951
5484
5758
4593
2536
885
484
961
1173
373
-1270
-3219
-5076
-6559
-7635
-8416
-8861
-8437
-6613
-3541
-373
1573
1666
326
-1509
-3180
-4960
-7700
-10734
-10925
-5323
4771
14008
17664
15772
12015
9397
7656
4871
-2
-5621
-9537
-10109
-7374
-3280
-379
-112
-1664
-3329
-3988
-3571
-2386
-76
3555
7667
10611
11448
10719
9134
6527
2313
-2897
-7057
-8274
-6265
-2314
1998
5126
5820
3759
5
-3550
-5704
-6705
-7088
-6472
-3948
597
5678
9479
10876
9874
6967
2990
-1126
-4346
-5713
-4598
-1374
2501
5730
7798
8741
8153
5686
1703
-2641
-6167
-8003
-7865
-6214
-3706
-1237
434
891
603
254
199
249
231
311
843
1955
3043
3116
1516
-1487
-4905
-7653
-8982
-9006
-8508
-7925
-7065
-5464
-3399
-1767
-1368
-2178
-3346
-4185
-4723
-5611
-6142
-3869
2596
10855
16102
15842
11667
7149
4391
2662
321
-2913
-5511
-5953
-3999
-844
1455
1638
-92
-2398
-4449
-5946
-6239
-4305
218
5772
9995
11363
10478
8811
6730
3425
-1337
-6000
-8109
-6543
-2249
2753
6708
8351
6843
2382
-3408
-8038
-10013
-9397
-7266
-4447
-970
3183
7249
9771
9626
7013
3303
107
-1568
-1574
-294
1704
3717
5074
5332
4653
3457
1890
84
-1649
-2657
-2664
-1955
-1097
-629
-921
-1873
-3031
-3936
-4271
-3658
-1951
453
2654
3807
3711
2776
1584
65
-2049
-4635
-6730
-7496
-6808
-5354
-4351
-4481
-5458
-6302
-6440
-5973
-5376
-4865
-4286
-3556
-3126
-2985
-1456
3256
10172
15198
15208
10888
5817
2855
1864
893
-1235
-3516
-4361
-3158
-587
1651
1913
-195
-3225
-5426
-6199
-5681
-3809
-258
4477
8785
10871
10182
7875
5249
2494
-780
-4070
-6002
-5382
-2229
2094
5823
7367
5944
1888
-3137
-7224
-9035
-8371
-6069
-3147
-429
1770
3219
3893
3753
3113
2423
2059
2391
3581
5491
7240
7701
6093
2847
-806
-3462
-4247
-3392
-1778
-265
879
1705
2034
1423
-288
-2670
-4888
-6164
-5982
-4230
-1208
2061
4261
4648
3483
1603
-202
-1575
-2703
-3587
-4083
-4076
-3670
-3283
-3336
-4223
-5960
-7994
-9358
-9435
-8364
-6673
-4959
-3694
-3396
-3608
-2162
3054
10875
16728
17209
13089
8298
5534
4283
2471
-819
-4207
-5740
-4647
-1825
827
1529
-24
-2611
-4728
-5702
-5394
-3489
215
4762
8205
9169
8013
6145
4441
2395
-340
-2798
-3528
-2045
727
3515
5375
5606
3652
-191
-4639
-7765
-8342
-6685
-3836
-1156
516
947
461
-186
-532
-339
363
1854
4178
6983
9493
10794
10119
7250
2983
-1412
-4576
-5680
-4717
-2575
-551
546
779
460
-184
-1056
-2012
-2869
-3286
-3062
-2128
-627
1093
2329
2434
1259
-511
-1767
-2033
-1658
-1370
-1603
-2327
-3166
-3804
-4152
-4596
-5676
-7493
-9327
-10110
-9493
-7908
-6389
-5939
-6820
-7009
-3298
5271
15063
20299
18826
13440
8801
6703
5687
3594
143
-3263
-5287
-5217
-3573
-1738
-1441
-3181
-5834
-7611
-7296
-4748
-456
4343
7998
9130
7638
5184
3683
3295
2723
1542
552
853
2295
3761
4292
3493
1353
-2181
-6046
-8484
-8232
-5772
-2740
-463
576
596
-212
-1407
-2279
-1957
-107
2897
6257
9159
10885
11046
9649
6885
3211
-567
-3269
-4229
-3560
-1936
-196
898
816
-261
-1807
-2910
-2921
-1926
-718
-237
-537
-1027
-1008
-675
-598
-988
-1637
-1870
-1422
-421
563
907
276
-1161
-2837
-4365
-5691
-7073
-8566
-9720
-10057
-9520
-8456
-7524
-7597
-8601
-8071
-3034
6389
15415
19073
16756
12068
8989
8249
7996
6402
3514
435
-1777
-2724
-2889
-3661
-5899
-8706
-10282
-9651
-7075
-3239
1274
5521
7879
7277
4405
1714
1150
2304
3547
4212
4920
6186
7187
6679
4297
742
-3229
-6889
-9192
-9035
-6331
-2665
115
950
140
-1533
-3199
-4187
-3611
-846
3379
7378
9741
10087
9126
7526
5671
3645
1567
-175
-909
-331
805
1362
612
-985
-2468
-3218
-3237
-2802
-1934
-577
660
955
48
-1642
-3414
-4606
-4831
-4206
-2923
-1235
497
1481
1285
292
-853
-1816
-2727
-3987
-5722
-7543
-8840
-9596
-10248
-11106
-12027
-12772
-12211
-7794
1518
12776
19858
19535
13811
7755
4822
4754
5718
6318
6485
5967
4626
2665
276
-3086
-7616
-11758
-13485
-11733
-7263
-1796
3123
5963
5885
3139
-326
-1797
-132
3329
6596
8613
9455
9462
8541
6895
4612
1799
-1898
-5604
-7712
-6961
-4290
-1863
-1102
-2087
-3434
-4097
-3689
-2538
-768
1503
3687
5293
6289
6910
7001
6148
4761
3502
2968
2854
2884
2961
2749
2014
446
-1465
-3099
-3985
-4220
-3945
-3277
-2473
-1895
-1859
-2048
-2289
-2662
-3424
-4195
-4206
-2927
-960
247
319
-388
-1338
-2222
-3042
-3678
-4301
-4941
-5765
-6776
-7804
-9133
-11203
-13954
-14291
-8814
2005
12274
16040
13078
7911
5584
6801
9180
9905
8552
6014
3410
1644
739
-68
-2028
-4756
-6874
-7338
-6254
-4216
-1946
-275
-55
-1692
-4114
-5060
-2747
2001
6632
9271
9594
8647
7520
6979
6850
6495
4999
2196
-879
-2842
-3163
-2776
-2517
-2945
-3939
-5264
-6162
-5702
-3570
-571
1877
3096
3495
3896
4818
5964
6524
5941
4499
3079
2669
3522
4887
5601
4694
2430
-401
-2748
-4261
-4974
-5191
-5141
-5001
-4951
-4673
-4319
-4238
-4922
-5734
-5609
-4036
-1898
-601
-623
-1542
-2269
-2611
-2988
-3957
-5307
-6330
-6732
-6948
-7667
-7773
-5150
819
7145
9776
7804
3682
1087
1345
3502
5765
7238
7790
7128
5477
3226
901
-1521
-3643
-4729
-4615
-3706
-2568
-1394
-362
182
-429
-1872
-2782
-1753
873
3361
4412
4201
3892
4190
5199
6267
6851
6500
4992
2817
907
63
135
487
333
-501
-1910
-3615
-5074
-5745
-5216
-3798
-2064
-314
1434
3121
4279
4597
4218
3963
4547
5997
7699
8615
8118
6061
3059
-102
-2650
-4226
-4876
-5019
-5163
-5546
-6025
-6242
-6224
-6104
-6090
-6138
-6102
-5880
-5466
-5154
-5047
-5107
-5119
-5122
-4970
-4667
-4416
-4732
-5815
-5629
-2095
4567
10224
11147
7408
2475
295
1614
4948
7759
8785
7732
4984
1751
-883
-2393
-3518
-4648
-5588
-5761
-4783
-2963
-1119
-200
-591
-2085
-3499
-3513
-1335
2037
4991
6396
6486
6289
6553
7894
9575
10503
9186
5647
1591
-946
-1240
-577
-271
-1007
-2030
-2985
-3937
-4739
-4953
-3796
-1726
375
1555
1721
1608
1541
1753
2077
2929
4378
6079
7262
7193
6200
4625
2980
1311
-168
-908
-782
-283
-541
-1986
-4396
-6955
-8856
-9780
-9776
-9363
-8785
-8323
-8124
-8320
-8607
-8304
-7356
-6041
-5121
-4927
-5446
-5460
-2937
2377
8314
11103
9679
6233
4184
5065
7513
9467
9527
8024
5510
2693
325
-1322
-2461
-3748
-5031
-5872
-5934
-5299
-4475
-3840
-3673
-3958
-4357
-4145
-2711
-389
1736
3075
3892
4868
6011
7321
8840
10310
10886
9602
6800
4003
2921
3397
3897
3191
1321
-1015
-3368
-5462
-6754
-6760
-5598
-3944
-2421
-1354
-666
-73
696
2038
3835
5825
7515
8667
9010
8245
6360
3774
1422
-109
-617
-668
-858
-1543
-2817
-4435
-6239
-7837
-9008
-9573
-9467
-8847
-8013
-7606
-7904
-8913
-10137
-10963
-11076
-10610
-10196
-8845
-4838
1994
8579
11003
8911
5592
5041
7944
11898
14174
13747
11316
7758
4173
1354
-214
-977
-1735
-2793
-4317
-5854
-7162
-7681
-7286
-6358
-5518
-5202
-4819
-3705
-1902
-405
332
837
2085
4284
6873
9260
10902
11354
10063
7454
4831
3617
3913
4643
4809
3782
1542
-1575
-4435
-5818
-5310
-3529
-1685
-687
-1015
-2038
-2939
-2554
-541
2413
5296
7193
8180
8257
7501
6007
4359
3331
3002
3081
2858
2161
961
-809
-3267
-6213
-8735
-10015
-9977
-9641
-10107
-11458
-12989
-13945
-14263
-14322
-14135
-13671
-12362
-8777
-2439
4906
9259
8582
5081
3084
5305
10381
15124
17030
15948
12699
8637
4982
2414
981
-18
-802
-1695
-2835
-4479
-6583
-8658
-10110
-10276
-9289
-7601
-5813
-4132
-2841
-1940
-1101
-6
1824
4366
7502
10433
12240
12079
10179
7976
6864
7179
7888
7824
6413
3527
-464
-4530
-7230
-7615
-6083
-4226
-3513
-4301
-5707
-6284
-5184
-2403
990
4309
7040
9106
10276
10213
9298
7982
6933
6088
5390
4763
3772
2102
-582
-3477
-5525
-6304
-6376
-6982
-8452
-10637
-12761
-14394
-15412
-15681
-15425
-14872
-14758
-14263
-11370
-5204
2119
6264
5782
3017
2423
5752
10991
14983
15814
14387
12014
9938
8241
6606
4796
2757
971
-561
-1987
-3551
-5118
-6496
-7683
-8672
-9186
-8876
-7711
-6334
-5473
-5034
-4189
-2207
636
3470
5749
7242
7859
7541
6850
6892
8324
10478
11890
11694
9842
6821
2828
-1259
-3942
-4372
-3032
-1805
-1738
-3180
-5305
-6862
-7006
-5407
-2886
-105
2147
3962
5269
5781
5654
5242
5203
5162
4993
4877
5145
5477
4839
3053
651
-1168
-2219
-3163
-4738
-7221
-10017
-12878
-15243
-17049
-18255
-18940
-18675
-15835
-10283
-3744
154
340
-1179
-1083
2461
7818
12733
14949
14573
12407
9741
7945
7186
7213
6891
6163
4890
2850
88
-3059
-5395
-6598
-6744
-6768
-6943
-7084
-7135
-7115
-7280
-7048
-5892
-3679
-751
2248
4607
5615
5008
3837
3628
5638
9122
12415
13671
12185
8741
4672
1663
309
545
1498
1987
1168
-1215
-4152
-6310
-6770
-5566
-3610
-1519
-9
903
1077
771
712
1347
2670
3817
4281
4062
3411
2724
2089
1762
1527
1223
617
-433
-1956
-3979
-6442
-9084
-11274
-12735
-13711
-14492
-13709
-10256
-5227
-2169
-3156
-6076
-6934
-3554
2268
7193
9413
9345
8155
6674
5709
5850
7072
8148
8144
7021
5283
3492
1651
21
-1416
-2705
-3957
-5148
-5963
-6463
-7134
-8083
-8732
-8144
-6002
-3041
-80
2025
3099
2815
2143
2552
4997
8530
10948
11348
9904
7993
6158
4788
4154
3907
3671
2704
1062
-837
-2589
-3687
-4084
-3449
-2340
-1451
-1270
-1616
-1777
-1685
-1245
-801
-187
691
1694
2514
2744
2488
1906
1306
1055
1220
1395
665
-1169
-3624
-5861
-7457
-8797
-10320
-12068
-11955
-9150
-4603
-2063
-3471
-6824
-8557
-5868
-231
5596
8859
9078
7305
4810
3510
3956
5873
7630
7953
7005
4953
3038
1428
425
-159
-817
-1634
-3057
-4384
-5385
-6017
-6572
-7007
-6644
-5511
-3913
-2304
-982
104
790
1696
3320
5891
8552
10196
10340
8980
6897
4876
3827
3782
4043
4155
3647
2489
559
-1807
-3510
-4014
-3250
-2425
-2167
-2433
-2517
-2052
-1803
-2028
-2645
-2573
-1457
250
1564
2003
1895
1646
1535
1481
1413
1176
107
-1870
-4562
-6979
-8500
-9446
-8923
-6563
-2642
-73
-942
-4151
-6753
-5959
-2420
1927
4801
5660
5009
3283
1963
1712
3095
5050
6385
6661
5532
3702
1560
-169
-1186
-1744
-1934
-2266
-2622
-3032
-3661
-4678
-5789
-6151
-5348
-3401
-992
1217
2983
3937
3909
3082
2616
3677
6192
8946
10302
9446
6511
2905
422
136
1667
3105
2934
918
-1630
-3271
-3792
-3361
-2756
-2260
-2065
-2127
-2297
-2982
-3867
-4461
-3994
-2294
-168
1473
1881
1468
1079
1004
1005
514
-520
-2055
-3696
-5044
-6189
-7052
-6413
-3671
26
1579
-236
-3479
-4927
-2833
1283
4837
6268
5730
4124
2387
1577
2029
3307
4292
4451
3946
2853
1482
-158
-1391
-1747
-1604
-1880
-3181
-4825
-5970
-6675
-6959
-6710
-5356
-3120
-791
1609
3599
4968
4927
4025
3577
4239
6109
8184
9683
9419
7329
4183
1489
603
1139
2314
2618
1688
-303
-2649
-4159
-4394
-3455
-2642
-2714
-3679
-4840
-5379
-5334
-4477
-3283
-1826
-590
-65
-66
-307
-191
-130
-549
-1307
-1849
-1801
-2021
-3180
-5570
-6893
-4965
-206
4142
4242
817
-2832
-3112
78
4163
6927
7280
6216
4275
2673
2020
2409
3201
3168
2654
1762
1216
887
310
-507
-1879
-3184
-4284
-4958
-5123
-5310
-5606
-5990
-5652
-3985
-1484
1164
2656
2993
2552
2093
2431
3635
5587
7244
7925
7220
5771
4264
2977
2120
1656
1981
2918
3568
3048
972
-1451
-3159
-3663
-3408
-3379
-3743
-4626
-5400
-5908
-5862
-5248
-4490
-3851
-3589
-3233
-2777
-2481
-2541
-2976
-3192
-2893
-2360
-2339
-3291
-3939
-2296
1809
5847
6295
3296
-108
-431
2452
6089
8280
8256
6959
4732
2639
1504
1941
3181
3584
2930
1751
809
-68
-1431
-2834
-3730
-3767
-3356
-3317
-3581
-3965
-4196
-4278
-4041
-2877
-910
1456
3280
3882
3407
2104
1044
831
1917
3821
5563
6144
4990
2905
825
-111
184
1392
2890
3478
2845
846
-1452
-3039
-3441
-2758
-2038
-1638
-1858
-2290
-2762
-3465
-3971
-4279
-3726
-2847
-2464
-3136
-4808
-6393
-7447
-7490
-7106
-6688
-6566
-5922
-3319
888
4610
4998
2783
1052
2340
6356
10202
12288
11890
9869
6902
4189
3339
4449
6361
6613
4505
1231
-1646
-2917
-3227
-2999
-2881
-3291
-4125
-5409
-6082
-5893
-5013
-3939
-3002
-1617
3
1664
2644
2605
1894
905
695
1516
3351
5104
5674
4604
2529
703
-302
-188
741
2226
3197
2448
47
-2872
-4375
-4135
-2857
-1871
-1879
-2413
-3050
-3036
-2565
-2019
-1680
-1737
-1743
-1863
-1993
-2569
-3838
-5294
-6705
-7328
-7477
-6923
-4911
-1679
1809
2856
1241
-1023
-1117
2039
6174
9329
10283
9722
8228
6361
5185
5102
6111
6680
6085
4563
2623
948
-796
-2005
-2389
-2029
-1603
-2199
-3469
-4659
-4958
-4293
-3208
-1758
-384
536
858
892
1227
1581
1708
1473
1557
2434
3717
4441
3805
2183
433
-808
-1232
-980
-314
-83
-830
-2597
-4244
-4813
-4448
-4011
-4159
-4296
-3885
-3001
-2282
-2254
-2512
-2869
-3108
-3280
-3294
-3111
-3005
-3242
-3849
-4484
-4567
-3066
179
4012
5807
4606
1921
589
1773
4343
6651
7992
8461
7930
6379
4549
3570
3702
4163
4164
3652
2733
1492
-126
-1563
-2300
-2378
-2467
-2936
-3420
-3332
-3000
-2809
-2648
-1733
-34
1415
2000
1808
1815
1945
1938
1602
1643
2595
3718
4149
3307
1907
547
-586
-1468
-1837
-1193
-175
20
-1518
-3953
-5777
-6229
-5598
-4690
-3874
-3369
-3381
-3908
-4696
-5187
-5231
-5009
-5068
-5477
-5980
-6289
-6495
-6864
-6437
-4002
468
4725
6048
4464
2469
2631
5157
8321
10709
11768
11530
9963
7760
6120
5852
6291
6021
4586
2783
1520
916
261
-679
-1842
-2946
-3794
-4296
-4156
-3459
-2854
-2787
-2981
-2485
-1277
98
914
1045
1055
1066
1436
1909
2744
3794
4651
4896
4337
3463
2364
1283
368
-222
-526
-1162
-2180
-3401
-4338
-4919
-5494
-6097
-6593
-6564
-6121
-5609
-5348
-5380
-5639
-5956
-6203
-6294
-6090
-5649
-5263
-5240
-5009
-3325
51
3602
5045
4178
2791
2928
4748
6898
8405
9067
9313
8887
7745
6409
5610
5327
4798
3696
2500
1746
1382
805
-156
-1121
-1727
-1919
-2059
-2178
-2224
-2144
-1964
-1631
-877
-142
302
319
272
492
652
767
846
1532
2802
4118
4831
4623
3798
2469
1125
189
222
923
1312
719
-778
-2246
-3274
-4024
-4753
-5327
-5243
-4687
-4323
-4807
-6130
-7697
-8893
-9426
-9412
-8975
-8451
-8124
-8214
-8011
-6218
-2540
1670
4171
4466
3840
4069
5720
7914
9906
11250
11821
11244
9683
7978
6869
6285
5418
4084
2873
2165
1640
431
-1309
-2862
-3694
-3961
-4242
-4485
-4537
-4460
-4493
-4426
-3709
-2357
-1075
-416
-105
440
1270
2023
2542
3220
4181
5192
5736
5900
5912
5578
4531
2800
1309
715
779
709
-53
-1156
-2204
-2979
-3649
-4301
-4569
-4269
-3642
-3312
-3613
-4399
-5313
-6144
-6848
-7416
-7732
-7867
-8015
-8063
-7253
-4866
-1441
1361
2255
1704
1306
2138
3933
5811
7340
8392
8897
8613
7877
7313
7101
6652
5481
4059
3195
3157
3262
2808
1788
638
-360
-1461
-2834
-4190
-5055
-5095
-4492
-3581
-2633
-2087
-2233
-2892
-3423
-3098
-1891
-299
1085
1972
2410
2522
2489
2557
2772
2803
2426
1757
1314
1269
1311
974
280
-403
-789
-945
-1218
-1712
-2276
-2705
-2850
-2795
-2725
-2835
-3331
-4205
-5200
-5859
-5990
-5755
-5650
-5850
-5897
-4945
-2638
41
1932
2563
2625
2805
3278
3870
4655
5747
6886
7474
7344
6860
6432
5960
4939
3672
2700
2482
2494
2295
1826
1239
481
-807
-2424
-3853
-4447
-4179
-3460
-2744
-2205
-1945
-2013
-2223
-2184
-1581
-504
569
1287
1586
1682
1815
2034
2334
2546
2462
1953
1209
476
-65
-534
-1048
-1544
-1924
-2167
-2360
-2628
-2995
-3431
-3907
-4238
-4112
-3474
-2614
-1951
-1864
-2277
-2980
-3646
-3957
-3580
-2521
-1302
-677
-844
-1226
-906
442
2151
3535
4119
4111
3834
3564
3608
4044
4747
5229
5252
4776
4107
3333
2495
1754
1324
1382
1656
1930
1954
1539
622
-719
-1907
-2382
-2066
-1307
-896
-1055
-1521
-1921
-2077
-1992
-1559
-818
65
631
775
684
712
981
1237
1511
1873
2253
2233
1490
329
-549
-661
-259
85
21
-246
-553
-1083
-1907
-2923
-3647
-3802
-3566
-3075
-2618
-2468
-2830
-3682
-4430
-4440
-3700
-2650
-2133
-2187
-2440
-2632
-2555
-2462
-2211
-1718
-981
66
1141
2231
3026
3371
3366
3304
3448
3794
4244
4412
4283
3872
3432
3298
3390
3498
3212
2462
1595
950
761
829
868
515
-305
-1280
-2032
-2218
-1915
-1454
-1011
-630
-210
380
1058
1632
1810
1673
1404
1355
1624
1983
2094
1661
932
166
-302
-426
-434
-511
-890
-1400
-1878
-2209
-2299
-2209
-2091
-2150
-2384
-2762
-2990
-2924
-2573
-2036
-1581
-1185
-957
-898
-912
-941
-751
-330
142
295
24
-467
-871
-940
-860
-877
-1169
-1597
-1780
-1497
-743
102
682
756
549
371
453
865
1310
1719
1919
1942
1972
1992
2081
2038
1785
1437
1193
1294
1523
1759
1768
1456
1026
532
233
238
523
911
1210
1313
1219
1112
1051
1094
1170
1077
877
643
550
370
-85
-649
-1096
-1153
-1083
-996
-1010
-1037
-1173
-1468
-1805
-1908
-1621
-1171
-773
-757
-949
-1129
-1214
-1052
-803
-342
124
400
357
130
57
64
117
192
292
353
354
230
-6
-282
-592
-1083
-1412
-1570
-1525
-1538
-1793
-2178
-2532
-2427
-2142
-1652
-1198
-922
-746
-823
-787
-570
-89
559
1135
1727
2041
2070
1805
1530
1541
1848
2365
2709
2838
2639
2297
1876
1458
1253
1278
1421
1545
1496
1099
323
-473
-1147
-1305
-1044
-783
-529
-555
-694
-964
-1119
-1043
-603
25
315
285
43
-187
-186
16
302
561
659
704
583
544
499
470
443
321
364
343
325
120
-208
-388
-598
-461
-449
-496
-510
-659
-691
-838
-782
-803
-730
-725
-755
-622
-621
-628
-795
-1049
-1269
-1377
-1260
-1083
-880
-672
-538
-541
-531
-383
-237
66
474
792
870
597
88
-258
-164
278
694
889
737
382
-37
-328
-393
-276
-21
137
284
292
167
-121
-336
-423
-357
-71
225
569
919
1141
995
726
618
726
1090
1267
1298
1361
1277
1130
869
701
720
686
625
385
355
675
730
764
563
223
-26
-298
-422
-403
-190
-70
-299
-456
-767
-854
-774
-656
-431
-421
-397
-599
-738
-681
-654
-462
-258
-186
20
227
298
255
66
-231
-408
-332
-356
-259
-181
-332
-464
-777
-1163
-1386
-1288
-1109
-961
-784
-962
-1125
-1229
-1392
-1295
-1164
-1047
-887
-707
-577
-337
-220
-177
159
421
843
1056
1141
1161
1194
1156
1039
846
649
602
533
614
685
563
417
255
239
491
573
630
615
558
829
1011
1076
988
730
491
323
299
436
528
668
594
278
90
-90
28
134
194
402
510
676
665
277
-2
-148
0
317
540
602
404
172
-160
-238
-283
6
175
75
53
-281
-365
-425
-605
-609
-886
-967
-1121
-1252
-1234
-1448
-1445
-1558
-1694
-1676
-1646
-1514
-1331
-1124
-1015
-890
-732
-761
-625
-444
-188
39
293
514
718
692
333
102
1
111
292
468
490
609
570
557
434
303
183
143
364
501
691
495
368
99
91
313
305
629
542
511
626
697
878
951
952
858
818
632
461
416
492
621
794
677
562
332
418
389
239
294
121
355
393
476
386
182
186
-191
-114
-123
-226
-251
-575
-702
-819
-945
-814
-739
-890
-942
-1158
-1483
-1342
-1358
-1200
-985
-1066
-647
-527
-296
-142
-545
-435
-351
-334
-11
207
56
115
-58
-62
23
61
-8
-122
-121
-39
157
45
52
-106
-330
-214
-313
-94
120
211
472
177
132
42
205
277
358
522
357
640
582
525
573
626
702
865
954
895
1142
796
720
677
780
997
929
605
237
32
-31
126
267
146
60
-139
-237
-202
45
72
-24
-141
-587
-311
-258
-242
-175
-450
-615
-445
-328
-130
-242
-149
-313
-541
-375
-508
-289
-346
-411
-663
-541
-514
-488
-248
-583
-434
-507
-621
-405
-453
-105
-522
-322
-658
-559
-190
-258
107
-298
-291
-389
-495
-156
-165
62
296
47
238
-17
58
132
267
485
624
713
642
530
379
340
425
579
725
556
500
323
225
276
204
322
305
510
589
579
433
411
184
200
304
345
665
245
267
13
-187
154
-180
354
39
197
318
-99
127
-319
-279
-248
-339
-4
-169
90
-71
-327
-227
-640
-263
-444
-312
-418
-514
-218
-440
-233
-382
-604
-663
-757
-557
-593
-525
-522
-661
-346
-603
-360
-461
-489
-377
-405
-103
-69
212
351
310
327
353
187
659
429
531
460
110
276
-63
275
-27
-9
110
-9
504
271
516
330
47
264
-13
544
393
697
736
415
599
99
300
246
365
625
535
590
337
218
118
73
200
-63
45
16
-112
-20
-210
-129
-309
-143
-254
-413
-184
-459
-103
-297
-333
-296
-381
-252
-427
-233
-649
-396
-353
-507
-173
-494
-167
-539
-509
-497
-596
-155
-475
-117
-198
-374
79
-126
214
-117
-15
90
-42
388
-7
187
-29
-183
91
36
276
264
177
29
-28
93
-141
-127
84
169
375
376
540
340
261
128
113
314
207
505
141
340
285
246
331
130
409
236
94
14
29
222
202
238
31
150
99
74
40
-66
-108
-134
-18
9
134
309
-96
-144
-202
-204
119
-22
4
-153
-105
-149
30
-94
58
-225
-117
-154
-272
96
-103
-52
-206
-245
-107
-114
-52
-113
-355
-276
-405
-281
-166
-237
-346
-188
-260
-87
-29
-233
-269
-433
-197
46
112
231
169
16
30
51
208
273
103
45
35
-50
265
76
309
426
243
308
66
-202
-282
-196
44
86
144
-2
70
-69
-45
-197
-93
-62
10
238
131
406
94
-2
43
-129
106
119
228
248
122
306
149
193
177
78
211
190
313
174
255
82
-87
158
-30
157
35
-132
-143
-443
-340
-331
-24
-84
83
64
-272
-191
-584
-232
-203
-251
8
-263
-48
-277
-199
-297
-347
-174
30
-25
-82
24
-224
30
-103
128
-34
-84
159
-156
227
230
89
177
-50
-190
14
34
180
52
-16
20
-44
100
150
82
47
-15
-192
224
-86
-89
-132
-57
195
154
234
211
137
130
192
173
327
131
199
188
308
448
623
106
246
-125
-369
76
-105
280
-21
46
-171
-349
-16
-68
-42
-128
-280
-320
-274
-79
-299
8
-167
-89
-45
-381
-222
-275
-250
-7
97
339
82
156
-143
-336
22
-332
-192
-108
-104
216
71
8
-121
-341
-171
9
188
33
-18
-26
32
139
257
70
131
272
-73
-194
-79
-122
-34
203
180
399
414
247
149
-28
-222
20
6
251
255
363
360
53
59
-108
-152
-8
49
27
65
-11
43
-89
86
62
88
-90
-171
-344
-244
-165
6
-67
-141
-93
-205
-13
-200
-119
-265
-14
-200
178
253
71
70
-217
-291
-70
-206
123
21
88
165
-126
96
-90
143
-50
-84
-168
-84
43
111
76
110
23
-6
-114
-158
-26
-141
40
113
6
-5
163
-143
22
-85
-196
90
-63
112
111
45
337
155
203
319
142
301
139
162
249
136
72
-101
-323
-161
-16
-73
217
4
59
0
-66
-105
-241
-236
-168
-258
-97
-34
-71
69
47
200
220
173
101
-138
-273
-204
-142
179
348
208
53
-165
-310
-282
-278
30
49
105
345
137
112
-16
-306
-236
-231
-183
88
-138
65
138
72
267
-43
-146
-91
-112
155
126
11
7
-74
-29
-58
-8
36
100
161
44
-36
17
-117
31
42
20
95
30
105
184
83
55
86
33
109
66
123
39
-103
-114
-236
-307
-109
-276
12
93
13
138
-229
-6
-170
-178
137
-90
123
11
-133
94
-82
231
185
-29
79
-160
-45
-58
41
228
69
110
-35
-25
-8
48
246
169
189
-31
-93
-84
-76
-23
-161
-34
-113
-42
29
-108
82
-130
-157
-240
-117
-19
57
40
32
-82
-23
-124
53
63
164
121
-78
234
-66
243
61
149
99
-128
131
-45
25
-91
-136
-103
-225
17
-163
-24
-4
-172
203
-191
249
-74
37
85
-76
401
-57
221
-3
-56
140
9
34
-74
-83
3
99
7
61
-121
-204
-252
-130
148
75
-81
-121
-142
-51
147
25
125
-74
51
-25
144
167
100
177
31
-80
7
-143
68
17
89
193
-16
120
-236
-121
-140
-133
-26
-122
171
-42
80
-70
-102
-14
-217
33
-6
59
74
-195
17
-141
5
26
28
154
-79
137
-201
29
20
67
87
81
10
36
156
28
16
74
105
168
226
143
-53
-130
-114
-193
113
126
193
101
-48
-125
-201
-128
-111
148
134
-16
-9
-291
-173
-132
-206
-51
-156
23
-202
171
135
275
268
-17
-99
-183
-182
-169
125
231
142
23
50
-198
56
-58
-122
-138
21
-165
-10
97
98
144
-171
-79
-345
-98
-239
47
173
219
361
33
-114
-118
-219
56
91
269
224
187
233
-166
64
-169
-85
-161
-104
77
96
372
361
169
207
-154
-151
-299
-211
35
164
294
160
131
-47
-41
-119
-130
-65
-101
-113
-103
-38
-24
28
69
-60
25
-87
-71
-191
-55
-29
-55
193
6
16
-53
-70
-94
-176
-86
-100
147
137
120
149
-32
49
-73
-17
48
-70
33
-124
-141
-122
-64
133
64
87
-198
-138
-173
-159
-1
18
142
196
181
190
34
111
-36
33
179
97
299
68
52
-39
36
-7
-48
44
-60
-39
-59
-120
-141
-149
-73
13
120
206
30
43
-52
-223
-159
-142
29
162
142
142
136
84
96
-41
-13
-52
-88
-54
-155
-29
-34
45
30
98
69
62
0
-283
-147
-331
-82
-1
50
238
8
103
-38
-136
26
-191
-85
-90
-22
103
36
118
-71
-96
54
-133
39
71
25
118
59
63
33
78
-32
86
-33
42
57
112
139
-50
137
-5
-18
101
-189
-78
-114
-17
-5
-94
-15
-98
-41
-115
26
34
17
76
73
-6
21
-71
-50
-20
90
66
-27
63
-4
97
-59
23
-6
-3
-43
-85
67
15
208
82
-66
-47
-26
-95
-85
-218
-79
-52
184
75
185
165
-112
-12
-185
-20
-70
-104
-42
11
105
166
16
9
-73
-50
-62
-56
-7
168
93
55
167
-68
34
1
-122
-52
-130
-32
19
123
174
199
138
37
-118
-270
-168
-222
-37
-46
159
156
184
48
143
-19
-88
-117
-150
-174
-172
51
97
216
100
53
-126
-202
-186
-99
-45
3
39
22
117
174
36
63
-142
-99
-20
31
136
98
190
-70
21
-134
-61
-7
-2
-70
-89
-68
46
17
49
14
38
139
40
165
-14
93
9
-82
-17
17
129
178
94
-65
-33
-21
-86
-62
14
-16
36
-53
-53
-135
-56
-8
17
107
-3
-27
-77
-102
-7
64
102
43
-44
129
15
124
-25
-9
-55
-101
-71
-139
-108
-60
25
-48
-36
-46
17
-79
13
-166
-27
56
6
119
-33
103
-78
-23
-35
-129
16
-11
48
74
110
104
-72
-92
-54
23
228
205
144
-33
21
-49
-85
-36
37
24
-30
-72
-48
-30
26
21
36
136
93
50
-52
6
-70
15
47
-10
-33
-102
-115
-89
55
127
123
74
52
-9
-58
-54
-66
-28
-16
19
119
9
87
25
-48
-9
-83
-77
-76
-89
-93
2
147
39
21
23
-24
-61
-40
-150
-39
-30
4
29
116
105
100
30
-147
-137
-121
-103
-39
86
149
194
17
-45
-85
5
13
-25
-49
-75
39
118
161
131
56
-41
-83
-36
6
0
92
-37
22
13
5
36
-21
-29
-39
-82
-84
-43
-28
14
163
67
88
-33
-101
-18
-38
22
15
13
3
89
28
-6
-5
-102
-93
-18
-73
-34
30
-14
-10
10
-50
-81
4
-32
27
4
42
6
92
30
90
3
-44
-48
-105
-35
-92
36
-21
143
130
31
31
-64
-19
-24
-35
-40
-20
5
4
-16
-23
-59
-9
43
-9
-22
124
59
64
27
-39
-32
-89
-51
-46
50
65
47
64
98
-42
36
31
59
31
39
-19
-8
-6
-61
76
-8
65
-3
-35
-97
-158
-113
-5
71
130
94
122
-37
35
-76
-127
-90
-102
-44
-4
60
54
9
24
-82
-130
-7
-104
97
54
115
112
-2
56
-43
-15
-70
-53
-9
-4
-5
58
35
-8
40
-71
-46
66
-90
-44
-71
-92
-32
-32
121
64
131
17
-54
-39
-76
-3
-13
85
-15
92
67
59
110
34
87
-34
-10
-59
-67
-22
-75
11
68
-20
-29
-92
-23
-19
5
-21
-12
-34
36
43
74
116
-57
24
-135
-63
-58
20
13
75
49
45
83
-72
-28
-134
-86
-30
7
107
38
66
12
-24
-50
-14
-45
-10
65
28
93
12
27
-56
-1
-39
-60
-41
-35
29
12
142
92
74
-27
-92
-25
-186
36
-71
47
38
9
127
-20
92
-106
-4
-105
-48
-9
1
78
-74
-17
-4
70
55
-8
71
-47
11
-1
-33
-6
-82
-47
-47
30
45
12
81
-27
-43
-7
-34
77
14
76
-65
26
-18
29
112
-2
40
-72
30
-40
35
52
3
9
-106
33
8
71
9
-99
-45
-51
-44
-11
58
34
46
54
-28
10
-91
-42
-44
6
79
58
100
10
-14
-36
-90
-32
-28
58
42
76
45
-78
-40
-109
-13
-25
15
-9
-45
-57
-79
4
41
26
76
-20
54
-4
-14
-8
-93
9
-7
2
60
16
-9
23
-4
33
-37
-33
25
93
91
73
22
-26
-66
-91
22
-66
-6
0
7
106
29
30
11
-54
-11
-76
-39
-30
9
78
42
68
15
-1
-26
-37
-60
-7
-29
-18
39
33
-11
-81
-38
-23
-22
67
34
25
30
-29
-16
-14
22
12
22
22
23
63
50
-13
-60
-109
-61
-56
10
1
50
42
-13
13
-54
-18
16
-28
-60
-17
-22
33
63
121
79
40
-12
-44
-51
-72
-38
-9
77
37
68
6
-39
-32
-80
-5
22
-31
-11
32
94
37
59
1
-49
-40
-62
43
30
81
-34
7
-14
-7
49
26
-37
-42
-54
-10
-6
-5
25
-42
39
-4
6
7
-8
-8
9
20
26
-58
1
-30
-8
2
20
6
-9
19
9
6
-59
-35
-59
-6
-15
45
46
40
-22
7
-22
-32
4
-32
34
10
90
47
49
-4
-39
-52
-63
0
-20
77
41
82
40
-47
-21
-128
-101
-64
-68
31
-5
21
16
68
46
21
-18
-50
-6
-45
60
18
75
41
62
-7
18
-56
-50
-34
-52
1
-7
43
46
87
-10
53
-64
-41
-50
-72
27
-17
76
24
69
30
23
-24
-66
-23
-15
36
-39
39
-25
30
9
-31
23
-31
-30
-18
-33
9
-19
31
9
8
14
-7
56
-17
31
-36
34
-17
-72
-27
-23
16
31
-26
16
-8
18
17
14
7
17
6
-13
-10
-39
1
-11
8
-11
40
-4
64
12
32
4
-45
-28
-24
-12
1
7
19
26
39
19
-14
-34
-10
6
-25
23
-16
50
-10
38
9
2
-10
-56
-5
-8
26
-1
24
-13
-40
-21
-6
5
12
-6
45
-8
7
-19
-28
-42
-41
-1
1
73
20
-24
-32
-61
-29
-16
14
28
12
30
-3
31
14
-3
-1
5
27
19
20
-12
-38
-37
-51
-13
13
3
23
-11
-33
8
7
20
-8
15
-37
-8
-36
11
57
47
73
-14
35
-22
8
-27
-16
-31
-21
0
16
40
39
12
9
-17
-19
-4
-35
1
5
1
9
-3
10
12
-44
-23
-13
38
29
3
4
-25
10
4
7
-6
-4
-3
-15
24
-8
17
16
1
23
-33
-3
-34
-26
-14
11
21
5
14
28
-4
8
-6
-12
7
-37
22
-29
-8
-14
-12
2
8
13
-3
23
-24
2
8
19
14
37
11
-11
-24
-46
-33
-10
29
20
51
-9
19
7
-21
31
-16
20
-35
-6
-11
-38
-2
-23
23
-10
19
31
0
30
-44
-8
-17
2
36
9
34
2
-12
-4
-12
-25
-41
6
0
5
33
1
21
-13
-2
-17
-47
-4
-33
28
21
4
8
11
37
-18
25
-36
-10
-26
-7
-4
-14
21
-19
15
7
43
16
19
16
-50
-24
-25
-7
34
8
30
15
31
31
-5
-13
-16
-25
-46
-19
-13
-12
-14
24
15
29
-15
-11
-49
-8
-4
-19
16
-12
15
20
36
29
27
-22
11
5
44
-3
15
-15
-11
-11
-7
7
3
-17
-5
6
13
47
-6
-35
-42
-19
3
1
12
-2
-2
23
3
10
11
2
-11
-14
-42
-10
-20
-6
1
1
16
18
25
10
-5
-7
-3
-11
3
4
14
-1
-7
17
0
0
11
-16
8
0
34
1
-10
-37
-29
-5
3
23
26
8
5
-10
18
3
-6
-4
-10
-9
-10
1
-3
4
3
11
-4
13
-4
19
-5
-21
-26
-18
9
14
31
13
-3
-13
-19
0
2
11
10
-8
6
-1
0
-2
-16
-8
-16
-12
9
-7
-4
6
9
8
15
-6
15
1
6
36
0
2
12
12
-21
-3
-8
1
14
-6
-4
-26
-6
-22
-5
-5
-21
-6
-14
1
-1
3
-20
17
-16
-4
4
-2
30
22
15
-2
-8
-28
26
0
28
0
-9
13
-2
17
-16
1
-21
-3
8
10
-5
-3
-20
1
15
-3
-14
-12
16
11
-1
-5
-11
5
21
9
20
14
12
1
9
1
-6
-15
-32
-32
-6
17
19
15
6
-20
3
-9
2
-16
-5
-11
-2
28
18
23
-5
22
-13
12
-11
-10
-9
-2
-6
-8
-3
-8
-16
-11
-10
-3
7
7
-7
10
14
-2
2
1
2
-15
-8
-6
12
3
-10
3
-29
13
19
30
17
-1
0
-8
10
-17
8
-21
-1
-17
-7
-1
9
15
3
11
-13
19
1
-13
-13
-18
14
-4
12
3
1
7
-13
-2
-7
13
-4
3
10
-17
-5
22
-9
21
-9
-11
1
-1
4
-25
9
-30
11
-11
2
10
-22
25
-3
39
-15
20
0
-9
10
-10
1
-13
18
-17
10
11
-7
8
-2
-1
-36
13
-21
-3
-3
11
21
4
10
-8
-1
-6
-4
-10
-7
-15
0
12
6
-3
3
8
15
-12
-1
-18
2
-5
15
5
22
1
-7
18
-16
9
-7
10
-11
8
4
8
-2
-16
-8
-10
-1
4
-2
5
4
12
0
8
-3
-5
14
-9
16
-9
7
-13
4
4
-6
6
-16
11
-1
9
8
-9
7
-21
0
-8
9
-19
-13
-23
-11
-4
-5
12
-5
11
-9
15
-15
6
-4
-3
6
9
17
4
20
-1
1
-4
1
11
4
14
1
0
-7
-19
-11
5
13
12
11
-4
-5
-8
-4
-6
-10
-1
-10
0
14
-10
7
-2
1
12
3
6
-1
-2
-7
-4
-13
-8
6
-7
4
-10
-6
0
13
0
2
-1
-4
0
-8
6
-6
4
1
1
3
-5
4
-8
10
4
2
2
0
1
-2
-4
-21
-7
6
-4
21
0
10
-7
1
-5
-4
7
-3
7
0
15
12
7
10
8
-6
2
-8
5
0
0
3
3
10
-18
-10
-13
-5
1
3
-4
1
3
2
4
4
4
3
-2
-6
4
6
4
9
-6
0
-8
-7
-15
-6
0
-18
12
-11
10
8
2
4
-1
11
-11
5
-16
0
-2
10
13
6
0
-2
-1
4
0
-4
0
-17
1
-8
17
1
4
-4
-12
0
-5
11
-2
2
-4
-8
-7
2
0
-6
-11
-4
5
6
1
0
-3
-4
-2
-1
9
1
11
-5
6
0
8
-2
0
1
-1
5
-1
6
1
0
0
-3
-3
-1
-5
-4
-1
-1
4
2
-6
1
-3
3
2
5
-1
8
6
5
-3
-8
-1
-8
6
-2
3
-6
-5
0
1
9
-6
6
-1
2
5
-1
-3
-7
-1
4
15
9
8
-5
0
-3
3
-5
3
1
1
1
-2
-2
-2
0
-4
-6
-7
0
-1
0
-1
-9
-1
-2
-3
3
-2
3
-2
3
-4
-2
-4
-4
1
5
6
7
1
1
-2
2
-3
-2
-4
-4
0
-2
-1
0
1
6
10
4
8
-3
2
-5
1
-5
0
4
3
6
-5
2
-3
0
-1
-6
-6
-5
-1
1
6
5
3
-4
5
3
-2
-1
-4
-3
4
5
0
3
0
-1
-3
0
-1
-4
0
-1
-6
-2
-4
-3
3
-1
1
-3
-2
1
1
3
4
4
-1
3
0
0
1
-5
-2
-4
-1
-1
5
9
2
5
-5
-1
-3
-1
0
2
1
-2
-1
-4
1
3
3
1
1
-3
3
-4
5
-3
2
2
7
2
3
1
-4
0
-8
-1
-6
1
-3
-2
-1
-6
-2
-5
-1
-3
2
5
6
7
-2
0
-6
-3
-2
-7
2
1
9
5
8
-2
2
-2
-1
3
4
4
5
5
-1
0
-9
-5
-6
0
1
1
3
-3
-1
-2
-4
0
-3
3
0
6
-2
1
-1
1
5
4
4
1
3
1
3
2
2
-1
-2
-3
-5
-1
-1
1
2
0
2
-2
-2
-6
-7
-7
-7
0
0
6
1
5
-2
2
0
1
-1
-2
0
0
3
1
3
-1
2
-1
1
1
-1
2
0
4
2
3
-1
-1
-2
-2
-2
-3
-2
-6
-4
-5
-1
-2
3
0
5
2
2
0
-2
-2
-4
3
-1
4
0
3
0
1
2
0
0
-2
1
2
3
1
-2
-3
-4
-2
-1
-2
-2
-3
-1
2
3
2
-1
-2
-3
-1
1
2
-1
-3
-4
-3
0
0
2
2
4
3
4
2
1
-2
0
-2
2
0
3
1
3
3
3
4
3
2
-1
1
-3
0
-2
2
-1
0
-1
-1
1
0
2
-1
-1
-4
-4
-2
-2
2
2
3
0
0
1
2
2
1
1
-2
0
-3
-2
-3
-1
0
0
4
2
3
0
2
-2
-2
-2
-3
-2
-2
1
-1
0
0
0
0
1
1
1
-1
0
-1
1
1
1
1
0
-1
1
1
0
-1
-3
-3
-2
0
0
1
-1
0
1
0
1
0
0
0
0
1
-1
1
2
1
1
0
0
-2
0
-2
-1
-1
-1
0
-1
2
0
0
-2
-1
-1
1
2
2
4
2
1
1
0
1
1
2
1
1
0
1
-1
0
-1
-1
0
-1
0
-1
0
-2
-1
-1
-1
-1
-1
0
-2
0
-1
0
1
0
2
1
2
0
0
0
-1
-1
0
-1
0
0
-1
1
0
1
1
1
1
0
1
0
0
0
1
0
2
1
2
1
0
-1
0
0
-1
0
0
1
1
1
0
0
0
-2
0
-2
-1
-1
-1
-2
-1
0
1
1
1
2
2
2
1
0
0
-1
-1
-1
-1
-2
-1
0
1
0
0
1
0
0
0
0
0
0
0
0
0
-1
-2
-2
-1
-1
0
0
0
0
0
-1
-1
-1
0
1
1
1
2
3
3
2
2
1
0
-1
0
-1
-1
-1
-1
-1
-1
-1
-1
-2
-2
-2
-1
-1
-1
0
0
0
0
0
0
0
0
1
1
1
1
1
1
1
1
1
0
1
0
0
0
1
1
0
0
0
-1
1
1
-1
-1
-1
0
-1
-1
-1
0
-1
0
0
0
0
0
0
0
1
0
1
0
0
-1
0
0
-1
0
0
0
0
0
0
0
0
0
0
-1
0
0
1
0
0
0
0
0
0
0
0
0
-1
0
0
0
0
0
0
-1
-1
0
-1
0
0
0
0
0
1
1
0
1
1
0
-1
0
0
1
1
1
0
0
0
0
0
0
0
0
0
-1
0
0
0
0
1
0
0
0
-1
-1
0
0
-1
0
0
1
0
0
1
1
0
-1
0
0
-1
0
-1
0
-1
0
0
1
0
0
0
-1
0
-1
0
0
0
0
0
0
0
1
1
-1
0
0
0
1
0
0
0
0
0
0
1
0
0
0
0
0
0
1
0
1
0
0
0
0
0
0
0
0
0
0
1
1
0
0
0
0
0
0
0
0
-1
1
0
0
0
0
0
0
1
1
0
0
0
1
0
0
-1
-1
0
0
1
0
-1
0
-1
0
0
0
0
-1
-1
0
0
-1
1
0
0
0
0
0
0
0
0
1
0
0
0
0
0
0
0
0
0
1
-1
0
0
0
0
0
0
0
0
0
0
0
0
0
0
0
0
-1
0
0
-1
0
0
-1
0
0
0
0
0
0
0
0
1
0
0
-1
1
0
0
-1
-1
0
0
0
1
-1
0
0
0
-1
1
0
0
0
1
0
0
0
0
0
0
0
0
0
0
0
0
-1
0
0
0
0
0
0
0
0
0
0
1
-1
0
0
-1
1
0
0
0
0
0
0
0
0
0
0
0
0
0
0
0
0
0
0
0
0
0
0
-1
0
0
0
-1
0
0
-1
-1
0
0
0
0
0
0
1
-1
0
-1
0
0
0
0
0
0
0
0
1
0
0
0
0
-1
1
0
0
1
0
0
0
0
0
1
1
0
0
0
0
0
-1
0
-1
1
0
1
0
0
1
0
0
1
0
0
0
1
-1
-1
1
0
0
0
-1
0
0
1
0
0
0
0
0
0
-1
0
0
0
-1
0
0
1
1
-1
0
0
0
0
0
0
0
0
0
-1
1
0
0
1
0
0
0
0
1
-1
0
0
0
0
-1
1
0
0
-1
0
0
0
0
0
-1
0
-1
1
0
0
1
0
0
0
0
0
0
0
0
-1
0
0
0
1
0
1
0
0
0
0
-1
0
0
1
1
0
0
0
-1
-1
0
0
0
-1
0
0
1
0
1
0
0
1
0
0
1
0
0
0
0
0
0
0
0
0
0
0
-1
1
0
0
0
0
0
0
0
0
0
0
-1
0
-1
0
0
0
0
0
-1
0
0
0
0
0
0
0
0
0
0
0
0
0
-1
1
1
-1
0
0
0
0
0
0
0
0
0
0
0
0
0
-1
0
0
0
0
0
0
0
0
-1
0
0
0
0
-1
0
-1
0
0
0
0
0
-1
0
0
-1
0
0
0
1
0
0
0
0
0
0
1
0
0
0
0
0
1
0
0
0
1
1
0
0
0
0
0
0
0
0
1
1
1
0
0
-1
0
0
0
-1
-1
0
0
0
0
0
0
0
0
0
0
0
0
0
0
0
0
0
0
0
0
0
1
1
1
0
-1
0
0
0
0
0
0
1
-1
-1
0
0
0
0
0
1
0
-1
0
0
0
0
0
0
0
0
-1
0
0
0
0
1
0
0
0
0
0
-1
1
1
0
0
0
0
1
0
0
0
0
0
0
0
0
0
0
0
0
1
0
0
0
0
0
0
1
0
0
0
0
0
0
0
0
0
0
1
0
-1
0
0
0
0
-1
0
0
0
0
0
0
-1
0
0
-1
0
0
0
-1
1
0
0
0
0
0
0
0
0
0
0
0
0
0
-1
0
-1
0
0
0
0
0
0
0
0
0
1
0
0
0
0
0
0
0
0
0
0
0
1
0
0
0
0
0
0
0
0
0
-1
0
0
1
0
0
0
0
0
0
0
1
0
0
0
0
0
0
-1
0
1
0
0
0
0
0
0
0
0
-1
0
0
0
0
0
0
0
0
1
0
-1
0
1
0
0
-1
0
0
0
0
-1
0
0
0
0
1
0
0
0
0
0
0
0
0
-1
0
0
0
0
0
0
0
0
0
1
0
0
0
0
0
1
0
0
1
0
1
-1
0
0
0
0
0
0
0
0
-1
0
-1
-1
0
0
0
0
0
0
0
0
0
0
-1
0
-1
0
0
0
0
0
0
-1
0
0
0
0
0
0
0
0
0
0
0
0
0
0
0
0
0
1
1
0
-1
0
0
0
0
0
0
0
0
0
0
0
0
0
0
0
0
1
0
0
0
0
0
1
0
0
0
0
0
0
0
-1
-1
0
0
0
0
0
-1
-1
0
0
0
-1
1
0
0
-1
0
0
0
0
0
0
0
0
0
0
0
0
0
0
0
0
1
0
0
-1
0
0
0
0
0
0
1
0
0
-1
-1
0
0
0
0
-1
0
0
0
0
0
1
0
0
1
0
1
0
0
0
0
0
0
-1
0
0
0
0
0
0
1
0
0
0
0
0
0
-1
-1
0
-1
0
0
0
0
0
0
0
0
0
0
0
0
0
0
-1
0
0
0
0
1
0
0
0
0
0
0
0
0
0
0
-1
1
-1
0
0
0
0
0
0
0
0
1
0
1
0
0
0
1
-1
0
0
0
0
0
0
0
0
0
0
-1
0
0
0
0
1
1
0
1
0
0
0
0
0
0
0
0
0
0
-1
-1
-1
-1
0
0
0
0
0
-1
0
0
0
0
0
-1
0
-1
0
1
0
0
1
0
0
-1
0
-1
0
0
0
-1
0
1
-1
0
0
0
0
-1
0
1
0
-1
1
1
0
1
-1
0
0
1
0
0
-1
1
0
0
1
0
0
0
0
1
0
0
0
0
1
0
-1
0
-1
0
1
0
1
-1
0
1
0
0
0
0
0
-1
0
0
0
0
0
0
0
0
0
0
-1
0
1
0
1
0
-1
0
0
1
0
0
0
0
0
0
-1
0
-1
0
0
0
0
0
0
0
1
0
1
0
0
0
0
0
-1
0
0
0
0
0
-1
0
0
0
0
0
0
1
0
0
0
0
1
0
0
0
0
0
0
0
0
0
-1
0
1
0
0
0
0
0
0
0
0
0
0
0
0
0
0
0
-1
1
0
0
0
-1
0
0
0
1
0
0
0
-1
0
0
0
0
1
1
0
1
0
0
-1
0
-1
0
0
0
0
0
0
0
0
0
0
0
0
0
1
0
0
0
0
0
0
0
0
0
0
0
0
0
0
0
0
0
0
1
0
