0
0
0
0
0
0
0
0
0
0
0
0
0
-1
1
0
0
0
-1
0
0
0
1
0
0
0
-1
0
0
0
0
1
1
0
1
0
0
-1
0
-1
0
0
0
0
0
0
0
0
0
0
0
0
0
1
0
0
0
0
0
0
0
0
0
0
0
0
0
0
0
0
0
0
1
0
0
0
1
0
0
0
0
0
0
0
0
1
1
0
0
1
0
0
0
0
0
1
0
0
-1
1
0
-1
-1
0
0
0
0
0
1
0
1
0
0
0
1
0
-1
0
-1
0
0
-1
0
0
0
-1
0
0
0
0
0
0
0
0
1
-1
0
0
0
0
-1
0
0
0
0
0
1
0
0
0
0
0
0
0
0
1
1
0
0
0
0
0
0
0
0
0
1
0
-1
0
0
0
0
0
0
0
0
0
0
1
0
1
1
1
0
0
0
0
0
0
0
0
0
0
0
0
-1
0
0
0
-1
0
-1
0
0
0
0
0
0
0
-1
1
0
1
0
0
0
0
1
1
0
-1
0
1
-1
0
0
0
0
0
0
0
0
0
0
0
0
0
1
-1
0
0
0
0
0
0
0
-1
0
-1
0
0
0
0
0
-1
0
1
0
0
0
1
0
0
0
0
0
0
0
0
0
0
0
0
0
0
1
0
1
0
-1
-1
-1
0
0
0
0
0
0
0
-1
0
0
1
-1
0
1
0
0
0
0
0
0
0
-1
0
0
0
0
0
0
0
0
0
0
0
0
0
0
0
0
0
0
0
0
0
0
1
0
1
0
0
0
1
0
0
-1
1
0
-1
0
0
-1
0
0
0
0
-1
0
0
0
0
1
0
0
0
1
0
0
1
-1
0
0
0
0
0
0
-1
0
1
0
0
0
1
-1
0
0
0
-1
0
0
0
-1
0
1
0
-1
0
0
-1
-1
0
0
0
0
-1
-1
-1
0
0
0
0
0
0
0
0
0
1
0
-1
0
1
0
1
0
0
0
-1
0
0
0
0
0
0
-1
1
0
0
0
0
1
0
0
0
-1
0
1
0
0
0
0
0
0
0
0
0
0
-1
1
-1
0
1
0
0
0
0
0
0
0
0
0
0
0
0
0
0
0
1
0
0
0
0
-1
1
0
0
0
0
0
0
0
0
0
0
0
0
-1
0
0
0
-1
0
0
1
1
0
0
0
0
-1
0
1
0
-1
0
0
0
0
-1
0
0
0
0
0
-1
-1
0
0
0
0
1
0
0
0
0
-1
0
0
0
0
0
0
0
0
1
0
-1
0
0
-1
0
0
0
0
0
0
0
0
0
0
0
1
0
0
0
0
-1
-1
0
-1
0
0
0
-1
0
0
0
0
1
1
-1
0
0
-1
-1
0
0
-1
0
0
-1
0
0
-1
1
-1
0
0
-1
0
0
0
0
0
0
0
1
0
0
-1
1
1
0
0
0
0
0
0
0
0
0
1
0
0
0
0
0
0
-1
0
0
-1
0
0
1
0
0
1
0
0
0
1
0
0
0
0
0
0
1
-1
0
0
0
1
0
-1
0
0
0
0
0
-1
0
0
0
0
1
0
0
1
0
0
0
1
0
0
0
0
0
1
0
0
0
0
0
0
0
1
0
0
0
0
-1
0
0
-1
-1
0
-1
0
0
0
1
1
0
0
0
-1
1
0
0
0
0
1
0
1
0
0
1
1
0
0
0
0
0
-1
0
0
0
-1
0
0
1
0
0
0
0
1
0
1
0
0
0
0
-1
0
0
0
0
0
-1
0
0
0
1
1
0
0
-1
0
0
1
0
0
-1
1
0
0
0
0
-1
0
0
0
0
0
0
0
0
0
0
0
1
0
0
0
-1
0
1
0
0
1
-1
0
-1
-1
0
0
0
0
0
0
0
0
-1
0
-1
1
0
1
1
0
0
0
0
0
0
0
0
0
0
0
0
0
0
1
0
-1
0
0
0
0
0
0
-1
0
0
-1
0
0
0
0
0
0
0
1
1
0
0
0
0
0
0
0
-1
0
0
0
0
0
0
-1
-1
0
0
0
0
0
1
0
1
-1
0
0
-1
0
0
0
1
0
0
0
0
0
0
0
1
0
1
0
0
0
-1
-1
0
0
0
0
1
0
-1
0
0
0
0
1
0
-1
0
0
0
0
0
1
0
0
0
0
0
0
0
0
0
0
1
0
0
0
0
0
0
0
0
0
0
0
0
0
-1
-1
0
0
0
0
0
0
-1
0
0
-1
0
0
0
0
0
0
0
0
0
0
0
0
0
0
0
0
0
-1
0
0
1
0
0
-1
1
0
0
0
0
0
0
0
0
0
0
-1
1
0
0
-1
0
0
0
1
0
-1
0
0
0
0
0
0
0
1
-1
0
0
0
-1
-1
0
0
0
1
0
0
0
0
0
1
0
-1
-1
0
0
0
0
0
0
0
-1
0
-1
0
1
0
0
0
0
1
0
0
0
0
0
-1
-1
0
0
0
0
-1
0
1
0
1
0
0
0
0
-1
0
0
0
-1
0
0
0
0
0
0
0
0
-1
0
0
0
1
0
1
0
-1
0
1
0
0
-1
0
0
0
0
0
0
1
0
1
0
0
0
0
0
1
0
1
0
0
0
1
0
0
0
0
0
-1
0
0
0
0
0
0
0
0
0
-1
0
0
0
0
0
0
0
0
0
0
1
0
1
0
0
1
0
0
1
0
0
1
0
0
1
0
0
0
0
0
0
0
0
0
0
0
1
0
0
-1
0
0
-1
0
-1
0
0
1
1
0
0
0
-1
0
0
0
0
0
0
1
0
0
-1
0
0
0
0
-1
0
1
0
0
0
0
0
-1
0
0
0
0
0
0
0
1
0
0
0
0
0
-1
0
0
0
0
0
1
0
0
0
0
0
0
0
1
0
-1
0
-1
1
0
0
0
0
-1
0
-1
0
0
0
0
-1
1
0
0
0
1
0
-1
0
1
1
0
-1
0
0
0
0
0
0
0
0
-1
0
0
0
0
1
-1
0
0
-1
0
0
0
0
0
1
1
0
0
0
-1
-1
0
0
0
1
0
0
0
0
0
0
1
0
0
-1
0
0
1
0
0
0
0
0
1
0
0
-1
0
0
0
0
0
0
0
0
1
0
0
0
0
0
0
0
0
1
0
0
0
0
0
0
-1
0
0
0
0
1
0
0
1
0
0
0
1
-1
0
-1
0
0
0
1
0
0
0
0
0
0
1
0
0
0
0
0
0
0
0
0
-1
0
0
0
1
0
0
0
1
0
0
0
0
0
0
0
0
0
0
1
0
1
0
-1
0
0
-1
0
0
0
-1
0
0
0
-1
0
-1
1
-1
1
0
0
0
0
0
1
0
1
0
0
0
0
0
0
0
0
0
0
0
1
0
0
-1
0
0
0
0
0
0
0
0
0
0
-1
0
0
1
0
0
-1
0
0
0
0
0
0
0
0
-1
0
1
0
0
0
0
1
0
0
0
0
0
-1
0
0
-1
0
0
0
0
0
0
0
0
0
0
0
1
1
1
1
0
0
-1
1
0
0
0
0
0
0
0
0
0
0
0
0
1
0
0
1
0
1
0
0
1
0
0
0
0
1
0
0
-1
0
0
1
1
0
0
-1
0
-1
-1
0
0
0
1
1
0
-1
0
1
0
0
0
0
1
0
1
-1
0
1
0
0
0
-1
0
0
0
1
0
-1
0
-1
-1
0
0
1
0
0
0
1
1
0
0
1
1
-1
0
-1
0
0
0
1
0
0
0
0
-1
0
0
-1
0
0
-1
-1
1
0
0
0
0
-1
0
1
0
0
0
-1
1
0
1
0
1
-1
0
0
0
-1
0
0
0
0
0
0
0
0
0
0
0
0
0
0
0
0
0
1
0
0
0
0
1
0
0
0
0
0
0
0
0
0
0
0
0
0
0
0
0
0
0
0
0
1
0
0
0
0
-1
0
0
1
0
0
0
0
0
-1
0
0
0
0
0
0
-1
0
0
-1
0
0
0
-1
0
0
0
0
-1
0
0
0
0
0
0
0
0
0
0
0
0
0
0
0
-1
0
0
0
-1
0
-1
0
-1
0
0
0
0
1
0
0
0
0
-1
1
0
0
0
0
0
1
0
0
0
0
0
0
1
0
0
0
0
-1
0
-1
0
0
0
0
0
0
0
0
0
0
0
0
0
0
0
0
0
1
0
1
1
0
1
0
0
0
0
0
1
0
1
0
0
0
1
0
0
-1
0
0
1
0
-1
0
0
0
0
-1
-1
1
0
0
1
0
0
1
0
0
0
-1
1
0
0
0
0
0
0
-1
0
0
0
0
0
0
0
0
0
0
0
0
0
0
0
0
0
0
0
0
-1
0
-1
0
-1
0
0
0
0
0
-1
0
-1
1
0
0
0
0
0
-1
0
-1
0
-1
0
0
0
0
-1
0
-1
0
1
0
0
0
0
0
0
1
0
0
0
0
0
0
-1
0
0
0
0
0
0
0
0
1
0
1
1
0
0
0
0
0
0
0
0
0
0
1
0
1
0
0
0
0
0
0
0
1
0
0
0
1
0
1
1
0
0
0
0
-1
0
0
1
0
0
0
0
0
0
0
0
0
0
0
0
0
-1
0
0
0
0
0
0
0
0
0
-1
0
1
0
0
0
0
0
0
0
-1
1
0
0
0
1
0
1
0
0
0
0
0
0
0
-1
0
1
0
0
0
1
0
0
0
0
-1
1
1
0
0
1
0
0
0
0
0
0
0
0
-1
0
0
0
0
1
0
0
0
0
0
0
-1
-1
1
0
0
1
0
0
-1
0
-1
1
0
1
0
0
0
0
1
-1
0
0
0
0
0
0
0
0
0
0
0
0
0
0
-1
0
0
0
0
1
0
0
0
0
0
0
0
0
-1
0
0
0
-1
0
0
1
0
-1
0
0
0
0
1
1
1
0
0
-1
0
0
-1
0
0
0
0
-1
0
0
0
0
0
0
1
0
0
0
0
0
1
0
0
0
0
0
0
0
-1
1
-1
0
-1
0
0
0
0
-1
0
0
0
0
0
0
0
0
0
1
0
0
0
0
0
0
0
0
0
0
0
0
0
0
-1
0
0
0
1
0
0
0
0
-1
0
-1
0
1
0
0
1
0
0
0
0
0
0
0
0
0
0
1
-1
0
-1
0
0
-1
0
0
0
0
-1
0
0
0
0
0
1
0
0
0
0
0
0
0
-1
0
0
0
0
0
0
-1
0
0
0
0
0
0
-1
0
-1
0
-1
0
0
1
0
-1
1
0
0
0
-1
1
0
0
0
0
1
0
0
0
1
0
1
-1
1
0
0
0
0
0
0
0
0
0
-1
-1
0
2
-2
2
0
-1
0
0
1
-1
-1
1
-2
0
2
-2
2
-2
0
2
-4
3
1
-2
1
0
3
-4
2
1
-1
2
0
1
-1
0
1
-1
1
-1
3
-3
2
-1
-1
4
-4
3
-1
-1
4
-4
1
2
-5
5
1
-6
6
-2
-4
8
-7
1
2
2
-5
2
7
-11
7
0
-3
1
2
2
-6
8
-7
-1
5
-2
-3
2
3
-5
0
7
-9
3
4
-5
1
1
1
-3
1
2
-3
0
3
-4
3
-3
5
-5
2
6
-11
8
-2
-2
2
-4
9
-9
0
11
-12
4
3
2
-6
3
5
-6
2
-2
11
-19
15
-7
5
-6
-3
15
-18
12
-8
12
-15
5
9
-14
9
-3
5
-10
12
-10
3
1
-1
1
-5
11
-15
13
-5
-4
9
-7
-1
2
6
-13
7
11
-26
22
-2
-13
13
-6
5
-15
16
-6
-4
2
2
7
-23
25
-11
-4
4
-3
4
-8
8
-9
14
-20
14
-4
-3
2
2
-4
3
10
-29
38
-27
6
8
-8
7
-14
22
-19
11
-9
16
-20
9
11
-24
27
-22
12
7
-23
21
3
-23
21
-5
-1
-6
15
-12
0
12
-18
10
7
-14
-4
30
-29
-5
35
-24
-12
34
-21
-6
17
-5
-15
24
-7
-17
25
-10
0
-7
18
-7
-16
22
-5
-11
12
-13
21
-20
7
7
-6
6
-18
24
-13
3
-8
11
8
-27
19
3
-9
-2
1
16
-19
5
-6
28
-32
-4
43
-39
13
-14
38
-41
6
30
-27
2
2
19
-33
24
-6
-7
18
-25
19
-10
9
-20
20
0
-23
25
-13
8
-15
17
-7
-5
7
0
-4
1
2
-8
19
-28
20
0
-4
-9
18
5
-44
55
-26
-11
15
13
-38
37
-11
-22
51
-59
37
-10
7
-17
17
2
-18
29
-35
38
-27
-3
28
-29
22
-32
46
-36
12
-2
7
-4
-16
39
-39
19
-10
24
-31
3
38
-44
14
10
-3
-12
14
-14
25
-27
-11
62
-68
24
17
-14
-14
35
-31
10
15
-24
15
-4
10
-29
39
-30
22
-17
-2
30
-41
24
-6
9
-16
3
27
-40
24
-14
27
-31
0
39
-51
37
-18
6
0
-10
36
-69
79
-43
-19
61
-56
31
-31
55
-59
33
-10
-5
27
-51
46
-17
-5
-7
33
-35
-3
52
-61
21
17
-12
-19
36
-34
29
-16
-17
48
-54
44
-40
35
-22
14
-17
11
10
-34
46
-44
35
-22
-2
41
-80
95
-66
10
31
-37
29
-40
68
-75
40
11
-41
48
-51
50
-27
-10
37
-45
51
-60
62
-50
29
-14
4
22
-66
88
-58
8
7
23
-59
67
-34
-34
108
-130
78
-16
23
-79
85
-8
-74
89
-59
43
-50
57
-49
25
13
-65
103
-102
64
-26
8
2
-16
20
-16
33
-64
70
-40
10
-1
0
20
-65
97
-85
42
-1
-31
59
-60
22
14
2
-39
47
-29
25
-65
104
-92
21
56
-92
80
-39
8
-11
46
-78
67
-10
-55
68
-4
-71
70
10
-69
40
25
-40
4
12
19
-45
18
35
-57
50
-50
68
-75
50
-25
7
33
-91
126
-115
80
-46
16
24
-60
72
-73
60
-23
-31
72
-68
21
21
-11
-38
79
-58
-18
76
-60
-3
30
-3
-36
27
29
-75
66
-9
-46
70
-59
37
-39
67
-86
45
46
-113
104
-60
40
-52
68
-42
-35
110
-120
62
9
-26
-19
64
-46
-23
71
-61
23
-9
19
-26
4
20
-24
23
-26
16
1
4
-20
22
9
-51
68
-66
63
-68
69
-58
14
71
-152
199
-204
169
-82
-32
123
-160
142
-111
88
-63
30
8
-50
94
-97
69
-50
36
12
-78
101
-66
-1
38
-32
30
-36
25
3
-4
-28
62
-60
20
26
-67
86
-75
35
14
-48
79
-109
91
12
-132
168
-105
2
57
-70
91
-117
94
-36
20
-31
17
25
-54
50
-39
34
-17
-22
45
-40
34
-25
-12
74
-115
86
-27
21
-62
54
23
-81
74
-40
15
-9
24
-42
71
-124
129
-32
-93
136
-105
79
-95
111
-87
21
44
-68
61
-62
105
-170
201
-169
67
57
-124
123
-119
138
-142
87
-4
-35
21
-4
35
-66
15
87
-138
82
35
-120
117
-71
65
-82
64
8
-79
96
-73
44
-31
28
-10
-21
39
-23
-26
82
-83
27
33
-70
82
-100
118
-105
60
-19
12
2
-40
84
-118
118
-90
53
-24
-16
71
-105
71
31
-116
85
29
-96
82
-78
118
-147
88
21
-40
-74
173
-91
-97
193
-178
150
-166
158
-72
-78
174
-118
19
7
19
-35
62
-109
88
27
-150
168
-74
-8
17
5
7
-14
-34
66
-11
-88
141
-128
69
2
-51
73
-65
28
8
-2
-12
-38
109
-84
1
18
6
-32
41
-24
-5
26
-57
112
-92
-18
110
-115
65
-29
27
-42
35
-1
-48
97
-89
20
24
27
-108
113
-26
-108
199
-189
96
21
-108
137
-106
53
-45
44
23
-95
140
-137
52
32
-18
-70
120
-64
-30
39
12
7
-107
184
-166
106
-80
41
53
-135
146
-93
30
-6
-6
-4
109
-228
202
-8
-198
245
-111
-107
231
-177
42
74
-140
142
-115
70
7
-76
91
-41
-57
126
-107
48
16
-75
100
-96
55
16
-67
62
7
-94
119
-72
-6
127
-195
107
68
-153
108
14
-144
148
-70
10
40
-50
1
33
7
-48
-4
75
-80
20
41
-54
7
51
-31
-13
-4
94
-129
47
60
-109
78
-13
-25
-15
59
-38
21
-50
45
19
-75
81
-71
93
-117
68
44
-153
175
-67
-43
55
-17
19
-66
98
-73
38
-37
78
-116
54
88
-201
171
-51
13
-117
202
-170
43
64
-97
80
-48
56
-89
106
-64
-13
118
-185
179
-73
-89
189
-167
44
55
-26
-63
76
-62
53
-35
18
-9
-41
107
-130
104
-74
45
9
-59
17
44
-25
-52
83
-24
10
-62
165
-190
79
100
-198
130
-5
-95
111
-42
-50
68
-26
12
-58
112
-24
-127
166
-92
-12
-6
147
-273
194
37
-140
89
5
-73
19
155
-319
306
-146
2
31
101
-255
233
-7
-207
234
-126
94
-193
269
-225
40
173
-209
28
135
-176
93
90
-243
197
-2
-106
52
49
-82
30
50
-30
-71
121
-65
-53
138
-141
83
9
-64
93
-69
-13
102
-114
65
-4
-63
104
-137
145
-111
12
63
-54
-6
-20
112
-172
146
-86
58
-24
-1
3
28
-51
55
44
-152
163
-21
-102
71
50
-169
144
-16
-131
138
-46
-46
67
-5
-60
94
-80
28
31
-110
91
63
-154
131
35
-175
167
13
-187
172
-57
-88
88
-11
-32
20
16
-57
91
-53
-45
146
-100
-23
108
-112
26
16
26
-58
12
72
-99
44
6
6
-64
115
-93
-20
140
-216
138
7
-75
19
32
-25
0
136
-185
117
-8
-78
124
-113
48
-18
64
-163
184
-64
-143
289
-213
28
78
-109
90
-56
-25
-12
61
-12
-73
101
-57
1
59
0
-46
0
98
-169
216
-185
41
134
-177
100
-5
-54
64
25
-181
247
-220
24
220
-325
206
1
-102
54
-13
12
-36
14
-18
92
-191
159
0
-56
57
-16
81
-115
105
22
-183
188
-134
98
-32
-80
98
-13
6
-81
164
-227
181
-141
-12
128
-229
280
-237
176
-113
38
90
-135
112
-34
23
-65
98
-72
90
-103
65
13
-55
102
-96
60
-45
18
20
-141
167
-156
79
61
-193
167
-117
52
11
-14
7
12
70
-50
34
-46
72
-37
-97
191
-260
156
28
-102
-4
118
-37
-131
267
-268
132
-5
-24
-37
85
-23
41
24
-193
277
-192
30
9
-12
-62
51
1
-141
184
-127
94
-44
61
-62
112
-69
23
42
-134
159
-84
-1
14
-6
-10
31
-31
34
-63
78
-118
96
-74
-37
93
-68
-13
123
-133
114
50
-197
270
-222
87
-21
-17
-18
-80
189
-101
-47
96
91
-243
280
-92
-115
106
-38
4
-93
107
-166
177
-111
21
58
-50
37
-42
121
-159
114
-6
-86
50
108
-184
219
-154
46
104
-178
120
-56
3
-59
118
-227
284
-257
73
155
-313
286
-143
24
-79
175
-200
161
-97
43
90
-102
123
-119
185
-146
66
79
-172
96
17
-86
69
-95
45
23
-82
53
-18
14
-47
32
30
-56
10
55
4
-225
390
-230
-90
343
-371
173
30
-135
63
54
-140
126
-1
-121
184
-80
-137
324
-357
196
51
-232
257
-190
128
-29
-62
160
-141
97
-51
59
-69
-4
82
-149
108
-114
62
9
-76
55
17
-42
-3
117
-149
99
28
-99
160
-208
179
-26
-141
201
-169
54
84
-121
45
120
-188
68
66
-173
93
81
-229
289
-196
31
74
-71
-29
76
-51
-37
132
-151
187
-196
198
-95
-1
19
-3
14
-90
169
-249
192
-29
-106
169
-83
-54
201
-324
341
-203
-60
284
-351
164
-6
-1
-94
169
-242
292
-242
156
-26
-135
253
-278
252
-158
71
-6
60
-84
41
-21
-71
143
-155
147
-190
110
148
-389
481
-286
-75
211
-24
-238
284
-79
-145
262
-179
62
-52
84
-179
245
-272
266
-228
138
44
-251
425
-408
197
-5
-53
35
-21
75
-115
111
-126
166
-217
185
-43
-168
330
-447
330
45
-353
359
-3
-274
282
0
-279
328
-160
23
-11
26
-63
23
-19
100
-215
209
-113
-190
491
-519
209
174
-313
74
275
-399
233
107
-313
227
55
-232
156
190
-430
407
-49
-375
550
-477
187
59
-168
94
166
-430
385
13
-468
596
-412
144
32
-13
-68
18
121
-200
277
-310
353
-296
151
-5
-137
142
-125
179
-298
384
-333
218
-46
-67
125
-138
89
-84
131
-385
516
-387
95
163
-160
8
132
-32
-193
397
-463
382
-303
164
-13
-128
382
-541
530
-278
-36
245
-192
-103
288
-215
-85
281
-304
146
14
-126
153
-73
17
84
-208
259
-248
209
-94
-94
201
-215
196
-122
35
15
-1
-53
83
64
-325
528
-479
216
92
-248
261
-156
-57
99
-61
-3
60
-44
33
-77
176
-216
124
31
-80
7
71
-73
-125
342
-391
293
-240
302
-268
207
-80
-33
108
-203
242
-252
286
-361
443
-347
96
108
-111
-10
39
68
-249
414
-427
198
82
-259
229
-99
-31
92
-39
-133
391
-544
398
-70
-218
292
-96
-104
113
2
-155
305
-309
194
-84
18
-24
136
-185
159
-139
85
73
-300
391
-332
190
-7
-138
146
-9
-149
228
-34
-261
351
-184
-79
214
-221
89
12
-2
-62
82
15
-186
216
-99
-24
-15
152
-177
94
62
-97
184
-202
207
-171
26
196
-217
96
177
-308
283
-52
-148
128
28
-108
18
115
-224
162
-63
48
-151
140
-32
-150
313
-318
117
136
-204
77
144
-269
71
127
-226
153
9
-165
143
13
-263
355
-281
27
133
-148
143
-59
58
-21
15
10
-22
-50
142
-235
258
-250
115
44
-197
260
-241
102
43
-142
72
-9
-171
261
-169
-21
156
-138
-37
249
-253
230
-128
23
95
-50
63
-43
111
-188
318
-265
166
-82
51
-26
55
-40
-16
74
-78
41
-41
-1
-18
-30
22
-138
135
-9
-112
171
-133
108
-33
60
-107
217
-249
182
17
-58
-47
201
-139
-138
385
-468
339
-280
87
-43
44
-258
179
-111
-177
329
-413
256
-223
40
59
-174
185
27
-81
268
-25
-99
340
-170
122
102
98
-204
265
-27
-198
326
-264
30
80
-131
49
155
-312
77
27
-258
169
-71
-176
115
22
-212
274
-227
157
30
28
166
-313
333
-213
-101
227
-251
86
291
-158
-56
294
-306
50
207
-411
240
-80
-221
204
-117
47
-158
346
-360
60
314
-332
237
-67
17
-111
70
-219
99
-265
184
32
-281
246
-364
177
22
-191
131
121
-257
255
49
13
123
65
69
284
-119
363
308
-95
303
46
147
-165
212
-280
33
-204
-321
230
-580
-25
-53
-208
-52
-87
-188
35
-142
-80
21
-149
-37
-34
29
94
-93
138
55
101
10
184
95
-68
337
89
41
110
212
-10
57
302
-94
194
85
-61
218
-63
1
35
81
-73
-71
258
-278
61
-90
-127
15
-28
-110
97
-145
-170
17
-50
-172
18
-3
-196
277
-291
165
-42
-186
35
14
74
-111
175
35
23
84
140
-27
69
40
23
-66
19
-135
-38
-78
-184
75
-302
49
-182
-139
-46
-83
-108
-144
35
-188
-40
43
18
54
42
298
48
199
281
68
366
226
205
432
175
303
425
260
189
388
200
236
424
150
393
189
120
371
43
171
196
113
65
77
51
-101
-44
-178
-85
-181
-223
-148
-262
-318
-241
-372
-454
-371
-524
-492
-593
-473
-652
-631
-653
-701
-689
-829
-847
-969
-900
-998
-766
-863
-739
-666
-593
-386
-431
-162
-245
30
110
66
360
345
304
442
479
392
455
519
578
457
642
698
593
745
629
720
656
550
669
589
586
719
663
659
736
750
887
918
840
964
1040
928
992
921
940
834
821
869
751
715
663
745
504
544
434
315
359
139
300
90
-60
-121
-192
-232
-334
-359
-486
-510
-622
-519
-723
-1055
-1061
-1531
-1536
-1731
-2030
-2072
-2389
-2569
-2671
-3017
-3506
-3693
-4067
-4223
-4211
-4352
-3724
-3415
-2465
-1928
-1562
-552
-173
937
1285
2128
2545
3479
4042
4345
4841
4606
4912
4565
4331
4040
3763
3526
2877
2349
1633
1075
700
-138
-734
-1425
-1622
-1688
-2014
-2143
-2558
-2251
-2013
-1504
-1089
-779
-190
58
973
1129
1500
1655
1845
2176
2316
2498
2499
2473
2222
2178
2034
1672
1327
1029
752
700
458
185
-175
-526
-630
-841
-1098
-1300
-1565
-1609
-1510
-1490
-1606
-1869
-2164
-2231
-2303
-2528
-2850
-3194
-3376
-3503
-4160
-4662
-5440
-5937
-6087
-6180
-6296
-6536
-4922
-3597
-1642
-1891
-1088
275
1682
3467
3913
4893
5279
6987
7736
8023
7339
6878
7011
6195
5611
4832
4502
3764
2102
607
-516
-1206
-1768
-2962
-3690
-4254
-3686
-3453
-3532
-4394
-4741
-3714
-2977
-1845
-1268
-139
585
1509
2465
3448
4504
4850
5120
5374
5891
6243
5912
5088
4096
3355
3024
2649
1657
521
-224
-394
-601
-1150
-1348
-1540
-1550
-1474
-1311
-1226
-1086
-969
-919
-697
-665
-668
-975
-1547
-1764
-2007
-2150
-2663
-3273
-3881
-4360
-5095
-6143
-7231
-7885
-8478
-9134
-9376
-9748
-9738
-10223
-8038
-5313
-2714
-1787
-1697
653
2739
5917
6655
7348
7561
9254
11128
11300
10605
8892
8421
7467
6481
5566
4910
3804
1746
-452
-1689
-2409
-2799
-4203
-5436
-6012
-5031
-3572
-3700
-4809
-5883
-4719
-3011
-1072
33
839
1675
2276
3212
3813
4697
5320
5503
5816
6540
7285
6946
5533
3759
2757
2502
2651
2272
967
15
-320
-228
-560
-960
-1101
-644
226
873
1424
1625
1704
1577
1414
1284
1089
775
167
-511
-1323
-2192
-3379
-4844
-5857
-6518
-7060
-7905
-8988
-10015
-10671
-11124
-11531
-11877
-12298
-12253
-11931
-9904
-5808
-2230
-245
-164
1605
4364
7531
9491
9716
10193
11159
13284
13880
12568
10140
8129
6977
5674
4548
3334
2083
126
-2505
-4300
-5294
-5569
-6331
-7385
-7490
-6210
-3839
-2798
-3517
-4774
-4184
-1658
1173
3094
3932
4572
5208
5628
5634
5583
5519
5310
4830
4889
5416
5334
3997
1751
79
-451
-8
489
195
-208
-516
37
752
830
773
1061
2223
3343
4075
4453
4441
3932
3265
2709
2051
1189
305
-798
-1965
-3469
-4955
-6598
-8105
-9135
-10043
-10584
-11137
-11365
-11592
-12042
-12547
-12710
-12172
-11495
-10990
-10640
-8244
-3013
1582
3568
2737
3781
6617
10042
11672
11205
11082
11983
13810
13443
10867
7281
4849
3583
2268
1311
399
-309
-2336
-5284
-7203
-7521
-6608
-6231
-6606
-6144
-3842
-528
734
-543
-2064
-1078
2106
5239
7001
7204
7474
7324
6564
5171
4079
3771
3183
2225
1699
2055
1733
-113
-2579
-3800
-3089
-1684
-395
229
902
1484
2619
3718
3861
4067
5032
6731
7515
7491
6985
6423
5259
3552
2216
999
-398
-2014
-3371
-4951
-6645
-8373
-9950
-11101
-11781
-12059
-12212
-12423
-12405
-11954
-11400
-10864
-10253
-9230
-8386
-7891
-7684
-7168
-3661
1856
6006
6664
5671
6881
9380
11613
11589
10436
9941
10874
12023
10825
7469
3273
805
-333
-1291
-2042
-2714
-3075
-4753
-6927
-7973
-7434
-6083
-5594
-5317
-3876
-568
2825
3501
1858
510
1864
5088
7749
8383
7586
6982
6283
4936
3142
1789
708
-471
-1253
-1242
-1027
-1765
-3399
-4828
-4330
-2347
40
1828
2707
3640
5032
6714
7542
7623
7725
8595
9297
8722
7486
5877
4455
2747
901
-929
-2657
-4169
-5772
-7261
-8734
-9894
-11073
-11885
-11947
-11404
-10655
-10515
-10470
-9913
-8975
-7881
-7133
-6060
-5206
-4305
-3693
-3665
-3626
-3840
-123
4347
7309
6440
5098
6420
7809
9268
8052
7214
6725
7691
8076
6045
3027
-250
-1201
-1935
-2658
-2897
-2450
-2098
-3803
-5585
-5633
-3882
-1835
-1509
-1493
-132
3184
5503
4966
2782
1753
3435
5792
7015
6055
4731
3664
2274
402
-1137
-1533
-1444
-1777
-2403
-2430
-1858
-1455
-1821
-2078
-703
1970
4739
6257
6571
6725
7178
7906
7766
7327
7172
7016
6077
4191
2304
516
-1028
-2912
-4508
-5449
-6129
-6815
-7827
-8633
-9375
-9721
-9454
-8921
-8031
-7207
-6291
-5836
-5593
-5112
-4409
-3477
-3111
-2522
-2210
-1998
-2406
-3265
-3907
-4513
-1834
1919
4616
3590
1772
2568
4204
6056
5460
4712
4440
5512
6562
5564
3227
328
-584
-563
-289
-133
-33
-222
-1808
-3176
-3118
-1579
-231
-420
-984
-5
2676
4591
3874
1491
79
1202
3529
4977
4230
2705
1527
702
-104
-697
-447
-437
-779
-1328
-843
343
935
555
130
1477
3873
6023
6587
5978
5365
5309
5984
5952
5254
4360
3460
2559
1115
-319
-1682
-2690
-3502
-4218
-4431
-4668
-5159
-6133
-6680
-6597
-6104
-5643
-5613
-5294
-4860
-4509
-4801
-5380
-5499
-4990
-4359
-4139
-4153
-4591
-5187
-5966
-6787
-7469
-5343
-961
2724
3162
2025
2740
4525
6440
6407
6002
6243
7786
9090
8282
5870
2660
1249
740
510
87
-115
-265
-1459
-3174
-4092
-3514
-2341
-1912
-2260
-1377
1225
3771
3832
1927
259
817
2939
4674
4628
3598
2774
1940
883
-253
-667
-614
-845
-1521
-1559
-440
491
137
-393
397
2395
4555
5665
5626
5324
5426
5863
5966
5581
4934
4289
3377
2044
619
-604
-1444
-2331
-3035
-3442
-3713
-4296
-5279
-6167
-6374
-5977
-5804
-5823
-5724
-5205
-4826
-5229
-6000
-6136
-5619
-5195
-4825
-4643
-4615
-4869
-5122
-5964
-6790
-7149
-5371
-956
3098
4612
3428
3248
4582
6459
7451
7033
6814
7554
8881
8585
6284
3063
812
169
-121
-405
-685
-815
-1601
-3325
-4467
-4126
-2767
-1780
-1841
-1507
318
2976
4128
2866
919
538
2296
4378
5029
3944
2561
1698
986
229
-281
-457
-848
-1562
-1852
-888
422
944
504
435
1851
3879
5260
5375
5076
5068
5557
5993
5798
4892
3679
2676
1557
406
-658
-1280
-1651
-2104
-2851
-3866
-4782
-5511
-5870
-5890
-5707
-5587
-5423
-5251
-5302
-5526
-6007
-6656
-6826
-6030
-4739
-4206
-4458
-4999
-5185
-5294
-5733
-6416
-6863
-4472
374
4691
5521
4135
3752
5063
6876
7463
7178
7117
7940
8541
7762
5315
2154
-79
-1161
-1555
-1584
-1259
-1169
-2141
-3850
-4740
-3962
-2317
-1356
-1517
-1030
1372
4226
5016
3426
1436
1238
2910
4634
4743
3442
2071
1078
476
-61
-771
-1645
-2510
-2850
-2327
-712
601
603
22
684
2878
5012
6032
5728
5472
5970
7022
7291
6318
4781
3449
2639
1744
637
-530
-1248
-1823
-2547
-3408
-4440
-5276
-5909
-6036
-5820
-5240
-4927
-5345
-5914
-5866
-5584
-5841
-6145
-6049
-5448
-4728
-4176
-4454
-5212
-5851
-5944
-6024
-6548
-6882
-4563
487
4851
5591
4074
3730
4970
6811
7643
7613
7623
8482
9014
8001
5223
1831
-303
-1144
-1513
-1803
-1464
-1123
-2190
-4248
-5458
-4723
-2915
-1868
-2042
-1522
1006
4200
5269
3573
1262
786
2422
4400
4766
3683
2616
1867
1026
-265
-1396
-1709
-1898
-2166
-2013
-610
1038
1240
497
586
2693
5145
6545
6499
6324
6684
7172
7288
6255
4792
3327
2411
1437
148
-936
-1799
-2430
-3379
-4622
-5629
-6260
-6478
-6358
-6159
-5745
-5465
-5494
-5703
-5514
-5097
-4938
-4903
-4714
-3977
-3381
-3128
-3362
-3902
-4167
-4298
-4380
-4938
-5608
-6029
-4450
-318
3622
4722
2964
2019
3183
5993
7940
7893
7097
7080
7994
7982
6230
3026
534
-182
31
22
-346
-1053
-2477
-4049
-4929
-4534
-3472
-2681
-2839
-2710
-870
2024
3671
2747
607
-117
1575
4091
4912
3883
2904
2742
2783
2027
961
-12
-683
-706
34
1072
1523
1442
1719
2734
3915
4966
5595
5456
4854
5089
6138
6414
4925
2997
1875
1189
177
-1186
-2037
-2387
-2521
-2939
-3990
-5324
-6256
-6257
-5780
-5316
-5127
-5183
-5521
-5660
-5488
-5468
-5782
-6022
-5535
-4697
-4014
-3765
-4144
-4781
-4957
-4750
-4803
-5360
-5881
-5713
-2844
1970
5439
5293
3188
2863
4894
8124
9334
8349
7334
7728
8391
7492
4836
1405
-829
-1453
-1545
-1798
-2195
-2998
-4571
-6053
-6447
-5540
-3984
-3148
-3332
-2523
441
3825
4826
3306
1363
1519
3974
6320
6639
5677
5045
4641
3948
2727
1254
44
-384
-219
245
1092
1766
1830
1422
1655
2601
3601
3983
3758
3983
4864
5617
4954
3230
1593
678
335
-124
-941
-1490
-1633
-2095
-3335
-4788
-5641
-5847
-5504
-5043
-4869
-5071
-5263
-5596
-6031
-6213
-5980
-5547
-5154
-4611
-4301
-3925
-3628
-3672
-4066
-4132
-3815
-3825
-4020
-4509
-3879
-681
3567
5846
4794
3639
3930
6109
8035
8093
6908
6292
6898
6910
5481
2415
-712
-2492
-2903
-2985
-3049
-3024
-3649
-4986
-5909
-5556
-4167
-2783
-2352
-2058
-155
3485
6226
6256
4136
2589
3442
5853
7592
7337
6223
5251
4357
3052
1537
-189
-1516
-2120
-1498
-495
320
154
-276
-251
365
1248
1930
2396
2641
3545
4844
5438
4203
2243
965
925
1109
651
-172
-820
-1161
-1968
-3269
-4616
-5476
-5646
-5369
-5028
-4829
-4741
-5237
-5957
-6294
-5939
-5255
-4708
-4204
-3907
-3389
-2634
-2042
-2059
-2412
-2630
-2596
-2458
-2800
-3289
-3862
-3180
-489
2937
4724
3737
2718
3162
5138
6425
6439
5635
5325
5774
5578
4260
1502
-913
-2217
-2272
-2013
-2038
-2457
-3253
-3941
-4210
-3791
-2876
-1847
-1217
-337
1682
4587
6569
6371
4553
3428
4481
6635
7716
6923
5574
4617
3907
2320
133
-1908
-2755
-2657
-2373
-1965
-1354
-675
-732
-972
-744
251
1588
2747
3605
4397
5194
5351
4259
2472
1161
1036
1408
997
-120
-1201
-1880
-2743
-4073
-5262
-5885
-5817
-5499
-5263
-5292
-5426
-5770
-6011
-5918
-5331
-4691
-4270
-3727
-3045
-1843
-1033
-839
-1397
-1842
-2046
-2026
-2292
-2991
-3985
-3627
-747
2540
4142
2913
1841
2014
3701
4997
5035
4508
4161
4569
4610
3740
1387
-834
-1888
-1934
-1720
-1626
-1330
-1433
-1665
-2145
-2053
-1183
-66
343
722
2503
5200
6959
6298
4381
3258
3992
5445
5826
5000
3996
3356
2541
846
-1199
-2579
-2937
-2995
-2772
-2169
-1157
-476
-210
-118
112
813
1963
3031
3764
4602
5344
5329
4026
2250
1074
948
838
-46
-1165
-1700
-2031
-2838
-4125
-5290
-5645
-5431
-5032
-4691
-4451
-4457
-4807
-4920
-4410
-3881
-3562
-3424
-3107
-2518
-1802
-1231
-1137
-1663
-2370
-2854
-2995
-3327
-4273
-5381
-6064
-4395
-1070
2000
2393
1223
1115
2639
4815
5409
4959
4530
5321
6363
6262
4718
2315
550
-327
-457
-483
-370
-292
-609
-1130
-1475
-1367
-1149
-1034
-992
77
2377
4938
5869
5018
3660
3342
4278
5091
4708
3715
3288
3253
2538
736
-1261
-2664
-3132
-3264
-2914
-1888
-613
-12
-64
167
821
1518
1921
2452
3397
4577
5223
4745
3251
1552
579
383
225
-655
-1505
-1789
-1865
-2436
-3497
-4435
-4922
-4783
-4457
-4068
-3661
-3282
-3364
-3854
-3979
-3860
-3559
-3499
-3224
-2562
-1616
-1138
-1633
-2627
-3652
-4186
-4757
-5114
-5817
-6114
-6121
-4587
-1468
1341
2224
1503
1888
3444
5442
6244
6185
6394
7121
7724
6899
5188
2869
1227
417
62
-332
-827
-999
-1404
-1927
-2752
-3105
-2913
-2266
-1651
-487
1814
4262
5488
4910
3964
3781
4518
5084
4583
4022
4086
4263
3064
554
-1851
-2974
-2949
-2882
-2787
-2306
-1293
-659
-421
-87
511
838
1241
2233
3763
4962
5235
4704
3444
2189
1404
1102
806
153
-521
-852
-1060
-1752
-2915
-4070
-4824
-4948
-4760
-4359
-4117
-4160
-4680
-5251
-5297
-4704
-4095
-4010
-3749
-2959
-1856
-1658
-2346
-3205
-3604
-3765
-4017
-4382
-4860
-5411
-5072
-2660
682
3117
3274
3193
3820
5114
5952
6026
6302
6884
7343
6837
5592
3756
1982
491
-635
-1454
-1957
-1730
-1499
-1695
-2402
-2956
-2899
-2302
-1795
-1250
265
2909
5449
6283
5613
4651
4398
4609
4543
4108
4060
4189
3458
1426
-932
-2461
-3033
-3221
-3628
-3996
-3304
-1645
-203
217
181
107
565
1639
3040
4209
5060
5331
4623
3563
2626
1883
1114
333
-465
-923
-867
-1211
-2294
-3678
-4822
-5467
-5401
-4931
-4833
-4981
-4900
-4649
-4363
-4045
-3864
-3790
-3505
-2912
-2285
-1682
-1597
-2022
-2562
-2789
-3064
-3520
-4067
-4767
-5543
-5732
-3330
537
3731
4098
3559
3762
4784
5688
5712
5863
6398
7212
7023
6110
4498
2589
821
-586
-1532
-2207
-2165
-1833
-1611
-1858
-2416
-2822
-2729
-2280
-1718
-66
2603
5338
6498
6050
5095
4722
4860
4536
3711
3240
3302
2833
1163
-793
-2035
-2556
-3354
-4606
-5182
-4006
-1849
-236
555
1074
1415
1835
2602
3361
3921
4396
4844
4882
4285
3124
1900
993
-92
-1572
-2726
-2848
-2512
-2862
-3878
-4909
-5198
-5258
-5601
-6246
-6200
-5305
-4266
-3778
-3584
-3449
-3375
-3190
-2786
-2212
-1859
-1575
-1747
-1953
-2280
-2613
-3573
-4827
-5937
-5855
-3338
474
3506
4244
4260
4336
4676
4984
5234
5555
6165
6903
6892
6432
5270
3446
1346
-292
-1524
-2516
-2548
-2071
-1410
-1404
-1808
-2426
-2414
-2002
-1571
-456
1674
4204
5473
5659
5219
5069
5030
4479
3426
2648
2620
2233
1155
-128
-1071
-1636
-2554
-3707
-4404
-3714
-2126
-658
477
1286
1799
2027
2404
2675
3039
3494
3962
4109
3803
3180
2388
1700
629
-730
-2126
-2740
-2762
-2725
-3097
-3839
-4420
-4932
-5401
-6048
-6285
-6021
-5539
-5040
-4491
-3796
-3257
-3034
-3251
-3175
-2688
-2357
-2408
-2489
-2393
-2567
-3331
-4369
-5049
-3918
-1261
1674
3366
4198
4803
5256
5606
5444
5246
5077
5169
5084
5190
5415
4939
3436
1264
-694
-2244
-2905
-2837
-2388
-1806
-1451
-1348
-1451
-1267
-1255
-1041
-140
1584
3155
3936
4303
4660
5208
5314
4488
3052
1990
1473
1097
742
209
-488
-1477
-2398
-3109
-3430
-3114
-2328
-1063
179
1388
2105
2526
2634
2763
2971
3257
3488
3320
3107
2788
2587
2104
1221
-156
-1478
-2180
-2552
-2676
-2962
-3268
-3796
-4180
-4490
-4845
-5075
-5409
-5525
-5440
-4702
-3816
-3117
-2875
-2889
-2756
-2585
-2404
-2504
-2508
-2587
-2770
-3221
-3576
-3839
-3589
-2073
175
2385
3615
4477
5210
5946
6217
5849
5279
4800
4604
4561
4958
5143
4502
2971
976
-865
-2250
-2809
-2880
-2690
-2529
-2416
-2214
-1633
-1062
-885
-598
180
1356
2237
2852
3453
4513
5455
5502
4516
3423
2793
2354
1581
492
-532
-1230
-1517
-1863
-2260
-2495
-2165
-1471
-701
-69
437
994
1496
1881
2164
2634
3042
3050
2754
2518
2426
2162
1680
959
154
-588
-1345
-2205
-2990
-3508
-3955
-4328
-4791
-5321
-5884
-6147
-6361
-6633
-6588
-6074
-5267
-4525
-3893
-3354
-2878
-2682
-2639
-2644
-2424
-2174
-2047
-2259
-1959
-389
1824
3539
4249
4765
5532
6490
6863
6516
5769
4937
3953
3185
3206
3490
3432
2618
1407
122
-936
-1680
-2271
-2632
-3042
-3205
-2942
-1907
-842
-290
25
589
1305
1607
1665
1889
2757
3744
4247
4168
3995
3870
3440
2613
1819
1097
415
-470
-1175
-1631
-1716
-1662
-1480
-1073
-559
-68
332
886
1370
1779
2012
2207
2381
2663
2871
2950
2760
2410
1899
1280
617
-238
-1318
-2353
-3135
-3693
-4111
-4585
-5170
-5752
-6293
-6842
-7348
-7620
-7442
-6979
-6170
-5181
-4121
-3252
-2621
-2201
-2016
-1904
-1886
-1823
-1736
-1107
359
2397
4169
4997
5285
5466
5907
6163
5962
5337
4396
3231
2222
1905
2075
2307
2005
1284
477
-60
-518
-1050
-1630
-2377
-2952
-3087
-2442
-1416
-464
95
487
929
1137
1068
763
963
1516
2152
2576
2958
3340
3446
3233
2727
2326
1936
1364
542
-73
-266
-301
-287
-176
104
390
628
763
969
1221
1325
1252
1111
1135
1278
1562
1802
1767
1490
1102
762
304
-475
-1627
-2803
-3539
-3872
-4134
-4646
-5092
-5480
-5785
-6199
-6561
-6737
-6668
-6457
-6096
-5332
-4388
-3478
-2942
-2491
-2066
-1832
-1963
-2201
-1692
-237
1715
3178
4163
4967
5808
6499
6708
6619
6123
5272
4094
3057
2504
2433
2429
2153
1754
1277
893
568
242
-371
-1399
-2571
-3336
-3410
-3128
-2690
-2173
-1413
-580
32
402
720
991
1082
1105
1237
1671
2265
2797
3231
3598
3847
3833
3495
3021
2462
1907
1472
1154
980
881
770
605
491
533
619
654
528
294
121
126
326
498
670
694
702
783
946
908
304
-828
-2205
-3177
-3720
-4032
-4519
-5107
-5610
-5781
-5714
-5659
-5707
-5905
-5986
-5836
-5284
-4603
-3947
-3283
-2623
-2035
-1774
-1830
-1737
-1072
68
1197
2031
2857
3824
4858
5547
5863
5792
5393
4592
3603
2915
2581
2507
2360
2206
2014
1816
1593
1395
1118
489
-444
-1450
-2139
-2614
-2925
-3143
-3017
-2568
-2191
-1918
-1555
-897
-333
-9
73
276
741
1248
1704
2049
2488
2896
3334
3676
3926
4017
4018
4008
3829
3464
2783
2012
1219
613
182
-67
-228
-458
-635
-732
-638
-548
-482
-555
-629
-544
-259
213
513
386
-264
-1028
-1627
-1936
-2242
-2755
-3457
-4080
-4327
-4309
-4247
-4240
-4208
-4084
-3912
-3671
-3361
-2912
-2565
-2482
-2523
-2473
-2258
-2127
-1959
-1578
-838
51
915
1811
2767
3635
4082
4207
4097
3904
3544
3104
2786
2677
2720
2715
2710
2649
2605
2508
2333
1972
1363
592
-243
-950
-1616
-2197
-2606
-2710
-2587
-2331
-1960
-1463
-890
-497
-280
-101
274
711
966
1052
1128
1403
1796
2238
2709
3219
3676
4049
4331
4388
4031
3223
2268
1453
803
175
-390
-820
-1048
-1207
-1306
-1300
-1284
-1316
-1377
-1326
-1077
-742
-462
-341
-392
-639
-966
-1188
-1351
-1571
-1985
-2484
-2808
-2927
-2949
-3036
-3044
-2953
-2815
-2676
-2566
-2332
-2116
-2081
-2297
-2495
-2440
-2229
-2255
-2585
-2831
-2615
-1933
-1145
-526
13
663
1367
1975
2450
2817
3025
3037
2904
2842
2894
2922
2747
2489
2380
2393
2435
2392
2230
1927
1524
996
338
-373
-998
-1405
-1542
-1454
-1201
-794
-314
117
436
696
968
1154
1147
973
770
743
887
1042
1186
1384
1730
2215
2633
2825
2836
2707
2391
1869
1258
674
179
-194
-494
-740
-917
-943
-822
-639
-516
-430
-361
-222
3
90
16
-144
-326
-538
-805
-1082
-1280
-1434
-1608
-1893
-2135
-2149
-2019
-1927
-1929
-1983
-1994
-1945
-1933
-1921
-1897
-1801
-1804
-1934
-2076
-2134
-2163
-2272
-2451
-2642
-2616
-2430
-2118
-1742
-1241
-607
66
715
1291
1755
1974
2037
2001
1984
2015
1941
1833
1829
2003
2227
2375
2390
2333
2189
1967
1709
1432
1143
793
478
291
295
374
495
634
708
712
646
626
661
658
548
345
196
197
282
344
387
390
431
552
743
913
962
873
754
632
494
324
147
-27
-186
-291
-272
-58
242
448
460
368
239
88
-48
-192
-334
-458
-599
-688
-674
-582
-578
-671
-794
-899
-1017
-1192
-1352
-1502
-1618
-1761
-1813
-1750
-1628
-1633
-1781
-1925
-1982
-2042
-2219
-2547
-2932
-3269
-3552
-3664
-3526
-3122
-2606
-2018
-1321
-550
162
772
1232
1525
1634
1658
1788
2055
2306
2434
2467
2505
2603
2735
2890
3003
3002
2841
2560
2322
2150
1910
1489
1039
674
418
235
123
100
122
150
159
262
411
475
273
-73
-384
-568
-589
-523
-414
-254
-2
390
823
1113
1146
1003
766
512
349
294
268
188
105
127
324
500
521
442
396
459
467
429
330
231
139
66
52
87
158
34
-267
-611
-850
-999
-1227
-1556
-1842
-1978
-1960
-1948
-2008
-2064
-2099
-2162
-2306
-2502
-2783
-3114
-3461
-3771
-3985
-4071
-3901
-3479
-2907
-2301
-1660
-927
-153
542
1053
1477
1889
2242
2465
2637
2802
2918
2931
2874
2859
2949
3077
3142
3114
3010
2813
2536
2190
1770
1285
756
246
-101
-293
-343
-325
-277
-227
-196
-163
-173
-239
-403
-653
-909
-1004
-953
-803
-657
-436
-121
281
709
1011
1188
1233
1189
1055
902
729
582
442
345
320
394
566
767
948
1040
1075
1079
1048
953
825
668
474
282
40
-149
-318
-571
-879
-1223
-1551
-1814
-2008
-2208
-2442
-2598
-2673
-2669
-2639
-2672
-2830
-3036
-3199
-3319
-3478
-3668
-3859
-3926
-3753
-3335
-2765
-2117
-1415
-663
149
1020
1851
2549
2975
3188
3316
3419
3517
3507
3394
3241
3177
3191
3218
3188
3146
3037
2830
2489
2030
1510
901
245
-405
-866
-1068
-1109
-1105
-1071
-926
-678
-412
-251
-258
-336
-427
-549
-670
-748
-707
-513
-257
64
470
1010
1579
1922
1998
1834
1546
1175
850
566
309
48
-117
-25
351
815
1109
1246
1296
1348
1371
1327
1112
732
233
-291
-704
-962
-1115
-1312
-1563
-1815
-2008
-2158
-2335
-2637
-3032
-3443
-3754
-3972
-4092
-4178
-4260
-4349
-4437
-4470
-4484
-4486
-4443
-4191
-3637
-2837
-1904
-881
270
1513
2672
3655
4393
4866
5003
4895
4676
4401
4082
3632
3137
2756
2536
2388
2332
2330
2249
1999
1571
1140
707
168
-564
-1353
-1929
-2151
-2126
-1916
-1522
-950
-298
289
812
1232
1487
1423
1111
705
514
551
678
833
1078
1458
1869
2147
2193
1964
1428
706
45
-434
-790
-1080
-1165
-864
-167
652
1320
1812
2135
2327
2379
2183
1832
1374
778
100
-540
-1021
-1318
-1638
-2077
-2518
-2835
-3036
-3247
-3629
-4178
-4739
-5139
-5462
-5690
-5867
-5964
-5919
-5734
-5515
-5210
-4581
-3597
-2423
-1205
133
1578
3049
4349
5287
5905
6293
6388
6039
5370
4659
3988
3305
2593
1969
1462
1117
859
606
305
-74
-488
-913
-1236
-1523
-1832
-2118
-2148
-1873
-1459
-1039
-566
79
877
1622
2162
2507
2702
2742
2605
2412
2298
2244
2110
1908
1766
1744
1709
1536
1195
696
107
-559
-1070
-1367
-1498
-1538
-1482
-1192
-560
384
1362
2146
2580
2700
2673
2546
2239
1688
973
162
-518
-1046
-1550
-2163
-2866
-3573
-4264
-4933
-5509
-6013
-6454
-6885
-7265
-7461
-7325
-6981
-6704
-6456
-5909
-4728
-2992
-1153
560
2282
4138
5918
7387
8310
8716
8499
7736
6650
5584
4569
3407
2050
858
66
-313
-608
-889
-1196
-1638
-2241
-2869
-3316
-3559
-3791
-4010
-3850
-2978
-1587
-152
1078
2193
3137
3938
4472
4750
4700
4316
3686
3082
2839
2757
2549
2200
1761
1380
1027
626
100
-634
-1521
-2304
-2627
-2401
-1778
-1128
-445
426
1537
2623
3497
3822
3576
2950
2319
1909
1535
1017
183
-701
-1376
-1744
-2181
-2892
-3753
-4642
-5542
-6440
-7201
-7965
-8672
-9284
-9609
-9491
-9029
-8376
-7365
-5638
-3166
-587
1756
4031
6396
8441
9728
10207
10141
9660
8679
7203
5687
4442
3289
1946
683
-188
-783
-1418
-2182
-2940
-3651
-4304
-4867
-5167
-5072
-4701
-4177
-3238
-1638
264
1922
3147
4114
4883
5435
5645
5442
4995
4354
3560
2854
2451
2267
1917
1238
366
-408
-1039
-1576
-2210
-2925
-3457
-3460
-2962
-2058
-862
421
1646
2897
4093
5096
5688
5679
5046
4181
3400
2707
1895
908
-213
-1328
-2229
-2959
-3687
-4609
-5730
-6983
-8065
-8929
-9636
-10365
-10939
-11040
-10633
-9890
-8845
-7177
-4706
-1845
808
3155
5655
8092
9911
10741
10831
10512
9663
8242
6530
5016
3656
2137
499
-706
-1441
-2155
-3081
-3950
-4651
-5336
-6047
-6392
-6052
-5140
-4017
-2793
-1017
1388
3858
5711
6922
7608
7939
7821
7232
6212
5048
3828
2578
1554
832
318
-314
-1204
-2316
-3308
-3959
-4343
-4678
-4831
-4478
-3518
-2089
-404
1380
3069
4513
5536
6236
6692
6831
6369
5424
4402
3534
2790
1993
1091
110
-991
-2160
-3457
-4770
-6174
-7718
-9324
-10749
-11683
-12225
-12416
-12296
-11805
-10775
-8785
-5778
-2295
869
3628
6209
8664
10654
11654
11610
10883
9629
7846
5854
4223
2862
1230
-577
-2017
-2985
-3793
-4689
-5656
-6528
-7194
-7614
-7632
-6804
-5228
-3375
-1444
967
3802
6459
8354
9385
9725
9593
9041
8044
6751
5339
3779
2187
974
144
-737
-1892
-3211
-4579
-5681
-6333
-6391
-6125
-5593
-4758
-3343
-1383
708
2604
4056
5211
5981
6365
6620
6685
6303
5393
4338
3433
2794
2231
1390
132
-1381
-2863
-4224
-5615
-7009
-8434
-9797
-10857
-11478
-11603
-11324
-10847
-10259
-8897
-6170
-2505
868
3658
6222
8590
10397
11286
11275
10645
9440
7462
5125
3394
2319
957
-999
-2872
-4187
-5102
-5845
-6656
-7478
-8090
-8300
-7962
-6765
-4676
-2426
-332
1897
4607
7328
9342
10307
10307
9766
9054
8164
7046
5778
4328
2745
1377
406
-512
-1874
-3414
-5050
-6389
-7163
-7072
-6391
-5381
-3941
-2250
-270
1743
3543
4734
5338
5629
5535
5314
5180
5050
4530
3655
2862
2322
1915
1247
14
-1659
-3304
-4782
-6328
-7803
-9149
-10319
-11229
-11501
-11148
-10424
-9597
-8439
-6422
-3177
426
3449
5987
8273
10117
11043
11068
10382
9168
7398
5106
3002
1676
686
-884
-2849
-4523
-5674
-6552
-7395
-8271
-9002
-9244
-8876
-7685
-5636
-3039
-499
1976
4682
7329
9319
10392
10591
10033
9004
7826
6758
5657
4326
2816
1515
539
-359
-1573
-2980
-4476
-5967
-6999
-7112
-6407
-5338
-4128
-2580
-529
1745
3683
5057
6035
6577
6461
6103
6051
6108
5591
4392
3070
2138
1471
476
-1055
-2804
-4237
-5661
-7197
-8488
-9351
-9974
-10689
-11128
-11046
-10365
-9524
-8166
-5718
-2055
1641
4727
7476
9961
11665
12007
11468
10418
8865
6674
4163
2437
1579
756
-926
-2869
-4367
-5607
-6854
-8126
-9133
-9933
-10148
-9484
-7664
-4898
-1911
814
3379
6047
8290
9617
9876
9500
8652
7816
7098
6340
5257
3955
2612
1315
77
-1291
-2713
-4252
-5768
-7016
-7407
-6809
-5862
-4982
-3988
-2479
-609
1140
2564
3765
4925
5720
6035
6258
6687
6883
6129
4884
3743
2954
1940
445
-1415
-3140
-4554
-5935
-7259
-8268
-8880
-9588
-10270
-10690
-10577
-10276
-9050
-6572
-3012
570
3825
6905
9531
11266
11518
10932
9805
8286
5945
3442
2096
1747
1246
-68
-1555
-2843
-4129
-5567
-7129
-8352
-9227
-9441
-8930
-7299
-4778
-2070
464
2993
5537
7361
8316
8452
8202
7703
7269
6841
6224
5412
4301
2928
1397
-25
-1284
-2515
-3815
-5222
-6206
-6246
-5542
-4838
-4355
-3681
-2554
-1302
-253
717
1905
3149
4009
4308
4631
5262
5630
5130
3953
2874
2074
1207
30
-1319
-2509
-3677
-4992
-6184
-7014
-7526
-8136
-8812
-9337
-9712
-9195
-7232
-3955
-547
2076
4571
6886
9005
9815
9546
8602
7431
5880
3885
2660
2411
2267
1188
-419
-1819
-3037
-4228
-5581
-6829
-7801
-8104
-7681
-6517
-4630
-2703
-968
657
2680
4563
5907
6611
6919
7181
7514
8011
8024
7486
6278
4697
2863
1181
-276
-1578
-2685
-3817
-4731
-5042
-4496
-3764
-3561
-3568
-3255
-2383
-1462
-646
214
1093
1868
2128
2326
2850
3450
3466
2839
2210
1836
1472
733
-310
-1472
-2723
-4051
-5390
-6288
-6836
-7320
-7960
-8520
-8766
-8055
-5815
-2603
386
2548
4502
6333
7724
8001
7548
6799
6021
4956
3694
3140
3334
3189
1912
162
-1314
-2766
-4215
-5558
-6427
-6800
-6674
-6126
-5263
-3940
-2710
-1663
-831
540
2036
3254
4153
4962
6251
7298
8080
7913
7376
6370
4867
3184
1667
704
-168
-953
-1931
-2609
-2746
-2638
-2800
-3188
-3186
-2731
-1958
-1098
-337
259
746
1107
968
678
593
723
803
771
856
961
919
453
-463
-1557
-2797
-4234
-5684
-6756
-7249
-7569
-7864
-8085
-7626
-5535
-2437
774
2865
4526
5935
6870
7095
6626
6193
5658
4979
4063
3441
3524
3481
2402
597
-1081
-2306
-3346
-4136
-4584
-4701
-4451
-3830
-3259
-2733
-2514
-2478
-2389
-1819
-643
493
1635
2789
4357
5856
7027
7247
6524
5342
3989
2591
1353
600
253
74
-349
-803
-1165
-1224
-1394
-1888
-2178
-1806
-777
220
917
1458
1881
2069
1530
613
-45
-188
-174
-285
-201
37
234
-42
-889
-2194
-3583
-4982
-6379
-7541
-8197
-8450
-8472
-8333
-7394
-5102
-1855
1318
3219
4489
5456
6354
6575
6128
5503
5082
4903
4538
4213
4140
3911
2612
415
-1697
-3000
-3631
-4060
-4420
-4371
-3574
-2411
-1627
-1252
-1295
-1565
-1854
-1580
-452
675
1890
2896
4187
5496
6419
6510
5273
3696
2120
1043
153
-364
-568
-676
-848
-1257
-1728
-2060
-2342
-2757
-2991
-2401
-1044
467
1615
2443
3043
3307
3104
2381
1780
1452
1382
1192
996
1042
1219
1097
201
-1182
-2784
-4276
-5781
-7246
-8465
-9360
-9745
-9712
-8783
-6621
-3493
-245
2039
3545
4512
5425
5908
5820
5390
5107
5193
5245
5198
5093
4809
3820
1852
-390
-2102
-3017
-3661
-4250
-4490
-4153
-3380
-2816
-2652
-2832
-2969
-2819
-2267
-1139
417
2024
3541
5010
6524
7457
7348
6099
4389
3040
2171
1489
756
200
-155
-523
-1101
-1798
-2426
-3043
-3793
-4236
-4017
-2930
-1714
-813
-369
14
509
878
962
1017
1378
1898
2356
2552
2772
2900
2730
1867
474
-1033
-2354
-3728
-5175
-6671
-7744
-8346
-8426
-7744
-6197
-3721
-1323
603
1806
2688
3412
3809
3978
4061
4343
4805
5183
5521
5656
5432
4583
3035
1360
-157
-1182
-2020
-2735
-3259
-3397
-3243
-3251
-3596
-4218
-4618
-4502
-3785
-2759
-1513
-25
1563
3285
4881
5993
6161
5358
4337
3547
3258
3036
2701
2354
2060
1724
981
41
-848
-1652
-2536
-3391
-3715
-3364
-2770
-2291
-2188
-2110
-1895
-1672
-1436
-1072
-258
675
1505
2102
2588
3004
3199
3006
2284
1137
-79
-1208
-2308
-3403
-4434
-5250
-5683
-5600
-4995
-3858
-2511
-1338
-622
-237
61
423
871
1412
2051
2818
3591
4298
4858
5087
4822
4119
3251
2406
1629
894
253
-258
-658
-1088
-1656
-2380
-3154
-3854
-4295
-4412
-4217
-3763
-3078
-2191
-1271
-357
458
1085
1384
1407
1492
1876
2465
2911
3126
3290
3484
3429
2941
2273
1706
1255
724
213
-23
21
72
-128
-508
-833
-978
-1009
-940
-685
-281
153
529
882
1254
1644
1930
1938
1501
795
136
-402
-979
-1683
-2279
-2614
-2627
-2589
-2658
-2842
-3011
-3123
-3330
-3588
-3666
-3415
-2835
-2082
-1347
-695
-32
652
1220
1620
1873
1984
2043
2150
2288
2393
2448
2446
2161
1578
871
227
-278
-684
-1013
-1370
-1576
-1462
-1119
-804
-741
-860
-958
-806
-410
43
582
1203
1877
2499
3000
3405
3557
3394
2931
2356
1793
1206
657
155
-81
-23
148
210
-1
-291
-572
-689
-735
-724
-623
-465
-244
30
403
715
808
569
83
-444
-850
-1161
-1460
-1716
-1894
-1942
-1941
-2029
-2309
-2718
-3109
-3494
-3871
-4038
-3779
-2994
-2083
-1345
-842
-380
219
799
1275
1539
1680
1794
2014
2356
2762
3114
3211
2956
2380
1688
1057
573
188
-240
-695
-1012
-919
-513
-101
-59
-400
-832
-1036
-859
-547
-183
209
821
1634
2444
3087
3377
3300
2949
2480
1909
1320
747
254
-23
-18
183
323
296
110
-174
-406
-526
-564
-536
-432
-267
-45
254
544
567
179
-426
-950
-1221
-1336
-1440
-1481
-1355
-1162
-1128
-1338
-1709
-2152
-2620
-3116
-3552
-3768
-3603
-3031
-2176
-1375
-821
-514
-250
79
314
368
352
488
831
1267
1758
2248
2657
2778
2408
1783
1152
687
287
-201
-716
-1068
-1049
-737
-368
-168
-204
-331
-404
-358
-242
-147
17
344
910
1624
2331
2801
2962
2807
2455
2010
1539
1062
618
351
346
583
851
928
795
511
222
41
-8
-7
1
135
429
841
1179
1156
714
-20
-683
-1076
-1259
-1351
-1422
-1357
-1102
-850
-860
-1198
-1719
-2238
-2665
-3043
-3303
-3277
-3002
-2605
-2175
-1680
-1127
-645
-402
-403
-489
-453
-249
78
512
971
1380
1677
1939
2103
2039
1612
1052
586
268
-44
-443
-706
-694
-484
-315
-239
-173
-42
117
214
275
429
697
1048
1406
1772
2128
2397
2448
2252
1883
1459
1122
904
790
711
645
590
504
369
183
3
-182
-280
-287
-197
15
282
561
705
650
411
5
-415
-765
-1056
-1273
-1354
-1252
-1119
-1143
-1294
-1514
-1804
-2130
-2498
-2805
-3020
-3068
-3019
-2915
-2651
-2190
-1573
-1003
-613
-412
-303
-129
198
605
996
1342
1655
1916
2173
2363
2426
2229
1868
1494
1251
1046
691
200
-143
-132
29
54
-55
-59
32
230
447
646
840
997
1100
1214
1413
1588
1612
1408
1062
736
571
592
649
596
460
347
347
405
386
208
-21
-154
-169
-63
140
305
343
246
94
-59
-202
-372
-643
-931
-1091
-1097
-1090
-1197
-1425
-1748
-2116
-2451
-2707
-2853
-2960
-3028
-3115
-3127
-2965
-2577
-2047
-1524
-1085
-804
-560
-236
276
864
1346
1653
1892
2166
2434
2606
2621
2426
2083
1707
1440
1323
1233
986
589
246
152
230
248
148
-8
-26
119
394
620
757
844
954
1084
1212
1250
1168
962
709
523
455
520
561
449
195
-10
-91
-131
-257
-432
-545
-568
-494
-357
-176
-25
-14
-153
-361
-494
-499
-467
-462
-402
-217
12
121
22
-249
-604
-1030
-1511
-1995
-2366
-2600
-2773
-2948
-3035
-2882
-2520
-2128
-1818
-1638
-1438
-1163
-738
-145
482
1037
1464
1873
2315
2727
2941
2858
2589
2285
2000
1746
1514
1261
945
588
251
23
-57
-108
-242
-344
-287
-20
300
495
582
648
842
1073
1207
1190
1094
1004
936
948
1021
1089
1031
883
696
525
335
73
-264
-549
-731
-852
-907
-886
-837
-880
-1039
-1282
-1492
-1615
-1671
-1657
-1538
-1259
-859
-441
-132
-15
-86
-257
-509
-855
-1325
-1773
-2127
-2356
-2460
-2425
-2241
-2004
-1812
-1750
-1678
-1501
-1173
-775
-333
149
653
1187
1737
2261
2676
2900
2931
2875
2780
2636
2458
2269
2062
1797
1471
1118
789
518
291
107
61
175
358
457
472
488
500
503
434
332
283
317
369
469
676
898
1057
1121
1129
1131
1068
880
586
286
50
-136
-376
-603
-754
-873
-1032
-1322
-1640
-1888
-2038
-2128
-2156
-2040
-1750
-1343
-919
-580
-421
-419
-510
-682
-937
-1299
-1687
-2000
-2167
-2143
-1988
-1813
-1672
-1617
-1642
-1672
-1580
-1320
-984
-678
-429
-117
378
972
1497
1854
2059
2213
2342
2485
2628
2733
2792
2773
2678
2480
2191
1853
1448
1033
729
639
685
680
587
499
502
517
364
59
-242
-430
-479
-429
-282
-97
51
175
322
542
762
827
708
489
311
215
95
-97
-358
-585
-765
-945
-1174
-1432
-1652
-1791
-1813
-1724
-1547
-1299
-1009
-720
-537
-473
-463
-491
-584
-808
-1118
-1444
-1685
-1735
-1591
-1377
-1242
-1198
-1200
-1170
-1120
-1013
-838
-622
-411
-229
21
433
930
1300
1481
1563
1693
1830
1910
1951
2039
2186
2303
2333
2257
2149
1976
1738
1496
1349
1283
1174
957
724
622
637
585
333
-23
-324
-500
-573
-578
-550
-504
-476
-422
-239
26
214
241
136
24
-44
-80
-186
-365
-583
-779
-927
-1050
-1199
-1444
-1711
-1851
-1786
-1619
-1429
-1251
-1051
-833
-671
-599
-564
-500
-481
-603
-860
-1171
-1412
-1476
-1350
-1179
-1079
-1054
-1019
-940
-809
-663
-515
-375
-242
-154
-2
284
663
1002
1170
1268
1411
1622
1776
1834
1822
1889
2009
2080
2061
2021
2000
1995
2035
2084
2078
1901
1604
1351
1196
1099
913
569
198
-85
-230
-294
-318
-339
-394
-463
-444
-238
71
266
289
244
209
161
89
-7
-167
-399
-694
-950
-1100
-1214
-1399
-1649
-1769
-1679
-1495
-1376
-1323
-1258
-1178
-1118
-1133
-1146
-1105
-1043
-1051
-1223
-1473
-1672
-1706
-1574
-1433
-1350
-1332
-1266
-1096
-878
-660
-445
-250
-125
-110
-75
106
419
695
840
934
1113
1380
1625
1752
1807
1852
1931
1993
1996
1997
1981
2019
2105
2217
2256
2110
1838
1552
1313
1097
789
425
94
-146
-301
-379
-360
-317
-343
-429
-445
-298
-44
131
185
189
164
107
4
-73
-154
-322
-611
-921
-1113
-1209
-1323
-1500
-1571
-1475
-1288
-1159
-1108
-1066
-1038
-1025
-1075
-1121
-1100
-1016
-943
-1008
-1204
-1414
-1445
-1308
-1161
-1128
-1166
-1123
-965
-745
-540
-336
-142
-45
-63
-64
115
447
711
822
879
1036
1297
1559
1730
1828
1909
2003
2108
2188
2236
2279
2312
2365
2427
2405
2240
1946
1631
1316
1007
667
293
-65
-372
-580
-709
-719
-679
-669
-693
-677
-493
-239
-27
81
144
193
189
115
32
-65
-246
-521
-825
-1031
-1129
-1225
-1377
-1498
-1505
-1430
-1376
-1356
-1334
-1338
-1368
-1434
-1470
-1415
-1297
-1195
-1209
-1321
-1464
-1504
-1365
-1171
-1038
-986
-933
-818
-660
-466
-290
-169
-89
-108
-147
-69
210
524
670
694
751
919
1123
1311
1469
1642
1827
2028
2196
2344
2471
2583
2672
2753
2767
2632
2347
2006
1674
1373
1070
712
322
-45
-335
-526
-556
-506
-487
-543
-560
-426
-182
31
125
166
205
236
232
205
157
16
-231
-491
-660
-714
-777
-916
-1076
-1175
-1200
-1228
-1291
-1364
-1441
-1550
-1687
-1768
-1703
-1550
-1435
-1425
-1509
-1607
-1648
-1587
-1435
-1254
-1089
-953
-824
-680
-521
-383
-280
-260
-299
-365
-353
-211
37
230
233
205
287
464
639
790
982
1214
1473
1728
1948
2167
2356
2488
2557
2628
2650
2496
2198
1852
1559
1320
1062
722
370
61
-169
-284
-294
-251
-262
-340
-368
-253
-58
102
133
87
73
94
134
150
88
-56
-248
-389
-409
-376
-380
-488
-631
-731
-761
-822
-931
-1066
-1245
-1413
-1549
-1558
-1471
-1367
-1345
-1410
-1484
-1533
-1535
-1470
-1280
-1039
-815
-636
-505
-329
-144
49
153
145
109
92
151
238
295
301
252
205
269
408
572
704
836
1009
1193
1382
1561
1701
1791
1863
1970
2096
2134
2012
1719
1397
1140
942
732
478
235
41
-110
-196
-185
-122
-129
-243
-325
-281
-155
-48
-61
-126
-145
-134
-130
-164
-230
-316
-403
-440
-398
-343
-320
-366
-451
-516
-566
-632
-785
-972
-1171
-1340
-1457
-1493
-1486
-1498
-1552
-1599
-1645
-1697
-1729
-1718
-1595
-1384
-1168
-1002
-845
-624
-354
-146
-23
66
196
337
405
403
397
441
488
520
589
755
966
1146
1262
1397
1553
1670
1710
1713
1773
1864
1929
1929
1841
1662
1403
1127
905
721
568
413
281
190
112
66
68
87
63
-18
-101
-100
1
100
133
137
142
133
80
7
-57
-133
-187
-204
-179
-147
-117
-125
-175
-235
-340
-464
-626
-805
-956
-1078
-1175
-1257
-1319
-1392
-1473
-1538
-1595
-1649
-1702
-1724
-1706
-1635
-1488
-1308
-1125
-945
-780
-641
-539
-401
-211
-53
24
12
29
144
305
462
606
774
957
1132
1278
1411
1542
1639
1681
1676
1694
1735
1743
1639
1456
1268
1082
875
655
467
328
238
163
96
45
-6
-46
-94
-143
-187
-237
-242
-188
-101
-30
19
44
34
-22
-91
-157
-187
-187
-161
-102
-43
9
72
97
63
-23
-157
-302
-423
-531
-617
-723
-821
-911
-990
-1036
-1087
-1158
-1214
-1239
-1250
-1280
-1307
-1290
-1203
-1042
-876
-730
-595
-465
-325
-181
-96
-69
-85
-49
79
264
462
633
776
900
1049
1204
1348
1450
1500
1506
1512
1542
1589
1569
1448
1260
1074
928
785
629
458
318
241
227
244
247
218
138
39
-45
-86
-75
-64
-79
-92
-69
-29
-3
-37
-125
-220
-277
-308
-309
-266
-221
-179
-147
-107
-93
-122
-220
-341
-453
-567
-647
-727
-801
-890
-973
-1026
-1057
-1068
-1105
-1156
-1205
-1255
-1291
-1326
-1345
-1330
-1298
-1248
-1138
-980
-795
-622
-486
-413
-353
-244
-79
128
343
537
703
886
1079
1265
1414
1527
1566
1582
1585
1599
1610
1581
1505
1366
1215
1071
953
808
669
546
473
426
384
357
335
307
262
205
152
123
90
63
35
10
-9
-13
-13
-24
-47
-87
-128
-155
-156
-142
-124
-118
-148
-203
-247
-288
-335
-404
-491
-590
-658
-711
-746
-762
-789
-794
-792
-800
-810
-829
-859
-926
-985
-1036
-1072
-1112
-1165
-1192
-1191
-1157
-1096
-1009
-909
-801
-648
-468
-263
-37
217
481
742
994
1202
1374
1519
1624
1662
1642
1592
1515
1410
1289
1159
1021
866
719
575
460
386
331
273
213
178
158
137
116
115
115
102
88
71
50
29
-9
-25
-21
1
4
5
-2
-15
-16
-11
-12
-42
-73
-120
-182
-245
-286
-321
-366
-418
-473
-500
-519
-535
-555
-565
-554
-537
-521
-494
-472
-480
-517
-563
-622
-688
-765
-859
-940
-989
-1014
-1036
-1055
-1035
-978
-881
-749
-594
-405
-182
67
345
631
894
1127
1317
1441
1485
1520
1526
1492
1414
1309
1189
1049
927
803
677
561
462
373
309
257
229
207
186
152
124
124
131
123
105
73
21
-29
-52
-60
-63
-68
-97
-108
-92
-69
-67
-74
-98
-143
-197
-243
-283
-308
-333
-358
-360
-375
-400
-426
-443
-472
-480
-487
-492
-496
-497
-500
-499
-475
-482
-508
-560
-622
-688
-741
-782
-831
-884
-947
-981
-999
-963
-894
-801
-678
-536
-356
-143
103
359
573
753
887
984
1052
1098
1126
1119
1097
1059
1026
983
948
907
829
728
653
587
553
537
524
481
434
412
398
397
382
360
322
269
228
204
183
160
138
116
85
70
56
41
8
-33
-74
-133
-178
-199
-195
-186
-169
-175
-194
-201
-216
-243
-283
-310
-329
-347
-367
-383
-405
-445
-490
-542
-582
-616
-662
-703
-745
-784
-822
-869
-922
-974
-1003
-1007
-981
-936
-849
-731
-591
-442
-286
-114
51
204
324
437
522
593
649
695
727
752
765
775
762
744
709
656
605
558
528
491
456
418
393
374
368
361
348
321
288
253
227
213
208
196
185
188
192
200
187
163
138
106
63
22
4
-4
7
22
35
36
25
-5
-50
-88
-130
-159
-179
-197
-206
-211
-216
-248
-279
-316
-359
-397
-429
-455
-481
-500
-524
-551
-592
-625
-653
-652
-628
-593
-549
-488
-416
-340
-264
-192
-124
-58
12
70
138
215
294
357
409
444
467
475
462
440
397
355
311
270
223
198
176
162
157
168
181
198
211
208
211
207
212
215
234
254
275
294
303
304
281
254
223
199
175
169
173
175
190
210
226
225
200
152
91
35
-21
-76
-129
-175
-207
-240
-275
-324
-378
-444
-501
-545
-578
-601
-598
-581
-559
-546
-545
-545
-536
-509
-463
-409
-359
-303
-245
-182
-130
-90
-66
-51
-44
-21
27
85
145
213
270
307
336
344
340
320
279
234
189
152
111
85
65
51
57
56
60
65
79
89
102
116
121
141
166
196
225
254
265
256
244
241
238
252
274
304
323
353
390
413
425
417
410
374
340
290
246
190
132
76
15
-42
-104
-169
-249
-317
-379
-434
-482
-516
-533
-542
-536
-523
-497
-472
-457
-432
-404
-357
-312
-262
-219
-176
-137
-106
-86
-73
-61
-49
-38
-16
12
48
83
115
136
146
151
147
132
104
71
39
9
-18
-43
-64
-82
-102
-114
-119
-126
-128
-122
-122
-117
-104
-76
-55
-34
-14
0
9
13
32
59
96
146
201
259
311
363
403
436
465
475
482
475
466
451
430
396
352
307
246
181
106
30
-44
-100
-149
-195
-233
-266
-289
-311
-309
-298
-280
-254
-227
-184
-150
-104
-67
-28
0
26
51
70
93
105
113
119
125
122
106
81
56
31
10
-12
-30
-56
-88
-118
-151
-178
-201
-221
-251
-286
-313
-337
-358
-373
-382
-376
-359
-327
-293
-261
-231
-209
-188
-172
-160
-143
-117
-81
-40
2
47
90
133
169
200
220
237
256
282
303
326
346
365
381
384
377
352
315
272
223
179
129
87
49
21
-7
-35
-59
-78
-86
-87
-74
-59
-34
1
42
72
101
126
152
167
188
208
229
244
260
274
278
276
255
222
177
136
99
56
14
-28
-65
-103
-138
-174
-211
-255
-298
-352
-403
-450
-481
-497
-503
-496
-485
-461
-430
-396
-366
-343
-320
-293
-263
-222
-180
-129
-78
-25
14
50
72
94
105
115
126
134
155
170
196
209
224
238
241
234
212
192
166
144
118
91
58
38
30
22
16
1
-5
-12
-4
8
21
42
66
95
118
149
174
201
226
260
292
314
339
352
360
357
348
329
299
272
240
204
169
134
100
68
27
-16
-71
-127
-190
-258
-321
-376
-426
-464
-492
-507
-513
-505
-489
-474
-459
-446
-425
-400
-368
-330
-290
-248
-204
-161
-121
-88
-56
-25
1
25
38
55
70
94
119
145
168
184
196
195
191
177
165
154
142
129
116
111
100
93
84
77
73
71
71
68
65
69
78
97
118
143
169
198
231
265
300
330
353
369
376
377
371
360
341
315
289
259
233
202
168
124
76
31
-19
-74
-135
-196
-259
-319
-373
-419
-457
-482
-500
-507
-514
-514
-512
-506
-497
-483
-456
-428
-394
-360
-325
-294
-261
-223
-184
-148
-109
-70
-34
1
37
70
100
132
156
170
177
181
180
176
170
160
150
146
144
142
139
134
127
120
115
113
117
121
126
131
139
154
172
193
213
238
263
289
309
322
329
331
334
336
332
324
312
300
286
267
246
218
188
156
118
77
32
-9
-50
-89
-132
-176
-222
-267
-308
-347
-384
-412
-434
-446
-457
-463
-466
-460
-448
-434
-417
-400
-378
-354
-329
-308
-280
-243
-198
-150
-104
-61
-23
11
39
60
74
82
85
87
86
84
79
70
57
46
36
30
22
15
17
25
38
50
62
74
93
116
140
160
179
201
226
249
271
286
294
298
296
291
280
272
263
256
252
248
250
250
251
244
233
210
180
149
114
80
47
18
-9
-39
-68
-105
-147
-193
-240
-287
-327
-353
-369
-371
-369
-359
-349
-333
-317
-300
-282
-267
-248
-229
-203
-170
-131
-89
-49
-12
21
47
68
86
96
101
99
92
81
67
50
29
3
-22
-49
-70
-80
-78
-65
-46
-24
-4
17
36
57
76
101
128
156
182
203
219
228
235
233
225
214
201
189
180
172
161
148
132
120
110
105
101
101
98
90
75
51
19
-15
-43
-70
-90
-109
-133
-168
-205
-241
-280
-310
-330
-339
-341
-333
-325
-316
-304
-287
-265
-241
-213
-183
-151
-113
-69
-21
25
67
106
140
167
188
202
206
200
188
166
135
103
72
46
19
-8
-33
-54
-62
-64
-56
-42
-22
1
28
53
75
101
128
157
183
204
214
223
224
221
210
201
187
173
162
149
136
121
107
89
73
60
51
51
60
71
80
84
83
68
46
24
-4
-33
-60
-92
-133
-175
-221
-268
-309
-344
-366
-382
-387
-390
-391
-391
-383
-367
-343
-311
-272
-233
-189
-141
-87
-32
23
81
133
178
212
234
240
234
220
194
164
128
94
61
33
10
-8
-20
-25
-30
-31
-28
-19
0
23
55
86
123
155
189
213
227
236
235
230
215
203
187
176
168
159
147
132
115
92
68
44
24
9
4
5
12
23
38
46
52
51
43
30
8
-18
-49
-83
-116
-154
-190
-230
-265
-294
-317
-334
-349
-359
-368
-370
-364
-353
-330
-300
-264
-226
-184
-137
-90
-37
19
77
131
179
213
233
238
231
213
188
160
131
101
78
57
39
23
10
0
-9
-14
-14
-5
13
38
72
105
141
172
195
212
218
217
209
196
183
169
157
150
141
134
122
105
83
61
37
16
0
-11
-14
-14
-8
-3
3
8
11
10
2
-13
-31
-55
-79
-104
-127
-151
-173
-195
-218
-239
-261
-279
-293
-303
-306
-304
-299
-289
-273
-251
-226
-195
-159
-120
-76
-31
12
52
85
111
127
135
134
126
116
105
96
87
81
75
69
61
51
38
27
21
23
35
55
81
114
147
176
199
216
224
226
222
215
205
194
183
171
157
142
125
107
89
70
51
34
15
-1
-13
-21
-26
-27
-27
-25
-23
-22
-22
-24
-28
-33
-38
-43
-49
-55
-66
-82
-103
-131
-161
-192
-222
-244
-260
-268
-269
-268
-264
-259
-252
-242
-224
-201
-168
-130
-89
-51
-16
10
27
36
38
34
30
28
27
27
29
30
30
29
26
21
17
15
18
28
42
62
86
112
136
159
177
191
202
209
214
218
219
215
211
201
190
176
161
147
133
119
104
91
76
61
46
32
19
9
-1
-9
-15
-22
-30
-37
-41
-44
-45
-45
-46
-46
-52
-63
-81
-103
-129
-154
-174
-189
-199
-202
-200
-196
-190
-183
-175
-163
-146
-125
-101
-75
-51
-30
-13
-2
3
3
-1
-3
-6
-10
-11
-15
-18
-23
-29
-35
-39
-42
-41
-36
-29
-18
-6
8
22
39
55
73
92
108
123
136
147
155
162
165
168
169
169
166
160
153
142
130
117
105
93
82
73
62
51
40
26
10
-4
-21
-34
-45
-54
-59
-63
-66
-69
-73
-79
-85
-93
-103
-110
-119
-123
-126
-126
-123
-114
-105
-92
-77
-61
-46
-30
-15
-3
8
17
24
28
31
31
30
25
19
12
4
-5
-15
-26
-36
-47
-56
-65
-72
-77
-79
-78
-74
-66
-56
-43
-33
-21
-9
2
14
26
40
56
72
88
103
114
121
125
125
121
116
111
103
96
90
84
77
69
60
48
36
24
12
0
-8
-15
-21
-24
-28
-30
-34
-38
-41
-46
-49
-51
-50
-48
-42
-35
-28
-21
-13
-8
-3
1
5
10
16
21
27
31
33
34
31
29
26
22
19
14
8
-1
-12
-25
-41
-58
-74
-89
-100
-108
-112
-112
-111
-107
-102
-96
-89
-81
-71
-60
-48
-34
-18
-4
12
25
37
48
57
63
67
68
66
62
57
52
48
44
42
40
38
36
33
28
25
21
17
12
9
7
8
7
9
10
13
14
16
16
16
18
20
22
26
29
32
34
36
37
36
37
38
39
42
44
47
49
51
50
51
48
45
41
35
29
20
11
2
-11
-26
-43
-61
-81
-96
-111
-119
-124
-123
-118
-111
-102
-94
-85
-77
-68
-57
-47
-34
-21
-9
1
10
16
20
25
26
27
25
22
17
10
4
-3
-10
-14
-18
-21
-24
-27
-30
-34
-36
-39
-39
-38
-34
-27
-19
-10
0
9
18
24
30
34
38
42
45
48
53
55
57
57
56
57
56
58
58
63
67
72
78
83
86
90
90
90
88
84
78
71
61
50
36
21
4
-14
-32
-49
-65
-77
-86
-92
-94
-92
-89
-83
-75
-66
-57
-48
-38
-30
-23
-16
-9
-5
-1
2
5
5
3
1
-4
-11
-18
-25
-33
-39
-47
-51
-58
-63
-66
-71
-74
-76
-77
-76
-73
-68
-62
-53
-45
-35
-26
-16
-8
0
7
13
19
24
29
34
38
42
46
50
54
59
64
71
79
87
95
103
110
115
119
121
122
120
117
113
107
98
86
73
55
39
19
0
-19
-37
-54
-68
-79
-89
-95
-98
-99
-94
-89
-80
-70
-58
-45
-33
-21
-11
-2
5
10
14
15
13
9
3
-4
-15
-24
-34
-43
-51
-58
-63
-67
-71
-73
-76
-78
-78
-77
-75
-69
-63
-57
-47
-36
-25
-13
-2
9
19
27
33
38
40
42
45
45
47
50
53
57
61
65
69
73
75
75
76
77
78
79
81
83
86
87
84
80
71
61
47
30
14
-2
-16
-28
-40
-48
-55
-62
-68
-71
-73
-72
-69
-63
-52
-39
-27
-13
-2
9
16
21
25
28
28
25
21
15
7
-5
-17
-30
-43
-54
-64
-71
-78
-81
-83
-85
-86
-85
-85
-83
-80
-75
-67
-56
-45
-31
-18
-5
7
18
28
35
41
47
50
54
57
61
63
64
66
66
65
64
61
58
56
53
51
51
51
52
53
52
52
50
45
39
32
23
14
6
-5
-12
-19
-26
-31
-35
-38
-40
-41
-40
-39
-35
-30
-24
-17
-11
-3
3
11
18
23
29
32
35
35
33
27
18
8
-4
-17
-29
-40
-50
-59
-65
-70
-74
-77
-79
-80
-79
-77
-73
-67
-60
-49
-38
-28
-16
-5
6
15
22
29
35
39
43
46
48
50
52
51
50
48
45
42
38
34
32
30
29
29
29
28
29
27
25
23
18
13
7
0
-7
-12
-19
-22
-27
-29
-31
-33
-35
-35
-36
-35
-34
-31
-28
-23
-15
-8
0
8
17
24
31
38
44
48
50
49
47
42
36
28
18
7
-2
-13
-22
-30
-38
-44
-49
-52
-56
-56
-55
-53
-48
-42
-36
-28
-20
-12
-4
1
7
12
16
20
24
28
31
34
35
36
36
35
32
29
27
22
20
17
17
16
16
15
14
13
12
9
7
2
-2
-7
-11
-17
-23
-27
-32
-36
-38
-41
-42
-44
-45
-46
-45
-43
-40
-35
-30
-21
-14
-6
3
11
18
24
29
34
38
41
43
44
43
41
37
31
24
17
10
1
-5
-12
-17
-22
-25
-27
-28
-27
-27
-24
-21
-17
-13
-10
-5
-1
3
6
10
14
18
22
24
27
28
30
30
29
28
26
25
23
21
20
17
16
14
12
11
9
7
8
6
6
4
0
-1
-5
-11
-16
-22
-27
-32
-35
-38
-39
-41
-41
-40
-38
-37
-33
-29
-25
-19
-13
-8
-2
1
5
7
10
12
13
15
16
17
17
17
15
12
9
4
-1
-7
-10
-14
-17
-20
-21
-21
-21
-19
-18
-16
-15
-12
-8
-4
0
5
9
16
21
25
30
34
37
38
40
40
40
40
39
37
36
34
32
28
24
22
18
15
11
9
6
3
2
-1
-3
-7
-10
-14
-18
-23
-28
-32
-35
-38
-39
-39
-38
-38
-36
-33
-29
-27
-23
-19
-15
-12
-9
-6
-4
-2
0
0
1
3
3
3
5
5
7
6
5
4
0
-4
-8
-12
-14
-18
-19
-20
-20
-20
-19
-19
-20
-19
-19
-16
-12
-7
0
6
13
20
26
30
34
39
43
45
48
50
51
51
50
48
44
42
38
34
30
26
21
17
13
9
5
-1
-7
-11
-16
-21
-24
-26
-28
-31
-32
-33
-32
-32
-31
-29
-26
-23
-21
-16
-13
-9
-6
-4
-2
-1
0
1
2
2
3
3
2
2
1
0
-2
0
-1
-2
-3
-4
-7
-9
-11
-13
-15
-16
-18
-18
-20
-20
-22
-22
-23
-22
-20
-18
-15
-10
-5
0
6
10
14
19
22
25
29
31
33
35
35
35
34
34
33
31
28
26
23
21
18
15
11
8
4
1
-2
-6
-9
-10
-12
-13
-13
-13
-11
-11
-10
-9
-9
-8
-5
-6
-4
-1
0
1
2
3
4
3
2
2
1
0
-3
-4
-5
-6
-8
-9
-10
-12
-13
-14
-17
-17
-18
-19
-20
-21
-20
-20
-21
-21
-20
-20
-19
-17
-15
-12
-9
-6
-3
1
4
7
9
12
15
16
19
20
21
21
22
21
22
21
22
22
22
21
21
19
17
15
13
11
11
8
6
4
2
1
0
-1
-1
-1
-2
-2
-2
-2
-4
-3
-3
-4
-3
-1
-1
1
2
3
3
3
4
3
1
0
-2
-4
-5
-7
-8
-9
-10
-11
-12
-15
-15
-18
-19
-19
-20
-20
-19
-18
-17
-16
-16
-16
-15
-14
-13
-10
-8
-5
-3
0
2
4
5
6
7
8
9
11
11
12
14
13
14
15
15
15
16
16
15
16
14
15
14
13
11
10
7
6
4
3
3
2
2
0
-1
-2
-4
-5
-6
-6
-5
-5
-4
-3
-2
-1
0
1
2
3
6
5
6
6
6
5
4
3
2
0
-1
-3
-4
-6
-8
-10
-11
-13
-14
-14
-14
-14
-14
-14
-14
-14
-14
-14
-13
-13
-11
-8
-8
-6
-4
-3
-1
1
2
3
4
4
5
6
8
8
9
10
11
12
11
11
12
12
11
10
10
9
7
6
5
3
2
1
0
-1
-2
-3
-4
-5
-6
-7
-8
-8
-7
-6
-5
-4
-2
-1
0
2
4
5
7
9
10
10
12
12
11
11
10
9
7
6
3
2
1
-1
-2
-3
-4
-4
-6
-5
-7
-8
-8
-9
-9
-9
-9
-8
-8
-7
-6
-6
-5
-3
-3
-3
-1
-1
-1
-1
0
0
2
1
1
1
2
2
3
1
2
1
0
0
-1
-1
-2
-2
-2
-3
-2
-2
-2
-3
-3
-3
-4
-4
-3
-4
-4
-4
-3
-2
-2
0
0
1
2
3
5
5
6
7
9
9
11
11
11
12
11
11
10
8
6
6
5
3
3
1
1
0
0
-2
-1
-3
-3
-4
-4
-5
-5
-4
-5
-5
-4
-4
-3
-3
-2
-2
-2
-2
-2
-1
-2
-1
-1
-2
-2
-2
-1
-2
-1
-2
-2
-2
-2
-3
-3
-4
-4
-5
-4
-4
-4
-4
-4
-4
-3
-3
-3
-2
-2
-2
-2
-1
-1
-1
-1
0
0
1
2
1
3
3
4
4
4
6
6
7
7
8
8
8
7
7
7
6
6
5
4
3
2
2
1
1
0
-1
-1
-3
-2
-3
-3
-3
-3
-3
-4
-3
-2
-2
-2
-1
-1
-1
-1
0
1
1
1
0
1
0
1
1
1
1
1
0
0
-1
-1
-2
-2
-3
-3
-3
-4
-3
-4
-4
-5
-4
-5
-4
-3
-4
-3
-2
-3
-2
-2
-1
-1
-1
0
0
0
1
2
1
2
2
3
3
3
4
5
5
6
4
5
5
5
4
4
4
4
2
2
1
1
0
-1
-2
-1
-1
-2
-2
-2
-3
-3
-2
-2
-2
-2
-2
-1
-2
-1
0
0
1
1
1
3
2
2
3
2
2
2
1
1
1
0
0
0
-1
-2
-2
-2
-3
-3
-3
-4
-4
-3
-4
-3
-4
-3
-3
-2
-2
-2
-2
-1
0
0
1
1
0
1
1
1
2
1
2
1
2
2
3
2
2
2
2
2
2
3
2
2
2
2
2
1
1
1
1
1
0
0
-1
-1
-1
-2
-1
-1
-1
-1
-1
-1
0
-1
0
0
-1
1
1
1
1
1
2
2
1
2
1
1
1
1
0
1
1
0
0
-1
-1
-2
-2
-2
-3
-2
-2
-2
-2
-3
-2
-2
-2
-1
-1
-1
0
0
0
0
0
0
1
0
0
1
1
1
0
1
0
1
0
0
1
0
1
1
1
1
0
0
1
1
0
1
0
1
0
0
0
0
0
0
0
0
-1
0
0
0
0
-1
0
0
0
0
0
1
1
1
0
1
1
0
1
1
1
1
1
1
0
0
0
0
0
0
-1
-1
0
-1
-1
-1
-1
-1
-2
-1
-1
-1
-1
-1
-1
-1
-1
0
0
-1
-1
-1
-1
0
-1
0
0
1
0
1
0
0
0
1
0
0
1
1
0
0
1
1
0
0
0
0
1
0
0
0
0
0
0
0
0
0
0
1
1
0
0
1
0
0
1
1
1
0
1
1
1
0
1
0
1
0
1
1
0
0
0
0
0
-1
0
0
0
0
-1
0
0
0
-1
0
-1
-1
-1
0
0
0
0
0
0
0
-1
0
-1
-1
0
0
0
0
1
1
1
1
1
1
0
1
1
0
1
1
0
1
1
0
0
0
1
0
0
1
0
0
0
0
0
0
0
-1
0
1
1
0
0
1
1
0
1
0
1
1
1
1
0
-1
0
0
0
0
0
-1
0
0
0
0
-1
0
0
-1
0
0
-1
0
0
0
-1
0
1
0
0
0
0
-1
0
-1
-1
0
0
0
0
1
0
0
0
0
0
1
1
0
1
1
0
1
0
0
0
0
0
0
0
0
0
0
0
0
0
0
0
0
0
0
0
0
0
-1
0
0
0
0
0
0
0
-1
1
0
1
0
0
1
0
0
1
0
0
1
-1
0
0
0
0
0
1
0
0
-1
0
0
0
-1
1
0
0
1
-1
-1
0
0
0
0
0
0
0
0
0
0
0
0
0
0
0
0
0
0
0
0
1
0
-1
-1
0
0
0
-1
0
0
0
0
0
-1
0
0
0
0
-1
0
0
0
0
0
0
0
0
0
0
0
0
0
0
-1
0
0
0
0
0
0
0
0
0
1
0
0
0
0
0
0
0
0
0
0
0
0
0
0
0
0
0
0
0
0
0
-1
0
0
0
0
0
0
0
0
0
0
0
0
0
1
0
0
0
0
0
0
0
1
0
0
0
1
1
0
0
0
-1
1
1
0
0
0
0
0
0
0
1
0
0
0
1
0
0
0
0
0
-1
0
0
0
0
1
0
0
0
1
0
-1
-1
-1
0
0
0
0
-1
0
0
0
0
0
0
0
0
0
1
0
1
0
0
0
0
0
0
1
-1
0
1
-1
0
0
0
0
0
0
0
-1
0
0
0
-1
0
-1
0
0
0
0
0
-1
0
0
0
0
0
0
-1
0
0
0
0
0
0
0
0
-1
-1
0
0
0
0
0
1
0
0
1
0
0
-1
0
0
0
0
0
0
0
0
0
1
0
1
0
0
1
-1
1
0
0
0
-1
-1
0
0
0
-1
0
-1
0
0
0
-1
0
0
0
0
1
0
0
0
0
0
0
1
0
1
0
0
0
0
0
0
1
0
0
0
1
1
0
0
0
0
0
0
0
0
-1
1
0
0
