0
0
0
0
0
0
0
-1
0
0
0
0
0
0
-1
-1
0
0
0
0
0
1
0
1
-1
0
0
-1
0
0
0
1
0
0
0
0
0
0
0
1
0
1
0
0
0
-1
-1
0
0
0
0
1
0
-1
0
0
0
0
1
0
-1
0
0
0
0
0
1
0
0
0
0
0
0
0
0
0
0
1
0
0
0
0
0
0
0
0
0
0
0
0
0
-1
-1
0
0
0
0
0
0
-1
0
0
-1
0
0
0
0
0
0
0
0
0
0
0
0
0
0
0
0
0
-1
0
0
1
0
0
-1
1
0
0
0
0
0
0
0
0
0
0
-1
1
0
0
-1
0
0
0
1
0
-1
0
0
0
0
0
0
0
1
-1
0
-1
0
-1
-1
0
0
0
1
0
0
0
0
0
1
0
-1
-1
0
0
0
0
0
0
0
-1
0
-1
0
1
0
0
0
0
1
0
0
0
0
0
-1
-1
0
0
0
0
-1
0
1
0
1
0
0
0
0
-1
0
0
0
-1
0
0
0
0
0
0
0
0
-1
0
0
0
1
0
1
0
-1
0
1
0
0
-1
0
0
0
0
0
0
1
0
1
0
0
0
0
0
1
0
1
0
0
0
1
0
0
0
0
0
-1
0
0
0
0
0
0
0
0
0
-1
0
0
0
0
0
0
0
0
0
0
1
0
1
0
0
1
0
0
1
0
0
1
0
0
1
0
0
0
0
0
0
0
0
0
0
0
1
0
0
-1
0
0
-1
0
-1
0
0
1
1
0
0
0
-1
0
0
0
0
0
0
1
0
0
-1
0
0
0
0
-1
0
1
0
0
0
0
0
-1
0
0
0
0
0
0
0
1
0
0
0
0
0
-1
0
0
0
0
0
1
0
0
0
0
0
0
0
1
0
-1
0
-1
1
0
0
0
0
-1
0
-1
0
0
0
0
-1
1
0
0
0
1
0
-1
0
1
1
0
-1
0
0
0
0
0
0
0
0
-1
0
0
0
0
1
-1
0
0
-1
0
0
0
0
0
1
1
0
0
0
-1
-1
0
0
0
1
0
0
0
0
0
0
1
0
0
-1
0
0
1
0
0
0
0
0
1
0
0
-1
0
0
0
0
0
0
0
0
1
0
0
0
0
0
0
0
0
1
0
0
0
0
0
0
-1
0
0
0
0
1
0
0
1
0
0
0
1
-1
0
-1
0
0
0
1
0
0
0
0
0
0
1
0
0
0
0
0
0
0
0
0
-1
0
0
0
1
0
0
0
1
0
0
0
0
0
0
0
0
0
0
1
0
1
0
-1
0
0
-1
0
0
0
-1
0
0
0
-1
0
-1
1
-1
1
0
0
0
0
0
1
0
1
0
0
0
0
0
0
0
0
0
0
0
1
0
0
-1
0
0
0
0
0
0
0
0
0
0
-1
0
0
1
0
0
-1
0
0
0
0
0
0
0
0
-1
0
1
0
0
0
0
1
0
0
0
0
0
-1
0
0
-1
0
0
0
0
0
0
0
0
0
0
0
1
1
1
1
0
0
-1
1
0
0
0
0
0
0
0
0
0
0
0
0
1
0
0
1
0
1
0
0
1
0
0
0
0
1
0
0
-1
0
0
1
1
0
0
-1
0
-1
-1
0
0
0
1
1
0
-1
0
1
0
0
0
0
1
0
1
-1
0
1
0
0
0
-1
0
0
0
1
0
-1
0
-1
-1
0
0
1
0
0
0
1
1
0
0
1
1
-1
0
-1
0
0
0
1
0
0
0
0
-1
0
0
-1
0
0
-1
-1
1
0
0
0
0
-1
0
1
0
0
0
-1
1
0
1
0
1
-1
0
0
0
-1
0
0
0
0
0
0
0
0
0
0
0
0
0
0
0
0
0
1
0
0
0
0
1
0
0
0
0
0
0
0
0
0
0
0
0
0
0
0
0
0
0
0
0
1
0
0
0
0
-1
0
0
1
0
0
0
0
0
-1
0
0
0
0
0
0
-1
0
0
-1
0
0
0
-1
0
0
0
0
-1
0
0
0
0
0
0
0
0
0
0
0
0
0
0
0
-1
0
0
0
-1
0
-1
0
-1
0
0
0
0
1
0
0
0
0
-1
1
0
0
0
0
0
1
0
0
0
0
0
0
1
0
0
0
0
-1
0
-1
0
0
0
0
0
0
0
0
0
0
0
0
0
0
0
0
0
1
0
1
1
0
1
0
0
0
0
0
1
0
1
0
0
0
1
0
0
-1
0
0
1
0
-1
0
0
0
0
-1
-1
1
0
0
1
0
0
1
0
0
0
-1
1
0
0
0
0
0
0
-1
0
0
0
0
0
0
0
0
0
0
0
0
0
0
0
0
0
0
0
0
-1
0
-1
0
-1
0
0
0
0
0
-1
0
-1
1
0
0
0
0
0
-1
0
-1
0
-1
0
0
0
0
-1
0
-1
0
1
0
0
0
0
0
0
1
0
0
0
0
0
0
-1
0
0
0
0
0
0
0
0
1
0
1
1
0
0
0
0
0
0
0
0
0
0
1
0
1
0
0
0
0
0
0
0
1
0
0
0
1
0
1
1
0
0
0
0
-1
0
0
1
0
0
0
0
0
0
0
0
0
0
0
0
0
-1
0
0
0
0
0
0
0
0
0
-1
0
1
0
0
0
0
0
0
0
-1
1
0
0
0
1
0
1
0
0
0
0
0
0
0
-1
0
1
0
0
0
1
0
0
0
0
-1
1
1
0
0
1
0
0
0
0
0
0
0
0
-1
0
0
0
0
1
0
0
0
0
0
0
-1
-1
1
0
0
1
0
0
-1
0
-1
1
0
1
0
0
0
0
1
-1
0
0
0
0
0
0
0
0
0
0
0
0
0
0
-1
0
0
0
0
1
0
0
0
0
0
0
0
0
-1
0
0
0
-1
0
0
1
0
-1
0
0
0
0
1
1
1
0
0
-1
0
0
-1
0
0
0
0
-1
0
0
0
0
0
0
1
0
0
0
0
0
1
0
0
0
0
0
0
0
-1
1
-1
0
-1
0
0
0
0
-1
0
0
0
0
0
0
0
0
0
1
0
0
0
0
0
0
0
0
0
0
0
0
0
0
-1
0
0
0
1
0
0
0
0
-1
0
-1
0
1
0
0
1
0
0
0
0
0
0
0
0
0
0
1
-1
0
-1
0
0
-1
0
0
0
0
-1
0
0
0
0
0
1
0
0
0
0
0
0
0
-1
0
0
0
0
0
0
-1
0
0
0
0
0
0
-1
0
-1
0
0
0
0
1
0
0
0
0
0
0
0
0
0
0
0
0
1
0
0
0
0
1
0
-1
0
1
0
0
0
0
0
0
0
-1
-1
0
0
0
1
0
-1
0
0
-1
0
0
0
-1
0
0
1
0
0
0
0
0
0
1
0
0
0
0
1
0
0
0
1
1
0
0
0
0
0
0
1
0
1
0
0
0
1
0
0
0
-1
1
1
0
-1
0
0
0
0
0
0
0
0
0
0
0
1
0
1
0
0
0
0
0
-1
0
1
0
0
-1
0
-1
0
0
-1
0
0
0
0
0
0
0
0
0
0
0
0
0
0
0
0
0
0
0
0
0
0
0
0
0
0
0
0
0
0
0
0
0
-1
0
0
0
0
0
0
0
-1
0
0
0
0
0
0
0
0
0
0
0
0
0
0
0
0
0
0
0
0
0
0
1
-1
0
0
0
0
0
0
0
1
0
0
0
0
0
-1
0
0
0
0
0
0
0
0
0
0
-1
-1
-1
-1
0
-1
0
0
0
0
0
0
-1
-1
0
-1
0
0
0
-1
0
0
0
0
0
0
0
1
0
0
0
0
0
0
0
0
0
0
1
1
0
0
0
0
0
0
0
0
0
0
0
1
0
0
0
0
0
1
1
0
0
0
0
0
-1
0
0
0
0
0
0
1
0
0
1
0
0
0
1
0
0
1
0
1
1
0
0
0
0
0
0
0
0
0
0
1
0
1
1
-1
0
0
0
0
0
0
0
0
0
0
0
1
0
0
1
0
0
0
1
0
0
0
-1
0
0
0
0
0
0
0
0
0
0
1
0
0
0
-1
-1
0
0
0
0
0
0
0
0
0
0
-1
0
1
0
0
0
0
0
0
0
-1
0
1
0
0
0
0
-1
0
-1
-1
0
0
0
0
1
0
0
0
0
0
0
0
0
1
1
0
1
-1
0
0
0
0
0
0
0
0
0
0
0
0
0
0
0
0
0
0
0
0
0
0
0
0
0
0
0
0
-1
1
0
1
0
0
1
0
0
0
0
0
1
-1
0
0
0
0
0
1
0
0
-1
0
0
0
0
1
0
0
1
-1
-1
0
0
0
0
0
0
0
0
0
0
0
-1
0
0
0
1
0
0
0
0
1
0
-1
-1
0
0
0
-1
0
0
0
0
0
-1
0
0
0
0
-1
0
0
0
0
0
0
0
0
0
0
0
0
0
0
-1
0
0
0
0
0
0
0
0
0
1
0
0
0
0
0
0
0
0
0
0
0
1
0
0
0
0
1
0
1
0
0
0
0
0
-1
1
0
-1
1
0
0
0
0
0
0
1
0
-1
0
-1
0
1
-2
3
-1
-1
1
0
0
1
-1
0
-1
0
1
-1
1
-2
1
0
-2
2
0
0
0
1
-1
0
0
0
-1
2
-3
3
-1
0
2
-2
1
1
-2
2
0
-2
2
-4
3
-2
0
1
-3
2
0
-3
5
-4
0
3
-3
2
-1
2
-1
2
-1
0
0
1
0
-2
3
-1
-1
1
3
-5
3
0
-1
1
-3
4
-3
-1
5
-4
0
1
-1
2
-1
-2
5
-5
0
5
-6
6
-2
0
2
-1
-2
4
-3
-2
5
-6
4
-2
-5
8
-6
-1
9
-11
3
7
-9
3
3
-1
-5
4
-1
2
-9
12
-6
-3
6
-3
2
-1
1
3
-2
-4
8
-6
2
-1
5
-8
5
1
-6
8
-5
-4
8
-7
4
-1
-3
5
-6
5
-2
3
-4
3
0
-3
0
1
0
0
0
-2
9
-15
10
2
-11
12
-7
4
0
-7
10
-2
-7
9
-3
0
-3
3
3
-7
1
7
-5
-6
11
-5
-4
8
-6
3
4
-16
24
-17
1
10
-10
0
5
-5
6
-5
-4
15
-17
5
8
-9
0
6
-6
3
-5
6
-4
0
4
-4
5
-7
4
6
-14
14
-2
-15
21
-16
4
7
-13
10
0
-11
10
1
-14
18
-10
4
-5
6
-4
1
0
3
-3
0
1
-3
3
-4
7
-8
4
1
-5
-1
10
-18
17
-6
-7
16
-20
21
-12
-2
15
-19
14
-8
8
-15
14
-6
-2
4
-1
-2
4
-9
12
-4
-11
22
-20
14
-11
11
-4
-7
7
0
-4
-2
10
-9
3
-3
11
-21
24
-19
16
-14
10
-2
-7
14
-14
9
-3
-3
9
-7
-1
5
-6
8
-12
11
-10
8
-8
5
-1
-2
4
-4
5
-7
-1
6
-4
-2
6
-5
5
-11
7
3
-9
8
2
-5
-8
15
-12
-4
20
-25
18
4
-30
37
-16
-10
20
-10
-2
3
9
-20
20
-11
-3
21
-23
3
12
-10
1
1
5
-9
9
-8
0
9
-11
3
11
-14
0
16
-22
18
-7
-12
26
-19
-6
25
-20
4
3
7
-18
16
-1
-16
21
-12
2
1
-6
13
-10
-4
17
-13
-11
26
-18
1
7
-5
-1
15
-35
40
-23
-1
9
6
-18
9
6
-13
8
4
-10
11
2
-25
35
-26
8
10
-18
21
-32
32
-11
-11
18
-8
9
-15
8
4
-2
-7
11
-8
10
-23
30
-19
-9
44
-63
57
-27
-16
33
-9
-22
28
-17
10
-1
-17
28
-24
19
-22
21
-2
-16
12
2
-7
5
-4
-2
28
-52
37
3
-31
35
-32
39
-46
37
-3
-24
21
-14
16
-16
-3
32
-45
29
-12
17
-24
16
12
-32
25
-8
9
-24
25
-2
-28
26
7
-33
39
-24
5
-1
3
1
-13
21
-4
-22
20
11
-35
17
27
-39
7
17
-28
37
-27
-9
40
-41
19
-5
1
10
-24
24
-10
5
-17
29
-33
34
-33
30
-23
-1
34
-61
66
-46
23
-16
8
8
-19
16
-3
-1
-20
36
-30
8
31
-68
74
-49
12
2
13
-20
-9
37
-42
19
2
4
-9
-5
22
-51
65
-33
-9
31
-36
30
-27
20
1
-14
5
6
-7
15
-39
57
-50
29
-2
-28
54
-63
36
22
-72
88
-65
32
-2
-16
15
-5
-4
12
-24
30
-10
-19
39
-38
42
-57
54
-24
-6
16
-23
42
-72
80
-56
21
17
-54
81
-84
52
-6
-24
29
-23
8
26
-49
50
-32
-10
44
-52
24
11
3
-29
32
-21
-1
23
-18
9
-2
-10
9
-8
21
-50
83
-94
66
-4
-48
81
-90
88
-84
46
4
-31
23
7
-29
30
-17
-9
27
-24
28
-46
58
-63
55
-42
28
-2
-26
45
-55
71
-69
43
-24
27
-24
6
5
-3
5
-11
13
-2
-10
-3
32
-54
60
-38
20
-17
13
-13
20
-30
35
-15
-9
12
-9
18
-26
40
-45
43
-46
25
2
-17
17
-10
23
-47
28
27
-37
-10
82
-90
14
49
-55
4
45
-56
32
-2
6
-22
34
-28
-3
45
-71
65
-26
-36
89
-122
118
-72
10
38
-58
71
-106
153
-149
72
37
-114
131
-105
57
0
-38
22
28
-50
21
18
-19
-34
94
-106
70
-18
-26
44
-51
56
-64
66
-66
81
-81
51
-10
-23
27
-20
43
-87
125
-123
69
-22
13
-16
-11
68
-108
109
-79
48
-21
-10
40
-54
55
-75
93
-75
20
26
-49
58
-33
21
-32
69
-80
44
-3
-24
14
14
-33
19
10
-64
102
-86
33
37
-88
84
-40
15
-4
-4
9
-11
25
-44
43
-40
40
-41
50
-64
55
-25
-28
77
-95
79
-26
-25
68
-77
46
1
-27
12
-3
14
-31
54
-56
64
-90
83
-12
-88
142
-118
50
-3
-20
43
-65
80
-63
45
-31
3
36
-65
46
-21
7
-2
-3
10
8
-39
34
15
-39
41
-28
2
13
-22
-4
31
-26
-3
38
-47
30
23
-63
65
-22
-52
110
-107
48
-10
-19
43
-65
74
-46
20
7
-21
36
-57
53
-43
22
-9
-4
16
-2
1
-35
69
-57
23
6
-3
-2
-6
4
16
-45
55
-27
-35
75
-82
51
1
-21
7
-6
-5
13
-11
34
-51
70
-70
22
34
-73
83
-75
71
-51
3
29
-45
54
-58
56
-39
0
19
-5
-4
14
6
-53
83
-68
2
74
-112
81
-20
-25
36
-21
12
-8
20
-39
44
-32
17
-11
-3
4
21
-56
84
-85
59
-7
-41
80
-109
122
-112
56
38
-127
169
-143
62
25
-87
104
-84
58
-28
18
-20
2
42
-86
98
-71
16
43
-65
26
21
-51
60
-64
53
-32
1
58
-102
114
-94
37
39
-87
96
-76
22
46
-97
93
-32
-31
42
-34
33
-21
21
-20
18
-9
-51
92
-79
44
-1
4
-10
-14
34
-55
51
-15
-21
31
-20
2
8
17
-38
43
-35
-5
33
-57
55
-23
-3
29
-43
40
-23
25
-25
-16
81
-96
46
4
-31
36
-45
58
-70
56
12
-68
95
-106
96
-71
14
40
-70
71
-34
-1
-5
3
24
-49
38
0
-26
49
-60
55
-36
-20
79
-93
56
-7
-6
-31
44
-14
-13
49
-62
71
-73
57
-30
-6
24
-25
6
-14
53
-50
12
21
-28
25
-36
41
-6
-25
2
31
-26
-17
60
-65
38
3
-33
26
4
-9
-15
34
-41
28
-2
-3
-14
23
-4
-16
7
16
-19
-1
45
-81
77
-55
17
26
-56
86
-104
58
10
-35
56
-74
60
-40
4
48
-86
77
-26
-24
46
-41
38
-53
76
-76
37
16
-44
35
-30
47
-53
33
25
-84
97
-69
12
44
-81
87
-49
2
21
-30
37
-33
41
-41
25
-9
4
-7
-12
23
-26
12
20
-37
19
17
-33
53
-68
50
-27
13
6
-44
57
-27
10
-10
-4
16
-27
49
-44
-12
69
-95
101
-85
37
25
-58
50
-17
-5
18
-20
-14
38
-12
-27
26
20
-74
92
-86
63
1
-63
70
-27
-10
17
-8
4
-25
50
-48
31
-5
-35
58
-44
19
18
-39
47
-59
9
56
-59
55
-28
-9
-8
17
-15
-2
69
-100
75
-55
24
9
-13
5
6
-10
4
-9
4
13
-26
52
-90
83
-47
36
-1
-11
-1
-25
41
-26
18
-17
3
10
17
-47
50
-26
-2
10
4
3
-21
-3
29
-47
54
-33
-7
45
-41
19
-7
24
-47
40
-48
41
-39
56
-44
35
-21
27
-46
12
27
-23
12
4
-21
11
20
-43
31
-25
14
3
-10
40
-69
95
-88
24
34
-70
60
-22
-13
50
-56
30
-1
-31
55
-91
133
-105
83
-69
3
48
-58
39
-41
37
-20
25
-14
24
-18
-36
62
-54
38
5
-61
87
-77
32
9
-7
-1
10
-37
41
1
-42
64
-84
86
-46
10
-8
-2
25
-15
7
-39
38
-6
34
-48
16
-10
15
2
-7
-23
66
-64
23
1
-5
23
-60
44
-37
49
-32
-8
44
-51
48
-6
-52
78
-85
91
-82
45
4
-30
53
-66
41
-18
48
-72
21
34
-36
-13
45
-29
14
-13
33
-9
-45
88
-106
76
-37
6
7
-18
41
-60
8
52
-53
52
-54
9
36
-119
219
-208
120
-10
-69
108
-91
85
-86
29
2
-23
67
-78
62
-40
6
44
-69
28
25
-53
55
-37
27
-33
0
30
-23
30
-23
-2
51
-105
93
-56
2
40
-78
130
-102
24
48
-55
43
-39
39
-34
48
-87
54
-54
78
-37
5
-3
-45
64
-47
51
-53
14
27
-52
60
-24
48
-36
9
-17
3
15
-25
17
-35
50
-69
69
-65
23
27
-42
21
37
-32
24
-8
-24
52
-49
34
3
-9
-19
32
-83
54
2
-20
51
-84
78
-63
78
-73
50
6
-71
64
-23
8
0
-17
9
-28
27
64
-97
42
1
-22
32
11
-102
111
-45
-16
8
27
-2
-41
56
-28
15
-13
-26
81
-108
70
-13
-33
86
-140
156
-111
52
-36
40
-24
-40
104
-77
69
-61
0
23
-6
31
-61
44
-8
-31
27
-31
31
-43
67
-77
3
30
-58
77
-56
66
-56
31
39
-76
74
-24
-12
54
-115
174
-132
65
-17
-23
4
-76
110
-45
-29
39
21
59
-137
80
6
-100
142
-174
111
-14
-85
150
-109
119
-86
21
76
-128
133
-87
113
-55
-73
170
-172
132
-121
46
46
-101
90
-95
149
-144
30
50
-39
42
-127
109
-19
-74
38
6
39
-152
111
-20
-44
68
-73
3
38
-76
82
-84
16
7
10
-43
14
-38
98
-70
11
15
6
6
-18
32
26
-69
19
84
-141
136
-54
-9
75
-50
54
-10
31
-61
69
-34
-18
34
-32
23
35
-52
115
-48
-6
92
-88
45
-67
64
-48
34
-8
32
-27
35
24
12
-7
1
-56
-22
68
-94
24
9
-40
41
9
3
-3
63
-132
118
-99
12
8
-118
70
-123
97
-144
148
-95
64
-1
-14
53
-126
69
-54
-65
18
-33
28
-76
14
54
-107
150
-30
-41
78
-152
180
-163
104
-27
-67
88
-130
123
-4
44
26
-21
109
-64
113
-6
-74
65
-54
14
71
-54
135
-69
98
-45
34
63
-79
121
-165
80
-41
-34
83
-123
91
-92
75
-47
7
84
-66
24
13
19
-63
36
-25
-76
4
-8
-42
12
22
-28
23
-38
19
-9
-74
42
-119
108
-151
95
-71
18
34
-2
-4
51
10
-60
134
-57
6
2
77
-163
198
-13
-89
56
-49
-9
-32
105
-190
62
-34
-153
82
-68
-108
-45
6
-56
-22
69
-37
30
47
-13
19
-3
24
-100
51
-50
-60
72
49
-4
20
244
11
172
78
-12
-6
-25
-53
-67
-105
55
-120
132
141
-13
231
3
128
30
45
-57
-34
-65
-33
51
-54
67
94
95
109
142
88
111
-76
113
-9
-78
-3
-103
-101
15
-1
31
76
-21
63
67
159
75
104
9
107
48
199
101
96
161
73
215
118
92
-40
-174
-195
-291
-305
-357
-384
-263
-309
-169
-46
-108
0
-87
-78
4
-105
11
-116
-90
-44
-38
12
64
71
134
175
192
177
179
173
124
18
-64
5
-118
-126
-62
-151
-162
-136
-69
-102
-164
-81
-180
-145
-60
-102
-95
-130
-137
-89
-134
-72
-225
-98
-194
-105
-66
-29
52
-8
86
68
111
26
119
-53
-38
-17
42
133
60
224
142
366
365
467
259
269
346
96
392
45
103
-47
79
61
126
249
11
306
235
532
523
554
574
486
429
248
159
-152
-326
-408
-505
-522
-445
-417
-252
-166
-46
-72
-34
-48
-228
-190
-329
-379
-473
-395
-305
-261
-43
17
261
303
436
503
385
299
140
94
-64
-138
-267
-349
-307
-335
-194
-263
-282
-285
-330
-213
-253
-191
-241
-238
-163
-203
-105
-175
-261
-372
-401
-348
-332
-248
-221
-108
-4
148
313
256
221
125
10
9
-99
-171
-293
-264
-215
-66
34
53
54
74
155
141
144
54
-5
44
84
151
241
324
489
639
767
879
916
906
892
824
790
724
676
666
736
806
876
953
972
1020
958
886
739
544
359
192
34
-64
-150
-229
-148
-137
-105
-66
-113
-189
-295
-381
-537
-637
-751
-941
-1046
-1108
-1224
-1353
-1491
-1674
-1814
-1979
-2088
-2222
-2330
-2379
-2414
-2359
-2154
-1896
-1651
-1366
-1144
-934
-779
-799
-898
-1064
-1315
-1626
-1950
-2265
-2422
-2226
-1638
-800
71
999
2029
3182
4178
4944
5127
4988
4542
4060
3392
2755
2140
1715
1534
1679
2197
2772
3278
3439
3389
3169
2711
2052
1120
102
-828
-1399
-1466
-1179
-617
94
817
1567
2250
2650
2616
2237
1580
864
289
-192
-472
-617
-622
-474
-329
-191
-168
-330
-744
-1299
-1931
-2609
-3204
-3734
-4161
-4411
-4484
-4447
-4247
-4143
-4103
-4169
-4347
-4733
-5350
-5996
-6626
-6918
-7118
-7153
-7320
-7137
-5717
-2945
519
3416
5724
7617
9928
12009
13187
12520
10668
8033
5659
3449
1600
-428
-2171
-3478
-3726
-3170
-2113
-1337
-1040
-1323
-1848
-2640
-3402
-4270
-5134
-6027
-6049
-4779
-2192
1188
4707
7892
10542
12399
13345
13038
11580
8863
5344
1513
-1770
-3903
-4905
-5125
-4885
-4054
-2495
-303
1698
2904
3145
2793
2320
2066
2068
2027
1976
2142
2609
3546
4616
5356
5247
4282
2668
895
-820
-2604
-4592
-6536
-7968
-8627
-8497
-7834
-7165
-6689
-6450
-6434
-6522
-6914
-7811
-9118
-10318
-10861
-10793
-10440
-10169
-9256
-6724
-2377
2613
6997
10351
13177
15861
17884
18298
16559
13074
8829
4833
1320
-1808
-4668
-6924
-8054
-7788
-6606
-5015
-3743
-2987
-2743
-3092
-3778
-4509
-5081
-5486
-5495
-4508
-1980
2052
6762
11353
15189
17991
19340
18934
16788
12941
7584
1295
-4888
-9954
-13415
-15152
-15373
-14215
-11613
-7583
-2751
1867
5581
7943
9273
9904
10037
9538
8396
6933
5831
5336
5402
5630
5605
5082
4153
2912
1418
-456
-2637
-4985
-7093
-8771
-9759
-10043
-9851
-9405
-8742
-7899
-7068
-6384
-5848
-5458
-5291
-5232
-5304
-5449
-5757
-5966
-6096
-6231
-6788
-7486
-7136
-4966
-1309
2326
5305
7814
10940
14217
16815
16949
14719
10867
6931
3207
-299
-4115
-7832
-10739
-11642
-10683
-8260
-5680
-3444
-1530
249
1741
2697
2946
2454
1473
798
1359
3384
6218
8955
11013
12654
13599
13555
11752
8047
2802
-3083
-8664
-13111
-16053
-17412
-16989
-14645
-10312
-4457
2138
8296
13042
16062
17508
17742
16801
14531
11121
7316
3991
1752
645
200
-69
-390
-699
-835
-895
-1560
-3065
-5293
-7510
-9147
-10085
-10494
-10586
-10234
-9283
-7709
-5757
-3665
-1899
-760
-259
-272
-598
-1462
-3004
-5044
-7063
-9071
-11028
-13189
-14587
-13782
-9974
-4437
1099
5966
10525
15460
19850
22040
20595
16170
10142
4358
-938
-5762
-10459
-13954
-15267
-13673
-9919
-5255
-1064
2349
5091
7123
7893
7226
5297
2742
227
-1304
-1080
876
3729
6697
9326
11391
12363
11615
8671
3804
-2156
-8165
-13338
-16941
-18460
-17698
-14424
-8931
-2058
5208
12176
17776
21100
21849
20442
17515
13572
8886
4041
-60
-2721
-3737
-3370
-2291
-977
75
710
856
399
-875
-2818
-5202
-7363
-8749
-9365
-9352
-8612
-7156
-5231
-3321
-1615
-307
516
617
-77
-1599
-3449
-5419
-7605
-9929
-12061
-13697
-14862
-15816
-16831
-16522
-13226
-6534
1302
8450
14034
18819
23452
26953
27102
22703
14955
6139
-1352
-7244
-12021
-16200
-18576
-17848
-13379
-6735
44
5139
8393
10191
10792
9870
7226
3262
-1176
-4693
-6050
-4591
-1165
2944
6878
10185
12454
13144
11475
7129
850
-5923
-11934
-16240
-18333
-17909
-14921
-9414
-1876
6252
13492
19011
22221
22699
20569
16493
11238
5671
359
-3985
-6678
-7226
-5806
-3288
-663
1568
3208
4203
4144
2735
227
-2817
-5804
-8169
-9623
-10268
-10112
-8896
-6546
-3685
-1146
730
1904
2359
1909
424
-1862
-4516
-7135
-9712
-12197
-14336
-15437
-15555
-15134
-14698
-13915
-11056
-4776
3750
11423
16885
20141
22789
24891
24831
20370
11893
1810
-6484
-11827
-15025
-17423
-18813
-17467
-12240
-4325
3622
9268
11979
12705
12345
10921
7940
3252
-2084
-6255
-7822
-6176
-2233
2253
6243
9641
12271
13459
12354
8323
2034
-5047
-10991
-14923
-16520
-16197
-13835
-9333
-2688
5242
12820
18444
21497
21880
19877
16170
11424
6104
544
-4457
-7602
-8133
-6405
-3638
-989
1165
3081
4696
5244
4163
1311
-2426
-5882
-8347
-9856
-10638
-10818
-9961
-7547
-3792
279
3373
5102
5624
5187
3584
821
-2990
-7311
-11401
-14737
-17074
-18145
-17828
-16427
-14332
-11974
-9856
-7223
-2373
5098
12621
17608
19527
19968
20579
20709
17825
10678
1075
-7410
-12197
-13775
-14069
-14415
-13672
-10096
-3325
4166
9641
11431
10703
9092
7608
5392
1733
-2956
-6789
-8049
-6126
-1710
3287
7639
11159
13895
15182
14171
10239
3867
-3485
-10000
-14606
-17127
-17613
-15860
-11813
-5786
1426
8137
13470
17442
19973
20328
18378
14684
10100
5212
676
-3038
-5658
-6864
-6531
-5033
-2849
-371
1848
3123
3323
2624
1152
-912
-3341
-5642
-7396
-8302
-8376
-7384
-5373
-2611
248
2499
4320
5326
5003
3323
614
-2912
-6908
-10878
-14396
-16851
-18080
-17922
-16407
-13540
-9907
-6347
-4190
-2786
263
5866
11735
15236
15704
14747
14662
15229
14222
9689
2546
-4200
-7726
-8406
-8136
-8719
-9453
-8453
-4365
1054
5362
6789
6099
4922
4314
3733
2093
-799
-3749
-5260
-4212
-523
4169
7979
10332
11490
11645
10701
7958
2809
-4084
-10833
-15336
-16793
-15710
-12953
-9087
-4067
2248
8889
14539
18083
19147
17724
14529
10716
7056
3357
-574
-4206
-6299
-6180
-4277
-1537
849
2416
3367
4006
4154
3455
1495
-1450
-4522
-6746
-7739
-7799
-7376
-6389
-4477
-1605
1445
3658
4618
4383
3239
1346
-1303
-4644
-8357
-11852
-14235
-14929
-14074
-12240
-9962
-7476
-4897
-2338
-620
-643
-3103
-6176
-6477
-2588
2886
7282
9691
11911
15639
19934
21458
17798
9919
1398
-4583
-8199
-11315
-15028
-17651
-16707
-11320
-4019
2430
6153
7984
9044
9920
9390
6790
2528
-1563
-3902
-3362
-150
3760
7002
9449
11222
11549
9711
5041
-1604
-8645
-14425
-17966
-18643
-16577
-12074
-5736
1809
9463
15696
19549
20758
19595
16043
10628
4254
-1357
-5303
-7492
-8139
-6908
-3612
892
5220
8347
9937
9676
7564
3854
-723
-5617
-9933
-12941
-14209
-13703
-11423
-7744
-3128
1911
6572
9750
10928
10472
8953
6035
1486
-4016
-9112
-12817
-14932
-15863
-15600
-14019
-11038
-7371
-3897
-1459
-138
-125
-1391
-4409
-9003
-12348
-10933
-4755
2928
9318
13744
18380
23781
27823
26623
19225
7753
-2899
-10506
-15531
-19925
-23581
-24435
-20040
-11210
-1161
6741
11153
13198
14389
14760
12900
8271
1988
-3491
-5993
-4619
-683
3447
6482
8661
10259
10646
8698
3725
-3378
-10313
-14878
-16411
-15372
-12446
-7911
-2039
4773
10951
15080
16546
15717
12932
8850
4270
273
-2400
-3676
-3747
-2588
59
3738
7020
8692
8483
6493
3341
-407
-4421
-8639
-12296
-14439
-14242
-11930
-7978
-3242
1602
6225
10293
12913
13272
11242
7484
2878
-2314
-7677
-12619
-16208
-17812
-17282
-15006
-11511
-7376
-3175
329
2594
3377
2668
343
-3475
-8816
-14349
-16460
-12407
-3768
5268
12177
17111
22164
27172
29176
24342
13067
-998
-12427
-19432
-23085
-25528
-26288
-23384
-15042
-2873
8880
16644
19534
19368
18027
15821
11468
4729
-2729
-8062
-9177
-5698
74
5275
8795
10814
11581
10631
7023
298
-8223
-15836
-19945
-19800
-16208
-10644
-4158
2842
10165
16438
20015
20029
16935
11527
5552
564
-2696
-4449
-5180
-4950
-3193
340
4381
6923
6956
4977
1869
-1351
-4283
-6846
-9252
-10825
-10604
-8197
-4031
868
5217
8308
10203
11171
10767
8531
4504
-494
-5573
-10089
-13578
-15602
-16010
-15026
-12859
-9681
-5855
-2157
643
2077
2007
689
-1484
-4496
-8642
-13949
-18065
-17175
-9630
1373
11338
17795
22020
25933
29073
27779
19537
5480
-9150
-19074
-23162
-23763
-23102
-20812
-15101
-5059
6770
16188
20206
19247
15793
12256
8898
4761
-516
-5547
-8045
-6194
-465
5888
9965
10894
9665
7243
3892
-1059
-7586
-14334
-18621
-18576
-14148
-7105
134
6148
10970
14698
16722
16255
13041
7685
1675
-2999
-5103
-4733
-3077
-1255
321
2416
5203
7408
7611
5492
1944
-1574
-3964
-5314
-6254
-7035
-7177
-5988
-3251
259
3376
5274
5964
6094
5821
4752
2457
-938
-4777
-8230
-10787
-12208
-12526
-11952
-10742
-8889
-6096
-2941
-439
820
731
-467
-2132
-4230
-7274
-11639
-16661
-18992
-14848
-4499
7439
16657
21755
24940
27686
28535
23818
12326
-3291
-16854
-23957
-24710
-22291
-18878
-14078
-6341
4151
14440
20710
21097
17069
11696
7271
4039
886
-2684
-5554
-5962
-2618
3114
7876
9347
7533
3794
-306
-4209
-8299
-12359
-15408
-15576
-11884
-5058
2549
8517
11757
12950
12818
11432
8634
4662
172
-3493
-4956
-3739
-815
2114
3898
4792
5756
6999
7503
6285
3288
-431
-3337
-4912
-5662
-6419
-7198
-7371
-6050
-3090
712
3940
5750
6492
6727
6335
4844
1932
-2295
-6865
-10762
-13265
-14206
-13860
-12526
-10368
-7337
-3464
500
3318
4222
3172
763
-2323
-5937
-10173
-15171
-19693
-19787
-12266
1023
14395
23252
26923
28031
27934
25046
16716
2947
-12499
-23191
-25844
-22040
-15841
-9734
-3846
2883
10122
15627
16725
12954
6722
1301
-1374
-1732
-1100
-627
-216
1107
4205
7774
9401
7660
3209
-2168
-6634
-9550
-11216
-11899
-11404
-9045
-4513
1346
6493
9278
9493
8211
6447
4774
3373
2291
1284
596
893
2354
4214
5242
4783
3575
2897
3070
3412
3051
1489
-932
-3131
-4427
-5101
-5683
-6241
-6221
-4870
-2029
1501
4478
5996
6038
5093
3627
1686
-799
-3923
-7164
-9721
-10864
-10334
-8882
-7248
-5542
-3378
-782
1537
2783
2229
-184
-3617
-7147
-10653
-14027
-17275
-19366
-16799
-7061
7058
19457
25977
26774
25086
22478
17971
9445
-2626
-14512
-20785
-19642
-13711
-7456
-2960
-94
2466
5283
7090
6299
2984
-727
-2426
-1005
2149
5200
6668
6543
5999
6333
6755
5750
2804
-1266
-5158
-7768
-8802
-8619
-7776
-6680
-4989
-2369
882
3851
5512
5690
5306
4909
4818
5141
5544
5340
4251
2922
2254
2369
2508
1919
977
693
1603
2960
3404
2296
-44
-2440
-4058
-4764
-4886
-4771
-4356
-3012
-515
2356
4506
5263
4719
3393
2100
991
-373
-2375
-4796
-7040
-8439
-8565
-7921
-7209
-6373
-4807
-2690
-666
391
-28
-1976
-4705
-7449
-9920
-12321
-15062
-16501
-13008
-2940
9805
19599
23212
22205
19849
17397
13265
5769
-4405
-13471
-16928
-14119
-8424
-3912
-1853
-1359
-639
821
1900
1340
-279
-1178
143
3702
7881
10710
10922
8883
6400
4967
3938
2309
-188
-2936
-5332
-6736
-7206
-7018
-6796
-6730
-6284
-4811
-2216
694
3082
4651
5655
6357
7070
7741
8026
7122
4985
2803
1856
2046
2373
1994
1050
537
1011
1710
1480
-66
-2158
-3657
-3846
-2931
-1675
-626
86
804
1937
3106
3621
3304
2312
1277
717
422
-257
-1950
-4551
-7211
-8994
-9454
-8928
-7898
-6480
-4401
-2175
-628
-445
-1861
-4660
-7685
-10319
-12358
-14358
-16287
-14974
-7291
5127
16526
22477
22196
19414
16892
14398
9494
1693
-7088
-12455
-12174
-7976
-3841
-2096
-2704
-4055
-4297
-3413
-2355
-1762
-855
1004
4510
8914
12662
13930
11929
7853
4335
2537
1875
1228
-134
-2204
-4438
-6009
-6800
-7492
-8610
-9596
-9414
-7198
-3289
1142
4887
7433
8632
9009
9233
9559
9082
7192
4715
3126
3174
4023
4151
2810
658
-1073
-1562
-1379
-1348
-1623
-1817
-1393
-113
1434
2209
1620
-36
-1439
-1749
-1052
74
1024
1409
1333
1084
483
-1028
-3704
-6863
-9307
-9946
-8591
-6206
-4049
-2565
-1815
-1861
-3041
-5365
-8290
-10922
-12687
-13357
-13443
-13670
-12182
-6054
4592
15217
21142
21060
17998
15165
13286
10328
4845
-2350
-7605
-8546
-6043
-3155
-2095
-3390
-5917
-7603
-7473
-5869
-3663
-1032
1840
5122
8640
11647
12803
11136
7078
3058
1280
1839
3379
3999
2475
-874
-4395
-7128
-8920
-10306
-11248
-10911
-8298
-3528
1756
5917
7873
7780
6724
6186
6794
8090
8870
8872
8891
9386
9578
8119
4340
-733
-4940
-6979
-6656
-4772
-2443
-635
479
1276
1747
1340
-298
-2524
-3885
-3267
-758
2552
4971
5314
3595
771
-2316
-5098
-7520
-9573
-10439
-9181
-6093
-2705
-968
-1400
-3375
-5989
-8720
-10821
-11812
-11663
-10688
-9243
-8465
-8224
-5815
792
9653
16350
18076
15726
12989
11649
10733
7987
2947
-2619
-5471
-4841
-2965
-2335
-3472
-5943
-8276
-9102
-8198
-6035
-2774
1022
4220
6647
8305
9368
9341
7827
5249
3516
3924
6088
8285
8287
4707
-1217
-6849
-10389
-11822
-11860
-11106
-9212
-5684
-1284
2495
4327
4148
2926
2531
4288
8053
12266
15156
16059
15757
14372
10958
5243
-1289
-6647
-9319
-8790
-5895
-2277
208
806
-142
-1594
-3069
-4273
-4842
-4209
-2107
1427
5445
8158
8401
5775
981
-4387
-8207
-9715
-9469
-8301
-6533
-4324
-2322
-1625
-2763
-5479
-8832
-11556
-12397
-11481
-9847
-8218
-6947
-6800
-7807
-7242
-2720
5219
12624
16092
15053
12701
11404
10784
8952
5068
163
-2839
-2351
-370
239
-1458
-4612
-7676
-9135
-9028
-7868
-5555
-2081
1566
4291
5620
5866
5796
5670
5613
6213
7729
9619
11274
11479
8610
2536
-4530
-9938
-12118
-11461
-9530
-7395
-4965
-2297
-298
389
-153
-1061
-881
1864
6977
12723
16741
18051
17300
15082
10974
5261
-475
-4601
-6094
-4948
-2373
-53
802
-449
-3259
-6125
-7862
-8040
-6556
-3848
-361
3274
6020
6957
6046
3665
-74
-4231
-7289
-8225
-7236
-5319
-3692
-3189
-3665
-4588
-5461
-6488
-7775
-9286
-10119
-10138
-9501
-8847
-8744
-9791
-10800
-8333
-1031
8818
15931
17561
14497
10699
8310
6993
5300
2907
599
106
1697
3301
2741
-484
-5034
-8675
-9794
-8731
-6108
-2800
110
1635
1883
1256
635
705
1543
3676
7609
12140
15324
15890
13322
7619
521
-5844
-9702
-10268
-8297
-5549
-3330
-1914
-1637
-2536
-4265
-5745
-5886
-3329
2121
9073
14964
18035
18213
16159
12522
7884
3401
-63
-1727
-1705
-657
258
184
-1304
-4067
-7096
-8901
-8510
-6384
-3469
-598
1699
2961
3042
2247
1114
-47
-1223
-2422
-3419
-3983
-4135
-3991
-4228
-5073
-6311
-7512
-8242
-8233
-7973
-8244
-9256
-10376
-10878
-10770
-10888
-10706
-7208
843
10764
17138
17614
13538
9238
6713
5456
4284
2713
1517
1781
3573
4459
2877
-990
-5398
-8213
-8345
-6415
-3846
-1273
285
347
-1000
-2610
-3367
-2644
-605
2843
7951
13412
17281
17854
14881
8766
1843
-3492
-5876
-5528
-3850
-2638
-2712
-3478
-4958
-6646
-8053
-8177
-6451
-2276
3603
9194
12808
13778
12877
11057
9063
7124
5771
5115
4905
4475
3224
1270
-942
-3274
-5617
-7335
-7639
-6482
-4789
-3354
-2644
-2732
-3284
-3615
-3307
-2085
-273
1132
1669
1241
70
-1527
-3249
-4789
-5918
-6518
-7066
-7705
-8453
-9092
-9536
-9789
-9840
-9961
-9932
-9904
-8251
-3183
4729
11669
14034
11690
7646
5713
6126
7221
7092
5604
3880
3228
3321
2767
1084
-1725
-4591
-5966
-5192
-3153
-1431
-1010
-2241
-4121
-5508
-5787
-4666
-2445
491
4057
8135
11752
13835
13702
11325
7612
4391
2592
2184
2263
1837
150
-2570
-5462
-7492
-7984
-7227
-5544
-3164
27
3577
6316
7157
6443
5468
5345
6248
7570
8425
8430
7798
6793
5439
3593
1153
-1652
-4099
-5562
-6040
-6079
-6216
-6719
-7279
-7389
-7000
-6374
-5696
-4734
-3417
-2100
-1249
-941
-961
-1192
-1421
-1899
-2914
-4214
-5696
-7079
-8397
-9278
-9730
-9688
-9771
-9623
-6827
-886
6138
9857
8938
5004
2273
2800
5326
7863
8660
7941
6630
5666
4262
1986
-458
-2580
-3451
-2780
-1087
423
712
-877
-4045
-7072
-8338
-7341
-4683
-1610
1488
4600
7216
8802
9239
8562
6487
4443
3959
5367
7583
8323
6305
2109
-1966
-4532
-5224
-4723
-3540
-2212
-717
1080
2615
3382
3138
2524
2269
2944
4041
4974
5439
5602
5725
5700
5389
4906
4308
3181
1490
-406
-2384
-4425
-6214
-7538
-8348
-8592
-8458
-8066
-7418
-6793
-6483
-6538
-6499
-6056
-5198
-4072
-2997
-2348
-2573
-3365
-4740
-6176
-7671
-8964
-10222
-9864
-5539
1845
8743
10447
7493
2928
1287
3064
6209
8347
8075
6704
5521
5190
4332
2345
-363
-2809
-3414
-2457
-802
182
-261
-2350
-5223
-7031
-7105
-5484
-3400
-1493
569
3182
5724
7445
7982
7479
6439
6077
6640
7600
7851
6501
3939
1006
-1127
-2457
-2998
-2995
-2513
-1984
-1432
-840
-139
649
1453
2605
4190
6062
7254
7107
6022
4717
3854
3652
3632
3193
2323
1367
832
643
66
-1380
-3523
-5422
-6532
-7153
-7969
-8845
-9134
-8719
-8145
-8034
-8224
-8155
-7398
-6531
-5938
-5670
-4997
-4188
-3718
-4243
-5561
-7203
-7445
-3893
2577
8546
9540
6220
1825
388
2422
5679
8046
8249
7425
6428
5612
4079
1709
-531
-2149
-1966
-693
654
638
-949
-3489
-6001
-7003
-6621
-5105
-3199
-1160
753
2281
3201
3502
3567
3412
2940
3224
4780
7367
9616
9891
7695
4197
1399
72
207
747
771
87
-425
-243
68
-104
-648
-759
123
1811
3587
5012
5739
5924
5753
5557
5330
4610
3284
1534
236
-227
-339
-986
-2344
-4291
-6205
-7335
-7583
-7301
-7130
-7429
-8213
-9010
-9484
-9467
-9193
-8582
-8017
-7486
-7022
-6582
-6321
-6567
-7248
-7701
-4981
909
7587
10564
8878
5384
3401
4864
7574
9662
9606
8009
6201
4953
4056
2541
1188
-32
-727
-870
-922
-1337
-2626
-4251
-5937
-6648
-6249
-5316
-4419
-3724
-2806
-1351
624
2500
3969
4930
5025
4855
5152
5850
6382
6157
5262
4176
3836
3811
3732
3271
2537
1804
1064
965
1126
1187
640
-41
-84
652
1650
2301
2777
3070
3212
3239
3318
3424
3334
3053
2454
2053
1756
994
-231
-1676
-2942
-4199
-5291
-6495
-7533
-8374
-9149
-9884
-10452
-10565
-10340
-9887
-9726
-9897
-10482
-10614
-10279
-9549
-8997
-7887
-3927
2367
8393
10023
7831
4750
4188
6677
9975
12479
12747
11714
9840
7928
5899
3648
1814
360
-97
-99
-210
-1370
-3718
-6149
-7996
-8357
-7645
-6617
-5907
-5379
-4176
-2342
-327
1241
2508
3559
4038
4452
5063
6205
7298
7682
7208
6223
5403
4674
3797
2463
1594
1271
1476
1937
1954
1368
207
-512
-151
1309
2798
3538
3628
3336
3181
3160
3218
3085
2804
2525
2170
1821
1119
57
-1056
-1814
-2190
-2460
-3037
-4214
-5821
-7483
-8976
-10064
-10663
-10934
-11014
-11372
-11886
-12585
-13061
-13125
-12608
-11839
-10419
-6566
-868
4505
6260
4937
3340
4177
7799
11579
14038
14161
13066
11714
10599
9372
7470
5563
3638
2533
1899
1115
-525
-3394
-6370
-8577
-9085
-8418
-7700
-7626
-8029
-7645
-6054
-3467
-843
994
1916
2099
2506
3679
5700
7592
8439
8052
6954
6071
5788
5651
5186
4632
4245
4203
4017
2993
1101
-788
-1526
-922
334
1452
2134
2459
2339
2005
2006
2850
4151
4827
4465
3402
2433
1562
290
-1422
-2844
-3272
-3129
-3064
-3527
-4450
-5671
-6939
-8035
-8684
-9054
-9580
-10298
-11126
-11723
-12240
-12649
-13020
-13420
-13033
-10385
-5235
371
3381
2902
1203
1433
4893
9577
13058
13975
12790
11029
10093
10135
10436
10550
9629
7884
5801
3897
2153
26
-2530
-5062
-6495
-6734
-6804
-7657
-9139
-10169
-9907
-8103
-5471
-2991
-1573
-1570
-1893
-998
1463
4490
6729
7752
7912
7770
7479
6951
6382
6200
6709
7413
7575
6485
4228
1875
523
694
1593
1870
1136
-34
-791
-1006
-615
435
2155
3674
3907
2854
1432
654
443
319
-84
-613
-881
-1165
-2129
-3937
-6066
-7737
-8510
-8561
-8535
-8907
-9802
-10609
-10994
-11324
-11849
-12581
-13136
-13171
-11147
-6744
-1305
2292
2338
651
-134
2206
6235
9781
11429
11105
10217
9525
9729
10271
10686
10057
8460
6933
5579
4509
2777
523
-1677
-3182
-3526
-3813
-4633
-6359
-7871
-8523
-7883
-6125
-4356
-3237
-3620
-4515
-4273
-2258
900
3188
4084
4030
3957
4342
4974
5862
7094
8836
10071
10303
9048
6946
4902
3431
3112
3143
3019
2202
1029
106
-482
-762
-648
65
818
1078
550
-304
-796
-829
-541
-526
-817
-1350
-1998
-2699
-3345
-3847
-4445
-5222
-6390
-7424
-8192
-8780
-9230
-9908
-10868
-12013
-12706
-12809
-12417
-10437
-6526
-1771
1137
930
-708
-1097
1551
5729
9283
10845
10622
9635
8699
8474
8493
8839
8798
8161
7079
5646
4309
2682
1033
-625
-1814
-2205
-2385
-3097
-4654
-6217
-7124
-6724
-5305
-3609
-2277
-2211
-3088
-3853
-3197
-1067
986
2030
1905
1882
3055
5123
7128
8272
8472
7933
7352
6896
6311
5665
5223
5113
4839
4267
3546
2748
1708
254
-968
-1157
-248
663
602
-371
-1514
-2028
-2096
-2163
-2488
-2835
-2863
-2724
-2608
-2863
-3600
-4786
-6053
-7220
-8271
-9051
-9673
-10038
-10422
-11084
-12089
-13023
-12262
-8980
-4099
-216
606
-817
-2055
-769
2791
6666
9243
9851
9271
8511
8163
8128
8270
8517
8676
8592
7585
5839
3742
1759
122
-1482
-2728
-3619
-4287
-5146
-6036
-6385
-6030
-4921
-3659
-2421
-1781
-2096
-2748
-2902
-1579
645
2834
4199
4915
5578
6448
7323
7357
6856
6152
5924
6029
5780
4988
3733
2983
2883
3328
3565
3042
1841
506
82
252
682
779
260
-573
-1449
-1785
-1824
-1678
-1637
-1905
-2365
-3004
-3560
-4104
-4559
-5154
-5836
-6557
-7479
-8487
-9670
-10908
-12096
-13022
-13042
-11165
-7474
-3496
-1588
-2113
-3194
-2616
425
4368
7508
8919
8863
8363
8155
8504
9094
9571
9147
7876
6355
5076
4193
3097
1546
-371
-2104
-3209
-3910
-4600
-5399
-5994
-6109
-5542
-4608
-3740
-3371
-3748
-4204
-4007
-2641
-362
2003
3830
4907
5634
6339
7117
7625
7930
8154
8073
7579
6437
4956
3683
3129
3224
3284
2722
1547
300
-470
-650
-563
-356
-113
-106
-498
-1335
-2114
-2336
-1992
-1365
-765
-463
-691
-1513
-2826
-4172
-5182
-5693
-5979
-6568
-7413
-8716
-10242
-11749
-12776
-11882
-8885
-4946
-2545
-2841
-4365
-4645
-2031
2412
6429
8359
8108
6981
6332
6847
7883
8839
9158
8710
7789
6484
5065
3371
1556
9
-1254
-1990
-2645
-3629
-4916
-5945
-6232
-5854
-5043
-4435
-4135
-4307
-4668
-4554
-3509
-1282
1385
3684
5199
5733
5757
5746
5918
6360
7017
7769
8164
7669
6003
3895
2286
1786
2180
2566
2682
2328
1478
361
-658
-1054
-805
-495
-721
-1489
-2225
-2507
-2240
-1704
-1181
-1038
-1486
-2109
-2698
-3124
-3631
-4470
-5626
-6824
-7624
-8284
-9124
-10177
-10369
-8545
-5039
-1950
-1537
-3212
-4731
-3855
-362
3891
6888
7437
6222
4757
4474
5598
7289
8460
8426
7349
5732
4277
3199
2280
1292
-54
-1329
-2462
-3646
-5100
-6473
-6918
-6327
-5061
-3936
-3620
-4196
-5243
-5650
-4587
-1743
1961
4989
6249
5554
4363
4046
5160
6813
8090
8568
7997
6631
4654
3001
2047
1928
2392
2805
2769
1997
737
-565
-1396
-1543
-1091
-399
-284
-1150
-2692
-3743
-3574
-2421
-1289
-869
-966
-1326
-1810
-2679
-3563
-4244
-4929
-5684
-6773
-7878
-8895
-9398
-8389
-5771
-2656
-1193
-1927
-3383
-3543
-1414
2038
5233
7076
7486
7098
6568
6588
6921
7401
7572
7299
6693
5608
4403
3078
1778
293
-1478
-3078
-4278
-5123
-6054
-6959
-7446
-7244
-6553
-6116
-5929
-5894
-5516
-4362
-2141
1161
4080
5332
4701
3880
4633
6695
8653
9155
8301
6929
5889
5395
4993
4258
3139
2307
1879
1565
928
-273
-1543
-2425
-2585
-2278
-2046
-2217
-2864
-3524
-3756
-3307
-2418
-1711
-1464
-1808
-2373
-2701
-2675
-2473
-2783
-3850
-5421
-6950
-8186
-8929
-8328
-6061
-2686
-265
-306
-2132
-3539
-2549
625
4304
6745
7388
6933
6327
6264
6633
7243
7862
8160
8092
7285
5963
4362
2643
1122
-464
-2027
-3403
-4527
-5453
-6204
-6653
-6970
-7001
-6846
-6351
-5749
-5110
-4162
-2745
-569
1695
3294
3674
3448
3617
4611
6069
6987
7142
6731
6265
5775
5028
4130
3235
2692
2367
1886
1172
281
-649
-1864
-3105
-3912
-3961
-3498
-3142
-3181
-3483
-3469
-3186
-3051
-3079
-3013
-2572
-2098
-2071
-2657
-3601
-4375
-5277
-6383
-7664
-8214
-6906
-3979
-899
79
-1033
-2612
-2631
-232
3281
6131
7252
6930
6057
5529
5827
6750
7751
8045
7572
6670
5831
5149
4223
2838
1069
-768
-2298
-3480
-4383
-5130
-5529
-5770
-5954
-5898
-5609
-4875
-4126
-3380
-2387
-829
1229
2834
3628
3797
4126
4897
5702
6226
6211
6219
6098
5786
5162
4211
3318
2329
1440
450
-576
-1434
-2069
-2561
-3357
-4379
-5324
-5625
-5285
-4797
-4473
-4341
-4065
-3706
-3297
-2837
-2405
-2255
-2631
-3359
-4022
-4244
-4392
-4987
-5917
-5764
-3632
-303
2006
1595
-465
-2045
-1404
1208
4266
6647
7383
6682
5107
3884
3849
4854
6003
6176
5582
4693
4025
3368
2291
962
-528
-1557
-2218
-2661
-3201
-3912
-4579
-5210
-5382
-4866
-3658
-2573
-2309
-2493
-2151
-414
2089
3892
4315
3802
3569
4108
5211
6282
6885
6941
6634
6263
5707
4817
3671
2600
1805
1080
353
-543
-1737
-3249
-4778
-5848
-6119
-5918
-5757
-5774
-5798
-5800
-5860
-6118
-6233
-5891
-5186
-4674
-4690
-4955
-5245
-5407
-5550
-4382
-1768
1499
3117
2057
250
-370
1401
4287
6586
7824
7900
7456
6506
5844
5660
6215
6770
6593
5900
4757
3649
2220
434
-1206
-2515
-3266
-4070
-4881
-5574
-5644
-5300
-5217
-5172
-5050
-4366
-3662
-3359
-3066
-2283
-453
1596
3036
3581
3770
4213
4769
5462
6003
6672
7334
7503
7034
5993
4968
4150
3537
2711
1500
368
-452
-1064
-1944
-3091
-4059
-4588
-4765
-5249
-6089
-6876
-7115
-6742
-6473
-6609
-7120
-7731
-7944
-7863
-7491
-7423
-6705
-4634
-1454
1406
2016
1214
274
947
3270
5917
8335
9428
9284
8092
6808
6469
7023
7992
7867
6859
5434
4343
3471
2226
887
-579
-1667
-2627
-3539
-4256
-4531
-4246
-4365
-4856
-5344
-5261
-4623
-4511
-4489
-4155
-2760
-853
247
336
-93
58
830
1912
2930
3773
4573
5018
5395
5416
5057
4419
3625
3270
3087
2919
2418
1548
598
-251
-896
-1506
-1988
-2546
-3273
-4053
-4732
-5130
-5472
-6082
-6961
-7756
-8335
-8672
-9069
-8844
-6916
-3824
-832
65
-422
-979
-294
1840
4402
7004
8790
9423
8829
7735
7360
7628
8325
8303
7831
7185
6506
5620
3912
2017
339
-877
-1679
-2433
-3046
-3373
-3318
-3461
-3959
-4302
-4187
-3826
-4114
-4541
-4396
-2977
-888
324
281
-561
-1143
-943
-84
1086
1922
2175
1751
1222
932
895
840
518
226
-54
-304
-443
-566
-767
-1287
-1813
-2178
-2049
-1776
-1926
-2699
-3577
-3891
-3649
-3431
-3497
-4087
-4856
-5719
-6336
-5534
-3276
-163
1578
1254
-146
-931
54
2195
4574
6507
7634
7907
7288
6742
6412
6629
6787
6636
6412
6059
5674
4749
3364
1860
450
-525
-1233
-1567
-1766
-1675
-1600
-1912
-2304
-2693
-2584
-2574
-2772
-2888
-2496
-1293
-135
403
182
-131
-111
180
647
930
1144
1149
976
734
330
-117
-674
-1212
-1670
-2015
-2240
-2441
-2546
-2674
-2832
-3225
-3858
-4442
-4527
-4158
-3745
-3694
-3972
-4234
-4378
-4334
-4543
-5024
-5688
-5692
-4028
-1217
1690
2693
1962
753
618
2033
4036
5970
7166
7676
7599
7152
7026
7136
7503
7206
6432
5641
5271
5177
4540
3398
1873
516
-666
-1708
-2261
-2208
-1584
-1225
-1476
-1869
-1986
-1709
-1848
-2144
-2085
-987
750
1984
2225
1642
1017
591
503
762
1186
1612
1563
1148
423
-369
-1116
-1809
-2260
-2539
-2630
-2802
-3088
-3495
-3925
-4101
-4103
-3875
-3694
-3648
-3664
-3789
-3798
-3853
-3733
-3700
-3812
-4324
-5247
-6085
-6473
-5262
-2951
-363
811
256
-659
-759
539
2251
3649
4700
5461
6179
6559
6921
7052
7203
6905
6295
5917
5944
6228
5772
4493
2986
1873
1233
615
-11
-469
-421
-337
-690
-1164
-1270
-714
-490
-885
-1286
-786
763
2150
2530
2087
1624
1461
1387
1344
1185
1231
1063
674
121
-531
-1182
-2073
-2861
-3358
-3550
-3604
-3799
-4086
-4445
-4598
-4573
-4289
-3800
-3341
-3068
-3071
-3037
-2810
-2358
-1948
-1883
-2252
-2820
-3322
-3607
-3875
-3834
-2979
-1482
47
553
302
-97
14
711
1504
2396
3269
4010
4337
4233
4044
4018
4150
3982
3588
3124
2947
2972
2921
2790
2394
1784
868
-170
-907
-806
33
933
1367
1416
1498
1590
1377
847
608
1282
2686
3973
4364
3934
3159
2481
2033
1859
1903
2096
2077
1660
738
-457
-1532
-2349
-2932
-3493
-3958
-4175
-4188
-4351
-4869
-5459
-5667
-5389
-4934
-4593
-4374
-4046
-3497
-2978
-2709
-2643
-2583
-2415
-2103
-1747
-1381
-1296
-1748
-2510
-2597
-1445
599
2151
2489
1914
1324
1274
1535
1982
2457
2938
3261
3303
3256
3126
2910
2336
1593
1067
1172
1803
2308
2329
1821
1039
215
-570
-1037
-1005
-438
218
535
574
569
640
429
57
-72
499
1647
2738
3333
3450
3386
3216
2922
2606
2421
2462
2624
2768
2639
2093
1120
26
-821
-1303
-1589
-1858
-2039
-2158
-2378
-2860
-3549
-3965
-3986
-3742
-3520
-3344
-3070
-2844
-2867
-3162
-3341
-3189
-2804
-2514
-2433
-2469
-2559
-2863
-3467
-4070
-3943
-2724
-805
808
1359
972
232
-126
240
1289
2600
3577
3930
3752
3417
3094
2766
2360
2020
2054
2421
2915
3079
2768
2128
1316
454
-278
-645
-651
-363
-149
-155
-276
-303
-203
-228
-464
-667
-545
43
867
1590
2002
2142
2088
1989
1868
1800
1737
1740
1863
2055
2172
2019
1558
926
231
-290
-510
-438
-181
-100
-276
-661
-1095
-1573
-1990
-2177
-2072
-1743
-1364
-1249
-1481
-2012
-2597
-2876
-2753
-2340
-1932
-1706
-1802
-2253
-2926
-3576
-3951
-4082
-4205
-4339
-4163
-3371
-2180
-1237
-829
-660
-300
214
657
1063
1671
2451
3121
3346
3280
3172
3079
2788
2271
1963
2196
2875
3378
3335
2791
1925
910
-50
-694
-774
-372
78
191
44
-56
-88
-221
-528
-669
-325
415
1178
1732
1997
2058
2035
1941
1921
1975
2032
2031
1966
1940
1952
1882
1586
1075
505
-82
-534
-780
-700
-455
-355
-512
-926
-1332
-1611
-1776
-1753
-1701
-1515
-1236
-1055
-944
-1032
-1261
-1485
-1557
-1446
-1236
-1085
-1126
-1450
-1998
-2676
-3181
-3376
-3349
-3246
-3264
-3494
-3602
-3333
-2644
-1838
-1253
-820
-522
-176
95
321
610
952
1322
1668
2017
2251
2324
2191
2025
1991
2190
2506
2728
2624
2103
1370
612
142
-123
-208
-42
279
710
973
1013
977
861
755
772
991
1508
2162
2726
2965
2828
2378
1788
1377
1318
1554
1698
1558
1196
787
381
-8
-333
-658
-929
-1090
-991
-694
-418
-358
-496
-660
-698
-579
-357
-84
93
209
96
-80
-22
47
20
-340
-831
-1242
-1513
-1607
-1794
-2101
-2546
-3084
-3520
-3879
-3934
-3825
-3863
-3931
-3987
-3905
-3682
-3315
-2931
-2399
-1722
-1152
-694
-369
-52
281
512
733
990
1322
1580
1709
1747
1803
1974
2102
2150
2166
2274
2478
2586
2483
2263
2118
1977
1895
1842
1770
1816
1897
1886
1787
1732
1663
1661
1647
1529
1413
1217
855
593
550
705
776
607
327
76
104
378
652
818
842
776
678
507
492
512
592
578
413
297
325
274
154
-99
-415
-569
-736
-684
-771
-874
-1042
-1216
-1587
-1904
-2124
-2286
-2284
-2297
-2292
-2281
-2217
-2441
-2711
-2881
-2969
-2791
-2603
-2332
-2212
-2166
-2252
-2397
-2627
-2721
-2617
-2523
-2305
-2139
-1897
-1522
-1041
-585
-408
-185
-39
238
670
1241
1816
2384
2844
2961
2981
2823
2822
2726
2754
2732
2899
3077
3085
2986
2585
2239
1898
1692
1558
1580
1695
1737
1627
1368
1016
860
739
673
637
690
703
620
491
308
332
304
283
159
-19
-61
-212
-254
-156
-149
34
26
-160
-217
-317
-404
-287
53
103
267
429
101
66
-266
-348
-495
-764
-497
-799
-602
-783
-1288
-1704
-1784
-2066
-2437
-2343
-2502
-2473
-2412
-2374
-2692
-2618
-2551
-2692
-2722
-2551
-2345
-2003
-1569
-1326
-1314
-1408
-1432
-1383
-967
-275
286
533
840
919
1007
1037
1160
1321
1605
1931
2096
2090
2033
1960
1818
1624
1464
1487
1609
1741
1645
1364
1073
1013
866
751
702
737
967
985
1024
718
579
493
372
273
385
558
652
766
567
489
459
408
432
489
628
840
971
1141
1202
1090
1123
974
692
605
458
419
564
394
77
-32
-305
-685
-874
-980
-1088
-1111
-1149
-1559
-1585
-1853
-2099
-1927
-1969
-1863
-1774
-1721
-1621
-1552
-1410
-1297
-1087
-853
-665
-477
-266
-202
66
152
161
157
166
214
19
-66
-224
-284
-289
-436
-546
-782
-837
-807
-924
-914
-833
-810
-577
-517
-479
-412
-217
46
68
233
308
528
630
539
691
786
996
1153
1116
1190
1103
1146
1147
1065
1040
964
929
1079
1034
981
905
674
541
406
385
371
459
375
486
424
263
216
115
75
186
363
341
379
341
206
131
96
62
163
221
289
237
128
31
-79
-35
92
-70
-26
-128
-154
-168
-159
-168
-438
-574
-656
-643
-574
-411
-522
-598
-898
-942
-1055
-879
-893
-849
-607
-620
-725
-793
-999
-950
-829
-675
-462
-337
-91
-101
-29
-184
4
132
224
460
621
709
712
624
472
395
414
439
469
329
194
88
37
-113
-244
-272
-314
-273
-274
-277
-275
-356
-321
-385
-368
-248
-123
-20
71
304
210
212
175
220
340
510
585
627
737
835
863
740
760
664
670
634
682
696
635
536
481
290
112
-27
-153
-136
-281
-256
-312
-394
-419
-476
-644
-731
-867
-781
-720
-650
-507
-364
-251
-203
-145
-199
-390
-376
-243
-168
25
68
108
3
-92
-90
-19
132
175
122
134
187
309
278
421
308
115
52
-67
146
238
288
326
134
17
-138
-156
-82
-60
46
-64
-47
-26
-23
-109
-146
-189
-184
-115
-244
-109
-39
82
201
221
372
298
235
187
14
197
163
267
324
329
283
100
-117
-302
-190
-182
-67
-35
-79
-86
-199
-394
-528
-529
-492
-378
-343
-144
-84
-41
-34
-176
-72
55
107
210
254
200
124
165
126
29
198
7
35
-98
-38
-64
208
98
2
-92
-259
-241
-305
-236
-75
148
91
156
38
-180
-132
-273
-269
-24
89
250
175
160
42
-102
-145
-97
34
140
323
407
306
425
373
186
204
121
256
281
372
251
293
246
69
26
13
-220
-51
-257
-143
-94
-275
-221
-323
-295
-460
-316
-241
-142
-138
-139
-115
-58
50
201
185
367
410
448
303
201
404
126
460
280
238
261
376
200
141
110
92
-213
42
-95
-163
-120
-209
-179
-478
-447
-493
-476
-361
-318
-199
-231
-308
-273
-404
-147
-269
-122
33
62
145
-56
53
-94
-18
-100
-88
27
182
78
219
52
27
-33
-45
44
36
114
81
82
27
-225
-331
-264
-317
-216
-177
-65
-174
-242
-382
-317
-366
-334
-313
-12
-150
-170
-91
-208
21
-82
86
10
189
182
234
382
497
631
798
712
664
761
756
547
684
769
749
666
627
457
560
419
245
109
-21
20
-17
109
-144
-26
-147
-92
-202
-171
-317
-252
-363
-137
-146
-75
-94
-218
-295
-462
-499
-412
-366
-301
-286
-168
-88
-356
-376
-534
-636
-527
-539
-425
-183
-23
-19
-164
-169
-240
-381
-217
-222
-35
73
150
160
-73
-145
-350
-365
-405
-311
-119
-23
-32
-117
-205
-370
-254
-235
-75
-33
50
101
58
223
211
220
298
470
581
631
750
796
699
699
558
462
580
569
656
555
458
344
348
212
116
107
-11
157
171
202
120
135
79
-87
-118
-162
-91
-16
-38
108
110
134
51
18
-265
-222
-303
-180
-101
-23
-83
-130
-402
-598
-662
-845
-768
-601
-246
-248
-22
-138
-414
-600
-757
-655
-466
-183
-11
48
72
-1
-180
-358
-242
-230
-361
-25
90
-111
128
-34
-4
-13
130
-93
107
-70
-40
-153
152
155
276
528
483
333
428
389
336
241
384
469
482
676
558
678
464
382
299
276
202
389
464
259
386
204
230
58
81
-32
33
64
91
2
-38
11
-152
-192
-282
-111
-181
-153
80
-92
-158
-231
-222
-346
-346
-199
-194
-259
-206
-295
-211
-250
-255
-448
-345
-367
-453
-423
-598
-483
-449
-564
-342
-298
-336
-129
-431
-287
-400
-209
-198
15
56
19
217
60
143
-167
74
-67
137
296
265
539
223
410
76
192
90
134
149
260
133
317
162
255
166
63
127
-1
130
323
248
361
557
225
378
159
311
153
189
495
283
526
479
502
379
385
213
216
18
98
-30
56
158
15
18
-19
30
-76
-292
-281
-425
-349
-416
-345
-445
-299
-506
-301
-600
-510
-584
-507
-449
-482
-409
-357
-72
-427
-121
-412
-216
-370
-170
-324
-43
-28
210
199
218
324
226
176
6
129
27
244
171
483
340
385
128
225
-7
-42
42
152
138
34
70
-78
-64
-265
-138
-332
-167
-81
52
249
158
268
235
166
63
160
190
127
291
520
390
376
311
269
288
161
84
166
125
85
-17
130
-84
33
-16
-133
-142
-111
-241
-280
-234
-393
-239
-274
-233
-235
-267
-275
-262
-304
-281
-475
-294
-215
-132
-227
-141
-106
-182
-165
-387
-210
-184
-110
-5
122
143
334
-1
112
85
116
-76
78
102
199
202
194
204
118
113
-56
186
6
244
137
214
174
184
180
55
157
95
232
137
245
138
221
88
195
154
256
231
439
166
185
243
117
152
-18
8
-26
-52
45
87
61
122
-33
54
-142
-129
-186
-258
-126
-146
-92
0
-201
-157
-288
-391
-397
-371
-135
-276
-251
-173
-163
-276
-344
-330
-311
-424
-261
-241
-174
-72
-95
-44
-65
-104
-125
-232
-117
-165
-77
-2
93
50
74
71
23
63
-22
59
81
340
92
377
124
119
70
140
-1
171
199
248
209
270
232
122
282
39
160
66
333
176
359
221
262
179
155
-83
98
-50
127
93
134
98
-22
148
-208
86
-110
91
10
32
19
142
-198
-53
-142
-68
-222
-28
63
-44
142
-142
15
-181
-207
-228
-210
-225
-41
-125
-105
-142
-72
-67
-196
-162
-176
-64
-250
-192
-179
-70
-266
-158
-96
-78
34
5
71
-52
96
-64
73
-40
78
-22
257
45
152
208
110
188
2
188
-24
21
34
121
37
81
47
143
-9
40
-134
-58
-1
-108
-23
96
67
37
138
-66
26
-49
63
-74
133
60
-15
140
59
46
-54
27
-58
2
8
127
74
59
64
-22
-11
51
-78
-103
-30
-37
9
58
49
62
-90
-20
-73
-67
65
-99
132
-43
-33
4
-189
-34
-29
-46
28
12
47
-41
17
2
-174
-74
-81
10
103
67
87
67
-17
-177
-108
-111
-124
-36
60
88
50
147
-41
-104
-70
-53
15
-18
97
85
50
2
22
-100
-19
-11
-35
41
57
122
22
-18
-1
-34
-10
-61
-16
118
-90
17
5
33
100
-62
19
21
-36
-121
20
42
-119
-11
102
-96
-23
10
-57
-43
-82
9
47
118
76
64
132
94
-53
63
21
-61
108
-26
159
32
147
-18
66
-15
-38
44
-33
-102
-10
-114
1
-6
-63
77
-24
-62
-26
-23
-57
46
75
40
51
25
-72
22
-91
49
-10
66
18
-11
32
0
-51
-96
-37
-83
17
-46
34
24
95
-26
-74
-110
-80
24
-98
-39
96
-41
8
6
-54
-150
-175
-155
-105
-21
-46
16
76
-39
18
-68
8
-136
-22
42
-11
135
73
91
31
112
-75
121
91
37
130
141
110
17
156
-8
15
11
17
13
58
7
21
-28
25
-29
-77
4
-65
-27
-51
27
-40
63
22
54
-83
39
4
-17
-12
29
18
-15
90
-4
34
98
68
6
-6
-40
-91
-22
-40
-17
95
14
-40
85
-89
-14
-85
-47
-131
-82
27
-4
-53
-4
31
-174
24
-115
-122
-92
-57
-144
36
73
-57
13
-8
46
-68
41
-73
148
3
63
19
57
-6
46
64
-14
183
-78
40
-62
79
-68
1
32
106
27
28
61
38
-19
-107
54
15
14
-4
66
17
95
-108
49
25
-40
74
-101
134
73
14
-76
-8
34
-149
6
-53
-86
195
60
-30
164
-40
0
20
-47
4
12
37
-100
107
-24
37
4
-2
-5
-86
-13
22
-35
-133
52
-20
-24
-97
60
-78
-15
-75
-21
-5
0
42
2
-12
-15
-121
27
-19
-106
161
-77
39
-27
-34
-84
-1
-76
-32
10
17
-36
22
-79
-92
84
-124
-19
79
26
-48
101
-26
12
-56
29
-57
117
30
25
121
47
65
7
53
21
70
-44
80
59
62
32
44
60
-8
11
-5
39
-28
-12
14
36
80
44
17
53
-51
101
10
-29
29
10
46
47
-15
38
153
-137
-12
-1
-7
-120
-41
-70
-26
-11
-105
-16
32
-96
-83
-22
-52
-1
-65
-36
-10
-24
-23
-12
-45
30
0
-60
-68
12
18
32
-98
13
127
-88
15
31
9
-20
-69
-87
36
-36
11
19
-26
72
-74
-24
50
2
0
102
-65
39
42
4
-10
-55
67
3
73
30
46
29
9
-16
-64
-44
55
-84
72
12
55
99
-64
81
-39
-4
16
19
8
74
8
26
-14
1
-47
69
6
-46
19
-5
0
10
-35
35
-23
-22
29
-74
110
-69
-57
2
-20
3
-23
-66
67
-22
-17
-26
32
-58
22
46
-115
136
-69
25
-16
-38
8
-35
-40
20
-57
53
-8
4
-1
-28
-55
11
40
-29
0
40
19
-37
-4
-96
74
6
-4
8
68
68
-73
66
-73
68
18
-93
62
14
66
24
11
49
-24
25
-28
13
-30
52
85
23
69
24
39
7
-46
-19
-64
3
-2
-15
83
-27
-40
-7
-27
-61
-40
-31
39
-68
24
-20
-1
32
-104
63
-28
19
25
-20
-9
27
-35
-8
-7
26
-25
9
26
-10
-25
5
-20
-34
-49
-4
-5
-73
44
-42
61
-73
-31
-25
-10
-40
-33
-5
-7
51
-83
43
50
-72
9
-9
26
-32
46
39
44
62
8
41
29
-40
34
35
7
45
21
88
-21
25
-11
82
-91
-19
18
-3
9
-7
71
3
6
-45
-6
-23
19
-94
47
7
6
25
3
12
-84
53
-98
-2
17
5
-15
25
-13
9
-7
-66
-15
18
-39
-14
86
-9
36
-31
65
-7
-37
7
8
42
-115
101
-84
-1
55
-102
54
-47
3
25
-42
30
-18
42
-47
-9
84
-123
93
-7
-47
131
-86
51
22
-39
57
-68
20
-31
-2
58
-122
112
-93
51
78
-111
117
-85
8
46
-50
47
31
-10
36
-4
28
4
-21
-7
-9
29
-72
34
19
-63
84
-36
-30
-3
-7
15
-32
-30
35
18
5
-41
36
10
-33
33
-11
47
-40
35
-71
27
-29
-32
55
-52
17
1
14
-24
29
-47
13
-45
39
-10
18
13
-42
24
-11
-25
-17
22
2
54
-28
36
-5
-27
20
-24
-30
19
6
-23
13
-22
4
21
-50
-10
-25
0
-5
24
1
19
54
-16
24
-19
-18
9
-4
1
23
-1
67
29
-6
-1
-2
-51
31
-28
-22
46
-20
56
-2
30
21
-3
-2
-33
-15
8
-7
22
-50
60
18
-39
38
-56
-13
40
-77
32
3
-45
21
-52
51
-45
20
-48
7
1
-56
45
-54
26
-28
19
54
-3
9
17
-36
36
-31
44
11
19
69
-21
81
-43
28
-32
-7
-39
-28
9
-18
-1
1
16
-1
31
-33
24
-20
-6
-39
-7
-9
-10
-12
11
3
31
-5
21
42
-22
32
-46
13
-9
-11
1
25
-8
-4
-1
11
-22
-10
-2
-30
5
-11
-16
20
8
10
25
-3
-35
19
-12
-42
15
18
-10
7
22
-9
6
-5
-15
19
8
1
11
28
-21
12
7
-30
5
-17
-4
-5
43
-39
18
26
-23
-13
14
-16
-18
5
-18
15
-1
-8
-4
29
-30
30
-37
23
2
-3
28
-29
52
-37
14
-29
2
10
-7
12
10
-1
14
-3
-6
-2
-11
18
-17
27
-12
23
-9
-1
-18
-20
11
-2
28
-12
-7
23
9
-21
2
-24
12
-25
1
16
2
18
-1
13
-13
-16
-2
-6
11
3
-13
35
0
-4
-8
13
-1
-5
9
-14
24
-14
0
-1
-11
9
-23
-23
24
-15
-3
12
-1
1
24
-31
17
6
-31
2
-21
20
-26
39
-28
15
1
16
9
-31
17
-13
10
-20
2
27
12
7
6
4
6
-23
-7
14
-14
-17
17
-6
12
-10
2
-10
11
-9
-12
7
-1
0
1
0
3
15
-24
19
-13
-8
12
-1
0
12
-15
-3
0
13
2
-14
25
-16
22
-5
10
8
-4
0
4
4
-2
-1
-10
14
-1
-8
-21
13
-20
-13
-1
-9
-16
9
-13
-6
-4
-12
14
-15
12
-4
7
-5
7
-12
19
1
2
8
-2
14
-20
3
1
-5
-14
12
9
10
24
-15
3
9
0
8
8
1
25
18
-4
24
-4
17
-7
23
-28
16
-18
-1
22
-29
10
1
-10
-1
5
-20
5
-25
8
-29
1
5
2
4
-17
23
-14
23
-28
9
-5
5
-2
-8
8
12
-27
12
1
-27
16
-16
12
-17
-3
0
-8
-6
-3
3
-4
-4
4
12
-9
0
1
-3
2
0
17
8
-4
-10
0
-1
-6
-9
5
13
-2
-2
10
1
-13
4
-8
-6
0
10
11
0
2
17
-7
11
-5
8
-8
10
2
-2
22
-7
10
-3
-16
0
-26
-1
-6
-5
12
-4
13
-12
10
-1
-23
9
-4
2
-8
9
-11
11
-6
10
4
-1
-3
9
3
-3
0
23
-25
12
-6
-4
3
-4
15
-11
9
-15
13
-21
21
-2
0
-11
-3
1
-9
1
9
9
6
-13
6
-2
3
-2
-10
-4
3
7
5
-4
6
-7
11
-8
-4
11
-12
0
-2
0
1
-4
1
-6
-4
-4
4
1
0
1
-6
-2
-2
7
-7
5
-3
12
2
7
10
13
-3
-10
11
0
-2
-5
11
-1
3
-9
4
9
-17
-10
10
-17
1
14
-24
6
8
-10
6
5
-1
-11
7
-4
3
-2
-2
4
-8
0
2
1
4
3
0
3
-5
7
-1
5
-10
10
6
-12
8
-2
-8
-1
0
-3
6
3
0
4
2
-2
-7
-3
-9
-2
-13
15
-7
-1
6
-7
10
-9
-4
2
7
-7
-2
11
-15
6
11
1
5
3
-1
3
-8
3
5
-12
5
2
1
4
8
1
-7
3
-16
15
-5
-11
12
-13
-11
6
-3
-5
2
-2
-5
10
-3
3
-2
-3
0
-2
9
2
-2
-4
2
4
-1
4
2
2
0
2
5
-3
0
2
2
-4
6
-10
8
-5
6
1
3
3
-5
9
-5
2
-7
3
-9
1
-5
-5
-4
-3
2
0
-1
8
3
-8
11
-7
1
-6
5
6
-1
2
3
11
-3
-2
5
-2
0
-2
-9
3
-7
7
-1
2
1
3
-3
-1
-8
-7
5
-11
12
-3
5
2
-2
1
1
7
-4
7
-7
9
2
0
0
1
-2
5
-8
-9
8
-7
-2
1
3
1
-3
-4
-6
1
-9
1
-1
7
6
-3
-3
2
-7
-2
0
-7
2
4
-3
5
-1
5
-4
10
-5
5
0
1
-3
1
-7
6
-4
-6
7
-6
2
4
9
-2
3
2
4
-4
-2
-2
7
0
5
1
7
-4
5
2
-3
4
5
3
3
-1
1
-1
-3
0
-4
0
-5
-1
-4
2
-1
-6
2
-3
-6
1
0
-2
-4
1
-6
1
-2
-4
2
-5
1
3
-3
2
1
-6
1
-1
0
6
-6
6
2
-1
1
2
2
0
5
-1
5
-3
3
1
-4
1
3
-1
1
2
3
1
-2
2
2
-4
3
0
-2
1
-1
-1
-1
-2
-3
6
-6
1
1
-3
-3
0
-4
3
-2
1
5
-6
5
-3
1
-2
1
-1
0
0
0
3
0
-4
1
0
1
0
3
1
0
0
5
-2
3
0
1
2
-1
3
0
1
-1
1
-3
3
-3
3
-4
3
-4
3
-3
-1
0
-2
-1
-1
-1
-4
1
-6
2
-5
3
-4
2
-1
0
2
-3
4
-1
3
0
4
-2
4
-1
3
0
1
3
-1
3
-2
2
-3
2
-1
-2
2
-2
1
-2
0
-2
1
-2
1
-1
-1
1
-1
2
-2
2
-2
0
0
0
0
-2
0
1
-2
-1
3
-4
0
0
0
1
-1
1
1
-1
1
0
1
0
1
0
-1
1
-2
2
-1
-2
3
-1
-2
2
-1
0
0
-1
2
-3
2
0
0
0
1
1
-1
3
-1
1
1
0
2
0
0
0
0
-1
0
1
-2
1
-2
1
-2
-2
2
-6
2
-3
-1
0
0
2
-1
2
-1
2
0
2
1
-1
2
-1
2
-1
2
-2
2
-1
-2
3
-5
2
-1
0
-1
0
-1
1
-3
1
-1
0
0
-3
1
-2
2
-2
1
0
-1
3
-1
1
1
-1
2
-2
0
1
-3
2
-3
1
-1
-1
1
-3
2
-2
1
-3
-1
1
-1
1
0
0
1
-1
0
1
1
0
-1
1
0
1
1
1
0
2
0
2
-1
1
0
0
1
0
1
0
1
-1
0
0
-1
1
-1
0
-1
-1
0
0
0
0
0
1
-1
0
1
-1
1
-1
0
0
0
1
0
1
-1
1
1
0
2
-1
1
0
-1
0
0
0
0
1
-1
0
0
-1
0
0
0
0
0
0
0
-1
1
-1
2
-1
0
0
0
1
-1
1
-1
1
0
2
0
0
0
0
-1
0
1
-1
0
-1
0
0
0
0
-1
0
-1
0
0
-1
0
0
0
0
0
0
0
0
0
1
0
1
0
1
-1
1
0
0
0
0
0
-1
1
-1
1
-1
1
0
1
0
0
0
0
1
-1
1
-1
0
-1
0
0
0
0
0
0
-1
0
-1
0
0
0
-1
-1
1
1
0
0
1
0
-1
0
0
1
0
0
-1
0
0
0
-1
0
0
0
-1
0
0
0
0
0
0
0
0
-1
1
0
0
0
0
1
1
0
0
0
-1
-1
0
0
1
1
0
0
0
0
0
1
0
0
0
0
0
1
0
0
-1
0
0
-1
1
-1
0
-1
1
-1
0
0
0
0
0
0
0
0
-1
0
0
0
0
0
0
0
0
-1
0
0
0
0
-1
0
-1
0
0
1
-1
1
0
0
-1
0
1
-1
0
-1
0
0
0
0
0
0
0
0
0
0
1
0
1
0
1
0
0
0
0
0
-1
0
0
0
1
0
0
0
0
0
0
0
0
0
0
0
0
0
0
0
0
0
0
-1
0
0
-1
0
0
0
-1
0
0
0
-1
0
0
1
0
1
1
0
0
0
1
1
1
1
0
1
0
0
0
0
0
0
0
0
0
1
0
0
-1
0
0
0
0
0
0
-1
0
0
0
-1
0
0
1
0
0
-1
0
0
-1
0
0
0
0
0
-1
0
1
0
0
0
0
1
0
0
0
0
1
-1
0
0
-1
0
0
0
0
0
1
1
0
0
0
0
0
1
1
1
0
0
-1
1
0
0
0
0
0
0
0
0
0
0
0
0
1
0
0
0
0
0
0
0
1
0
0
0
0
0
-1
0
-1
0
0
1
0
0
0
-1
0
-1
-1
0
0
0
1
1
0
0
0
1
0
0
1
1
1
0
1
-1
0
1
0
0
0
-1
0
0
0
1
0
-1
0
-1
-1
0
0
1
0
0
0
1
0
0
0
0
1
-1
0
-1
0
0
0
1
0
0
0
0
-1
0
1
-1
0
0
0
-1
1
0
0
1
0
-1
0
1
0
0
0
-1
1
0
1
0
1
0
0
0
0
-1
0
0
0
1
0
0
0
0
0
0
0
0
0
0
-1
0
0
1
0
0
0
0
1
0
0
0
0
-1
0
0
0
0
0
0
0
0
0
0
0
0
0
0
0
1
0
0
0
0
-1
0
0
1
0
0
0
0
0
-1
0
0
0
0
0
0
-1
0
0
-1
0
0
0
-1
0
0
0
0
-1
0
0
0
0
0
0
0
0
0
0
0
0
0
0
0
-1
0
0
0
-1
0
0
0
-1
0
0
0
0
1
0
0
0
0
-1
1
0
0
0
0
0
0
0
0
0
0
0
0
1
0
0
0
0
-1
0
-1
0
0
0
0
0
0
0
0
0
0
0
0
0
0
0
0
0
1
0
1
1
0
1
0
0
0
0
0
1
0
1
0
0
0
1
0
0
-1
0
0
1
0
-1
0
0
0
0
-1
-1
1
0
0
1
0
0
1
0
0
0
-1
1
0
0
0
0
0
0
-1
0
0
0
0
0
0
0
0
0
0
0
0
0
0
0
0
0
0
0
0
-1
0
-1
0
-1
0
0
0
0
0
-1
0
-1
1
0
0
0
0
0
-1
0
-1
0
-1
0
0
0
0
-1
0
-1
0
1
0
0
0
0
0
0
1
0
0
0
0
0
0
-1
0
0
0
0
0
0
0
0
1
0
1
1
0
0
0
0
0
1
0
0
0
0
1
0
1
0
0
0
0
0
0
0
1
0
0
0
1
0
1
1
0
0
0
0
-1
0
0
1
0
0
0
0
0
0
0
0
0
0
0
0
0
-1
0
0
0
0
0
0
0
0
0
-1
0
1
0
0
0
0
0
0
0
-1
1
0
0
0
1
0
1
0
0
0
0
0
0
0
-1
0
1
0
0
0
1
0
0
0
0
-1
1
1
0
0
1
0
0
0
0
0
0
0
0
-1
0
0
0
0
1
0
0
0
0
0
0
-1
-1
1
0
0
1
0
0
-1
0
-1
1
0
1
0
0
0
0
1
-1
0
0
0
0
0
0
0
0
0
0
0
0
0
0
-1
0
0
0
0
1
0
0
0
0
0
0
0
0
-1
0
0
0
-1
0
0
1
0
-1
0
0
0
0
1
1
1
0
0
-1
0
0
-1
0
0
0
0
-1
0
0
0
0
0
0
1
0
0
0
0
0
1
0
0
0
0
0
0
0
-1
1
-1
0
-1
0
0
0
0
0
0
0
0
0
0
0
0
0
0
1
0
0
0
0
0
0
0
0
0
0
0
0
0
0
-1
0
0
0
1
0
0
0
0
-1
0
-1
0
1
0
0
1
0
0
0
0
0
0
0
0
0
0
1
-1
0
-1
0
0
-1
0
0
0
0
-1
0
0
0
0
0
1
0
0
0
0
0
0
0
-1
0
0
0
0
0
0
-1
0
0
0
0
0
0
-1
0
-1
0
0
0
0
1
0
0
0
0
0
0
0
0
0
0
0
0
1
0
0
0
0
1
0
-1
0
1
0
0
0
0
0
0
0
-1
-1
0
0
0
1
0
-1
0
0
-1
0
0
0
-1
0
0
1
0
0
0
0
0
0
1
0
0
0
0
1
0
0
0
1
