0
0
0
-1
0
-1
0
0
0
0
0
0
0
1
0
1
0
0
0
0
0
-1
0
0
0
0
0
-1
0
0
0
0
0
0
1
0
0
0
0
1
0
0
0
0
0
0
0
0
0
-1
0
1
0
0
0
0
0
0
0
0
0
0
0
0
0
0
0
-1
1
0
0
0
-1
0
0
0
1
0
0
0
-1
0
0
0
0
1
1
0
1
0
0
-1
0
-1
0
0
0
0
0
0
0
0
0
0
0
0
0
1
0
0
0
0
0
0
0
0
0
0
0
0
0
0
0
0
0
0
1
0
0
0
1
0
0
0
0
0
0
0
0
1
1
0
0
1
0
0
0
0
0
1
0
0
-1
1
0
-1
-1
0
0
0
0
0
1
0
1
0
0
0
1
0
-1
0
-1
0
0
-1
0
0
0
-1
0
0
0
0
0
0
0
0
1
-1
0
0
0
0
-1
0
0
0
0
0
1
0
0
0
0
0
0
0
0
1
1
0
0
0
0
0
0
0
0
0
1
0
-1
0
0
0
0
0
0
0
0
0
0
1
0
1
1
1
0
0
0
0
0
0
0
0
0
0
0
0
-1
0
0
0
-1
0
-1
0
0
0
0
0
0
0
-1
1
0
1
0
0
0
0
1
1
0
-1
0
1
-1
0
0
0
0
0
0
0
0
0
0
0
0
0
1
-1
0
0
0
0
0
0
0
-1
0
-1
0
0
0
0
0
-1
0
1
0
0
0
1
0
0
0
0
0
0
0
0
0
0
0
0
0
0
1
0
1
0
-1
-1
-1
0
0
0
0
0
0
0
-1
0
0
1
-1
0
1
0
0
0
0
0
0
0
-1
0
0
0
0
0
0
0
0
0
0
0
0
0
0
0
0
0
0
0
0
0
0
1
0
1
0
0
0
1
0
0
-1
1
0
-1
0
0
-1
0
0
0
0
-1
0
0
0
0
1
0
0
0
1
0
0
1
-1
0
0
0
0
0
0
-1
0
1
0
0
0
1
-1
0
0
0
-1
0
0
0
-1
0
1
0
-1
0
0
-1
-1
0
0
0
0
-1
-1
-1
0
0
0
0
0
0
0
0
0
1
0
-1
0
1
0
1
0
0
0
-1
0
0
0
0
0
0
-1
1
0
0
0
0
1
0
0
0
-1
0
1
0
0
0
0
0
0
0
0
0
0
-1
1
-1
0
1
0
0
0
0
0
0
0
0
0
0
0
0
0
0
0
1
0
0
0
0
-1
1
0
0
0
0
0
0
0
0
0
0
0
0
-1
0
0
0
-1
0
0
1
1
0
0
0
0
-1
0
1
0
-1
0
0
0
0
-1
0
0
0
0
0
-1
-1
0
0
0
0
1
0
0
0
0
-1
0
0
0
0
0
0
0
0
1
0
-1
0
0
-1
0
0
0
0
0
0
0
0
0
0
0
1
0
0
0
0
-1
-1
0
-1
0
0
0
-1
0
0
0
0
1
1
-1
0
0
-1
-1
0
0
-1
0
0
-1
0
0
-1
1
-1
0
0
-1
0
0
0
0
0
0
0
1
0
0
-1
1
1
0
0
0
0
0
0
0
0
0
1
0
0
0
0
0
0
-1
0
0
-1
0
0
1
0
0
1
0
0
0
1
0
0
0
0
0
0
1
-1
0
0
0
1
0
-1
0
0
0
0
0
-1
0
0
0
0
1
0
0
1
0
0
0
1
0
0
0
0
0
1
0
0
0
0
0
0
0
1
0
0
0
0
-1
0
0
-1
-1
0
-1
0
0
0
1
1
0
0
0
-1
1
0
0
0
0
1
0
1
0
0
1
1
0
0
0
0
0
-1
0
0
0
-1
0
0
1
0
0
0
0
1
0
1
0
0
0
0
-1
0
0
0
0
0
-1
0
0
0
1
1
0
0
-1
0
0
1
0
0
-1
1
0
0
0
0
-1
0
0
0
0
0
0
0
0
0
0
0
1
0
0
0
-1
0
1
0
0
1
-1
0
-1
-1
0
0
0
0
0
0
0
0
-1
0
-1
1
0
1
1
0
0
0
0
0
0
0
0
0
0
0
0
0
0
1
0
-1
0
0
0
0
0
0
-1
0
0
-1
0
0
0
0
0
0
0
1
1
0
0
0
0
0
0
0
-1
0
0
0
0
0
0
-1
-1
0
0
0
0
0
1
0
1
-1
0
0
-1
0
0
0
1
0
0
0
0
0
0
0
1
0
1
0
0
0
-1
-1
0
0
0
0
1
0
-1
0
0
0
0
1
0
-1
0
0
0
0
0
1
0
0
0
0
0
0
0
0
0
0
1
0
0
0
0
0
0
0
0
0
0
0
0
0
-1
-1
0
0
0
0
0
0
-1
0
0
-1
0
0
0
0
0
0
0
0
0
0
0
0
0
0
0
0
0
-1
0
0
1
0
0
-1
1
0
0
0
0
0
0
0
0
0
0
-1
1
0
0
-1
0
0
0
1
0
-1
0
0
0
0
0
0
0
1
-1
0
0
0
-1
-1
0
0
0
1
0
0
0
0
0
1
0
-1
-1
0
0
0
0
0
0
0
-1
0
-1
0
1
0
0
0
0
1
0
0
0
0
0
-1
-1
0
0
0
0
-1
0
1
0
1
0
0
0
0
-1
0
0
0
-1
0
0
0
0
0
0
0
0
-1
0
0
0
1
0
1
0
-1
0
1
0
0
-1
0
0
0
0
0
0
1
0
1
0
0
0
0
0
1
0
1
0
0
0
1
0
0
0
0
0
-1
0
0
0
0
0
0
0
0
0
-1
0
0
0
0
0
0
0
0
0
0
1
0
1
0
0
1
0
0
1
0
0
1
0
0
1
0
0
0
0
0
0
0
0
0
0
0
1
0
0
-1
0
0
-1
0
-1
0
0
1
1
0
0
0
-1
0
0
0
0
0
0
1
0
0
-1
0
0
0
0
-1
0
1
0
0
0
0
0
-1
0
1
0
0
1
-1
0
1
0
0
0
0
-1
0
-1
0
0
0
0
1
-1
1
0
0
0
0
1
0
1
-1
1
-2
2
-1
0
1
-2
2
-2
1
-1
0
1
-2
1
0
0
1
-1
2
-1
0
0
-1
3
-1
-2
1
-1
0
1
-1
0
-1
1
0
-3
4
-1
-4
8
-7
3
0
-1
0
0
3
-6
7
-4
2
0
0
-2
0
0
-1
1
0
2
-2
2
-2
2
-4
6
-2
-3
7
-7
0
7
-8
4
4
-9
10
-6
2
1
-3
3
-4
2
1
-4
5
-1
-5
8
-6
2
3
-6
3
0
-2
3
-3
4
-3
1
1
-2
2
-2
3
-8
10
-11
6
1
-4
6
-6
8
-8
2
4
-7
5
-1
-1
0
2
-2
-1
8
-14
14
-9
2
4
-4
1
1
0
-2
4
-6
5
-1
-1
0
2
-6
9
-8
4
0
-4
8
-9
10
-9
8
-4
1
2
-1
-4
8
-3
-7
18
-20
12
-2
-4
4
-4
5
-6
4
-1
-2
0
3
-9
8
-2
-5
12
-17
18
-14
6
5
-5
0
6
-5
-2
11
-15
14
-12
9
-5
-3
13
-21
22
-10
-9
22
-20
6
13
-24
20
-4
-13
22
-19
8
0
-7
13
-14
11
0
-13
21
-17
4
11
-18
14
-1
-14
21
-17
4
12
-21
18
-6
-5
13
-15
10
3
-18
28
-27
12
5
-16
19
-13
6
2
-10
19
-18
5
13
-20
14
5
-19
21
-8
-13
28
-31
23
-8
-9
23
-20
0
27
-40
29
-2
-21
34
-36
31
-18
3
3
1
-3
-6
20
-24
15
-2
-6
10
-14
13
-8
-3
14
-12
1
13
-13
-3
21
-30
31
-28
8
30
-67
77
-46
-6
40
-42
27
-8
-2
5
-1
-1
-2
7
-9
2
10
-10
-7
24
-26
4
24
-33
22
-8
0
4
-9
7
-6
17
-25
21
0
-18
20
-10
8
-17
26
-18
-4
25
-36
32
-15
3
-4
15
-20
1
32
-42
22
5
-21
24
-25
17
9
-42
61
-53
18
21
-36
26
1
-21
23
-12
-10
38
-50
41
-11
-27
40
-24
2
6
0
-13
25
-27
16
13
-50
77
-68
23
17
-29
26
-16
3
-2
17
-38
55
-54
32
-3
-18
39
-67
95
-96
56
8
-62
84
-88
88
-78
52
-17
-15
30
-27
14
-8
13
-21
35
-47
47
-31
-5
46
-64
53
-28
9
1
-5
13
-21
29
-53
80
-71
7
66
-88
55
-24
25
-36
14
49
-104
89
-15
-53
64
-18
-51
80
-34
-54
120
-127
72
12
-71
79
-42
-4
21
4
-44
55
-34
7
12
-32
59
-93
119
-108
49
35
-106
130
-96
34
22
-51
53
-44
36
-38
51
-51
11
53
-100
97
-53
12
-1
2
5
-13
-1
36
-62
36
45
-125
131
-48
-63
118
-101
57
-37
48
-50
25
16
-59
90
-91
73
-70
96
-119
96
-20
-68
117
-102
70
-51
33
-6
-30
70
-83
56
-3
-46
73
-73
59
-44
28
-8
3
-18
31
-23
-13
57
-66
46
-42
52
-39
-3
34
-20
-14
21
11
-42
38
-12
4
-22
40
-34
3
39
-53
13
51
-68
20
38
-51
20
9
-14
11
-20
45
-53
2
73
-94
50
5
-27
11
18
-31
19
8
-38
46
-34
16
0
-20
34
-28
-10
61
-79
39
20
-54
43
-11
-6
12
-30
33
-6
-37
68
-73
64
-56
40
-23
7
19
-45
47
-23
-10
10
39
-87
80
-35
-4
16
22
-84
82
16
-127
162
-109
14
42
-36
20
-48
99
-105
61
-8
-20
20
-2
16
-84
155
-158
97
-33
3
10
-42
107
-156
154
-104
14
70
-89
37
31
-50
20
20
-52
60
-32
1
8
5
-15
-6
50
-83
79
-33
-32
89
-112
63
33
-107
127
-80
-9
61
-51
29
-49
92
-95
54
-9
-14
5
22
-36
13
51
-107
102
-46
-30
92
-105
58
37
-122
127
-44
-61
103
-64
13
-21
62
-67
19
68
-141
133
-41
-59
97
-53
-23
49
5
-85
119
-69
-23
95
-111
60
17
-49
17
38
-62
21
55
-91
66
-16
-12
0
24
-22
-12
51
-45
3
28
-55
67
-51
37
-33
21
4
-34
45
-17
-9
0
1
13
-11
-17
78
-149
129
0
-136
186
-105
-40
124
-92
-9
52
-20
-11
11
5
3
-72
127
-75
-54
170
-220
177
-64
-51
111
-111
77
-26
-15
27
-26
37
-62
75
-38
-26
65
-78
95
-120
130
-103
55
-17
-28
92
-141
109
-24
-21
12
17
-27
-2
55
-90
53
47
-126
125
-64
4
31
-43
34
-21
1
17
-7
-33
68
-69
59
-60
71
-71
35
52
-159
189
-98
-16
42
-9
18
-51
63
-8
-64
35
26
-39
-3
52
-58
44
-39
26
46
-115
87
-2
-66
40
27
-45
50
-58
59
-28
-79
213
-243
139
9
-125
142
-98
81
-51
27
-60
75
-42
-13
58
-47
-1
11
66
-153
157
-79
0
33
-41
36
-55
106
-137
109
-26
-44
81
-96
79
-35
-41
104
-111
52
31
-80
89
-56
-22
123
-187
144
-12
-129
176
-102
-11
75
-53
-2
39
-90
148
-131
11
145
-228
146
35
-149
119
-20
-60
104
-98
47
50
-124
77
31
-117
113
-43
6
-11
-27
104
-105
9
64
-25
-53
106
-123
111
-77
-20
87
-50
-8
13
80
-194
210
-120
-15
130
-175
124
-23
-32
13
67
-110
63
7
-54
55
-50
52
-42
25
-19
24
2
10
-88
123
-87
-24
106
-79
63
-132
214
-192
70
71
-174
206
-172
61
87
-172
123
15
-96
58
-15
38
-36
24
-34
60
-73
24
66
-145
151
-94
-3
133
-197
131
25
-158
174
-108
19
71
-100
28
70
-92
29
70
-105
44
4
-6
21
-81
113
-50
-62
124
-41
-90
161
-179
91
84
-246
316
-243
102
17
-88
119
-135
128
-46
-63
90
-67
52
-80
98
-10
-113
161
-139
123
-123
70
38
-122
124
-45
-64
78
14
-94
107
-51
-19
63
-102
129
-118
63
50
-184
243
-172
4
140
-130
-26
172
-179
92
21
-121
112
-27
-7
-32
125
-172
75
75
-139
74
34
-61
16
12
-6
7
-15
6
42
-89
54
37
-92
48
49
-48
-49
98
-22
-119
175
-73
-102
193
-96
-108
202
-113
-30
90
-65
8
30
11
-88
94
-12
-72
82
-39
-47
147
-164
90
-13
-37
86
-155
216
-198
33
207
-336
279
-117
-54
160
-211
263
-263
124
113
-285
246
-50
-117
122
-8
-65
40
26
-60
35
1
-39
100
-125
79
-14
-42
85
-116
136
-68
-104
244
-208
30
146
-218
166
-54
-83
211
-229
141
-36
-38
93
-122
115
-64
-29
103
-137
147
-103
-1
129
-191
127
-11
-66
68
7
-72
85
-98
117
-126
115
-24
-115
221
-222
137
-58
-5
15
36
-52
-5
76
-113
106
-77
41
4
-58
78
-10
-82
75
-10
-50
91
-66
-8
66
-92
114
-106
85
-82
61
42
-191
286
-207
23
101
-85
-24
78
-25
-48
59
-25
-18
28
-9
-36
92
-44
-102
205
-202
72
116
-255
263
-120
-52
136
-84
-18
63
-17
-47
60
-35
7
-6
-6
-26
76
-85
58
-46
41
-3
-59
105
-156
203
-166
88
-32
20
35
-128
214
-266
236
-141
29
64
-97
66
21
-60
-14
104
-116
40
-38
120
-212
162
19
-146
201
-189
129
-22
-106
179
-114
-26
125
-81
-50
126
-87
-15
102
-112
72
-68
92
-120
83
-1
-78
47
17
-27
-31
145
-168
90
31
-108
121
-89
45
45
-142
152
-54
-35
5
91
-169
201
-152
20
99
-182
181
-106
14
16
27
-39
-41
153
-220
199
-65
-119
253
-287
261
-193
89
19
-117
180
-156
35
87
-102
5
155
-183
61
111
-204
162
-52
-89
186
-211
176
-46
-92
86
25
-120
111
-12
-128
231
-264
189
-32
-104
143
-81
-25
41
39
-157
173
-77
-53
136
-49
-88
86
74
-213
217
-83
-88
134
-36
-10
-59
140
-133
46
71
-131
107
-56
-9
46
-9
-85
147
-165
92
49
-184
300
-272
87
121
-241
179
51
-286
342
-154
-112
266
-284
231
-167
98
-45
38
-60
75
-61
-9
79
-127
119
-48
-16
44
-35
-18
132
-217
207
-145
125
-124
42
116
-273
336
-226
37
93
-104
-26
176
-250
176
54
-302
366
-230
54
73
-105
97
-160
188
-80
-72
190
-232
174
-50
-95
249
-261
79
196
-358
242
44
-266
232
-1
-233
307
-126
-227
452
-396
111
240
-433
368
-115
-129
150
-28
-23
14
-58
158
-191
41
222
-342
289
-165
30
103
-238
275
-207
123
-50
-9
10
6
17
-101
235
-308
200
58
-253
249
-117
-25
86
-51
33
-49
45
31
-32
-72
104
-64
-24
76
-21
-53
36
27
-102
118
0
-157
177
15
-234
289
-195
-14
152
-64
-108
168
-116
-1
144
-221
221
-164
72
54
-139
113
23
-171
220
-118
-137
417
-469
227
102
-358
421
-291
85
62
-136
166
-98
-66
179
-177
148
-71
-134
318
-306
166
-46
16
-18
-40
184
-247
91
144
-253
184
-67
-45
162
-216
181
-65
-67
86
-34
-6
23
-31
18
41
-100
190
-251
163
20
-201
340
-361
267
-138
14
106
-197
213
-121
-57
215
-264
200
-37
-207
375
-325
90
109
-99
-35
96
7
-172
265
-224
18
248
-381
340
-163
-88
265
-281
202
-122
100
-166
211
-104
-94
232
-185
0
127
-34
-200
337
-273
40
210
-291
157
102
-311
306
-48
-294
416
-198
-157
351
-259
-40
307
-317
132
44
-105
63
0
34
-131
164
-78
-82
196
-164
-7
179
-272
237
-99
-102
263
-228
23
192
-285
170
100
-338
393
-255
23
180
-251
220
-208
225
-166
7
181
-225
120
11
-96
84
45
-199
195
6
-201
184
48
-312
315
35
-443
513
-238
-107
312
-293
102
17
27
-62
57
-51
-48
212
-253
99
194
-403
316
68
-434
476
-215
-68
159
-85
-63
92
52
-149
103
-9
-51
23
88
-156
104
-46
10
24
-44
84
-93
50
-1
-45
38
2
-62
57
7
-23
20
2
-40
37
16
-99
165
-83
-99
195
-113
-92
236
-172
-99
374
-414
129
334
-508
258
125
-352
330
-107
-148
254
-201
86
-37
115
-222
161
117
-443
517
-324
36
227
-226
-15
134
-69
1
68
-178
209
-147
59
82
-207
202
-132
157
-149
62
-17
-35
153
-214
240
-239
128
-28
-35
115
-151
127
-50
-146
286
-157
-181
486
-587
397
49
-459
632
-438
-63
443
-404
55
325
-452
238
98
-308
343
-251
39
179
-231
152
-6
-149
176
-109
14
85
-82
63
-134
218
-213
-9
304
-310
-1
305
-367
157
187
-446
428
-268
6
214
-297
237
-120
-43
109
-157
236
-330
222
13
-250
436
-431
182
114
-346
366
-143
-115
195
-124
87
-64
114
-212
152
69
-290
361
-264
94
2
-16
102
-94
81
-77
92
-33
98
-172
251
-234
151
4
-131
259
-198
125
-11
-91
137
-37
-166
351
-349
133
135
-250
96
57
-85
44
7
18
-28
-65
173
-145
-21
170
-238
271
-142
-34
191
-311
235
-69
77
-175
97
107
-385
471
-277
-113
250
-334
269
-203
95
-79
-53
96
-108
5
-54
66
-93
-2
106
-167
-14
117
-22
-32
-30
41
-91
156
-60
50
8
-62
144
-94
85
-174
253
-221
115
67
-334
432
-304
160
-7
-58
130
-113
177
-136
135
25
-77
109
118
-244
284
114
-502
699
-317
-204
417
-254
-117
489
-316
-99
370
-478
368
-223
113
-176
54
153
-473
603
-304
-271
462
-338
-159
347
-222
-211
404
-225
-179
344
-251
-3
206
-315
292
-5
-181
188
-245
244
-155
12
145
-358
278
-89
3
11
-81
160
-159
166
-66
156
-174
124
-14
-174
483
-304
195
73
-498
663
-247
-137
533
-552
212
305
-238
59
-62
-89
91
9
112
-286
169
-83
-115
156
-273
-90
105
-269
97
-42
-63
-69
-68
91
-362
446
-362
-74
313
-302
130
179
-313
68
135
-75
152
-150
83
92
-99
144
259
-276
225
126
-287
662
-113
-32
276
-348
502
-127
-57
261
-330
372
129
-303
145
58
-292
448
-131
-76
306
-331
359
-96
-20
169
-90
555
-28
295
330
-22
231
205
-29
109
149
-3
96
9
-159
-257
-220
-320
-320
-325
-231
-408
-301
-123
-523
-136
-472
-432
-20
-434
-68
-185
-165
-205
-151
-31
-230
-34
-38
81
-110
77
7
-80
-38
-37
-60
-233
88
-86
-69
14
-104
-121
-88
25
57
-59
143
82
165
77
278
41
80
331
-2
148
208
-68
39
162
-136
-103
5
-163
-117
-37
-145
-92
67
-134
-124
179
-214
105
173
-197
288
296
-66
526
186
205
488
236
332
333
497
194
413
324
252
338
188
326
216
421
291
380
420
208
534
308
318
458
294
364
555
321
280
428
200
238
301
218
115
42
-3
-8
-105
-135
-286
-380
-272
-510
-433
-446
-659
-504
-670
-690
-609
-787
-729
-776
-824
-780
-735
-837
-852
-857
-834
-698
-795
-845
-941
-963
-929
-857
-754
-739
-640
-724
-560
-500
-480
-432
-405
-326
-339
-147
-163
-128
-202
-250
-178
-161
-158
-8
57
-90
209
158
176
422
415
593
839
1023
1170
1370
1398
1502
1586
1642
1799
1946
2024
2113
2214
2153
2189
2130
2021
1862
1862
1770
1608
1478
1164
873
790
563
373
167
52
29
-128
-150
-265
-432
-401
-480
-521
-358
-468
-492
-557
-657
-592
-731
-870
-860
-1017
-958
-970
-1250
-1413
-1738
-1967
-2162
-2389
-2633
-2866
-3093
-3368
-3697
-4131
-4289
-4609
-4936
-5324
-5597
-5140
-3858
-2478
-1700
-1731
-1322
-149
1238
2288
2731
3087
4045
5432
6165
6408
6162
6037
5776
5446
5065
4955
4772
3908
2837
1770
1123
587
-308
-1529
-2321
-2416
-2421
-2602
-3306
-3904
-4154
-4157
-3881
-3454
-2367
-1323
-529
-93
1213
2050
2448
2567
2853
3770
4753
5575
5398
5173
4612
4241
3655
3054
2481
2042
1904
1676
1528
750
-137
-974
-1456
-1625
-1557
-1431
-1552
-1502
-1624
-1743
-1822
-2305
-2715
-2717
-2271
-1782
-1802
-2139
-2485
-2745
-3182
-3447
-3927
-4311
-4603
-4964
-5095
-5572
-5932
-6313
-7312
-7875
-8280
-6488
-3946
-1678
-986
-1603
-154
1421
4012
4207
4539
5101
7049
9091
8884
8777
7372
7361
6081
5247
4810
4916
5023
3291
1454
-295
-353
-943
-2261
-3822
-4382
-3104
-2454
-2723
-4160
-4763
-4254
-3807
-3206
-2487
-881
213
649
772
1059
1963
2518
2915
3322
4859
6474
7261
6673
5607
5168
4759
4391
3948
3587
3154
2750
2016
1241
320
-574
-1166
-1277
-841
-300
116
-59
-442
-654
-651
-572
-809
-1117
-1153
-984
-1185
-2027
-3071
-3914
-4265
-4445
-4819
-5009
-5314
-6042
-6669
-7435
-7701
-8178
-8690
-9103
-8967
-8744
-8762
-9524
-8896
-5333
-1980
532
-408
488
3041
6462
8591
8076
8376
9548
12244
12324
11771
9890
9078
8304
6359
5292
3920
3971
2588
43
-2700
-3644
-3600
-4605
-6208
-7548
-6718
-5042
-4337
-5193
-6188
-5221
-3680
-2467
-1523
-112
1928
3144
3621
3464
4147
5073
5218
4494
4311
6061
7492
7508
5703
4141
3742
3578
3110
2076
1681
1209
1144
864
438
-300
-1336
-1410
-767
453
1120
1238
766
454
434
605
327
-424
-969
-1178
-1003
-1633
-2913
-4432
-5325
-5516
-5711
-5868
-6498
-7069
-7619
-7918
-8065
-8111
-8638
-9251
-9211
-8764
-8218
-8664
-9127
-9431
-5784
-946
2566
2693
1780
4233
7420
11118
10786
10442
10996
13217
14606
12986
10908
8266
7440
5271
3743
2214
1552
673
-2344
-5504
-7712
-7260
-7015
-7769
-8711
-8347
-5715
-3720
-3265
-4021
-3403
-1024
1132
2844
4022
6027
7501
7812
7006
6431
6842
6734
5371
3264
3139
4291
4265
2458
130
-588
-451
-440
-1249
-1619
-1261
-594
105
538
1146
1200
1385
1853
2873
3571
3658
3423
2997
2672
2350
1703
311
-1302
-2667
-3249
-3831
-4786
-6105
-7229
-7601
-7815
-8315
-9118
-9406
-9251
-8646
-7944
-7202
-6930
-6890
-6814
-6356
-5815
-5270
-4764
-4868
-4454
-4338
-945
3400
6637
6470
4562
5948
8526
12047
11328
9795
9112
10506
11481
9298
6407
3202
2541
860
-279
-1721
-2317
-2631
-4813
-7035
-8485
-7225
-5822
-5438
-5698
-4732
-1276
1440
2125
825
868
3100
5224
6602
6785
7646
7758
7042
5506
4142
3630
2511
840
-640
42
1166
858
-820
-2172
-1717
-787
-204
-350
109
1347
2659
3500
3617
3639
3219
3003
2817
2839
2588
2221
1596
721
-81
-1044
-2069
-3830
-5288
-6095
-5867
-5606
-5902
-6631
-7373
-7338
-7494
-7537
-7569
-6994
-6093
-5385
-4838
-4538
-4216
-4397
-4801
-5118
-4921
-4920
-5365
-5640
-2840
1898
5141
4663
2614
3611
6579
9658
9128
7844
8061
9974
11077
9016
5963
3029
2141
1009
107
-733
-958
-1135
-2929
-5085
-6423
-5552
-4397
-4151
-4197
-2697
706
3258
3404
1732
1483
3248
5054
5832
5916
6571
6945
6365
4664
3090
1975
835
-582
-1271
-370
580
562
-418
-1046
-816
-282
-126
-288
139
1532
3118
3846
3571
2849
2210
1884
1500
1084
811
980
1041
342
-478
-1490
-2532
-3898
-5125
-5453
-4852
-4310
-4694
-5317
-5872
-6043
-6326
-6596
-6649
-6271
-5486
-4700
-4334
-4232
-4687
-5197
-5735
-5942
-5818
-6263
-6701
-6596
-3125
1284
4153
3422
1998
3430
6458
9249
8814
8198
8770
10944
11396
8916
5628
2896
2077
835
180
-528
-580
-1285
-3514
-5721
-6730
-5369
-4239
-3851
-3780
-2177
1219
3498
3511
1877
1987
3823
5554
6163
6085
6577
6688
6155
4423
2636
1076
-263
-1604
-2188
-1298
-84
284
-618
-1335
-1040
-83
331
337
1173
2906
4603
5048
4449
3449
2476
2072
1894
1879
1820
1726
1351
530
-660
-2131
-3365
-4457
-5075
-5121
-4546
-4407
-5347
-6439
-7072
-7060
-7101
-6938
-6603
-5856
-5027
-4524
-4344
-4563
-4835
-5123
-5211
-5137
-5471
-5778
-6397
-5697
-2012
2298
4847
3297
2256
3854
7635
9955
8927
7943
8507
11022
10705
7692
3689
1254
754
-83
-515
-1684
-2037
-3187
-5083
-6758
-7138
-5354
-3994
-3410
-3217
-1077
2543
4812
4428
2539
2853
4972
7097
7641
7147
7060
6905
6297
4190
1832
-179
-1273
-1920
-1882
-1008
-371
-515
-1561
-2052
-1627
-630
24
317
1261
2870
4183
4348
3604
2581
1804
1698
1925
2235
1943
1521
872
-122
-1401
-2973
-4212
-4965
-4919
-4699
-4601
-5141
-6181
-6976
-6879
-6323
-6092
-5913
-5246
-4228
-3392
-3271
-3633
-3744
-3658
-3451
-3561
-3706
-3907
-4594
-5265
-6020
-4221
-181
3415
4141
2264
2534
4908
8463
8842
7208
6350
7899
9924
8519
5372
1715
750
304
-83
-1216
-2299
-2546
-3601
-4864
-6094
-5253
-3626
-2663
-2572
-1868
1051
4417
5678
4197
2822
3945
6416
7901
7500
6784
6542
6365
5061
2669
406
-729
-1164
-1406
-1151
-606
-278
-947
-1692
-1929
-1260
-331
182
644
1545
2766
3288
2957
2100
1340
1201
1525
1833
1674
1345
878
168
-923
-2358
-3412
-4008
-4266
-4411
-4626
-4920
-5535
-6018
-6182
-5857
-5578
-5573
-5365
-4743
-4031
-3863
-3872
-3704
-3514
-3410
-3757
-4247
-4752
-5246
-5694
-5924
-3614
613
4082
4144
2426
2846
5363
8332
8069
6753
6685
8810
9861
7432
3834
567
-41
-561
-908
-2257
-2926
-2954
-4007
-5548
-6819
-5420
-3503
-2248
-1907
-421
3069
6102
6581
4698
3793
5456
7877
9079
8333
7435
6854
6150
4392
1746
-71
-870
-1254
-1898
-1816
-1217
-1254
-2093
-2867
-2471
-1333
-217
250
756
1893
3051
3487
3000
2466
2024
1975
2053
2073
1591
968
334
-716
-1870
-3063
-3876
-4504
-4714
-4907
-5393
-6055
-6645
-6758
-6364
-5619
-5376
-5418
-5165
-4497
-4150
-3897
-3582
-3170
-2778
-2986
-3323
-4070
-4418
-5309
-4585
-811
3583
5464
3291
2143
3204
6653
7962
6720
5453
6463
8763
7752
4594
467
-966
-1263
-1191
-1862
-2695
-2514
-3085
-4299
-5814
-5179
-3238
-1521
-995
-453
2114
5673
7398
5905
3717
4207
6550
8428
8386
7507
6607
5324
3598
1438
-49
-842
-1218
-1729
-1797
-1345
-1364
-2015
-2464
-1933
-553
760
1476
1691
2252
3267
3776
3324
2516
2049
1997
1937
1587
1026
430
-202
-1204
-2441
-3327
-3848
-4448
-5140
-5495
-5430
-5563
-6231
-7065
-7152
-6413
-5326
-4795
-4711
-4574
-4184
-3867
-3747
-3447
-3021
-2703
-3114
-3573
-4058
-4187
-4770
-3403
226
3746
4481
2337
1864
3384
6686
7401
6460
5948
7349
8601
6657
3613
601
198
91
-105
-1037
-1596
-1464
-2494
-3978
-5188
-4158
-2443
-1322
-976
-117
2624
5333
5887
3908
2472
3842
6274
7719
7273
6663
6039
4964
2858
546
-463
-368
-50
-523
-628
-714
-1001
-1803
-2195
-1418
5
1360
1673
1747
2159
2893
2979
2276
1688
1472
1642
1500
1024
134
-528
-843
-1393
-2306
-3329
-3922
-4347
-4713
-5016
-5307
-5481
-5747
-6110
-6411
-6128
-5511
-5037
-4741
-4761
-4456
-4106
-3504
-3607
-3737
-3954
-4057
-4244
-4603
-4849
-4605
-1205
2667
5012
3241
1468
2073
4940
7420
7045
6546
7162
9115
8185
4964
1530
154
591
399
0
-994
-856
-1265
-2728
-4356
-4747
-3022
-1597
-758
-208
1835
4739
6078
4746
2302
2477
4895
7020
7160
6359
5911
5318
3834
1228
-733
-1218
-733
-657
-721
-525
-652
-1440
-2159
-1739
-340
1150
2025
2084
2291
2962
3451
3113
2327
1871
1726
1824
1416
577
-548
-1132
-1416
-1817
-2516
-3543
-4384
-5038
-5355
-5560
-5751
-6102
-6606
-6931
-6835
-6492
-6426
-6366
-5912
-5380
-4943
-4679
-4391
-3994
-4044
-4302
-4941
-4917
-4957
-3811
117
4362
6494
4408
2756
2930
5537
7319
7111
7167
8276
9811
8102
4702
1228
60
212
207
-151
-863
-706
-1159
-2415
-4018
-4255
-2929
-1561
-659
2
2022
4646
5609
3830
1260
1328
3439
5469
5631
5234
5077
4727
3222
556
-1339
-1756
-595
298
749
728
536
-43
-602
-260
970
2472
3393
3650
3697
3838
3525
2816
2119
1881
1727
1434
944
61
-915
-1717
-2305
-2890
-3485
-4018
-4429
-4647
-5055
-5561
-6053
-6279
-6411
-6533
-6455
-6308
-5981
-5765
-5577
-5510
-5411
-5186
-4865
-4305
-4207
-4250
-4934
-5374
-5770
-3625
1306
5581
6928
4618
3548
4146
6705
7514
6955
7233
8805
9873
7373
3711
596
150
193
-306
-1235
-1530
-986
-1669
-3261
-4591
-4040
-2429
-1396
-1103
-337
2184
4770
4867
2432
292
1177
3327
4613
4286
4149
4624
4274
2152
-803
-1963
-1265
160
791
1172
1469
1276
419
-198
597
2415
3944
4411
4390
4664
4721
4004
2649
1776
1668
1727
1420
552
-292
-1042
-1706
-2661
-3667
-4281
-4287
-4170
-4387
-4960
-5378
-5726
-6348
-7027
-7143
-6625
-6144
-5951
-6077
-6325
-6397
-6281
-6146
-5678
-5169
-4618
-4901
-5359
-6155
-5441
-954
4100
7191
5817
4771
5167
7291
8446
7578
7426
8580
10559
8923
5252
1576
321
560
-160
-1325
-2401
-1669
-1432
-2642
-4325
-4535
-2782
-1555
-1255
-1086
1190
4474
5737
3971
1067
894
2669
4129
3784
3406
4051
4294
2747
-403
-2484
-2544
-1047
4
562
1060
1349
1150
576
851
2041
3567
4618
4947
5393
5794
5526
3962
2293
1480
1443
1410
818
219
-491
-1061
-2192
-3506
-4487
-4746
-4604
-4616
-4669
-4998
-5480
-6153
-6657
-7101
-7054
-6500
-6012
-5790
-5972
-6120
-6476
-6425
-6207
-5610
-5334
-5321
-5642
-5778
-5634
-4394
-128
4301
7016
5722
4733
5424
7785
9256
8356
7975
8650
10019
8371
4866
1429
118
205
-710
-1875
-2753
-1905
-1602
-2804
-4459
-4817
-3193
-1802
-1054
-423
1822
4699
5778
4070
1372
972
2416
3960
4064
3962
4280
3953
2075
-873
-2621
-2326
-480
684
1018
1066
1441
1685
1560
1733
2408
3677
4895
5623
5836
5692
4993
3553
2222
1499
1233
906
316
-202
-798
-1481
-2636
-3953
-4867
-5091
-4902
-4939
-5250
-5765
-6364
-6882
-7431
-7717
-7535
-7036
-6721
-6682
-6614
-6484
-6621
-6665
-6680
-6002
-5658
-5521
-6220
-5279
-653
4437
7422
5740
4991
6019
8927
10182
9111
8521
9225
10362
8118
4634
1450
652
341
-1108
-2889
-4176
-3139
-2459
-3023
-4411
-4696
-3066
-1405
-502
-27
2059
5260
6998
5642
2898
2300
3375
4127
3347
3003
3746
4045
2165
-1413
-3681
-3418
-1529
-814
-819
-722
241
1195
1370
1362
1584
2628
4047
5361
6570
7368
7083
5592
3873
2646
1996
1264
616
135
-152
-551
-2023
-3950
-5622
-5980
-5768
-5617
-5817
-6085
-6230
-6510
-7115
-7814
-7836
-7337
-6474
-5699
-5220
-5210
-5423
-5378
-5107
-4983
-4987
-5289
-5334
-5091
-4487
-1673
2356
5670
5713
4159
4148
6010
8522
8911
8127
7552
8219
8013
5888
2942
866
620
276
-542
-2040
-2433
-1587
-1283
-2138
-3205
-2548
-1001
226
366
1164
3211
5394
5596
3471
1817
1865
2815
2932
2442
2481
2806
2047
-199
-2265
-2438
-916
44
-183
-72
1132
2565
2895
2425
2068
2423
3483
4741
5735
6360
6187
5129
3697
2420
1410
453
-445
-1024
-1272
-1390
-1968
-3384
-5056
-6028
-6241
-6144
-6128
-6350
-6542
-6785
-6947
-7483
-7973
-8084
-7700
-7325
-7181
-7078
-6948
-6766
-6307
-6067
-6083
-6717
-5808
-1986
3231
6625
6112
5164
5508
8153
9625
9213
8072
8184
8896
7765
5347
2515
1226
-43
-1767
-3511
-3919
-2663
-1922
-2244
-3176
-3070
-1831
-487
299
1015
3065
5862
7708
6899
4911
3933
4213
4567
3514
2492
2155
2347
1464
-549
-2581
-3465
-3482
-3693
-3320
-1905
476
1989
2398
2304
2499
2953
3369
3985
5278
7023
8097
7808
6549
4896
2949
939
-486
-1107
-1191
-1314
-1983
-3218
-4719
-6007
-7102
-7832
-8140
-7927
-7397
-6578
-6296
-6883
-7697
-7997
-7994
-8052
-7684
-7101
-6138
-5825
-5698
-6013
-5985
-5918
-5028
-1561
2823
6282
6130
5648
5791
7707
8965
8499
7469
6959
7543
6593
4841
2656
1212
-130
-1920
-3460
-4357
-3470
-2232
-1472
-1674
-1675
-918
-156
675
1613
3735
6194
7666
7016
5123
4113
3975
3854
2690
1553
1237
1219
320
-1780
-3368
-3717
-3185
-3207
-3209
-2183
98
2295
3462
3936
4357
4942
5146
5025
5221
6259
7387
7686
6837
5385
3789
1991
204
-1330
-2237
-2636
-3167
-3981
-4910
-5696
-6619
-7514
-8370
-8638
-8431
-7805
-7098
-6966
-7056
-7349
-7610
-7790
-7725
-6962
-6477
-6089
-6444
-6508
-6771
-5719
-2314
1807
5211
5171
4780
4665
6829
8537
8637
7485
6576
6739
6032
5033
3252
2377
1042
-1072
-3415
-4850
-3811
-2307
-1183
-1423
-1602
-917
193
1203
1842
3417
5414
7228
7091
5883
5042
4936
4776
3116
1505
700
1050
820
-592
-2277
-3352
-3628
-4331
-4552
-3727
-1501
579
2139
3259
4270
5048
5211
5281
5578
6599
7568
8055
7620
6492
4946
3145
1472
7
-1159
-2276
-3185
-3883
-4486
-5200
-6201
-7200
-8179
-8711
-8890
-8645
-8136
-7261
-6549
-6378
-6708
-7199
-7364
-7014
-6598
-6232
-6290
-6271
-6424
-6007
-3274
567
4021
4263
3675
3698
5894
7943
8041
6813
5744
5937
5408
4490
3083
2537
1996
558
-1533
-3422
-3678
-3060
-2244
-1902
-1604
-886
113
1238
2110
3363
4601
5620
5539
4893
4749
5330
5736
4641
2872
1631
1286
664
-651
-1828
-2257
-2151
-2851
-3747
-3829
-2446
-711
619
1980
3490
4794
4967
4966
5269
6474
7542
8011
7832
7244
6377
4840
3132
1507
168
-1204
-2465
-3552
-4588
-5404
-6066
-6614
-7513
-8594
-9444
-9682
-9360
-8981
-8567
-8151
-7682
-7500
-7541
-7508
-7141
-6595
-6490
-6613
-6702
-4595
-833
3183
5016
4810
4656
5473
7436
7882
7184
5742
5396
4907
3989
2785
1951
1590
461
-1236
-3115
-3652
-3177
-2406
-2103
-2047
-1626
-803
464
1654
2972
4452
5793
6270
5579
4685
4574
5067
5070
4290
3321
2805
2196
802
-991
-2330
-2920
-3411
-4168
-4424
-3665
-2393
-1322
-362
1055
2812
4055
4570
4943
5799
6672
7249
7586
7817
7754
7051
5913
4615
3324
1630
-247
-2055
-3388
-4278
-4899
-5388
-6079
-6954
-8059
-9014
-9613
-9912
-9982
-9824
-9200
-8419
-7897
-7602
-7476
-7171
-7007
-6983
-7215
-6353
-3559
415
3788
4858
4994
5067
6439
7445
7578
6488
5578
5117
4403
3485
2273
1787
999
-88
-1833
-3097
-3229
-2688
-2247
-2443
-2326
-1793
-536
716
1884
3043
4107
5056
5030
4498
4027
4354
4724
4559
4063
3748
3840
3504
2464
843
-434
-1252
-2042
-2865
-3356
-3104
-2384
-1320
-122
1236
2269
2898
3212
3566
4259
5012
5748
6227
6599
6478
5976
5216
4509
3568
2181
449
-1246
-2454
-3484
-4406
-5183
-5776
-6405
-7309
-8291
-8983
-9365
-9670
-10050
-10139
-9823
-9045
-8435
-7706
-7135
-6634
-6665
-6784
-5561
-2831
567
2663
3824
4870
6770
8548
8942
7882
6336
5375
4530
3877
3152
2740
2379
1798
775
-633
-1727
-2449
-2651
-3081
-3479
-3617
-2951
-1666
-436
858
1900
2982
3323
3085
2583
2627
3090
3425
3395
3175
3435
3746
3868
3392
2761
2195
1709
976
-108
-1029
-1593
-1562
-1067
-105
934
1702
2225
2654
3118
3466
3783
4034
4506
4939
5210
5213
5170
5087
4551
3337
1696
170
-1234
-2517
-3904
-4939
-5724
-6353
-7028
-7561
-7723
-7815
-8200
-8889
-9266
-9248
-8883
-8437
-7876
-7014
-6269
-5800
-5736
-5127
-3716
-1701
-109
761
1708
3161
5228
6608
7001
6232
5388
4493
3727
2949
2525
2659
2862
2716
1925
1088
615
588
371
-339
-1204
-1686
-1483
-839
-130
419
821
1139
1071
832
683
937
1253
1218
938
1003
1645
2213
2283
1956
1971
2395
2759
2683
2249
1902
1549
1288
1066
1230
1615
2040
2259
2400
2556
2622
2687
2696
2842
2910
2935
3020
3297
3462
3195
2472
1487
433
-623
-1602
-2450
-3209
-3998
-4888
-5595
-5967
-6073
-6134
-6239
-6361
-6442
-6379
-6155
-5848
-5530
-5365
-5254
-5256
-5282
-5449
-5368
-4687
-3527
-2386
-1710
-949
184
1767
2925
3285
2900
2494
2271
2251
2365
2631
3104
3509
3732
3769
3766
3772
3625
3239
2626
2095
1627
1382
1211
991
683
236
-143
-551
-702
-745
-599
-552
-644
-799
-814
-616
-369
-147
83
522
1215
1951
2530
2855
2967
2947
2891
2955
3113
3359
3398
3127
2757
2598
2662
2630
2265
1710
1418
1622
2041
2346
2262
1847
1133
363
-328
-746
-1023
-1373
-1869
-2441
-2850
-3102
-3241
-3453
-3868
-4386
-4716
-4542
-3967
-3345
-3067
-3163
-3376
-3529
-3651
-3880
-4246
-4671
-5057
-5355
-5405
-4982
-4187
-3336
-2834
-2616
-2441
-1969
-1239
-481
175
777
1415
2028
2571
3018
3458
3802
3977
3917
3809
3878
4171
4433
4410
4030
3378
2659
2007
1410
920
599
433
381
382
355
252
13
-254
-463
-495
-281
40
305
419
579
799
1053
1277
1559
1907
2210
2378
2445
2614
2798
2717
2216
1692
1535
1814
2250
2488
2502
2293
1883
1304
639
179
-45
-160
-359
-579
-699
-701
-704
-919
-1370
-1952
-2438
-2725
-2748
-2626
-2422
-2246
-2254
-2458
-2681
-2825
-2926
-3096
-3494
-3941
-4273
-4302
-4166
-4021
-4053
-4298
-4722
-5063
-5034
-4647
-4074
-3542
-2978
-2260
-1333
-374
467
1108
1598
1953
2171
2338
2560
2859
3190
3399
3504
3594
3741
3883
3836
3572
3244
3106
3117
3031
2697
2147
1568
1103
721
457
369
361
345
259
137
81
98
98
45
53
339
888
1487
1863
1958
1894
1827
1820
1869
2041
2373
2810
3048
3021
2725
2319
1859
1303
634
113
-65
68
325
395
280
-7
-278
-584
-895
-1089
-1205
-1182
-1228
-1288
-1323
-1381
-1461
-1683
-2087
-2570
-3016
-3360
-3626
-3748
-3815
-3810
-3864
-4049
-4337
-4613
-4722
-4731
-4693
-4646
-4489
-4098
-3532
-2999
-2645
-2387
-2011
-1394
-654
-1
536
1099
1711
2215
2519
2668
2829
3010
3112
3094
3096
3282
3501
3667
3634
3438
3212
2923
2570
2184
1812
1498
1244
962
677
395
182
-49
-288
-397
-259
84
443
649
739
818
889
974
1214
1581
1908
2121
2364
2641
2990
3094
2780
2085
1422
1005
919
935
890
701
477
463
447
508
460
406
165
28
-103
-213
-262
-391
-546
-861
-1252
-1679
-2061
-2387
-2681
-2868
-3101
-3349
-3675
-3944
-4113
-4145
-4148
-4184
-4282
-4304
-4168
-3838
-3571
-3461
-3499
-3547
-3435
-3141
-2788
-2412
-1943
-1435
-817
-171
510
1062
1560
1925
2232
2453
2573
2665
2741
2822
2861
2815
2814
2868
2983
2957
2761
2475
2202
1961
1751
1508
1135
711
279
50
-52
6
81
217
381
611
875
1169
1502
1737
1875
1947
2105
2365
2647
2725
2647
2490
2225
1950
1668
1400
1165
895
675
507
457
372
329
235
168
127
141
191
191
216
16
-226
-570
-911
-1174
-1395
-1563
-1766
-2039
-2357
-2674
-2924
-3119
-3288
-3492
-3755
-3898
-3920
-3713
-3557
-3460
-3436
-3456
-3337
-3225
-3094
-3091
-3170
-3114
-2870
-2498
-2178
-1853
-1422
-830
-168
423
856
1241
1558
1750
1833
1829
1824
1888
1973
2116
2216
2233
2173
2024
1927
1801
1643
1467
1428
1427
1357
1232
1154
1140
1152
1153
1177
1372
1613
1808
2007
2275
2578
2767
2814
2827
2840
2820
2720
2546
2284
1909
1517
1198
987
838
715
526
397
337
233
161
59
41
5
-8
-45
-54
-4
-137
-375
-666
-852
-960
-1137
-1393
-1662
-1870
-1977
-2042
-2335
-2634
-2970
-3072
-3186
-3093
-3124
-3107
-3094
-3048
-2802
-2554
-2248
-2224
-2277
-2476
-2569
-2705
-2756
-2755
-2706
-2560
-2344
-1941
-1476
-982
-488
-100
174
400
621
789
1015
1140
1151
1009
989
1026
1077
1098
1022
1067
1208
1407
1721
2013
2192
2231
2267
2398
2580
2661
2556
2482
2481
2709
2852
2967
3046
3128
3183
3141
3000
2775
2522
2222
1918
1651
1497
1336
1076
893
670
552
409
313
165
120
209
83
155
42
-73
-288
-342
-434
-551
-845
-1203
-1561
-1674
-1637
-1655
-1811
-2135
-2375
-2383
-2373
-2567
-2763
-2952
-3040
-3045
-2996
-2823
-2569
-2422
-2345
-2343
-2275
-2251
-2352
-2582
-2910
-3210
-3368
-3356
-3099
-2756
-2465
-2062
-1521
-818
-59
532
825
984
1106
1228
1388
1395
1317
1129
1040
1024
1054
1191
1438
1790
2095
2319
2408
2525
2636
2689
2588
2345
2206
2209
2412
2648
2844
2861
2816
2765
2758
2781
2674
2487
2223
2037
1895
1802
1730
1590
1329
1045
832
770
775
750
543
319
255
257
268
253
222
43
-112
-336
-461
-510
-656
-876
-1264
-1507
-1679
-1691
-1818
-1987
-2209
-2432
-2539
-2646
-2693
-2758
-2836
-2922
-3087
-3177
-3206
-3127
-3090
-3233
-3387
-3567
-3747
-3912
-4239
-4454
-4442
-4040
-3420
-2913
-2249
-1426
-266
875
1739
2232
2431
2555
2646
2699
2563
2308
1963
1740
1708
1773
1870
1992
2187
2323
2276
2003
1721
1578
1402
1123
738
597
823
1208
1496
1661
1859
2167
2519
2832
2996
3065
3151
3153
3051
2923
2754
2470
2080
1616
1299
1053
1083
893
639
280
18
43
224
477
472
445
494
806
871
885
536
54
-427
-912
-1347
-1786
-2207
-2759
-3194
-3540
-3684
-3693
-3680
-3826
-4209
-4566
-4907
-5251
-5711
-6252
-6731
-6987
-7140
-7271
-7272
-6758
-5425
-3621
-2101
-813
599
2471
4707
6420
7295
7336
7058
6697
6205
5323
4071
2702
1560
849
283
-110
-336
-377
-494
-875
-1557
-2164
-2304
-2272
-2334
-2487
-2303
-1506
-192
1261
2530
3589
4574
5598
6580
7332
7635
7200
6353
5567
5026
4435
3698
2478
1055
-190
-1136
-1703
-2075
-2452
-2884
-2944
-2513
-1475
-358
483
1009
1372
1909
2552
3092
3084
2534
1637
794
126
-458
-1184
-2182
-3127
-3907
-4427
-4901
-5471
-6264
-7183
-8047
-8913
-9666
-10450
-11139
-11641
-11294
-9593
-6990
-4291
-1995
574
3612
6914
9555
10913
11027
10559
9783
8632
7175
5314
3389
1476
3
-1019
-1623
-1916
-2111
-2508
-3321
-4431
-5324
-5512
-5443
-5484
-5545
-4910
-3247
-893
1625
3781
5572
7195
8576
9622
10250
10328
9571
8192
6787
5752
4819
3625
1944
-16
-1584
-2702
-3391
-3926
-4409
-4706
-4620
-3774
-2381
-730
679
1778
2767
3772
4667
5116
4833
3952
2950
1822
937
136
-662
-1596
-2462
-3115
-3655
-4305
-5511
-7229
-9182
-10820
-12281
-13570
-14611
-14204
-11961
-8708
-5598
-2859
471
4577
8922
11948
13166
12855
12028
10957
9376
7175
4482
1965
-27
-1194
-1988
-2533
-2883
-3105
-3541
-4656
-6277
-7427
-7637
-7569
-7486
-7104
-5604
-2789
702
3923
6393
8395
10203
11428
11687
11023
9846
8130
5990
3945
2340
1160
2
-1421
-2933
-3926
-4222
-4132
-4105
-4150
-4018
-3437
-2011
-18
1903
3399
4322
4999
5787
6236
5912
4810
3501
2184
926
50
-521
-1071
-1852
-2770
-3692
-4508
-5423
-6967
-8947
-11129
-12996
-14577
-15123
-13422
-9812
-5856
-2839
189
4008
8691
12613
14415
13889
12278
10448
8580
6428
3768
771
-1863
-3348
-3858
-3977
-3912
-3767
-3987
-4593
-5871
-7012
-7292
-6708
-6276
-6077
-4859
-1953
1933
5526
8043
9439
10367
11176
11318
10409
8743
6332
3430
780
-1042
-2090
-3020
-4287
-5746
-6595
-6205
-4957
-3668
-2731
-2078
-1284
193
2226
4231
5381
5523
5141
4938
4934
4678
3673
2239
1016
171
-159
-185
-147
-635
-1647
-2950
-4228
-5711
-7453
-9614
-11743
-13608
-14163
-12074
-8007
-3523
-201
2810
6192
10369
13780
15248
13939
11342
8546
6038
3655
1228
-1340
-3891
-5387
-5921
-5535
-5083
-4469
-4421
-4882
-5954
-6682
-6279
-5013
-4041
-3528
-2117
755
4497
7754
9743
10199
10062
9705
8902
7407
5588
3165
349
-2038
-3545
-4141
-4515
-5158
-6271
-6886
-6364
-4716
-2752
-1022
96
962
2329
4136
5848
6428
5672
3964
2427
1384
468
-773
-2038
-2909
-3204
-2709
-1699
-710
-350
-766
-2005
-3636
-5206
-6845
-8971
-11104
-12826
-12216
-8809
-3372
1407
5009
8351
11969
15498
17427
16971
13829
10118
6099
2894
-270
-2621
-4950
-6471
-7064
-7077
-6373
-5463
-4222
-4093
-4569
-5789
-5890
-4522
-2373
-817
377
2473
5486
8727
10650
10978
9523
7650
5604
3662
1865
136
-2031
-4464
-5708
-5588
-4542
-4091
-4353
-5186
-5116
-3940
-2011
-29
1425
2450
3252
4596
6074
7198
6879
5285
2889
689
-1051
-2413
-3588
-4483
-4901
-4887
-4111
-3060
-2216
-2309
-3249
-4753
-6348
-7800
-9449
-10879
-12077
-11092
-7617
-2187
2553
6333
9728
12865
15951
17012
16235
12808
9373
5387
2421
-349
-2541
-4459
-5817
-6009
-6097
-5222
-4683
-3635
-3640
-3855
-4506
-4100
-2114
485
2653
4067
6273
8696
11098
11821
10887
8346
5715
3287
920
-1029
-2743
-4117
-5808
-6636
-6634
-5613
-4984
-5085
-5620
-5398
-3737
-1561
760
2434
3946
5007
6219
7035
7055
5928
3753
1199
-923
-2157
-3099
-3933
-4543
-4304
-3729
-2838
-2384
-2512
-3675
-5296
-7143
-8609
-9933
-11116
-12134
-11762
-8413
-3226
2311
5536
8589
10788
13620
14727
14285
11855
8570
5564
2218
302
-2008
-3226
-5154
-5794
-6461
-6547
-6268
-5589
-4582
-4489
-4148
-3860
-1217
2016
5208
6837
8370
10294
12009
12852
11480
9128
6038
3887
1687
-28
-1640
-3066
-4541
-5947
-6466
-6594
-6013
-6034
-6095
-5997
-4457
-2148
443
2867
4604
5787
6399
6858
6649
5767
3826
1358
-855
-1999
-2563
-3050
-3487
-3498
-3230
-3050
-3035
-3444
-4546
-6235
-8098
-9368
-10240
-10473
-10892
-9914
-6361
-1184
3720
6008
8357
9912
12475
13133
12277
9578
6647
4460
1834
548
-1448
-2940
-5389
-6399
-7450
-7825
-7869
-7477
-6491
-5868
-4462
-2986
703
4457
7754
8987
10069
11329
12129
12029
9721
7094
4122
2636
851
-230
-1019
-1855
-3124
-4750
-5389
-5890
-5605
-6254
-6646
-6666
-5021
-2499
229
2825
4485
5706
6067
6387
5844
4813
2782
548
-1076
-1725
-1816
-2109
-2072
-2028
-2034
-2557
-3219
-4272
-5603
-7393
-8858
-9924
-10106
-10115
-9330
-5991
-955
4401
6869
8964
10184
12090
12888
11994
9547
6178
3972
1206
-181
-1749
-2932
-5176
-6920
-8320
-9379
-9551
-9285
-8245
-7680
-6238
-4590
-628
3951
8079
10120
11122
12379
12811
13058
11132
8757
5452
3363
1263
-420
-1237
-2175
-3292
-5260
-6096
-6789
-6308
-6389
-6570
-6813
-5602
-3318
-735
1853
3518
4758
5097
5738
5519
5065
3519
1455
-261
-893
-860
-1318
-1763
-2418
-3097
-3995
-4665
-5657
-6738
-8067
-9047
-9864
-9829
-9618
-7952
-3945
1404
5677
7519
9814
11739
14321
14632
13412
10264
7540
5590
3340
1767
-378
-2559
-5701
-7633
-9292
-10306
-11065
-10968
-10207
-9091
-7183
-4915
-775
3326
6799
8288
9847
11356
12147
12103
10491
8570
6100
4582
2672
1171
-156
-1685
-3644
-5267
-5629
-5673
-5423
-5619
-5774
-5630
-4061
-1893
-12
1227
1881
2249
2371
2520
2215
1598
743
-246
-943
-734
-127
214
-152
-965
-2145
-3281
-4319
-5511
-6833
-7925
-8779
-9275
-9526
-9127
-6330
-1965
2837
5064
6776
8382
10713
12711
12706
11253
8431
6872
5290
4312
3089
1468
-1075
-3777
-5797
-7332
-8321
-8980
-8933
-8767
-7591
-6008
-2947
770
3995
6076
7177
8888
9780
10409
9732
8409
6455
4774
3659
2304
1227
-349
-2183
-4420
-5458
-5605
-4839
-4336
-4525
-5082
-4457
-2170
103
1422
1399
1162
965
966
602
-92
-1042
-1838
-2372
-2017
-1085
-336
-462
-1063
-1675
-2586
-3790
-5218
-6392
-7131
-7714
-8229
-8809
-8460
-5588
-1402
2888
4788
6288
7489
9239
10829
10823
9644
7174
5654
4445
4386
4361
3418
1162
-1534
-3808
-5524
-6649
-7634
-8296
-8732
-7975
-6466
-3424
64
2808
4636
5961
7985
9031
9994
9931
9061
7200
5432
4444
3514
2795
1246
-768
-3171
-4459
-4767
-4062
-3448
-3802
-4604
-4336
-2291
-50
1215
1217
785
412
116
-320
-867
-1690
-2633
-3418
-3096
-1862
-927
-1082
-1894
-2466
-3068
-3953
-5179
-6213
-6825
-7543
-8269
-9151
-7943
-4360
-23
2902
3784
5166
6384
8475
9242
8923
7173
5261
4052
3342
3949
4344
3714
1681
-232
-1799
-2817
-3698
-4591
-5719
-6313
-5987
-4706
-2224
131
1600
2254
3576
5267
6621
7725
7760
6949
5653
5282
4782
4095
3235
1887
-138
-2250
-3185
-3256
-2646
-2665
-3447
-3865
-2597
-556
754
1469
1747
1573
1017
258
-281
-792
-1482
-2831
-3552
-2770
-1525
-1313
-1970
-2566
-2850
-3447
-4289
-5309
-6000
-6565
-7290
-7937
-7828
-5169
-1678
1606
2680
3629
4530
5684
6629
6313
5439
3676
2685
1811
2080
2924
3378
2453
886
-438
-1177
-1591
-2292
-3173
-4133
-4197
-3619
-1939
-218
735
1094
1857
3434
4802
5706
5560
4967
4282
4298
3943
3424
2861
2256
1292
-107
-844
-1272
-1160
-1692
-2728
-3561
-3216
-1996
-1014
-390
143
501
495
198
-297
-571
-1161
-1867
-2596
-2125
-1104
-747
-1065
-1630
-1598
-1675
-1831
-2676
-3443
-4206
-5036
-5917
-6480
-4833
-2163
899
2252
3177
4290
5339
6206
5514
4488
2825
1651
599
243
694
1124
975
86
-766
-1312
-1466
-1652
-1825
-2265
-2397
-2069
-1115
120
596
673
883
1979
3513
4422
4558
3678
3136
3142
3323
2940
2205
1637
1106
431
9
-170
-158
-543
-1526
-2307
-2483
-1722
-1265
-905
-640
-253
-213
-632
-1029
-1230
-1393
-1959
-2610
-2711
-2047
-1563
-1722
-2430
-2853
-3016
-3074
-3278
-3405
-3653
-4077
-4707
-4929
-3210
-291
2675
3760
4464
5420
6559
7265
6677
5615
3998
2774
1392
551
445
651
207
-981
-2033
-2545
-2312
-1829
-1414
-1536
-1525
-1084
-210
856
1046
626
264
1015
2660
3868
4473
3748
2943
2386
2226
1904
1191
644
-135
-922
-1363
-1119
-578
-538
-1408
-2223
-2210
-1225
-446
-56
157
322
284
-393
-1122
-1548
-1714
-2055
-2596
-2603
-2162
-1759
-1907
-2524
-3296
-3960
-4360
-4583
-4583
-4764
-4957
-5522
-5152
-3007
222
3034
4022
4751
5541
6914
7792
7383
6226
4750
3902
2988
2296
1854
1159
37
-1423
-2468
-2869
-2667
-2234
-1876
-1444
-473
695
1880
2459
2255
1669
1298
2117
3219
4298
4134
3456
2837
2438
2154
1400
962
299
-367
-1315
-1773
-1721
-1461
-1786
-2813
-3622
-3547
-2610
-1829
-1260
-765
-132
212
1
-537
-939
-1088
-1298
-1619
-1791
-1768
-1845
-2217
-2912
-3612
-4030
-4378
-4551
-4736
-4882
-5297
-5669
-4893
-2769
145
2090
2993
3492
4546
5997
6885
6782
6023
5364
4860
4261
3815
3282
2297
582
-1403
-2823
-3362
-3095
-2838
-2589
-2030
-832
674
2014
2492
2285
1789
1857
2652
3754
4548
4347
3944
3443
3041
2404
1788
1308
846
223
-530
-1060
-1045
-911
-1336
-2416
-3289
-3437
-3074
-2663
-2350
-1822
-1180
-741
-966
-1345
-1408
-1137
-1072
-1018
-1140
-1165
-1430
-1927
-2676
-3360
-3750
-4199
-4436
-4723
-4833
-5364
-5474
-4787
-2617
-207
1502
2154
2285
3223
4223
5255
5088
4765
4395
4260
4176
3826
3449
2712
1542
-115
-1618
-2382
-2395
-2155
-1823
-1491
-813
345
1384
1978
1889
1718
2031
3042
4443
5153
5252
4888
4542
3878
2923
1760
866
254
-266
-899
-1360
-1223
-1046
-1169
-1925
-2451
-2620
-2448
-2347
-2388
-2254
-1884
-1700
-1817
-2019
-1834
-1418
-988
-639
-541
-513
-880
-1546
-2548
-3215
-3687
-3937
-4199
-4270
-4483
-4782
-4616
-3735
-1652
236
1716
1767
1944
2573
3625
4449
4235
4021
3594
3796
3789
3526
2933
2010
801
-676
-1879
-2437
-2382
-2138
-1971
-1634
-850
278
1228
1516
1186
999
1493
2746
4136
5025
5243
5118
4952
4603
3971
2973
2037
1013
42
-944
-1533
-1662
-1632
-1822
-2535
-2950
-2943
-2511
-2286
-2271
-2256
-2173
-1984
-2002
-2025
-1850
-1388
-924
-710
-606
-558
-697
-1201
-2020
-2752
-3123
-3119
-3186
-3222
-3405
-3392
-3307
-2665
-1292
133
1347
1376
1506
1743
2791
3649
3761
3559
3155
3501
3655
3683
3240
2379
1255
-204
-1343
-1984
-2074
-1945
-1927
-1815
-1274
-239
722
1059
756
392
538
1577
2801
3733
3919
3876
3951
4076
4107
3634
3009
2077
1128
110
-731
-1330
-1878
-2350
-2988
-3403
-3417
-3153
-2791
-2700
-2523
-2350
-1956
-1662
-1509
-1305
-994
-498
-192
23
10
-108
-388
-806
-1199
-1421
-1511
-1472
-1406
-1278
-1305
-1426
-1659
-1525
-1194
-831
-719
-734
-431
88
903
1374
1633
1673
1873
2180
2366
2312
1915
1319
754
285
-97
-411
-570
-540
-399
-51
341
801
1016
911
590
459
766
1289
1743
1946
2073
2239
2422
2538
2640
2746
2770
2518
2021
1343
810
403
43
-502
-1175
-1761
-2160
-2225
-2187
-2054
-1911
-1627
-1306
-1033
-776
-582
-374
-308
-379
-589
-865
-1055
-1229
-1371
-1566
-1626
-1461
-999
-477
-157
-42
-64
-133
-293
-757
-1487
-2200
-2625
-2596
-2326
-2056
-1962
-1931
-1702
-1294
-767
-384
-249
-290
-295
-25
337
710
893
985
1080
1271
1537
1745
1782
1568
1240
1099
1327
1787
2217
2531
2806
3030
3291
3441
3522
3546
3458
3167
2641
2180
1821
1658
1413
1009
439
-92
-433
-770
-1169
-1637
-1955
-1967
-1718
-1465
-1325
-1180
-967
-793
-741
-860
-1138
-1485
-1825
-2138
-2412
-2525
-2502
-2239
-1816
-1372
-1055
-928
-935
-1114
-1444
-1930
-2413
-2618
-2399
-1964
-1711
-1690
-1677
-1398
-860
-203
250
302
214
222
551
1120
1602
1763
1633
1598
1788
2045
2120
1905
1472
1047
815
864
1079
1356
1574
1776
2083
2434
2734
2822
2855
2848
2789
2500
2013
1583
1256
995
618
152
-145
-206
-168
-283
-571
-863
-929
-796
-694
-729
-883
-1006
-1029
-994
-911
-939
-1099
-1373
-1650
-1875
-2005
-2031
-1965
-1854
-1733
-1596
-1486
-1377
-1393
-1598
-1964
-2278
-2363
-2216
-1865
-1592
-1503
-1591
-1609
-1378
-929
-405
-78
83
215
509
1051
1646
2065
2144
1992
1849
1891
1993
1954
1666
1235
916
829
913
1003
1093
1175
1292
1438
1576
1766
1960
2148
2225
2177
1987
1691
1375
1050
703
314
-51
-324
-432
-504
-602
-706
-696
-555
-398
-304
-352
-389
-422
-411
-417
-458
-569
-721
-887
-1066
-1165
-1185
-1118
-1082
-1115
-1188
-1177
-1135
-1178
-1338
-1616
-1853
-1964
-1957
-1902
-1761
-1601
-1538
-1654
-1716
-1588
-1218
-764
-367
-84
129
482
882
1346
1662
1829
1759
1571
1479
1487
1430
1218
880
610
493
545
694
854
1018
1064
1144
1334
1721
2057
2128
1953
1719
1585
1464
1271
993
753
539
274
-6
-271
-418
-538
-588
-564
-474
-373
-311
-211
-104
-26
-91
-215
-334
-411
-546
-791
-1016
-1070
-966
-963
-1117
-1305
-1310
-1213
-1181
-1316
-1535
-1662
-1656
-1594
-1632
-1733
-1794
-1774
-1681
-1615
-1533
-1456
-1252
-912
-513
-105
284
686
1110
1563
1934
2161
2212
2093
1866
1711
1577
1418
1133
802
582
558
710
857
839
693
639
810
1160
1450
1434
1168
917
863
931
928
840
705
575
426
184
-83
-323
-461
-530
-555
-481
-314
-116
59
176
217
167
51
-78
-269
-513
-766
-940
-1014
-1126
-1309
-1526
-1613
-1551
-1427
-1338
-1338
-1324
-1324
-1322
-1396
-1532
-1697
-1904
-2096
-2191
-2047
-1709
-1362
-1151
-1003
-799
-442
26
454
800
1053
1297
1573
1819
2026
2066
1988
1901
1853
1802
1691
1602
1537
1598
1621
1526
1312
1174
1217
1315
1346
1254
1115
1005
943
916
941
975
1039
1001
863
598
272
-40
-277
-390
-485
-565
-628
-623
-477
-327
-181
-109
-119
-239
-458
-666
-837
-950
-1123
-1437
-1784
-2046
-2085
-1942
-1732
-1496
-1296
-1088
-944
-912
-1010
-1220
-1489
-1809
-2122
-2369
-2425
-2226
-1850
-1510
-1291
-1101
-837
-439
-20
312
534
707
853
1004
1195
1420
1623
1750
1877
2043
2226
2348
2355
2310
2200
2031
1734
1489
1301
1180
1089
1011
1037
1159
1246
1213
1190
1189
1240
1138
889
552
275
124
6
-86
-216
-302
-434
-499
-506
-443
-376
-353
-355
-370
-334
-352
-427
-584
-801
-1062
-1304
-1516
-1640
-1681
-1614
-1438
-1176
-867
-659
-577
-622
-741
-951
-1203
-1481
-1758
-1971
-2131
-2207
-2161
-1913
-1582
-1282
-1076
-853
-568
-229
98
290
381
424
497
626
866
1198
1549
1859
2117
2376
2568
2633
2459
2112
1718
1323
973
667
534
541
701
927
1141
1277
1339
1290
1111
843
565
350
219
164
93
15
-57
-48
2
24
4
-35
-66
-60
-40
19
51
5
-153
-353
-496
-573
-642
-766
-931
-1044
-1020
-897
-782
-712
-680
-704
-751
-820
-919
-1029
-1130
-1239
-1433
-1670
-1853
-1933
-1905
-1819
-1716
-1630
-1541
-1443
-1252
-967
-652
-406
-230
-82
160
536
923
1315
1632
1914
2158
2313
2355
2196
1898
1497
1145
904
807
815
875
980
1117
1279
1364
1324
1113
829
559
351
215
104
72
116
214
297
334
316
270
233
182
132
71
14
-36
-144
-253
-313
-295
-232
-223
-219
-243
-284
-329
-404
-507
-675
-815
-953
-1050
-1039
-961
-855
-817
-871
-948
-993
-994
-1014
-1134
-1377
-1655
-1816
-1806
-1676
-1604
-1574
-1525
-1324
-1006
-618
-247
64
344
662
1054
1436
1708
1772
1713
1597
1511
1394
1205
1035
908
874
891
959
1048
1090
1029
888
739
659
581
416
194
-7
-75
2
172
343
461
524
527
511
525
576
571
479
321
151
35
-3
9
31
57
54
43
30
9
-50
-169
-352
-576
-800
-966
-1018
-952
-836
-776
-787
-781
-735
-668
-619
-659
-814
-1022
-1252
-1453
-1577
-1661
-1700
-1705
-1641
-1474
-1228
-902
-550
-175
233
631
966
1217
1381
1446
1450
1404
1312
1187
1086
995
903
851
836
813
764
638
500
391
367
355
302
210
168
170
191
206
240
336
459
548
568
573
563
555
496
399
274
176
114
57
50
77
100
113
101
57
-48
-183
-349
-543
-740
-896
-939
-880
-804
-762
-733
-711
-648
-573
-569
-632
-717
-840
-950
-1008
-1072
-1143
-1234
-1320
-1371
-1348
-1248
-1047
-790
-495
-187
120
421
712
972
1167
1302
1366
1378
1340
1303
1236
1135
997
854
724
590
463
331
219
137
100
111
161
239
315
380
427
490
524
526
525
530
538
544
527
478
402
295
172
58
-10
-57
-90
-119
-93
-15
49
84
62
-32
-203
-399
-559
-657
-686
-732
-780
-767
-732
-688
-646
-618
-625
-661
-732
-823
-907
-991
-1051
-1100
-1149
-1162
-1142
-1096
-1035
-919
-734
-501
-250
-52
127
300
530
747
962
1137
1232
1292
1298
1266
1167
1042
867
658
444
258
137
39
-4
-4
39
120
238
377
517
627
704
762
782
766
709
653
613
583
542
486
404
330
228
124
62
17
-28
-44
-22
13
50
73
61
-11
-126
-287
-465
-623
-750
-813
-870
-889
-887
-855
-813
-784
-776
-799
-845
-891
-940
-988
-1015
-1018
-981
-937
-854
-793
-745
-700
-616
-488
-351
-177
0
167
310
464
637
816
978
1089
1131
1115
1034
909
779
626
452
286
162
68
55
110
160
245
361
473
547
634
725
760
768
747
699
648
589
504
428
362
318
273
219
181
146
128
123
143
152
167
184
178
143
78
-21
-165
-337
-505
-671
-796
-861
-866
-854
-860
-871
-847
-810
-768
-776
-835
-911
-956
-963
-937
-880
-844
-792
-740
-659
-555
-445
-352
-273
-204
-120
-3
108
211
311
424
527
623
695
750
770
750
697
614
520
453
410
372
357
355
339
353
405
476
543
584
603
616
636
640
611
532
441
358
317
317
303
286
253
244
260
298
327
330
294
267
262
260
215
131
7
-129
-254
-378
-481
-588
-660
-710
-734
-732
-712
-688
-680
-691
-731
-786
-827
-840
-834
-824
-814
-788
-744
-684
-611
-544
-502
-512
-514
-500
-456
-392
-307
-228
-153
-52
69
206
322
408
460
493
514
536
589
604
595
595
577
569
608
655
668
672
660
636
608
572
519
473
430
414
409
436
469
475
460
432
421
391
374
355
334
317
332
318
273
222
155
74
-32
-136
-248
-349
-420
-460
-476
-477
-466
-471
-486
-497
-513
-550
-595
-650
-700
-743
-751
-746
-725
-689
-652
-631
-638
-641
-655
-646
-661
-663
-658
-664
-634
-551
-417
-282
-148
-43
56
164
283
393
457
521
550
557
581
612
636
659
693
697
685
662
604
539
468
420
417
426
468
531
587
628
655
661
662
616
540
483
447
414
412
397
341
265
170
99
17
-66
-153
-259
-359
-389
-400
-388
-380
-393
-417
-447
-466
-446
-429
-457
-489
-525
-552
-565
-574
-580
-603
-654
-672
-678
-673
-643
-624
-640
-681
-701
-704
-673
-612
-548
-491
-400
-262
-90
70
182
256
331
418
518
602
663
701
715
744
766
781
751
688
599
513
458
452
467
477
469
477
509
562
602
603
576
540
514
500
482
455
383
294
188
96
23
-55
-139
-229
-296
-325
-316
-295
-296
-324
-375
-417
-428
-433
-419
-416
-407
-408
-397
-382
-386
-407
-466
-541
-613
-662
-693
-718
-734
-752
-772
-770
-751
-729
-705
-696
-670
-610
-510
-383
-232
-99
5
117
239
361
490
598
696
773
849
906
927
920
886
824
752
693
657
636
610
582
558
551
530
515
497
463
442
428
435
442
449
444
386
306
191
77
-20
-92
-143
-188
-209
-220
-214
-198
-194
-230
-284
-330
-377
-410
-416
-409
-403
-393
-382
-378
-386
-421
-492
-575
-637
-684
-718
-751
-792
-816
-834
-825
-792
-763
-752
-729
-673
-575
-444
-319
-204
-115
-14
93
219
329
416
500
583
681
757
823
839
837
822
806
781
755
737
722
718
706
697
663
625
564
504
460
443
418
394
378
366
335
268
175
48
-65
-169
-239
-281
-296
-306
-285
-248
-234
-225
-239
-275
-298
-308
-315
-335
-346
-345
-341
-338
-344
-379
-421
-479
-526
-563
-600
-648
-700
-750
-786
-783
-772
-764
-758
-738
-702
-615
-514
-396
-278
-172
-56
70
206
327
425
483
554
623
686
737
746
747
733
730
721
717
704
680
659
660
668
666
630
568
523
480
457
423
375
340
297
277
251
205
133
33
-67
-148
-211
-253
-283
-298
-306
-302
-287
-280
-266
-269
-247
-244
-228
-216
-205
-186
-205
-242
-306
-348
-393
-419
-460
-494
-520
-570
-601
-634
-653
-675
-697
-710
-725
-710
-678
-620
-549
-462
-360
-241
-108
41
172
295
392
480
559
626
683
715
724
713
707
704
699
684
655
621
588
564
550
524
476
429
399
380
355
333
314
280
251
228
194
156
112
56
-6
-64
-115
-162
-213
-248
-286
-308
-325
-307
-273
-247
-222
-204
-166
-127
-96
-96
-127
-180
-244
-302
-351
-396
-451
-506
-550
-575
-581
-588
-603
-623
-651
-667
-667
-657
-644
-616
-567
-487
-377
-254
-127
-11
120
213
312
410
489
560
626
687
722
749
765
770
768
761
736
696
658
622
587
533
476
432
381
340
308
281
258
235
204
184
152
127
74
11
-49
-104
-153
-197
-241
-287
-327
-358
-354
-346
-329
-317
-302
-279
-238
-194
-173
-171
-214
-261
-313
-344
-379
-424
-482
-535
-565
-565
-546
-536
-540
-549
-543
-523
-493
-467
-434
-400
-342
-261
-170
-72
22
114
193
267
337
405
480
548
629
680
737
775
802
837
842
828
792
757
720
671
610
530
441
351
290
235
177
139
101
78
64
48
24
-8
-55
-105
-148
-189
-227
-269
-310
-345
-353
-350
-337
-330
-334
-331
-317
-289
-268
-257
-260
-297
-332
-359
-382
-413
-453
-486
-519
-530
-529
-512
-499
-495
-491
-477
-455
-425
-390
-346
-282
-214
-140
-63
4
69
134
192
247
296
340
394
444
495
551
614
670
709
744
768
780
783
787
784
775
730
665
588
494
415
326
249
169
111
78
43
16
-18
-51
-93
-134
-188
-232
-276
-319
-355
-384
-393
-400
-378
-354
-326
-314
-292
-264
-237
-225
-238
-261
-290
-308
-334
-349
-374
-403
-427
-435
-433
-431
-440
-449
-466
-465
-449
-435
-408
-371
-310
-236
-143
-55
29
96
150
198
244
282
303
329
346
373
400
434
472
509
539
559
569
581
602
621
640
637
620
578
523
462
404
336
271
215
177
154
127
103
60
12
-41
-93
-141
-192
-242
-292
-329
-348
-348
-332
-312
-295
-273
-249
-220
-202
-191
-191
-210
-228
-252
-263
-280
-305
-330
-355
-363
-367
-365
-371
-381
-402
-414
-421
-413
-396
-369
-339
-291
-224
-145
-64
2
64
114
165
210
253
288
315
340
358
375
384
390
396
392
389
389
403
406
420
430
441
436
408
374
339
303
271
241
214
191
177
159
137
106
67
25
-21
-61
-100
-133
-167
-190
-209
-215
-207
-189
-175
-156
-146
-135
-137
-149
-168
-194
-218
-240
-245
-264
-274
-293
-298
-304
-304
-306
-316
-332
-351
-350
-352
-336
-322
-292
-259
-212
-159
-107
-57
-19
17
49
81
116
153
192
226
256
275
290
289
281
262
243
231
228
239
246
256
268
278
279
268
255
244
230
220
212
202
199
192
188
170
148
121
99
73
46
17
-7
-32
-55
-80
-101
-113
-116
-112
-105
-98
-97
-101
-122
-149
-180
-210
-232
-253
-258
-250
-236
-222
-208
-197
-197
-200
-216
-219
-223
-213
-200
-182
-157
-128
-89
-56
-24
-7
8
21
37
51
68
90
115
143
160
173
179
177
162
142
116
93
76
62
53
47
45
44
48
55
65
78
92
109
125
148
163
168
163
151
142
131
119
102
84
70
57
43
23
0
-25
-41
-55
-55
-56
-55
-60
-69
-78
-100
-117
-145
-161
-174
-169
-156
-140
-122
-107
-91
-87
-91
-102
-120
-130
-130
-122
-105
-86
-57
-34
-7
7
20
24
25
24
25
36
49
68
81
96
108
121
119
112
92
73
53
33
12
-13
-33
-52
-64
-64
-57
-40
-17
12
49
85
129
153
170
168
165
157
150
144
133
128
115
107
91
79
62
43
24
4
-8
-25
-35
-57
-76
-101
-126
-150
-173
-179
-181
-170
-158
-137
-121
-98
-86
-75
-76
-85
-96
-109
-107
-97
-74
-55
-34
-15
7
26
34
32
25
18
16
16
15
15
14
20
28
38
45
51
51
43
31
11
-14
-40
-69
-88
-101
-101
-86
-62
-25
18
61
106
136
168
180
192
190
190
183
174
170
164
157
146
128
110
92
74
55
34
22
10
1
-17
-44
-72
-104
-123
-144
-152
-159
-157
-150
-141
-123
-108
-92
-86
-77
-80
-80
-85
-87
-82
-71
-59
-44
-26
-10
8
18
27
25
30
32
32
31
22
17
10
11
9
8
5
-3
-5
-17
-25
-48
-68
-92
-110
-122
-126
-117
-100
-71
-34
8
44
78
103
123
134
136
136
131
133
134
138
140
143
144
140
130
117
100
94
87
81
68
50
24
4
-18
-35
-54
-61
-68
-69
-71
-77
-70
-66
-53
-52
-49
-55
-55
-53
-57
-56
-56
-56
-51
-38
-30
-17
-12
-8
-8
-4
0
0
3
0
-1
-7
-15
-22
-31
-40
-51
-55
-63
-64
-71
-83
-94
-107
-110
-114
-109
-98
-84
-56
-25
13
46
71
89
96
107
105
111
105
106
99
96
100
100
110
115
119
116
111
103
96
84
67
40
21
2
-13
-18
-24
-26
-27
-33
-39
-43
-45
-48
-50
-53
-56
-53
-53
-52
-54
-52
-53
-51
-44
-46
-43
-41
-35
-29
-23
-18
-15
-14
-8
-2
3
4
-3
-6
-19
-29
-40
-51
-58
-61
-67
-69
-69
-69
-72
-72
-69
-65
-47
-31
-9
13
40
58
73
88
91
98
100
100
98
101
102
108
115
120
118
115
110
103
100
85
69
49
33
20
13
4
-4
-11
-15
-19
-23
-28
-39
-45
-55
-60
-70
-72
-75
-71
-67
-63
-61
-60
-56
-56
-55
-54
-49
-45
-41
-41
-37
-31
-20
-10
-5
-1
-5
-8
-13
-18
-23
-36
-44
-57
-58
-61
-58
-61
-61
-57
-56
-50
-49
-43
-35
-17
0
22
32
44
54
62
75
81
90
94
104
114
124
129
135
135
135
129
121
109
92
77
61
53
42
34
19
10
2
1
-2
-4
-11
-18
-24
-31
-34
-42
-42
-50
-47
-48
-45
-46
-48
-53
-60
-61
-67
-65
-66
-59
-54
-44
-38
-34
-28
-28
-22
-25
-21
-25
-27
-33
-42
-50
-63
-68
-79
-81
-87
-86
-85
-82
-74
-64
-49
-38
-25
-19
-6
5
21
34
44
53
60
71
81
93
103
110
118
124
130
130
126
114
100
86
70
61
48
41
30
25
20
19
18
15
11
2
-1
-5
-4
-5
-5
-4
-4
0
1
3
-2
-5
-13
-19
-23
-30
-33
-39
-40
-41
-38
-36
-35
-33
-35
-33
-34
-29
-32
-34
-43
-56
-68
-81
-90
-100
-102
-107
-103
-99
-89
-78
-67
-57
-48
-38
-32
-22
-11
0
12
25
39
49
60
66
73
76
85
91
100
103
103
98
93
84
75
64
53
43
32
29
24
28
28
30
30
29
29
30
33
32
33
29
29
25
25
22
19
18
14
12
8
5
0
-5
-9
-12
-14
-18
-21
-29
-32
-40
-44
-49
-53
-56
-61
-65
-73
-79
-88
-95
-101
-106
-107
-106
-103
-96
-86
-78
-68
-60
-53
-45
-36
-24
-14
2
14
26
34
40
44
47
50
53
57
57
59
59
59
59
56
54
48
45
39
38
38
38
38
39
41
42
45
46
49
49
51
48
47
43
40
38
36
34
33
35
35
35
35
33
31
29
27
23
18
12
5
-4
-13
-22
-33
-44
-55
-66
-78
-87
-96
-104
-109
-112
-113
-114
-112
-108
-101
-93
-83
-73
-63
-51
-40
-28
-16
-4
7
15
22
29
33
38
39
41
42
39
36
33
27
21
16
14
11
11
12
13
14
17
20
22
26
30
34
40
45
51
57
60
60
61
60
57
55
50
48
46
46
44
41
38
36
32
29
25
19
13
6
-2
-9
-18
-26
-36
-45
-54
-65
-75
-84
-92
-97
-99
-100
-98
-95
-89
-80
-72
-62
-53
-42
-34
-24
-15
-6
3
11
19
26
33
38
41
43
42
40
37
31
24
17
9
5
0
-2
-4
-5
-4
-3
-2
0
1
5
8
14
19
25
31
38
43
48
52
53
55
53
52
51
49
47
44
42
39
37
34
32
28
25
20
14
6
-2
-10
-18
-27
-35
-42
-48
-53
-59
-65
-69
-73
-75
-76
-75
-73
-68
-62
-54
-46
-39
-33
-27
-21
-16
-11
-4
2
8
15
21
26
28
29
28
24
20
14
9
6
2
1
0
0
0
-1
-1
-2
-3
-2
-1
1
4
9
13
18
24
29
33
36
40
42
45
47
47
48
47
46
44
42
40
38
36
33
29
26
20
15
8
1
-6
-14
-20
-26
-31
-35
-39
-42
-45
-48
-49
-50
-50
-50
-48
-47
-45
-43
-40
-38
-35
-32
-28
-25
-21
-16
-12
-7
-4
-2
-2
-1
-2
-4
-4
-5
-4
-3
-2
0
2
6
6
8
9
11
12
15
17
20
23
24
27
28
30
31
32
32
32
34
34
35
35
35
35
35
34
32
31
30
28
25
23
19
15
11
7
0
-4
-11
-16
-21
-25
-27
-29
-30
-31
-33
-33
-34
-35
-35
-35
-34
-34
-33
-31
-30
-28
-28
-26
-25
-24
-23
-22
-20
-18
-18
-17
-18
-18
-16
-15
-14
-12
-10
-8
-4
-1
3
6
10
13
17
20
24
27
29
31
33
33
33
33
33
33
33
32
32
30
30
29
28
26
26
25
26
26
27
26
25
23
22
19
18
13
11
6
1
-4
-8
-12
-15
-18
-21
-22
-23
-25
-25
-26
-27
-29
-29
-30
-30
-29
-28
-27
-26
-25
-24
-22
-23
-21
-21
-20
-20
-19
-20
-19
-20
-18
-18
-17
-15
-13
-11
-8
-8
-4
-2
0
3
6
10
12
16
18
20
20
21
20
20
20
21
21
21
21
22
22
20
20
18
17
17
18
19
20
21
21
20
20
19
17
15
14
11
8
4
3
-1
-2
-6
-5
-8
-9
-10
-11
-12
-13
-15
-16
-17
-18
-17
-18
-16
-16
-14
-13
-13
-12
-12
-12
-12
-11
-11
-11
-10
-10
-9
-10
-9
-10
-9
-9
-7
-7
-6
-7
-4
-4
-4
-2
-1
0
2
3
4
3
4
4
5
6
7
9
9
10
11
12
12
12
13
12
13
14
15
15
15
14
12
11
10
9
7
5
4
2
0
1
-2
-1
-2
-2
-4
-4
-3
-3
-3
-5
-3
-5
-3
-6
-2
-3
-1
-1
-1
-1
-2
-2
-3
-3
-4
-4
-4
-4
-4
-6
-5
-7
-7
-8
-6
-7
-6
-7
-7
-7
-7
-6
-6
-6
-5
-5
-4
-5
-2
-4
-2
-2
-2
0
1
2
3
4
4
7
7
9
11
11
13
12
13
10
11
9
8
8
5
5
3
4
0
1
-2
-1
-3
-4
-4
-6
-4
-7
-5
-7
-4
-5
-3
-3
-3
-2
-1
1
2
3
1
3
1
2
1
2
1
1
1
-1
-1
-3
-1
-3
-2
-3
-2
-2
-1
-1
-2
-2
-3
-3
-4
-2
-2
-2
-2
-1
0
-1
1
-1
1
1
2
2
2
2
2
5
3
6
3
6
4
5
3
3
2
1
2
-1
1
-2
-1
-3
-3
-4
-4
-6
-5
-6
-7
-6
-7
-5
-6
-4
-4
-2
-3
-1
0
2
3
3
4
3
5
2
4
3
5
2
4
2
2
1
2
0
2
1
2
0
0
1
-1
0
-1
1
-1
1
0
0
0
1
-1
1
0
0
1
-1
1
-1
1
0
2
0
2
2
1
1
-1
1
0
0
-2
0
-1
-1
-1
-1
-2
-2
-1
-4
-3
-4
-3
-4
-3
-5
-2
-4
-4
-3
-2
-1
-1
-1
0
0
1
0
3
0
4
1
3
1
2
2
1
0
2
0
2
0
0
0
-1
0
-1
1
-2
1
0
2
0
4
0
3
0
3
1
1
3
0
3
0
4
0
4
2
3
4
2
4
2
4
2
3
1
1
2
-1
3
-1
2
-2
1
-2
-1
-1
-4
0
-4
-2
-4
-3
-5
-3
-4
-3
-3
-4
-1
-3
0
-4
0
-2
0
0
-1
2
-2
3
-3
2
-1
1
-1
0
0
1
0
1
0
-1
2
-2
3
-2
4
-2
3
0
1
2
0
3
-1
2
0
1
1
1
3
1
2
1
1
3
2
2
2
0
3
0
1
0
1
1
0
1
-2
2
-2
1
-2
-1
-1
-2
-1
-2
-2
-3
-2
-3
-2
-1
-2
-1
-1
-2
-2
-2
-3
-1
-2
-1
-1
-2
1
-2
1
-2
1
-2
1
0
1
1
0
1
0
2
0
2
0
2
1
1
2
2
2
1
2
1
0
1
1
0
1
0
1
-1
2
1
0
1
0
1
0
2
-1
1
0
2
-1
1
-1
1
0
0
0
-1
1
-1
0
-1
0
-1
-2
-1
-2
1
-1
-1
-1
-1
0
-1
-1
-3
0
-3
-1
-2
-1
-1
-1
0
-1
0
-2
1
-1
1
0
0
1
-1
1
-1
0
0
1
1
1
2
1
0
1
1
1
0
2
0
1
0
2
0
0
2
0
3
-3
4
-4
3
-3
2
-1
0
2
-2
3
-5
4
-4
3
-3
1
-1
0
1
-2
2
-2
1
-2
1
-1
0
0
-1
-1
-1
0
-1
0
-2
1
-3
1
-3
0
-2
0
0
-2
1
-3
1
-3
1
-2
1
-1
0
1
0
2
-1
2
1
2
1
0
3
-2
4
-2
4
-1
2
0
1
2
-2
3
-2
3
-2
2
-1
-1
1
-2
2
-2
3
-2
2
-2
0
-1
0
-1
-1
0
-2
0
-1
0
1
-2
2
-2
3
-3
2
-3
1
-1
-1
0
-2
1
-2
1
-2
0
-2
-1
0
-1
0
0
-1
1
-2
1
-2
1
-1
0
-1
0
1
-1
2
-2
3
-1
2
0
1
1
0
2
-1
2
-1
2
-1
1
1
0
1
-1
2
-1
1
-2
1
0
0
1
-1
2
-1
1
-2
2
-1
0
0
-1
2
-3
3
-2
2
-2
1
0
-1
0
-1
0
-2
2
-1
1
-1
-1
-1
0
0
-1
1
-2
0
-3
0
-1
0
0
0
0
-1
1
-1
0
-1
0
-1
0
-1
0
1
0
0
0
1
0
2
0
1
1
0
0
1
0
0
1
0
1
1
0
0
0
0
0
1
0
0
0
0
0
1
0
0
-1
1
0
-1
0
-1
0
0
1
0
0
0
1
-1
0
0
0
-1
0
0
0
-1
0
-1
0
-1
0
0
-1
0
0
-1
-1
0
0
0
-1
0
0
1
0
0
0
0
1
0
0
0
0
0
0
0
0
0
0
1
1
0
0
0
0
1
0
0
1
0
-1
0
-1
0
0
0
1
0
0
0
0
-1
0
0
0
-1
1
1
0
0
1
0
-1
0
1
1
0
-1
0
0
1
0
0
-1
0
-1
-1
0
0
0
0
0
-1
0
0
-1
0
0
0
0
0
0
1
0
0
0
0
-1
0
0
0
1
0
0
0
0
0
1
1
0
0
-1
0
0
1
0
0
0
0
0
1
0
0
-1
0
0
0
0
0
0
0
0
0
0
0
0
0
0
0
0
0
1
0
0
0
0
0
0
-1
0
0
0
0
1
0
0
1
0
0
0
1
-1
0
-1
0
0
0
0
0
0
0
0
0
0
1
0
1
0
1
0
0
0
0
0
-1
0
0
0
1
0
0
0
1
0
0
0
0
0
0
0
0
0
0
1
0
0
0
-1
0
0
-1
0
0
0
-1
0
0
0
-1
0
-1
0
-1
1
0
0
0
0
0
1
0
1
0
0
0
0
0
0
0
0
0
0
0
0
0
0
-1
0
0
0
0
0
0
0
0
0
0
-1
0
0
1
0
0
-1
0
0
0
0
0
0
0
0
-1
0
1
0
0
0
0
1
0
0
0
0
0
-1
0
0
-1
0
0
0
0
0
0
0
0
0
0
0
1
1
1
1
0
0
-1
1
0
0
0
0
0
0
0
0
0
0
0
0
1
0
0
1
0
1
0
0
1
0
0
0
0
1
0
0
-1
0
0
1
1
0
0
-1
0
-1
-1
0
0
0
1
1
0
-1
0
1
0
0
0
0
1
0
1
-1
0
1
0
0
0
-1
0
0
0
1
0
-1
0
-1
-1
0
0
1
0
0
0
1
1
0
0
1
1
-1
0
-1
0
0
0
1
0
0
0
0
-1
0
0
-1
0
0
-1
-1
1
0
0
0
0
-1
0
1
0
0
0
-1
1
0
1
0
1
-1
0
0
0
-1
0
0
0
0
0
0
0
0
0
0
0
0
0
0
0
0
0
1
0
0
0
0
1
0
0
0
0
0
0
0
0
0
0
0
0
0
0
0
0
0
0
0
0
1
0
0
0
0
-1
0
0
1
0
0
0
0
0
-1
0
0
0
0
0
0
-1
0
0
-1
0
0
0
-1
0
0
0
0
-1
0
0
0
0
0
0
0
0
0
0
0
0
0
0
0
-1
0
0
0
-1
0
-1
0
-1
0
0
0
0
1
0
0
0
0
-1
1
0
0
0
0
0
1
0
0
0
0
0
0
1
0
0
0
0
-1
0
-1
0
0
0
0
0
0
0
0
0
0
0
0
0
0
0
0
0
1
0
1
1
0
1
0
0
0
0
0
1
0
1
0
0
0
1
0
0
-1
0
0
1
0
-1
0
0
0
0
-1
-1
1
0
0
1
0
0
1
0
0
0
-1
1
0
0
0
0
0
0
-1
0
0
0
0
0
0
0
0
0
0
0
0
0
0
0
0
0
0
0
0
-1
0
-1
0
-1
0
0
0
0
0
-1
0
-1
1
0
0
0
0
0
-1
0
-1
0
-1
0
0
0
0
-1
0
-1
0
1
0
0
0
0
0
0
1
0
0
0
0
0
0
-1
0
0
0
0
0
0
0
0
1
0
1
1
0
0
0
0
0
0
0
0
0
0
1
0
1
0
0
0
0
0
0
0
1
0
0
0
1
0
1
1
0
0
0
0
-1
0
0
1
0
0
0
0
0
0
0
0
0
0
0
0
0
-1
0
0
0
0
0
0
0
0
0
-1
0
1
0
0
0
0
0
0
0
-1
1
0
0
0
1
0
1
0
0
0
0
0
0
0
-1
0
1
0
0
0
1
0
0
0
0
-1
1
1
0
0
1
0
0
0
0
0
0
0
0
-1
0
0
0
0
1
0
0
0
0
0
0
-1
-1
1
0
0
1
0
0
-1
0
-1
1
0
1
0
0
0
0
1
-1
0
0
0
0
0
0
0
0
0
0
0
0
0
0
-1
0
0
0
0
1
0
0
0
0
0
0
0
0
-1
0
0
0
-1
0
0
1
0
-1
0
0
0
0
1
1
1
0
0
-1
0
0
-1
0
0
0
0
-1
0
0
0
0
0
0
1
0
0
0
0
0
1
0
0
0
0
0
0
0
-1
1
-1
0
-1
0
0
0
0
-1
0
0
0
0
0
0
0
0
0
1
0
0
0
0
0
0
0
0
0
0
0
0
0
0
-1
0
0
0
1
0
0
0
0
-1
0
-1
0
1
0
0
1
0
0
0
0
0
0
0
0
0
0
1
-1
0
-1
0
0
-1
0
0
