-1
-1
0
0
0
0
0
1
0
1
-1
0
0
-1
0
0
0
1
0
0
0
0
0
0
0
1
0
1
0
0
0
-1
-1
0
0
0
0
1
0
-1
0
0
0
0
1
0
-1
0
0
0
0
0
1
0
0
0
0
0
0
0
0
0
0
1
0
0
0
0
0
0
0
0
0
0
0
0
0
-1
-1
0
0
0
0
0
0
-1
0
0
-1
0
0
0
0
0
0
0
0
0
0
0
0
0
0
0
0
0
-1
0
0
1
0
0
-1
1
0
0
0
0
0
0
0
0
0
0
-1
1
0
0
-1
0
0
0
1
0
-1
0
0
0
0
0
0
0
1
-1
0
-1
0
-1
-1
0
0
0
1
0
0
0
0
0
1
0
-1
-1
0
0
0
0
0
0
0
-1
0
-1
0
1
0
0
0
0
1
0
0
0
0
0
-1
-1
0
0
0
0
-1
0
1
0
1
0
0
0
0
-1
0
0
0
-1
0
0
0
0
0
0
0
0
-1
0
0
0
1
0
1
0
-1
0
1
0
0
-1
0
0
0
0
0
0
1
0
1
0
0
0
0
0
1
0
1
0
0
0
1
0
0
0
0
0
-1
0
0
0
0
0
0
0
0
0
-1
0
0
0
0
0
0
0
0
0
0
1
0
1
0
0
1
0
0
1
0
0
1
0
0
1
0
0
0
0
0
0
0
0
0
0
0
1
0
0
-1
0
0
-1
0
-1
0
0
1
1
0
0
0
-1
0
0
0
0
0
0
1
0
0
-1
0
0
0
0
-1
0
1
0
0
0
0
0
-1
0
0
0
0
1
0
0
1
0
0
0
0
-1
0
0
0
0
0
1
0
0
0
0
0
0
1
-1
1
-1
-1
1
-2
1
0
0
0
0
0
-2
1
0
-1
2
-1
-1
1
2
-1
0
2
0
-1
0
2
-1
0
-1
0
-1
0
1
-2
1
0
-1
0
1
-3
3
0
-1
0
0
1
-3
1
2
-2
-1
4
-3
4
-2
0
2
-4
1
-1
0
1
0
1
0
-1
-1
2
-1
0
1
-1
2
-1
0
3
-1
-2
3
-2
1
1
-1
1
1
-3
3
0
-4
6
-4
1
-1
1
0
-2
2
-2
-1
4
-2
-1
2
3
-7
5
0
-5
7
-5
1
-1
4
-6
4
0
2
-2
-2
6
-3
-4
4
3
-9
6
0
-4
3
-1
-2
4
-3
-3
8
-2
-4
1
9
-11
2
2
2
-6
0
9
-10
4
-4
6
-2
-6
10
-4
-4
8
-3
-4
5
1
-4
2
3
-3
0
3
0
-4
4
-2
0
0
-2
1
1
-7
8
-2
-4
4
-2
1
-2
2
0
0
1
-2
0
4
-3
2
1
2
-5
6
0
-6
4
4
-10
3
5
-7
1
1
3
-1
-7
8
5
-16
14
-4
-2
1
2
-2
1
-2
-1
7
-11
14
-10
1
4
-3
2
-6
13
-11
1
6
-4
-4
11
-12
10
-6
-1
9
-7
-4
6
5
-12
2
9
-10
2
-1
4
5
-23
29
-8
-17
17
7
-17
-6
25
10
-66
63
18
-77
37
36
-34
-29
48
-1
-25
-15
57
-30
-33
47
-3
-30
11
21
-13
-25
37
-4
-28
21
7
-6
-19
24
3
-22
5
21
-20
-5
24
-13
-10
21
-10
-6
6
2
-2
-9
9
5
-14
8
2
-5
3
-1
-1
4
0
-4
1
8
-3
-16
26
-9
-16
28
-25
15
-6
-2
6
-2
1
-12
25
-28
15
1
-7
6
-3
3
-1
-1
-2
15
-22
14
4
-14
6
3
0
-9
13
-11
18
-29
26
-5
-19
27
-17
2
5
0
-10
10
0
-5
-4
23
-29
14
2
-4
7
-19
27
-13
-12
22
-8
-10
17
-11
-2
11
-14
10
0
-8
4
8
-3
-19
31
-18
-7
22
-23
13
7
-20
10
11
-15
-8
33
-31
2
25
-29
16
-1
-7
7
-11
22
-27
8
13
-13
7
-18
31
-17
-10
13
4
-5
-11
13
10
-20
-6
34
-29
-1
9
19
-33
7
35
-51
44
-23
-19
64
-75
41
3
-28
35
-33
20
-3
-3
-6
8
7
-26
23
-5
-7
9
-3
-6
4
12
-25
23
-10
-10
30
-29
1
29
-37
32
-30
26
-14
-14
40
-47
31
-8
-10
11
11
-37
33
3
-28
20
6
-26
31
-25
9
9
-20
30
-41
35
-5
-28
33
-13
-9
22
-35
47
-42
15
15
-22
0
20
-7
-33
53
-38
15
-14
16
2
-15
-4
30
-30
14
-12
20
-17
-3
22
-25
3
34
-45
18
18
-25
15
-22
44
-49
23
20
-44
41
-10
-27
41
-17
-21
38
-35
19
10
-33
16
31
-54
25
16
-26
12
-18
45
-55
17
44
-61
13
56
-70
28
3
18
-50
37
15
-42
26
-2
-3
-7
13
-4
-16
24
-8
-13
16
-2
-11
5
26
-61
62
-18
-41
61
-29
-20
34
-15
2
-12
18
-2
-29
46
-38
15
10
-37
57
-39
-35
108
-102
23
50
-67
39
-13
2
10
-39
56
-37
8
-7
22
-15
-21
39
-16
-20
32
-27
30
-40
31
-8
-6
6
-2
14
-53
92
-77
2
62
-59
11
20
-15
1
-9
36
-59
64
-39
-7
48
-48
20
-20
64
-87
40
34
-46
-27
107
-102
26
32
-20
-25
42
-18
-23
48
-37
12
-14
47
-72
55
-8
-22
13
9
0
-32
38
-10
-13
6
19
-28
17
-5
19
-48
53
-11
-48
72
-53
28
-20
7
30
-57
29
31
-53
16
28
-25
-24
54
-20
-40
52
-4
-36
29
-2
-5
-18
40
-29
-8
36
-46
64
-86
65
4
-56
37
25
-51
10
45
-53
30
-13
-6
32
-24
-28
66
-42
-8
15
27
-51
14
44
-39
-44
124
-120
46
32
-76
90
-92
86
-51
-14
50
-16
-34
17
57
-91
44
23
-39
16
-4
-4
43
-98
105
-38
-38
51
-9
-22
7
19
-15
-5
6
12
-26
26
-11
-21
54
-64
42
-6
-36
76
-83
24
67
-100
43
25
-32
11
-29
85
-125
95
0
-85
91
-30
-15
-4
27
28
-118
120
-25
-51
57
-47
63
-74
53
-12
-25
40
-25
-9
36
-54
94
-144
159
-112
44
3
-30
53
-82
110
-120
79
3
-63
68
-58
63
-47
-17
85
-102
82
-74
78
-41
-50
112
-57
-58
83
8
-91
73
-4
-28
19
-39
99
-131
81
-5
-23
22
-47
95
-118
94
-39
0
-11
45
-48
16
5
22
-56
31
48
-109
99
-35
-32
62
-42
-7
47
-61
55
-35
-10
54
-58
30
-26
68
-109
108
-74
42
-26
5
28
-46
46
-42
33
-31
66
-110
75
37
-111
67
28
-62
19
18
-5
-11
-22
64
-45
-49
145
-152
56
68
-112
33
65
-54
-48
122
-111
67
-63
114
-135
46
91
-152
111
-40
8
-16
33
-53
81
-101
92
-64
35
-2
-49
96
-101
59
-48
100
-143
106
-32
-2
-12
28
-20
13
-20
3
42
-54
-2
77
-98
63
-11
-40
106
-150
122
-33
-48
87
-86
53
16
-92
107
-49
-8
9
13
-18
4
15
-11
-14
26
1
-43
60
-44
11
3
-4
16
-19
-22
66
-42
-35
80
-42
-46
83
-25
-56
86
-94
138
-171
109
33
-138
142
-87
47
-31
10
21
-30
2
45
-73
46
55
-162
165
-52
-70
122
-127
123
-97
18
68
-77
-10
98
-73
-65
187
-167
41
32
17
-77
21
103
-131
39
22
34
-94
49
23
-11
-32
-9
105
-106
-24
135
-112
-6
85
-53
-38
72
-7
-59
32
42
-62
17
12
22
-73
52
49
-121
80
28
-104
87
18
-131
132
-28
-19
-68
151
-77
-95
178
-101
-18
48
-12
16
-91
160
-149
68
11
-37
59
-149
241
-168
-75
259
-193
-19
125
-43
-75
94
-33
-23
34
6
-56
32
88
-207
197
-58
-69
90
-60
58
-41
-39
105
-54
-93
203
-168
21
99
-84
-38
136
-115
39
-35
66
27
-209
229
-6
-191
126
71
-118
-5
86
-42
-16
11
-37
168
-296
226
63
-326
296
-16
-203
157
5
-15
-169
301
-165
-111
182
9
-125
-35
211
-111
-128
190
-62
-10
-38
3
181
-270
62
253
-303
25
258
-253
65
11
106
-220
144
66
-203
149
9
-85
3
119
-118
6
60
-9
-64
104
-181
295
-262
-33
361
-354
0
296
-203
-134
294
-81
-242
277
4
-200
26
295
-303
-73
408
-323
-9
160
-38
-55
-71
206
-60
-282
420
-170
-179
234
13
-213
147
24
-45
0
-90
232
-184
-49
194
-116
-41
114
-100
100
-129
69
126
-319
345
-222
47
84
-88
-37
142
-25
-236
354
-153
-138
162
40
-81
-146
295
-89
-217
276
-115
-34
77
-65
6
71
-103
4
91
-29
-159
252
-173
85
-70
69
25
-184
302
-287
163
-29
-82
179
-227
149
-5
-74
72
-79
126
-118
63
-57
147
-203
45
226
-336
135
161
-261
131
53
-85
32
-53
156
-147
-64
275
-231
-12
152
-84
20
-130
239
-127
-128
267
-194
77
27
-194
382
-385
93
195
-192
-59
242
-153
-117
332
-375
246
-97
58
-77
45
72
-169
182
-154
155
-142
98
-7
-81
125
-68
-24
43
-3
5
-60
68
63
-231
281
-213
80
71
-260
354
-268
44
96
-60
-51
120
-98
33
24
-67
117
-151
74
75
-212
302
-282
184
-94
153
-191
138
-59
12
38
-145
203
-269
291
-242
69
144
-221
170
-84
43
-54
70
-72
40
12
13
-69
116
-35
-104
215
-257
176
-47
-93
163
-164
93
-18
-16
47
-130
235
-235
96
3
-28
36
-98
182
-178
81
84
-132
-11
75
123
-348
336
-208
146
-134
77
69
-176
154
-84
127
-254
216
73
-378
410
-129
-181
284
-172
69
-118
232
-295
247
-156
94
-54
-41
143
-105
-7
18
98
-159
-28
326
-356
90
219
-369
404
-423
360
-195
35
70
-132
250
-388
377
-144
-133
219
-168
42
35
50
-237
323
-266
139
34
-147
118
-24
-57
21
124
-306
466
-475
329
-194
144
-90
-42
142
-121
99
-217
419
-469
316
-138
90
-46
-13
2
51
0
-68
11
135
-229
127
15
-112
159
-224
291
-280
176
-45
-68
104
-58
-37
107
-130
119
-137
223
-321
323
-99
-337
727
-729
375
23
-129
-15
62
73
-223
234
-125
55
-67
129
-187
215
-199
127
-91
107
-160
123
-54
52
-1
-51
75
-50
64
-155
197
-144
-4
128
-179
156
-5
-164
325
-365
286
-197
83
85
-269
329
-153
-99
226
-267
370
-521
518
-215
-279
618
-558
134
256
-303
40
208
-216
180
-283
366
-217
-52
101
-23
48
-200
261
-137
-19
87
16
-153
206
-103
-98
191
-123
13
3
103
-136
11
144
-208
171
-56
-9
52
-79
10
124
-243
140
148
-371
353
-105
-111
93
79
-177
171
-194
276
-307
125
219
-512
566
-355
44
171
-195
140
-148
146
21
-258
329
-134
-168
264
-98
-132
137
13
-98
26
122
-173
108
-6
-62
118
-139
61
133
-343
324
13
-376
438
-167
-118
196
-48
-142
206
-166
57
13
1
-76
96
58
-280
361
-222
3
103
-98
85
-169
288
-256
101
46
-44
-7
-8
46
-6
-145
305
-285
13
232
-225
11
115
-112
202
-360
350
-115
-199
388
-343
195
-166
223
-214
174
-179
249
-243
82
143
-283
260
-106
-68
156
-175
182
-126
-111
370
-398
145
43
34
-84
-55
229
-140
-180
382
-260
-4
89
25
-66
-33
136
-118
20
3
59
-172
233
-84
-195
325
-203
38
15
47
-87
92
-158
169
-70
-104
204
-241
281
-345
373
-295
64
110
-121
100
-125
182
-201
174
-65
-17
46
-66
143
-306
347
-137
-189
338
-142
-185
338
-260
187
-152
98
-97
18
128
-301
361
-222
57
19
111
-247
193
-7
-68
-17
55
-30
-77
186
-259
204
-67
-19
85
-93
98
-9
-107
197
-263
196
-127
143
-235
209
-90
4
101
-214
269
-191
52
-9
103
-188
143
87
-323
300
-7
-242
216
-25
-132
205
-174
107
-2
-148
219
-109
-72
216
-231
120
-61
9
11
-41
70
-109
167
-193
182
-85
-14
132
-201
195
-154
100
-104
85
-26
-50
88
2
-143
240
-132
-34
42
79
-218
191
-54
-64
79
1
-54
-18
166
-159
21
82
5
-180
163
-1
-216
226
-58
-68
32
142
-231
203
-113
-57
271
-420
383
-242
41
185
-327
343
-196
-10
193
-273
259
-160
48
-19
-13
159
-280
239
-91
-23
112
-215
266
-211
19
163
-189
77
35
-64
58
-102
178
-146
-53
233
-236
124
-58
46
14
-86
176
-172
9
148
-227
135
54
-215
250
-98
-99
280
-282
200
-113
134
-248
208
-95
-152
303
-202
-57
320
-356
279
-171
182
-280
313
-249
-10
248
-335
274
-158
116
-9
-76
111
-90
-15
148
-235
251
-92
-70
86
-3
-107
59
30
-135
229
-262
153
6
-203
387
-501
404
-170
-70
186
-100
-44
232
-278
351
-338
211
-32
-97
196
-275
213
-138
171
-214
132
55
-193
248
-159
-46
131
-60
-89
14
95
-150
50
23
75
-207
272
-166
32
62
-14
42
-231
441
-485
320
-134
42
-30
-19
143
-190
152
-71
90
-231
219
-114
-13
107
-228
369
-394
182
290
-628
637
-274
-95
224
-165
99
-95
-19
192
-414
462
-294
-66
429
-555
397
-226
54
78
-184
155
57
-190
210
-60
-69
139
-29
-95
67
24
-210
164
1
-7
-130
340
-204
-79
396
-425
116
76
-166
33
-42
22
-27
18
171
-344
454
-334
164
-2
-187
290
-251
75
101
-179
181
-142
113
-25
-63
119
-83
98
-151
189
-123
-30
78
-124
150
-55
-194
306
-223
124
-102
161
-86
-20
83
-72
46
-198
329
-343
241
-134
37
243
-365
331
-45
-180
203
-151
13
-119
270
-369
229
104
-184
79
175
-53
-224
330
-179
-208
240
-187
14
-50
131
-129
154
-109
239
-83
27
3
-38
95
-338
388
-437
163
121
-182
27
143
-43
-86
154
-128
101
-108
-49
112
-195
187
-52
-4
64
103
-190
205
-76
-183
207
-273
160
-74
-4
-39
346
-475
437
-83
-215
209
-52
32
-171
340
-377
311
-163
127
-178
157
37
-237
262
-166
-20
-47
-28
109
-199
67
95
-55
-126
435
-334
114
338
-452
434
-198
65
153
-354
393
-338
221
-265
268
-402
229
-219
-78
122
-40
16
-176
419
-472
356
-136
82
18
-302
426
-364
120
-61
53
-5
202
-10
90
22
171
-276
142
-1
-330
148
-91
30
-165
259
-209
426
-316
139
327
-621
508
-331
-32
97
-418
432
-284
198
-73
294
-239
236
108
-284
274
-228
-128
48
1
-425
190
154
-360
423
-266
281
-3
-132
530
-450
288
183
-337
9
298
-497
285
-56
-208
408
-411
537
-209
-6
211
-118
-27
-11
-117
42
-249
102
-204
-86
164
-113
16
147
167
-224
426
-6
-320
601
-380
-16
88
-154
1
-217
374
-534
200
325
-584
308
25
-166
28
99
-275
307
-199
73
217
-372
375
-90
-227
341
-400
38
67
-162
204
-91
212
-152
418
-177
10
423
-506
207
166
-348
94
9
207
-280
251
-130
-139
423
-749
298
57
-498
375
-177
-50
241
-200
152
-81
193
-229
123
133
-113
175
-224
367
-25
-329
207
189
-644
298
196
-490
353
-178
62
227
40
-235
225
14
-515
299
-65
-245
-138
235
-216
188
12
-77
256
-64
97
-8
52
-191
-154
379
-277
78
-6
-77
178
-209
176
-110
-42
193
-354
215
-132
-354
297
-400
339
-68
23
38
29
294
-451
290
66
-325
169
-217
79
47
-299
46
169
-88
-65
241
-13
-73
-77
250
212
-183
-256
682
95
37
-1
-142
559
-951
428
-138
-443
632
-341
693
110
-498
762
-134
38
-282
113
236
-369
482
-125
604
234
261
676
200
243
291
-31
-188
-674
-253
-406
-606
-526
-363
25
-627
-171
109
-343
26
-169
-122
12
-553
-121
56
-398
-116
5
170
-100
79
-49
-35
-129
-395
46
98
-279
449
413
208
426
85
248
251
-485
260
-162
-321
28
130
-3
149
423
75
253
260
-64
181
-74
-461
27
-55
-298
-92
230
172
164
190
262
134
-133
112
-94
-152
-241
-114
-2
-224
12
-47
233
-46
31
395
-180
231
289
-171
381
-30
80
204
46
205
186
-85
244
-133
287
-81
-22
266
-114
202
-133
-72
-120
-106
-102
-185
-234
-20
-164
-83
-1
-73
-259
282
-282
-120
130
-324
-60
-23
-231
-72
-127
125
-163
69
147
-284
72
-216
-84
-255
-209
-112
-31
48
-85
183
81
103
-7
-44
-46
-41
-81
-59
8
127
83
65
225
-84
233
93
130
12
11
321
-154
233
21
370
136
-6
268
-55
134
-41
112
178
252
142
317
423
179
208
322
244
72
415
119
300
453
79
229
150
120
-17
134
40
36
184
258
62
87
201
114
122
83
300
92
117
178
120
80
20
53
44
-164
-233
-163
-429
-445
-305
-552
-486
-463
-547
-552
-592
-584
-571
-532
-625
-501
-364
-484
-372
-279
-509
-409
-331
-507
-470
-532
-633
-539
-697
-816
-790
-841
-870
-893
-709
-722
-739
-606
-428
-421
-330
-326
-185
29
-51
149
190
407
263
391
543
406
573
761
704
635
826
878
849
932
1016
1041
1243
1031
1185
1386
1262
1310
1461
1635
1544
1758
1771
1780
1701
1592
1708
1607
1490
1470
1442
1323
1068
1045
814
592
572
450
461
207
101
27
-263
-380
-650
-695
-725
-1012
-973
-1186
-1177
-1482
-1491
-1559
-1799
-1755
-1867
-1920
-2221
-2236
-2504
-2733
-2834
-3023
-3082
-3170
-3207
-3394
-3388
-3704
-3960
-3964
-4352
-4452
-4499
-3686
-2482
-1298
-622
-466
565
1434
2284
2593
2771
3395
4217
4924
5096
5267
5318
5494
5260
4665
4187
3994
3621
2914
1880
1053
795
363
-236
-741
-1106
-1260
-1840
-2332
-2692
-2533
-1997
-1754
-1513
-1149
-156
165
433
626
1189
1901
2049
2372
2952
3399
3080
2890
2670
2623
2442
2142
2279
2151
1843
1442
952
503
-247
-522
-777
-938
-931
-1138
-1132
-1630
-2020
-1974
-2183
-2613
-2722
-2417
-2238
-2312
-2550
-2821
-3005
-3403
-3870
-4031
-4247
-4601
-4979
-5198
-5475
-5647
-6095
-6608
-6910
-4897
-3018
-1385
-1529
-1097
1204
2414
3635
3197
4188
5153
6439
7159
6968
6967
6842
7298
6385
5055
4342
4494
4316
2445
877
-13
-66
-783
-1722
-2235
-2574
-2644
-2997
-3601
-3853
-3839
-3128
-2579
-2346
-2086
-1090
-369
236
678
1735
2969
3877
4743
5071
6020
5530
5167
4584
4398
4197
3683
3626
3049
2701
1835
1129
502
-555
-1044
-1158
-731
-571
-727
-938
-1196
-1337
-1534
-1931
-2041
-2311
-2094
-1671
-1660
-2081
-2684
-3172
-3729
-3920
-4450
-4839
-5312
-5786
-6024
-6423
-6877
-7658
-8299
-8549
-8512
-8416
-8713
-6540
-3952
-1704
-1130
-1071
1485
3225
5225
4906
5874
7320
8709
9685
9013
8841
8543
9006
8166
6530
5552
5181
5183
3217
881
-791
-1169
-1561
-2586
-3338
-3527
-3545
-3862
-4458
-4776
-4497
-3773
-2934
-2492
-1994
-1144
-136
514
293
671
1867
3541
4667
5158
5800
6239
6249
5912
5795
5824
5607
5139
4609
3989
2849
1837
1071
501
11
-188
-4
156
-61
-617
-846
-970
-1035
-962
-718
-665
-823
-1082
-1592
-2229
-3024
-3517
-3841
-3969
-4504
-5100
-5699
-6605
-7092
-7448
-7682
-7994
-8584
-8751
-9231
-8891
-9182
-9594
-10105
-8575
-4267
-1136
604
-599
1759
4589
6805
7490
7138
8800
9947
11614
10939
10231
9731
9808
9533
7262
5442
4218
4171
2433
-808
-3312
-4068
-3832
-4593
-5478
-5611
-5252
-5433
-6100
-6512
-5801
-4319
-2423
-1162
-177
1046
2397
3297
2750
2622
3321
5126
6118
6403
6667
6897
6608
5449
4974
4848
4957
4228
3703
3121
2105
1072
170
-296
-1017
-1067
-488
486
627
11
-280
-107
235
248
343
290
349
446
293
-552
-2017
-3151
-3671
-4067
-4860
-5632
-6224
-6848
-7323
-7832
-7981
-8319
-8869
-9268
-9374
-9023
-9257
-9209
-9592
-9170
-9030
-6946
-2625
356
1970
710
3361
6779
9626
9998
8899
10210
11545
13268
11952
10385
9379
9445
9162
6514
4162
2220
1749
-179
-3721
-6073
-6614
-5770
-6237
-7190
-6967
-6033
-5568
-5761
-5780
-4559
-2450
-175
1658
2996
4374
5401
5676
5388
5044
5646
6782
7108
6424
5350
4974
4569
3258
1748
1131
1937
1703
1080
269
46
-190
-943
-1061
-941
-236
456
1560
2272
1890
1310
1217
1906
1878
1318
794
451
352
-283
-1028
-2475
-4086
-5295
-5680
-5734
-6546
-7348
-7949
-7987
-7853
-7740
-7838
-8252
-8647
-8308
-7471
-6632
-6625
-6702
-6663
-6360
-5934
-5997
-2363
1654
4775
4136
4320
7731
10454
11786
9231
8828
9956
11880
11534
8823
7010
6264
6183
3924
1134
-1289
-1977
-1981
-4543
-7531
-9228
-7904
-6506
-6373
-6130
-5030
-3341
-2698
-2531
-1805
120
2754
4977
6517
7200
7691
7739
7257
6250
5367
5411
5592
5002
3609
2300
1383
255
-1230
-1967
-1375
-602
-661
-939
-442
244
225
-206
133
1092
2036
3096
3978
4034
3156
2468
2254
1865
980
-23
-390
-697
-1355
-2610
-3878
-5240
-6465
-7038
-7085
-6944
-7343
-7593
-7390
-6748
-6218
-6075
-6104
-6087
-5514
-4695
-3835
-3687
-3918
-4339
-4215
-4089
-4319
-5125
-3493
1177
4755
5270
3147
5129
8222
9840
8251
6206
7304
9235
10003
7639
5171
3877
3886
3142
849
-1151
-2332
-1850
-3051
-6043
-8163
-7272
-4599
-3848
-3881
-3226
-1087
144
14
-354
653
3216
5677
6903
6821
6623
6571
6165
4900
3333
2795
3001
2994
1750
271
-720
-1166
-1772
-2419
-1868
-456
824
906
787
983
1429
1377
1153
1414
2026
3010
3590
3597
2587
1238
591
450
217
-697
-1601
-2071
-2254
-2631
-3651
-4942
-6030
-6301
-5994
-5802
-6111
-6566
-6480
-5934
-5330
-5067
-4958
-5031
-4846
-4378
-3923
-3332
-3543
-4080
-4495
-4382
-3813
-4427
-2609
1019
4565
5258
3756
5768
8269
9824
7807
6007
6929
8876
9434
6853
4500
3205
3307
2546
517
-1576
-2973
-2708
-3726
-5966
-7824
-7060
-4598
-3492
-3017
-2356
-494
487
409
96
1090
3677
6009
7424
7449
7140
6686
5792
4463
2718
1801
1825
2248
1752
400
-532
-1117
-1388
-2000
-1460
-125
1011
1509
1358
1477
1119
704
498
731
1477
2418
3450
3513
2361
721
-262
-319
-784
-1480
-2044
-2044
-2024
-2695
-3750
-5215
-6542
-7016
-6414
-5548
-5428
-5666
-5747
-5064
-4514
-4460
-4442
-4266
-3675
-3504
-3041
-2643
-2480
-3010
-3651
-3977
-4031
-4103
-2249
1646
4517
4767
3202
4688
7280
8642
6851
4787
5486
7140
7772
5595
3211
2119
2023
1548
-229
-2049
-3058
-2863
-3443
-5598
-7179
-6326
-3423
-1685
-1148
-511
934
1970
1913
1764
2733
4982
7264
8344
8080
7092
6098
4802
3001
1295
278
389
768
732
-199
-1745
-2611
-2607
-1764
-1043
-90
1007
1708
2059
1858
1599
1245
1119
1415
1897
2815
3462
3112
1703
-54
-901
-1246
-1235
-1862
-2600
-2928
-2884
-3138
-4225
-5372
-6211
-6071
-5123
-4218
-4127
-4480
-4569
-4128
-3437
-3132
-2861
-2612
-2550
-2805
-3102
-3184
-3398
-3837
-4641
-5155
-5728
-3342
698
3382
2913
909
3004
6284
8345
6521
4127
4420
6264
7385
5386
3145
2261
2500
1903
137
-1470
-2325
-2133
-3073
-5035
-6385
-5368
-2784
-1434
-778
-152
1556
2722
2744
2333
2906
5083
7107
8377
8254
7432
5953
4066
2321
811
166
-77
-249
-660
-1196
-1650
-2704
-3542
-3372
-1804
221
1197
1680
1908
2178
2007
1644
1625
1899
2333
2823
3156
2855
1770
196
-990
-1617
-1906
-2241
-2512
-2735
-2961
-3392
-3961
-4724
-5255
-5141
-4304
-3192
-2640
-2746
-3156
-2910
-2287
-1809
-1829
-1930
-1918
-2085
-2240
-2712
-3501
-4727
-5367
-5512
-5599
-6004
-6047
-3034
344
2122
906
1043
4147
6845
7223
4740
4103
5501
7596
7220
4831
3217
2946
3247
1922
-113
-1894
-2412
-2073
-3246
-4865
-5432
-3472
-1205
-283
257
1085
2570
3196
3237
3255
4766
7048
8470
8238
6826
5302
3851
2508
1124
-287
-963
-1014
-934
-1257
-2101
-3075
-3760
-3136
-1750
-225
673
1284
1493
1542
1479
1439
1636
1594
1743
1893
2410
2508
1735
145
-1279
-1814
-1796
-1678
-2000
-2583
-3051
-3239
-3472
-3990
-4423
-4350
-3609
-2794
-2608
-2893
-3203
-3091
-2822
-2398
-2363
-2472
-2655
-3096
-3826
-5037
-5357
-5764
-6402
-7658
-6593
-2144
1833
2756
-27
556
4064
7667
7784
5214
4804
6187
8120
6760
4393
3085
3414
3528
1745
-309
-1817
-1310
-1055
-2745
-4805
-4890
-2521
-727
-157
75
1240
2941
3552
3253
2928
4125
5747
6767
7008
6522
5471
3570
1523
-181
-1128
-1433
-1718
-2045
-2254
-2206
-2595
-3163
-3083
-2303
-1001
65
1281
2095
2375
2358
2023
1890
1744
1976
2350
2521
2315
1551
776
295
-194
-1013
-1947
-2338
-2211
-2111
-2449
-3123
-3821
-3994
-3852
-3522
-3200
-3116
-3123
-3139
-2864
-2806
-2955
-2936
-2844
-2828
-3137
-3489
-3917
-4732
-5793
-6579
-6539
-6091
-6048
-5208
-2296
1152
2587
1566
2139
4905
7740
8198
6650
6162
7085
8344
7357
5149
3777
3816
3946
2673
523
-1545
-2042
-1843
-2698
-4326
-4790
-3141
-1170
-72
368
898
1709
2287
2584
2848
3978
5527
6599
6461
5386
3747
2089
782
-350
-1108
-1606
-1585
-1335
-1100
-1307
-2041
-2421
-1935
-756
334
1268
2038
2501
2573
2462
2283
1885
1787
1883
2063
1971
1471
1105
621
221
-596
-1596
-2409
-2773
-2701
-2849
-3240
-3921
-4209
-4448
-4614
-4823
-4669
-4384
-4451
-4515
-4485
-3826
-3539
-3485
-4023
-4472
-4444
-4566
-4717
-5674
-6248
-6926
-5225
-1077
2687
3774
2150
3089
5728
8295
8097
6468
6355
7787
9078
7217
4332
2494
2601
2630
1283
-784
-2641
-2651
-2357
-3445
-5374
-6150
-4691
-2821
-1105
264
1460
2287
2366
2541
2977
4476
5754
6284
6363
6201
5810
4341
2358
35
-1529
-1946
-1465
-954
-1225
-1728
-2240
-2188
-1857
-1321
-531
228
1232
2129
3273
4211
4372
3627
2503
2173
2613
3260
2871
1728
508
-42
-33
-617
-1955
-3549
-4319
-4000
-3656
-3854
-4577
-5195
-5297
-5231
-4977
-4782
-4393
-3980
-3431
-2942
-2496
-2272
-2484
-2657
-2833
-2861
-2914
-3137
-3372
-4272
-5103
-5599
-4555
-1064
2118
3273
1907
2607
5298
7513
7250
5140
4767
6181
7898
6992
4406
2381
1818
1720
698
-818
-2464
-3138
-3145
-3659
-4787
-5590
-4829
-3213
-1594
-157
1232
2326
2599
2563
2913
4345
6055
6889
6800
6064
5149
3777
2231
759
-396
-896
-629
-132
-50
-573
-1431
-1888
-1659
-946
-204
596
1589
2583
3093
3081
2856
2479
2025
1566
1505
1762
1730
1079
25
-888
-1505
-2145
-2925
-3661
-4055
-4118
-4215
-4420
-4685
-5056
-5303
-5129
-4618
-4220
-4225
-3891
-3234
-2463
-2093
-2148
-2268
-2463
-2520
-2877
-3048
-3266
-3644
-4918
-4608
-1467
2245
3836
2386
2430
4346
7096
7558
5647
4348
4921
6500
5758
3802
2178
1725
1263
-342
-2083
-3533
-3374
-2983
-3653
-4996
-5652
-4581
-3221
-1646
-154
1366
2647
3282
3687
4013
4872
5859
6521
6992
7154
6635
5109
3104
1196
-38
-570
-694
-741
-1066
-1148
-1144
-1248
-1657
-1979
-1492
-146
1428
2373
2863
3238
3555
3264
2473
1814
1692
2086
2106
1527
649
-226
-1108
-2414
-3858
-4708
-4623
-4094
-3823
-4115
-4773
-5332
-5706
-5564
-5315
-4755
-3875
-2960
-2248
-1969
-1671
-1413
-1352
-1524
-1750
-1768
-1586
-1701
-2610
-4152
-5157
-5290
-3085
-72
2134
2051
1420
3023
5174
6416
5312
3865
3852
5339
6433
5335
3441
2181
1898
1045
-582
-2098
-3023
-2689
-2593
-3357
-4590
-4866
-3666
-2241
-740
246
1196
2290
3362
4241
4459
4810
5456
6437
7074
6831
5528
3753
2228
893
28
-232
130
281
62
-208
-423
-894
-1439
-1528
-941
307
1799
2849
2972
2442
1840
1131
601
535
876
1149
975
595
-24
-870
-2102
-3538
-4504
-4582
-3795
-3146
-3174
-3713
-4552
-5202
-5679
-5412
-4603
-3849
-3313
-3014
-2493
-2192
-2230
-2340
-2642
-2730
-2769
-2457
-2447
-2971
-4040
-5148
-3527
-219
2933
2887
1938
3107
5420
7143
5895
4028
3674
5314
6402
4642
2367
1451
1976
1407
-424
-2368
-3282
-2729
-2645
-3462
-4653
-4456
-3248
-2064
-811
359
1715
2800
3683
4205
4480
5206
6096
6818
6840
6458
5605
4552
3275
1603
491
-121
14
-147
-436
-538
-844
-1256
-1974
-2081
-1555
-342
740
1219
1619
2254
3010
2699
1730
1005
1115
1594
1585
1071
463
101
-456
-1638
-3190
-4338
-4800
-4697
-4272
-3935
-4103
-4759
-5574
-5948
-5695
-5230
-4662
-4075
-3183
-2351
-1945
-1789
-1847
-2112
-2639
-3000
-2789
-2295
-2595
-3833
-5135
-3718
-191
2818
2803
1547
2660
5375
7227
5971
3707
3261
4950
6404
5398
3393
2271
2202
1757
441
-1192
-2628
-2992
-2859
-2855
-3401
-3846
-3443
-2533
-1225
-57
864
1762
2648
3352
3632
4144
5083
6074
6393
5946
5017
3719
2698
1862
1433
1161
630
447
500
786
398
-664
-1520
-1640
-1041
-276
487
1152
1904
2501
2545
2000
1252
770
717
1110
1418
1169
500
-9
-576
-1580
-3025
-4306
-4845
-4744
-4380
-4392
-4933
-5553
-5946
-6072
-6054
-6006
-5724
-5258
-4616
-3882
-3312
-2841
-2460
-2600
-2907
-3520
-3640
-3623
-2766
-328
2371
4357
4054
4258
5220
6720
6722
5234
4242
4524
5786
5513
3715
1750
1017
996
239
-1112
-2761
-3538
-3369
-3009
-3233
-3975
-3760
-2793
-1605
-686
150
1232
2335
3325
3541
3594
4127
5403
6253
5891
5093
4266
3791
2924
1705
580
-34
37
55
18
-39
-90
-253
-394
-416
-628
-543
140
1523
2704
3273
3237
2849
2569
2242
1923
1503
1222
1031
712
227
-464
-1299
-2389
-3415
-4500
-5346
-5712
-5532
-5211
-5420
-5788
-6121
-6115
-6037
-5937
-5727
-5040
-4022
-3105
-2483
-2221
-2144
-2194
-2300
-2189
-2237
-2453
-2974
-2564
-327
2720
4469
3695
3169
4103
6081
6574
5197
3758
3694
4753
4866
3589
2366
2106
1986
1075
-304
-1556
-2314
-2601
-2914
-3523
-4022
-3513
-2227
-1016
-294
-92
285
1062
2051
2265
2151
2774
4295
5715
5971
5260
4173
3295
2522
1871
1514
1472
1466
1281
1257
1647
1914
1561
549
-495
-997
-643
329
1258
2023
2404
2387
1887
1385
1212
903
333
-272
-175
318
476
-230
-1539
-2704
-3415
-4077
-5023
-5765
-5942
-5859
-5924
-6159
-6292
-6546
-6877
-7110
-7064
-6414
-5581
-4840
-4303
-3723
-2957
-2664
-2561
-2914
-2706
-1013
1803
4518
5381
6001
7073
8567
9007
7903
6221
4974
4809
4528
3384
2260
2098
2504
1970
263
-2030
-3721
-4160
-3942
-4264
-5245
-5436
-4262
-2294
-468
818
1389
1549
1626
1730
1961
2575
3832
5079
5724
5934
5883
5556
4626
3248
1750
647
294
402
558
579
716
745
526
253
-155
-389
-638
-405
147
997
1877
2421
2710
2751
2771
2321
1584
819
407
280
113
-265
-1005
-1786
-2559
-3409
-4405
-5412
-6119
-6620
-6924
-7078
-7051
-7014
-7120
-7160
-7126
-6665
-6019
-5386
-4910
-4426
-3817
-3305
-2834
-2261
-1729
-1027
426
2469
4412
5277
5891
6575
7656
8304
7996
6877
5629
4805
3874
2756
1847
1805
2014
1672
682
-670
-1708
-2335
-2837
-3788
-5022
-5486
-4782
-3074
-1058
693
1600
1793
1834
1890
1945
1936
2388
3119
3898
4513
4858
5056
4958
4529
3584
2452
1623
1151
1056
1232
1445
1430
1126
762
528
375
6
-555
-915
-603
215
959
1434
1714
1934
1752
1218
590
318
271
-110
-743
-1434
-1647
-1879
-2549
-3671
-4762
-5263
-5582
-5977
-6665
-7311
-7622
-7710
-7557
-7463
-7195
-6860
-6301
-5623
-4959
-4544
-4558
-4584
-4203
-2523
46
2822
4626
5688
6717
8011
9197
9487
8821
7640
6676
6011
5256
4227
3338
2977
2873
2404
1328
-162
-1588
-2655
-3643
-4912
-6135
-6443
-5615
-4288
-2817
-1508
-265
772
1433
1675
1715
1977
2360
2657
2888
3387
4301
5298
6011
5881
5062
3962
3157
2646
2061
1373
753
490
556
764
751
563
116
-432
-886
-998
-833
-591
-172
443
1328
2042
2320
2162
1879
1635
1239
507
-440
-1177
-1754
-2305
-3070
-3811
-4416
-4935
-5610
-6243
-6846
-7399
-7850
-8067
-8016
-7824
-7362
-6795
-5954
-5163
-4482
-4044
-3782
-3666
-3572
-2884
-1194
1267
3236
4473
5403
6713
8037
8599
8171
7196
6523
5981
5383
4556
3970
3791
3628
3255
2579
1790
1052
335
-671
-2239
-4055
-5351
-5479
-4759
-3702
-2716
-2014
-1174
-140
782
1120
874
703
713
979
1294
1788
2601
3543
4299
4534
4715
4985
5211
4905
4178
3619
3160
2693
2030
1372
878
431
-7
-505
-930
-1286
-1474
-1374
-1076
-671
-398
-208
35
367
628
562
340
103
-214
-687
-1274
-1831
-2546
-3398
-4113
-4557
-4717
-4809
-4969
-5278
-5605
-5855
-5997
-6112
-6100
-5930
-5648
-5209
-4679
-4113
-3701
-3559
-3556
-3225
-2345
-940
415
1511
2541
3804
5190
6319
6788
6518
6072
5771
5602
5222
4703
4330
4153
4059
3841
3451
2917
2339
1645
534
-840
-2125
-2947
-3392
-3454
-3218
-2696
-1983
-1162
-420
21
171
210
196
119
46
87
339
767
1334
1992
2766
3766
4741
5228
5172
4926
4834
4518
3768
2734
1777
1021
388
-172
-657
-919
-997
-1050
-1161
-1133
-923
-799
-949
-1134
-1061
-842
-702
-774
-966
-1126
-1169
-1339
-1759
-2403
-2924
-3290
-3621
-3856
-3984
-3953
-3815
-3604
-3462
-3529
-3602
-3479
-3186
-2822
-2666
-2706
-2796
-2741
-2592
-2605
-2820
-2932
-2727
-2151
-1365
-621
102
888
1797
2626
3294
3645
3808
3873
3945
3919
3652
3360
3232
3341
3560
3685
3623
3479
3280
2825
1891
720
-326
-960
-1195
-1114
-888
-710
-501
-254
-9
110
42
-155
-378
-467
-374
-193
31
338
719
1130
1712
2457
3185
3589
3617
3502
3268
2980
2492
1883
1283
798
365
-74
-419
-701
-836
-959
-991
-932
-930
-992
-1112
-1047
-903
-822
-846
-933
-913
-855
-898
-1209
-1593
-1866
-1998
-2056
-2111
-2147
-2215
-2338
-2461
-2449
-2319
-2120
-1948
-1858
-1748
-1614
-1476
-1411
-1477
-1613
-1863
-2071
-2224
-2254
-2290
-2496
-2608
-2473
-1931
-1342
-880
-497
30
727
1316
1679
1850
2040
2245
2411
2414
2298
2230
2341
2588
2771
2781
2702
2708
2793
2804
2609
2216
1794
1501
1345
1177
905
578
286
83
11
88
254
408
492
543
615
675
687
564
435
436
647
975
1295
1612
1835
1942
1860
1558
1081
479
-132
-666
-1020
-1167
-1213
-1201
-1153
-1074
-988
-978
-1025
-1125
-1187
-1196
-1179
-1041
-864
-639
-487
-381
-319
-285
-253
-290
-406
-474
-494
-520
-653
-823
-936
-975
-968
-1041
-1234
-1507
-1765
-1932
-2117
-2344
-2642
-2990
-3277
-3448
-3469
-3467
-3423
-3312
-3035
-2628
-2197
-1724
-1175
-498
269
999
1596
2034
2428
2778
2983
2998
2887
2825
2823
2919
3044
3185
3335
3457
3469
3282
2956
2566
2155
1783
1450
1100
831
688
640
595
490
408
394
450
495
425
255
71
-72
-97
-37
100
218
314
404
475
501
364
94
-223
-495
-700
-850
-953
-1003
-1015
-937
-755
-557
-431
-350
-324
-239
-162
-107
-97
-100
-74
-13
47
103
202
199
147
9
-138
-249
-337
-395
-522
-706
-946
-1109
-1192
-1242
-1332
-1451
-1629
-1807
-1965
-2101
-2200
-2327
-2505
-2779
-3079
-3317
-3461
-3533
-3580
-3519
-3261
-2830
-2237
-1542
-795
-56
659
1383
2056
2603
2988
3226
3297
3294
3250
3150
3089
3099
3246
3420
3558
3597
3487
3242
2874
2443
1922
1312
681
171
-185
-360
-400
-388
-360
-310
-240
-136
-58
-76
-152
-264
-323
-324
-212
-75
59
153
210
318
407
430
295
72
-87
-205
-245
-254
-245
-173
-129
-47
-3
74
171
265
320
340
422
445
428
391
386
359
325
271
175
31
-177
-460
-730
-938
-1113
-1381
-1578
-1745
-1798
-1835
-1937
-2015
-2148
-2297
-2430
-2542
-2680
-2833
-2964
-3061
-3117
-3137
-3186
-3155
-2941
-2596
-2194
-1761
-1207
-492
282
1004
1649
2212
2733
3139
3332
3296
3173
3092
3029
2924
2800
2719
2772
2930
3042
2996
2759
2389
1957
1532
1072
624
164
-254
-507
-594
-608
-609
-641
-712
-776
-840
-817
-759
-701
-701
-720
-608
-345
-30
224
417
603
842
1118
1335
1406
1365
1214
1066
958
827
684
585
505
484
537
563
619
613
536
437
393
325
243
76
-153
-327
-394
-480
-629
-856
-1090
-1249
-1318
-1459
-1640
-1774
-1916
-2012
-2066
-2174
-2289
-2387
-2523
-2600
-2663
-2741
-2813
-2843
-2925
-2986
-3026
-3071
-3035
-2859
-2584
-2206
-1751
-1185
-440
400
1215
1954
2516
2964
3290
3432
3457
3354
3205
3002
2817
2715
2660
2700
2703
2644
2556
2385
2175
1888
1478
987
473
-27
-445
-768
-1015
-1139
-1239
-1256
-1184
-1083
-938
-810
-688
-604
-472
-230
35
267
471
719
1040
1348
1597
1676
1652
1622
1550
1463
1268
1032
928
886
872
907
937
991
980
987
827
638
491
314
168
-46
-254
-436
-586
-772
-917
-1072
-1240
-1440
-1701
-1951
-2210
-2311
-2362
-2440
-2551
-2655
-2668
-2676
-2654
-2737
-2884
-3070
-3210
-3340
-3420
-3507
-3592
-3541
-3349
-2968
-2437
-1813
-1018
-119
790
1617
2226
2707
3066
3361
3522
3525
3474
3440
3419
3386
3352
3284
3188
3111
3020
2833
2514
2083
1571
1007
463
-59
-588
-1047
-1328
-1422
-1449
-1437
-1388
-1297
-1136
-912
-699
-493
-211
153
579
873
1102
1323
1487
1622
1667
1662
1623
1538
1464
1331
1108
925
762
631
598
550
517
545
547
475
382
323
293
321
298
208
158
68
-48
-167
-376
-650
-952
-1168
-1370
-1672
-2019
-2454
-2797
-3065
-3322
-3499
-3665
-3780
-3908
-4114
-4349
-4565
-4788
-5027
-5186
-5063
-4580
-3852
-3010
-2033
-855
468
1746
2864
3748
4274
4561
4701
4691
4533
4227
3907
3646
3529
3448
3374
3251
3141
3019
2701
2156
1420
701
-19
-676
-1248
-1725
-1937
-1819
-1505
-1068
-675
-287
126
461
705
782
808
881
1078
1397
1634
1822
1903
1911
1875
1714
1415
983
611
390
240
55
-126
-127
32
298
562
753
924
1119
1252
1141
878
640
409
110
-286
-586
-798
-936
-1092
-1372
-1731
-2117
-2451
-2792
-3216
-3781
-4334
-4784
-5149
-5428
-5740
-5958
-6063
-6059
-6028
-5832
-5171
-4104
-2894
-1798
-728
586
2071
3537
4593
5129
5396
5508
5504
5178
4471
3651
3028
2644
2471
2295
2119
1997
1954
1714
1107
242
-602
-1206
-1641
-1957
-2092
-1989
-1600
-924
-116
654
1351
1991
2506
2921
3134
3157
3048
2930
2822
2573
2331
2147
1963
1644
1168
704
149
-492
-1065
-1511
-1818
-1897
-1712
-1229
-535
217
918
1443
1881
2242
2313
2056
1628
1163
700
288
-88
-503
-962
-1339
-1633
-2013
-2534
-3198
-3919
-4564
-5170
-5787
-6475
-7065
-7358
-7412
-7382
-7380
-7252
-6658
-5382
-3608
-1889
-455
1117
2982
4858
6234
6967
7105
6748
6272
5672
4827
3822
2876
2183
1715
1437
1244
995
757
480
-134
-1098
-2058
-2807
-3369
-3746
-3848
-3532
-2907
-1991
-772
587
1947
3226
4338
5067
5503
5673
5582
5358
5024
4587
4046
3457
2869
2156
1325
407
-600
-1567
-2362
-2807
-2984
-2818
-2342
-1701
-813
194
1154
1830
2289
2642
2722
2406
1831
1188
598
122
-347
-850
-1342
-1705
-2030
-2498
-3101
-3906
-4773
-5683
-6599
-7486
-8311
-8917
-9255
-9382
-9346
-8557
-6841
-4475
-2030
141
2327
4569
6708
8331
9074
8991
8355
7476
6405
5144
3801
2509
1566
947
649
402
114
-144
-635
-1487
-2684
-3850
-4599
-4990
-5034
-4632
-3770
-2422
-820
921
2553
3879
4886
5482
5760
5776
5587
5217
4731
4322
3956
3504
2953
2261
1370
316
-858
-1948
-2872
-3553
-3911
-3822
-3222
-2183
-862
631
2045
3112
3699
3816
3682
3274
2504
1511
657
208
16
-167
-510
-940
-1363
-1963
-2879
-4065
-5473
-6903
-8204
-9274
-10091
-10729
-11129
-11104
-10066
-7950
-5222
-2470
77
2721
5394
7660
9152
9663
9368
8490
7414
6329
5168
3860
2628
1764
1358
1190
939
483
-200
-1094
-2331
-3878
-5241
-6126
-6555
-6432
-5609
-4036
-1951
315
2484
4402
6046
7271
7928
7951
7522
6916
6102
5160
4232
3281
2325
1298
151
-1124
-2451
-3507
-4253
-4770
-5027
-4947
-4315
-3171
-1646
-119
1191
2279
3008
3357
3354
3158
2759
2166
1601
1234
1198
1275
1255
983
329
-522
-1527
-2821
-4410
-6210
-7906
-9253
-10197
-10843
-11347
-11239
-9879
-7332
-4336
-1603
936
3510
5867
7710
8593
8405
7538
6424
5391
4312
3281
2437
1816
1556
1466
1274
848
186
-689
-2029
-3808
-5624
-6789
-7113
-6764
-5801
-4213
-1979
601
3065
5131
6744
7839
8275
8051
7320
6374
5491
4653
3892
3094
2314
1505
644
-365
-1518
-2675
-3654
-4217
-4391
-4153
-3493
-2417
-1046
239
1287
2105
2600
2664
2205
1542
921
510
219
88
200
564
1036
1286
1036
244
-864
-2325
-4074
-6006
-7818
-9300
-10341
-11085
-11296
-10248
-7653
-4240
-1207
1301
3664
6024
7860
8751
8444
7300
5893
4716
3761
2866
2095
1486
1288
1342
1327
876
81
-868
-2237
-4128
-6165
-7539
-7828
-7306
-6125
-4329
-1858
949
3545
5531
7007
7944
8228
7901
7142
6307
5333
4352
3430
2529
1601
598
-358
-1177
-2101
-3027
-3781
-4047
-3801
-3265
-2506
-1572
-501
572
1361
1854
2033
1826
1271
768
542
535
584
629
923
1449
1947
1991
1424
358
-1104
-2914
-4903
-6753
-8246
-9408
-10338
-10862
-10124
-7841
-4548
-1360
1170
3376
5478
7199
8004
7689
6322
4603
3092
2182
1539
990
597
498
697
848
692
104
-721
-1825
-3393
-5143
-6412
-6591
-5950
-4715
-3018
-723
1872
4237
6026
7103
7806
7951
7517
6635
5695
4774
3661
2404
1270
335
-672
-1747
-2721
-3458
-3961
-4187
-3984
-3241
-2183
-1028
69
1083
1912
2240
2017
1391
541
-430
-1307
-1632
-1339
-719
-94
538
1237
1848
2032
1445
216
-1416
-3118
-4892
-6514
-7812
-8765
-9299
-9220
-7736
-4967
-1527
1458
3829
5772
7325
8346
8325
7390
5662
3892
2421
1489
849
340
-135
-510
-688
-914
-1305
-1952
-2763
-3766
-4926
-5865
-6139
-5473
-4170
-2496
-591
1478
3428
4904
5936
6640
6959
6712
6114
5539
4959
4159
3055
1930
843
-212
-1221
-2146
-2776
-3184
-3245
-2926
-2157
-1129
-188
697
1442
2062
2163
1731
963
113
-770
-1611
-2059
-2020
-1517
-1022
-554
-148
234
314
-266
-1360
-2699
-3922
-5074
-6096
-6968
-7684
-8085
-7770
-6017
-3203
-37
2545
4680
6628
8234
9122
8821
7724
5943
4190
2602
1492
613
-118
-687
-1198
-1440
-1766
-2155
-2695
-3257
-3939
-4791
-5277
-5080
-4006
-2523
-762
1190
3161
4691
5519
5927
6076
6123
5675
4918
4130
3368
2496
1356
67
-1227
-2347
-3210
-3787
-4122
-4117
-3631
-2607
-1204
216
1390
2279
2978
3318
3089
2362
1362
370
-537
-1181
-1315
-928
-373
-110
-138
-217
-351
-935
-2194
-3843
-5289
-6323
-6956
-7475
-7948
-8212
-7833
-6112
-3379
-331
2176
4201
6019
7513
8436
8344
7561
6191
4718
3389
2332
1529
723
-39
-735
-1168
-1548
-2085
-2740
-3422
-4057
-4598
-4723
-4162
-2893
-1316
319
2067
3909
5451
6265
6341
6125
5845
5389
4660
3756
2883
1768
635
-724
-1953
-3044
-3789
-4160
-4416
-4469
-4268
-3373
-1953
-436
709
1518
2273
2909
2998
2500
1708
845
153
-449
-602
-315
134
297
43
-98
-341
-808
-1848
-3272
-4635
-5829
-6645
-7285
-7679
-7813
-7195
-5248
-2455
445
2587
4396
5883
6989
7262
6696
5735
4498
3389
2334
1776
1356
922
269
-425
-880
-1406
-1957
-2638
-3231
-3757
-4097
-3980
-3260
-1958
-610
823
2303
3818
5042
5670
5907
5767
5483
4882
4057
3150
2179
1176
-23
-1292
-2417
-3108
-3366
-3405
-3386
-3276
-2905
-2174
-1203
-333
299
754
1109
1313
1201
862
361
-62
-376
-518
-367
-171
-21
-103
-324
-719
-1203
-1802
-2455
-3221
-4023
-4769
-5379
-5803
-6001
-5433
-3757
-1241
1303
3252
4616
5719
6312
6264
5398
4143
2760
1671
1026
748
596
213
-275
-707
-983
-1415
-2104
-2750
-3052
-3056
-3012
-2652
-1834
-454
901
2023
3052
4086
5105
5637
5789
5581
5365
4902
4077
2881
1529
181
-1216
-2569
-3709
-4258
-4375
-4181
-3871
-3310
-2472
-1464
-515
48
376
611
816
841
578
177
-175
-244
-263
-105
43
76
-175
-754
-1333
-1892
-2408
-3087
-3776
-4323
-4494
-4554
-4755
-5087
-5064
-3909
-1613
1115
3453
5103
6378
7209
7372
6788
5617
4288
2844
1552
610
168
-12
-424
-1134
-1929
-2491
-2953
-3380
-3745
-3830
-3661
-3224
-2283
-763
963
2294
3209
4129
5232
6285
6848
6789
6459
5917
5215
4028
2588
972
-662
-2292
-3785
-4791
-5227
-5072
-4656
-4117
-3526
-2734
-1758
-795
-198
-12
5
59
191
295
339
422
610
986
1368
1516
1164
370
-605
-1729
-2784
-3752
-4532
-5217
-5835
-6265
-6557
-6715
-6428
-5385
-3155
-373
2292
4397
6007
7306
7781
7583
6697
5737
4714
3699
2863
2248
1866
1174
136
-1041
-2024
-2800
-3545
-4198
-4581
-4516
-4173
-3445
-2145
-531
1001
2236
3398
4681
5884
6758
7072
7201
7014
6357
5164
3539
1969
465
-921
-2301
-3374
-4031
-4408
-4475
-4418
-4096
-3556
-2963
-2433
-2103
-1913
-1873
-1913
-1988
-1859
-1660
-1139
-468
379
1166
1634
1826
1554
1077
207
-721
-1729
-2643
-3564
-4398
-5147
-5799
-6257
-6093
-4982
-2877
-293
2077
3876
5113
5884
6043
5751
4915
4061
3323
2922
2673
2546
2312
1754
837
-414
-1546
-2493
-3207
-3728
-4074
-4068
-3707
-2769
-1546
-201
1121
2177
3366
4473
5778
6707
7268
7466
7176
6639
5396
3955
2357
870
-390
-1534
-2211
-2690
-2923
-3138
-3333
-3338
-3277
-3114
-3011
-2895
-2916
-2996
-3140
-3067
-2854
-2415
-1808
-1121
-407
-27
177
126
-39
-381
-862
-1380
-1757
-2159
-2738
-3481
-4282
-4864
-5103
-4655
-3487
-1530
569
2500
3830
4830
5248
5178
4637
3927
3495
3335
3460
3477
3389
2888
2068
932
-390
-1656
-2888
-3751
-4340
-4461
-4297
-3832
-3104
-2140
-1061
37
1360
2719
4152
5119
5940
6372
6710
6620
5979
4981
3662
2513
1397
446
-283
-778
-992
-1153
-1303
-1520
-1639
-1720
-1758
-1920
-2309
-2764
-3281
-3532
-3599
-3326
-2760
-1983
-1230
-610
-207
27
18
-402
-953
-1550
-1897
-2375
-2928
-3722
-4379
-4872
-4917
-4394
-3212
-1418
280
1958
2955
3900
4064
3963
3341
2654
2331
2192
2630
3055
3540
3549
3254
2597
1643
585
-673
-1683
-2482
-2909
-3191
-3274
-3044
-2615
-1895
-1118
-54
1269
2492
3498
4017
4415
4775
4742
4352
3366
2443
1565
913
442
-13
-347
-670
-867
-940
-849
-805
-837
-1032
-1309
-1591
-1973
-2271
-2517
-2508
-2246
-1927
-1370
-955
-496
-314
-219
-284
-533
-857
-1249
-1607
-2039
-2591
-3289
-3906
-4368
-4156
-3545
-2028
-458
1239
2403
2984
3471
3254
3106
2329
1843
1394
1317
1554
1808
2294
2416
2465
1965
1353
552
-287
-951
-1634
-1868
-2244
-2275
-2258
-1867
-1120
-418
731
1659
2992
3794
4380
4615
4524
4366
3729
3066
2105
1284
471
-258
-827
-1325
-1618
-1853
-1881
-1845
-1723
-1642
-1768
-1968
-2370
-2676
-2976
-2915
-2710
-2247
-1705
-1219
-708
-342
-19
134
106
19
-242
-585
-1032
-1593
-2223
-2871
-3450
-3748
-3551
-2817
-1349
155
1796
2640
3263
3261
3147
2946
2432
2130
1787
1903
2113
2376
2497
2398
2122
1569
899
150
-450
-886
-1196
-1374
-1573
-1630
-1776
-1620
-1372
-835
-269
455
1201
1983
2756
3276
3655
3680
3634
3340
2966
2480
1834
1217
443
-213
-880
-1382
-1634
-1814
-1858
-2029
-2180
-2442
-2662
-2874
-3056
-3157
-3174
-2973
-2699
-2347
-2015
-1734
-1405
-1045
-499
-188
54
6
-189
-519
-1050
-1530
-2171
-2315
-2329
-1584
-600
737
1890
2637
3104
2849
2714
2133
1856
1504
1416
1594
1833
2340
2512
2585
2304
1825
1257
558
101
-338
-370
-406
-411
-451
-557
-449
-350
-128
-8
40
177
180
367
554
767
1055
1162
1376
1331
1461
1510
1360
1067
613
210
-323
-671
-1023
-1351
-1660
-1956
-2094
-2152
-2061
-1910
-1815
-1699
-1670
-1590
-1642
-1801
-1886
-1919
-1696
-1392
-934
-519
-191
-23
13
-104
-347
-634
-895
-986
-872
-496
36
631
1062
1309
1221
1030
685
353
84
-64
29
224
578
850
1100
1309
1415
1464
1335
1173
990
928
993
1039
1072
956
878
752
722
675
576
494
292
128
-22
8
121
200
258
226
203
259
310
381
296
199
111
79
171
217
236
180
205
265
350
417
367
206
-100
-441
-803
-1086
-1317
-1460
-1482
-1435
-1277
-1134
-1002
-863
-744
-674
-653
-589
-507
-376
-232
-131
-72
-112
-224
-426
-654
-873
-1056
-1213
-1348
-1483
-1540
-1511
-1370
-1147
-890
-567
-263
14
241
429
581
760
942
1068
1109
1035
890
769
767
874
1097
1332
1599
1795
1877
1894
1874
1782
1572
1227
905
729
733
813
790
790
710
664
592
549
546
460
346
201
203
312
372
216
-59
-412
-783
-1154
-1476
-1589
-1636
-1604
-1612
-1550
-1456
-1388
-1359
-1427
-1468
-1523
-1564
-1539
-1392
-1161
-962
-810
-727
-698
-703
-780
-845
-858
-786
-672
-570
-386
-151
69
244
346
468
544
627
718
823
989
1108
1244
1265
1212
1072
851
682
543
481
536
746
1076
1411
1688
1903
2000
1979
1791
1513
1252
1048
979
908
840
692
531
435
288
174
7
-109
-200
-268
-272
-269
-268
-383
-589
-800
-919
-914
-918
-916
-929
-896
-858
-874
-927
-1044
-1134
-1235
-1348
-1488
-1602
-1654
-1674
-1637
-1599
-1588
-1648
-1782
-1979
-2169
-2247
-2151
-1898
-1513
-1007
-444
119
623
1044
1391
1655
1825
1950
2088
2269
2416
2428
2371
2235
2048
1764
1358
937
528
228
-2
-132
-103
21
251
404
503
603
711
798
849
920
1051
1229
1323
1285
1181
1095
963
765
487
246
92
14
-31
-120
-221
-363
-521
-660
-767
-845
-933
-1045
-1136
-1183
-1203
-1199
-1189
-1206
-1249
-1234
-1224
-1173
-1171
-1189
-1201
-1203
-1178
-1183
-1259
-1451
-1705
-1999
-2229
-2309
-2153
-1755
-1239
-740
-325
31
356
675
949
1164
1321
1485
1729
2027
2342
2557
2668
2669
2537
2310
1964
1572
1100
610
171
-180
-334
-372
-316
-290
-236
-54
227
537
762
936
1071
1222
1338
1356
1302
1197
1021
792
560
393
296
200
77
-36
-85
-108
-148
-232
-371
-535
-701
-894
-1091
-1261
-1373
-1438
-1489
-1519
-1498
-1422
-1304
-1164
-1027
-936
-897
-916
-1009
-1178
-1408
-1649
-1872
-2080
-2251
-2357
-2303
-2031
-1602
-1121
-797
-566
-381
-134
199
613
1003
1311
1581
1853
2172
2460
2616
2585
2462
2312
2153
1918
1635
1267
850
452
145
-28
-79
-49
4
151
422
751
1002
1133
1220
1351
1487
1500
1416
1259
1079
862
630
404
224
69
-50
-96
-137
-158
-217
-269
-360
-505
-740
-999
-1235
-1434
-1585
-1699
-1791
-1843
-1801
-1694
-1455
-1161
-937
-815
-761
-730
-735
-807
-968
-1165
-1370
-1532
-1670
-1750
-1807
-1826
-1697
-1468
-1144
-865
-629
-410
-140
227
621
1000
1293
1519
1697
1884
2037
2094
2059
1938
1778
1603
1411
1152
828
510
254
145
178
320
507
719
970
1212
1434
1571
1655
1750
1828
1877
1858
1750
1554
1309
1021
741
491
287
160
37
-77
-191
-301
-404
-513
-660
-860
-1094
-1348
-1585
-1801
-2003
-2178
-2267
-2268
-2159
-1934
-1674
-1438
-1273
-1160
-1054
-936
-909
-980
-1138
-1297
-1375
-1376
-1373
-1442
-1576
-1675
-1588
-1279
-852
-480
-227
-7
261
603
957
1219
1364
1397
1450
1558
1705
1759
1653
1467
1303
1205
1079
894
672
463
339
322
409
537
684
853
1044
1253
1430
1525
1508
1443
1390
1381
1341
1215
1018
815
658
576
509
427
333
216
110
26
-33
-91
-166
-250
-388
-551
-739
-944
-1166
-1388
-1532
-1616
-1645
-1653
-1652
-1576
-1436
-1295
-1199
-1137
-1099
-1082
-1136
-1233
-1342
-1390
-1384
-1326
-1299
-1353
-1420
-1461
-1330
-1021
-626
-296
-83
64
210
399
603
749
830
883
932
1005
1083
1120
1059
948
884
896
936
923
865
812
804
855
985
1146
1307
1471
1584
1640
1589
1515
1394
1272
1202
1120
1044
931
828
707
581
459
338
254
156
67
-14
-52
-85
-103
-123
-153
-184
-243
-382
-569
-748
-896
-1008
-1139
-1233
-1297
-1304
-1287
-1265
-1253
-1272
-1306
-1350
-1413
-1477
-1531
-1525
-1412
-1238
-1084
-1055
-1125
-1289
-1344
-1204
-966
-709
-555
-506
-488
-369
-189
30
250
374
404
440
530
642
721
718
695
684
753
862
942
972
985
1008
1088
1216
1360
1490
1535
1546
1558
1549
1494
1431
1380
1329
1247
1119
965
761
564
407
311
225
137
61
-10
-42
-82
-123
-137
-155
-141
-126
-156
-220
-316
-392
-467
-537
-595
-655
-717
-754
-776
-807
-885
-1015
-1130
-1218
-1262
-1292
-1288
-1275
-1224
-1125
-1011
-949
-988
-1111
-1281
-1373
-1363
-1273
-1142
-1022
-902
-738
-517
-311
-117
33
131
208
316
434
543
622
662
718
830
977
1092
1156
1165
1147
1152
1203
1309
1408
1491
1575
1642
1712
1728
1681
1586
1484
1396
1245
1059
860
660
488
348
218
63
-87
-201
-285
-344
-342
-322
-311
-261
-193
-145
-180
-293
-431
-548
-616
-659
-691
-734
-795
-816
-831
-839
-868
-921
-938
-950
-954
-937
-888
-842
-789
-753
-757
-778
-901
-1099
-1322
-1481
-1550
-1521
-1410
-1260
-1069
-884
-670
-447
-210
3
180
326
400
475
544
626
711
796
884
965
1014
1065
1117
1174
1291
1407
1521
1572
1569
1508
1448
1351
1226
1090
960
837
718
644
578
487
358
241
132
45
-59
-156
-216
-237
-180
-56
63
145
203
219
198
138
17
-145
-317
-482
-607
-671
-739
-819
-878
-937
-942
-888
-821
-776
-737
-692
-632
-599
-578
-548
-567
-609
-688
-846
-1063
-1272
-1438
-1491
-1420
-1275
-1099
-904
-716
-532
-331
-143
58
232
337
422
491
572
672
769
860
947
1053
1186
1291
1352
1402
1396
1343
1293
1248
1215
1156
1074
990
925
862
807
735
642
546
416
288
216
162
105
66
24
-40
-98
-149
-160
-144
-90
6
116
225
280
261
176
46
-93
-251
-416
-555
-666
-747
-786
-754
-706
-702
-737
-777
-809
-793
-760
-747
-776
-843
-904
-962
-1021
-1124
-1275
-1437
-1555
-1629
-1627
-1506
-1300
-1064
-819
-583
-333
-104
82
222
312
383
460
575
720
860
971
1075
1163
1234
1267
1258
1228
1186
1152
1118
1109
1106
1096
1088
1053
993
940
844
733
619
525
459
395
343
290
222
148
80
25
-13
-19
-7
40
103
187
283
346
353
295
203
99
-3
-99
-215
-352
-480
-599
-680
-722
-732
-733
-733
-765
-775
-714
-659
-633
-640
-694
-797
-890
-987
-1101
-1227
-1350
-1455
-1560
-1580
-1499
-1324
-1090
-869
-661
-471
-311
-170
-48
55
163
274
381
467
562
664
747
792
835
879
892
913
959
991
1007
1007
998
1014
1043
1063
1088
1086
1059
1020
959
878
789
685
568
489
429
374
341
315
286
279
290
316
344
362
369
361
338
304
217
127
0
-156
-298
-437
-553
-669
-738
-779
-806
-781
-762
-717
-660
-615
-589
-593
-628
-700
-784
-872
-981
-1117
-1246
-1357
-1440
-1502
-1516
-1506
-1468
-1362
-1201
-1029
-843
-678
-545
-418
-310
-186
-62
87
234
383
523
644
744
842
941
1002
1056
1091
1121
1120
1125
1146
1172
1190
1195
1204
1204
1190
1147
1104
1021
902
789
682
586
525
465
405
369
347
344
334
344
358
364
347
318
262
171
74
-17
-121
-222
-338
-441
-522
-595
-642
-666
-662
-633
-584
-515
-446
-380
-359
-381
-437
-519
-599
-696
-790
-899
-1017
-1110
-1149
-1175
-1203
-1236
-1270
-1326
-1346
-1297
-1218
-1117
-999
-876
-759
-621
-474
-300
-145
-20
100
225
331
444
569
682
803
930
1044
1143
1235
1295
1338
1395
1462
1518
1562
1598
1586
1519
1433
1318
1167
1030
880
730
621
540
491
460
440
399
351
303
239
161
62
-55
-147
-225
-288
-347
-406
-440
-480
-514
-550
-597
-630
-622
-581
-523
-464
-412
-389
-381
-400
-445
-514
-595
-671
-750
-814
-868
-915
-945
-999
-1054
-1101
-1144
-1189
-1231
-1236
-1233
-1204
-1135
-1039
-915
-783
-645
-488
-339
-209
-76
37
127
196
277
382
505
639
755
865
965
1038
1119
1212
1301
1359
1395
1397
1348
1302
1253
1195
1105
1005
891
769
676
612
576
552
522
492
452
401
345
301
214
118
68
8
-52
-121
-197
-249
-300
-325
-354
-392
-436
-452
-426
-407
-375
-357
-340
-339
-329
-309
-339
-383
-438
-507
-594
-649
-677
-709
-732
-751
-767
-800
-821
-854
-906
-937
-954
-969
-951
-892
-804
-675
-541
-414
-298
-181
-69
43
167
283
409
523
652
754
860
945
1013
1069
1084
1080
1047
1011
987
963
918
887
855
784
708
615
524
451
377
306
255
252
272
294
312
308
287
247
193
127
64
7
-64
-128
-198
-248
-286
-300
-309
-312
-317
-322
-327
-337
-324
-317
-316
-339
-388
-448
-502
-558
-618
-663
-699
-728
-745
-746
-754
-758
-777
-806
-841
-878
-896
-925
-952
-964
-937
-884
-786
-673
-558
-432
-297
-152
-6
149
316
462
603
728
836
942
1022
1076
1092
1094
1083
1056
1034
1016
990
954
911
850
777
722
649
584
529
466
419
388
376
355
346
320
284
253
203
163
108
69
7
-53
-111
-165
-206
-227
-228
-216
-189
-163
-129
-111
-110
-100
-109
-148
-186
-241
-316
-397
-458
-513
-572
-602
-616
-648
-675
-691
-716
-761
-798
-832
-865
-896
-932
-956
-974
-975
-966
-915
-850
-774
-675
-560
-446
-309
-136
22
157
298
443
565
682
788
871
916
959
1004
1012
1021
1020
999
976
951
909
865
819
760
714
678
643
600
575
540
499
452
411
350
279
221
159
106
61
5
-38
-62
-91
-99
-93
-88
-85
-75
-66
-75
-88
-101
-128
-170
-216
-265
-315
-361
-414
-463
-501
-541
-588
-617
-658
-704
-745
-794
-819
-853
-882
-906
-910
-913
-916
-887
-873
-853
-816
-776
-718
-643
-557
-479
-382
-252
-124
6
133
248
358
475
591
681
759
833
891
943
959
984
990
978
958
938
909
876
851
813
771
730
695
660
622
568
512
449
382
322
264
186
128
72
24
-16
-36
-68
-104
-107
-125
-140
-158
-169
-203
-222
-226
-251
-249
-251
-249
-267
-275
-288
-309
-325
-358
-408
-456
-500
-544
-574
-587
-610
-632
-654
-668
-676
-696
-711
-719
-738
-742
-741
-722
-696
-657
-606
-546
-470
-390
-291
-189
-91
17
132
240
342
461
571
661
748
827
873
912
933
944
936
923
908
892
883
864
832
791
758
720
684
644
600
538
478
421
371
311
256
208
144
98
46
-9
-68
-112
-156
-202
-232
-267
-291
-317
-327
-338
-350
-353
-352
-342
-343
-336
-345
-366
-392
-422
-448
-481
-500
-517
-536
-551
-575
-587
-617
-642
-673
-707
-736
-770
-777
-782
-782
-764
-749
-721
-686
-623
-551
-469
-378
-285
-182
-83
31
136
244
344
429
520
595
664
729
790
829
857
869
882
898
912
912
904
896
879
853
824
790
736
688
641
582
525
474
417
361
302
249
188
122
64
12
-40
-89
-126
-156
-180
-202
-221
-236
-261
-268
-266
-264
-263
-262
-255
-266
-276
-291
-298
-322
-344
-365
-401
-431
-468
-497
-536
-573
-603
-637
-668
-696
-717
-730
-737
-728
-713
-692
-660
-604
-543
-485
-418
-334
-248
-165
-74
12
93
174
249
321
382
441
489
541
586
619
644
659
687
702
715
733
742
742
720
702
671
648
624
595
562
524
497
471
448
414
367
324
270
210
150
91
35
-16
-55
-98
-136
-173
-207
-239
-264
-278
-294
-306
-304
-306
-297
-292
-285
-279
-274
-272
-282
-290
-308
-336
-365
-395
-428
-459
-487
-520
-563
-598
-619
-631
-634
-634
-623
-612
-584
-548
-513
-471
-434
-380
-321
-254
-178
-94
-15
59
129
202
273
331
382
421
460
495
524
547
570
586
591
589
582
580
574
566
564
555
552
551
550
537
516
501
477
439
400
359
306
248
198
148
92
36
-14
-59
-104
-144
-181
-206
-224
-245
-260
-268
-267
-257
-250
-227
-208
-179
-158
-148
-146
-156
-167
-187
-218
-255
-294
-339
-379
-419
-454
-491
-525
-544
-561
-567
-567
-556
-538
-518
-494
-462
-427
-387
-342
-292
-239
-184
-113
-52
20
82
147
207
259
309
340
382
413
446
464
479
492
500
510
525
543
568
581
603
615
620
622
618
616
595
570
534
493
438
383
316
248
174
101
30
-47
-116
-185
-240
-286
-318
-341
-357
-354
-342
-318
-299
-265
-224
-187
-149
-118
-90
-77
-74
-84
-101
-131
-174
-227
-284
-328
-382
-418
-456
-478
-499
-510
-516
-524
-521
-524
-511
-497
-478
-454
-425
-379
-325
-264
-200
-137
-80
-32
20
78
122
160
202
246
285
314
345
367
384
406
421
437
448
464
482
496
503
508
507
500
492
475
455
421
387
347
299
244
183
126
60
3
-50
-91
-125
-154
-169
-180
-190
-189
-179
-160
-137
-104
-68
-25
10
47
75
100
116
121
121
106
84
55
21
-23
-69
-121
-172
-218
-265
-300
-336
-358
-381
-396
-409
-415
-414
-412
-404
-388
-360
-324
-279
-227
-177
-129
-83
-40
1
39
73
107
130
152
166
180
190
196
205
215
222
228
233
238
238
236
239
237
234
227
215
197
176
153
122
90
51
19
-16
-51
-79
-106
-130
-153
-172
-188
-198
-205
-200
-188
-163
-134
-97
-52
-11
34
70
109
138
164
183
193
195
190
185
171
155
131
107
75
39
1
-34
-65
-95
-119
-147
-170
-197
-219
-236
-246
-247
-239
-220
-191
-154
-113
-73
-37
-6
18
42
59
75
88
98
106
109
107
105
100
98
100
107
117
122
129
130
137
138
142
139
134
124
110
96
76
54
28
1
-27
-50
-76
-98
-124
-144
-164
-183
-197
-212
-218
-224
-221
-209
-188
-159
-126
-90
-57
-22
11
40
65
85
99
110
115
125
131
139
139
133
121
100
80
55
33
10
-10
-31
-53
-70
-86
-99
-109
-113
-111
-97
-78
-50
-22
8
31
54
72
88
99
102
103
98
93
86
79
72
66
59
57
57
59
61
63
64
64
65
63
62
57
49
37
22
2
-20
-44
-69
-95
-119
-143
-166
-187
-207
-227
-246
-262
-276
-281
-281
-272
-258
-241
-216
-189
-156
-122
-85
-51
-17
15
42
70
95
118
140
161
179
195
205
213
215
213
207
198
185
171
156
141
126
111
102
94
89
87
87
92
97
105
111
117
124
127
129
128
129
126
122
118
110
102
92
83
76
72
70
68
66
62
55
46
35
20
2
-21
-49
-83
-115
-147
-176
-201
-227
-252
-276
-299
-318
-336
-349
-361
-370
-378
-382
-381
-373
-359
-341
-316
-291
-262
-231
-199
-163
-128
-91
-55
-21
13
45
76
104
132
157
181
202
219
231
239
242
242
239
232
223
210
198
183
173
165
160
158
159
162
166
172
178
180
183
183
181
180
180
184
187
191
191
189
185
177
166
155
139
124
106
87
69
47
25
-3
-36
-72
-110
-145
-178
-205
-231
-253
-273
-290
-303
-313
-320
-328
-333
-337
-340
-340
-338
-334
-327
-315
-298
-275
-248
-219
-187
-158
-131
-105
-77
-51
-23
5
35
63
92
120
146
168
185
197
204
206
202
196
188
177
167
156
148
139
132
127
123
123
123
123
124
121
116
111
107
106
108
116
129
144
160
174
185
191
190
185
177
165
153
139
124
107
88
67
42
12
-20
-54
-87
-117
-145
-169
-189
-209
-226
-243
-257
-270
-279
-285
-289
-290
-294
-294
-294
-291
-287
-280
-270
-255
-235
-215
-192
-170
-146
-125
-103
-81
-56
-29
-2
28
59
88
117
143
165
182
192
197
198
195
192
187
187
184
183
181
177
172
166
159
149
139
129
118
110
102
99
102
107
113
122
131
140
149
156
161
162
161
156
149
138
128
115
101
84
65
43
18
-8
-37
-66
-95
-123
-152
-178
-203
-226
-248
-269
-287
-302
-314
-323
-328
-330
-328
-325
-318
-310
-299
-285
-269
-250
-229
-208
-186
-164
-139
-112
-85
-54
-21
13
45
76
105
129
152
172
188
199
208
215
215
215
212
207
202
196
191
188
184
179
176
172
165
159
151
144
139
138
139
142
146
153
156
159
161
159
156
150
144
137
127
118
106
95
83
68
51
33
12
-10
-33
-59
-85
-111
-135
-158
-180
-202
-224
-244
-263
-279
-292
-302
-306
-306
-302
-296
-288
-280
-271
-262
-252
-239
-223
-208
-189
-167
-145
-120
-95
-68
-43
-17
9
32
53
72
86
101
112
122
130
136
141
145
146
146
145
141
140
137
138
140
144
148
152
156
158
159
158
157
156
156
156
154
153
152
151
148
143
138
131
122
113
102
91
80
69
58
45
30
12
-6
-25
-43
-60
-77
-93
-109
-126
-144
-163
-180
-197
-211
-222
-230
-234
-234
-232
-228
-224
-217
-212
-206
-200
-192
-181
-170
-155
-139
-122
-105
-90
-74
-55
-37
-16
4
24
42
57
71
82
90
98
105
113
121
129
133
136
135
134
133
133
136
139
142
143
143
142
139
138
135
134
133
133
132
132
129
128
125
121
119
114
110
104
98
92
87
80
71
60
46
29
9
-8
-24
-39
-51
-65
-78
-93
-109
-127
-146
-164
-182
-198
-209
-218
-225
-229
-234
-234
-234
-230
-229
-227
-223
-217
-208
-196
-182
-167
-151
-137
-119
-102
-81
-61
-39
-17
6
30
51
71
87
99
112
124
136
145
152
155
154
153
150
149
148
150
153
155
160
160
161
159
156
153
152
149
146
142
137
130
125
122
119
118
113
107
99
90
79
65
51
33
16
-5
-23
-42
-60
-79
-96
-112
-127
-138
-150
-161
-170
-178
-183
-185
-188
-189
-190
-189
-187
-182
-177
-172
-167
-164
-157
-151
-143
-135
-124
-113
-102
-90
-79
-66
-54
-38
-22
-4
14
34
52
69
83
95
104
111
117
118
118
117
113
111
107
104
102
102
103
106
109
113
118
121
121
122
121
122
122
122
122
121
121
121
120
117
114
108
103
90
80
64
47
29
9
-8
-25
-40
-56
-70
-85
-99
-110
-121
-130
-139
-143
-147
-147
-145
-142
-137
-135
-130
-126
-121
-118
-115
-112
-110
-105
-101
-95
-93
-87
-83
-76
-69
-60
-52
-43
-31
-20
-6
5
19
29
38
46
53
57
61
63
62
60
59
59
58
57
54
53
51
51
53
56
61
67
72
79
83
87
91
92
94
94
97
98
98
98
96
94
90
86
79
70
60
49
39
26
15
1
-10
-25
-36
-50
-63
-75
-84
-91
-99
-100
-104
-104
-106
-107
-109
-111
-112
-114
-112
-114
-111
-110
-107
-103
-98
-91
-86
-78
-71
-62
-53
-42
-31
-21
-11
-3
7
15
25
32
41
48
55
60
63
65
63
63
62
61
59
58
59
59
60
59
62
62
63
65
68
71
74
78
79
80
80
78
77
73
71
66
65
61
60
57
55
51
46
41
34
25
15
4
-7
-19
-30
-39
-47
-54
-59
-63
-65
-67
-67
-69
-72
-76
-81
-85
-90
-95
-98
-101
-101
-101
-100
-96
-93
-88
-84
-78
-73
-67
-62
-56
-51
-46
-41
-36
-28
-22
-14
-6
2
11
18
26
29
34
35
38
38
40
42
45
51
53
57
59
62
63
65
66
67
71
71
74
73
72
68
63
60
54
54
52
56
58
60
60
59
56
49
44
35
30
23
19
14
11
7
-1
-8
-16
-21
-30
-33
-39
-40
-42
-45
-47
-52
-55
-61
-64
-68
-71
-73
-73
-73
-71
-69
-66
-63
-58
-56
-53
-50
-50
-48
-47
-44
-42
-37
-34
-25
-19
-12
-4
0
6
8
11
11
15
15
18
21
25
29
31
35
36
39
39
41
42
42
44
45
46
46
48
48
49
49
49
49
47
48
46
45
44
42
40
36
35
31
27
23
19
14
11
6
0
-3
-10
-13
-19
-23
-27
-31
-33
-37
-37
-41
-41
-45
-45
-47
-49
-50
-49
-48
-47
-44
-42
-40
-38
-37
-37
-37
-37
-36
-34
-32
-29
-24
-20
-16
-12
-7
-4
-2
0
2
4
6
8
11
12
15
15
17
18
19
20
20
22
24
25
28
29
29
31
31
33
34
35
35
36
37
37
36
36
34
31
29
27
25
23
22
19
18
16
14
10
7
3
-2
-6
-10
-13
-16
-20
-21
-24
-25
-27
-27
-29
-28
-27
-27
-27
-25
-25
-23
-23
-23
-22
-23
-23
-23
-22
-22
-19
-18
-15
-14
-12
-10
-9
-8
-8
-7
-6
-5
-4
-3
-2
-1
1
1
3
4
5
6
7
8
11
12
13
15
17
19
20
22
22
22
23
23
23
23
23
23
23
23
22
22
21
20
19
18
16
14
11
10
9
7
4
3
0
-1
-4
-7
-9
-11
-15
-16
-19
-21
-22
-23
-23
-24
-24
-24
-24
-24
-23
-24
-23
-22
-22
-19
-17
-16
-14
-12
-12
-9
-9
-8
-5
-4
-1
0
1
4
5
5
5
6
6
7
7
9
10
10
12
13
14
14
15
15
15
15
14
14
14
13
13
12
11
9
9
8
8
7
7
7
6
7
6
4
4
3
3
2
1
1
0
0
-1
-3
-4
-6
-6
-8
-9
-9
-11
-11
-12
-12
-12
-13
-13
-14
-14
-13
-13
-12
-12
-11
-9
-8
-5
-7
-4
-3
-2
-1
0
1
3
3
4
4
4
5
5
5
6
5
5
5
5
5
5
5
6
6
6
7
8
7
7
7
7
7
7
7
6
5
6
6
5
6
5
5
4
3
3
2
1
0
-1
-2
-2
-3
-2
-4
-5
-4
-5
-6
-6
-6
-6
-6
-6
-7
-6
-7
-8
-8
-7
-8
-8
-8
-8
-8
-8
-7
-7
-7
-6
-5
-4
-4
-3
-2
-1
0
0
1
2
3
3
4
4
5
4
4
5
5
6
5
5
4
6
5
4
5
4
4
4
4
4
4
4
3
4
4
3
3
4
4
3
4
4
3
4
4
4
4
4
3
3
3
2
2
2
1
1
1
1
1
1
1
0
-1
-1
-1
-2
-2
-3
-5
-5
-5
-6
-6
-7
-7
-7
-8
-8
-7
-8
-8
-7
-7
-6
-5
-5
-4
-4
-4
-3
-2
-1
-2
-1
0
0
1
1
1
2
2
2
3
2
3
3
2
2
2
2
3
1
2
2
2
2
2
2
2
2
1
2
2
2
3
2
3
3
2
2
4
3
3
2
2
3
2
3
3
2
3
2
3
1
1
1
1
1
1
0
0
-1
-2
-2
-1
-2
-2
-3
-3
-4
-4
-3
-3
-3
-3
-3
-3
-3
-2
-2
-3
-2
-2
-2
-1
-1
-1
0
0
-1
0
0
0
1
0
0
0
0
0
0
-1
0
0
-1
-1
-1
-1
-1
-1
-1
-2
-1
-1
-1
-1
-1
0
1
0
0
0
1
1
1
1
1
2
2
3
3
2
2
3
1
2
2
1
1
1
1
1
0
0
-1
0
0
0
0
-1
0
1
0
0
0
1
1
1
2
2
2
2
2
2
2
3
2
2
1
1
1
0
0
1
1
0
0
1
0
0
-1
-1
0
0
-1
0
-1
-2
-1
-2
0
-1
-1
-1
-1
-2
-2
-3
-2
-2
-2
-3
-4
-2
-3
-3
-3
-2
-3
-3
-2
-2
-1
-2
-2
-1
-1
0
0
0
0
1
1
1
2
2
2
2
3
2
2
2
1
2
2
2
2
2
2
2
1
1
1
1
1
1
2
1
2
1
1
1
1
1
1
1
0
1
0
1
0
0
0
-1
-1
-1
-1
0
-2
-2
-2
-1
-2
-2
-2
-2
-2
-2
-2
-1
-2
-2
-2
-2
-1
-1
-1
-1
0
-1
-1
-1
0
0
0
-1
0
0
0
0
1
0
0
1
0
0
0
1
-1
0
-1
0
0
0
1
0
1
0
1
1
2
2
1
2
2
3
2
2
2
3
3
2
2
3
3
3
2
2
2
3
2
1
2
1
1
1
1
1
0
-1
0
-1
0
-1
-2
-1
-1
-2
-2
-2
-2
-3
-3
-3
-2
-3
-3
-3
-2
-3
-2
-2
-3
-3
-2
-2
-1
-2
-1
-2
-1
-1
-1
-1
-1
-1
-1
-1
-1
0
0
0
0
0
1
1
1
1
1
1
1
2
2
1
1
1
2
3
2
2
1
2
2
2
2
2
2
2
2
1
2
2
2
1
2
1
2
1
1
1
1
1
-1
0
0
-1
0
-1
-1
-1
-1
-1
-1
-2
-2
-2
-2
-2
-2
-1
-1
-2
-2
-3
-1
-2
-2
-2
-1
-1
-1
-1
-1
-1
0
0
0
1
0
0
1
0
1
1
1
2
1
1
1
1
2
1
1
1
1
1
2
2
1
1
0
1
0
0
1
0
1
1
1
0
0
0
1
1
0
1
1
1
0
1
-1
0
1
0
0
0
-1
-1
-1
0
0
0
-1
-1
-1
-1
-1
0
1
-1
0
-1
0
0
-1
0
0
1
-1
0
-1
0
0
0
1
0
0
0
0
0
0
1
0
1
0
0
-1
1
0
0
1
1
0
0
1
1
1
0
0
1
0
1
0
1
0
0
0
0
-1
0
0
1
1
0
0
0
0
0
0
0
0
0
0
-1
0
0
0
0
-1
0
-1
1
0
0
0
0
-1
-1
0
-1
-1
0
0
0
0
-1
0
0
0
0
-1
0
1
-1
0
0
0
-1
0
0
1
0
0
0
0
0
-1
0
0
0
0
0
0
0
0
0
-1
0
0
0
0
0
0
0
0
0
1
0
0
0
0
0
0
0
0
1
0
0
0
0
0
-1
0
0
1
-1
0
0
0
-1
0
0
0
0
1
0
0
0
0
-1
1
0
0
0
-1
0
0
0
0
0
0
-1
0
0
-1
0
0
-1
-1
0
-1
0
0
0
-1
-1
0
0
0
0
0
0
0
0
-1
-1
0
0
1
0
1
0
0
1
0
0
0
0
0
1
0
1
0
0
0
1
0
0
0
0
0
1
0
0
0
0
0
0
-1
0
1
0
0
1
0
0
1
0
0
0
-1
1
1
0
0
0
0
0
-1
0
0
0
0
0
0
0
0
0
0
0
0
0
0
0
0
0
0
0
0
-1
0
-1
0
-1
0
0
0
-1
0
-1
0
-1
1
0
0
0
0
0
-1
0
-1
0
-1
0
0
0
0
-1
0
-1
0
1
0
0
0
0
0
0
1
0
0
0
0
0
0
-1
0
0
0
0
0
0
0
0
1
0
1
1
0
0
0
0
0
1
0
0
0
0
1
0
1
0
0
0
0
0
0
0
1
0
0
0
1
0
1
1
0
0
0
0
-1
0
0
1
0
0
0
0
0
0
0
0
0
0
0
0
0
-1
0
0
0
0
0
0
0
0
0
-1
0
1
0
0
0
0
0
0
0
-1
1
0
0
0
1
0
1
0
0
0
0
0
0
0
-1
0
1
0
0
0
1
0
0
0
0
-1
1
1
0
0
1
0
0
0
0
0
0
0
0
-1
0
0
0
0
1
0
0
0
0
0
0
-1
-1
1
0
0
1
0
0
-1
0
-1
1
0
1
0
0
0
0
1
-1
0
0
0
0
0
0
0
0
0
0
0
0
0
0
-1
0
0
0
0
1
0
0
0
0
0
0
0
0
-1
0
0
0
-1
0
0
1
0
-1
0
0
0
0
1
1
1
0
0
-1
0
0
-1
0
0
0
0
-1
0
0
0
0
0
0
1
0
0
0
0
0
1
0
0
0
0
0
0
0
-1
1
-1
0
-1
0
0
0
0
-1
0
0
0
0
0
0
0
0
0
1
0
0
0
0
0
0
0
0
0
0
0
0
0
0
-1
0
0
0
1
0
0
0
0
-1
0
-1
0
1
0
0
1
0
0
0
0
0
0
0
0
0
0
1
-1
0
-1
0
0
-1
0
0
0
0
-1
0
0
0
0
0
1
0
0
0
0
0
0
0
-1
0
0
0
0
0
0
-1
0
0
0
0
0
0
-1
0
-1
0
-1
0
0
1
0
0
0
0
0
0
0
0
0
0
0
0
1
0
0
0
0
1
0
-1
0
1
0
0
0
0
0
0
0
-1
-1
0
0
0
1
0
-1
0
0
-1
0
0
0
-1
0
0
1
0
0
0
0
0
0
1
-1
0
0
0
1
0
0
0
1
1
0
0
0
0
0
0
1
0
1
0
0
0
1
0
0
0
-1
1
1
0
-1
0
0
0
0
0
0
0
0
0
0
0
1
0
1
0
0
0
0
0
-1
0
1
0
0
-1
0
-1
0
0
-1
0
0
0
0
0
0
0
0
0
0
0
0
0
0
0
0
0
0
0
0
0
0
0
0
0
0
0
0
0
0
0
0
0
-1
0
0
0
0
0
0
0
-1
0
0
0
0
0
0
0
0
0
0
0
0
0
0
0
0
0
0
0
0
0
0
1
-1
0
0
0
0
0
0
0
1
0
0
0
0
0
-1
0
0
0
0
0
0
0
0
0
0
-1
-1
-1
-1
0
-1
0
0
0
0
0
0
-1
-1
0
-1
0
0
0
-1
0
0
0
0
0
0
0
1
0
0
0
0
0
0
0
0
0
0
1
1
0
0
0
0
0
0
0
0
0
0
0
1
0
0
0
0
0
1
1
0
0
0
0
0
-1
0
0
0
0
0
0
1
0
0
1
0
0
0
1
0
0
1
0
1
1
0
0
0
0
0
0
0
0
0
0
1
0
1
1
-1
0
0
0
0
0
0
0
0
0
0
0
1
0
0
1
0
0
0
1
0
0
0
-1
0
0
0
0
0
0
0
0
0
0
1
0
0
0
-1
-1
0
0
0
0
0
0
0
0
0
0
-1
0
1
0
0
0
0
0
0
0
-1
0
1
0
0
0
0
-1
0
-1
-1
0
0
0
0
1
0
0
0
0
0
0
0
0
1
1
0
1
-1
0
0
0
0
0
0
0
0
0
0
0
0
0
0
0
0
0
0
0
0
0
0
0
0
0
0
0
0
-1
1
0
1
0
0
1
0
0
0
0
0
1
-1
0
0
0
0
0
1
0
0
-1
0
0
0
0
1
0
0
1
-1
-1
0
0
0
0
0
0
0
0
0
0
0
-1
0
0
0
1
0
0
0
0
1
0
-1
-1
0
0
0
-1
0
0
0
0
0
-1
0
0
0
0
-1
0
0
0
0
0
0
0
0
0
0
0
0
0
0
-1
0
0
0
0
0
0
0
0
0
1
0
-1
0
0
0
0
0
0
0
0
0
0
0
0
0
0
0
0
0
0
0
-1
0
0
0
0
0
0
0
0
0
0
0
0
0
1
0
0
0
0
0
0
0
1
0
0
0
1
1
0
0
0
-1
1
1
0
0
0
0
0
0
0
1
0
0
0
1
0
0
0
0
0
-1
0
0
0
0
0
0
0
0
0
0
-1
-1
-1
0
0
0
0
-1
0
0
0
0
0
0
0
0
0
1
0
1
0
0
0
0
0
0
1
-1
0
1
-1
0
0
0
0
0
0
0
-1
0
0
0
-1
0
-1
0
0
0
0
0
-1
0
0
0
0
0
0
-1
0
0
0
0
0
0
0
0
-1
-1
0
0
0
0
0
1
0
0
0
0
0
-1
0
0
0
0
0
0
0
0
0
1
0
1
0
0
1
-1
1
0
0
0
-1
-1
