0
0
0
0
-1
0
0
0
0
0
-1
0
0
0
1
1
0
0
-1
0
0
1
0
0
-1
1
0
0
0
0
-1
0
0
0
0
0
0
0
0
0
0
0
1
0
0
0
-1
0
1
0
0
1
-1
0
-1
-1
0
0
0
0
0
0
0
0
-1
0
-1
1
0
1
1
0
0
0
0
0
0
0
0
0
0
0
0
0
0
1
0
-1
0
0
0
0
0
0
-1
0
0
-1
0
0
0
0
0
0
0
1
1
0
0
0
0
0
0
0
-1
0
0
0
0
0
0
-1
-1
0
0
0
0
0
1
0
1
-1
0
0
-1
0
0
0
1
0
0
0
0
0
0
0
1
0
1
0
0
0
-1
-1
0
0
0
0
1
0
-1
0
0
0
0
1
0
-1
0
0
0
0
0
1
0
0
0
0
0
0
0
0
0
0
1
0
0
0
0
0
0
0
0
0
0
0
0
0
-1
-1
0
0
0
0
0
0
-1
0
0
-1
0
0
0
0
0
0
0
0
0
0
0
0
0
0
0
0
0
-1
0
0
1
0
0
-1
1
0
0
0
0
0
0
0
0
0
0
-1
1
0
0
-1
0
0
0
1
0
-1
0
0
0
0
0
0
0
1
-1
0
-1
0
-1
-1
0
0
0
1
0
0
0
0
0
1
0
-1
-1
0
0
0
0
0
0
0
-1
0
-1
0
1
0
0
0
0
1
0
0
0
0
0
-1
-1
0
0
0
0
-1
0
1
0
1
0
0
0
0
-1
0
0
0
-1
0
0
0
0
0
0
0
0
-1
0
0
0
1
0
1
0
-1
0
1
0
0
-1
0
0
0
0
0
0
1
0
1
0
0
0
0
0
1
0
1
0
0
0
1
0
0
0
0
0
-1
0
0
0
0
0
0
0
0
0
-1
0
0
0
0
0
0
0
0
0
0
1
0
1
0
0
1
0
0
1
0
0
1
0
0
1
0
0
0
0
0
0
0
0
0
0
0
1
0
0
-1
0
0
-1
0
-1
0
0
1
1
0
0
0
-1
0
0
0
0
0
0
1
0
0
-1
0
0
0
0
-1
0
1
0
0
0
0
0
-1
0
0
0
0
0
0
0
1
0
0
0
0
0
-1
0
0
0
0
0
1
0
0
0
0
0
0
0
1
0
-1
0
-1
1
0
0
0
0
-1
0
-1
0
0
0
0
-1
1
0
0
0
1
0
-1
0
1
1
0
-1
0
0
0
0
0
0
0
0
-1
0
0
0
0
1
-1
0
0
-1
0
0
0
0
0
1
1
0
0
0
-1
-1
0
0
0
1
0
0
0
0
0
0
1
0
0
-1
0
0
1
0
0
0
0
0
1
0
0
-1
0
0
0
0
0
0
0
0
1
0
0
0
0
0
0
0
0
1
0
0
0
0
0
0
-1
0
0
0
0
1
0
0
1
0
0
0
1
-1
0
-1
0
0
0
1
0
0
0
0
0
0
1
0
0
0
0
0
0
0
0
0
-1
0
0
0
1
0
0
0
1
0
0
0
0
0
0
0
0
0
0
1
0
1
0
-1
0
0
-1
0
0
0
-1
0
0
0
-1
0
-1
1
-1
1
0
0
0
0
0
1
0
1
0
0
0
0
0
0
0
0
0
0
0
1
0
0
-1
0
0
0
0
0
0
0
0
0
0
-1
0
0
1
0
0
-1
0
0
0
0
0
0
0
0
-1
0
1
0
0
0
0
1
0
0
0
0
0
-1
0
0
-1
0
0
0
0
0
0
0
0
0
0
0
1
1
1
1
0
0
-1
1
0
0
0
0
0
0
0
0
0
0
0
0
1
0
0
1
0
1
0
0
1
0
0
0
0
1
0
0
-1
0
0
1
1
0
0
-1
0
-1
-1
0
0
0
1
1
0
-1
0
1
0
0
0
0
1
0
1
-1
0
1
0
0
0
-1
0
0
0
1
0
-1
0
-1
-1
0
0
1
0
0
0
1
1
0
0
1
1
-1
0
-1
0
0
0
1
0
0
0
0
-1
0
0
-1
0
0
-1
-1
1
0
0
0
0
-1
0
1
0
0
0
-1
1
0
1
0
1
-1
0
0
0
-1
0
0
0
0
0
0
0
0
0
0
0
0
0
0
0
0
0
1
0
0
0
0
1
0
0
0
0
0
0
0
0
0
0
0
0
0
0
0
0
0
0
0
0
1
0
0
0
0
-1
0
0
1
0
0
0
0
0
-1
0
0
0
0
0
0
-1
0
0
-1
0
0
0
-1
0
0
0
0
-1
0
0
0
0
0
0
0
0
0
0
0
0
0
0
0
-1
0
0
0
-1
0
-1
0
-1
0
0
0
0
1
0
0
0
0
-1
1
0
0
0
0
0
1
0
0
0
0
0
0
1
0
0
0
0
-1
0
-1
0
0
0
0
0
0
0
0
0
0
0
0
0
0
0
0
0
1
0
1
1
0
1
0
0
0
0
0
1
0
1
0
0
0
1
0
0
-1
0
0
1
0
-1
0
0
0
0
-1
-1
1
0
0
1
0
0
1
0
0
0
-1
1
0
0
0
0
0
0
-1
0
0
0
0
0
0
0
0
0
0
0
0
0
0
0
0
0
0
0
0
-1
0
-1
0
-1
0
0
0
0
0
-1
0
-1
1
0
0
0
0
0
-1
0
-1
0
-1
0
0
0
0
-1
0
-1
0
1
0
0
0
0
0
0
1
0
0
0
0
0
0
-1
0
0
0
0
0
0
0
0
1
0
1
1
0
0
0
0
0
0
0
0
0
0
1
0
1
0
0
0
0
0
0
0
1
0
0
0
1
0
1
1
0
0
0
0
-1
0
0
1
0
0
0
0
0
0
0
0
0
0
0
0
0
-1
0
0
0
0
0
0
0
0
0
-1
0
1
0
0
0
0
0
0
0
-1
1
0
0
0
1
0
1
0
0
0
0
0
0
0
-1
0
1
0
0
0
1
0
0
0
0
-1
1
1
0
0
1
0
0
0
0
0
0
0
0
-1
0
0
0
0
1
0
0
0
0
0
0
-1
-1
1
0
0
1
0
0
-1
0
-1
1
0
1
0
0
0
0
1
-1
0
0
0
0
0
0
0
0
0
0
0
0
0
0
-1
0
0
0
0
1
0
0
0
0
0
0
0
0
-1
0
0
0
-1
0
0
1
0
-1
0
0
0
0
1
1
1
0
0
-1
0
0
-1
0
0
0
0
-1
0
0
0
0
0
0
1
0
0
0
0
0
1
0
0
0
0
0
0
0
-1
1
-1
0
-1
0
0
0
0
-1
0
0
0
0
0
0
0
0
0
1
0
0
0
0
0
0
0
0
0
0
0
0
0
0
-1
0
0
0
1
0
0
0
0
-1
0
-1
0
1
0
0
1
0
0
0
0
0
0
0
0
0
0
1
-1
0
-1
0
0
-1
0
0
0
0
-1
0
0
0
0
0
1
0
0
0
0
0
0
0
-1
0
0
0
0
0
0
-1
0
0
0
0
0
0
-1
0
-1
0
0
0
0
1
0
0
1
0
0
0
0
0
1
0
0
1
0
0
0
0
0
1
0
0
1
-1
2
-1
0
1
-2
3
-1
-1
1
-2
1
1
-1
1
-1
0
0
-1
1
-1
1
-2
0
0
0
1
-1
0
0
-1
1
0
1
-2
1
0
0
1
-1
0
2
-1
2
1
-2
3
-3
1
0
0
1
0
0
0
2
-2
3
-2
0
1
-2
3
-3
0
1
-1
0
0
0
-1
1
-1
0
1
-1
2
0
1
0
0
-1
1
-2
2
1
-3
5
-6
3
-2
-1
3
-3
1
1
-2
3
-2
-1
3
-5
3
0
-2
1
2
-4
3
0
-5
6
-5
2
0
0
-2
3
-1
-2
2
0
-2
3
1
-7
12
-11
5
1
-3
1
5
-7
6
-2
-3
6
-7
8
-7
5
0
-3
2
1
-6
7
-4
0
2
-3
3
-5
8
-9
6
1
-5
6
-2
-5
9
-8
1
6
-10
9
-3
-3
4
-1
-6
9
-10
6
-1
-3
3
-3
4
-6
7
-6
3
-1
-2
2
-2
-2
6
-9
6
2
-11
16
-13
1
9
-15
15
-12
9
-3
-6
14
-18
16
-9
-2
11
-13
10
-3
-6
14
-17
15
-8
0
6
-8
8
-7
9
-8
4
3
-9
7
1
-11
15
-12
3
6
-9
8
-5
3
-3
4
-2
1
-3
4
-5
3
0
-6
8
-7
5
-2
0
2
-1
1
0
-1
0
1
0
2
1
-1
-1
6
-7
8
-2
-9
13
-13
11
-7
-2
8
-11
13
-4
-7
13
-13
13
-10
4
-4
3
3
-7
12
-21
22
-12
-2
15
-22
21
-12
1
12
-20
18
-9
2
4
-9
8
-10
14
-10
2
11
-23
27
-18
2
15
-20
7
12
-18
5
14
-28
28
-14
-4
11
-10
5
4
-4
-10
18
-19
19
-12
-1
7
-10
18
-30
36
-31
12
12
-24
19
-3
-10
5
12
-20
11
2
-10
11
3
-21
26
-22
7
26
-53
52
-29
5
19
-29
22
-18
20
-13
3
-11
23
-16
-12
47
-64
36
18
-50
44
-8
-35
67
-83
70
-27
-24
62
-74
53
-12
-23
41
-35
-6
49
-56
35
-13
5
-9
22
-26
14
7
-19
16
-8
4
-8
16
-14
-2
19
-14
-5
25
-31
9
28
-50
38
-9
-13
37
-58
53
-32
9
14
-36
45
-33
-8
60
-77
45
-2
-17
16
-21
41
-63
66
-42
5
20
0
-46
58
-22
-28
84
-133
116
-29
-72
138
-136
56
41
-89
82
-44
-1
22
-9
-3
-23
53
-37
0
13
-25
41
-26
-2
4
6
-14
17
-4
-25
47
-59
62
-28
-33
63
-42
2
35
-41
2
51
-69
34
28
-74
50
38
-117
145
-121
46
47
-111
146
-152
95
7
-60
37
15
-63
72
-20
-32
21
33
-88
109
-68
0
34
-45
92
-152
176
-159
102
-20
-67
109
-67
8
30
-66
91
-67
-7
111
-224
266
-175
10
135
-209
170
-46
-73
140
-134
45
71
-150
171
-135
47
32
-65
76
-67
32
7
-14
-14
38
-23
4
-12
47
-96
131
-123
78
-43
26
-27
30
-37
30
7
-53
100
-115
79
-40
42
-65
51
-31
23
4
-16
7
29
-91
137
-137
55
72
-142
143
-128
91
-26
-24
73
-120
117
-49
-44
112
-162
164
-83
-13
97
-169
202
-171
73
32
-106
134
-113
70
-57
64
-35
-13
97
-184
157
-56
-35
78
-98
109
-112
119
-89
58
-24
-16
33
-36
-24
100
-117
80
19
-147
194
-109
-24
105
-133
147
-103
-2
74
-118
134
-106
59
-28
30
9
-69
100
-106
66
25
-118
150
-127
39
96
-147
84
11
-84
106
-78
12
31
-39
36
-39
67
-106
86
0
-86
115
-85
33
65
-133
93
1
-74
80
-74
65
-22
-6
11
-2
-21
39
-4
-39
33
-16
-1
52
-121
144
-137
133
-72
-63
186
-224
220
-145
9
74
-126
162
-170
151
-100
45
25
-65
65
-86
123
-109
36
13
-61
117
-122
113
-100
55
4
-73
122
-171
185
-119
24
41
-24
18
-67
100
-82
-1
96
-110
32
64
-123
104
-46
-1
7
41
-48
31
-84
141
-152
108
3
-133
216
-189
71
43
-111
119
-86
65
-64
34
15
-53
79
-149
226
-222
185
-80
-97
186
-116
-23
110
-157
149
-33
-108
182
-202
190
-90
-32
93
-141
162
-122
23
40
-70
121
-128
90
-26
-49
140
-182
64
63
-75
64
-83
66
-5
16
-72
105
-123
139
-63
-102
170
-114
43
40
-137
175
-132
87
-62
-35
88
-13
-47
8
107
-234
320
-269
83
74
-130
139
-168
151
-79
-32
184
-215
70
145
-227
122
-6
-18
-16
13
48
-145
207
-148
10
103
-183
217
-195
116
-44
-2
56
-130
153
-104
52
0
29
-173
266
-146
-93
266
-295
162
81
-343
446
-271
-44
295
-362
281
-155
59
9
-123
196
-223
205
-131
77
-10
-56
121
-125
44
1
54
-139
159
-66
-120
235
-191
85
7
-105
185
-141
-30
182
-237
190
-34
-176
323
-312
172
19
-120
104
-34
-74
135
-85
-84
238
-217
57
136
-267
271
-162
4
168
-320
362
-305
220
-126
-2
131
-188
174
-145
122
-80
56
-35
-5
37
-42
31
-8
-24
47
-75
118
-131
72
54
-148
180
-208
209
-167
-10
203
-307
283
-72
-156
311
-274
19
288
-511
510
-336
81
174
-240
108
184
-441
457
-197
-244
636
-822
631
-204
-222
461
-443
284
-46
-120
183
-230
291
-356
296
-60
-231
413
-423
392
-320
199
25
-252
349
-355
297
-212
56
148
-362
514
-507
273
31
-269
374
-343
247
-75
-102
251
-314
261
-167
12
190
-342
351
-187
-89
346
-418
247
-16
-125
139
-156
181
-137
74
-11
-79
162
-186
104
39
-100
80
-36
-34
107
-125
1
194
-276
154
74
-179
168
-4
-188
267
-166
-60
271
-373
334
-147
-100
384
-552
497
-327
124
59
-276
444
-494
416
-201
-112
392
-507
459
-342
169
41
-285
567
-768
686
-308
-223
648
-786
626
-227
-141
246
-113
-85
197
-196
-9
237
-392
402
-235
3
229
-241
185
-82
-51
100
-138
186
-220
133
85
-315
390
-247
113
32
-55
-2
51
26
-166
163
-153
38
70
-174
229
-163
-11
219
-299
132
64
-202
304
-363
341
-192
-35
282
-415
473
-383
227
-76
-72
297
-532
574
-394
4
460
-713
701
-519
231
-55
-75
121
-168
261
-303
259
-72
-88
233
-311
249
-88
-32
174
-328
416
-394
201
37
-232
322
-268
128
34
-178
202
-123
-63
214
-278
222
-56
-82
129
19
-158
143
15
-241
313
-275
62
235
-313
182
91
-280
334
-279
74
179
-378
501
-557
460
-291
91
81
-259
376
-359
233
-108
42
18
45
-99
191
-202
89
83
-213
169
12
-316
579
-514
190
222
-489
542
-426
252
-147
54
-10
-43
54
-54
77
37
-175
251
-302
169
60
-354
518
-442
174
112
-241
242
-198
90
30
-74
-15
107
-54
-68
184
-182
111
49
-297
476
-405
208
-57
-5
22
-42
77
-81
110
-96
48
-25
15
22
-71
130
-136
88
8
-113
219
-286
154
85
-303
352
-226
-33
271
-429
432
-162
-240
553
-524
154
372
-739
687
-311
-266
680
-763
465
73
-521
608
-382
-20
378
-552
463
-116
-238
427
-400
148
141
-370
513
-380
89
267
-434
420
-237
-39
239
-305
170
94
-346
556
-617
428
-80
-257
453
-467
288
-56
-257
478
-455
243
54
-297
333
-60
-282
367
-171
-188
500
-696
646
-308
-116
414
-434
253
5
-189
280
-261
115
98
-238
234
-3
-274
436
-428
267
-93
-113
338
-491
466
-337
162
-32
-49
113
-143
94
63
-247
296
-252
219
-172
80
75
-202
256
-179
97
-110
220
-309
319
-158
-64
261
-424
514
-418
141
141
-334
309
-122
-104
161
-93
-93
321
-478
480
-341
110
124
-227
199
-89
-95
331
-416
293
-17
-287
435
-423
292
-141
62
-38
51
-13
-47
90
-126
160
-1
-271
381
-307
39
253
-411
450
-332
114
138
-409
541
-429
96
289
-526
556
-349
13
309
-539
564
-319
-130
635
-930
825
-441
-25
449
-730
676
-411
142
12
-22
-69
18
225
-493
467
-141
-241
489
-360
63
244
-387
406
-353
159
42
-158
89
18
-6
-17
72
-136
52
24
-58
111
-158
178
-162
127
-11
-130
279
-383
356
-235
44
203
-335
430
-460
337
-101
-176
416
-547
473
-213
-63
246
-370
277
-72
-195
351
-334
146
216
-582
827
-708
308
304
-907
1194
-948
320
350
-693
603
-254
-86
240
-226
231
-216
-20
453
-879
954
-573
-59
634
-1029
970
-598
76
288
-340
232
-29
-67
92
-54
-8
92
-149
122
15
-170
210
-166
33
178
-371
428
-402
287
-95
-189
294
-195
-53
255
-244
51
296
-339
124
203
-426
381
-142
-145
235
-163
97
-72
104
-77
127
-261
385
-344
158
166
-503
643
-517
132
171
-367
415
-449
333
-104
-70
228
-359
387
-362
224
0
-155
137
-93
104
-150
213
-219
182
-14
-117
219
-338
443
-337
11
362
-447
221
125
-338
462
-510
481
-312
-107
442
-710
733
-553
249
88
-316
442
-427
325
-202
-35
234
-380
500
-432
253
-1
-250
398
-383
249
-57
-153
230
-119
-147
460
-643
713
-600
373
-56
-177
398
-654
806
-650
228
137
-291
158
102
-262
182
22
-166
47
180
-313
266
-76
-245
398
-311
25
230
-324
208
8
-51
-18
155
-257
207
-73
-58
208
-232
241
-91
33
-97
227
-133
-65
259
-342
278
-91
-117
124
-20
-168
171
-111
-21
-3
-50
83
-187
396
-462
473
-88
-453
885
-897
553
-63
-312
396
-372
407
-512
517
-219
-216
505
-451
145
108
-17
-179
210
-125
-137
338
-357
161
158
-399
398
-145
-175
309
-198
-54
126
65
-337
474
-347
-7
307
-485
378
-267
152
-34
-79
99
-29
47
-131
56
62
-199
57
240
-398
366
-116
-145
211
-24
-168
187
9
-310
497
-423
173
30
-178
185
3
-15
-54
77
73
-103
103
36
-181
271
-118
-40
214
-264
195
-2
-169
81
107
-154
84
-2
-13
-21
92
-145
-30
370
-663
763
-520
57
318
-512
514
-316
14
137
-69
-60
102
-59
12
3
-33
108
-56
-15
-46
10
-49
-19
124
-136
88
-135
116
-106
-37
-71
69
15
-167
233
-236
115
-4
-132
221
-249
167
103
-119
279
-491
504
-130
-176
368
-304
101
156
-160
39
-67
99
-45
-14
71
-100
99
-15
-139
276
-305
175
135
-301
390
-179
6
-34
96
-369
448
-239
-124
468
-540
476
-128
-319
490
-384
10
233
-260
238
4
-74
123
-43
-231
299
24
-79
107
-227
244
-438
278
-178
9
39
-135
108
-8
-121
-121
53
-155
68
-125
235
-163
44
-10
-7
87
-170
216
-20
-11
251
-121
124
25
-115
167
143
-155
299
-24
-89
253
-146
112
35
-153
425
-130
27
69
-164
158
-164
-58
-63
35
-209
94
-223
68
-125
-110
54
-281
-77
-20
-94
-235
-81
-94
-137
-99
-85
-215
31
-9
-214
145
-231
-12
45
35
-13
-121
295
-311
229
23
-228
354
-188
62
202
-116
184
64
202
37
20
214
30
47
215
182
93
150
20
32
192
-6
-137
232
28
-63
278
-256
215
-187
-90
71
-370
75
-217
-127
90
-270
-32
-171
-205
29
-282
12
-58
-107
-163
39
-38
-232
139
-237
132
199
-87
260
23
54
182
-4
187
-117
179
90
28
143
-40
59
166
-32
94
46
95
60
128
204
-17
291
-24
159
173
-27
157
121
80
169
-24
158
12
23
57
-32
185
87
-27
128
54
-198
101
-266
23
-164
-141
-36
-293
-175
-203
-296
-233
-305
-251
-158
-347
-146
-420
-54
-420
0
-147
-124
203
-130
112
-138
-102
7
-106
-32
-82
-105
93
-295
-18
-111
-130
26
-18
28
86
64
83
74
26
96
49
264
-39
105
79
-1
-64
-107
23
-158
-79
-137
-49
-117
-140
7
-26
48
9
134
265
127
220
375
273
288
290
449
478
338
376
340
391
341
304
177
315
397
293
422
434
303
498
475
353
273
393
411
119
322
155
32
264
14
-12
58
-195
-149
-129
-291
-317
-366
-567
-497
-608
-749
-678
-740
-769
-604
-661
-829
-819
-888
-955
-922
-926
-975
-852
-873
-790
-738
-801
-802
-682
-603
-500
-432
-335
-270
-205
-242
-213
-124
-133
12
152
148
294
358
274
379
309
444
622
670
874
979
1182
1107
1140
1190
1142
1395
1410
1575
1756
1775
1808
1795
1617
1606
1707
1706
1745
1753
1691
1554
1314
1188
955
816
819
688
741
454
379
226
-76
-182
-550
-457
-534
-648
-717
-973
-999
-1226
-1228
-1398
-1469
-1382
-1539
-1446
-1717
-1864
-1962
-2176
-2549
-2779
-2948
-3037
-3187
-3503
-3757
-4086
-4309
-4643
-4827
-5108
-5452
-5762
-5669
-4205
-2472
-1158
-1221
-1215
-195
1281
2866
3395
4208
4910
5992
6753
6892
6987
6643
6755
6382
6021
5909
5623
5203
3369
1853
839
353
141
-602
-958
-1384
-1995
-2753
-3737
-4427
-4272
-3521
-2313
-1399
-596
-185
141
264
113
1094
1973
3096
3744
4336
4837
4529
3918
3278
3235
3066
3112
3311
2869
2512
1887
1154
400
-665
-1278
-1318
-1178
-1404
-1717
-2327
-2948
-3332
-3442
-3218
-3148
-3150
-3133
-3086
-3249
-3335
-3564
-3827
-4183
-4465
-4366
-4545
-4911
-5568
-6177
-6358
-6958
-7220
-8052
-7193
-4254
-1834
-409
-2175
-1493
182
2813
4782
4795
6024
6527
8066
8010
7559
6953
6820
7349
6481
6165
5578
5374
3986
1004
-775
-1493
-993
-1162
-1777
-2291
-2807
-3097
-4288
-5144
-5735
-5053
-3529
-2432
-1183
-422
864
1496
1072
1047
2127
4516
5978
6532
6907
6991
6486
5235
3886
3308
3190
3366
3347
3121
2387
1450
427
-757
-1578
-1672
-789
10
214
38
-110
-405
-970
-1387
-1572
-1307
-1126
-970
-1142
-1566
-1946
-2767
-3626
-4706
-5621
-5788
-6002
-6577
-7519
-8517
-8853
-9574
-10039
-10491
-11100
-11438
-10457
-6453
-2855
-665
-1569
-1135
1517
4513
7182
7425
8386
9388
11193
11787
10736
9585
8711
8889
7996
6685
5861
5169
3888
692
-1933
-3091
-2911
-2836
-3728
-4214
-4479
-4126
-4649
-5581
-6201
-5587
-3621
-1691
-102
713
1612
2007
1116
843
1971
4962
7018
7235
6638
6272
6413
5101
3802
3127
3715
4170
3606
2726
1280
-19
-950
-1187
-788
-347
419
1005
1179
953
621
801
890
915
940
1272
1182
364
-768
-1839
-2311
-3224
-4137
-5168
-5862
-6257
-6861
-7921
-9287
-10232
-10714
-10503
-10651
-10803
-10795
-11506
-11706
-12537
-10139
-5123
-487
2008
451
1802
4141
7714
9149
9251
11021
12884
14703
13441
11358
9195
8466
8310
7191
6286
5001
3967
1323
-2636
-5132
-5915
-4987
-5043
-5600
-5731
-5165
-4497
-5441
-6194
-6418
-4608
-2149
378
2649
4120
5303
4592
3005
1655
2574
5034
7087
7598
6998
6191
4750
3123
1523
1596
2837
3670
3256
2044
1006
202
-527
-1103
-636
647
2156
3008
2716
1822
1014
1060
1706
2054
2307
2122
1739
651
-862
-2096
-3043
-3835
-4845
-5890
-6670
-7006
-7476
-8319
-9818
-10726
-10912
-10452
-10000
-10293
-10506
-11010
-10933
-11142
-11561
-11904
-8463
-1597
4105
4905
1289
2021
5677
10741
12359
11978
13140
14641
15629
13086
9864
7455
7506
7943
6559
4683
2533
939
-2529
-6851
-8833
-7828
-5577
-5691
-6739
-6675
-4924
-3601
-4361
-5343
-4712
-1185
2867
5799
6724
7047
7550
6781
4814
3558
5136
7728
8410
6402
3823
2357
1264
-235
-1386
-653
1237
1906
599
-1199
-1670
-486
952
1883
2188
2605
3279
3815
3666
2911
2496
2849
3503
3307
2266
842
-738
-2236
-3450
-4033
-4538
-5521
-7093
-8685
-9410
-9371
-9505
-10237
-11133
-11169
-10186
-9158
-8545
-8773
-9104
-9230
-8530
-7790
-7405
-7502
-4154
2265
7092
6988
3213
4147
7980
12694
13413
12133
12094
12650
12778
9792
6326
4032
4274
4375
2521
-374
-2804
-3877
-5879
-8396
-9264
-7860
-5546
-5306
-6029
-5275
-2505
-54
264
-328
451
3493
6642
8324
8153
7968
8368
7742
5824
3812
3656
4142
3157
794
-829
-1003
-1405
-2542
-2939
-1383
365
611
-33
0
1587
4010
5874
6063
5063
4246
4649
5310
4888
3668
2784
2878
2616
1080
-1324
-3711
-5368
-6288
-6499
-6321
-6689
-7779
-9262
-10389
-10602
-10222
-9755
-9340
-8873
-7939
-6825
-6003
-6030
-6355
-6416
-5609
-4377
-4009
-4479
-5078
-1242
4076
7625
5849
2792
4191
7426
11122
10133
9102
8719
9460
9016
5790
3285
1689
2466
1866
12
-1889
-2601
-2422
-4071
-6028
-6692
-5006
-2715
-2285
-2122
-810
2102
3585
2652
1078
1370
3994
6257
6978
6210
6057
5836
4327
1678
-448
-555
-48
-313
-1410
-1459
-768
-435
-1059
-1067
709
2317
2839
2664
3625
5638
7353
7404
5834
4044
3170
3457
3566
2659
1291
510
408
-456
-2650
-5096
-6706
-6909
-6472
-5777
-5340
-5688
-6841
-8186
-8730
-8174
-7220
-6448
-6156
-5676
-4927
-4541
-4764
-5712
-6126
-6150
-5362
-5352
-5733
-6884
-5039
370
4600
4937
642
560
3488
8137
9136
7870
8064
8808
9772
7379
4877
2879
3203
3660
2769
1194
-102
-357
-1334
-3372
-4876
-4649
-2825
-1906
-1799
-927
1194
2745
1557
-513
-1393
937
3952
5396
4808
4048
4295
3749
1744
-844
-1444
-249
1165
1326
1171
1469
1525
995
422
1395
3003
3975
3938
4024
4980
6207
6363
4800
2593
1315
1549
2293
2259
1128
63
-458
-928
-2223
-4135
-5526
-5762
-4964
-4414
-4356
-5020
-6011
-7209
-8131
-8148
-7594
-6941
-6835
-6625
-6704
-6534
-6788
-7219
-7473
-7543
-7402
-7462
-7666
-4512
1173
5751
5688
2115
2676
5594
9651
9642
8825
9579
10975
11293
7845
4845
2760
2940
2152
753
-472
-1127
-1422
-3046
-5067
-6328
-5702
-4141
-3262
-2337
-360
2625
3608
1722
-568
-672
2394
5272
6437
5578
4976
4950
3764
1188
-1435
-1769
-765
365
785
1035
1277
623
-356
-836
507
2666
4224
4752
5103
5981
6701
6225
4388
2745
2318
3364
4071
3354
1531
-24
-717
-1474
-2853
-4511
-5365
-5171
-4635
-4671
-5453
-6622
-7579
-8255
-8389
-7949
-7332
-7007
-7179
-7114
-6797
-6646
-6780
-7008
-7048
-6631
-6465
-6342
-7053
-4991
674
5840
7325
3631
3384
5897
9985
10198
8284
8322
9628
10724
7640
4237
1750
1859
1484
-113
-1774
-1966
-1341
-2025
-4601
-6451
-5881
-3489
-1893
-1401
102
2795
4661
3156
481
-752
1698
4855
6210
5116
4048
4048
3180
495
-2823
-3710
-2154
199
1058
878
670
600
155
-187
1018
3237
5310
6242
6739
7277
7435
6560
4669
3077
2601
3407
4094
3522
1588
-675
-2076
-2970
-3800
-4843
-5359
-5109
-4750
-4979
-6095
-7400
-8299
-8352
-7848
-7262
-6733
-6664
-6508
-6665
-6915
-7386
-7347
-6976
-6284
-5766
-6123
-7003
-7811
-3700
2192
6925
5445
2820
4273
7752
10779
8938
8014
8163
10015
9231
5983
3143
2047
2413
987
-977
-2233
-1387
-645
-1943
-4587
-5796
-4573
-2239
-944
-102
1598
3961
4331
2282
-142
-25
2600
4588
4796
3666
3523
3267
1268
-2285
-4691
-3940
-1426
920
1448
1362
983
404
-51
386
2522
4848
6568
7244
7819
8172
7605
5762
3557
2540
2925
3799
3734
2332
178
-1824
-3382
-4468
-5067
-5249
-5117
-4847
-4996
-5900
-7067
-7694
-7951
-7936
-7742
-7070
-6460
-6464
-6745
-7047
-7181
-7389
-7344
-6893
-6327
-6434
-7094
-7727
-4034
1898
6563
5883
2931
4105
7472
10970
9588
8153
8493
10354
10064
6356
2956
1370
1750
674
-1122
-2053
-1389
-687
-2230
-4810
-6132
-4677
-1708
-240
707
1923
4275
4536
2655
405
213
2491
4094
4453
3525
3713
3363
624
-3709
-6466
-4790
-1433
997
1256
995
1097
728
439
556
2603
5305
7660
8715
9116
9337
8649
6708
4104
2848
3437
4573
4172
1908
-758
-2504
-3661
-4835
-6085
-6433
-5943
-5196
-5110
-6092
-7429
-8252
-8271
-7966
-7791
-7601
-7095
-6605
-6374
-6904
-7576
-8053
-7903
-7075
-6727
-6706
-8066
-6428
-1482
4045
5825
2934
2874
5363
9953
10448
8699
7984
9171
10523
8058
4919
2386
2497
1909
151
-1591
-1721
-673
-1065
-3068
-5030
-4562
-2106
-145
867
1875
3993
5082
3834
1642
380
1823
3322
3858
2962
2994
3503
2014
-2320
-6836
-7500
-4689
-1162
30
370
835
1293
910
237
1406
3922
6781
8445
9308
9877
9915
8783
6202
3965
3271
4283
4977
3898
1266
-1429
-2974
-4198
-5527
-6843
-7187
-6161
-5085
-5017
-6125
-7242
-7815
-7818
-7713
-7528
-7216
-6615
-5969
-5925
-6445
-7060
-7095
-7401
-7461
-7906
-7738
-7467
-5119
-189
3489
4660
1977
2201
4743
8422
9493
8264
8404
8943
9502
6756
3977
2218
2307
1930
375
-485
-568
-430
-1787
-3893
-4788
-3771
-1740
-351
595
2203
4002
4717
3106
1319
686
2002
3341
3933
4160
4492
4276
1608
-2529
-5589
-4929
-2203
127
853
1191
1873
1867
1252
941
2354
4748
6676
7678
8265
8727
8243
6501
4245
2893
3020
3674
3478
1909
-329
-2438
-4065
-5383
-6253
-6554
-6284
-5792
-5759
-6194
-7015
-7563
-7799
-7722
-7352
-6849
-6359
-6598
-7075
-7400
-7121
-6788
-6730
-7335
-8076
-8758
-6580
-1411
3746
5242
2461
1623
3591
7889
9043
7998
7104
7656
8578
6526
4000
1697
1647
1089
-261
-1669
-1972
-1280
-1647
-2898
-4045
-3268
-1285
435
1352
2492
4632
6266
5776
3638
2002
2815
4318
4966
3891
3187
3201
2099
-1058
-5046
-6244
-4878
-2583
-1751
-1506
-743
323
926
729
1372
3102
5740
7632
8672
9102
9164
8435
6495
4535
3204
3332
3819
3782
2366
-90
-2531
-4626
-5932
-6761
-6731
-6139
-5354
-5215
-5923
-6933
-7694
-7595
-7019
-5905
-4958
-4485
-4556
-5381
-6054
-6520
-5940
-5382
-5309
-6449
-7807
-8376
-6563
-1598
2571
3979
1283
575
2853
6615
7951
6194
5483
6094
7919
6792
4462
2412
2092
2241
709
-439
-925
90
86
-1272
-2609
-2591
-962
278
1080
1876
3645
4975
4176
2103
752
1656
3323
3918
3477
3082
3054
1939
-634
-3073
-3685
-2642
-1475
-772
-248
749
1697
1901
1427
1281
2606
4823
6669
7396
7464
7348
6635
4918
2998
1890
1946
2414
2108
906
-960
-2872
-4642
-5640
-5892
-5799
-5606
-5426
-5391
-5885
-6524
-6984
-7007
-6767
-6333
-5894
-5435
-5372
-5595
-6101
-6707
-6501
-6459
-6686
-7900
-7412
-3407
1749
4718
2859
1182
1953
5718
8358
7796
6457
5821
7067
6515
4537
2114
1370
1680
731
-838
-2351
-1896
-1346
-1784
-3133
-3784
-2572
-994
859
2529
4655
5830
4930
2975
1586
2520
4318
5453
4888
3901
4028
3572
1426
-2657
-5059
-4514
-2481
-1076
-1100
-424
587
1382
806
437
1476
3564
5827
7063
8093
8459
8123
6413
3951
2278
1995
2883
3132
2207
254
-1614
-3109
-4547
-5866
-6855
-6633
-5658
-4732
-4712
-5503
-6524
-7168
-7167
-6769
-6203
-5746
-5116
-4817
-4938
-5431
-5948
-6513
-6795
-6883
-6692
-6934
-5091
-818
3314
4289
1674
1027
3077
7232
8545
7181
5505
5556
6734
5681
3431
1043
1015
1478
828
-942
-2243
-1461
-807
-1399
-3228
-3638
-1976
166
2046
3214
4625
5030
4056
2421
1878
3167
4550
4824
3926
3445
3340
2435
212
-2420
-3786
-3506
-2163
-684
216
813
1312
1784
1767
1812
2637
4156
5708
6656
7277
7416
6690
5030
3105
1999
1925
2065
1534
157
-1497
-3022
-4082
-4795
-5526
-6286
-6599
-6232
-6019
-6506
-7384
-8008
-8182
-7969
-7851
-7801
-7772
-7304
-6721
-6308
-6266
-6700
-7514
-6895
-2924
2619
6296
5318
3313
3261
6231
8680
8272
6418
5398
6015
5441
3135
354
-747
-987
-2100
-4008
-5087
-3922
-1907
-1088
-2019
-3071
-2379
-616
1629
3796
6237
8046
8191
6954
5326
4829
5004
5259
4515
3473
2752
1985
624
-1728
-3776
-4963
-4996
-4595
-3937
-2794
-1298
334
1100
1567
1968
2974
4202
5490
7100
8741
9815
9067
7036
4747
3360
2805
2395
1992
1326
519
-953
-2995
-5146
-6850
-7700
-7954
-7595
-6961
-6328
-6092
-6465
-7383
-8298
-8702
-8283
-7294
-6202
-5215
-4663
-4329
-4610
-5273
-6321
-5858
-2512
2041
5330
5071
4038
3795
5230
6066
5105
3551
2706
3617
3691
2635
364
-1157
-1937
-2996
-4020
-4527
-3088
-1166
3
-245
-793
-260
964
2924
4846
6878
8004
7714
6472
5146
4771
4590
4297
3210
2205
1451
516
-991
-3134
-4470
-4808
-4183
-3660
-3131
-2084
-499
1284
2182
2788
3483
4771
5987
6766
7451
8349
9123
8705
7004
4606
2902
2146
1842
1268
273
-738
-1835
-3246
-4834
-6226
-7091
-7479
-7576
-7326
-7089
-7009
-7161
-7452
-7954
-8333
-8518
-8039
-7395
-6775
-6106
-5676
-5396
-5882
-4687
-1617
2757
5141
4681
3989
4645
7327
8177
6908
4147
2813
2732
2110
733
-1025
-1368
-2002
-3180
-5052
-5820
-4669
-3013
-1542
-1333
-788
192
1974
4216
6281
7977
8268
7942
6937
6313
5889
5596
5233
4107
2824
1139
-401
-2153
-3921
-5272
-5919
-5568
-4724
-3566
-2478
-1164
214
1467
2450
3360
4456
5553
6797
8081
9247
9610
8903
7346
5627
4241
3018
1924
902
174
-458
-1389
-2548
-3916
-5213
-6448
-7369
-7904
-8024
-7753
-7393
-6974
-6900
-7128
-7604
-7922
-7905
-7638
-7084
-6294
-5411
-5008
-4758
-3108
194
3619
4515
3605
3374
5374
8089
8469
6566
3788
2474
1573
216
-1466
-2238
-1918
-2358
-3800
-5601
-5978
-4990
-3776
-2821
-2088
-627
1197
3149
4997
6802
8303
8577
7990
6908
6385
6137
5841
5021
3751
2742
1711
468
-1627
-3762
-5214
-5638
-5496
-5147
-4182
-2731
-875
509
1402
2085
3026
4220
5094
5956
6894
8179
8809
8501
7269
5785
4597
3474
2376
894
-333
-1166
-1640
-2157
-3000
-4014
-5170
-6095
-6769
-7155
-7552
-7728
-7682
-7445
-7205
-7105
-7066
-7096
-7151
-7237
-7062
-6567
-5862
-5284
-3806
-905
2668
4862
4978
4563
5157
6879
7667
7001
5392
4342
3542
2068
82
-1693
-2336
-2675
-3318
-4480
-5311
-5289
-4743
-4047
-3562
-2853
-1726
130
2721
5520
7703
8375
7800
6720
5985
5712
5540
5227
4620
4053
3451
2533
1050
-904
-2669
-4051
-4838
-5026
-4531
-3442
-2053
-526
742
1660
2248
2808
3496
4319
5401
6472
7307
7393
6776
5889
5060
4334
3450
2279
991
-171
-1085
-1743
-2443
-3245
-4291
-5211
-5908
-6339
-6616
-6949
-7290
-7834
-8312
-8598
-8587
-8287
-7954
-7570
-7055
-6521
-6055
-5832
-4716
-2259
1089
3689
4767
5563
6710
8393
8743
7739
5949
4753
4096
3069
1656
103
-801
-1612
-2465
-3547
-4274
-4403
-4390
-4410
-4625
-4484
-3740
-2284
-57
2585
4988
6270
6507
5980
5440
4928
4617
4648
4744
4864
4501
3898
3136
2330
1339
102
-1141
-2312
-2982
-3088
-2604
-1777
-837
133
894
1486
1819
2299
2883
3684
4176
4209
4049
4057
4459
4823
4756
4033
2964
1831
905
23
-914
-1862
-2641
-3215
-3778
-4366
-5069
-5603
-6082
-6673
-7579
-8621
-9202
-9239
-8933
-8657
-8371
-7942
-7320
-6719
-6035
-4498
-2108
450
2040
3046
4440
6692
8763
9294
8274
6675
5627
4743
3559
2116
1117
723
164
-914
-2185
-2948
-3104
-3161
-3608
-4327
-4849
-4820
-3978
-2358
-188
1878
3304
3842
3927
3981
4139
4245
3991
3563
3368
3558
3870
3974
3794
3440
2924
2151
1013
-96
-695
-586
-176
-22
-110
-55
336
1038
1699
2093
2241
2100
1906
1843
2199
2882
3456
3634
3409
3160
2862
2490
1725
626
-514
-1451
-2093
-2812
-3568
-4272
-4642
-4998
-5555
-6191
-6858
-7298
-7688
-7860
-7892
-7675
-7183
-6605
-6038
-5808
-5584
-4745
-2909
-665
815
1519
2249
3745
5450
6322
6040
5190
4502
3813
2916
1937
1362
1228
1051
562
62
150
695
1093
692
-443
-1678
-2528
-2520
-1747
-563
419
802
778
804
1141
1459
1497
1145
691
540
812
1539
2198
2600
2691
2611
2677
2902
3230
3343
3214
2914
2508
1991
1581
1456
1466
1449
1167
862
695
690
753
754
769
842
991
1095
1242
1343
1340
1229
864
273
-472
-1033
-1431
-1853
-2472
-3266
-3871
-4210
-4345
-4552
-4848
-5021
-5009
-4795
-4582
-4497
-4660
-4950
-5215
-5337
-5326
-5089
-4438
-3387
-2306
-1428
-599
519
1768
2566
2666
2291
2047
1999
1898
1569
1160
1039
1324
1995
2731
3338
3614
3462
3068
2428
1619
764
159
-13
117
235
149
87
222
521
649
423
165
165
543
901
962
802
698
908
1329
1799
2271
2757
3170
3385
3484
3575
3509
3111
2356
1547
929
608
578
626
590
372
72
-52
134
523
802
789
601
513
593
644
572
400
268
109
-177
-681
-1288
-1826
-2291
-2767
-3309
-3674
-3671
-3371
-3045
-2979
-3151
-3347
-3386
-3367
-3615
-4119
-4663
-4990
-5154
-5242
-5087
-4605
-3859
-3307
-3031
-2694
-1912
-842
-100
125
158
496
1092
1660
1991
2230
2578
2890
3132
3341
3652
3994
4195
4137
3749
3150
2459
1915
1569
1386
1156
873
714
820
1139
1351
1319
1115
955
837
660
446
299
353
573
857
1142
1429
1634
1630
1455
1195
1024
906
783
626
490
523
733
971
1056
1088
1247
1500
1667
1597
1377
1118
865
670
644
861
1117
1160
914
504
77
-311
-802
-1347
-1764
-2019
-2064
-2149
-2239
-2364
-2542
-2690
-2849
-3005
-3224
-3490
-3785
-4071
-4352
-4657
-4949
-5160
-5277
-5300
-5321
-5221
-4895
-4311
-3526
-2634
-1660
-776
-31
518
959
1354
1698
1928
2128
2451
2894
3384
3801
4147
4471
4709
4749
4538
4215
3897
3554
3122
2640
2212
1910
1665
1412
1125
877
717
617
530
363
181
8
-103
-277
-524
-702
-710
-555
-460
-456
-413
-146
237
539
798
1129
1570
1899
2020
2042
2135
2225
2064
1675
1275
1193
1382
1562
1516
1282
1100
1003
817
452
-93
-595
-1004
-1350
-1602
-1713
-1723
-1742
-1919
-2231
-2569
-2829
-3009
-3182
-3384
-3575
-3719
-3845
-3983
-4163
-4374
-4636
-4809
-4942
-5031
-5040
-4884
-4480
-4000
-3478
-2931
-2243
-1450
-649
71
748
1497
2167
2657
2913
3133
3396
3654
3832
3985
4262
4624
4948
5031
4845
4439
3898
3361
2862
2395
1877
1378
940
653
451
209
-118
-467
-744
-907
-949
-983
-1021
-1017
-923
-727
-500
-239
102
545
1046
1512
1947
2382
2730
2897
2791
2539
2349
2256
2210
2033
1789
1539
1384
1321
1252
1113
916
659
345
-16
-396
-647
-737
-734
-805
-998
-1317
-1572
-1808
-2094
-2521
-2975
-3241
-3386
-3516
-3855
-4180
-4378
-4463
-4593
-4849
-5042
-5053
-4996
-5070
-5223
-5253
-4980
-4555
-4125
-3689
-3087
-2174
-1088
33
1088
2028
2855
3470
3839
4005
4081
4165
4181
4107
4076
4157
4299
4318
4176
3886
3542
3116
2609
2058
1510
985
382
-207
-650
-856
-938
-988
-985
-871
-674
-532
-367
-99
310
730
1023
1258
1555
1959
2268
2404
2426
2484
2606
2641
2523
2294
2108
1935
1703
1439
1255
1200
1161
996
717
477
368
352
365
312
196
12
-228
-517
-728
-954
-1187
-1528
-1950
-2309
-2648
-2948
-3301
-3635
-3966
-4264
-4515
-4736
-4851
-4979
-5048
-5043
-4923
-4676
-4390
-4124
-4009
-4077
-4147
-3957
-3362
-2543
-1730
-963
-110
918
1953
2742
3241
3614
3964
4225
4238
4093
3902
3724
3507
3275
3083
2981
2918
2789
2497
2041
1494
940
440
41
-212
-359
-384
-352
-277
-156
7
219
536
967
1485
1968
2296
2505
2586
2639
2664
2619
2514
2361
2205
2027
1862
1665
1434
1257
1124
1049
919
738
613
564
587
502
338
234
235
283
237
29
-254
-571
-814
-1097
-1399
-1684
-1978
-2284
-2697
-3089
-3459
-3837
-4223
-4580
-4829
-5018
-5140
-5170
-5060
-4791
-4472
-4157
-3942
-3812
-3688
-3558
-3409
-3231
-2939
-2516
-1997
-1393
-692
149
1081
1976
2670
3113
3405
3645
3828
3786
3485
3031
2653
2456
2357
2248
2104
1986
1857
1715
1542
1401
1252
1068
816
573
358
193
132
178
379
718
1132
1581
2033
2461
2792
2922
2947
2924
2894
2865
2804
2646
2418
2122
1891
1743
1605
1491
1267
1114
1039
1089
1080
908
690
540
576
489
449
261
49
-285
-728
-1122
-1520
-1812
-2115
-2385
-2597
-2870
-3114
-3455
-3746
-4012
-4316
-4596
-4887
-5038
-5092
-5114
-5160
-5254
-5185
-5026
-4801
-4693
-4690
-4614
-4279
-3563
-2779
-1980
-1186
-173
1131
2447
3609
4375
4911
5202
5281
5055
4551
3923
3343
2911
2583
2268
1987
1749
1584
1381
1015
485
11
-272
-418
-570
-797
-1005
-1037
-845
-460
24
587
1197
1899
2714
3435
3963
4116
4028
3895
3767
3641
3322
2823
2224
1743
1451
1265
1077
863
746
797
927
1014
989
907
821
730
692
720
654
441
54
-322
-665
-987
-1378
-1961
-2561
-3149
-3587
-3975
-4367
-4763
-5205
-5550
-5784
-5949
-6174
-6592
-7033
-7337
-7437
-7447
-7485
-7191
-6325
-4802
-3242
-1983
-796
766
2853
4787
6044
6420
6501
6562
6528
6063
5115
4039
3096
2476
2050
1772
1571
1477
1353
1034
550
-22
-462
-869
-1237
-1719
-2065
-2139
-1838
-1220
-437
463
1540
2704
3781
4655
5264
5693
5783
5558
5017
4305
3557
2701
1760
896
276
-20
-150
-365
-545
-433
16
575
979
1192
1238
1391
1596
1718
1768
1771
1699
1363
841
257
-336
-956
-1680
-2452
-3189
-3673
-3982
-4405
-5015
-5794
-6591
-7316
-7983
-8582
-9177
-9754
-10254
-10156
-9165
-7417
-5622
-3961
-2283
-37
2707
5245
6965
7611
7799
7671
7331
6475
5180
3806
2696
1932
1309
960
746
775
660
139
-773
-1859
-2594
-3118
-3492
-3913
-4031
-3614
-2677
-1330
187
1765
3401
4922
6220
7236
7965
8237
7863
6910
5819
4803
3724
2465
1166
94
-603
-972
-1416
-1916
-2256
-2175
-1896
-1548
-977
-340
421
1154
1859
2540
2988
3203
3011
2466
1847
1235
700
50
-731
-1531
-2184
-2577
-2997
-3595
-4546
-5742
-6884
-7936
-8981
-10190
-11169
-11199
-9986
-8035
-6283
-4288
-1763
1733
5228
7594
8541
8394
8114
7684
6797
5129
3241
1669
772
342
19
-91
-188
-133
-529
-1451
-2665
-3832
-4569
-5314
-5871
-6183
-5667
-4371
-2534
-367
1755
3988
5972
7700
8847
9408
9335
8663
7408
5874
4526
3256
2087
727
-407
-1228
-1605
-1738
-2014
-2374
-2515
-2230
-1683
-1029
-445
142
705
1299
1829
2143
2269
2164
1786
1248
831
544
342
-173
-814
-1356
-1644
-1912
-2648
-3888
-5339
-6673
-8053
-9571
-10826
-10829
-9385
-7071
-5208
-3408
-878
2806
6619
8995
9562
8793
8086
7461
6495
4647
2398
607
-364
-596
-714
-725
-744
-703
-1154
-2201
-3591
-4900
-5741
-6489
-6954
-7059
-6099
-4232
-1839
580
2949
5302
7381
8814
9408
9309
8429
6917
4823
2874
1361
178
-1015
-2207
-2962
-3122
-2682
-2200
-1967
-1819
-1469
-806
31
847
1440
1902
2284
2688
2917
3090
3048
2779
2207
1501
1048
865
677
165
-576
-1322
-1937
-2550
-3581
-5094
-6893
-8609
-10154
-11339
-11343
-9706
-6611
-3977
-1661
971
4692
8757
11420
12023
10583
8952
7449
5991
3854
1281
-854
-2196
-2552
-2576
-2188
-1862
-1733
-2226
-3461
-4793
-5912
-6250
-6599
-6487
-5954
-4248
-1573
1522
4484
6674
8560
9834
10693
10466
9483
7646
5276
2600
74
-1655
-2967
-4043
-5403
-6230
-6469
-5754
-4803
-4193
-3702
-2993
-1494
199
1798
2818
3384
3663
3725
3547
3061
2436
1720
1072
319
27
218
613
698
186
-486
-1355
-2229
-3813
-5824
-8254
-10332
-11968
-12514
-11054
-7863
-3597
-345
2922
6209
10409
13788
15068
13949
11089
8415
5865
3763
1075
-1368
-3133
-3783
-3643
-3275
-2553
-2379
-2483
-3779
-5297
-6704
-7246
-6897
-6445
-5257
-3515
-277
3204
6533
8833
10277
11195
11155
10558
8908
7124
4709
2263
-479
-2509
-3610
-4460
-5272
-6416
-6822
-6694
-5506
-4359
-3341
-2495
-1346
630
2486
4056
4439
4204
3351
2437
1471
307
-797
-1962
-2603
-3039
-2573
-1862
-1160
-1133
-1664
-2446
-3355
-4466
-6083
-7984
-9984
-11652
-11838
-9445
-5114
-385
2680
5495
8600
12676
15573
16065
14052
10731
7857
5216
2898
328
-1698
-3096
-3544
-3506
-3317
-2596
-2206
-2193
-3686
-5452
-6843
-6761
-5481
-4120
-2307
-342
2826
5925
8549
9809
10034
9504
8198
6628
4796
3286
1422
-534
-2606
-3717
-3989
-4024
-4441
-5259
-5402
-4882
-3311
-1771
-405
548
1675
3193
4590
5543
5417
4333
2532
703
-890
-2068
-2908
-3569
-4093
-4300
-3777
-2842
-2105
-2322
-3354
-4650
-6058
-7253
-8742
-10210
-11753
-11995
-9837
-5766
-953
2290
5166
7884
11282
13843
14205
12568
9527
7045
4711
2683
274
-1554
-2584
-2864
-2763
-2905
-2511
-2421
-2451
-3468
-4807
-5606
-5209
-3504
-1638
711
3104
6130
8736
10409
10855
10197
8818
6643
4525
2756
1511
121
-1548
-3180
-4165
-4250
-4246
-4619
-5516
-5842
-5211
-3544
-1493
252
1817
3232
4775
6025
6614
6298
5020
3064
844
-909
-1948
-2417
-2908
-3311
-3428
-2950
-2365
-2305
-3092
-4530
-5935
-7301
-8103
-9241
-10175
-11153
-10446
-7405
-3178
803
2787
4911
7157
10207
11698
11297
9237
6724
5064
3372
1842
-517
-2214
-3443
-3890
-4171
-4505
-4157
-3797
-3287
-3969
-4427
-4213
-2610
-417
1309
3128
4982
7500
9100
9901
9511
8651
7350
5580
4052
2526
1674
255
-1449
-3478
-4739
-5031
-5122
-5358
-5873
-5388
-4010
-1607
674
2446
3572
4305
5041
5285
5113
3925
2323
462
-886
-1573
-1621
-1462
-1537
-1667
-1952
-1938
-2216
-2802
-4157
-5699
-7051
-7697
-8037
-8420
-8884
-7958
-4821
-665
2656
3789
4933
6476
8812
9606
8682
6504
4339
3264
2320
1345
-700
-2475
-3918
-4659
-5283
-5994
-6044
-5769
-4971
-4815
-4495
-3546
-1242
1602
3714
5341
6672
8319
9046
8887
7997
6955
5785
4199
2906
1820
1289
107
-1550
-3628
-5023
-5654
-5986
-6154
-6190
-5083
-3298
-726
1594
3454
4620
5297
5638
5158
4348
2917
1477
-112
-1078
-1347
-1131
-830
-938
-1127
-1668
-2069
-2716
-3633
-5079
-6603
-7322
-7370
-7141
-7462
-7427
-5171
-926
3788
5931
6611
7269
9099
10826
10415
8482
5474
3495
2160
1305
-65
-1843
-3520
-5086
-6061
-7141
-7510
-7530
-7043
-6727
-6593
-5614
-3477
-85
2719
4855
6248
7918
9140
9328
8620
7588
6693
5294
3814
2443
1807
1062
-246
-2405
-4643
-6064
-6823
-7118
-7528
-7279
-6092
-3803
-1095
1219
2794
3664
4189
4129
3829
3048
2042
666
-430
-729
-207
329
165
-415
-1234
-1868
-2630
-3562
-4760
-6202
-7110
-7678
-7668
-8021
-8028
-5840
-1883
2928
5285
6541
7700
10041
12160
11919
10122
7118
5390
4062
3262
1970
268
-1321
-3087
-4291
-5686
-6299
-6670
-6627
-6708
-6949
-6176
-4399
-1229
1561
3891
5548
7238
8455
8495
8108
7317
6699
5358
4096
2885
2141
1337
-113
-1800
-3834
-4994
-5969
-6446
-7046
-7033
-6016
-4121
-1851
-218
1012
1659
2130
1959
1536
970
205
-686
-1488
-1342
-566
351
333
-380
-1357
-2050
-2541
-3270
-4230
-5494
-6202
-6738
-6901
-7608
-7495
-5282
-1556
2414
3830
5111
6497
9297
11209
11165
9591
7021
5701
4604
4151
2804
1158
-746
-2583
-3882
-5223
-5730
-6130
-5948
-6152
-6154
-5366
-3420
-507
1785
3822
5272
6905
7588
7806
7890
7843
7442
6126
5429
4857
4431
3042
973
-1111
-2973
-4098
-5166
-5831
-6583
-6554
-5517
-3614
-1827
-880
-263
106
476
-22
-735
-1381
-1680
-2038
-2366
-1970
-1148
-172
-375
-1146
-2287
-2880
-3402
-3870
-4640
-5422
-5942
-6435
-6802
-7374
-5998
-3480
347
2407
3547
4551
6347
8830
9479
9180
7112
5785
4934
4978
4961
3975
2609
431
-1236
-3053
-4267
-5356
-6124
-6572
-6908
-6223
-4823
-2311
-143
1946
3704
5463
6837
7087
7289
7161
7197
6570
5986
5772
5412
4789
2926
1091
-845
-1876
-2668
-3464
-4332
-5083
-4442
-2894
-1014
-227
-100
-85
160
60
-734
-1610
-2382
-2578
-2828
-2357
-1622
-740
-631
-1470
-2506
-3475
-3965
-4580
-5182
-5807
-6277
-6626
-7072
-7455
-6365
-4043
-635
1395
2564
3660
5263
7427
7954
7671
5973
4671
3812
3665
4070
3931
3465
1963
478
-1144
-2284
-3267
-4287
-5276
-6357
-6386
-5560
-3699
-2074
-576
951
2839
4712
5781
6258
6339
6424
6475
6517
6466
6007
5108
3636
1887
120
-1099
-1848
-2484
-3372
-4008
-3474
-1930
-269
348
365
288
487
409
-184
-890
-1547
-1791
-1834
-1423
-572
176
246
-505
-1395
-2348
-3139
-3918
-4605
-4982
-5533
-6183
-7310
-7884
-6751
-4048
-819
904
1802
2553
4363
5981
6541
5742
4185
3035
2405
2592
3021
3468
3284
2327
878
-511
-1303
-2006
-2816
-4137
-5343
-5728
-4950
-3368
-2185
-1263
-409
1089
2663
3798
4453
4904
5550
5840
6055
5971
5936
5380
4025
1943
-89
-1250
-1882
-2342
-3227
-3799
-3484
-2056
-497
396
575
474
425
-64
-780
-1602
-1929
-1877
-1709
-1334
-746
268
739
659
-205
-1009
-1714
-2351
-2883
-3441
-3959
-4880
-6245
-6767
-5741
-2947
-200
1387
2290
3076
4781
5805
6160
5046
3576
2275
1595
1857
2437
3044
2767
1795
404
-687
-1238
-1690
-2314
-3446
-4166
-4345
-3556
-2621
-1831
-1252
-616
360
1145
1962
2451
3297
3935
4620
4906
5033
5270
5024
4297
2448
739
-504
-1119
-1853
-3057
-3758
-3586
-2459
-1449
-833
-579
-415
-479
-1120
-2021
-2860
-2993
-2755
-2262
-1829
-1407
-924
-680
-537
-731
-969
-1271
-1562
-1631
-1955
-2479
-3628
-4885
-5169
-4145
-1478
774
2514
3289
4144
5310
5974
6037
4766
3431
2250
2012
2407
3012
3591
3368
2429
834
-396
-1044
-1283
-1784
-2613
-3151
-3207
-2537
-1982
-1510
-1177
-476
539
1334
1715
1796
2146
2894
3442
3642
3471
3377
3150
2555
1549
609
-55
-561
-1329
-2224
-2698
-2501
-1673
-1044
-800
-904
-1008
-1192
-1668
-2364
-2919
-2886
-2590
-2164
-1942
-1852
-1817
-2136
-2371
-2801
-2726
-2581
-2204
-1877
-2205
-2651
-3899
-4327
-4244
-2580
-253
1624
3322
3850
5179
5685
6218
5400
4112
2966
2194
2414
2654
3298
3309
2931
1806
691
-97
-564
-838
-1487
-1793
-2019
-1537
-1104
-884
-845
-564
556
1638
2353
2043
1904
2337
3333
4090
3923
3359
2670
2196
1513
638
-207
-831
-1480
-2177
-2660
-2605
-1835
-1190
-746
-932
-985
-1008
-1283
-1954
-2928
-3199
-2929
-2351
-2143
-2173
-2276
-2452
-2722
-3192
-3446
-3438
-3162
-2765
-2747
-2886
-3694
-4353
-4569
-3896
-1990
-284
1859
2965
4347
5186
5617
5644
4683
3951
2987
2744
2652
2934
3256
3205
2656
1543
571
-69
-325
-589
-1016
-1277
-1305
-973
-837
-750
-774
-58
899
1902
2090
1841
1974
2585
3812
4207
4194
3462
3011
2555
1936
1179
245
-412
-1204
-1845
-2276
-1987
-1144
-511
-294
-632
-920
-1154
-1567
-2305
-3005
-3062
-2574
-2038
-1989
-2275
-2493
-2479
-2585
-2837
-3205
-3258
-2906
-2526
-2448
-2979
-3934
-4533
-4631
-3573
-2098
-449
1085
2093
3306
3833
4402
4156
3721
3230
2708
2727
2700
3080
3333
3384
2951
1937
1011
270
2
-284
-656
-1033
-1199
-1118
-1098
-1038
-821
-149
690
1164
956
583
556
1322
2229
2855
2990
2808
2754
2581
2318
1771
1161
427
-497
-1346
-1850
-1659
-1050
-615
-649
-997
-1227
-1345
-1664
-2162
-2487
-2286
-1699
-1273
-1289
-1556
-1734
-1799
-1869
-2022
-2013
-1861
-1571
-1362
-1408
-1706
-2326
-2897
-3246
-2815
-1941
-723
319
1109
1835
2185
2559
2363
2120
1720
1534
1661
1769
2139
2368
2694
2766
2543
2160
1608
1199
830
601
342
75
-238
-541
-590
-281
274
807
918
483
-82
-446
-167
267
568
583
456
561
605
687
584
451
93
-485
-1032
-1310
-1012
-607
-207
-157
-163
-244
-311
-311
-387
-246
-111
195
330
187
-82
-361
-439
-503
-509
-485
-407
-369
-381
-517
-709
-1012
-1360
-1687
-1981
-2096
-2059
-1794
-1511
-1257
-1062
-924
-891
-1089
-1340
-1516
-1417
-1168
-861
-534
-225
250
781
1424
1931
2211
2273
2235
2329
2370
2263
1946
1589
1509
1699
1933
1910
1602
1307
1206
1221
1110
721
327
40
-17
66
137
270
372
276
-99
-527
-583
-227
153
217
42
-54
-2
48
-59
-167
-201
-106
-111
-212
-506
-781
-914
-973
-873
-876
-834
-905
-899
-876
-936
-1116
-1562
-1920
-2138
-2131
-2066
-2009
-1921
-1819
-1637
-1440
-1194
-1060
-1149
-1430
-1717
-1713
-1462
-1042
-655
-287
169
751
1481
2127
2553
2621
2534
2557
2693
2862
2702
2372
2088
2106
2399
2562
2554
2392
2338
2295
2127
1810
1357
1023
807
698
627
499
307
21
-322
-524
-496
-239
-28
-67
-227
-319
-232
-232
-402
-654
-789
-825
-983
-1294
-1652
-1848
-1929
-1934
-1924
-1869
-1787
-1803
-1863
-1938
-1992
-2145
-2422
-2694
-2813
-2696
-2505
-2352
-2249
-2025
-1636
-1127
-682
-436
-344
-438
-519
-542
-344
-76
103
286
540
1046
1615
2155
2519
2677
2736
2777
2860
2912
2781
2521
2236
2100
2152
2151
2161
2153
2205
2226
2072
1842
1587
1416
1245
1096
921
640
319
-95
-405
-559
-473
-186
-7
22
-29
11
91
67
-119
-335
-393
-427
-625
-974
-1275
-1277
-1125
-1015
-1022
-1072
-1116
-1209
-1327
-1517
-1754
-2099
-2458
-2731
-2904
-2955
-2936
-2864
-2851
-2847
-2746
-2455
-2001
-1665
-1483
-1460
-1383
-1153
-751
-291
-11
214
397
763
1269
1742
2083
2198
2335
2492
2764
2942
2933
2726
2464
2289
2182
2103
1925
1807
1690
1706
1746
1744
1627
1428
1277
1206
1219
1080
728
204
-158
-220
-30
157
151
51
-18
64
213
267
192
41
-16
-17
-97
-320
-580
-668
-584
-427
-406
-532
-731
-915
-1076
-1244
-1429
-1658
-1909
-2129
-2306
-2403
-2465
-2471
-2466
-2449
-2506
-2562
-2459
-2155
-1863
-1768
-1818
-1773
-1458
-936
-383
-50
188
444
779
1096
1271
1453
1632
1859
2047
2190
2314
2360
2376
2305
2158
1922
1629
1344
1109
1002
1041
1219
1316
1229
982
833
890
946
787
422
183
229
478
620
582
419
347
360
435
477
426
335
241
221
167
5
-244
-440
-436
-334
-333
-550
-895
-1125
-1239
-1336
-1477
-1623
-1753
-1905
-2052
-2105
-2078
-1983
-1919
-1864
-1827
-1778
-1737
-1641
-1426
-1299
-1275
-1351
-1253
-938
-474
-60
218
447
651
779
799
866
1050
1362
1582
1706
1798
1930
2112
2110
1946
1619
1337
1080
834
639
570
743
963
1038
854
602
517
654
796
746
590
535
630
766
801
692
559
478
477
550
657
761
752
610
424
213
12
-159
-300
-397
-520
-733
-1016
-1321
-1562
-1740
-1883
-1999
-2114
-2244
-2412
-2532
-2496
-2355
-2137
-1998
-1844
-1657
-1493
-1444
-1458
-1271
-1001
-783
-754
-701
-465
-32
434
766
946
982
985
1042
1247
1562
1813
1900
1953
2116
2367
2548
2490
2181
1799
1464
1251
1107
1038
1009
1014
964
778
481
154
-13
16
108
139
139
181
263
272
183
48
-76
-179
-218
-149
27
215
304
257
145
68
-10
-107
-239
-384
-607
-869
-1173
-1389
-1533
-1651
-1750
-1872
-1973
-2114
-2256
-2350
-2292
-2142
-1983
-1822
-1700
-1566
-1501
-1535
-1521
-1308
-961
-681
-590
-502
-247
164
614
882
1010
1095
1269
1575
1915
2193
2291
2290
2334
2497
2665
2674
2462
2096
1802
1637
1578
1542
1496
1422
1299
1128
907
624
295
57
-16
27
85
65
51
75
65
-46
-240
-405
-507
-530
-503
-402
-300
-241
-264
-289
-218
-113
-77
-146
-296
-477
-661
-891
-1155
-1398
-1608
-1786
-1933
-2071
-2152
-2133
-2077
-2007
-1930
-1854
-1757
-1702
-1731
-1804
-1862
-1832
-1653
-1387
-1095
-847
-679
-485
-243
27
299
581
902
1232
1503
1703
1842
1984
2103
2191
2260
2300
2285
2154
1972
1868
1845
1875
1881
1820
1727
1622
1530
1407
1225
974
735
604
543
455
326
225
187
160
76
-41
-124
-173
-230
-307
-368
-385
-391
-394
-307
-137
28
77
42
-23
-60
-133
-347
-678
-1056
-1407
-1725
-1988
-2150
-2216
-2191
-2141
-2066
-1945
-1827
-1724
-1720
-1822
-1915
-1950
-1987
-2029
-2033
-1859
-1511
-1159
-918
-739
-491
-102
407
922
1328
1548
1633
1705
1832
1967
2026
1997
1938
1887
1826
1755
1725
1739
1753
1688
1539
1413
1350
1322
1278
1202
1061
911
743
604
527
466
380
260
173
152
190
197
147
47
-51
-154
-239
-248
-155
-13
90
163
232
263
261
256
178
-7
-280
-601
-937
-1249
-1503
-1687
-1757
-1798
-1840
-1853
-1846
-1793
-1724
-1716
-1736
-1790
-1869
-1989
-2168
-2291
-2264
-2062
-1765
-1541
-1366
-1097
-622
-16
550
924
1117
1230
1366
1553
1731
1815
1832
1765
1718
1681
1652
1630
1550
1439
1267
1103
981
925
961
1020
1068
1092
1037
942
820
706
626
574
498
417
359
325
344
353
286
181
91
62
139
268
393
445
442
436
428
401
324
180
6
-218
-465
-697
-865
-962
-1074
-1209
-1355
-1442
-1459
-1449
-1425
-1459
-1507
-1545
-1594
-1639
-1721
-1837
-1977
-2088
-2123
-2008
-1772
-1492
-1229
-951
-619
-270
83
405
674
898
1113
1340
1552
1708
1765
1723
1657
1621
1587
1487
1286
1047
862
756
697
680
702
760
819
856
878
872
814
702
561
453
339
233
139
98
89
48
6
-38
-18
87
229
344
401
433
427
340
232
122
-18
-157
-299
-435
-540
-583
-561
-570
-621
-700
-755
-796
-814
-849
-876
-875
-898
-961
-1090
-1234
-1361
-1461
-1527
-1549
-1501
-1398
-1279
-1112
-925
-789
-659
-556
-388
-134
194
565
906
1160
1300
1385
1434
1458
1419
1343
1214
1040
840
647
521
483
484
465
459
486
571
693
807
908
934
848
697
519
359
217
119
35
-29
-47
-36
-18
2
52
126
202
232
190
85
-43
-142
-214
-277
-380
-477
-507
-509
-508
-533
-568
-608
-641
-627
-557
-475
-432
-421
-454
-521
-617
-766
-950
-1082
-1133
-1091
-944
-831
-800
-867
-965
-993
-922
-765
-620
-470
-275
-15
312
625
868
1034
1126
1181
1220
1229
1158
1034
839
665
568
533
540
551
558
581
617
654
709
798
875
911
879
823
730
588
443
329
276
245
213
181
155
130
108
70
28
-28
-97
-157
-213
-278
-349
-411
-453
-489
-548
-624
-732
-831
-890
-892
-845
-780
-738
-688
-626
-579
-574
-626
-706
-784
-822
-800
-736
-670
-618
-615
-619
-652
-676
-694
-692
-651
-562
-399
-201
-8
152
304
477
654
827
966
1034
1036
984
930
881
831
779
740
746
782
824
808
773
742
740
726
691
650
627
625
608
557
499
430
352
296
243
201
166
109
22
-61
-128
-149
-149
-156
-185
-217
-256
-279
-285
-305
-361
-444
-533
-608
-647
-645
-613
-593
-590
-590
-575
-548
-529
-511
-506
-539
-563
-593
-626
-651
-679
-712
-748
-773
-786
-757
-711
-649
-592
-526
-452
-368
-274
-179
-71
21
124
243
342
422
508
617
725
819
890
968
1023
1043
1044
1052
1042
1006
952
906
849
783
723
666
624
577
533
505
493
481
457
403
300
212
137
60
-3
-63
-114
-148
-175
-188
-185
-172
-179
-190
-203
-245
-294
-343
-375
-399
-423
-441
-449
-467
-475
-449
-411
-382
-374
-397
-467
-554
-626
-694
-763
-811
-858
-895
-882
-848
-802
-746
-687
-632
-587
-542
-499
-481
-488
-494
-465
-407
-323
-219
-110
29
180
340
484
614
729
812
894
961
990
994
984
943
885
823
760
706
683
691
711
732
740
735
742
733
694
623
525
419
322
259
207
152
107
71
60
56
55
37
6
-34
-85
-133
-197
-259
-313
-338
-331
-308
-266
-229
-209
-186
-179
-210
-268
-350
-459
-563
-644
-701
-735
-723
-691
-644
-597
-551
-511
-492
-479
-478
-499
-544
-584
-606
-607
-592
-571
-536
-492
-425
-329
-225
-129
-31
75
188
296
405
491
549
572
569
560
531
493
469
466
485
526
575
617
650
672
691
700
694
665
615
550
485
423
372
328
295
264
237
222
210
186
137
68
-11
-81
-138
-166
-166
-141
-105
-63
-27
-15
-28
-71
-133
-212
-300
-386
-463
-519
-554
-555
-536
-504
-474
-441
-406
-371
-344
-326
-324
-338
-358
-375
-389
-392
-393
-383
-377
-372
-365
-344
-321
-301
-281
-240
-174
-100
-26
33
86
125
154
163
156
141
124
131
161
214
272
336
394
452
502
536
554
552
541
518
497
481
478
485
498
511
520
515
490
437
362
283
211
155
124
114
121
132
145
159
165
154
117
61
-12
-95
-185
-270
-342
-394
-426
-434
-425
-406
-384
-359
-336
-323
-317
-315
-306
-297
-291
-294
-294
-289
-274
-262
-257
-264
-284
-310
-343
-371
-383
-374
-354
-324
-285
-237
-192
-163
-161
-168
-173
-175
-170
-151
-118
-76
-26
29
83
128
167
197
226
257
284
310
336
364
390
417
443
458
469
472
466
443
415
389
369
351
335
330
332
341
344
337
322
300
270
229
177
119
54
-13
-79
-138
-180
-205
-216
-212
-198
-182
-176
-164
-142
-121
-118
-124
-126
-117
-103
-89
-85
-90
-100
-109
-122
-142
-169
-189
-200
-204
-203
-199
-198
-204
-216
-237
-265
-293
-315
-318
-304
-280
-260
-232
-210
-188
-166
-150
-135
-119
-88
-49
0
50
95
130
156
175
180
179
174
173
182
199
214
219
224
228
231
218
194
170
162
166
169
169
164
166
166
159
141
114
81
47
20
2
-1
1
10
17
28
38
46
51
51
48
43
48
62
79
87
89
87
78
68
56
44
30
17
3
-17
-39
-65
-95
-126
-153
-173
-188
-200
-213
-229
-241
-255
-272
-292
-301
-300
-285
-257
-220
-177
-133
-91
-59
-34
-20
-12
-9
-2
11
24
46
67
93
117
139
154
155
147
127
108
86
60
34
18
13
17
28
40
51
59
62
63
65
64
61
58
56
55
51
50
47
42
37
31
29
30
32
37
44
64
84
105
123
131
130
117
106
94
86
72
55
38
26
19
11
1
-16
-39
-72
-107
-148
-188
-224
-251
-262
-261
-240
-209
-167
-119
-78
-50
-32
-28
-33
-42
-46
-43
-31
-15
9
35
65
87
105
117
122
114
93
64
31
0
-31
-52
-61
-56
-45
-32
-14
3
20
24
24
25
29
36
39
45
47
50
42
31
13
-9
-28
-46
-47
-43
-20
10
48
85
113
132
138
137
124
106
92
85
86
89
96
100
100
86
61
24
-19
-63
-108
-145
-173
-192
-200
-192
-168
-140
-116
-98
-76
-56
-43
-39
-42
-49
-57
-62
-57
-44
-17
11
43
67
90
100
102
94
76
54
23
3
-18
-28
-40
-44
-37
-33
-23
-23
-14
-9
0
7
16
30
38
47
48
50
39
19
-8
-32
-46
-59
-65
-58
-36
-7
22
42
55
60
58
49
43
45
52
65
86
108
123
121
102
78
51
19
-12
-39
-55
-64
-69
-70
-69
-67
-74
-79
-81
-79
-72
-65
-53
-42
-34
-36
-41
-47
-53
-58
-58
-49
-26
4
26
40
39
34
22
9
-4
-14
-18
-13
-1
12
17
22
19
20
23
30
41
53
66
75
86
91
87
76
61
48
37
29
13
6
3
4
4
7
6
2
0
-5
-8
-11
-11
-12
-5
4
8
14
11
8
0
-8
-16
-25
-32
-41
-45
-45
-45
-52
-59
-69
-80
-86
-88
-82
-72
-62
-61
-65
-70
-77
-79
-78
-72
-63
-49
-33
-22
-8
-6
2
3
3
0
3
18
30
48
53
55
49
44
36
30
31
36
57
79
100
112
121
120
111
103
89
84
84
89
97
104
107
102
89
68
41
15
0
-13
-13
-12
-6
-1
4
2
-8
-18
-30
-37
-43
-48
-50
-49
-41
-34
-25
-21
-23
-26
-29
-32
-36
-40
-44
-49
-51
-56
-62
-69
-76
-85
-88
-90
-90
-87
-83
-78
-73
-68
-71
-68
-67
-60
-53
-43
-33
-25
-14
-6
4
9
4
0
-6
-9
-9
-5
0
14
30
42
48
50
49
52
59
68
79
91
101
111
118
120
117
107
96
83
78
76
78
85
89
87
79
69
55
41
25
8
-6
-13
-13
-6
3
10
12
10
5
0
-6
-13
-20
-26
-32
-36
-41
-49
-60
-72
-82
-91
-98
-102
-102
-102
-100
-95
-92
-90
-91
-91
-89
-84
-83
-79
-75
-67
-59
-50
-43
-36
-29
-24
-23
-24
-24
-22
-18
-15
-15
-16
-13
-5
8
23
36
48
60
73
84
90
91
91
91
96
102
109
115
118
122
124
127
127
123
114
100
84
70
62
56
51
43
35
28
26
28
28
25
18
14
10
8
3
-4
-13
-23
-30
-38
-45
-53
-61
-69
-75
-80
-86
-89
-96
-101
-106
-108
-109
-107
-105
-105
-103
-103
-101
-98
-93
-91
-88
-85
-85
-83
-83
-82
-83
-83
-81
-79
-75
-69
-58
-45
-28
-10
8
22
33
42
51
59
67
77
89
103
116
131
144
154
163
167
167
162
157
151
148
142
132
120
106
96
88
80
74
66
58
52
44
39
31
22
16
8
3
-5
-11
-17
-24
-32
-42
-52
-60
-67
-72
-74
-73
-70
-64
-60
-57
-58
-62
-66
-70
-75
-78
-84
-86
-88
-88
-90
-96
-104
-115
-121
-128
-128
-127
-123
-117
-110
-100
-90
-79
-69
-59
-46
-31
-16
1
16
33
47
59
72
84
97
110
123
132
136
138
137
137
137
136
132
127
118
108
100
93
84
76
64
54
44
37
30
23
17
12
9
7
2
-1
-7
-12
-21
-29
-38
-45
-46
-46
-43
-40
-37
-31
-27
-22
-19
-20
-21
-22
-20
-19
-18
-19
-26
-31
-41
-51
-63
-77
-88
-96
-99
-99
-98
-95
-92
-88
-83
-77
-69
-61
-52
-43
-31
-18
-4
12
26
41
51
61
73
79
87
89
93
94
94
96
95
94
92
88
83
77
73
66
59
50
39
31
19
10
4
-2
-5
-8
-8
-9
-11
-14
-22
-29
-38
-41
-45
-46
-43
-41
-35
-31
-27
-24
-25
-25
-28
-29
-29
-30
-26
-21
-16
-12
-10
-15
-22
-33
-44
-54
-65
-72
-78
-79
-79
-76
-69
-64
-57
-51
-46
-40
-36
-27
-21
-10
1
13
29
42
58
70
80
90
95
102
103
106
108
109
111
111
112
110
107
102
91
81
67
56
46
37
33
24
22
15
11
8
0
-8
-21
-32
-44
-54
-58
-62
-61
-57
-53
-47
-47
-46
-50
-54
-59
-64
-64
-64
-61
-58
-53
-46
-40
-36
-33
-35
-37
-42
-46
-48
-49
-48
-48
-44
-40
-34
-30
-25
-21
-18
-15
-13
-11
-8
-5
0
6
15
21
29
37
42
49
54
58
61
64
66
70
74
78
80
79
77
74
69
63
56
50
44
39
38
35
35
32
28
23
14
6
-5
-15
-26
-32
-37
-40
-42
-41
-41
-39
-38
-36
-37
-38
-41
-41
-42
-41
-39
-36
-33
-30
-26
-23
-19
-18
-16
-18
-19
-20
-19
-19
-19
-18
-17
-16
-14
-12
-10
-8
-7
-6
-5
-1
0
2
4
6
8
11
11
13
14
17
19
21
24
28
30
32
34
35
36
34
33
30
29
26
25
23
21
21
20
19
18
15
13
10
5
0
-4
-8
-10
-12
-13
-13
-14
-13
-13
-14
-14
-15
-15
-16
-17
-18
-17
-18
-18
-18
-17
-18
-18
-18
-18
-18
-19
-19
-19
-19
-19
-18
-17
-16
-14
-12
-10
-7
-5
-4
-2
-2
-3
-2
-1
-1
1
1
3
5
6
9
11
13
15
17
20
22
24
24
26
26
26
25
24
23
22
22
21
21
19
19
17
16
12
10
6
5
2
2
1
1
0
-1
-2
-1
-3
-3
-4
-5
-5
-5
-3
-4
-4
-6
-5
-6
-8
-9
-12
-13
-15
-15
-16
-17
-17
-17
-18
-17
-18
-17
-16
-17
-15
-14
-13
-11
-9
-8
-6
-6
-3
-3
-2
-2
-1
-2
-1
-2
-1
-1
-1
0
0
2
2
4
4
6
6
8
9
10
11
13
14
15
15
16
16
15
15
14
13
12
12
12
12
11
9
7
6
5
3
3
3
3
1
1
1
0
-2
-2
-3
-4
-5
-5
-7
-8
-8
-10
-10
-12
-13
-13
-14
-13
-12
-12
-11
-10
-10
-10
-10
-9
-9
-8
-7
-6
-4
-3
-2
-1
-1
-1
0
1
1
2
1
3
2
2
2
3
2
3
3
4
5
5
7
7
9
9
10
9
9
9
9
9
8
8
6
6
6
5
4
4
3
2
3
3
2
2
2
2
0
1
0
-1
-1
-1
-2
-3
-3
-3
-3
-4
-5
-5
-6
-6
-7
-6
-6
-6
-6
-7
-6
-6
-5
-4
-4
-3
-3
-2
-2
-1
-1
1
0
0
1
2
2
2
1
1
0
-1
-1
-1
-3
-3
-4
-5
-5
-4
-4
-4
-3
-3
-2
-2
-2
-1
-1
1
2
2
3
4
5
5
6
5
5
5
6
5
6
5
6
7
6
6
6
6
5
4
4
2
2
1
1
0
0
-2
-2
-2
-2
-3
-3
-3
-4
-2
-3
-3
-2
-3
-2
-2
-1
-2
-1
-2
-2
-2
-2
-1
-1
-1
-2
-1
-1
0
0
-1
-1
-1
-2
-3
-2
-1
-2
-3
-2
-2
-2
-1
-3
-2
-1
-1
-2
-1
-2
-2
-1
0
0
0
1
1
2
1
1
1
2
2
2
3
3
3
4
4
4
4
2
3
3
1
2
1
1
1
0
0
1
-1
0
0
0
0
0
0
-1
-1
-2
-2
-1
-1
-1
-1
-1
-1
0
0
0
0
1
1
0
1
0
-1
-1
0
0
-1
0
0
0
0
0
0
2
1
1
1
1
1
1
1
1
1
0
1
1
0
1
-1
1
1
0
-1
0
0
0
0
0
0
0
1
0
0
0
0
-1
-1
-2
-1
-2
-3
-3
-3
-3
-3
-4
-3
-4
-3
-3
-3
-3
-2
-3
-3
-2
-2
-1
-2
-1
-1
0
1
1
0
1
1
2
3
2
1
2
2
2
1
2
1
1
1
1
1
0
1
0
1
1
1
0
2
1
1
2
1
2
1
1
2
1
2
1
2
1
2
2
2
1
2
1
2
2
1
2
2
1
1
1
-1
0
-1
0
-1
-2
-1
-2
-2
-3
-3
-2
-2
-3
-3
-2
-3
-3
-3
-3
-3
-3
-3
-2
-2
-1
-1
-1
-1
0
1
0
1
1
1
1
1
0
0
0
0
1
0
0
0
0
0
1
1
1
1
0
1
1
1
1
1
0
1
0
0
0
1
1
2
1
1
2
1
1
1
2
1
1
1
1
0
1
1
0
1
1
1
1
1
0
0
-1
-1
0
-1
0
-1
-1
0
-1
-1
-2
-1
-2
-1
-2
-1
-1
-2
-2
-2
-2
-2
-2
-2
-2
-1
-2
-2
-1
-1
-1
0
-1
-2
0
-1
0
-1
0
0
0
1
1
0
2
1
2
2
2
2
2
2
2
2
1
1
2
2
2
2
1
2
1
1
1
1
0
0
-1
1
1
0
0
0
1
0
2
-1
0
0
-1
0
0
-1
0
0
0
0
0
0
0
0
0
-1
0
-1
-1
-1
-2
-2
-1
-1
-1
-1
0
-1
-2
-1
-1
-1
-1
0
-1
-1
0
0
0
0
0
1
1
0
1
0
0
0
0
0
1
0
1
0
0
0
0
0
0
0
0
0
0
0
0
0
0
0
1
0
0
0
0
0
0
1
1
0
0
1
1
1
1
1
1
1
0
0
1
0
0
0
0
0
-1
-1
0
-1
0
-1
0
-1
0
-1
-1
-1
-1
-1
-1
-1
0
0
0
-1
0
0
0
-1
0
1
0
1
0
0
0
0
0
1
1
0
0
1
-1
0
0
0
-1
-1
-1
0
0
0
0
-1
0
0
0
0
0
-1
-1
0
0
0
0
0
0
0
-1
0
-1
0
1
0
0
1
0
1
0
0
0
0
0
-1
0
0
0
0
0
-1
0
0
-1
0
-1
0
0
-1
-1
-1
-1
0
-1
-1
0
-1
-1
0
0
0
0
-1
0
0
0
1
0
1
1
0
0
1
1
0
-1
0
1
0
0
1
0
1
0
1
0
0
0
0
0
1
0
0
0
0
0
1
0
0
0
-1
0
-1
0
0
0
0
0
0
0
0
0
-1
0
0
0
0
0
0
1
0
0
0
1
0
1
0
0
1
0
0
1
0
0
1
0
0
1
0
0
0
0
0
0
0
0
0
0
0
1
0
0
0
0
0
-1
0
-1
0
0
1
1
0
0
0
-1
0
0
0
0
0
0
0
0
0
-1
0
0
0
0
-1
0
0
0
0
0
0
0
-1
0
0
0
0
0
0
0
1
0
0
0
0
0
-1
0
0
0
0
0
1
0
0
0
0
0
0
0
1
0
-1
0
-1
1
0
0
0
0
-1
0
0
0
0
0
0
-1
1
1
0
0
1
0
-1
0
1
1
0
-1
0
0
0
0
0
-1
0
0
-1
0
0
0
0
0
-1
0
0
-1
0
0
0
0
0
0
1
0
-1
0
-1
-1
0
0
0
1
0
0
0
0
0
0
1
0
0
-1
0
0
1
0
0
0
0
0
1
0
0
-1
0
0
0
1
0
0
0
0
1
0
0
0
0
0
0
0
0
1
0
0
0
0
0
0
-1
0
-1
0
0
0
0
0
1
0
0
-1
1
-1
0
-1
0
0
0
0
0
0
0
0
0
0
1
0
0
0
0
0
0
0
0
0
-1
0
0
0
1
0
0
0
1
0
0
0
0
0
0
0
0
0
0
1
0
1
0
-1
0
1
-1
0
0
0
-1
0
0
0
-1
0
-1
1
-1
1
0
0
0
0
0
1
0
1
0
0
0
0
0
0
0
0
0
0
0
1
0
0
-1
0
0
0
0
0
0
0
0
0
0
-1
0
0
1
0
0
-1
0
0
0
0
0
0
0
0
-1
0
1
0
0
0
0
1
0
0
0
0
0
-1
0
0
-1
0
0
0
0
0
0
0
0
0
0
0
1
1
1
1
0
0
-1
1
0
0
0
0
0
0
0
0
0
0
0
0
1
0
0
1
0
1
0
0
1
0
0
0
0
1
0
0
-1
0
0
1
1
0
0
-1
0
-1
-1
0
0
0
1
1
0
-1
0
1
0
0
0
0
1
0
1
-1
0
1
0
0
0
-1
0
0
0
1
0
-1
0
-1
-1
0
0
1
0
0
0
1
1
0
0
1
1
-1
0
-1
0
0
0
1
0
0
0
0
-1
0
0
-1
0
0
-1
-1
1
0
0
0
0
-1
0
1
0
0
0
-1
1
0
1
0
1
-1
0
0
0
-1
0
0
0
0
0
0
0
0
0
0
0
0
0
0
0
0
0
1
0
0
0
0
1
0
0
0
0
0
0
0
0
0
0
0
0
0
0
0
0
0
0
0
0
1
0
0
0
0
-1
0
0
1
0
0
0
0
0
-1
0
0
0
0
0
0
-1
0
0
-1
0
0
0
-1
0
0
0
0
-1
0
0
0
0
0
0
0
0
0
0
0
0
0
0
0
-1
0
0
0
-1
0
-1
0
-1
0
0
0
0
1
0
0
0
0
-1
1
0
0
0
0
0
1
0
0
0
0
0
0
1
0
0
0
0
-1
0
-1
0
0
0
0
0
0
0
0
0
0
0
0
0
0
0
0
0
1
0
1
1
0
1
0
0
0
0
0
1
0
1
0
0
0
1
0
0
-1
0
0
1
0
-1
0
0
0
0
-1
-1
1
0
0
1
0
0
1
0
0
0
-1
1
0
0
0
0
0
0
-1
0
0
0
0
0
0
0
0
0
0
0
0
0
0
0
0
0
0
0
0
-1
0
-1
0
-1
0
0
0
0
0
-1
0
-1
1
0
0
0
0
0
-1
0
-1
0
-1
0
0
0
0
-1
0
-1
0
1
0
0
0
0
0
0
1
0
0
0
0
0
0
-1
0
0
0
0
0
0
0
0
1
0
1
1
0
0
0
0
0
0
0
0
0
0
1
0
1
0
0
0
0
0
0
0
1
0
0
0
1
0
1
1
0
0
0
0
-1
0
0
1
0
0
0
0
0
0
0
0
0
0
0
0
0
-1
0
0
0
0
0
0
0
0
0
-1
0
1
0
0
0
0
0
0
0
-1
1
0
0
0
1
0
1
0
0
0
0
0
0
0
-1
0
1
0
0
0
1
0
0
0
0
-1
1
1
0
0
1
0
0
0
0
0
0
0
0
-1
0
0
0
0
1
0
0
0
0
0
0
-1
-1
1
0
0
1
0
0
-1
0
-1
1
0
1
0
0
0
0
1
-1
0
0
0
0
0
0
0
0
0
0
0
0
0
0
-1
0
0
0
0
1
0
0
0
0
0
0
0
0
-1
0
0
0
-1
0
0
1
0
-1
0
0
0
0
1
1
1
0
0
-1
0
0
-1
0
0
0
0
-1
0
0
0
0
0
0
1
0
0
0
0
0
1
0
0
0
0
0
0
0
-1
1
-1
0
-1
0
0
0
0
-1
0
0
0
0
0
0
0
0
0
1
0
0
0
0
0
0
0
0
0
0
0
0
0
0
-1
0
0
0
1
0
0
0
0
-1
0
-1
0
1
0
0
1
0
0
0
0
0
0
0
0
0
0
1
-1
0
-1
0
0
-1
0
0
0
0
-1
0
0
0
0
0
1
0
0
0
0
0
0
0
-1
0
0
0
0
0
0
-1
0
0
0
0
0
0
-1
0
-1
0
0
0
0
1
0
0
0
0
0
0
0
0
0
0
0
0
1
0
0
0
0
1
0
-1
0
1
0
0
0
0
0
0
0
-1
-1
0
0
0
1
0
-1
0
0
-1
0
0
0
-1
0
0
1
0
0
0
0
0
0
1
0
0
0
0
1
0
0
0
1
1
0
0
0
0
0
0
1
0
1
0
0
0
1
0
0
0
-1
1
1
0
-1
0
0
0
0
0
0
0
0
0
0
0
1
0
1
0
0
0
0
0
-1
0
1
0
0
-1
0
-1
0
0
-1
0
0
0
0
0
0
0
0
0
0
0
0
0
0
0
0
0
0
0
0
0
