0
0
0
0
0
0
0
0
0
-1
0
0
0
0
1
0
0
0
0
0
0
0
0
-1
0
0
0
-1
0
0
1
0
-1
0
0
0
0
1
1
1
0
0
-1
0
0
-1
0
0
0
0
-1
0
0
0
0
0
0
1
0
0
0
0
0
1
0
0
0
0
0
0
0
-1
1
-1
0
-1
0
0
0
0
-1
0
0
0
0
0
0
0
0
0
1
0
0
0
0
0
0
0
0
0
0
0
0
0
0
-1
0
0
0
1
0
0
0
0
-1
0
-1
0
1
0
0
1
0
0
0
0
0
0
0
0
0
0
1
-1
0
-1
0
0
-1
0
0
0
0
-1
0
0
0
0
0
1
0
0
0
0
0
0
0
-1
0
0
0
0
0
0
-1
0
0
0
0
0
0
-1
0
-1
0
0
0
0
1
0
0
0
0
0
0
0
0
0
0
0
0
1
0
0
0
0
1
0
-1
0
1
0
0
0
0
0
0
0
-1
-1
0
0
0
1
0
-1
0
0
-1
0
0
0
-1
0
0
1
0
0
0
0
0
0
1
0
0
0
0
1
0
0
0
1
1
0
0
0
0
0
0
1
0
1
0
0
0
1
0
0
0
-1
1
1
0
-1
0
0
0
0
0
0
0
0
0
0
0
1
0
1
0
0
0
0
0
-1
0
1
0
0
-1
0
-1
0
0
-1
0
0
0
0
0
0
0
0
0
0
0
0
0
0
0
0
0
0
0
0
0
0
0
0
0
0
0
0
0
0
0
0
0
-1
0
0
0
0
0
0
0
-1
0
0
0
0
0
0
0
0
0
0
0
0
0
0
0
0
0
0
0
0
0
0
1
-1
0
0
0
0
0
0
0
1
0
0
0
0
0
-1
0
0
0
0
0
0
0
0
0
0
-1
-1
-1
-1
0
-1
0
0
0
0
0
0
-1
-1
0
-1
0
0
0
-1
0
0
0
0
0
0
0
1
0
0
0
0
0
0
0
0
0
0
1
1
0
0
0
0
0
0
0
0
0
0
0
1
0
0
0
0
0
1
1
0
0
0
-1
0
-1
0
0
-1
1
-1
2
0
1
0
0
0
-1
1
1
0
1
0
1
0
1
-1
0
0
-1
2
-2
1
-2
1
1
0
1
0
1
-1
1
-1
1
-1
2
-1
0
1
-2
2
-2
2
-1
0
2
-2
1
-1
0
2
-2
3
-3
1
1
-1
3
-3
3
-2
1
0
-1
2
-2
3
-2
1
-1
-1
1
-1
1
-1
0
0
1
-1
1
-1
0
1
-1
1
-1
0
-1
1
0
-2
2
-2
4
-4
2
0
-2
2
-2
-1
3
-3
3
-1
-1
6
-9
9
-9
7
-4
3
1
-2
4
-4
5
-5
4
-5
5
-5
5
-5
5
-3
0
3
-6
8
-7
6
-4
1
1
-2
3
-2
1
-1
1
-2
2
-2
2
-1
-1
1
-1
1
1
-1
2
0
0
2
-2
2
-1
1
-2
3
-6
8
-9
11
-9
6
-3
-1
3
-5
5
-6
9
-11
15
-17
15
-14
10
-4
-2
7
-11
13
-12
9
-5
2
0
-2
1
0
-1
4
-5
5
-2
1
3
-6
5
-4
1
3
-9
12
-14
13
-10
7
-3
-3
6
-9
12
-16
18
-20
19
-17
12
-6
-1
6
-10
12
-13
12
-13
12
-12
11
-8
6
-3
-1
4
-7
9
-10
9
-6
3
-1
-1
3
-4
2
-1
1
-1
2
-3
4
-4
3
0
-3
8
-10
13
-14
13
-11
6
1
-9
16
-18
17
-13
8
-2
-1
1
1
-3
4
-3
-2
7
-12
14
-12
9
-4
1
0
0
1
-1
1
-3
3
-4
5
-4
2
-1
-1
3
-5
6
-6
5
-3
0
5
-10
13
-15
13
-8
1
5
-9
9
-5
1
2
-3
2
3
-8
12
-15
11
-6
-1
5
-8
8
-9
11
-11
9
-4
-2
4
-2
-2
6
-5
3
5
-14
22
-25
23
-14
4
6
-13
15
-12
8
-3
0
3
-5
6
-5
4
-1
-3
8
-14
17
-18
15
-9
5
-1
-4
7
-11
13
-13
14
-15
17
-17
14
-9
2
5
-11
15
-15
11
-7
1
-1
-1
6
-13
18
-16
8
2
-10
16
-19
21
-24
25
-25
23
-19
11
-1
-12
26
-37
48
-54
56
-50
35
-13
-13
40
-64
77
-76
57
-30
2
19
-29
28
-23
15
-7
0
4
-7
7
-4
-4
15
-24
31
-31
24
-16
9
-4
3
-3
4
-4
1
3
-9
15
-20
24
-28
34
-42
49
-45
33
-12
-10
28
-37
39
-36
30
-22
13
-6
2
-2
2
1
-8
17
-22
21
-17
9
-1
-7
14
-26
34
-41
44
-40
28
-10
-17
47
-74
89
-87
68
-41
12
11
-24
29
-25
20
-14
12
-11
10
-4
-4
12
-12
3
11
-24
30
-24
9
6
-17
16
-4
-16
31
-39
32
-13
-9
24
-27
19
-6
-4
9
-9
9
-11
12
-12
4
8
-20
28
-30
23
-14
3
3
-8
7
2
-15
25
-28
20
-6
-8
23
-28
27
-26
20
-19
24
-29
35
-38
33
-25
17
-11
0
17
-38
59
-70
73
-67
53
-34
15
5
-23
42
-55
60
-56
48
-40
31
-24
21
-12
-5
26
-49
63
-65
60
-50
39
-28
17
-9
2
7
-22
40
-61
77
-81
69
-39
-4
48
-85
100
-95
79
-53
21
9
-37
54
-60
56
-45
35
-30
27
-24
18
-15
8
5
-24
42
-57
63
-64
63
-57
49
-31
6
12
-22
29
-33
34
-36
35
-30
24
-14
9
-9
11
-5
-10
11
3
-12
18
-10
-7
10
-9
6
7
-12
10
0
-12
17
-17
13
-7
-3
15
-19
15
-6
2
-7
14
-16
12
-1
-5
1
8
-11
0
17
-27
28
-22
16
-16
15
-13
3
14
-31
40
-37
33
-27
16
1
-22
38
-43
41
-30
21
-17
26
-45
56
-48
18
22
-51
63
-58
42
-30
19
-14
9
5
-15
19
-21
15
-10
19
-32
44
-58
58
-41
16
11
-37
52
-62
74
-80
70
-51
26
-1
-16
24
-29
30
-26
25
-28
32
-36
45
-47
44
-44
35
-17
-2
20
-26
26
-26
29
-36
34
-28
22
-21
30
-34
27
-19
13
-2
-15
35
-60
68
-55
30
7
-34
35
-15
-11
30
-40
36
-21
13
-3
0
-13
7
14
-34
45
-36
13
5
-10
19
-28
18
-2
-22
43
-28
11
0
-2
-31
57
-58
44
-7
-38
68
-88
97
-90
62
-25
-10
37
-53
51
-39
32
-29
36
-47
32
-10
2
5
-7
9
-12
5
-3
12
-18
14
-6
-11
32
-40
34
-24
-7
36
-47
57
-58
45
-41
36
-31
37
-28
1
14
-26
36
-33
29
-23
6
0
5
-19
40
-48
39
-27
14
17
-52
66
-67
55
-29
10
6
-15
5
8
-14
20
-12
-8
30
-53
54
-26
-6
40
-66
66
-54
47
-32
24
-24
7
14
-33
51
-52
54
-74
96
-109
122
-125
100
-46
-28
97
-144
155
-143
114
-71
41
-20
-11
31
-32
27
-11
-5
4
4
-18
47
-75
86
-84
77
-60
33
2
-25
21
-3
-13
24
-26
23
-6
-33
75
-104
120
-135
153
-140
86
-7
-76
115
-98
73
-57
44
-44
56
-52
39
-37
28
-24
24
4
-49
77
-89
86
-66
39
-23
10
6
-15
41
-61
57
-50
34
-8
1
9
-31
36
-48
70
-61
39
-29
14
-4
-4
23
-36
47
-62
81
-89
62
-31
17
-2
7
-13
-9
26
-28
33
-35
44
-62
53
-25
8
3
2
-7
-4
-11
33
-42
48
-19
-19
25
-37
45
-40
39
-32
21
2
-24
30
-37
36
-21
25
-29
-7
62
-112
162
-175
118
-47
-21
110
-173
188
-187
144
-54
-15
49
-76
82
-79
98
-107
75
-30
-25
87
-106
66
-42
44
-19
1
6
-34
42
-18
-2
49
-129
143
-79
21
42
-118
139
-159
177
-117
44
11
-55
33
10
-36
46
-19
-1
9
-52
106
-163
212
-201
154
-102
32
40
-90
148
-204
189
-127
50
26
-47
28
-19
21
-32
54
-76
78
-55
42
-37
10
19
-53
104
-124
110
-86
12
83
-127
126
-93
28
22
-31
31
-8
-35
29
-4
-8
26
-41
67
-113
122
-73
24
-6
-11
30
-35
58
-69
45
-41
36
-15
32
-54
69
-71
25
16
-38
69
-82
88
-86
58
-24
-3
26
-47
30
2
-17
36
-26
-18
50
-52
41
-36
12
14
-3
-23
49
-86
85
-48
26
0
-61
110
-144
167
-133
58
12
-65
100
-119
121
-103
74
-33
20
-16
-9
36
-75
102
-90
84
-77
44
-7
-37
80
-86
60
-33
-2
50
-74
81
-71
17
42
-66
72
-58
42
-33
13
16
-33
42
-52
53
-48
36
9
-53
80
-109
88
-25
-20
47
-67
61
-39
21
-14
16
-19
34
-57
53
-44
14
40
-46
31
-50
45
-29
27
-14
13
-18
12
3
-21
29
-34
43
-37
29
-41
50
-54
53
-4
-49
77
-94
64
-38
38
-39
34
-4
-42
66
-46
28
-22
-9
28
-33
56
-60
38
-10
-18
52
-38
-18
38
-28
-2
56
-117
150
-143
112
-47
-14
45
-63
65
-37
11
-13
6
10
-5
8
-10
-20
51
-78
94
-82
46
13
-65
75
-76
46
13
-37
40
-59
66
-43
11
3
-30
51
-46
61
-64
24
14
-15
17
-15
-20
44
-47
39
-7
-36
63
-63
55
-35
13
-23
27
-24
37
-23
-9
51
-101
112
-75
22
20
-41
35
-24
20
-11
10
0
-39
59
-46
37
-4
-36
28
-23
48
-35
24
-37
10
24
-22
13
8
-38
28
32
-84
77
-56
17
40
-69
88
-108
90
-49
-15
64
-91
109
-80
38
-14
-17
32
-33
23
-10
14
-1
-24
52
-74
62
-44
31
-1
-33
56
-71
74
-66
65
-36
-8
15
-29
51
-40
54
-55
4
15
-22
49
-11
-27
24
-43
56
-59
60
-30
-4
49
-86
68
-43
34
-5
-16
1
9
-5
15
0
-40
56
-83
110
-77
28
10
-33
28
-23
12
2
-6
21
-13
-5
-1
-26
57
-52
53
-62
47
-35
55
-63
54
-59
34
-14
28
-1
-34
54
-80
89
-114
122
-98
84
-17
-50
60
-85
73
-22
17
-9
-21
-6
25
-11
41
-47
31
-39
2
34
-29
24
-18
17
-16
23
-31
16
-8
-8
40
-49
53
-61
62
-50
22
-15
19
-13
14
-7
-17
17
-12
33
-44
48
-62
49
-22
9
11
-24
11
-22
50
-59
72
-69
37
-32
19
24
-47
74
-82
51
-19
13
-20
28
-17
4
3
-57
39
26
-14
27
-16
-28
11
-2
-4
32
-44
60
-41
24
-12
-29
13
-24
35
20
-13
4
-15
11
-23
13
-15
5
30
-30
49
-63
40
-50
51
-21
-1
35
-59
65
-91
87
-77
77
-28
2
22
-49
20
-17
33
-30
71
-100
90
-102
86
-50
41
-31
9
-5
19
-4
-11
29
-69
76
-61
27
10
-8
6
27
-75
86
-98
46
35
-83
133
-138
96
-37
-15
78
-96
40
-22
-35
96
-81
75
-12
-48
60
-67
26
-2
-39
83
-74
58
-13
-35
55
-57
53
-56
25
-1
1
3
-5
6
-20
35
-25
20
-17
35
-56
53
-47
-4
61
-75
94
-90
73
-53
14
15
-38
24
-16
-8
60
-58
44
-4
-57
91
-107
82
-15
-20
55
-72
17
10
-17
67
-70
26
-16
-8
12
39
-61
54
-36
-4
43
-67
75
-92
96
-65
58
-35
16
-25
2
21
-34
27
-15
22
-28
52
-100
113
-91
78
-50
5
0
-28
70
-77
90
-97
80
-31
-2
14
-41
48
-21
29
-16
-21
8
-18
35
-2
-19
17
-38
25
11
-9
35
-50
13
-3
-29
65
-50
35
-17
6
3
-8
-33
49
-49
69
-43
16
-10
-12
41
-53
44
-63
87
-66
81
-85
37
-17
-19
56
-57
29
-16
28
-25
38
-64
83
-94
57
-18
-6
60
-50
57
-91
45
-34
30
36
-63
50
-54
45
-24
11
-6
-13
31
-39
47
-44
14
1
11
-7
13
2
-44
73
-71
67
-62
24
-17
7
32
-43
47
-51
29
-14
7
-3
7
1
-4
-6
10
-36
36
-4
3
42
-44
-6
12
-61
86
-52
61
-37
-17
28
-49
64
-58
67
-81
64
-38
21
0
7
-3
-31
25
-33
48
-25
29
-2
-36
48
-58
41
-9
-25
63
-92
104
-75
29
-4
-49
66
-55
95
-64
23
-29
-21
25
-13
12
27
-12
19
-27
-16
-7
-8
48
-31
30
-39
38
-46
71
-65
26
-27
-12
49
-37
48
-30
23
-41
11
19
-36
46
-47
16
28
-40
69
-75
41
-35
13
-3
17
-18
23
32
-94
113
-139
86
-16
-2
66
-94
78
-82
83
-75
58
-42
3
39
-42
60
-63
38
-18
-11
0
12
-16
42
-25
4
7
-14
5
16
-57
58
-29
19
33
-71
62
-62
54
-27
25
-31
9
-6
-9
51
-44
20
10
-80
105
-105
103
-46
-25
75
-109
102
-79
77
-66
65
-69
25
16
-55
92
-97
106
-65
-2
39
-76
69
-26
10
-4
-4
-25
33
-14
-12
46
-60
57
-45
-9
50
-67
94
-76
37
-18
-33
80
-79
92
-90
47
-16
11
7
-14
5
-49
78
-73
72
-31
-11
41
-59
49
-25
-7
17
-31
35
-13
23
-17
-9
-4
13
-6
1
0
-23
17
0
-1
26
-18
-8
10
-20
20
-14
5
23
-11
11
-11
-14
-5
24
1
15
-9
-16
7
-43
61
-37
33
-8
-12
-8
31
-47
35
-33
-2
47
-49
59
-67
50
-61
57
-45
52
-22
-14
47
-83
98
-93
75
-42
18
16
-32
36
-48
55
-62
68
-38
16
-15
-9
5
2
27
-68
77
-107
106
-75
34
4
-66
104
-125
126
-109
80
-34
-7
48
-78
95
-86
89
-63
46
-17
3
12
-39
61
-67
84
-78
46
-29
3
25
-38
29
-37
37
-27
32
-25
-1
6
1
-3
36
-67
76
-71
58
-28
-24
60
-95
138
-138
114
-113
51
-18
7
32
-66
64
-97
89
-84
64
-31
-1
37
-70
59
-75
78
-21
25
0
-32
16
11
35
-18
61
-91
124
-62
62
28
-88
142
-106
133
-77
46
-16
29
29
-14
28
-42
64
-81
82
-86
72
-30
-2
1
-51
17
-18
-23
-12
-39
6
-15
-26
3
-80
38
-71
13
-10
-43
38
-64
14
-14
-19
37
-21
13
13
-19
51
-8
30
3
11
29
9
43
-15
30
-6
-1
46
-38
55
-55
18
-31
28
-6
15
-10
-39
40
-70
99
-62
49
-23
17
1
38
18
2
35
-24
62
-38
69
-46
27
-11
-2
-2
-29
7
-52
21
-65
-6
-23
-46
9
-60
-4
-28
-33
32
-91
58
-77
34
-5
-20
39
-60
88
-87
77
-25
20
51
-40
60
-17
44
24
24
14
31
19
34
-4
34
1
31
21
-28
20
-40
39
-26
-7
-29
-52
12
-33
4
-43
-19
-15
-11
24
-36
22
-20
21
46
-17
70
-33
63
6
17
40
-35
41
-50
28
-41
-3
-39
-53
3
-64
27
-57
2
-10
-12
57
-27
61
2
32
52
-4
58
-19
34
-3
-16
0
-51
-9
-53
-27
-64
-46
-49
-37
-24
-43
-6
-24
40
9
52
30
46
73
33
86
22
64
39
13
36
-5
21
-8
-23
-34
-47
-16
-28
-13
-25
-28
8
4
64
47
59
72
48
102
76
103
70
54
44
29
37
17
4
-26
-26
-59
-24
-79
-50
-87
-87
-76
-106
-78
-118
-98
-145
-125
-175
-151
-185
-192
-190
-233
-188
-233
-171
-183
-136
-100
-66
-5
41
89
153
202
235
305
286
361
311
355
325
293
304
222
251
175
180
138
118
98
63
40
4
-10
-37
-62
-96
-128
-160
-179
-232
-234
-297
-316
-347
-393
-373
-416
-406
-432
-429
-408
-407
-357
-363
-304
-273
-218
-168
-126
-44
-16
65
72
104
138
173
211
209
223
222
229
234
248
236
267
283
288
305
298
317
343
356
377
363
346
334
323
303
274
212
189
138
137
121
98
112
82
145
163
213
286
305
383
416
461
533
546
604
576
574
536
502
470
395
321
189
121
9
-66
-159
-296
-393
-511
-585
-649
-736
-801
-859
-935
-941
-994
-1038
-1026
-1125
-1065
-1151
-1123
-1140
-1193
-1150
-1235
-1150
-1196
-1164
-1170
-1146
-1056
-983
-856
-763
-628
-496
-264
-100
97
235
362
498
645
822
913
957
949
987
1076
1186
1154
1161
1059
1118
1197
1179
1232
1061
1092
1019
1041
1010
833
792
625
580
506
390
377
280
296
261
275
357
404
531
591
700
781
859
960
1000
1045
1005
942
857
738
647
447
302
85
-101
-240
-407
-495
-648
-705
-767
-754
-748
-741
-731
-696
-698
-711
-791
-919
-1028
-1263
-1449
-1728
-1981
-2243
-2560
-2851
-3098
-3279
-3373
-3468
-3591
-3563
-3447
-3083
-2653
-2256
-1796
-1255
-579
329
1040
1799
2271
2833
3448
3855
4313
4219
4298
4103
4001
3782
3308
2909
2343
1901
1442
873
461
2
-244
-486
-785
-964
-1206
-1152
-1204
-1208
-1281
-1414
-1317
-1207
-1019
-850
-759
-506
-181
257
731
1131
1617
2049
2519
2950
3252
3487
3555
3543
3405
3132
2801
2278
1770
1173
584
112
-436
-837
-1273
-1572
-1715
-1872
-1862
-1906
-1845
-1725
-1731
-1654
-1723
-1777
-1968
-2248
-2552
-2976
-3336
-3823
-4277
-4754
-5280
-5553
-5814
-5945
-5962
-6061
-5769
-5395
-4657
-3728
-2920
-1935
-886
403
1957
3237
4480
5345
6155
7031
7594
8052
7808
7531
7020
6507
5950
4893
3976
2888
1937
1043
58
-630
-1307
-1674
-1981
-2306
-2443
-2602
-2461
-2335
-2302
-2309
-2453
-2315
-2159
-1917
-1783
-1664
-1289
-760
14
755
1591
2500
3445
4529
5356
6140
6668
7027
7176
6942
6601
5877
5183
4169
3064
2016
929
90
-803
-1502
-2121
-2560
-2810
-3053
-3121
-3155
-3139
-3096
-3194
-3278
-3506
-3717
-4059
-4603
-5214
-5926
-6498
-7151
-7774
-8451
-9000
-9215
-9320
-9147
-8967
-8399
-7449
-6125
-4563
-3085
-1472
289
2096
4250
6014
7589
8723
9520
10443
10874
11050
10425
9610
8688
7726
6639
5212
3894
2551
1299
237
-933
-1760
-2357
-2771
-3014
-3397
-3547
-3678
-3562
-3392
-3414
-3478
-3662
-3612
-3338
-3022
-2735
-2598
-2196
-1360
-275
986
2071
3215
4451
5802
7157
8247
8981
9443
9542
9456
9135
8382
7438
6074
4822
3408
2120
921
-261
-1113
-1995
-2582
-3002
-3271
-3304
-3438
-3493
-3598
-3805
-3994
-4370
-4708
-5322
-5962
-6669
-7546
-8226
-9011
-9640
-10276
-10798
-10942
-10991
-10503
-10082
-9291
-8116
-6596
-4531
-2644
-735
1239
3261
5655
7644
9342
10422
11068
11907
12052
12132
11290
10215
9113
7754
6579
4968
3472
2044
633
-448
-1618
-2387
-2975
-3394
-3533
-3890
-3957
-4126
-4006
-3797
-3847
-3820
-4117
-4041
-3728
-3364
-2889
-2727
-2251
-1433
-228
1208
2414
3673
4883
6298
7746
8907
9879
10303
10441
10382
9892
9348
8189
6991
5508
4058
2742
1312
272
-855
-1623
-2341
-2864
-3054
-3242
-3261
-3378
-3557
-3731
-4130
-4470
-5033
-5712
-6540
-7567
-8493
-9562
-10395
-11245
-12094
-12548
-12903
-12745
-12420
-11815
-10708
-9288
-7197
-4972
-2662
-263
2158
4836
7408
9509
11264
12262
13269
13823
13894
13444
12195
11085
9600
8182
6426
4497
2904
1252
-23
-1317
-2441
-3138
-3730
-3905
-4139
-4385
-4438
-4625
-4452
-4516
-4580
-4786
-5079
-4953
-4781
-4317
-3977
-3608
-2792
-1749
-281
1202
2721
4409
5984
7666
9159
10372
11378
11840
11904
11629
10851
10065
8693
7277
5589
3850
2448
972
-90
-1095
-1880
-2467
-2950
-3103
-3180
-3211
-3253
-3602
-3912
-4462
-4952
-5576
-6575
-7547
-8932
-10006
-11016
-11959
-12692
-13487
-13814
-13852
-13443
-12778
-11680
-10045
-8073
-5645
-3254
-676
2138
4829
7672
9850
11686
13035
13919
14800
14842
14501
13227
11858
10495
8906
7318
5180
3216
1570
86
-1040
-2355
-3338
-3991
-4403
-4431
-4794
-4892
-5117
-5229
-5083
-5270
-5290
-5613
-5670
-5465
-5212
-4677
-4306
-3479
-2381
-1100
617
2288
4211
6071
7768
9426
10723
11920
12642
12847
12589
11730
10817
9481
8074
6372
4493
2776
1193
29
-941
-1678
-2247
-2773
-3046
-3106
-3015
-2952
-3185
-3651
-4334
-4928
-5635
-6610
-7821
-9327
-10730
-12061
-13114
-13954
-14634
-15064
-15213
-14927
-14062
-12529
-10400
-7939
-5498
-2912
43
3331
6701
9469
11495
13084
14229
15483
15999
15819
14648
12986
11479
9904
8334
6234
3915
1929
299
-905
-2063
-3184
-3918
-4416
-4443
-4526
-4740
-4812
-4985
-4913
-5098
-5227
-5464
-5631
-5522
-5399
-5049
-4602
-3935
-2777
-1458
111
1760
3529
5690
7621
9363
10658
11639
12476
12910
12777
12053
10682
9326
7691
6044
4202
2303
694
-778
-1698
-2370
-2651
-2795
-2935
-2904
-2743
-2420
-2164
-2331
-2844
-3618
-4441
-5279
-6510
-7975
-9770
-11423
-12859
-13984
-14714
-15280
-15474
-15481
-14737
-13146
-10749
-7973
-5363
-2703
379
3775
7437
10255
12368
13816
14806
16060
16262
15917
14318
12457
10787
8939
7062
4638
2338
453
-1170
-2218
-3286
-4082
-4446
-4640
-4349
-4295
-4107
-4014
-4041
-3866
-4174
-4452
-4915
-5159
-5093
-5172
-5051
-4861
-4241
-2999
-1598
-15
1584
3427
5659
7653
9419
10654
11590
12283
12498
12228
11273
9937
8281
6562
4739
2813
1022
-525
-1676
-2466
-2960
-3033
-2870
-2511
-2115
-1757
-1272
-961
-868
-1216
-1967
-2931
-4255
-5720
-7498
-9383
-11281
-13014
-14297
-15341
-15938
-16255
-15907
-14823
-12919
-10211
-7413
-4511
-1347
2052
5812
9096
11502
13317
14387
15657
16053
15787
14447
12485
10794
8868
6952
4669
2254
323
-1243
-2351
-3235
-3996
-4160
-4130
-3691
-3338
-3155
-2835
-2783
-2570
-2863
-3261
-3765
-4315
-4609
-4865
-5030
-5031
-4796
-3903
-2638
-1094
637
2401
4669
6853
8868
10451
11451
12247
12470
12142
11274
9809
8205
6260
4215
2237
354
-1043
-2263
-3011
-3382
-3409
-2939
-2465
-1758
-1051
-435
53
140
-51
-606
-1602
-2938
-4645
-6630
-8768
-10838
-12668
-14333
-15600
-16538
-16953
-16354
-15118
-12917
-10414
-7691
-4407
-847
3053
6778
9606
12083
13664
15057
16066
15935
15203
13263
11551
9691
7666
5475
2849
755
-919
-2215
-3075
-4025
-4323
-4222
-3770
-3041
-2830
-2361
-2145
-1799
-1618
-2028
-2422
-3153
-3523
-3766
-4136
-4367
-4600
-4162
-3196
-2052
-518
953
3006
5134
7006
8774
9896
10981
11371
11247
10598
9241
7957
6058
4229
2219
238
-1262
-2583
-3196
-3575
-3675
-3248
-2812
-1912
-1010
-219
644
875
1029
608
-89
-1133
-2809
-4687
-6992
-9193
-11183
-13098
-14557
-15969
-16717
-16526
-15417
-13261
-10967
-8452
-5271
-1608
2468
6368
9125
11746
13213
14922
15979
15853
14969
12803
11083
9293
7328
4998
2205
123
-1369
-2468
-3182
-4163
-4299
-4172
-3522
-2602
-2397
-1859
-1810
-1429
-1245
-1569
-1971
-2855
-3363
-3680
-4045
-4254
-4555
-4148
-3238
-2014
-396
1019
3113
5143
7097
8867
9864
10895
11174
11076
10351
8853
7448
5424
3616
1653
-271
-1744
-3066
-3565
-3732
-3667
-3264
-2890
-1990
-1030
-156
619
757
756
264
-452
-1470
-3159
-5140
-7468
-9518
-11365
-13120
-14524
-15931
-16314
-15776
-14240
-11997
-9815
-7063
-3729
-30
4212
7518
10303
12449
13787
15521
15872
15638
13999
11976
10202
8112
6053
3416
923
-905
-2399
-3257
-4044
-4574
-4399
-4168
-3286
-2772
-2365
-1943
-1808
-1432
-1656
-1993
-2616
-3276
-3564
-3948
-4213
-4404
-4320
-3420
-2254
-809
659
2313
4452
6446
8296
9519
10319
10928
10835
10574
9266
7807
5897
3925
2259
410
-986
-2434
-3301
-3541
-3475
-3016
-2622
-1963
-1121
-393
533
860
839
376
-644
-1536
-3176
-5027
-7274
-9552
-11374
-13186
-14466
-15674
-16088
-15545
-14202
-11950
-9599
-6868
-3378
174
4357
7605
10234
12482
13840
15679
15928
15591
13980
11992
10490
8441
6322
3656
1055
-559
-1945
-2821
-3625
-4394
-4222
-4061
-3149
-2688
-2406
-2067
-2116
-1694
-1980
-2277
-2941
-3630
-3929
-4181
-4332
-4359
-4250
-3300
-1908
-420
1260
2762
4865
6764
8429
9437
10028
10259
10119
9359
8123
6597
4694
2975
1192
-99
-1390
-2376
-2978
-3109
-2731
-2180
-1531
-834
-188
530
1094
1324
1150
292
-688
-2032
-3652
-5573
-7835
-9942
-12032
-13671
-15185
-16164
-16255
-15580
-13887
-11885
-9434
-6315
-2789
1235
5018
7930
10692
12366
14461
15544
15786
14966
13001
11593
9787
7967
5441
2667
524
-1079
-2158
-3010
-3973
-4095
-3942
-3181
-2386
-2002
-1359
-1225
-712
-717
-1013
-1571
-2351
-2839
-3306
-3819
-4252
-4502
-4086
-2951
-1788
-267
892
2821
5011
6748
8043
8597
8988
9332
8685
7929
6219
4507
2843
1081
-144
-1670
-2644
-3206
-3237
-2683
-2220
-1374
-378
482
1518
2028
2534
2540
1991
1238
-246
-1811
-3932
-6047
-8237
-10467
-12417
-14341
-15601
-16041
-15765
-14308
-12794
-10755
-7992
-4781
-595
2902
5951
8511
10502
12849
14141
14670
13916
12492
11184
9604
7826
5471
2828
679
-1084
-2152
-3012
-3810
-3847
-3736
-2817
-2068
-1331
-601
-110
466
559
460
54
-433
-937
-1374
-2055
-2552
-2997
-2605
-1939
-1069
-1
768
2477
4120
5593
6767
6921
7397
7270
6737
5993
4098
2742
818
-572
-1879
-3334
-3869
-4384
-4075
-3544
-3015
-1703
-668
726
1821
2467
3219
3120
3065
2190
838
-779
-3059
-4979
-7334
-9398
-11318
-13343
-14254
-14666
-13863
-12407
-11168
-8790
-6270
-2843
1038
3748
6686
8443
10505
12304
12841
12929
11445
10194
8753
6969
5058
2375
181
-1500
-2935
-3633
-4690
-4805
-4457
-3726
-2458
-1895
-882
-45
844
1623
1620
1626
1190
873
713
251
-232
-819
-844
-141
617
1650
2289
3572
5096
6248
7413
7464
7724
7380
6568
5654
3637
1833
-171
-1918
-3458
-5377
-6425
-6913
-6663
-5978
-5536
-4276
-2812
-944
823
2057
3184
3681
3989
3797
2787
1381
-752
-2782
-5116
-7482
-9579
-11748
-12844
-13428
-13091
-11650
-10323
-7878
-5112
-1870
2187
4919
7865
9673
11366
13072
13140
12685
10764
8903
7159
4736
2321
-784
-3257
-4813
-6304
-6923
-7895
-7829
-6910
-5681
-3917
-2920
-1667
-398
761
1931
2140
2087
1718
1384
1337
963
613
239
442
1303
2473
3854
4920
6579
8154
9701
10772
10674
10831
9860
8872
6892
4217
1706
-1127
-3333
-5936
-8283
-9717
-10557
-10102
-9594
-8715
-7187
-5519
-2844
-680
1405
2903
3638
4368
4218
3653
2203
31
-2179
-4701
-7068
-9398
-11490
-12492
-13020
-12370
-11052
-9309
-6255
-3234
684
4456
7393
10386
12071
14001
15033
14775
13514
11016
8887
6577
3721
588
-3140
-5658
-7491
-8791
-9531
-10474
-10105
-9187
-7400
-5502
-4166
-2679
-1461
-136
1036
1313
1295
942
619
654
423
332
465
1055
2301
3927
5562
7443
9379
11180
12962
13527
14090
13618
12713
11281
8500
5739
2321
-508
-3418
-6505
-9013
-11099
-11865
-11802
-11531
-10406
-9279
-7103
-4688
-2408
-47
1320
2680
3228
3213
2761
1174
-457
-2763
-5215
-7468
-9999
-11319
-12160
-12127
-11028
-10143
-7537
-4677
-970
3294
6227
9499
11588
13677
15685
16025
15571
13308
11039
9148
6570
3792
-217
-3669
-6042
-7943
-8857
-10247
-10869
-10729
-9773
-7991
-6652
-5396
-4302
-3120
-1745
-1037
-671
-795
-946
-842
-835
-796
-482
202
1411
3099
4665
6706
8893
10886
13031
13951
14720
14870
14390
13682
11256
8767
5593
2829
183
-3106
-5895
-8469
-10024
-10476
-10881
-10427
-9996
-8721
-6845
-4949
-2754
-1463
-212
590
967
1043
113
-1002
-2802
-4629
-6485
-8531
-9761
-10739
-10659
-9831
-9030
-6802
-4531
-1032
2838
5645
8876
10671
13018
14898
15568
15474
13501
11717
9850
7645
5162
1487
-1621
-4192
-6190
-7345
-8980
-9643
-10031
-9560
-8314
-7479
-6354
-5623
-4669
-3582
-2980
-2523
-2581
-2711
-2559
-2585
-2237
-1812
-1136
198
1556
3453
5578
7622
10048
11801
13073
14111
14230
14647
13544
11857
9476
6814
4681
1926
-808
-3583
-5896
-7121
-8187
-8612
-8711
-8498
-7363
-6317
-4653
-3264
-2065
-962
-475
-137
-452
-1108
-2087
-3456
-5014
-6853
-8390
-9200
-9602
-9058
-8617
-7484
-5440
-3009
519
3390
6225
8603
10370
12460
13617
14128
13277
11518
9864
7920
5884
3212
161
-2243
-4465
-5879
-7122
-8036
-8259
-8215
-7448
-6644
-5782
-4871
-4112
-3414
-2954
-2849
-2740
-2883
-2904
-2976
-3116
-2744
-2363
-1157
104
1465
3372
5014
7296
9230
10466
11547
11598
11995
11508
10335
8552
6024
4190
1985
-26
-2144
-4231
-5308
-6203
-6369
-6417
-6288
-5445
-4634
-3276
-2247
-1486
-678
-360
-174
-594
-1374
-2234
-3402
-4541
-5994
-7292
-7866
-8055
-7188
-6363
-5211
-3301
-1170
2027
4628
6951
8870
9914
11455
12035
12155
11157
9154
7389
5437
3530
1235
-1485
-3525
-5194
-6165
-6945
-7652
-7586
-7223
-6142
-5263
-4472
-3747
-3055
-2258
-1827
-1703
-1853
-1992
-1941
-1882
-1831
-1548
-1193
-19
1153
2597
4106
5304
7137
8371
9538
9966
9606
9418
8370
7231
5274
3016
1180
-827
-2374
-4032
-5429
-6137
-6662
-6439
-6203
-5780
-5027
-4155
-2892
-1894
-1258
-823
-730
-608
-886
-1540
-2435
-3560
-4470
-5487
-5961
-6193
-5838
-4748
-3750
-1720
351
2893
5907
7947
10161
11311
12374
13250
12898
12061
9899
7685
5573
3077
657
-2389
-4867
-6848
-8338
-9047
-9866
-9946
-9636
-8652
-7246
-6083
-4918
-3995
-2987
-1960
-1356
-1007
-954
-867
-466
-112
330
844
1634
2847
4237
5584
6866
8150
9302
10181
10353
10078
9296
8215
6746
4611
2178
-156
-2191
-3975
-5683
-7094
-8034
-8378
-8231
-7805
-7119
-6386
-5482
-4415
-3313
-2462
-1978
-1859
-1904
-2113
-2517
-3139
-3972
-4792
-5629
-5642
-5377
-4398
-3050
-1825
455
2806
5823
8902
10994
13129
14139
15188
15854
15232
13984
11383
8870
6476
3677
867
-2540
-5381
-7491
-9169
-10112
-11218
-11549
-11239
-10446
-9186
-8235
-7262
-6268
-5383
-4397
-3711
-3217
-2920
-2532
-1893
-911
267
1338
2871
4404
6355
8351
9927
11723
12576
13251
13209
12488
11787
9958
7884
5035
2093
-353
-2891
-4793
-6938
-8511
-9376
-9794
-9267
-8823
-8057
-7252
-6375
-5158
-4266
-3450
-3239
-3505
-3918
-4681
-5073
-5884
-6772
-7680
-8545
-7996
-7109
-5244
-3342
-1562
1491
4412
8403
11772
14035
16257
17124
18418
18672
17723
15980
12905
10231
7292
4305
1224
-2256
-4884
-7132
-8522
-9513
-10401
-10546
-10411
-9631
-8880
-8354
-7841
-7335
-6874
-6607
-6569
-6596
-6278
-5819
-4904
-3702
-2400
-271
1811
4590
7348
9550
12093
13593
15162
15854
15357
14777
12848
10964
8269
5130
2274
-1009
-3405
-5684
-7466
-8566
-9534
-9418
-9085
-8225
-7155
-6323
-5196
-4495
-3842
-3554
-3854
-4427
-5621
-6730
-7947
-9115
-10085
-11113
-11034
-10478
-8644
-6156
-3746
-243
2978
7263
11293
14368
17163
18341
19716
20138
19481
17989
14958
12130
9077
5991
2990
-425
-3002
-5050
-6379
-7253
-8143
-8195
-7867
-7245
-6744
-6700
-6626
-6630
-6896
-7289
-7969
-8578
-8915
-8950
-8252
-6852
-5245
-3058
-544
2520
6180
9102
11967
14078
15613
16781
16416
15642
13743
11344
8605
5207
2277
-832
-3352
-5326
-6994
-7778
-8354
-8167
-7555
-6741
-5669
-4837
-4015
-3406
-3285
-3415
-4080
-5177
-6514
-8043
-9502
-10733
-12054
-12715
-12403
-11452
-9010
-6857
-3842
-253
3279
7898
11134
14088
16178
17174
18447
18156
17348
15282
12506
10237
7488
5196
2519
12
-1633
-2980
-3574
-4193
-4657
-4643
-4470
-4128
-4173
-4747
-5406
-6122
-6872
-7764
-8872
-9695
-10060
-9538
-8499
-7016
-5072
-2848
354
3510
6691
9419
11345
13267
14254
14737
14096
12336
10384
7904
5631
2961
209
-1974
-3856
-4779
-5512
-5867
-5719
-5482
-4733
-4074
-3420
-2973
-2967
-3157
-3714
-4577
-5681
-7047
-8313
-9711
-10848
-11792
-12236
-11482
-10470
-8186
-5863
-3273
191
3301
7226
10243
12485
14246
14737
15496
15295
14299
12519
9741
7728
5677
3926
2152
133
-918
-1665
-1770
-1846
-2132
-2003
-1932
-1739
-1950
-2767
-3600
-4589
-5465
-6473
-7639
-8405
-8757
-8103
-7154
-5658
-3895
-1886
1064
3667
6431
8428
9740
11048
11356
11511
10433
8685
6821
4603
2859
598
-1356
-2898
-4021
-4236
-4573
-4466
-4245
-3792
-2958
-2482
-2157
-2302
-2611
-3132
-3971
-5078
-6434
-7668
-8857
-9923
-10655
-11290
-10778
-9777
-7919
-5475
-3428
-358
2402
5745
8966
10920
12749
13180
13615
13724
12743
11486
8969
6757
4804
2957
1572
-254
-1439
-2136
-2402
-2272
-2473
-2357
-2012
-1634
-1460
-1840
-2403
-2883
-3290
-3741
-4492
-5182
-5332
-5012
-4048
-2981
-1825
-314
1343
3435
5217
6532
7425
7730
8005
7723
6897
5597
3930
2527
1027
-382
-1733
-2817
-3344
-3539
-3524
-3504
-3360
-2982
-2475
-2101
-2080
-2402
-2824
-3274
-3881
-4789
-5947
-6958
-7729
-8317
-8695
-9215
-8907
-8061
-6447
-4269
-2582
-152
2105
4839
7632
9487
11102
11630
11984
12159
11526
10558
8562
6596
4772
2998
1487
-335
-1664
-2637
-3252
-3602
-4074
-4052
-3740
-3181
-2749
-2716
-2757
-2538
-2099
-1566
-1474
-1423
-1065
-459
790
1724
2610
3440
4033
5105
5746
6100
6006
5307
4770
3852
2820
1587
175
-855
-1985
-2764
-3465
-3854
-3739
-3642
-3288
-3155
-2930
-2559
-2271
-2056
-2231
-2586
-3102
-3486
-3977
-4586
-5206
-5970
-6395
-6755
-6936
-6843
-6342
-5380
-3919
-2468
-844
964
2821
4989
6815
8249
9152
9575
9922
9925
9459
8305
6623
5084
3641
2288
757
-910
-2189
-3144
-3705
-4292
-4913
-5171
-5010
-4478
-4001
-3802
-3453
-2848
-1780
-668
239
1292
2272
3777
5193
6429
7435
7705
8114
8077
7816
7140
5671
4353
2642
1049
-601
-2343
-3560
-4711
-5372
-5831
-6053
-5807
-5410
-4755
-4185
-3809
-3442
-3148
-2744
-2521
-2600
-2896
-3252
-3569
-3734
-3926
-4211
-4427
-4694
-4682
-4610
-3849
-2876
-1480
-160
887
2429
3870
5692
7023
7673
8049
7896
7917
7701
6984
5864
4111
2672
1502
520
-522
-1925
-3027
-3795
-4196
-4552
-5110
-5517
-5553
-5228
-4734
-4426
-4053
-3372
-2362
-995
351
1954
3596
5417
7289
8912
10397
11183
11660
11528
10781
9674
7909
6162
4050
1761
-570
-2834
-4411
-5664
-6583
-7319
-7769
-7690
-7268
-6664
-6131
-5811
-5497
-5205
-4821
-4558
-4408
-4432
-4457
-4446
-4334
-4175
-3879
-3608
-3419
-3184
-3003
-1984
-860
913
2206
3184
4398
5577
7470
8632
9080
8797
8029
7652
7124
6144
4588
2427
840
-459
-1406
-2402
-3613
-4395
-5071
-5410
-5904
-6286
-6354
-6101
-5807
-5725
-5531
-5044
-3955
-2631
-1351
-9
1581
3609
5958
8105
9957
11194
11948
12606
12744
12305
10952
8978
7039
5043
3032
742
-1542
-3338
-4680
-5597
-6366
-6874
-7041
-7025
-6872
-6698
-6404
-6068
-5861
-5695
-5636
-5461
-5216
-5068
-4895
-4955
-4789
-4497
-4248
-3900
-3941
-3548
-2582
-1087
1060
2650
4226
5539
7178
9169
10541
11130
10532
9498
8521
7407
6033
3834
1452
-533
-2065
-3019
-3944
-4598
-5053
-5392
-5608
-5908
-6066
-5848
-5526
-5322
-5430
-5558
-5066
-4139
-2800
-1600
-358
1214
3296
5637
7745
9470
10436
11098
11419
11436
10963
9523
7830
6100
4471
2934
1035
-739
-2265
-3472
-4362
-5233
-5963
-6431
-6728
-6840
-6823
-6605
-6227
-5802
-5289
-4747
-4075
-3569
-3191
-3077
-3080
-3096
-3289
-3516
-4084
-4585
-4391
-3578
-1767
36
1758
3546
5300
7777
9811
11198
11374
10637
9719
8571
7271
5304
2844
541
-1348
-2609
-3587
-4345
-4837
-5159
-5482
-5824
-6307
-6447
-6205
-5966
-5903
-6156
-5981
-5072
-3612
-1853
-202
1408
3394
5368
7537
9116
10010
10339
9975
9630
8844
7779
6430
4912
3681
2454
1331
253
-825
-1727
-2864
-3936
-5067
-6068
-6815
-7509
-7785
-7921
-7644
-7045
-6133
-5013
-3939
-2945
-2240
-1684
-1423
-1228
-1461
-1927
-2622
-3472
-3423
-3103
-1495
109
1704
3509
4999
7335
9129
10457
10674
9821
8824
7650
6353
4755
2592
890
-547
-1363
-1925
-2445
-2591
-2944
-3318
-4266
-5343
-6209
-6513
-6591
-6720
-6987
-6891
-5825
-4083
-1788
295
2028
3841
5390
7107
8461
8817
8745
7813
7111
6470
5645
4863
3776
2930
2196
1493
835
-89
-1039
-2199
-3463
-4665
-5845
-6635
-7215
-7435
-7360
-7126
-6522
-5784
-4849
-3988
-3251
-2762
-2456
-2306
-2160
-2121
-2395
-2735
-3237
-2796
-1800
136
2039
3553
5012
6273
7973
9295
9911
9453
8160
6660
5460
4348
3094
1444
172
-610
-841
-1003
-1309
-1459
-1863
-2351
-3607
-4902
-5906
-6050
-5709
-5457
-5329
-4973
-3620
-1489
1017
2749
4057
4639
5432
6200
6711
6817
5989
5019
4263
3992
3901
3560
2857
2209
1446
820
-136
-1130
-2271
-3502
-4762
-5987
-6605
-6888
-6738
-6561
-6256
-5724
-5015
-4284
-3684
-3289
-3023
-2893
-2920
-2892
-2747
-2573
-2481
-2739
-2768
-1987
-447
1896
3563
4928
5758
6833
8182
9035
9194
8179
6708
5311
4350
3612
2643
1326
262
-515
-823
-1259
-1721
-2278
-2978
-3835
-5141
-6144
-6452
-5741
-4643
-3726
-3188
-2210
-568
1783
3751
4786
5228
5133
5623
6016
6471
6415
5725
5168
4692
4745
4585
3983
3043
1799
730
-482
-1763
-2898
-4097
-5058
-6082
-6823
-7017
-6948
-6614
-6475
-6400
-6090
-5717
-5082
-4633
-4277
-3965
-3827
-3335
-3037
-2350
-2053
-1936
-2124
-2145
-1109
523
2720
4038
5031
5654
6943
8364
9455
9398
8226
6776
5534
4945
4182
3056
1460
122
-861
-1406
-2054
-2764
-3527
-4306
-5118
-6213
-6785
-6719
-5587
-4314
-3386
-2590
-1671
305
2410
4247
5278
5430
5778
5999
6555
6911
6694
6243
5409
4955
4699
4265
3650
2535
1477
383
-765
-1749
-2726
-3458
-4233
-5113
-5792
-6243
-6185
-6127
-6207
-6401
-6528
-6290
-5855
-5313
-4927
-4673
-4489
-4246
-3773
-3228
-2827
-2814
-3168
-2834
-1751
429
2700
4228
5427
6032
7396
8685
9707
9625
8349
6723
5417
4741
4232
3297
2025
683
-387
-934
-1519
-1980
-2861
-3881
-5028
-6137
-6496
-6313
-5244
-4243
-3165
-2288
-1286
392
2134
4057
4876
5119
4912
4967
5704
6124
6248
5616
4813
4445
4180
3959
3290
2226
1147
26
-881
-1754
-2475
-3070
-3657
-4164
-4773
-5077
-5266
-5178
-5127
-5211
-5458
-5582
-5266
-4682
-4024
-3839
-3844
-3934
-3507
-3196
-2873
-3361
-3632
-3339
-2204
178
1923
3930
4692
5723
6788
7782
8638
8128
7185
5605
4516
3839
3266
2690
1890
954
189
-569
-1092
-1632
-2483
-3373
-4621
-5522
-5864
-5566
-4470
-3185
-1954
-731
93
1445
2932
4239
5274
4967
4660
4176
4296
4757
4681
4377
3504
2912
2509
2150
1827
1108
346
-545
-1444
-2065
-2640
-2907
-3177
-3610
-4048
-4555
-4750
-4668
-4444
-4333
-4474
-4674
-4658
-4147
-3484
-2891
-2705
-2771
-2794
-2906
-2775
-3173
-2969
-2710
-1333
598
2244
4061
4659
5731
6333
6969
7049
6316
5219
4161
3275
2807
2220
1752
1353
834
541
-149
-619
-1377
-2091
-2923
-3932
-4623
-4944
-4492
-3302
-1954
-572
465
1249
2531
3325
4491
4738
4565
4408
3904
4107
3992
4086
3828
3200
2503
1712
1104
518
-228
-863
-1667
-2210
-2765
-3210
-3299
-3510
-3465
-3717
-3997
-4114
-4233
-4005
-3885
-3846
-3656
-3588
-3188
-2796
-2458
-2080
-2150
-2271
-2744
-3306
-3538
-3408
-2649
-862
959
3191
4501
5233
5881
6092
6710
6455
5785
4604
3368
2642
2145
1846
1668
1337
1092
633
-15
-671
-1518
-2160
-3037
-3793
-4364
-4579
-3874
-2704
-1014
503
1517
2176
2479
2839
3479
3783
4073
3616
3262
2985
3019
3404
3334
3092
2267
1355
520
-296
-838
-1388
-1865
-2276
-2828
-3165
-3466
-3516
-3399
-3514
-3627
-3990
-4240
-4215
-4136
-3628
-3186
-2620
-2117
-1869
-1543
-1486
-1385
-1617
-2009
-2635
-3154
-3219
-2602
-1085
867
2902
4154
4985
5076
5284
5249
5076
4658
3884
3221
2565
2091
1779
1728
1865
2153
2021
1564
601
-479
-1476
-2368
-2939
-3437
-3366
-2974
-1976
-758
527
1602
2278
2698
2802
2925
2836
2746
2382
2151
1920
1972
2071
1972
1699
1065
401
-359
-1075
-1826
-2417
-2974
-3389
-3754
-4005
-3993
-3810
-3437
-3167
-2887
-2764
-2521
-2296
-1950
-1441
-827
0
701
1317
1583
1695
1592
1371
1049
549
37
-601
-1051
-1321
-1177
-700
-175
404
575
533
134
-506
-1216
-1909
-2321
-2475
-2315
-1909
-1289
-558
191
814
1335
1716
2071
2295
2288
1984
1593
1405
1580
2163
2929
3732
4302
4599
4514
4119
3466
2700
1919
1248
765
458
342
111
-155
-570
-1010
-1349
-1699
-2036
-2382
-2727
-2958
-3096
-3152
-3097
-2968
-2733
-2400
-2064
-1799
-1574
-1392
-1058
-581
8
664
1303
1866
2338
2602
2721
2735
2679
2678
2545
2362
2060
1770
1477
1145
706
72
-642
-1479
-2279
-3053
-3769
-4305
-4756
-5009
-5181
-5217
-4994
-4612
-4077
-3555
-3061
-2497
-1797
-952
-119
572
1089
1497
1939
2478
3039
3525
3913
4201
4497
4783
4998
5144
5044
4772
4256
3616
2956
2315
1704
1093
591
286
217
169
-49
-490
-1050
-1451
-1748
-1914
-2065
-2235
-2309
-2326
-2274
-2158
-2077
-1914
-1695
-1456
-1076
-744
-321
24
313
541
587
664
743
918
1095
1130
1049
962
923
958
861
591
171
-360
-891
-1495
-2140
-2726
-3217
-3510
-3666
-3624
-3319
-2812
-2172
-1742
-1453
-1268
-1052
-688
-408
-159
44
288
747
1347
1959
2450
2707
2845
2894
2913
2906
2787
2632
2309
1978
1641
1397
1286
1126
910
545
237
65
-42
-124
-354
-579
-769
-839
-804
-836
-787
-810
-725
-543
-304
2
246
422
556
638
677
751
763
862
881
849
722
559
484
434
418
347
316
322
365
241
-103
-594
-1123
-1510
-1894
-2272
-2666
-3037
-3313
-3432
-3351
-3031
-2521
-2037
-1639
-1421
-1258
-974
-677
-320
-34
147
450
786
1233
1722
1978
2195
2250
2259
2297
2199
2165
1955
1665
1269
823
545
391
362
374
286
209
155
95
40
-245
-567
-954
-1200
-1312
-1339
-1278
-1171
-874
-483
-1
486
883
1285
1608
1968
2229
2361
2553
2493
2497
2030
1238
433
-415
-553
-485
-201
231
313
347
-30
-764
-1404
-2021
-2106
-1874
-1678
-1389
-1569
-1781
-2098
-2328
-2238
-2081
-1777
-1712
-1755
-2004
-2234
-2306
-2258
-1942
-1532
-1114
-583
-191
208
737
1075
1654
1856
2045
2146
2093
2290
2143
2150
1936
1790
1881
1949
2087
2151
2031
1931
1659
1309
992
507
204
-150
-455
-718
-862
-800
-518
-54
276
453
300
22
-192
-229
-96
64
265
473
655
908
881
953
867
742
668
296
136
-104
-222
-399
-640
-922
-1258
-1482
-1792
-1970
-2148
-2368
-2459
-2644
-2642
-2541
-2385
-2195
-2258
-2217
-2387
-2459
-2446
-2493
-2293
-2173
-1851
-1787
-1638
-1909
-1689
-1259
-368
1210
1771
3024
2673
2992
3140
3077
3997
3589
3856
3521
3263
3623
3785
4055
4145
3367
2864
1903
1265
1000
320
148
-605
-828
-820
-414
300
762
901
522
-88
-716
-991
-1075
-774
-655
-326
-143
349
994
1511
1958
1675
1259
457
-107
-575
-924
-1166
-1413
-1544
-1668
-1773
-1933
-2123
-2437
-2765
-3282
-3627
-3986
-4062
-3950
-3777
-3391
-3280
-3059
-3139
-3157
-3091
-2990
-2728
-2716
-2659
-2913
-2232
-1432
546
2618
3747
5273
4616
5160
4991
5030
5814
4944
4949
4219
3837
4414
4366
4654
4289
2941
2149
454
-310
-1032
-1884
-2078
-3112
-3033
-3080
-2128
-792
60
960
475
18
-681
-1038
-570
-234
375
944
1213
2174
2716
3560
3912
3371
2848
1577
966
358
-117
-348
-987
-1308
-1784
-2153
-2395
-2823
-3078
-3653
-4217
-4748
-5258
-5218
-5207
-4830
-4443
-4242
-3872
-3878
-3713
-3461
-3264
-2824
-2756
-2647
-2818
-2232
-1290
765
3219
4770
6594
6115
6460
6243
6091
6809
5964
5678
4709
3966
4095
3943
4013
3603
2233
1186
-577
-1650
-2505
-3474
-3698
-4517
-4485
-4316
-3413
-2020
-775
360
618
560
237
-56
124
451
865
1580
1949
2908
3707
4536
5093
4893
4509
3458
2613
1767
1043
580
-82
-573
-1116
-1708
-2172
-2768
-3211
-3713
-4276
-4618
-5202
-5340
-5458
-5338
-4803
-4519
-3881
-3669
-3415
-3205
-3101
-2751
-2633
-2540
-2462
-2792
-2519
-1869
-898
1592
2856
4884
5492
5233
5894
5102
5939
5590
5055
4762
3668
3770
3652
3404
3324
2028
1045
-121
-1592
-2025
-3311
-3649
-4100
-4470
-3840
-3515
-2028
-760
473
1402
1266
1139
582
262
592
644
1430
1952
2554
3559
3951
4741
4538
4151
3336
2139
1573
715
468
87
-380
-507
-1047
-1374
-1845
-2563
-2897
-3598
-4014
-4405
-4910
-4788
-4830
-4205
-3647
-3089
-2446
-2271
-1891
-1845
-1775
-1716
-1914
-1885
-2097
-2115
-2263
-1983
-1420
-280
1357
2389
3738
3601
3922
3746
3473
3876
3153
3292
2820
2685
3099
2887
3123
2688
1882
1405
298
-272
-926
-1711
-1732
-2287
-2027
-1817
-1365
-248
217
1140
1135
1003
822
245
513
474
860
1366
1533
2290
2486
2847
2836
2217
1797
714
153
-463
-943
-956
-1260
-1154
-1303
-1467
-1680
-2114
-2312
-2520
-2637
-2591
-2684
-2494
-2349
-2041
-1490
-1123
-523
-433
-313
-391
-575
-510
-665
-641
-778
-984
-1143
-1460
-1689
-1720
-1762
-1121
-626
165
914
950
1423
947
1048
829
533
808
472
1017
1278
1657
2245
2182
2319
2058
1662
1567
1159
1151
908
669
746
480
890
1017
1284
1561
1320
1312
813
459
127
-176
-97
-160
29
199
158
268
-2
-278
-666
-1302
-1604
-2075
-2162
-2165
-2157
-1960
-1979
-1735
-1575
-1269
-797
-474
-10
276
599
992
1323
1789
2022
2196
2236
2074
2084
1828
1587
1252
729
478
21
-201
-535
-973
-1322
-1833
-2099
-2318
-2458
-2529
-2705
-2709
-2718
-2570
-2290
-2127
-1836
-1735
-1446
-1099
-717
-239
55
386
629
862
1214
1476
1762
1920
1986
2072
2083
2161
2063
1897
1643
1349
1129
922
766
651
524
452
393
247
103
-196
-416
-609
-732
-695
-720
-675
-674
-700
-638
-564
-426
-255
-107
102
285
509
741
917
1103
1255
1338
1378
1369
1324
1301
1220
1147
982
691
374
31
-201
-406
-524
-634
-752
-901
-1065
-1159
-1216
-1254
-1267
-1322
-1331
-1307
-1268
-1089
-963
-794
-744
-769
-754
-727
-532
-363
-186
-99
-112
-27
67
253
431
485
523
461
392
318
193
119
55
2
-30
-118
-202
-281
-341
-336
-422
-553
-724
-888
-907
-835
-676
-481
-382
-273
-168
2
300
590
897
1094
1222
1342
1424
1609
1749
1832
1864
1739
1622
1451
1262
1120
866
638
327
-23
-291
-529
-652
-796
-920
-1062
-1169
-1189
-1167
-1082
-1057
-1027
-1023
-995
-883
-671
-386
-52
262
518
668
700
700
666
675
685
665
628
564
562
635
766
858
772
560
228
-55
-256
-408
-485
-604
-700
-728
-722
-685
-707
-836
-1048
-1333
-1588
-1738
-1800
-1737
-1640
-1476
-1270
-1086
-864
-665
-434
-203
46
314
504
687
835
1041
1308
1584
1791
1895
1887
1849
1809
1758
1667
1477
1207
859
571
363
231
120
-11
-190
-382
-574
-700
-765
-805
-823
-894
-950
-963
-869
-680
-434
-203
-15
128
244
353
434
501
479
456
407
421
484
579
688
725
728
649
533
351
182
-3
-143
-249
-347
-344
-328
-258
-242
-335
-511
-783
-1025
-1206
-1330
-1337
-1323
-1244
-1155
-1113
-1075
-1152
-1122
-1098
-925
-681
-461
-233
-167
-52
-29
133
344
590
850
943
992
923
918
922
982
1040
1038
1006
898
839
725
634
525
380
296
186
200
187
242
256
220
156
13
-44
-124
-58
-8
79
152
142
164
96
84
47
20
19
-28
-41
-57
-45
-18
-21
5
-19
-36
-50
-104
-92
-122
-126
-149
-206
-192
-176
-83
0
24
3
-100
-201
-295
-405
-492
-641
-741
-810
-789
-677
-556
-424
-389
-401
-441
-471
-462
-427
-412
-384
-340
-233
-71
86
213
236
218
182
192
235
285
328
327
312
341
384
478
536
552
536
504
530
587
665
714
706
671
625
590
570
532
491
381
247
90
-64
-160
-217
-215
-198
-191
-225
-292
-368
-422
-452
-488
-514
-563
-571
-517
-411
-260
-135
-16
68
107
149
162
193
200
186
160
95
42
-5
-22
-11
-6
-22
-83
-172
-261
-320
-363
-415
-487
-591
-676
-713
-679
-585
-493
-422
-390
-391
-406
-412
-392
-355
-305
-253
-184
-91
35
183
310
400
434
443
478
560
673
791
877
940
981
1017
1037
1027
986
911
839
747
678
602
526
463
384
335
253
149
21
-139
-286
-422
-508
-569
-614
-635
-644
-610
-549
-446
-331
-244
-159
-97
-24
64
134
184
180
169
153
146
161
169
150
93
-5
-120
-246
-379
-483
-585
-662
-751
-807
-845
-854
-844
-839
-856
-891
-928
-955
-939
-893
-818
-736
-626
-491
-334
-160
24
166
293
393
471
571
646
747
839
952
1072
1151
1197
1176
1117
1038
967
887
821
745
686
625
579
542
486
402
264
125
-38
-179
-279
-347
-368
-370
-367
-354
-346
-323
-278
-219
-116
-1
120
238
335
427
500
543
540
504
445
398
362
334
286
191
62
-109
-276
-433
-575
-706
-835
-951
-1030
-1076
-1105
-1140
-1202
-1276
-1346
-1376
-1352
-1292
-1200
-1102
-979
-832
-661
-474
-295
-110
45
183
294
398
499
603
716
798
861
899
929
950
941
919
860
773
680
588
517
467
415
380
324
270
198
121
54
-7
-55
-95
-135
-159
-148
-102
-24
48
130
205
294
406
533
661
754
809
822
809
777
749
713
670
609
527
436
342
254
162
42
-90
-250
-398
-545
-667
-767
-858
-917
-972
-1006
-1034
-1071
-1108
-1139
-1160
-1137
-1108
-1044
-969
-874
-744
-605
-440
-283
-144
-36
50
112
169
212
258
297
340
390
432
468
468
447
370
270
151
31
-58
-139
-191
-235
-255
-250
-238
-220
-212
-208
-207
-195
-173
-136
-82
-1
107
240
381
524
643
750
828
889
926
938
932
902
865
819
769
721
667
613
557
493
427
344
258
161
78
0
-70
-137
-206
-254
-312
-342
-391
-447
-516
-599
-648
-709
-720
-723
-692
-640
-569
-475
-389
-304
-239
-182
-139
-95
-56
-12
33
85
135
169
184
173
139
80
2
-82
-162
-232
-292
-339
-369
-390
-401
-417
-444
-485
-535
-574
-600
-592
-558
-500
-426
-334
-214
-79
69
198
315
403
478
535
585
627
652
667
664
651
621
588
545
506
462
423
375
325
271
218
183
159
153
152
152
145
134
123
118
107
91
72
46
31
22
32
44
58
74
84
92
102
117
132
142
143
134
116
112
106
108
89
54
3
-67
-130
-206
-268
-321
-361
-378
-393
-397
-416
-452
-501
-567
-625
-676
-709
-723
-722
-705
-671
-624
-561
-497
-434
-372
-309
-237
-161
-93
-35
7
45
83
118
152
163
167
152
135
118
103
96
81
75
64
68
84
114
157
199
239
276
318
368
424
476
523
557
594
631
670
714
742
763
759
742
713
675
633
586
538
488
434
380
312
241
159
72
-17
-109
-186
-261
-306
-347
-372
-387
-406
-411
-426
-436
-455
-480
-498
-518
-526
-531
-533
-524
-510
-486
-458
-443
-431
-431
-423
-406
-394
-373
-370
-357
-345
-322
-292
-269
-247
-238
-229
-230
-230
-237
-240
-245
-246
-238
-227
-193
-159
-106
-58
-10
35
79
135
197
270
341
416
483
557
624
699
762
819
869
900
929
932
936
920
899
871
829
782
722
653
575
477
377
266
165
71
-17
-94
-172
-239
-296
-339
-371
-398
-425
-450
-473
-484
-484
-472
-452
-435
-423
-414
-408
-399
-391
-386
-383
-382
-381
-381
-381
-384
-393
-402
-415
-428
-439
-443
-442
-436
-427
-421
-413
-409
-400
-386
-368
-342
-319
-285
-248
-199
-143
-81
-18
40
98
159
225
299
374
449
515
582
645
708
769
813
853
872
887
887
871
845
796
750
693
640
582
515
448
367
290
206
122
41
-40
-106
-161
-201
-229
-249
-262
-275
-280
-286
-287
-286
-282
-272
-264
-251
-247
-244
-255
-270
-289
-312
-331
-354
-375
-397
-413
-425
-430
-434
-436
-440
-439
-432
-419
-399
-383
-365
-352
-333
-313
-284
-254
-222
-187
-149
-108
-66
-21
18
53
82
113
150
192
240
287
336
382
425
467
498
525
540
550
549
543
529
508
485
455
428
396
369
340
313
283
245
203
157
118
84
59
43
27
17
7
4
-1
-3
-8
-15
-16
-14
-4
3
7
-1
-18
-45
-84
-131
-187
-246
-304
-355
-397
-434
-465
-491
-512
-526
-537
-539
-543
-536
-522
-493
-455
-410
-362
-318
-271
-231
-187
-150
-113
-78
-48
-18
8
33
59
82
109
135
165
194
222
250
276
303
325
345
357
363
364
357
349
335
322
305
290
274
260
245
227
212
191
175
154
137
119
103
91
80
73
60
54
45
42
45
53
67
80
97
108
113
109
97
76
49
21
-11
-42
-78
-112
-148
-179
-213
-246
-280
-315
-342
-368
-381
-393
-394
-389
-377
-362
-345
-326
-312
-295
-283
-269
-257
-242
-223
-202
-174
-144
-107
-72
-31
9
53
94
130
163
192
219
243
269
285
299
307
311
312
308
303
289
274
253
230
208
190
174
161
148
134
118
102
83
67
51
36
24
10
2
-4
-4
-1
8
18
26
35
42
46
52
49
45
40
35
31
25
21
14
5
-6
-20
-36
-56
-78
-101
-126
-150
-177
-201
-224
-247
-266
-287
-304
-322
-335
-344
-346
-342
-337
-324
-307
-282
-251
-216
-177
-136
-93
-53
-12
24
58
87
116
142
167
189
207
222
231
236
236
233
226
217
211
205
202
200
200
198
197
195
190
183
172
159
145
132
119
108
96
87
77
72
67
62
55
47
40
31
24
18
12
8
4
1
-4
-8
-10
-14
-15
-15
-17
-19
-25
-35
-51
-71
-93
-116
-140
-163
-186
-207
-227
-245
-261
-272
-280
-283
-282
-277
-267
-251
-231
-207
-179
-149
-119
-89
-61
-39
-17
0
16
34
50
66
80
93
103
108
112
113
112
112
111
113
117
123
129
136
142
145
146
144
140
135
128
122
114
108
103
99
97
95
95
93
89
85
78
69
62
52
42
33
21
11
0
-9
-15
-20
-24
-28
-32
-37
-45
-55
-65
-76
-89
-100
-110
-120
-131
-142
-151
-158
-163
-164
-161
-155
-147
-135
-125
-115
-103
-92
-78
-64
-49
-34
-21
-9
2
15
27
40
50
61
66
69
70
69
67
64
61
60
61
67
73
84
92
98
102
102
100
98
95
93
91
90
91
91
91
90
87
81
72
64
53
44
31
21
7
-9
-23
-36
-47
-59
-68
-78
-86
-94
-98
-102
-103
-104
-102
-102
-100
-98
-97
-96
-96
-94
-94
-90
-87
-80
-74
-66
-58
-51
-42
-37
-30
-26
-19
-14
-7
-1
7
14
20
26
32
38
45
52
61
69
76
83
85
88
87
88
87
87
89
90
89
87
82
77
68
59
51
42
34
28
23
19
15
11
5
0
-7
-12
-19
-21
-26
-28
-33
-38
-43
-50
-56
-63
-68
-73
-74
-75
-73
-71
-66
-62
-57
-50
-43
-35
-27
-19
-13
-7
-4
2
4
7
7
5
5
4
4
3
4
4
5
3
3
3
2
0
0
-1
1
3
7
14
21
29
35
43
49
54
58
61
64
65
65
65
64
59
54
47
39
31
21
12
4
-6
-13
-20
-25
-28
-32
-34
-37
-38
-40
-43
-45
-48
-52
-56
-60
-63
-68
-72
-75
-78
-80
-81
-80
-77
-72
-67
-58
-50
-40
-29
-18
-5
7
17
27
35
43
52
60
67
74
78
82
85
85
86
83
82
76
73
67
62
58
54
50
44
42
37
34
31
28
23
20
15
11
8
6
3
0
-2
-8
-8
-14
-13
-17
-18
-20
-22
-23
-26
-26
-29
-29
-34
-36
-40
-41
-45
-46
-50
-54
-57
-64
-68
-73
-80
-85
-91
-94
-98
-100
-102
-104
-102
-102
-98
-91
-82
-71
-59
-43
-30
-16
-1
11
26
35
48
59
71
84
95
105
115
124
130
133
136
135
135
132
130
126
122
119
115
109
101
95
84
75
63
53
41
28
19
10
2
-7
-15
-21
-28
-32
-38
-42
-44
-47
-46
-47
-45
-43
-40
-36
-34
-31
-30
-30
-32
-36
-41
-48
-58
-67
-78
-88
-96
-107
-115
-124
-130
-138
-142
-143
-144
-139
-137
-127
-119
-106
-92
-78
-60
-45
-27
-12
7
23
40
57
70
86
97
109
119
127
136
140
146
148
150
151
149
149
143
142
134
131
123
118
109
101
91
81
70
60
51
39
32
19
14
2
-3
-14
-19
-26
-33
-36
-42
-42
-47
-45
-48
-49
-51
-52
-53
-56
-57
-63
-65
-74
-80
-90
-99
-108
-118
-126
-135
-141
-149
-152
-157
-157
-157
-154
-150
-142
-136
-124
-116
-101
-89
-73
-55
-39
-15
3
28
45
67
85
102
119
131
146
154
162
170
172
176
173
175
169
166
159
152
144
133
126
115
107
95
87
78
67
59
47
40
28
22
11
5
-2
-10
-15
-21
-24
-27
-31
-31
-34
-33
-33
-34
-34
-38
-41
-45
-49
-54
-61
-66
-73
-80
-87
-93
-99
-106
-109
-115
-117
-120
-121
-120
-122
-117
-117
-112
-108
-103
-96
-88
-81
-71
-61
-48
-38
-25
-13
0
15
25
40
52
64
77
86
98
105
113
119
120
126
124
125
122
118
116
109
105
97
93
85
80
74
66
63
54
50
43
38
34
26
26
17
16
10
7
3
-1
-3
-8
-9
-12
-14
-18
-21
-26
-30
-35
-41
-47
-54
-60
-67
-72
-80
-85
-90
-95
-98
-102
-101
-103
-101
-100
-97
-94
-92
-86
-83
-76
-72
-64
-60
-52
-46
-38
-32
-24
-17
-10
-1
6
14
21
29
35
41
46
51
58
61
66
70
73
77
77
81
82
83
83
85
83
83
82
83
81
81
82
81
80
80
80
77
75
71
66
62
55
49
43
36
29
23
16
8
1
-8
-16
-24
-32
-40
-49
-56
-61
-68
-72
-76
-80
-83
-85
-88
-90
-93
-94
-96
-96
-95
-95
-95
-92
-91
-88
-84
-81
-77
-73
-67
-61
-54
-47
-39
-30
-22
-15
-6
1
7
13
19
25
30
35
39
45
49
55
59
64
68
71
73
77
80
82
83
84
84
83
82
80
77
75
71
68
64
59
54
49
43
38
33
26
22
15
10
6
2
-2
-6
-8
-11
-13
-16
-18
-20
-22
-22
-24
-27
-29
-31
-33
-36
-40
-43
-47
-51
-56
-60
-63
-67
-70
-72
-75
-76
-77
-77
-76
-74
-72
-69
-66
-61
-56
-52
-45
-40
-34
-28
-21
-15
-9
-3
4
9
17
22
28
35
39
46
51
56
61
65
69
72
74
77
78
80
80
81
81
79
78
74
71
66
62
55
50
45
39
33
27
22
17
12
7
3
-1
-4
-8
-10
-13
-15
-17
-19
-20
-21
-22
-22
-24
-25
-28
-30
-32
-36
-39
-42
-45
-48
-50
-53
-56
-58
-59
-61
-62
-62
-62
-62
-60
-59
-58
-55
-53
-51
-48
-44
-40
-36
-31
-26
-20
-15
-10
-4
1
8
13
19
24
31
36
41
45
50
54
56
60
60
63
63
65
64
63
63
62
61
59
56
54
51
48
44
40
36
32
28
24
20
15
12
8
3
1
-3
-5
-8
-11
-13
-15
-17
-18
-20
-21
-23
-25
-26
-28
-29
-31
-32
-34
-35
-37
-40
-41
-43
-45
-47
-49
-49
-50
-51
-51
-51
-51
-49
-47
-44
-41
-38
-34
-28
-24
-18
-13
-6
-1
4
9
15
19
22
26
30
33
36
38
40
42
43
44
44
44
44
44
44
42
41
40
39
38
37
35
33
31
29
27
26
23
22
20
18
16
14
13
10
8
5
5
3
0
-1
-2
-4
-5
-6
-8
-10
-11
-12
-14
-15
-17
-18
-19
-22
-23
-25
-27
-29
-30
-31
-32
-34
-33
-35
-34
-34
-33
-33
-31
-30
-28
-25
-24
-22
-20
-16
-15
-13
-11
-9
-8
-6
-5
-4
-3
-1
0
0
1
3
4
4
6
7
7
9
10
12
13
15
16
17
18
19
19
21
21
22
21
21
22
21
21
20
20
19
18
17
16
16
15
14
14
13
13
13
11
11
10
10
9
8
7
6
5
4
2
1
0
-2
-3
-4
-5
-7
-9
-10
-12
-12
-13
-14
-16
-15
-17
-18
-17
-17
-18
-17
-16
-16
-16
-16
-15
-15
-14
-14
-13
-14
-13
-13
-12
-11
-11
-10
-11
-10
-9
-8
-7
-6
-5
-4
-2
0
1
2
3
5
5
8
9
10
11
13
14
14
15
17
18
18
18
19
18
18
18
19
19
18
18
17
16
15
15
15
14
12
11
10
9
7
6
5
3
1
0
0
-2
-3
-5
-6
-8
-9
-10
-10
-12
-12
-14
-15
-16
-15
-16
-16
-17
-18
-17
-17
-18
-18
-18
-17
-17
-17
-16
-16
-15
-15
-14
-14
-13
-12
-10
-10
-8
-7
-6
-4
-3
-2
0
1
3
4
5
6
8
9
10
10
12
12
13
15
15
15
15
16
15
17
16
16
16
16
16
16
16
15
15
14
14
13
12
12
12
10
9
9
8
8
7
5
4
3
1
-1
-1
-2
-4
-6
-6
-7
-9
-9
-11
-11
-12
-12
-13
-14
-15
-15
-15
-14
-14
-14
-13
-12
-11
-11
-10
-10
-8
-7
-7
-5
-5
-4
-3
-2
-1
0
-1
1
1
0
1
1
1
1
1
1
1
0
0
0
0
0
-1
-1
-1
-1
-2
-1
0
0
1
2
3
3
5
5
6
7
8
9
9
11
10
10
11
11
11
11
11
11
10
9
8
6
7
5
4
3
1
0
-1
-2
-3
-5
-6
-6
-7
-8
-8
-10
-9
-9
-10
-10
-9
-9
-9
-8
-8
-8
-7
-6
-7
-6
-5
-5
-5
-4
-4
-3
-4
-4
-3
-2
-2
-2
-2
-1
-2
-1
-1
0
0
1
1
1
1
2
3
2
3
4
4
6
5
5
6
6
7
7
7
6
7
7
7
7
8
7
6
6
6
5
5
5
4
4
3
3
2
3
2
1
1
0
0
0
-1
-1
-2
-2
-2
-2
-4
-3
-3
-3
-4
-3
-4
-3
-3
-4
-2
-3
-3
-3
-3
-3
-2
-3
-2
-2
-3
-2
-2
-1
-2
-2
-1
-1
-1
-1
-1
-1
-1
-2
-1
-1
-1
-1
-1
-1
0
0
0
0
0
1
0
1
1
0
0
0
0
0
1
1
1
1
1
2
2
2
2
3
2
2
1
2
2
2
2
2
1
2
0
0
0
0
-1
0
-2
-2
-2
-2
-3
-3
-3
-3
-3
-3
-3
-4
-3
-3
-4
-2
-2
-2
-2
-1
-2
-1
-2
-1
0
-1
1
0
0
2
2
1
1
2
1
3
2
3
4
3
3
3
4
3
4
3
4
4
3
4
4
4
4
4
3
2
3
2
2
2
2
1
1
2
1
0
0
0
0
-1
-1
-2
-2
-2
-3
-3
-4
-4
-4
-4
-4
-4
-5
-4
-5
-4
-4
-4
-4
-4
-4
-2
-2
-1
-1
-1
1
0
2
0
1
2
1
2
2
2
3
3
3
3
2
2
2
2
2
1
1
0
0
-1
-1
-1
-1
-1
-1
-1
0
-1
-1
-1
-1
-1
0
0
0
-1
0
0
0
1
1
1
1
0
1
0
0
0
0
-1
0
-1
0
-1
-1
-1
-1
-1
-1
-1
-1
-1
-1
-1
-1
-1
-1
-1
0
-1
-1
0
0
0
0
1
1
1
1
2
2
2
2
2
3
3
2
2
3
3
2
2
2
2
1
1
1
1
2
1
1
0
2
0
0
0
0
-1
0
0
0
-1
-1
-1
0
-1
-1
-2
-1
-1
-1
-1
-2
-2
-2
-2
-1
-1
-1
-2
-2
-1
-3
-2
-2
-2
-3
-3
-2
-2
-1
-1
-1
-2
-1
-1
-1
0
0
-1
-1
0
0
0
0
1
1
1
1
2
1
1
2
2
2
3
3
3
2
3
3
3
3
2
3
4
3
3
3
2
3
3
2
2
1
2
1
0
0
0
-1
-1
-2
-2
-1
-2
-3
-3
-3
-3
-3
-5
-4
-3
-4
-3
-4
-3
-3
-4
-4
-2
-3
-3
-4
-3
-2
-3
-2
-2
-2
-2
-2
-1
-2
-2
-1
-2
-1
0
-1
0
-1
-1
0
1
0
1
1
0
1
0
1
2
2
2
3
3
2
3
3
2
3
3
3
4
3
3
4
4
3
4
4
4
4
3
3
4
3
3
3
2
2
3
2
2
2
1
1
1
1
0
0
0
-1
-1
-1
-1
0
-2
-2
-2
-2
-2
-3
-3
-3
-2
-3
-2
-2
-3
-2
-2
-3
-3
-2
-2
-3
-2
-2
-1
-2
-2
-3
-2
-2
-2
-1
-2
-1
-1
-2
-1
-1
-1
-1
-1
0
0
0
0
1
0
0
2
1
1
1
2
2
1
2
2
2
2
3
3
2
3
2
2
2
2
1
2
1
0
1
0
1
0
1
0
0
-1
0
0
0
0
0
0
-1
1
1
0
0
1
0
-1
0
0
0
0
-1
-1
-1
-1
-1
-2
-2
-2
-2
-3
-2
-2
-2
-3
-2
-3
-2
-3
-4
-2
-2
-3
-2
-2
-1
-1
-1
-1
-1
-1
0
1
2
2
3
2
2
3
3
2
3
3
2
3
1
2
2
2
1
0
0
0
0
1
-1
-1
-1
0
-1
-1
0
0
-1
0
0
1
1
1
1
2
3
3
4
3
5
4
4
4
5
5
5
4
5
4
4
4
4
3
3
3
2
1
0
0
-2
-2
-3
-3
-4
-5
-4
-5
-6
-7
-7
-7
-7
-7
-8
-8
-8
-8
-9
-9
-9
-8
-8
-8
-7
-7
-6
-4
-5
-4
-3
-1
-1
0
1
2
3
4
4
5
5
5
6
6
7
6
5
7
6
5
5
5
5
4
4
5
5
4
4
4
5
4
5
4
4
3
4
3
4
3
2
1
1
0
-1
-2
-3
-3
-4
-5
-5
-6
-5
-6
-7
-7
-6
-5
-5
-5
-4
-4
-4
-2
-2
-2
-2
-1
0
2
2
2
1
3
3
2
3
3
4
3
3
3
3
4
3
2
3
3
3
2
1
1
1
1
0
0
0
-2
-1
-1
-2
-2
-2
-2
-3
-3
-3
-3
-3
-2
-2
-2
-1
-2
-1
-1
0
0
0
1
2
2
2
2
2
2
2
2
1
2
1
0
0
-1
0
-1
-1
0
-1
-1
-1
0
1
0
1
1
2
3
4
4
4
5
4
5
4
4
4
3
3
3
2
0
-1
-1
-1
-3
-4
-4
-5
-5
-6
-6
-8
-7
-7
-7
-7
-7
-7
-7
-6
-5
-4
-4
-4
-3
-2
-2
-1
0
2
1
2
2
3
4
3
4
4
5
3
4
3
4
4
4
4
4
3
3
3
2
3
3
2
3
2
1
1
2
2
1
2
2
1
2
2
2
2
2
1
2
1
2
1
1
0
0
0
0
-2
-1
-2
-2
-2
-3
-4
-3
-4
-5
-4
-4
-4
-4
-4
-4
-4
-3
-2
-2
-2
-1
-1
0
0
0
0
0
-1
0
0
-1
-1
0
-1
-1
-1
-1
0
-1
0
1
0
1
3
2
3
4
4
5
5
6
8
6
7
7
7
7
5
5
5
5
4
4
3
2
2
2
0
1
0
-1
-2
-2
-1
-2
-3
-4
-3
-4
-4
-4
-5
-5
-5
-6
-6
-6
-7
-7
-7
-7
-6
-7
-6
-6
-5
-6
-5
-5
-4
-5
-3
-3
-3
-2
-2
-1
-2
-1
-1
-1
1
0
1
1
1
1
2
2
2
2
2
3
3
4
3
4
4
4
4
5
4
5
6
6
5
6
7
7
6
6
6
6
6
5
4
4
4
3
3
2
3
1
0
0
-1
-2
-2
-3
-3
-3
-4
-4
-4
-5
-5
-4
-5
-4
-5
-4
-3
-3
-3
-3
-3
-2
-2
-1
-1
-1
0
0
0
1
0
0
1
1
0
1
-1
1
0
0
0
-1
-1
-1
-2
-2
-1
-2
-2
-2
-3
-2
-3
-3
-2
-2
-2
-2
-2
-1
-1
-1
0
1
1
1
3
3
3
4
5
5
5
5
5
5
5
5
6
4
4
4
4
3
2
2
1
1
0
0
0
0
0
-1
-1
-2
-1
-1
-2
-2
-2
-2
-2
-2
-2
-2
-3
-3
-3
-3
-3
-4
-3
-3
-3
-2
-3
-3
-2
-2
-2
-3
-2
-2
-3
-3
-3
-3
-3
-3
-3
-4
-3
-4
-3
-4
-3
-4
-4
-3
-3
-2
-1
-1
0
1
1
1
3
3
4
5
5
5
6
6
5
6
6
7
6
6
5
5
5
4
4
4
3
3
3
4
3
3
3
3
3
3
3
4
4
4
4
3
3
4
3
2
2
1
0
-1
-1
-2
-2
-3
-4
-4
-4
-5
-4
-6
-5
-6
-6
-6
-6
-5
-6
-5
-5
-5
-5
-4
-4
-5
-5
-5
-5
-5
-4
-4
-4
-5
-3
-3
-3
-2
-3
-2
-1
-1
0
0
1
2
3
3
5
5
5
6
5
6
6
5
5
6
6
5
6
4
5
3
4
3
4
3
3
2
2
2
1
2
1
1
0
0
0
0
-1
-1
-1
-2
-2
-2
-3
-3
-3
-4
-4
-4
-4
-4
-3
-4
-4
-4
-3
-4
-3
-3
-3
-3
-3
-2
-2
-3
-2
-2
-1
-2
-2
-1
-1
0
0
0
1
1
0
1
0
2
2
1
2
3
3
3
3
4
4
4
3
4
3
4
3
3
3
2
2
2
2
1
1
1
1
1
1
0
1
-1
1
0
1
1
1
2
1
2
2
2
2
2
2
2
2
2
3
2
2
1
1
0
0
0
0
-1
-1
-1
-2
-2
-3
-4
-3
-4
-4
-3
-4
-4
-5
-5
-5
-4
-5
-4
-4
-4
-4
-3
-4
-3
-4
-3
-3
-3
-2
-2
-2
-2
-1
-2
-1
-2
-1
-1
-1
0
0
0
1
0
1
1
1
2
2
3
3
3
3
3
3
3
3
3
5
5
4
4
4
4
3
4
4
4
4
4
4
3
3
3
3
3
3
3
4
3
2
3
2
2
1
0
0
0
-2
-2
-2
-2
-4
-4
-5
-5
-5
-6
-7
-6
-6
-6
-6
-7
-6
-6
-5
-4
-5
-4
-3
-3
-2
-1
-1
-1
0
-1
-1
1
0
0
0
1
1
2
0
1
1
0
0
1
2
0
1
1
1
1
1
1
1
2
3
2
2
2
2
3
2
4
3
4
3
4
4
5
4
4
4
3
5
5
4
4
4
4
4
3
3
3
2
2
1
0
0
0
-1
-1
-2
-3
-4
-4
-5
-6
-5
-5
-6
-6
-8
-7
-7
-6
-6
-6
-6
-5
-5
-5
-4
-4
-3
-3
-3
-3
-1
-1
-1
-1
0
0
0
0
0
1
1
2
2
2
2
2
2
3
3
2
3
3
4
3
3
3
4
4
4
3
4
2
3
3
3
2
2
3
2
2
1
1
1
1
1
0
0
1
0
0
0
0
0
0
0
-2
-1
-1
-1
-1
-1
-2
-2
-1
-2
-2
-2
-2
-2
-3
-2
-2
-2
-2
-1
-1
-1
-1
-1
-1
-2
-1
-1
-1
-1
-1
-1
0
0
0
0
0
-1
0
0
0
0
1
1
0
0
1
1
0
1
1
1
1
1
1
1
1
1
1
1
1
1
1
2
2
1
1
1
1
1
1
1
1
1
1
1
1
0
1
0
1
0
1
1
-1
0
0
-1
0
-2
-1
-1
-1
-1
-1
0
0
-1
-1
0
-2
-1
-1
0
-1
0
0
-1
0
0
-1
-1
-1
-1
0
-1
-1
-1
0
0
0
0
0
0
-1
0
0
0
0
0
0
0
1
0
0
1
1
0
1
1
1
0
1
1
1
1
1
0
0
1
1
1
1
1
1
1
1
0
1
1
1
1
0
0
0
1
0
0
0
0
0
0
0
0
-1
0
1
0
0
0
0
0
0
0
-1
0
1
0
0
0
0
-1
0
-1
-1
0
0
0
-1
0
-1
-1
-1
0
-1
0
-1
-1
0
0
-1
0
-2
-1
-1
-1
-1
-1
0
0
-1
0
0
0
0
1
0
0
1
0
1
1
1
0
1
1
1
1
1
1
1
0
2
1
2
1
1
2
1
1
1
1
1
1
0
1
0
0
0
1
1
0
0
-1
0
0
0
-1
0
0
0
0
-1
-1
0
0
-1
-1
0
-1
0
-1
-1
0
-1
-1
0
-1
-1
0
0
-1
-1
0
0
-1
-1
-1
0
0
-1
-1
0
-1
0
0
0
-1
0
0
0
0
0
1
0
1
0
1
1
0
1
1
1
1
1
1
1
0
1
1
1
1
1
0
1
1
1
1
1
0
0
1
0
0
0
0
0
0
1
0
0
0
0
0
0
0
0
-1
0
-1
0
0
-1
-1
0
-1
-1
-1
-1
-1
-1
0
0
0
-1
-1
-1
-1
-1
0
-1
0
-1
-1
0
0
0
