-3
-3
-3
-2
-1
-1
-2
-2
-1
-1
-2
0
0
0
1
1
1
1
0
1
1
2
2
3
3
3
3
4
4
3
3
3
4
3
3
3
3
3
3
3
2
2
1
1
0
0
0
0
0
0
-1
-2
-3
-4
-4
-5
-5
-5
-5
-5
-5
-6
-5
-5
-5
-6
-6
-5
-5
-4
-3
-1
-1
0
1
1
2
3
3
4
4
5
7
7
8
8
8
9
8
8
8
7
7
7
8
7
7
7
7
6
5
3
2
2
2
1
0
-2
-1
-3
-4
-5
-6
-8
-9
-10
-10
-11
-12
-11
-11
-11
-11
-11
-14
-14
-14
-12
-11
-10
-8
-8
-7
-6
-6
-6
-6
-5
-4
-1
1
2
3
4
5
4
5
6
6
7
9
10
10
11
12
13
13
13
14
13
13
12
14
13
13
13
11
11
10
9
8
6
4
3
2
1
0
-2
-2
-5
-6
-7
-7
-9
-9
-10
-10
-11
-12
-13
-13
-14
-13
-13
-13
-13
-11
-11
-11
-11
-11
-10
-9
-8
-7
-6
-5
-3
-2
0
2
4
5
7
7
8
9
11
11
14
16
17
20
19
18
16
14
12
10
9
8
8
7
6
2
-1
-4
-7
-9
-11
-12
-12
-11
-12
-12
-13
-15
-14
-15
-12
-10
-7
-5
-4
-4
-4
-5
-6
-4
-2
0
3
5
6
6
4
1
0
-1
0
1
4
8
7
8
6
7
3
3
1
2
5
5
7
7
7
6
5
4
2
0
2
1
4
2
4
3
2
1
-3
-2
-5
-5
-4
-5
-3
-5
-5
-5
-7
-7
-8
-5
-6
-4
-4
-4
-3
-5
-4
-4
-3
-1
-2
1
0
1
1
0
2
0
1
2
2
3
3
4
2
3
2
3
1
3
2
3
3
3
3
1
4
1
4
3
5
3
5
2
0
0
-2
-1
-2
0
0
0
-1
-1
-2
-2
-4
-2
-3
0
-3
-2
-2
-2
0
-2
1
-2
1
-2
-1
-2
-1
0
-1
2
-2
1
-3
-1
-4
1
-1
3
1
4
1
1
0
-2
-2
-4
-1
-3
3
1
7
2
4
1
0
0
-5
-2
-5
2
0
7
5
6
5
1
0
-6
-5
-7
-6
-3
-1
3
4
6
5
2
1
-4
-4
-6
-5
-3
-2
4
3
8
5
5
1
-3
-3
-8
-3
-5
2
2
4
6
3
4
-2
-1
-4
-4
-5
-5
-1
-2
5
1
6
2
3
2
-3
0
-7
1
-3
6
1
4
3
-3
1
-8
-1
-4
4
3
7
4
1
0
-8
-6
-8
-3
1
7
9
8
5
-2
-7
-13
-9
-10
1
7
10
14
7
2
-5
-4
-11
-2
-1
5
10
8
3
-1
-7
-6
-5
-3
1
4
5
4
-1
-4
-10
-7
-6
-2
2
1
3
5
2
6
-2
0
-2
-1
3
-1
3
3
2
2
2
-5
0
-5
-3
-4
-2
0
3
2
5
-5
4
-4
1
1
-3
4
-3
9
-1
4
2
-2
4
-1
-2
-8
-2
-8
3
0
-2
1
0
2
6
-3
1
-4
2
0
1
-4
-12
2
-7
6
2
3
2
13
3
3
-4
-13
-7
1
2
12
8
5
5
-9
-8
-14
-12
1
2
7
13
1
8
1
-3
-6
-2
-9
9
-2
3
1
-11
11
-5
9
2
-9
4
-11
1
-3
-3
8
-3
17
-12
12
-18
1
-2
-7
8
-5
14
-3
12
-8
-1
-4
-3
3
0
4
-2
7
-2
-5
-2
-7
-2
6
1
5
3
3
3
3
-9
-9
-12
-3
3
16
4
13
-8
-1
-5
-16
9
-16
12
9
0
17
-9
3
-10
-4
-2
-4
2
5
0
5
-4
-11
1
-8
10
2
15
-7
6
-10
-7
-1
-7
5
5
5
12
-3
3
-5
-10
3
-14
11
-7
14
0
7
0
-6
-9
-6
-14
12
-4
18
9
-1
4
-14
-1
-8
-4
-1
-1
2
7
7
4
3
7
-4
8
-12
-8
-6
-15
2
-5
5
18
15
14
9
-26
-12
-17
-19
11
5
4
29
-2
1
-2
-32
3
-10
7
8
13
-2
12
-5
-1
-10
-7
1
6
17
4
9
-12
4
-17
0
-17
7
-3
5
15
-2
-4
-8
-21
-3
6
-14
29
-17
30
-5
8
7
-18
-8
6
-5
6
6
-9
26
-22
26
-27
-7
-10
-16
23
0
27
8
4
-18
-5
-37
-3
9
0
30
6
7
3
-21
-13
-13
-7
0
16
15
28
23
0
-18
-38
-36
-8
5
26
35
2
28
-31
19
-39
0
-21
7
11
-4
40
-22
23
-17
-8
0
-19
14
-9
1
12
-29
17
-9
-1
25
-11
19
1
-5
1
-5
-6
-3
-6
5
11
-14
37
-33
28
-19
5
7
-35
27
-49
33
-16
29
6
13
10
-21
-4
-31
8
-9
5
25
-9
26
4
-10
6
-33
-3
-12
16
21
2
-3
-21
-12
1
24
14
18
-19
6
-33
-3
-15
-14
21
15
31
8
10
-26
-17
-8
-13
4
10
11
1
31
-34
6
-16
-41
34
-29
47
6
20
12
-25
-8
-36
-8
-10
17
22
35
30
-5
-8
-36
-40
-8
-16
24
51
2
45
-45
-12
-21
-34
12
-7
39
14
32
-15
-7
-7
-26
12
-28
-11
7
1
35
7
21
-1
7
-16
-21
-17
-24
12
9
6
29
-7
25
5
-10
-7
-49
-21
-20
19
39
25
44
-10
4
-35
-50
10
-49
51
-6
26
36
-20
24
-7
-19
-1
-22
10
-23
-4
10
-2
40
-8
17
-18
-15
-2
-10
-8
17
-22
53
-10
3
14
-23
6
16
-42
16
-27
-30
56
-36
53
1
4
23
-24
-32
-13
-57
27
13
52
21
13
-16
0
-33
12
-58
27
-15
40
33
-28
20
-83
41
-32
55
12
14
-26
3
-53
-4
25
-19
78
-37
53
-47
2
-27
-26
18
-11
33
0
42
7
-34
-11
-60
16
8
45
9
12
-29
-3
1
-19
34
-20
48
-34
18
-70
-8
0
17
66
13
22
-42
-11
-41
-35
17
-20
61
17
50
-44
46
-88
22
-9
-63
70
-52
107
-7
36
-63
-32
-68
11
21
53
44
6
3
-56
6
-50
-9
0
-7
54
33
23
5
-17
-34
-40
-2
-8
52
-11
22
-3
-34
8
-2
-7
28
-18
15
-3
-22
23
-13
36
-8
-10
-47
-6
-7
51
12
41
-19
-12
6
-90
63
-78
46
34
1
49
-28
2
-63
19
-26
11
33
-24
69
-10
-5
25
-83
31
-57
12
22
-13
51
-19
2
8
-6
24
8
-2
-6
-34
8
-57
37
-1
40
15
-34
9
-42
6
8
8
20
-16
9
24
-23
27
-49
49
-33
57
-23
-4
3
-37
44
-89
30
-64
48
19
18
36
26
-39
34
-54
-29
18
-23
47
-23
25
-55
35
-8
45
11
10
-2
-33
-8
-62
18
-15
44
47
5
21
-60
27
-64
21
-29
-30
37
-27
71
46
29
2
-46
-55
-48
-27
39
18
80
12
30
-10
-64
0
-59
5
-6
23
7
27
16
-6
-3
-12
2
-16
23
-18
-3
-1
14
-6
-17
20
-13
5
48
-75
36
-37
15
59
-16
51
-51
20
-50
38
-64
20
-18
-38
64
-61
78
-12
19
5
5
-28
38
-51
25
-23
26
33
-40
54
-99
46
-72
12
36
-27
93
-23
71
-76
4
-70
-27
58
-10
75
-54
12
-39
-1
21
4
31
2
29
-7
-17
-24
-44
21
-73
27
-12
1
107
1
82
-35
-33
-16
-65
30
-62
41
-29
49
-5
24
11
7
48
-44
-33
-45
7
-23
35
-25
-9
15
3
81
-7
7
-4
-29
-39
26
-25
-21
13
-52
56
1
89
0
6
-10
-32
-30
-17
-30
10
-16
61
8
39
-7
-70
26
-79
46
23
14
51
-5
-45
23
-89
39
-21
34
50
-3
23
-33
-5
-90
48
-107
79
9
30
76
-39
38
-70
-34
-13
-10
62
32
4
30
-51
-33
-7
-25
9
23
9
29
31
-30
-15
48
-65
16
-3
-67
54
-66
73
23
13
18
-13
-25
-19
-28
-27
14
-16
69
4
27
-29
10
22
-31
31
-35
-6
-11
20
-7
42
4
-69
50
-101
39
25
-42
105
-32
18
-9
-63
-7
-49
-19
31
6
60
91
8
36
-3
-44
-71
-28
-50
28
67
-27
42
-81
17
-26
17
23
25
35
-4
40
-29
-53
-56
-40
-3
30
-1
107
-13
53
-27
-20
-65
-11
-12
1
97
-59
62
-30
-55
51
-106
85
-4
-28
115
-44
72
-53
-74
9
-53
21
29
-46
53
-18
31
21
-39
19
-30
47
27
-6
0
-62
-41
-20
9
35
14
60
-12
40
-9
-19
-17
-64
33
-32
5
59
-65
63
-51
9
15
-27
62
-2
27
-18
1
-46
-39
-26
-16
43
16
76
-16
40
-14
8
-17
-48
15
-41
4
-63
31
-4
98
18
2
23
-114
35
-41
-41
94
-150
131
-33
15
138
-121
141
-104
-36
29
-58
78
-10
6
-73
-31
-19
59
21
76
16
-44
-19
-79
28
-70
59
-64
66
16
47
127
-56
45
-103
-95
-65
-1
14
98
25
16
34
-48
51
-73
10
10
-70
121
-34
20
-22
-86
-28
-35
49
33
85
41
2
0
-118
8
-119
43
65
-31
129
-67
43
-42
-1
35
1
77
-92
48
-70
-7
17
-84
101
-106
122
-46
76
-37
-59
-8
-142
39
-72
128
63
114
60
-34
-17
-108
-68
-16
-15
114
25
52
11
-76
-54
-162
55
-77
129
76
128
27
44
-94
-85
-78
-18
48
79
-27
50
-45
-51
76
-94
140
-146
113
-70
20
-19
-81
57
-114
36
-12
-4
74
-36
89
58
-12
130
-42
-4
-30
-159
-12
-82
76
88
99
92
-57
41
-145
-40
-160
10
0
43
91
25
37
-67
-37
-152
32
-55
187
68
101
39
-53
10
31
-98
-17
-37
-59
-43
43
5
125
-5
63
-24
-74
-3
-132
49
-32
86
15
-33
56
0
24
24
-34
27
-98
30
-37
-25
-33
-82
-73
-38
12
96
128
134
94
-5
-69
-126
-26
-54
109
23
80
21
-54
69
-140
-18
-49
-43
100
-14
38
-54
8
-49
-43
-32
-28
42
106
85
111
-43
-88
-174
-54
-67
15
67
23
130
-59
102
-27
75
5
-13
6
-197
28
-70
138
124
110
101
-35
-84
-211
-91
17
63
119
37
32
-18
-69
-37
-11
-76
62
-90
77
3
-112
17
-187
49
-58
121
93
76
99
-42
14
-90
-71
-66
76
76
153
120
88
-50
-48
-135
-161
-61
-4
44
185
13
0
-58
-178
-6
-178
97
-44
94
130
17
65
-20
-71
17
-10
48
-18
48
22
11
-10
-9
-3
-4
36
-14
-8
-135
-129
-112
10
55
102
128
11
33
-101
-40
-121
-136
64
29
236
138
43
93
-46
-33
-103
-113
-27
124
62
110
-24
-86
-89
-161
-45
-95
67
52
85
40
55
-89
-2
-101
52
129
-101
95
-63
64
32
5
38
8
-18
60
65
3
-6
-105
-122
-22
-64
81
28
-82
-25
-48
-67
-10
31
7
103
-31
89
-4
69
35
6
153
-111
115
-65
-39
73
-148
41
-144
-31
-1
165
-17
46
-9
-115
-11
-193
50
-61
28
40
2
47
-56
29
33
162
79
117
-12
-1
-86
-82
-37
-112
104
-137
195
-6
31
67
-66
-53
-112
-56
-62
59
-9
138
-52
94
-34
26
-75
-2
-47
78
75
-52
88
-127
33
-95
-77
41
-90
93
95
40
124
-18
10
-54
-35
-42
57
-21
-2
82
-47
-4
-138
4
-87
138
-50
40
-6
-31
49
-102
52
-47
52
14
30
8
-3
44
-47
78
-56
-76
102
-118
168
-55
6
-68
-104
29
-47
116
-9
73
-41
-5
-10
14
-11
77
16
9
2
-101
-11
-37
5
45
-20
-20
32
-43
68
-8
-44
-8
-44
14
54
5
70
35
-68
20
-63
30
7
61
5
-18
-102
-29
-2
46
55
58
-16
-92
35
-25
89
38
18
2
-35
-117
-15
-134
95
-99
165
-12
58
17
5
48
-26
-23
-118
-57
-100
132
7
246
-21
45
-64
-70
-106
-106
-103
-28
188
55
175
38
-67
-38
-108
-21
-60
44
38
106
59
-36
-45
-54
21
-11
86
3
34
93
-32
-62
-86
-101
48
-56
59
57
-35
85
-236
70
-80
-21
118
-126
161
-73
86
17
-23
64
-81
27
-40
91
37
48
55
-46
78
-81
-97
-146
2
-38
66
-2
-8
67
-46
-12
9
-68
104
-74
29
75
-7
161
-47
65
52
-79
45
-135
-61
-41
-16
66
21
43
-9
62
-74
-2
-57
-68
-23
-37
84
119
-35
18
-106
-69
-43
-73
46
-6
126
93
57
95
-28
-8
-9
-111
9
-37
67
30
12
84
-28
39
-27
-89
-127
-90
-100
49
21
93
55
79
10
-10
-9
-76
-8
32
2
73
-79
3
6
63
54
-53
69
-99
-17
77
-56
-54
-40
-71
102
-22
38
73
43
49
38
-106
-38
-164
45
64
19
27
45
-22
-56
-21
-114
15
-25
108
69
54
-210
34
-105
140
87
131
62
-52
-5
-57
-36
-75
-70
-27
87
104
121
3
-30
-156
-62
-191
-83
-11
15
114
181
87
53
-59
-101
-82
88
23
149
-9
57
-64
-113
-80
-126
93
7
162
-24
-39
-65
-4
6
43
49
-60
118
-74
66
-51
3
73
-71
136
-116
17
-96
-106
25
-117
59
-51
67
-23
-81
38
-185
-20
19
53
268
117
136
44
-95
-1
-123
-33
96
29
152
50
-39
8
-68
47
-50
-42
-47
-160
-26
-186
-17
-73
-4
31
40
126
35
108
53
100
-53
-42
-73
-57
39
-79
78
-39
9
52
-19
182
-9
82
-29
-2
-129
-6
-101
3
73
-33
164
-3
5
53
-6
-76
-59
-101
-80
-6
-25
86
56
44
82
-46
70
-120
-90
-83
-39
-31
-102
26
44
73
177
-22
136
-52
-81
-79
-136
21
5
99
81
99
-19
65
-71
66
9
35
73
-2
-19
-89
16
-58
14
82
-1
9
-68
-147
-84
-124
10
9
99
-2
4
-13
-92
-7
-65
59
71
2
75
-35
12
-29
-41
111
37
86
51
-17
39
15
-68
24
4
92
160
39
16
-73
-99
-148
-11
-79
30
-59
-27
-26
-149
-90
-163
-169
-47
-25
56
193
183
312
260
210
77
41
-66
-105
-20
-194
-63
21
-95
122
-137
-16
-124
-82
41
-56
2
-58
-37
-113
-4
-166
60
51
304
205
328
67
-50
-172
-280
-258
-198
-23
19
227
138
204
-23
26
39
55
133
153
170
109
48
-87
-203
-264
-244
-57
-93
110
121
-44
71
-246
-244
-192
-162
157
75
263
10
131
-59
15
94
12
107
54
-38
158
10
-32
-4
-141
47
-21
153
131
9
-70
-147
-228
-77
-22
-53
70
-146
25
-85
-37
216
7
204
79
-48
78
-25
-60
-10
-35
-102
-31
-35
-29
50
-5
155
-86
93
18
17
106
-126
-79
-225
-51
-157
169
176
160
329
65
159
-103
-212
-238
-312
-140
8
3
224
157
206
109
-48
-92
-278
-177
-330
-7
-57
126
248
153
339
193
274
127
55
138
-252
-41
-386
-232
-170
-141
133
24
205
-94
-96
-135
-309
-146
-91
-10
144
120
158
96
98
87
115
103
143
125
114
107
-49
-76
7
-148
20
-119
-77
-76
-65
40
-1
74
28
6
-35
-129
-203
-134
-218
-73
-47
39
30
170
-5
113
32
-114
128
-49
138
91
81
159
-33
129
15
-26
40
-165
-3
-78
-71
33
-24
10
-3
108
-60
88
-101
-62
-66
-112
46
-49
171
49
207
34
112
-19
-48
-3
-146
121
-105
125
21
-19
63
-127
29
-53
-71
-24
-51
-25
61
-73
10
-93
-130
-133
-143
41
70
215
186
127
2
-145
-205
-114
-2
65
267
101
165
-2
-99
-155
-205
-98
-57
119
150
194
220
100
97
7
-47
-89
-69
-43
75
122
102
34
50
-99
-115
-10
-138
-61
-72
1
-4
94
36
-11
-40
-166
-43
-274
-94
-139
-119
71
-102
90
-54
6
115
32
92
-68
-118
-158
-218
-35
-66
223
148
334
250
202
195
-6
111
-183
14
-102
-69
58
-110
41
-48
-32
59
-40
154
-15
52
-28
-107
-16
-88
38
137
147
210
198
30
81
-190
-111
-211
-178
-88
-55
6
-21
4
-36
-15
-60
11
31
50
26
-34
-138
-154
-190
-96
-55
70
84
145
165
93
124
13
-22
10
-133
-58
-91
-158
-77
-175
-14
-39
93
175
179
285
156
226
41
25
-58
-110
-48
-98
23
33
94
125
95
142
66
48
-33
-99
-121
-200
-110
-177
-71
-37
-43
-2
-121
-72
-133
-114
-83
-50
40
22
86
78
77
114
38
20
-62
-79
-97
-31
-14
5
85
9
113
92
112
197
96
197
117
145
165
173
197
132
67
-22
-36
-133
-157
-190
-219
-164
-169
-92
-130
-88
-77
-70
-52
-27
-45
-20
-61
-55
-91
-114
-75
-63
29
67
144
142
164
126
123
81
59
38
37
12
69
59
96
37
47
-46
-94
-87
-204
-152
-239
-185
-116
-89
48
13
66
40
-41
7
-118
-37
-45
-10
94
62
132
82
81
47
-12
-20
-43
-44
44
41
114
87
81
90
28
100
10
11
-24
-92
-49
-120
-81
-107
-135
-72
-146
-85
-91
-89
-55
-120
-94
-111
-138
-82
-125
-78
-35
18
116
97
137
120
153
180
212
219
202
253
237
264
269
193
209
140
166
172
90
103
-25
-70
-153
-190
-175
-188
-135
-145
-141
-178
-195
-206
-200
-176
-169
-157
-143
-174
-111
-108
-87
-78
-146
-138
-216
-227
-242
-257
-198
-186
-69
-37
28
102
114
207
207
246
287
255
314
292
326
384
383
438
434
429
428
421
426
455
478
518
566
642
701
781
804
847
853
795
794
694
650
584
504
437
278
174
18
-129
-274
-468
-595
-768
-841
-898
-978
-974
-1079
-1093
-1056
-1081
-1037
-1101
-1198
-1235
-1323
-1343
-1433
-1512
-1555
-1668
-1650
-1707
-1739
-1734
-1782
-1763
-1816
-1820
-1826
-1821
-1767
-1781
-1695
-1604
-1362
-1107
-839
-550
-246
251
744
1377
1854
2371
2829
3336
3832
4233
4538
4679
4812
4858
4886
4755
4568
4230
3947
3612
3272
2885
2377
1919
1456
1038
665
256
-79
-362
-602
-700
-795
-857
-908
-950
-952
-911
-1000
-968
-1097
-1106
-1146
-1199
-1171
-1269
-1266
-1308
-1320
-1278
-1333
-1389
-1449
-1618
-1685
-1915
-2051
-2272
-2495
-2712
-2977
-3215
-3561
-3916
-4354
-4646
-4929
-5093
-5349
-5644
-5704
-5620
-5033
-4488
-3836
-3207
-2360
-1029
402
1865
2944
3918
4941
6021
7053
7589
7632
7477
7167
7018
6513
5778
4804
3745
2948
2152
1398
655
26
-259
-349
-335
-247
-285
-97
35
265
370
346
305
242
212
97
-97
-298
-402
-415
-275
-165
39
333
747
1223
1661
1996
2334
2604
2813
2876
2724
2405
1996
1481
888
206
-514
-1182
-1749
-2183
-2525
-2770
-2938
-2998
-2992
-2903
-2897
-2894
-3053
-3185
-3433
-3820
-4390
-5143
-5765
-6409
-6965
-7601
-8341
-8751
-8882
-8378
-7659
-6860
-5766
-4500
-2401
-156
2259
4220
5932
7562
9174
10642
11418
11449
11029
10373
9796
8889
7528
5855
4056
2628
1405
235
-865
-1868
-2361
-2370
-2238
-1934
-1914
-1617
-1354
-896
-555
-505
-464
-551
-444
-367
-394
-482
-458
-266
151
506
970
1485
2222
3011
3661
4223
4581
4971
5185
5143
4811
4243
3621
2869
2036
1040
-34
-1034
-1943
-2585
-3135
-3581
-3916
-4145
-4083
-3915
-3753
-3634
-3685
-3702
-3857
-4114
-4716
-5552
-6464
-7367
-8201
-9131
-10043
-11047
-11310
-11435
-10438
-9654
-8384
-6781
-4720
-1602
1236
4315
6568
8830
10903
12935
14381
14932
14491
13855
12831
11887
10209
7943
5492
3050
1366
-315
-1979
-3488
-4660
-4838
-4589
-4254
-3923
-3826
-3032
-2389
-1415
-1160
-1014
-1046
-850
-552
-536
-575
-848
-521
-123
667
1189
1931
2816
4030
5279
6258
6802
7403
7811
8226
8006
7283
6278
5288
4353
3215
1771
301
-1004
-1997
-2684
-3411
-3941
-4510
-4689
-4728
-4463
-4347
-4337
-4519
-4607
-4792
-5097
-5823
-6957
-8190
-9356
-10347
-11513
-12478
-13911
-14100
-14246
-12933
-11664
-10188
-7942
-5588
-1628
1794
5652
8390
11119
13500
15846
17491
18213
17578
16590
15135
13695
11622
8661
5601
2517
216
-1771
-3874
-5692
-7154
-7452
-6993
-6622
-6097
-5942
-4871
-3826
-2497
-2006
-1742
-1686
-1433
-984
-767
-754
-920
-750
-197
808
1822
2835
3934
5252
6693
8049
9035
9746
10182
10257
9960
9183
8134
6880
5536
3955
2254
622
-758
-1902
-2884
-3815
-4611
-4999
-5011
-4806
-4611
-4471
-4445
-4288
-4276
-4222
-4646
-5442
-6639
-7927
-9205
-10387
-11864
-13123
-14692
-15490
-15521
-14893
-13054
-11906
-9308
-7100
-3071
850
4956
8479
11326
14072
16422
18442
19411
19119
17801
16174
14231
12210
8980
5685
2110
-722
-2884
-5001
-6846
-8231
-8722
-8080
-7454
-6507
-5896
-4654
-3195
-1910
-900
-676
-316
-358
-30
-275
-527
-1152
-1278
-903
-286
647
1362
2750
4283
6243
7809
9129
10096
11021
11644
11717
10991
9793
8399
7113
5444
3392
1243
-505
-1761
-2813
-3845
-4687
-5253
-5236
-4839
-4376
-3902
-3702
-3493
-3338
-3137
-3246
-3892
-5061
-6635
-8163
-9717
-11243
-13024
-14916
-16392
-17597
-17348
-16990
-15137
-13497
-11020
-7858
-4214
450
4453
8698
11687
14699
16982
19083
20211
20091
18667
16830
14706
12639
9725
6135
2655
-517
-2617
-4562
-6418
-7707
-8337
-7774
-6901
-5944
-5013
-3978
-2427
-1380
-328
-178
25
-232
-453
-874
-1408
-2269
-2905
-3114
-2643
-1588
-827
589
2109
4593
6734
8720
10136
11446
12575
13077
12892
12015
10746
9330
7527
5540
3177
1113
-635
-1892
-3011
-3913
-4613
-4755
-4533
-3974
-3391
-2936
-2512
-2373
-2020
-2226
-2579
-3798
-5304
-7120
-8934
-10923
-13003
-15111
-17083
-18442
-19491
-19231
-18714
-16683
-14463
-11509
-7842
-4041
896
5083
9539
12678
15600
17765
19654
20631
20392
18877
16808
14587
12301
9417
5871
2409
-668
-2807
-4565
-6127
-7192
-7643
-7006
-5957
-4817
-3734
-2782
-1488
-612
267
278
135
-559
-1236
-1849
-2658
-3561
-4553
-4951
-4579
-3628
-2337
-933
946
3373
5979
8445
10483
12189
13466
14190
14360
13884
12874
11297
9230
7034
4714
2698
714
-941
-2414
-3498
-4089
-4339
-4245
-4012
-3661
-3203
-2735
-2497
-2473
-2864
-3590
-4815
-6243
-8174
-10124
-12454
-14637
-16611
-18369
-19452
-20704
-20417
-19958
-17392
-14872
-11619
-8016
-4147
1033
5508
10237
13380
16308
18390
20490
21626
21523
19893
17711
15394
13240
10478
6851
3233
-23
-2100
-3793
-5417
-6699
-7396
-6885
-5916
-4872
-4049
-3347
-2270
-1464
-625
-756
-1122
-1921
-2568
-3093
-3836
-4800
-5786
-6146
-5532
-4327
-2913
-1349
657
3397
6399
9243
11444
13271
14812
15894
16313
15834
14643
13029
10915
8739
6147
3744
1369
-525
-2142
-3410
-4352
-4834
-4945
-4792
-4508
-4187
-3793
-3610
-3614
-4060
-4759
-6017
-7422
-9347
-11267
-13501
-15652
-17503
-19174
-20008
-21166
-20946
-20246
-17735
-14565
-11440
-7514
-3801
1615
6411
11375
14676
17416
19494
21639
23062
23040
21324
18882
16545
14365
11802
8056
4202
812
-1352
-2868
-4593
-6053
-7096
-6907
-6041
-5159
-4461
-4216
-3405
-2932
-2231
-2453
-2978
-3971
-4785
-5341
-5966
-6743
-7631
-7566
-6875
-5035
-3324
-1185
1225
4214
7660
10633
13273
15104
16767
17623
17833
17192
15722
13881
11357
8714
5854
3254
890
-1217
-2966
-4236
-4931
-5135
-4957
-4730
-4392
-4037
-3378
-3106
-3097
-3779
-4815
-6168
-7858
-9784
-12067
-14439
-16778
-18710
-20246
-21077
-22023
-21634
-20704
-17709
-14317
-10743
-6678
-2560
3107
7975
12928
15956
18622
20455
22343
23359
22887
20826
18097
15638
13351
10537
6781
3015
-139
-1966
-3285
-4782
-6113
-6881
-6355
-5222
-4332
-3819
-3722
-3142
-2844
-2428
-3068
-3851
-5105
-6015
-6664
-7194
-7781
-8226
-7845
-6640
-4423
-2244
427
3290
6729
10258
13309
15780
17535
18776
19210
18772
17477
15258
12790
9743
6741
3601
680
-1889
-3852
-5395
-6202
-6610
-6451
-5966
-5267
-4446
-3583
-2777
-2396
-2416
-3097
-3982
-5563
-7414
-9794
-12188
-14778
-17062
-19244
-20661
-21770
-22205
-21453
-19971
-16461
-13236
-8834
-4710
375
5696
10772
15107
18033
20396
21848
23303
23454
22221
19618
16439
13654
11027
7680
3839
109
-2594
-4106
-5238
-6424
-7208
-7411
-6205
-4932
-3728
-3241
-2796
-2204
-1813
-1611
-2439
-3400
-4853
-5737
-6472
-6957
-7572
-7887
-7382
-5762
-3309
-743
2181
5168
8730
12141
15161
17309
18682
19256
19070
18080
16057
13507
10391
7071
3642
378
-2424
-4683
-6276
-7518
-7910
-7893
-7013
-5878
-4685
-3491
-2396
-1329
-729
-780
-1628
-2969
-4783
-7100
-9705
-12619
-15444
-18049
-20347
-21825
-23074
-22762
-21908
-19119
-15755
-11795
-7136
-2401
3389
8601
13767
17188
20139
21771
23456
24112
23381
21098
17973
14787
12118
8941
5067
1229
-2104
-3831
-5011
-6126
-7088
-7367
-6543
-4873
-3627
-2817
-2390
-1588
-1037
-597
-1420
-2463
-3853
-4971
-5795
-6613
-7494
-8151
-7985
-6844
-4488
-2100
624
3396
6814
10416
13760
16069
17593
18363
18410
17723
15979
13518
10607
7181
3814
544
-2332
-4477
-6124
-7305
-7811
-7709
-6732
-5266
-3807
-2484
-1354
-190
665
997
272
-1066
-3081
-5502
-8289
-11133
-14297
-17128
-20057
-21868
-23358
-23310
-22471
-20421
-17070
-13604
-8677
-4008
1865
6841
12077
15588
18875
20786
22320
23068
22349
20457
17581
14651
11855
8901
5223
1816
-1264
-2996
-4082
-5086
-5877
-5994
-5257
-3719
-2587
-1804
-1498
-769
-482
-229
-1125
-2279
-3606
-4891
-5734
-6700
-7459
-8118
-7820
-6902
-4622
-2299
457
3224
6320
9630
12668
14920
16271
16867
16547
15783
14112
11864
9071
5785
2569
-380
-2782
-4609
-6042
-6981
-7253
-6823
-5708
-4216
-2719
-1308
-199
883
1463
1714
974
-527
-2726
-5368
-8085
-11072
-14028
-17084
-19775
-21769
-23090
-22799
-21862
-19311
-16353
-12760
-8053
-2991
2842
7743
12353
15528
18773
20452
22077
22147
21006
18874
16055
13255
10660
7356
3803
475
-2068
-3238
-4180
-4962
-5555
-5215
-4042
-2236
-1168
-548
-363
261
416
441
-893
-2314
-3864
-5092
-5993
-6937
-7692
-8058
-7548
-6255
-3832
-1464
1428
4214
7379
10473
13105
14792
15889
16004
15448
14004
11939
9428
6653
3360
192
-2601
-4632
-5950
-6771
-7061
-6856
-6001
-4542
-2696
-870
633
1645
2358
2620
2483
1296
-572
-3391
-6521
-9694
-12729
-15617
-18672
-21104
-23080
-23404
-22481
-20495
-17372
-14379
-10050
-5356
536
5790
10710
13882
17005
19090
20651
21507
20358
18531
15707
13070
10611
7922
4444
1334
-1357
-2533
-3089
-3644
-4126
-4067
-3052
-1242
237
890
805
975
1019
971
-120
-1976
-3698
-5275
-6267
-7158
-7867
-8242
-7811
-6746
-4490
-1976
921
3775
6702
9713
12248
14030
15037
15325
14782
13367
11166
8606
6055
3261
340
-2536
-4697
-5877
-6272
-6210
-6039
-5324
-4174
-2269
-356
1260
2233
2735
2904
2564
1624
-364
-2944
-6445
-9751
-12950
-15624
-18413
-20752
-23005
-23421
-22318
-20125
-16781
-13975
-9826
-5187
620
5833
10763
13650
16647
18404
19893
20722
19609
17683
14828
12182
10021
7627
4496
1663
-960
-1843
-2270
-2465
-2879
-2849
-2115
-552
821
1299
1135
833
555
289
-872
-2685
-4361
-5962
-6682
-7383
-7839
-7852
-7187
-5641
-3343
-821
1820
4528
7307
9888
11833
13002
13357
13305
12597
10964
8813
6183
3899
1744
-399
-2344
-4025
-4913
-4879
-4348
-3605
-3061
-2265
-904
642
1944
2314
2265
1709
1060
-288
-2290
-4965
-8001
-11150
-13791
-16283
-18243
-20192
-21700
-21423
-20257
-17130
-14400
-11130
-7433
-2687
2361
7419
10828
13492
15684
17116
18833
18486
17285
15042
12674
10746
8848
6150
3613
929
-558
-1271
-1711
-2182
-2599
-2394
-1535
-184
480
533
252
13
45
-435
-1861
-3173
-4618
-5293
-5767
-6322
-6508
-6208
-5023
-3090
-908
1235
3349
5696
8051
9989
11021
11214
10974
10476
9338
7765
5425
3153
1304
-195
-1316
-2624
-3590
-3806
-3192
-2221
-1423
-929
-227
780
1893
2508
2508
1674
625
-577
-2075
-4157
-6883
-9881
-12384
-14681
-16496
-18480
-19886
-19836
-18891
-16398
-14079
-11100
-7597
-3265
1263
5907
8811
11828
13588
15402
16973
16711
15862
13702
11656
10100
8252
5776
3189
532
-627
-1370
-1677
-2376
-2755
-2588
-1598
-179
466
771
640
610
1000
697
-106
-1174
-2362
-2810
-3364
-3788
-4218
-4013
-3007
-1509
192
1760
3542
5511
7218
8575
9123
8968
8845
7909
6811
5185
2959
1173
-427
-1453
-2271
-3258
-3766
-3573
-2658
-1655
-858
-359
280
1284
2071
2459
2150
1210
142
-1156
-2898
-4837
-7403
-9678
-11933
-13878
-15715
-17232
-17503
-17160
-15450
-13706
-11532
-8580
-4881
-903
3404
6056
8825
10819
12557
14717
14847
14281
12458
10591
9477
8000
5602
2927
205
-1151
-1876
-2412
-3242
-3722
-3583
-2813
-1403
-549
130
517
724
1384
1700
1496
1178
462
236
166
-110
-140
-61
607
1642
2651
3632
4609
5766
6601
7090
6850
6417
5704
4862
3375
1726
-209
-1552
-2613
-3315
-3879
-4270
-4183
-3597
-2589
-1534
-567
102
833
1486
2046
2193
1797
721
-431
-1832
-3411
-5074
-7228
-9071
-10771
-12066
-13454
-14018
-13851
-12599
-10599
-9066
-6954
-4452
-1319
2350
5210
6825
8534
9057
10826
11579
11230
9945
7781
6356
5439
4056
2106
-162
-2058
-2884
-3326
-3686
-4263
-4341
-4392
-3442
-2583
-1911
-1168
-975
-431
128
365
826
1142
1619
2439
2920
3536
4317
5722
7084
8208
8805
9021
9683
9816
9438
8326
6339
4496
2635
469
-1375
-3876
-5781
-7005
-7570
-7264
-7003
-6366
-5374
-3818
-2108
-490
791
1630
2305
2748
2676
2308
1023
-585
-2307
-4191
-5905
-7918
-9867
-11229
-12139
-12808
-12350
-11706
-9630
-7180
-4934
-2184
447
3327
6670
8489
9952
10486
10219
10751
10020
9086
6954
4553
2626
1344
-25
-1624
-3434
-4709
-5286
-5299
-5517
-5661
-5470
-5282
-4299
-4013
-3537
-3131
-2921
-2304
-1878
-1519
-813
-95
1123
2592
3909
5471
7265
9366
11372
12994
13834
14626
14985
14576
13481
11143
8596
5826
2960
-17
-3275
-6394
-8598
-9877
-10320
-10530
-10410
-9624
-7928
-5791
-3763
-2048
-791
527
1766
2616
2771
1964
519
-935
-2444
-4007
-5924
-8081
-9952
-11090
-11962
-11722
-11148
-9717
-7244
-5063
-1982
1063
3953
7459
9620
11439
12601
12383
12836
11974
10842
8790
6099
3794
1789
-72
-2149
-4243
-5998
-7029
-7417
-7929
-8384
-8409
-8227
-7121
-6504
-6119
-5676
-5348
-4330
-3464
-2847
-2046
-1211
121
1661
3504
5265
7254
9320
11200
13399
14860
15868
16480
16009
15471
13814
11522
9027
6014
3125
-38
-3218
-5724
-7544
-8725
-9635
-10178
-10211
-9537
-8187
-6923
-5433
-4320
-3270
-1913
-891
-6
81
-484
-1300
-2167
-3039
-4092
-5570
-7180
-8740
-9803
-9648
-9032
-7462
-6154
-4725
-2116
727
4154
7140
8680
10585
11423
12388
13025
12311
11318
9252
7210
5370
3559
1495
-737
-3053
-4965
-6334
-7400
-8555
-9241
-9881
-9853
-9347
-9171
-8596
-8051
-7161
-5992
-5085
-4276
-3097
-1622
25
1782
3235
5058
7177
9163
11175
12714
13728
14687
14909
14836
14070
12525
10614
8419
6202
3903
1556
-824
-2659
-4132
-5194
-6041
-6617
-7065
-7133
-7170
-6825
-6303
-5784
-5239
-4829
-4339
-3858
-3487
-3309
-3334
-3562
-3760
-4192
-4663
-5522
-6395
-6428
-6319
-5015
-4019
-3240
-1315
253
2962
5425
6667
8358
8737
9559
10272
9985
9372
7869
6405
5226
4115
2612
897
-746
-2264
-3434
-4486
-6070
-6930
-7846
-8169
-8065
-8566
-8782
-8690
-8001
-6749
-5840
-5226
-4252
-2870
-703
1361
3248
4713
6093
7688
9203
10654
11265
11256
10870
10328
9837
8954
7485
5843
4144
2936
1928
907
-60
-948
-1513
-1924
-2250
-2746
-3353
-3918
-4429
-4714
-4889
-5138
-5290
-5502
-5599
-5320
-5109
-4817
-4756
-4804
-4808
-4614
-4858
-4959
-4536
-4108
-2266
-1345
-183
1308
2436
4922
6361
7317
7901
7664
8055
7998
7338
6110
4425
2935
1948
927
-203
-1531
-2461
-3241
-3413
-3931
-4623
-4831
-5213
-4864
-4864
-5400
-5781
-6034
-5505
-4688
-4350
-3990
-3456
-1910
235
2369
4123
5222
6529
7821
8968
9731
9252
8420
7291
6114
5280
3904
2467
1116
75
-384
-546
-617
-813
-862
-829
-827
-853
-1386
-1958
-2357
-2958
-3280
-3739
-4134
-4154
-4317
-4348
-4367
-4379
-4301
-4122
-4323
-4463
-5056
-5386
-4661
-3873
-1747
-589
830
2709
4366
7320
9063
10166
10302
9634
9207
8721
7587
5678
3042
589
-985
-2143
-3064
-4292
-5153
-5928
-5928
-5976
-6051
-5865
-5933
-5742
-5515
-5603
-5374
-5126
-4506
-3451
-2602
-1727
-572
1447
3624
6182
7538
8489
9345
9851
10383
10018
8602
6861
4945
3288
2202
752
-640
-1784
-2392
-2472
-2198
-2295
-2385
-2412
-2560
-2626
-2911
-3533
-3986
-4286
-4416
-4048
-4006
-3886
-3726
-3377
-2955
-2744
-2898
-3141
-3237
-3627
-3797
-4679
-4635
-4055
-2485
89
1549
3978
5356
7849
10478
12174
13138
12417
11217
10081
9029
7288
5200
2200
36
-1827
-2790
-3790
-4570
-5413
-6269
-6743
-7634
-8085
-8434
-8781
-8850
-9212
-9431
-8824
-7967
-6111
-4360
-2499
-479
2174
5060
8277
10448
11935
12529
12719
12757
12074
10837
8550
6518
4335
2954
1458
39
-1172
-2107
-2742
-3092
-3640
-4214
-4800
-5541
-5930
-6345
-6507
-6621
-6488
-6196
-5406
-4777
-4171
-3822
-3567
-3312
-3346
-3642
-4201
-4745
-5328
-5585
-6284
-5577
-4618
-2007
1055
3233
6425
8183
11221
13487
14840
15107
14094
12369
10904
9169
7196
5332
2833
1351
-36
-470
-1195
-1376
-2243
-3012
-4182
-5991
-7452
-8877
-10108
-10903
-12042
-12742
-12389
-11359
-9033
-6838
-4085
-1478
1751
4878
7500
9766
10709
11216
11263
10748
10261
9307
8052
7190
6086
5459
4594
3663
2810
1870
745
-712
-2159
-3834
-5287
-6594
-7655
-8049
-8075
-7903
-7223
-6631
-5711
-4864
-4488
-4190
-4311
-4703
-5032
-5866
-6476
-7391
-7975
-8727
-7799
-6285
-3283
420
2578
6120
8072
11459
13727
14762
14368
13131
11361
10215
8946
7281
5975
4220
3852
3433
3831
3218
2851
1522
247
-1536
-4081
-6430
-8446
-10034
-10654
-11315
-11293
-10426
-8884
-6625
-4193
-1868
-24
2246
3050
4460
4476
4438
4130
3867
3768
3974
4063
4297
5126
5503
6273
5957
5444
4318
3171
1703
356
-1196
-2759
-4022
-4948
-5135
-4672
-4299
-3838
-3772
-3770
-3823
-4040
-4636
-5510
-6601
-7615
-8192
-8590
-8844
-8938
-9336
-9005
-6833
-4689
-19
1877
4359
5834
7299
10081
10922
11148
9509
8063
6888
7211
6749
6793
5611
5515
5364
6131
6034
5307
4123
2011
461
-1980
-4098
-5637
-6559
-6741
-6389
-6540
-5407
-4199
-2310
-421
551
1212
1569
1568
2009
1849
1522
816
230
353
766
1510
1649
1836
1821
1881
1902
1423
885
152
-568
-1077
-1319
-1312
-1105
-1056
-835
-702
-479
-334
-615
-1166
-2276
-3383
-4598
-5309
-6182
-6802
-7645
-8094
-8333
-8215
-8679
-8219
-6845
-4709
-816
574
3064
3947
5686
7935
9091
9189
8340
6851
6208
6432
6000
5831
4373
3921
3384
3702
2880
2206
982
-109
-965
-2409
-3697
-3957
-3560
-2345
-1263
-1242
-486
383
2504
4073
4910
4396
3556
3169
2994
3105
2315
1004
-122
-628
-563
57
-321
-882
-1811
-2458
-2580
-2715
-2947
-3322
-3558
-3730
-3273
-2742
-2079
-1489
-1016
-791
-440
-479
-397
-690
-1292
-2220
-3136
-3712
-4023
-4269
-4872
-5688
-6249
-6981
-7079
-5747
-4566
-1158
165
2095
3360
4496
6521
7451
7693
6807
5824
4790
5224
4870
4988
3856
3358
2553
2483
1428
125
-1292
-2843
-3685
-4954
-5958
-5951
-4830
-2914
-673
535
1908
3445
5746
7416
8709
7900
7285
6252
5590
5289
4437
3364
2084
1189
542
639
61
-651
-1950
-3250
-4330
-5002
-5633
-5852
-5997
-6024
-5619
-5139
-4169
-3053
-2067
-1428
-1155
-1313
-1509
-1813
-2250
-2723
-3183
-3719
-3866
-3903
-3739
-3806
-4199
-5217
-4982
-3851
-1677
1358
2166
3564
3606
4699
6081
6826
6611
5702
4431
4156
4707
5064
5317
4575
3908
2986
2408
899
-513
-2539
-4525
-6118
-7647
-8238
-7411
-5809
-3406
-1361
155
2203
4421
6868
8542
8643
8004
7105
6717
6886
6832
6454
5431
4533
3937
3542
2795
1502
-178
-1917
-3648
-5240
-6542
-7208
-7355
-7347
-7071
-6900
-6005
-5009
-3837
-2785
-2425
-2271
-2680
-2912
-3086
-3199
-3248
-3513
-3466
-3390
-3017
-2966
-3135
-3828
-3928
-2849
-1235
1752
2845
4087
4237
4604
5526
5693
5427
4361
3220
2408
2768
2948
3853
3885
3925
3220
2544
1222
-58
-1639
-3571
-5382
-7436
-8465
-7958
-6126
-3567
-1182
696
2809
4733
6669
7470
7648
6629
5781
5138
5212
5674
5973
5854
5747
5785
5642
5288
3866
2241
317
-1573
-3495
-5187
-6567
-7152
-7361
-7419
-7178
-6662
-5812
-4790
-4200
-3957
-3949
-4185
-4105
-4057
-3914
-3979
-3981
-3959
-3367
-2912
-2793
-3033
-3587
-2673
-1035
1653
4255
5380
6334
6232
6532
6949
6715
5829
4356
2634
2039
2039
2242
2572
2158
1993
1432
734
-647
-2190
-3997
-5574
-6894
-8060
-8337
-7458
-5506
-2471
479
2925
4597
5290
5784
5919
5779
5180
4324
3693
3859
4500
5309
5804
6144
6108
5939
5010
3703
2165
557
-820
-2220
-3623
-4650
-5408
-5681
-5565
-5613
-5310
-5207
-4890
-4781
-4719
-4694
-4720
-4604
-4489
-4230
-4087
-3834
-3901
-3945
-4363
-4615
-4886
-3913
-2145
538
3845
5328
7070
7143
7667
8135
7875
7046
5519
3902
3029
2878
2668
2814
2271
1829
1265
652
-594
-1994
-3950
-5568
-6566
-7331
-7294
-6439
-4879
-2055
520
2359
3331
3209
3046
2999
2956
2690
2389
1942
2301
3104
4113
4902
5164
4812
4349
3417
2333
1383
262
-516
-1408
-2405
-3012
-3357
-3349
-3169
-3471
-4035
-4768
-5277
-5413
-5157
-4843
-4482
-4236
-3953
-3419
-2698
-2269
-2200
-2774
-3423
-3810
-3313
-1964
78
3067
4598
6475
6458
6618
6941
6830
6853
6125
4885
3875
3394
3046
3407
2902
2499
1455
505
-707
-1730
-3048
-4337
-5069
-5560
-4983
-4103
-2998
-1412
-7
1272
2073
1729
1158
561
285
469
696
940
1455
2136
2879
3539
3600
3074
2166
1113
103
-530
-1387
-1978
-2371
-2511
-2283
-2182
-2042
-2093
-2225
-2740
-3409
-4283
-5082
-5529
-5744
-5664
-5245
-4798
-4094
-3423
-2922
-2532
-2212
-2142
-1199
-271
1849
4549
6476
8628
8451
8390
7799
7285
7072
6632
5660
5079
4095
3464
3138
2327
1932
991
133
-1123
-2301
-3718
-4631
-4999
-4791
-3831
-2886
-1790
-539
419
1443
1713
1358
654
-368
-907
-975
-634
70
630
1166
1741
2242
2608
2397
1499
186
-1162
-2086
-2672
-2890
-3078
-3181
-3152
-3046
-2617
-2380
-2263
-2593
-3232
-3679
-3898
-3762
-3486
-3367
-3237
-3066
-2810
-2325
-1930
-1653
-1504
-1407
-1084
229
1802
3969
5421
5925
5996
5444
5376
5279
5125
4803
4507
4031
4005
3592
3108
2241
1060
-53
-1001
-1658
-2076
-2368
-2780
-2881
-2711
-1990
-949
-9
654
1121
1182
1198
948
691
565
717
1303
2090
2724
2813
2383
1573
727
-176
-967
-1736
-2215
-2436
-2502
-2345
-2131
-1674
-1188
-825
-720
-807
-989
-1146
-1313
-1527
-1767
-1942
-1824
-1490
-970
-556
-399
-550
-781
-1061
-1200
-1320
-1435
-1374
-1327
-1098
-842
-447
42
443
749
948
1060
1091
909
546
247
203
234
118
-161
-355
-178
221
465
467
348
346
535
734
1065
1349
1618
1595
1437
1325
1324
1470
1588
1800
2135
2629
3048
3426
3659
3788
3595
3005
2306
1717
1449
1122
704
25
-494
-992
-1211
-1598
-1944
-2185
-2486
-2468
-2809
-2952
-3395
-3676
-3886
-3864
-3585
-3138
-2716
-2329
-2140
-2030
-1921
-1798
-1454
-1293
-1028
-1004
-907
-685
-509
-302
-303
-374
-345
-208
211
613
960
1111
1108
1123
1084
1020
855
599
480
459
582
790
981
1236
1443
1661
1818
2029
2159
2232
2100
1836
1603
1525
1619
1739
2015
2165
2459
2484
2308
1975
1535
1188
817
557
295
150
-76
-292
-636
-959
-1266
-1582
-1775
-1828
-1708
-1448
-1350
-1398
-1570
-1769
-1909
-1940
-1862
-1730
-1659
-1665
-1624
-1545
-1434
-1414
-1385
-1279
-898
-529
-208
-44
-35
-114
-383
-739
-1074
-1230
-1216
-1094
-841
-541
-196
7
11
77
130
302
425
431
464
459
465
455
510
794
1245
1632
1963
2093
2320
2500
2531
2363
2051
1931
1936
2075
2127
2142
2067
1934
1706
1452
1183
809
382
-45
-297
-455
-582
-869
-1255
-1630
-1883
-2020
-2167
-2215
-2288
-2285
-2127
-1981
-1683
-1481
-1306
-1124
-910
-699
-556
-613
-677
-670
-511
-250
6
299
638
959
1142
1122
991
738
391
-51
-479
-713
-882
-937
-987
-1070
-1090
-1183
-1326
-1268
-1171
-902
-837
-884
-830
-610
-277
-36
98
269
693
1198
1672
2044
2219
2538
2849
3044
3363
3181
2996
2536
1855
1545
1158
1140
1178
1328
1560
1677
1732
1311
932
291
-155
-447
-936
-1310
-1990
-2662
-3092
-3531
-3598
-3593
-3452
-2922
-2543
-2074
-1962
-1974
-1897
-1822
-1455
-1151
-700
-274
122
439
631
734
781
817
939
1063
1107
951
615
314
113
35
-27
-11
92
317
569
789
999
1189
1295
1332
1233
1138
978
810
536
275
122
108
279
465
675
806
838
810
711
522
425
260
237
230
249
395
483
731
772
807
681
584
465
262
-31
-463
-860
-1213
-1403
-1479
-1422
-1341
-1271
-1371
-1587
-1946
-2279
-2511
-2646
-2744
-2800
-2720
-2358
-1998
-1625
-1587
-1622
-1563
-1470
-1118
-1007
-830
-751
-470
19
641
1224
1704
1989
2367
2833
3345
3830
3827
3949
3814
4037
4333
4451
4503
4105
3615
2979
2271
1589
924
275
-160
-517
-748
-982
-1213
-1373
-1520
-1613
-1883
-2235
-2580
-2785
-2674
-2426
-2051
-1664
-1271
-795
-441
-249
-286
-388
-418
-293
-160
-164
-310
-497
-554
-568
-619
-870
-1187
-1552
-1865
-2187
-2546
-2697
-2755
-2699
-2646
-2748
-2855
-3025
-3135
-2949
-2381
-1239
532
2101
3417
3917
3857
3791
3643
3871
3955
3909
3819
3848
4111
4617
4886
5016
4713
4235
3515
2491
1513
474
-100
-517
-774
-1065
-1361
-1486
-1478
-1503
-1769
-2291
-2899
-3284
-3310
-2980
-2487
-1861
-1286
-807
-448
-297
-205
-255
-342
-365
-272
12
308
591
659
561
371
49
-354
-968
-1595
-2132
-2463
-2525
-2584
-2628
-2677
-2729
-2783
-3122
-3669
-4242
-4440
-3886
-2689
-899
607
1720
2263
2228
2514
2637
3125
3426
3461
3568
3735
4070
4544
4813
4843
4724
4257
3630
2717
1762
950
603
420
543
576
566
626
575
533
109
-616
-1581
-2301
-2626
-2468
-2081
-1721
-1301
-894
-511
-427
-708
-1253
-1750
-1954
-1828
-1443
-1022
-570
-157
105
303
220
-61
-491
-989
-1381
-1596
-1719
-1738
-1754
-1702
-1698
-1770
-2012
-2404
-2872
-3356
-3723
-3665
-2944
-1541
483
2011
3289
3466
3350
3127
2787
2769
2530
2493
2584
2904
3280
3653
3636
3552
3154
2632
1870
844
-171
-908
-1105
-932
-520
-217
-20
159
326
480
332
-229
-924
-1602
-1721
-1421
-780
-30
580
1088
1323
1249
816
206
-485
-938
-1198
-1217
-1092
-874
-679
-552
-511
-648
-965
-1449
-1940
-2265
-2379
-2233
-2036
-1790
-1593
-1544
-1557
-1812
-2132
-2499
-2799
-3047
-3124
-2934
-2067
-803
1063
2668
3728
4194
3634
3170
2503
2346
2377
2429
2668
2906
3291
3710
3882
3779
3443
2757
2057
1022
35
-834
-1372
-1493
-1337
-1087
-964
-931
-1067
-1147
-1234
-1369
-1624
-1849
-1925
-1726
-1253
-607
9
516
823
912
845
659
397
129
-37
-103
24
118
228
241
159
-28
-387
-778
-1173
-1433
-1580
-1648
-1635
-1586
-1560
-1584
-1726
-1947
-2153
-2409
-2554
-2674
-2671
-2597
-2401
-2094
-1472
-626
548
1779
2621
3147
2975
2842
2632
2713
2984
3218
3518
3626
3770
3818
3738
3503
3074
2432
1754
986
333
-99
-261
-117
28
87
73
-82
-274
-563
-952
-1350
-1725
-2012
-2094
-1992
-1734
-1303
-901
-498
-290
-201
-335
-558
-851
-1081
-1173
-1184
-973
-680
-345
-110
-57
-150
-276
-453
-561
-742
-849
-879
-851
-753
-698
-687
-871
-1142
-1575
-1971
-2220
-2319
-2205
-2051
-1792
-1562
-1320
-1122
-861
-485
129
864
1528
2008
2039
2015
1932
2211
2691
3266
3755
3910
4000
3876
3804
3581
3261
2738
2090
1491
855
448
124
55
44
34
-16
-169
-329
-551
-807
-1106
-1437
-1732
-1880
-1927
-1813
-1607
-1263
-873
-507
-229
-146
-248
-531
-871
-1189
-1309
-1301
-1184
-1011
-802
-632
-510
-547
-736
-920
-1123
-1183
-1234
-1262
-1243
-1217
-1166
-1089
-1011
-910
-789
-699
-628
-564
-462
-278
-14
252
442
528
487
408
393
436
555
744
1048
1390
1792
2142
2449
2718
2847
2826
2602
2260
1853
1510
1200
931
666
405
218
89
19
-27
-80
-226
-368
-473
-497
-416
-321
-197
-78
3
76
44
-62
-235
-402
-497
-523
-462
-414
-330
-280
-255
-296
-379
-519
-773
-1111
-1473
-1701
-1786
-1706
-1583
-1495
-1417
-1322
-1210
-1103
-1033
-1011
-962
-894
-717
-454
-101
266
568
811
950
1049
1105
1117
1131
1133
1174
1239
1288
1323
1315
1236
1103
879
594
278
-31
-226
-323
-332
-332
-333
-339
-323
-323
-388
-527
-700
-854
-877
-735
-439
-43
417
868
1211
1435
1489
1459
1385
1260
1096
879
654
473
379
365
353
302
185
-17
-280
-560
-860
-1151
-1368
-1507
-1556
-1520
-1440
-1355
-1299
-1248
-1207
-1150
-1061
-980
-847
-666
-415
-123
182
436
586
708
765
837
885
883
868
908
1021
1208
1363
1396
1271
987
662
350
66
-187
-452
-676
-822
-849
-758
-632
-512
-499
-516
-595
-677
-756
-803
-792
-738
-580
-388
-116
130
387
579
719
827
858
880
846
808
766
748
828
917
1032
1033
928
761
497
252
6
-256
-454
-681
-850
-973
-1063
-1081
-1096
-1094
-1101
-1102
-1110
-1078
-1008
-852
-613
-326
-11
295
555
757
898
995
1086
1193
1306
1398
1411
1342
1214
1057
909
722
490
177
-181
-545
-829
-1003
-1115
-1167
-1213
-1208
-1149
-1037
-908
-825
-821
-841
-848
-762
-619
-465
-323
-230
-129
-42
72
191
277
328
332
351
406
526
653
742
796
814
809
804
778
732
672
594
539
515
483
449
373
253
118
-41
-173
-307
-444
-531
-559
-505
-402
-293
-245
-240
-272
-307
-315
-282
-203
-146
-72
-21
51
118
173
227
286
362
408
386
291
163
45
-44
-129
-219
-321
-402
-463
-464
-431
-393
-360
-352
-357
-395
-457
-537
-590
-596
-590
-541
-451
-330
-177
-34
108
219
277
329
350
371
402
429
447
455
443
443
437
412
399
367
315
272
244
256
309
363
405
380
319
274
245
235
210
152
72
13
-11
-11
11
29
53
74
100
109
118
120
112
65
-45
-158
-273
-356
-377
-365
-322
-294
-290
-303
-332
-360
-369
-373
-367
-375
-384
-378
-346
-256
-158
-38
12
23
16
-10
-6
-3
1
1
-40
-68
-52
-4
101
202
263
286
240
177
112
90
90
100
107
96
90
79
69
46
-18
-127
-247
-361
-414
-427
-381
-316
-256
-184
-112
-38
20
90
172
279
393
512
595
663
721
765
791
759
668
544
391
245
103
-47
-163
-260
-305
-324
-338
-360
-414
-481
-560
-617
-643
-646
-609
-545
-449
-320
-171
-27
79
150
201
213
206
200
199
235
279
339
398
430
464
470
460
415
328
202
71
-31
-82
-99
-100
-107
-106
-109
-134
-179
-245
-324
-402
-481
-534
-559
-544
-475
-375
-241
-138
-60
-12
17
58
100
165
235
304
366
428
485
507
497
444
344
224
97
-1
-57
-91
-128
-169
-203
-249
-301
-374
-447
-515
-548
-542
-484
-368
-228
-74
53
144
209
247
264
266
252
243
241
251
279
305
325
341
335
316
276
214
152
107
95
100
127
139
165
178
168
139
92
54
3
-68
-145
-215
-267
-290
-300
-303
-309
-307
-285
-256
-228
-205
-187
-143
-91
-32
-4
4
10
26
44
41
18
-36
-86
-125
-147
-151
-161
-169
-180
-196
-197
-184
-155
-124
-95
-76
-68
-42
-6
50
95
119
130
127
130
136
143
145
146
135
144
158
191
222
249
282
308
343
365
363
343
313
295
278
273
273
274
279
272
260
229
192
140
81
5
-74
-154
-219
-263
-297
-319
-344
-372
-391
-401
-404
-383
-365
-348
-348
-359
-364
-374
-371
-346
-294
-215
-119
-42
1
24
36
55
64
48
26
-2
-14
-3
25
60
90
110
117
117
101
84
56
26
3
-14
2
19
45
43
23
-13
-74
-114
-131
-110
-58
-5
35
68
68
80
78
77
88
103
138
180
234
298
365
412
445
442
425
389
336
277
211
152
98
55
21
-1
-24
-46
-75
-103
-139
-188
-244
-316
-379
-424
-444
-433
-397
-335
-254
-171
-98
-42
-10
-1
-6
-20
-30
-22
-11
23
44
66
95
129
169
182
174
134
83
30
-5
-28
-50
-64
-75
-72
-63
-54
-57
-76
-118
-173
-221
-242
-224
-189
-149
-117
-83
-42
-4
23
19
5
0
8
41
80
129
170
210
243
266
263
241
205
162
125
97
89
100
121
141
150
147
128
106
74
41
5
-21
-38
-35
-22
2
26
39
41
20
-9
-53
-94
-136
-163
-173
-165
-126
-73
-2
60
98
114
87
49
-5
-58
-100
-133
-134
-123
-95
-72
-53
-45
-56
-80
-121
-160
-197
-216
-217
-203
-181
-154
-128
-103
-88
-79
-78
-77
-69
-48
-21
10
40
62
89
102
111
102
83
69
60
67
75
85
97
112
131
152
162
163
165
170
188
202
218
230
239
254
258
251
232
200
167
134
104
82
49
24
-4
-20
-31
-39
-46
-56
-62
-71
-88
-106
-120
-130
-131
-145
-161
-184
-199
-210
-220
-235
-264
-299
-338
-371
-388
-395
-388
-371
-352
-323
-300
-266
-229
-180
-116
-51
16
77
135
197
256
311
349
369
370
356
331
301
265
235
211
194
182
175
170
170
174
170
163
141
116
86
52
20
-9
-24
-24
-9
15
44
70
92
103
110
106
100
85
68
52
39
25
12
-11
-33
-61
-80
-103
-124
-147
-171
-186
-203
-217
-242
-268
-291
-306
-309
-306
-297
-280
-254
-221
-185
-150
-117
-87
-61
-37
-13
10
38
64
92
119
148
167
186
194
200
202
198
196
189
186
179
174
161
141
113
80
51
28
15
9
11
14
17
21
17
5
-16
-44
-64
-76
-70
-58
-44
-25
-6
21
44
57
54
39
21
4
-8
-18
-28
-39
-51
-57
-62
-67
-75
-89
-101
-107
-102
-87
-70
-54
-43
-41
-47
-62
-81
-98
-109
-104
-88
-59
-23
9
42
67
84
88
78
58
36
23
24
42
68
102
130
156
166
163
140
106
66
26
-7
-33
-41
-33
-10
21
50
70
73
63
37
-1
-42
-74
-90
-86
-62
-24
21
58
78
73
42
-3
-46
-77
-89
-84
-66
-36
-7
17
24
10
-23
-60
-94
-113
-117
-109
-90
-64
-33
-6
14
19
10
-2
-14
-21
-24
-20
-9
9
30
44
49
39
26
11
-1
-12
-22
-26
-27
-17
-10
-2
3
6
14
21
34
47
65
83
98
110
115
122
120
118
110
96
78
61
45
31
18
2
-14
-28
-42
-54
-66
-79
-91
-101
-103
-103
-102
-104
-110
-111
-109
-98
-85
-70
-54
-41
-23
-12
-1
5
11
14
15
14
11
8
5
5
7
9
16
23
33
43
55
66
74
79
74
62
44
23
7
-9
-16
-21
-23
-23
-23
-23
-25
-25
-25
-18
-10
1
9
19
32
42
54
62
68
71
73
72
69
65
61
56
46
32
17
-1
-15
-31
-42
-50
-56
-56
-55
-55
-62
-71
-83
-89
-93
-92
-85
-73
-54
-35
-18
-3
7
9
7
1
-3
-5
-4
2
10
20
30
37
40
40
38
33
24
14
7
3
7
15
25
35
40
39
33
22
8
-6
-18
-24
-23
-19
-8
1
10
13
12
6
-4
-9
-11
-8
-2
6
16
26
32
31
28
20
12
6
1
0
1
4
10
16
17
16
10
0
-12
-25
-39
-48
-52
-51
-46
-37
-28
-21
-18
-17
-17
-17
-18
-18
-19
-17
-14
-10
-3
1
5
4
2
-3
-7
-7
-5
0
8
16
21
24
22
19
12
5
1
-1
3
10
20
30
37
41
41
32
21
5
-8
-19
-25
-22
-15
-3
8
21
28
32
27
16
0
-14
-25
-30
-30
-25
-15
-3
13
24
31
28
22
10
0
-9
-16
-20
-19
-13
-5
7
10
15
11
7
0
-7
-15
-24
-30
-36
-37
-35
-28
-18
-4
6
13
19
23
26
24
22
15
10
4
4
5
6
6
4
3
1
0
-6
-11
-15
-14
-12
-8
-5
-3
1
3
3
1
-2
-7
-7
-8
-4
1
8
15
24
27
27
22
15
9
4
0
-6
-7
-10
-8
-5
-1
0
1
-3
-7
-12
-17
-20
-23
-22
-19
-12
-4
1
3
0
-4
-11
-14
-17
-17
-17
-11
-6
1
6
8
9
8
9
9
12
13
15
15
16
16
15
14
11
9
7
4
2
-1
-2
-5
-5
-4
-4
-3
-3
-3
-6
-8
-12
-14
-17
-16
-13
-9
-3
2
9
12
15
14
11
5
-1
-5
-8
-9
-7
-3
1
4
6
6
2
-2
-9
-12
-12
-9
-4
2
10
16
21
23
21
17
12
7
5
4
5
6
6
7
6
3
1
-2
-3
-5
-4
-3
0
0
2
1
2
-1
-1
-3
-6
-8
-8
-7
-5
-3
-1
0
-1
-3
-7
-11
-15
-18
-19
-20
-17
-15
-9
-6
-2
1
6
10
15
17
17
15
10
8
3
-1
-5
-6
-6
-2
2
5
7
7
5
0
-3
-7
-11
-14
-13
-11
-5
1
5
5
6
3
2
-1
-3
-3
-2
2
4
8
9
8
7
6
4
2
0
-1
-1
1
6
10
14
14
15
12
8
-1
-8
-17
-19
-19
-15
-8
-1
5
7
8
5
-1
-8
-15
-17
-15
-10
-3
5
8
13
12
11
6
-3
-10
-17
-18
-16
-11
-6
0
6
10
12
11
5
-1
-8
-11
-12
-11
-6
-3
3
8
12
12
11
7
3
-3
-8
-10
-10
-6
-1
7
12
20
23
25
22
18
13
9
7
7
10
10
13
14
16
16
15
11
7
0
-4
-7
-9
-10
-13
-13
-15
-17
-22
-23
-25
-25
-24
-22
-18
-16
-13
-11
-9
-8
-7
-4
-2
5
9
15
19
25
26
24
21
14
7
1
-1
-5
-5
-6
-5
-3
-1
-1
-3
-5
-10
-11
-13
-12
-13
-9
-6
0
3
6
5
4
1
-1
-1
-2
-2
-1
1
3
5
6
6
6
5
6
6
7
5
5
4
4
2
0
-1
-4
-5
-5
-5
-5
-4
-2
1
1
1
-2
-4
-6
-5
-7
-7
-6
-4
-1
1
4
5
4
4
5
6
6
4
5
5
7
8
8
8
5
5
4
3
2
-1
-3
-5
-5
-4
-4
-5
-4
-1
1
1
0
-4
-5
-7
-7
-7
-6
-5
-4
-2
-2
-1
-3
-4
-5
-3
-3
0
1
4
5
8
10
9
8
5
3
1
0
0
1
4
5
6
7
6
4
1
-3
-5
-5
-5
-4
-3
1
2
5
6
6
3
2
-1
-2
-4
-5
-6
-6
-4
-3
-2
-2
-2
-4
-3
-5
-6
-7
-6
-7
-5
-4
-2
-2
-2
-1
-1
-1
-1
0
2
5
7
10
11
11
10
9
6
4
1
0
-1
0
-2
-1
-1
0
0
0
-1
-2
-3
-5
-5
-5
-5
-4
-2
-1
0
2
3
5
6
6
7
6
4
2
-1
-3
-3
-4
-3
-2
-1
-1
-2
-4
-5
-8
-8
-9
-6
-4
-1
1
2
4
4
3
4
3
3
2
3
3
3
3
3
3
3
3
4
2
0
-2
-3
-5
-5
-4
-3
-1
0
2
2
2
2
-1
-1
-3
-2
-1
-1
0
2
3
4
5
5
4
2
0
-1
-3
-4
-5
-5
-4
-3
-1
-1
0
1
2
2
1
1
1
-1
-1
0
1
1
2
2
1
2
1
1
0
0
-1
-2
-3
-3
-4
-4
-4
-3
-2
-1
0
2
1
3
2
2
1
2
1
1
2
2
3
3
3
3
4
5
4
4
2
0
-1
-3
-3
-4
-4
-3
-2
-1
-1
-1
-1
-1
-2
-2
-3
-2
0
0
0
0
0
0
0
0
-1
1
0
0
0
1
1
2
1
2
1
0
-1
-2
-3
-4
-3
-2
-2
-2
-2
-2
-4
-4
-5
-5
-5
-3
-2
-1
-1
1
1
0
1
1
1
2
2
3
4
6
7
8
9
10
9
8
7
5
4
4
2
2
4
3
2
2
0
-1
-2
-2
-3
-3
-4
-3
-4
-5
-4
-4
-2
-2
-1
0
0
0
-1
-2
-3
-3
-4
-3
-3
-2
-1
0
-1
-1
-1
-1
-2
-1
-1
0
1
3
3
4
4
5
3
3
2
1
0
0
0
0
-1
-1
-1
-1
-1
-1
-1
-1
-1
-2
-1
-2
-1
-1
-1
0
0
0
-1
-2
-1
-1
-1
-2
-1
-1
0
0
0
1
1
1
2
1
1
1
1
2
2
2
1
2
0
1
-1
0
0
-1
-1
-1
-1
0
0
-1
-2
-2
-2
-2
-1
0
0
1
1
1
1
1
1
1
1
1
1
1
1
1
0
0
0
-1
0
-1
-1
-1
-1
-1
0
-1
0
0
-2
-2
-2
-3
-3
-3
-2
-2
-1
-1
-1
-1
-1
-1
-2
0
-1
0
1
1
2
3
3
3
1
2
2
2
2
3
4
4
3
4
3
3
2
1
0
1
1
0
0
0
0
-1
0
0
-1
-1
-2
-1
-3
-2
-2
-1
-1
0
0
1
0
0
0
0
-1
-1
-2
-1
-1
-1
-1
0
0
-1
-1
-1
0
0
-1
-2
-1
0
-1
0
0
0
0
1
1
-1
-1
-1
-2
-2
-2
-2
-3
-1
-2
-1
0
0
0
-1
0
0
1
0
1
2
2
2
2
3
1
1
1
0
1
0
0
0
0
0
-1
-2
-3
-3
-3
-4
-2
-3
-2
-2
-2
-2
-1
-1
0
1
0
3
4
4
4
5
5
5
4
4
4
4
3
3
3
3
3
2
2
1
0
-1
-2
-3
-3
-2
-2
-2
-2
-3
-2
-2
-2
-2
-2
-2
-2
-2
-2
-2
-2
-1
-1
-1
-1
1
0
0
0
0
-1
0
-1
-1
0
-1
0
1
1
1
0
0
0
0
0
1
0
1
0
1
1
1
1
1
1
1
0
1
2
2
2
2
2
2
2
1
1
1
1
1
0
0
0
-1
0
0
-1
-1
-2
-1
-3
-3
-3
-2
-2
-2
-2
-2
0
-1
0
0
0
0
-1
0
1
0
0
1
1
1
1
1
1
0
0
0
0
0
-1
0
0
0
-1
0
0
-1
-1
1
0
0
1
1
-1
-1
0
0
-1
-1
0
0
1
0
0
0
0
-1
-1
-2
-1
-2
-2
0
0
0
0
1
0
0
0
1
0
0
0
0
1
1
1
1
2
1
2
1
0
0
0
0
1
0
1
1
1
1
1
1
1
1
0
1
0
0
0
1
0
0
0
-1
-1
-1
-2
-1
-2
-2
0
-1
-1
-1
0
0
0
0
0
0
-1
0
1
1
1
1
1
1
0
0
-1
0
0
0
0
1
0
0
0
1
0
1
0
-1
-1
0
0
0
0
1
1
0
1
0
1
0
0
0
-1
-1
-1
0
-1
-1
0
0
0
0
0
0
-1
0
1
0
0
0
0
0
0
1
-1
1
2
0
0
1
0
-1
0
-1
-1
0
0
0
0
1
0
0
0
0
0
0
0
0
0
0
-1
0
-2
-1
-1
-1
-1
-1
0
0
0
0
0
0
0
1
0
0
1
1
1
1
1
0
1
1
0
1
0
0
0
-1
0
0
1
0
0
1
0
0
0
0
0
1
-1
1
0
0
0
1
1
0
0
0
0
0
0
0
1
0
1
1
-1
-1
0
0
0
0
0
0
0
0
0
0
0
-1
0
-1
0
0
0
0
0
0
1
0
-1
0
1
0
0
-1
0
0
0
0
0
-1
0
0
0
0
-1
0
0
0
0
0
0
0
0
0
0
0
0
0
0
-1
0
0
0
0
0
0
0
0
0
1
0
0
0
0
0
0
0
0
0
0
0
0
0
0
0
0
0
0
0
0
0
-1
0
0
0
0
0
0
0
0
0
0
0
0
0
1
0
0
0
0
0
1
0
1
0
0
0
1
1
0
0
0
-1
1
1
-1
0
0
0
0
0
0
0
0
0
0
0
0
0
0
0
0
-1
0
0
0
0
1
0
0
0
1
0
0
-1
-1
0
0
0
0
0
0
0
0
0
0
0
0
0
0
1
0
1
0
0
0
0
0
0
1
-1
0
1
-1
0
0
0
0
0
0
0
-1
0
0
0
-1
0
-1
0
0
0
0
0
-1
0
0
0
0
0
0
-1
0
0
0
0
0
0
0
0
-1
-1
1
0
0
0
0
1
0
0
1
0
0
-1
0
0
0
0
0
0
0
0
0
1
0
1
0
0
1
-1
1
0
0
0
-1
-1
0
0
0
-1
0
-1
0
0
0
-1
0
0
0
0
1
0
0
0
0
0
0
1
0
1
0
0
0
0
0
0
1
0
0
0
1
1
0
0
0
0
0
0
0
0
-1
1
0
0
0
0
0
0
0
1
0
0
-1
0
0
0
-1
-1
0
0
1
0
-1
0
0
0
0
0
0
-1
-1
0
0
-1
1
0
1
0
0
0
0
0
0
1
0
0
0
0
0
0
0
0
0
1
-1
0
0
0
0
0
0
0
0
0
0
0
0
0
0
0
0
-1
0
0
-1
0
0
-1
0
0
0
0
0
0
0
0
1
0
0
0
1
0
0
-1
-1
0
0
0
1
-1
0
0
0
-1
1
0
0
0
1
-1
0
0
0
0
0
0
0
0
0
0
0
-1
0
0
0
0
0
0
0
1
0
0
1
-1
0
0
-1
1
0
0
-1
0
0
0
0
0
0
0
0
0
0
0
-1
0
0
0
0
0
0
0
-1
0
0
0
-1
0
0
-1
-1
0
0
0
0
0
1
1
-1
0
-1
0
0
0
0
0
0
0
0
1
0
0
0
0
-1
0
0
0
1
0
0
0
0
0
1
1
0
0
0
0
0
-1
0
-1
1
0
1
0
0
1
0
0
1
0
0
0
0
-1
-1
1
0
0
0
-1
0
0
1
0
0
0
0
0
0
-1
1
0
0
-1
0
0
1
1
-1
0
0
0
0
0
0
0
0
0
-1
1
0
0
1
0
0
0
0
1
-1
0
0
0
0
-1
1
0
0
-1
0
0
0
0
0
-1
0
-1
1
0
0
1
0
0
0
0
0
0
0
0
-1
0
0
0
1
0
1
0
-1
0
0
-1
0
0
1
1
0
0
0
-1
-1
0
0
0
-1
0
0
1
0
1
0
0
1
0
0
1
0
0
0
0
0
0
0
0
0
0
0
-1
1
0
0
0
0
0
0
0
0
0
1
-1
0
-1
0
0
0
0
0
-1
0
0
0
0
0
0
0
0
0
0
0
0
0
-1
1
1
-1
0
0
0
0
0
0
0
0
0
0
0
0
0
0
0
0
0
0
0
0
0
0
-1
0
0
0
0
-1
0
-1
0
0
0
0
0
-1
0
0
-1
0
0
0
1
0
0
0
0
0
0
1
0
0
0
0
0
1
0
0
0
1
1
0
0
0
0
0
0
0
0
1
1
1
0
0
-1
0
0
0
-1
-1
0
0
0
0
0
0
0
0
0
0
0
0
0
0
0
0
0
0
0
0
0
1
1
1
0
-1
0
0
0
0
0
0
1
-1
-1
0
0
0
0
0
1
0
-1
0
0
0
0
0
0
0
0
-1
0
0
0
0
1
0
0
0
0
0
-1
1
1
0
0
0
0
1
0
0
0
0
0
0
0
0
0
0
0
0
1
0
0
0
0
0
0
1
0
0
0
0
0
0
0
0
1
0
1
0
-1
0
0
0
0
-1
0
0
0
0
0
0
-1
0
0
-1
0
0
0
-1
1
0
0
0
0
0
0
0
0
0
0
0
0
0
-1
0
-1
0
0
0
0
0
0
0
0
0
1
0
0
0
0
0
0
0
0
0
0
0
1
0
0
0
0
0
0
0
0
0
-1
0
0
1
0
0
0
0
0
0
0
1
0
0
0
0
0
0
-1
0
1
0
0
0
0
0
0
0
0
-1
0
0
0
0
0
0
0
0
1
0
-1
0
1
0
0
-1
0
0
0
0
-1
0
0
0
0
1
0
0
0
0
0
0
0
0
-1
0
0
0
0
0
0
0
0
0
1
0
0
0
0
0
1
0
0
1
0
1
-1
0
0
0
0
0
0
0
0
-1
0
-1
-1
0
0
0
0
0
0
0
0
0
0
-1
0
-1
0
0
0
0
0
0
-1
0
0
0
0
0
0
0
0
0
0
0
0
0
0
0
0
0
1
1
0
-1
0
0
0
0
0
0
0
0
0
0
0
0
0
0
0
0
1
0
0
0
0
0
1
0
0
0
0
0
0
0
-1
-1
0
0
0
0
0
-1
-1
0
0
0
-1
1
0
0
-1
0
0
0
0
0
0
0
0
0
0
0
0
0
0
0
0
1
0
0
-1
0
0
0
0
0
0
1
0
0
-1
-1
0
0
0
0
-1
0
0
0
0
0
1
0
0
1
0
1
0
0
0
0
0
0
-1
0
0
0
0
0
0
1
0
0
0
0
0
0
-1
-1
0
-1
0
0
0
0
0
0
0
0
0
0
0
0
0
0
-1
0
0
0
0
1
0
0
0
0
0
0
0
0
0
0
-1
1
-1
0
0
0
0
0
0
0
0
1
0
1
0
0
0
1
-1
0
0
0
0
0
0
0
0
0
0
-1
0
0
0
0
1
1
0
1
0
0
0
0
0
0
0
0
0
0
-1
-1
-1
-1
0
0
0
0
0
-1
0
0
0
0
0
-1
0
-1
0
1
0
0
1
0
0
-1
0
-1
0
0
0
-1
0
1
-1
0
0
0
0
-1
0
1
0
-1
1
1
0
1
-1
0
0
1
0
0
-1
1
0
0
1
0
0
0
0
1
0
0
0
0
1
0
-1
0
-1
0
1
0
1
-1
0
1
0
0
0
0
0
-1
0
0
0
0
0
0
0
0
0
0
-1
0
1
0
1
0
-1
0
0
1
0
0
0
0
0
0
-1
0
-1
0
0
0
0
0
0
0
1
0
1
0
0
0
0
0
-1
0
0
0
0
0
-1
0
0
0
0
0
0
1
0
0
0
0
1
0
0
0
0
0
0
0
0
0
-1
0
1
0
0
0
0
0
0
0
0
0
0
0
0
0
0
0
-1
1
0
0
0
-1
0
0
0
1
0
0
0
-1
0
0
0
0
1
1
0
1
0
0
-1
0
-1
0
0
0
0
0
0
0
0
0
0
0
0
0
1
0
0
0
0
0
0
0
0
0
0
0
0
0
0
0
0
0
0
1
0
0
0
1
0
0
0
0
0
0
0
0
1
1
0
0
1
0
0
0
0
0
1
0
0
-1
1
0
-1
-1
0
0
0
0
0
1
0
1
0
0
0
1
0
-1
0
-1
0
0
-1
0
0
0
-1
0
0
0
0
0
0
0
0
1
-1
0
0
0
0
-1
0
0
0
0
0
1
0
0
0
0
0
0
0
0
1
1
0
0
0
0
0
0
0
0
0
1
0
-1
0
0
0
0
0
0
0
0
0
0
1
0
1
1
1
0
0
0
0
0
0
0
0
0
0
0
0
-1
0
0
0
-1
0
-1
0
0
0
0
0
0
0
-1
1
0
1
0
0
0
0
1
1
0
-1
0
1
-1
0
0
0
0
0
0
0
0
0
0
0
0
0
1
-1
0
0
0
0
0
0
0
-1
0
-1
0
0
0
0
0
-1
0
1
0
0
0
1
0
0
0
0
0
0
0
0
0
0
0
0
0
0
1
0
1
0
-1
-1
-1
0
0
0
0
0
0
0
-1
0
0
1
-1
0
1
0
0
0
0
0
0
0
-1
0
0
0
0
0
0
0
0
0
0
0
0
0
0
0
0
0
0
0
0
0
0
1
0
1
0
0
0
1
0
0
-1
1
0
-1
0
0
-1
0
0
0
0
-1
0
0
0
0
1
0
0
0
1
0
0
1
-1
0
0
0
0
0
0
-1
0
1
0
0
0
1
-1
0
0
0
-1
0
0
0
-1
0
1
0
-1
