-1
0
0
0
1
0
-1
0
-1
-1
0
0
1
0
0
0
1
1
0
0
1
1
-1
0
-1
0
0
0
1
0
0
0
0
-1
0
0
-1
0
0
-1
-1
1
0
0
0
0
-1
0
1
0
0
0
-1
1
0
1
0
1
-1
0
0
0
-1
0
0
0
0
0
0
0
0
0
0
0
0
0
0
0
0
0
1
0
0
0
0
1
0
0
0
0
0
0
0
0
-1
0
0
0
0
0
0
0
0
0
0
0
1
0
0
0
0
-1
0
0
1
0
0
0
0
0
-1
0
0
0
0
0
0
-1
0
0
-1
0
0
0
-1
0
0
0
0
-1
0
0
0
0
0
0
0
0
0
0
0
0
0
0
0
-1
0
0
0
-1
0
-1
0
-1
0
0
0
0
1
0
0
0
-1
-1
1
0
0
0
0
0
0
0
0
0
0
0
0
1
-1
0
0
0
-1
0
-1
0
0
0
0
-1
0
0
0
0
0
0
0
0
0
0
0
0
1
0
1
1
0
1
0
0
0
0
0
1
0
1
0
0
0
0
0
0
-1
0
0
0
0
-1
0
0
0
0
-1
-1
1
0
0
1
0
0
1
0
0
0
-1
1
0
0
0
0
0
0
-1
0
0
0
0
0
0
0
0
-1
0
0
0
0
0
0
0
0
0
0
0
-1
0
-1
0
-1
0
0
0
0
0
-1
0
-1
1
0
0
0
0
0
-1
0
-1
0
-1
0
0
0
0
-1
0
-1
0
1
0
0
0
0
0
0
1
0
0
0
0
0
0
-1
0
0
0
0
0
0
0
0
1
0
1
1
0
0
0
0
0
0
0
0
0
0
1
0
1
0
0
0
0
0
0
0
0
0
0
0
0
0
1
1
0
0
0
0
-1
0
0
0
0
0
0
0
0
0
0
0
0
0
0
0
0
-1
0
0
0
0
0
0
0
0
0
-1
0
1
0
0
0
0
0
0
0
-1
1
0
0
0
1
0
1
0
0
0
0
0
0
0
-1
0
1
0
0
0
1
0
0
0
0
-1
1
1
0
0
1
0
0
0
0
0
0
0
0
-1
0
0
0
0
1
0
0
0
0
0
0
-1
-1
1
0
0
1
0
0
-1
0
-1
1
0
1
0
0
0
0
1
-1
0
0
0
0
0
0
0
0
0
0
0
0
0
0
-1
0
0
0
0
1
0
0
0
0
0
0
0
0
-1
0
0
0
-1
0
0
1
0
-1
0
0
0
0
1
1
1
0
0
-1
0
0
-1
0
0
0
0
-1
0
0
0
0
1
0
1
0
0
0
0
0
1
0
0
0
0
0
0
0
-1
1
-1
0
-1
0
0
0
0
-1
0
0
0
0
0
0
0
0
0
1
0
0
0
0
0
0
0
0
0
0
0
0
0
0
-1
0
0
0
1
0
0
0
0
-1
0
-1
0
1
0
0
1
0
0
0
0
0
0
0
0
0
0
1
-1
0
-1
0
0
-1
0
0
0
0
-1
0
0
0
0
0
1
0
0
0
0
0
0
0
-1
0
0
0
0
0
0
-1
0
0
0
0
0
0
-1
0
-1
0
-1
0
0
1
0
0
0
0
0
0
0
0
0
0
0
0
1
0
0
0
0
1
0
-1
0
1
0
0
0
0
0
0
0
-1
-1
0
0
0
1
0
-1
0
0
-1
0
0
0
-1
0
0
1
0
0
0
0
0
0
1
-1
0
0
0
1
0
0
0
1
1
0
0
0
0
0
0
1
0
1
0
0
0
1
0
0
0
-1
1
1
0
-1
0
0
0
0
0
0
0
0
0
0
0
1
0
1
0
0
0
0
0
-1
0
1
0
0
-1
0
-1
0
0
-1
0
0
0
0
0
0
0
0
0
0
0
0
0
0
0
0
0
0
0
0
0
0
0
0
0
0
0
0
0
0
0
0
0
-1
0
0
0
0
0
0
0
-1
0
0
1
0
0
0
0
0
0
0
0
0
0
0
0
0
0
0
0
0
0
0
1
-1
0
0
0
0
0
0
0
1
0
0
0
0
0
-1
0
0
0
0
0
0
0
0
0
0
-1
-1
-1
-1
0
-1
0
0
0
0
0
0
-1
-1
0
-1
0
0
0
-1
0
0
0
0
0
0
0
1
0
0
0
0
0
0
0
0
0
0
1
1
0
0
0
0
0
0
0
0
0
0
0
1
0
0
0
0
-1
1
1
-1
0
1
-1
0
0
0
0
0
0
0
0
1
0
-1
1
-1
0
1
1
0
0
2
-1
0
2
-1
0
1
-1
0
1
-1
-2
1
1
-1
0
2
1
-2
0
2
0
-1
0
1
0
-2
1
0
-1
1
0
0
0
1
-1
-1
3
-1
-1
3
-1
-2
2
1
-1
0
2
-3
3
1
-4
2
3
-1
-4
6
-2
-4
2
2
-3
0
2
-2
1
2
-3
-2
5
-2
-4
2
6
-7
-3
8
0
-8
2
8
-4
-3
1
5
-4
-5
4
4
-6
-3
9
-1
-6
4
3
-3
0
1
2
-3
2
1
0
0
1
0
-4
2
3
-3
-5
7
3
-9
1
9
-4
-8
8
5
-7
-3
7
2
-6
-2
6
0
-5
0
7
-3
-5
6
-1
-2
0
3
-1
-1
3
1
-3
2
2
-1
-3
3
4
-9
5
1
-1
0
-2
4
0
-5
-3
11
-5
-12
14
5
-20
9
12
-16
-1
15
-8
-10
15
-5
-8
9
-2
-4
0
7
-7
-3
10
-2
-7
1
11
-6
-8
10
2
-10
4
4
-2
-3
1
3
-6
7
-2
-3
-2
11
-5
-15
18
1
-12
-5
17
0
-16
3
11
5
-20
-1
24
-10
-20
13
13
-11
-9
7
6
-1
-9
-4
17
2
-19
0
18
4
-27
2
28
-3
-32
6
41
-22
-32
24
30
-30
-26
39
13
-34
-11
39
-2
-30
6
23
-2
-26
10
20
-11
-19
17
12
-19
-1
10
0
-6
-3
4
7
-9
-6
15
-1
-17
11
15
-18
-11
22
5
-31
12
26
-24
-14
24
6
-20
-4
18
7
-24
7
7
8
-17
-8
26
-6
-17
-1
37
-32
-14
35
-1
-32
11
33
-31
-19
39
-1
-38
15
30
-18
-31
26
37
-51
-18
64
-12
-55
24
60
-58
-29
69
-4
-58
20
48
-36
-34
58
-7
-40
21
27
-26
-23
43
2
-46
24
24
-21
-26
42
0
-34
9
26
-8
-36
37
8
-40
23
17
-33
13
12
-3
-22
24
-7
1
-9
14
-13
6
14
-30
15
8
-6
-11
13
-6
10
-15
-2
24
-18
-6
15
-18
23
-16
-11
15
17
-33
3
18
5
-21
-4
26
-2
-22
-2
48
-52
19
1
2
1
-15
10
6
5
-30
16
22
-31
4
14
-8
5
-21
36
-29
3
25
-28
-3
28
-9
-29
22
25
-29
-27
56
-10
-42
36
7
-27
10
24
-38
10
27
-13
-36
46
3
-46
32
6
-16
0
11
-2
-19
37
-25
-29
76
-51
-19
53
-27
-16
38
-31
7
10
-9
-2
2
8
-15
15
-4
-22
36
-6
-42
52
-22
-3
-3
1
22
-31
14
2
2
-12
19
-21
11
5
-3
-12
18
-14
-1
22
-23
1
9
-7
26
-47
15
40
-54
40
-43
46
-12
-43
57
-10
-34
16
19
8
-66
48
28
-55
23
-16
39
-26
-24
44
-23
-3
16
-18
13
0
-13
12
6
-22
11
25
-40
-4
62
-59
-5
41
-8
-32
18
29
-57
43
-5
-23
24
-10
-4
21
-33
18
23
-41
1
52
-39
-27
59
-22
-21
24
-1
-29
50
-40
6
30
-45
20
37
-56
-1
61
-48
-2
14
12
-29
16
15
-36
33
-28
32
-23
-31
106
-123
38
74
-86
7
24
29
-62
27
13
-16
17
-42
57
-33
-14
43
-38
12
10
-12
-16
31
2
-47
33
20
-35
28
-45
46
30
-114
90
11
-44
-22
75
-41
-18
28
-15
34
-61
55
-36
31
-20
-7
24
-25
20
2
-27
11
30
-17
-37
33
40
-66
-4
56
-15
-32
0
45
-18
-22
-2
41
-25
-15
22
-3
7
-31
26
21
-38
-13
46
3
-42
-5
47
-3
-41
-2
61
-36
-38
55
-10
-7
-14
2
38
-32
12
-45
68
-4
-48
8
32
0
-27
5
-1
40
-57
13
38
-27
-36
61
1
-65
43
22
-39
-3
65
-99
65
9
-42
16
8
-1
-16
31
-35
14
11
-9
-5
-4
17
-4
-16
-4
60
-81
35
15
-11
-19
14
31
-69
67
-37
5
-3
25
-22
-20
58
-51
26
-25
24
16
-54
35
18
-28
-7
32
-28
29
-41
20
28
-49
19
5
30
-84
78
-15
-16
-25
69
-34
-41
47
42
-106
50
49
-72
23
7
24
-60
37
23
-56
35
13
-48
57
-24
-50
87
-36
-43
67
-34
-7
22
-7
-26
45
-25
-9
28
-31
21
3
-30
35
-34
49
-23
-54
82
-33
4
-44
67
-19
-25
27
-45
80
-64
2
44
-43
-5
59
-61
10
20
-8
1
-14
26
-43
51
-35
27
-44
36
5
-25
-12
44
-1
-79
101
-52
-7
21
-4
-16
12
21
-33
0
15
13
-35
21
16
-56
60
-19
3
-37
37
40
-99
58
27
-60
44
-20
3
-6
29
-10
-57
82
-29
-14
6
5
0
13
-25
-22
89
-69
-16
49
0
-33
-3
30
11
-40
-25
74
-2
-76
37
27
-6
-66
100
-49
-51
100
-52
-1
-28
64
-24
-52
96
-90
42
-20
50
-44
-34
84
-8
-110
98
35
-114
73
-21
55
-101
46
34
-20
-16
-24
91
-100
40
43
-85
67
-9
-37
17
27
9
-84
61
24
-27
-28
-17
127
-126
6
60
-5
-38
-15
54
-5
-36
1
59
-61
-4
51
-20
-21
12
34
-75
56
39
-117
97
-42
40
-57
58
-71
75
-3
-74
42
14
17
-29
-60
95
18
-109
21
101
-56
-58
37
40
14
-109
67
19
18
-80
27
33
21
-93
81
-22
-28
25
42
-77
-8
104
-59
-46
1
143
-131
-44
127
-48
10
-100
148
-34
-116
134
-53
20
-66
89
-53
-8
46
-29
-3
-27
102
-97
9
12
50
-60
-1
8
46
-35
-60
96
8
-110
52
80
-94
-30
117
-47
-67
46
69
-79
-31
86
-26
-11
-84
176
-110
-11
0
66
-7
-118
138
-62
21
-35
38
-20
33
-85
78
32
-117
70
10
10
-91
112
-30
-58
27
82
-114
30
40
-20
-36
45
16
-87
75
16
-59
-17
100
-62
-39
80
-53
12
8
20
-75
71
15
-69
0
69
9
-130
112
-19
24
-84
53
39
-87
102
-97
14
93
-72
-45
76
31
-101
11
131
-152
53
38
-50
17
9
-1
-50
86
-25
-70
56
60
-108
28
40
15
-108
111
-23
-46
32
-6
37
-87
93
-67
44
-49
68
-51
-8
62
-87
56
7
-9
-53
38
58
-66
-26
43
46
-86
18
20
49
-131
121
-33
-9
-52
97
-14
-98
88
27
-83
-6
114
-63
-96
137
-5
-84
-18
144
-84
-69
83
20
-39
-43
90
-71
42
-8
-40
60
-26
-22
16
52
-97
40
54
-45
-53
100
-37
-66
113
-58
-41
64
1
-59
41
9
-5
-43
38
30
-89
83
-21
-42
61
-53
52
-49
13
40
-42
-19
46
-4
-12
-42
58
43
-143
79
58
-16
-163
166
54
-182
51
119
-80
-81
83
81
-101
-89
180
-54
-37
-35
93
-25
-47
10
31
49
-140
75
93
-170
80
35
-2
-111
90
74
-178
120
12
-85
63
-28
52
-88
43
65
-112
27
81
-43
-83
96
2
-27
-37
23
82
-94
-17
56
9
-16
-52
41
76
-125
-22
174
-71
-132
104
79
-105
-27
66
10
3
-104
68
78
-69
-83
120
-3
-48
-32
53
60
-102
-34
122
16
-189
136
37
-65
-46
63
74
-167
84
53
-73
21
-21
47
-18
-16
-31
86
-37
-50
30
80
-129
30
115
-127
9
50
35
-144
137
-28
-47
54
-60
72
-36
-18
42
-43
37
-41
55
-44
27
-70
108
-41
-70
97
-43
-34
73
-38
-50
107
-62
-46
69
3
-23
-31
23
53
-74
9
21
19
8
-132
188
-92
-51
112
-69
1
0
48
-49
-10
35
8
-12
-60
69
63
-188
121
62
-110
2
62
-42
17
53
-142
106
44
-124
24
137
-151
22
45
36
-120
50
118
-131
-98
271
-117
-125
76
150
-169
-22
127
-28
-126
151
-44
-54
71
-49
43
-71
89
-60
33
-31
1
32
6
-79
68
33
-87
0
119
-104
1
-2
105
-108
-15
84
-35
-5
-54
139
-101
-71
192
-128
-4
29
38
-66
27
32
-122
202
-186
91
-5
-16
-20
3
113
-138
-28
143
-8
-193
201
-40
-83
58
49
-93
5
127
-150
40
55
5
-164
200
-51
-61
11
17
102
-220
183
-51
-7
-41
48
55
-138
119
-103
173
-220
105
106
-197
70
111
-87
-128
258
-167
14
34
-12
29
-59
12
66
-54
-37
82
-52
13
21
-43
-8
115
-148
44
134
-239
164
-2
-19
-115
147
38
-197
102
100
-87
-143
307
-223
13
80
-33
28
-133
195
-93
-48
36
78
-131
95
-16
-79
155
-172
99
13
-28
-77
145
-85
-47
152
-185
157
-72
-53
103
-13
-34
-106
239
-163
6
52
-26
5
-18
14
72
-142
38
110
-51
-122
108
129
-290
164
88
-146
-7
70
73
-181
90
61
-82
-9
51
14
-74
51
-12
-25
83
-94
22
43
-60
73
-84
98
-135
169
-138
19
82
-22
-113
84
125
-280
194
13
-59
-93
180
-67
-87
106
-39
45
-119
101
19
-81
67
-71
52
21
-39
-27
37
33
-61
21
10
-23
44
-42
17
4
-46
78
-12
-37
-81
200
-118
-50
135
-108
-26
158
-100
-112
206
-19
-250
229
99
-279
22
324
-277
-45
171
-32
-38
-73
135
-11
-106
67
-3
54
-116
65
-1
48
-116
35
133
-193
150
-125
116
-27
-127
142
51
-191
73
99
-86
-37
118
-128
67
68
-218
220
-21
-178
171
-22
-73
67
1
-79
113
-83
-3
83
-33
-78
70
49
-162
205
-144
16
53
-40
35
-56
-14
110
-25
-162
166
13
-104
-21
174
-144
-16
115
-110
76
-58
64
-33
-56
150
-182
118
-16
-26
13
-15
52
-119
128
-33
-54
57
-10
-59
118
-109
12
125
-148
-28
209
-168
-35
116
-9
-35
-39
51
62
-121
3
189
-218
-25
203
-113
-58
54
112
-144
-7
112
-19
-87
37
16
50
-146
142
-7
-158
229
-205
160
-110
68
-68
46
24
-108
141
-79
8
-1
49
-76
1
73
-18
-94
84
49
-77
-6
63
-33
-93
154
-94
26
-29
48
53
-151
149
-64
-53
14
136
-170
12
178
-261
184
-19
-89
85
49
-146
73
106
-193
113
-45
40
35
-173
141
-26
10
4
-17
16
-8
68
-203
198
11
-155
35
83
21
-197
218
-133
80
-14
-28
45
-27
-19
4
7
16
-48
29
62
-135
68
106
-204
78
145
-161
-52
175
-24
-131
100
-7
-4
-52
48
25
-7
-162
209
-28
-169
115
85
-40
-198
286
-53
-276
290
12
-180
-2
199
-113
-131
261
-203
92
5
-27
9
-3
1
-66
119
-118
10
115
-82
-88
158
8
-138
154
-108
101
-87
-31
112
-70
-106
166
-10
-154
154
24
-123
40
93
-198
157
-47
-73
144
-22
-55
15
26
-59
86
-98
-7
141
-162
4
212
-132
-163
231
-51
-91
76
32
11
-77
-47
102
47
-145
63
163
-347
224
54
-197
36
199
-160
-163
319
-126
-46
-6
145
-77
-102
107
75
-185
50
180
-209
60
81
-78
-40
52
69
-201
190
-54
-104
149
-109
38
46
-75
45
-60
175
-182
67
-5
-69
163
-140
55
64
-142
115
-41
98
-179
53
57
17
-150
89
131
-273
209
-40
-27
-92
213
-189
-42
364
-423
173
135
-115
-155
229
35
-339
305
-86
42
-173
145
65
-187
106
30
-11
-171
287
-145
-97
188
-84
7
-56
99
-86
64
-178
279
-137
-95
111
136
-272
54
291
-351
138
-26
72
-134
125
-22
-32
86
-230
229
-94
26
-29
25
41
-96
81
-82
100
-114
124
-88
-17
93
-81
44
-20
67
-118
101
-14
-39
-19
109
-116
50
24
-17
-74
161
-204
100
80
-143
50
-3
83
-139
114
0
-149
126
23
-138
27
164
-118
-87
207
-80
-43
49
40
-43
-73
172
-210
77
100
-161
76
52
-42
-101
184
-123
-4
62
-14
57
-207
221
-118
-16
22
38
-22
-6
-22
112
-153
76
64
-131
106
-25
37
-94
136
-115
-7
67
-78
110
-168
165
-68
22
-163
157
124
-309
161
122
-183
-38
314
-235
-9
114
-84
82
-159
179
-152
73
-15
2
-86
122
-5
-145
180
-39
-57
-52
212
-216
12
112
-17
-31
-47
118
-60
-34
24
59
-59
-10
36
-13
85
-216
157
35
-222
256
-79
-160
172
26
-214
158
94
-185
48
184
-237
157
-80
54
-52
14
47
-83
55
-59
23
-47
113
-41
-97
103
-15
-26
79
-124
110
41
-235
243
15
-200
47
162
-77
-205
239
-50
-5
-153
218
-128
73
-64
-9
119
-177
228
-274
235
-81
-146
199
-80
-55
77
-20
-2
128
-125
43
88
-146
118
57
-237
219
-58
-200
236
-39
-210
102
134
-235
6
218
-242
81
26
67
-118
72
122
-111
138
-195
299
-194
4
44
20
-24
-104
97
-21
-45
-45
45
13
39
-154
28
138
-159
-62
157
-36
-98
75
-157
253
-146
-51
177
135
-225
3
447
-533
319
-9
-103
58
14
-25
-97
100
-152
110
-51
-89
145
-149
43
-35
82
-96
-56
163
-138
84
-88
41
106
-147
160
-49
-38
97
-20
47
-121
149
-76
-62
79
26
-101
23
159
-116
-102
186
-83
-134
164
2
-126
1
92
-13
-143
75
79
-206
151
12
-2
-28
23
34
-42
65
-18
-5
59
-46
3
-14
56
-95
-137
220
-81
-105
166
-72
-118
213
-105
-48
139
-60
-40
166
-45
22
-7
-27
14
-56
55
-82
42
-52
-52
-24
83
-85
-57
88
-51
-11
7
112
-79
66
19
37
-15
89
1
-1
-1
45
54
-184
149
-61
-115
84
-99
141
-294
156
96
-146
-100
143
-46
-173
185
58
-118
58
93
-42
-19
37
75
-149
122
-70
-21
57
-54
-3
-1
71
-89
-51
173
-190
102
-103
75
-68
-17
97
-171
191
-117
8
109
-10
6
-13
102
-73
-49
75
-49
-32
-50
59
28
-132
117
-2
-60
60
-16
99
-17
57
-74
-1
87
-130
30
160
-100
55
-102
184
-218
78
39
-85
105
-105
165
-130
18
5
-127
-41
70
-153
73
-19
-12
34
1
13
-103
274
-211
61
105
-39
-10
-35
42
-11
98
-120
126
-27
-8
93
54
28
-165
228
-198
36
-83
-71
17
-77
51
-112
49
37
-97
-37
156
-179
274
-182
63
96
-88
64
-23
205
-419
382
-136
-154
123
-45
42
-82
221
-224
195
-72
3
151
-116
-19
93
-111
-103
107
-221
96
-77
-65
115
-154
35
36
55
-151
259
27
-222
403
-229
124
12
71
-75
52
106
-112
180
-169
-27
185
-203
-23
26
-96
-46
43
79
-215
170
-84
-208
168
-48
-134
224
-92
138
-2
33
137
-181
189
118
-179
175
18
-33
-119
193
-258
90
42
-174
74
80
-204
63
25
-208
105
-39
78
-119
241
-186
49
96
-120
198
-218
74
133
-143
-82
-52
83
-319
81
163
-188
-68
31
-69
-103
29
-68
-212
74
107
-213
65
-135
177
93
-90
362
-71
187
-209
480
-169
-236
306
-173
121
-422
106
-182
34
-325
14
283
-442
414
-199
41
31
-11
39
-117
289
-309
312
133
-209
-38
141
196
-298
466
35
-136
165
51
-127
43
-80
110
67
-120
112
47
-256
12
161
-223
-3
139
-13
58
1
69
-94
256
-193
262
50
22
323
21
115
-146
295
-94
-19
137
-324
-194
-226
-416
-380
-173
-405
-328
-94
-351
-272
5
-210
-90
113
37
375
90
486
85
588
381
89
343
73
366
26
28
36
-405
-264
-398
-164
-420
-539
-115
-328
-400
-335
-143
-85
-304
254
204
194
290
-21
477
37
169
166
296
210
87
436
148
217
24
-40
248
-134
-3
172
191
16
65
202
-77
45
46
-117
165
137
53
323
259
46
122
328
244
300
328
392
433
252
197
296
-180
-21
-6
-196
-141
-117
-359
41
-229
-452
-5
-300
-381
-42
-110
-286
-141
-116
-323
-266
-172
-221
-125
-183
-155
-167
-222
-256
-370
-372
-286
-388
-374
-225
-448
-490
-330
-578
-390
-251
-428
-408
-63
-266
-272
52
-152
-120
-63
19
15
-51
-35
-80
-48
-121
-89
102
-77
134
159
167
386
281
334
420
501
555
654
678
732
799
833
867
974
944
901
1017
923
963
976
864
850
780
878
725
632
581
503
492
276
466
345
219
363
217
207
121
180
36
-43
180
-138
15
-26
-195
-119
-97
-152
-303
-267
-428
-457
-576
-672
-596
-718
-662
-762
-669
-797
-961
-823
-1060
-1132
-1071
-980
-1192
-1109
-1034
-1292
-1153
-1274
-1374
-1298
-1461
-1676
-1576
-1718
-1860
-1886
-1833
-1933
-2034
-1857
-1939
-1964
-1951
-1542
-1247
-870
-252
172
678
916
1320
1682
2067
2298
2484
2920
3127
3284
3284
3385
3208
3003
2854
2836
2653
2389
2206
1827
1502
1111
784
476
270
104
32
-13
-182
-322
-621
-847
-780
-700
-549
-405
-205
-56
50
80
87
129
244
431
673
889
1017
877
720
690
525
334
229
324
248
307
179
-98
-279
-550
-530
-636
-612
-568
-586
-579
-633
-801
-1082
-1203
-1286
-1363
-1359
-1291
-1495
-1577
-1745
-1941
-2255
-2448
-2402
-2687
-2790
-2912
-2973
-3358
-3754
-3951
-4027
-4025
-3573
-2712
-1801
-1266
-530
50
539
1152
1736
2618
2889
3777
4428
4961
5159
5018
4950
4493
4410
4132
3980
3586
3041
2444
1602
836
7
-528
-1022
-1340
-1529
-1626
-1795
-2266
-2542
-2647
-2468
-2145
-1572
-853
-374
51
396
639
833
1008
1433
1926
2343
2693
2864
2720
2401
2080
1866
1769
1587
1480
1292
1067
832
327
-118
-591
-807
-750
-680
-549
-668
-717
-854
-879
-775
-764
-742
-658
-411
-226
-357
-581
-951
-1275
-1453
-1432
-1523
-1755
-2064
-2477
-2859
-3190
-3484
-3860
-4136
-4222
-4215
-4397
-4575
-4812
-5089
-5319
-5311
-5219
-4317
-2317
-400
433
576
1649
2966
4139
4537
5052
5719
6449
7659
8336
8234
7167
6542
6010
5432
4784
4347
3836
2433
949
-252
-1046
-2240
-3412
-4203
-4352
-3882
-3486
-3576
-4260
-4902
-4985
-4275
-3002
-1480
-267
833
1752
2907
3354
3360
3250
3790
4829
5467
5981
5678
4971
3718
2796
2319
1810
1192
627
448
187
-386
-1295
-2327
-3118
-3327
-2655
-1677
-1151
-1289
-1570
-1418
-1050
-829
-1031
-1073
-629
116
698
444
-403
-1380
-1970
-2057
-2000
-2005
-2577
-3319
-3976
-4477
-4867
-5728
-6185
-6501
-6181
-5871
-5665
-5997
-6613
-6931
-7060
-6922
-6718
-3686
-286
2365
2049
2289
4292
6221
7477
7138
8006
8431
10517
11851
11892
9667
7406
6877
6148
5417
4235
3978
2677
410
-1825
-3120
-3925
-5401
-6636
-7149
-5884
-4258
-3352
-4103
-5596
-6121
-4866
-2404
-394
1158
2416
4365
5866
6595
6474
6343
6197
6894
8430
9183
8088
5787
4230
2877
1491
123
-455
-941
-1769
-2202
-2336
-2879
-4304
-5245
-5070
-3909
-2355
-1044
-587
-1096
-1200
-305
798
857
320
296
1089
1893
1658
370
-1262
-2263
-2451
-2431
-2800
-3705
-4987
-6165
-6684
-7022
-7568
-8134
-8326
-7909
-7451
-7039
-7274
-7867
-8160
-8023
-7212
-6681
-3600
800
4238
4144
3524
5713
8145
9984
9488
9937
10287
12000
13448
13074
10409
6887
5701
5000
4437
3010
2066
519
-1924
-4359
-6117
-6711
-7554
-8273
-8556
-7047
-4719
-3197
-3362
-4669
-5078
-3662
-482
2423
4563
5547
6551
7349
8197
8711
8301
7302
7081
8615
9246
7614
4564
2536
1042
-508
-1503
-1818
-2458
-3855
-4256
-3732
-3534
-4276
-4710
-4132
-2961
-1296
302
866
273
54
1222
2973
3433
2408
1283
1148
1530
1428
184
-1549
-2726
-2870
-2917
-3604
-5230
-7001
-8252
-8460
-7706
-7331
-7719
-8622
-8258
-7777
-7323
-7557
-7509
-7623
-7315
-6433
-4835
-1212
2613
5305
4481
4765
7028
10305
11328
10369
9867
10145
12029
12897
11781
7869
4470
3225
2891
2150
357
-1072
-2947
-4845
-6660
-7670
-8208
-8847
-9045
-8439
-5826
-3008
-1057
-1280
-1894
-1759
315
3372
5988
7489
8073
9087
9598
9518
8259
6848
5348
4887
5517
5670
3938
860
-1086
-1966
-2775
-3989
-4421
-4228
-3979
-3421
-2490
-1824
-2220
-2368
-1525
135
1627
2501
2824
2570
2704
3599
4348
3535
1446
-162
-459
-148
-636
-2214
-4115
-5142
-5269
-5509
-6590
-8431
-9625
-9510
-8227
-6905
-6069
-6126
-6518
-6427
-5706
-5221
-5275
-5147
-4864
-4306
-3966
-2126
1397
4688
5230
4135
4984
7590
10133
10009
8774
7667
8213
9544
9893
7853
4382
2202
1565
1452
326
-1035
-2353
-3596
-5080
-6269
-6493
-6255
-6229
-6294
-5124
-2480
438
1799
1383
641
1065
3008
5386
7032
7533
7889
8352
8631
7622
5510
3253
1797
1824
2521
2513
618
-1414
-2549
-2690
-3163
-3809
-3840
-3197
-1945
-592
638
849
180
-221
433
1645
2576
2945
2715
2383
2525
3106
2610
516
-2103
-3372
-2994
-2314
-2614
-4053
-5482
-6086
-5867
-6091
-7040
-8053
-7929
-6645
-5007
-3689
-3429
-3920
-4433
-4101
-3414
-3273
-3686
-3806
-3519
-3412
-3545
-2429
476
3226
3798
2848
3501
5840
7875
7686
6326
5487
6028
7382
7641
5916
3212
1669
1526
1528
539
-732
-1531
-2295
-3571
-4817
-5086
-4568
-4126
-4016
-3087
-904
1529
2670
2204
1430
1679
3278
5348
6844
7349
7659
7876
7548
6053
3947
1820
471
619
1215
1056
-499
-1981
-2735
-3095
-3658
-3859
-3233
-2107
-688
666
1528
1287
622
240
534
1361
2280
2880
2740
2358
1919
1614
614
-1194
-3161
-3988
-3242
-2355
-2488
-3914
-5286
-6104
-6403
-6680
-7029
-7212
-6629
-5390
-4246
-3962
-4255
-4815
-5120
-5257
-4980
-4684
-4578
-4604
-3286
274
3884
5324
4429
4336
5518
7252
7823
7686
7289
7443
8090
7988
6052
2772
443
-216
-141
-169
-654
-1320
-2496
-3925
-5114
-5420
-4943
-4387
-3629
-2101
762
3554
4755
3813
2527
2642
4431
6423
7521
7674
7776
8060
7499
5336
1892
-1007
-2257
-1678
-965
-1192
-2468
-3799
-4396
-4591
-4536
-4245
-3182
-1590
237
1981
3267
3567
2852
2062
1899
2611
3492
3876
3448
2563
1977
1487
255
-2208
-4710
-5806
-5228
-4175
-4037
-5094
-6633
-7614
-7906
-7780
-7714
-7438
-6429
-4808
-3413
-2558
-2564
-3132
-3897
-3840
-3195
-3136
-3532
-4153
-2245
1521
5080
5060
3385
3252
4889
6468
6204
5418
4878
5776
6823
6617
4052
1006
-630
-831
-526
-441
-227
-524
-1422
-2851
-3580
-3062
-2151
-1653
-1464
244
3380
6363
6605
4714
3062
3198
4810
6070
6581
6443
6779
6661
5538
2857
-359
-2694
-3148
-2023
-1053
-1046
-1979
-2778
-3291
-3317
-3063
-2235
-987
446
2046
3675
4547
3881
2464
1433
1510
2244
2840
2543
1448
463
148
-74
-1606
-4302
-6638
-6958
-5687
-4481
-4622
-5983
-7210
-7499
-6992
-6662
-6288
-5902
-5109
-3694
-2126
-1286
-2082
-2999
-3540
-3027
-2847
-3136
-4274
-4294
-1480
2273
4084
2909
2542
3316
4746
5050
4816
4631
4930
5860
6017
4794
2446
921
225
-143
-441
-410
-199
-791
-1990
-3230
-3258
-2496
-1726
-1592
-984
1233
4250
6149
5675
4296
3335
3823
4785
5651
6006
6562
7053
6528
4625
1661
-1179
-2890
-2351
-984
-343
-850
-1571
-2017
-2577
-3011
-2769
-1680
-258
1399
3071
4093
3791
2493
1211
791
1148
1742
1958
1734
1292
802
124
-1338
-3435
-5338
-5845
-4887
-3546
-3209
-4307
-5702
-6659
-6934
-7044
-6796
-5931
-4708
-3491
-2634
-2088
-2304
-2872
-3333
-3302
-3264
-3271
-3386
-4088
-4472
-2276
1766
4206
3332
2253
3032
5055
6361
6158
5272
4753
5741
6573
5758
2840
608
-170
121
301
50
-702
-1862
-2918
-3963
-4124
-3578
-2643
-2125
-1365
706
3669
5685
5322
3712
2772
3631
5310
6546
7287
7804
7927
6877
4924
2040
-961
-2680
-2078
-502
0
-767
-1797
-2376
-3036
-3246
-2726
-1596
-156
1528
3213
4106
3839
2579
1104
281
504
1437
2200
2130
1288
337
-374
-1511
-3468
-5731
-6683
-5606
-3686
-2808
-3886
-5914
-7554
-8128
-7948
-7339
-6202
-5046
-4197
-3163
-2370
-2357
-3178
-3893
-3931
-3642
-3028
-3357
-3331
-1139
2961
5397
4623
3708
4092
5643
6155
5946
5324
5236
6091
6609
5326
2069
-307
-1061
-882
-1094
-1474
-1634
-1909
-2551
-3853
-4557
-4265
-3241
-2495
-1473
762
4096
6431
6112
4192
2609
3050
4487
5874
6145
6548
7152
6918
4747
1210
-1912
-3641
-2848
-839
746
116
-1094
-1545
-1423
-1737
-1812
-605
1046
2664
4168
5536
5376
3718
1794
857
983
1510
1846
1501
698
-10
-490
-1692
-3975
-6336
-7064
-6011
-4300
-3468
-4225
-5787
-6759
-6830
-6776
-6749
-6364
-5227
-3841
-2744
-2368
-2547
-3123
-3487
-3271
-3011
-3097
-3644
-4457
-3438
142
4233
5059
4109
3880
5017
6239
6329
6008
5493
5934
6627
6874
4928
1939
-185
-966
-967
-1134
-1224
-1642
-2133
-3228
-4188
-4434
-4153
-3889
-3768
-2139
1107
4743
5889
4525
2477
1906
2939
4192
4961
5272
6255
7070
6738
3957
32
-2954
-3237
-1350
478
943
123
-604
-898
-862
-1226
-1392
-809
712
2737
4664
5683
4785
2696
696
37
700
1501
1594
994
514
350
-189
-1947
-4551
-6490
-6642
-5191
-3463
-3042
-4239
-5985
-6893
-6664
-6249
-6102
-5809
-4729
-3335
-2139
-2100
-2330
-3048
-3503
-3189
-2453
-2161
-2999
-3794
-5340
-4142
135
4920
5513
3583
3578
5532
7647
7134
5991
4782
5514
7137
7783
5622
2147
100
-595
-570
-1327
-2071
-2690
-2640
-3280
-4400
-4594
-4232
-4119
-4424
-2579
1210
5177
6221
4576
2552
2159
3506
4755
5649
6047
7012
7455
6628
3684
-55
-2780
-2936
-1027
520
750
-182
-573
-800
-931
-1417
-1433
-515
953
2827
4562
5594
4640
2676
841
42
378
1218
1547
968
411
10
-583
-2561
-5504
-7718
-7570
-5517
-3648
-3611
-5291
-6625
-6910
-6616
-6836
-6612
-5847
-4546
-3014
-1887
-1645
-2529
-3148
-3258
-2690
-2519
-2637
-3200
-4720
-5218
-2145
2881
5354
4408
3660
4617
6586
7212
6398
5055
4689
6096
7450
6956
4087
1355
-212
-820
-1545
-2255
-2512
-2305
-2502
-3507
-4103
-4069
-4134
-4743
-4037
-780
3663
6507
6076
3974
2635
3203
4281
5078
5560
6257
6842
6473
4663
1669
-1206
-2756
-2206
-954
-132
-170
-311
-236
-247
-558
-815
-421
575
1970
3704
5197
5533
4485
2655
1094
473
690
802
414
-21
-149
-295
-1164
-3334
-5842
-7244
-6715
-5013
-3909
-4246
-5438
-5912
-5744
-5552
-5811
-5822
-5131
-3919
-2445
-1523
-1478
-2160
-3060
-3018
-2665
-2414
-3156
-4272
-5406
-5920
-3166
1285
4844
4205
3446
4599
6981
8046
6896
5762
5252
6846
8255
8277
5553
2378
275
-863
-1468
-2433
-2914
-3122
-2803
-3464
-4270
-4940
-5600
-6260
-5760
-2045
2868
6760
6675
4637
2946
3373
4641
5533
6061
6286
6926
6775
5827
3080
-352
-3392
-3731
-2069
-498
-209
-720
-1062
-1420
-1477
-1645
-1354
-598
1034
3247
5367
6235
5091
2823
780
314
921
1367
1113
616
437
89
-1072
-3231
-5832
-7303
-6855
-5197
-4067
-4511
-5565
-6100
-5691
-5623
-6114
-6073
-5067
-3901
-2720
-1504
-1266
-1934
-2951
-3001
-2887
-2667
-3066
-3548
-4855
-6233
-4149
563
4895
4824
3864
4234
6523
8134
7292
5974
5230
6881
8333
8503
5663
2155
-127
-988
-1498
-2564
-3012
-3017
-2427
-3109
-4250
-5272
-5689
-5866
-4983
-1315
3435
7263
7451
5529
3808
4152
5298
5795
5820
5980
6917
7165
5989
2836
-904
-3857
-4280
-2593
-1008
-957
-1683
-1720
-1425
-1357
-1708
-1499
-369
1323
3416
5579
6931
6239
4040
1922
1046
1328
1606
1230
523
165
-82
-873
-2774
-5376
-7286
-7379
-5884
-4509
-4528
-5503
-6107
-5513
-5122
-5563
-5932
-5335
-3969
-2574
-1246
-911
-1317
-2447
-3191
-3265
-2912
-3077
-4065
-5216
-6661
-5555
-1543
3221
4528
3630
3688
5434
7260
7111
6150
5562
6607
7984
8137
5995
2817
758
-264
-1121
-2500
-3315
-3441
-2883
-2946
-4072
-5240
-5841
-5670
-4797
-1988
1922
5484
6637
5830
4772
4879
5375
5140
4911
5290
6514
7267
6528
3649
-306
-3268
-3926
-2610
-1642
-1785
-2142
-1754
-967
-664
-853
-1206
-512
1093
3107
4978
6366
6255
4575
2566
1373
1078
956
366
-308
-455
-245
-520
-2133
-4671
-6921
-7211
-6009
-4817
-4818
-5210
-4989
-4148
-3903
-4738
-5274
-4844
-3576
-2264
-1216
-1035
-1319
-2329
-2773
-3205
-3162
-4270
-5139
-6834
-7204
-3862
1478
5069
3918
3648
4175
6533
7006
6822
6065
6418
7885
8445
7310
4090
1777
368
-503
-1910
-3306
-3447
-2955
-2459
-3754
-4818
-5234
-4852
-5075
-4055
-688
3627
6757
6781
5765
4882
5369
4963
4384
4177
5558
6949
6803
4447
816
-2122
-3541
-3314
-2881
-2797
-2964
-2273
-899
212
141
-512
-476
487
1753
3103
4882
6268
6034
4314
2419
1239
496
-289
-1134
-1352
-721
-77
-628
-2567
-5114
-6654
-6687
-5667
-4970
-4756
-4497
-3812
-3121
-3448
-4495
-5277
-4484
-3301
-2278
-1733
-1568
-1866
-2465
-2799
-3767
-4776
-6320
-7092
-8045
-6518
-2126
2642
4332
3605
4347
5505
6854
6565
6636
6489
7437
8341
8366
6785
4142
2286
787
-508
-2373
-3602
-3610
-2910
-3019
-4286
-4641
-4419
-4468
-5146
-3673
59
4278
6586
6421
5756
5437
5614
4874
4437
4975
6351
6732
5565
3148
489
-1442
-2500
-3041
-3614
-3916
-3409
-1884
-294
344
55
-237
342
1185
1833
2846
4578
5903
5763
4364
2691
1303
332
-407
-977
-1178
-964
-764
-1329
-2844
-4830
-6114
-6337
-5921
-5677
-5346
-4619
-3779
-3453
-3958
-4510
-4415
-3660
-2969
-2599
-2101
-1460
-1212
-1592
-2609
-3487
-4659
-5639
-7304
-6990
-3586
960
3582
3612
4692
5493
6477
5614
5526
5525
6373
7190
7441
6673
4660
3386
2112
878
-1538
-3383
-3785
-2879
-2651
-3844
-4179
-3524
-2960
-4067
-4134
-1693
2323
5100
5474
5037
4939
5614
5333
4839
4504
5057
5250
4738
3246
1196
-361
-1393
-1895
-3073
-3980
-3941
-2393
-574
391
453
393
988
1591
1660
1810
3112
4502
4835
4126
3110
2012
950
-103
-1228
-1940
-2144
-1937
-1902
-2443
-3600
-4806
-5439
-5627
-5785
-5836
-5416
-4704
-4236
-4253
-4260
-3962
-3530
-3452
-3765
-3374
-2694
-1861
-2174
-2494
-3089
-3938
-5318
-7304
-6092
-2453
2259
3567
4031
5172
6759
7300
6122
5490
4999
5849
6113
6289
5369
4343
3663
2700
996
-1919
-3403
-3508
-2340
-2621
-3735
-3991
-2824
-2020
-2939
-2641
-490
3053
4709
4772
4096
4686
5656
5792
5215
4636
4778
4651
4325
2905
1280
-98
-762
-1548
-2809
-3730
-3346
-1660
-174
472
626
979
1621
1998
1974
2088
3128
4191
4408
3790
2938
2070
1055
-71
-1197
-2014
-2320
-2557
-2802
-3282
-3945
-4824
-5452
-5828
-6042
-6031
-5908
-5538
-5361
-4984
-4717
-4168
-3914
-3779
-3816
-3765
-3133
-2512
-2332
-2791
-3318
-4268
-5877
-5580
-2470
1700
3644
3950
4838
6111
7321
6687
5727
4405
4314
4227
4408
4169
3863
3776
3352
2252
-409
-2707
-3528
-2679
-2200
-3083
-3692
-3331
-2196
-1890
-1165
256
2321
3399
3072
2565
3055
4549
5297
5424
4944
4742
4483
4295
3472
2056
527
-503
-901
-1389
-2100
-2554
-1829
-602
308
674
1093
1592
1677
1705
1954
2931
3618
3636
3066
2850
2920
2456
1115
-534
-1450
-1687
-1722
-2363
-3268
-4032
-4486
-4687
-5133
-5708
-6360
-6599
-6516
-6200
-5927
-5631
-5315
-5043
-4846
-4649
-4338
-3861
-3338
-2829
-2773
-3155
-4165
-4300
-1904
1379
3931
4235
5397
6297
7478
6989
6504
5718
5038
4284
3231
2706
2193
2524
2503
2196
926
-730
-1791
-2155
-2090
-3074
-3884
-4027
-3272
-2732
-1780
249
2578
3929
3269
2227
1755
2755
3402
3651
3513
3824
4164
4607
4796
3882
2367
771
39
-618
-1292
-1873
-1820
-962
-221
399
670
1403
1891
1861
1305
1285
2021
2523
2449
2325
2799
3127
2755
1276
-323
-1302
-1509
-1777
-2437
-3265
-4075
-4451
-4668
-5045
-5840
-6616
-7001
-6973
-6783
-6731
-6631
-6511
-6159
-5731
-5405
-4858
-4424
-3724
-3444
-3138
-3844
-3852
-1933
1560
4386
5372
6650
7653
8878
8452
7856
6504
5403
4123
3372
2801
2170
2087
2110
2200
1270
-109
-1433
-2000
-2227
-3355
-4440
-4746
-3782
-3055
-2027
-489
1725
3210
3371
2813
2372
2853
3171
3293
2971
3078
3329
4186
5222
5470
4556
2949
1794
683
-404
-1430
-1664
-1168
-517
43
293
907
1505
1966
1836
1640
1402
1186
929
1062
1617
2249
2458
2006
1119
101
-641
-1442
-2300
-3209
-3897
-4541
-5009
-5541
-5934
-6254
-6491
-6878
-7252
-7405
-7542
-7660
-7721
-7337
-6842
-6315
-5660
-4925
-4271
-4102
-3560
-1668
863
3122
4103
5705
7390
9380
9952
9984
9215
8086
6416
4706
3412
2252
1484
1034
1158
1027
609
7
-547
-1279
-2852
-4510
-5588
-5424
-4955
-4026
-2265
87
2162
2912
3059
2874
3216
3262
3019
2536
2515
2689
3129
3773
4215
4458
4346
4052
3206
1891
354
-761
-1208
-1122
-773
-247
543
1250
1705
1871
2054
2249
2224
1540
671
197
371
918
1427
1459
1072
507
-19
-721
-1733
-2881
-4034
-4959
-5758
-6235
-6565
-6559
-6591
-6686
-7023
-7400
-7740
-7845
-7996
-8079
-7998
-7245
-6234
-5237
-4733
-4300
-2754
-375
2224
3607
5007
6233
7924
8740
9173
8887
8576
8118
7350
6297
4907
3752
2658
2003
1332
634
215
33
9
-764
-1815
-3125
-3974
-4663
-4891
-4331
-3157
-1499
13
1413
2312
2991
3104
2869
2324
1890
1697
1931
2478
3002
3398
3739
4071
4235
3949
3300
2448
1680
950
461
294
432
617
855
1290
1864
2326
2376
2012
1375
901
465
18
-383
-562
-515
-338
-257
-584
-1140
-1739
-2244
-3121
-4235
-5366
-6069
-6425
-6677
-6816
-6785
-6515
-6283
-6361
-6560
-6920
-7002
-7051
-6750
-6463
-6029
-5617
-5091
-3841
-2051
144
1505
2948
4246
5897
6932
7397
7294
6922
6611
6161
5862
5376
4980
4533
4238
3882
3259
2689
2106
1709
817
-278
-1465
-2157
-2792
-3365
-3797
-3725
-3046
-2187
-1147
-350
593
1118
1364
1030
478
19
-80
392
1109
2073
2987
4065
4864
5248
5232
4846
4403
3766
3222
2549
2122
1892
1937
1990
1950
1911
1818
1724
1193
414
-437
-979
-1289
-1479
-1580
-1603
-1344
-1162
-1065
-1240
-1373
-1728
-2197
-2946
-3753
-4342
-4752
-4809
-4884
-4858
-5037
-5062
-5112
-5193
-5375
-5613
-5628
-5655
-5506
-5516
-5373
-5183
-4677
-3737
-2550
-1301
-376
763
2018
3565
4696
5384
5406
5155
4962
4959
5155
5200
5062
4680
4468
4409
4442
4215
3823
3313
2566
1513
315
-615
-1457
-2200
-2943
-3280
-3153
-2539
-1734
-970
-386
-151
-118
-310
-519
-801
-884
-595
-83
537
1391
2586
3815
4577
4843
4789
4669
4414
4032
3564
3091
2824
2643
2449
2211
1931
1501
742
-198
-1074
-1560
-1759
-1779
-1787
-1867
-1811
-1631
-1292
-1008
-864
-1009
-1375
-1843
-2235
-2531
-2755
-2892
-3027
-3205
-3500
-3741
-3915
-3971
-3936
-3975
-4055
-4137
-4020
-3800
-3645
-3566
-3654
-3688
-3845
-4030
-3902
-3220
-2094
-996
77
949
1834
2651
3381
3887
4118
4207
4162
4162
4114
3979
3857
3860
4022
4017
3958
3851
3918
3616
2904
1731
500
-603
-1384
-1748
-1856
-1672
-1521
-1223
-817
-290
29
136
43
-164
-281
-320
-172
-48
172
539
1116
1844
2340
2698
2972
3416
3686
3746
3646
3513
3278
2768
2135
1346
608
-186
-809
-1148
-1242
-1228
-1214
-1035
-881
-700
-660
-636
-670
-848
-1057
-1319
-1466
-1481
-1460
-1597
-1920
-2382
-2836
-3163
-3348
-3332
-3173
-2998
-2938
-2880
-2692
-2372
-2121
-2097
-2278
-2511
-2756
-2940
-3036
-3046
-3108
-3235
-3238
-2990
-2438
-1808
-1098
-335
626
1675
2637
3249
3513
3562
3605
3653
3530
3290
3176
3424
3835
4060
4005
3850
3699
3324
2646
1740
840
114
-465
-949
-1293
-1315
-1086
-689
-321
-34
217
395
411
176
-4
-10
163
155
-18
-43
460
1346
2054
2401
2476
2706
2938
2992
2554
1763
895
234
-153
-372
-513
-648
-698
-626
-406
-243
-155
-275
-448
-745
-926
-864
-640
-537
-808
-1126
-1396
-1354
-1419
-1557
-2022
-2438
-2649
-2558
-2323
-2195
-2047
-1913
-1610
-1435
-1406
-1515
-1684
-1788
-1942
-2108
-2446
-2819
-3131
-3351
-3518
-3807
-3978
-3778
-3083
-2236
-1441
-655
270
1261
2156
2772
3154
3432
3695
3895
3948
3824
3612
3552
3693
3838
3787
3627
3520
3427
3040
2341
1404
661
101
-313
-696
-922
-878
-653
-392
-196
-17
225
548
705
614
397
282
264
170
-41
-54
324
957
1445
1640
1779
1868
1813
1541
1217
917
652
395
240
108
-89
-385
-558
-605
-500
-401
-396
-481
-576
-689
-641
-566
-611
-881
-1161
-1297
-1279
-1264
-1300
-1388
-1408
-1441
-1414
-1364
-1303
-1322
-1461
-1618
-1808
-1963
-2152
-2356
-2557
-2800
-3083
-3320
-3507
-3742
-4040
-4421
-4763
-4786
-4350
-3504
-2650
-1714
-681
531
1711
2725
3464
3899
4151
4303
4409
4387
4175
3951
3889
4035
4045
3884
3697
3678
3501
2939
2025
1110
335
-384
-967
-1414
-1642
-1682
-1474
-1048
-415
242
728
1027
1086
1038
924
764
483
97
-139
-20
485
935
1187
1333
1738
2137
2265
2044
1624
1168
661
252
-44
-294
-555
-792
-760
-504
-96
160
290
216
93
-98
-175
-283
-495
-771
-868
-676
-384
-92
-122
-378
-863
-1245
-1566
-1811
-2147
-2549
-2864
-3019
-3054
-3097
-3102
-3168
-3414
-3868
-4300
-4600
-4898
-5350
-5859
-5905
-5320
-4277
-3133
-2109
-846
585
2088
3391
4326
4886
5153
5306
5396
5410
5140
4622
4166
4031
4081
4024
3860
3634
3365
2797
1965
912
-178
-1213
-2077
-2649
-2953
-2833
-2430
-1649
-777
-13
623
1160
1594
1699
1494
1173
973
777
580
571
959
1461
1664
1732
2017
2410
2508
2158
1593
939
245
-365
-637
-716
-783
-904
-761
-277
243
564
564
482
298
134
64
75
113
-4
-14
22
61
-193
-691
-1231
-1866
-2486
-3061
-3378
-3601
-3831
-4054
-4291
-4307
-4360
-4544
-4900
-5254
-5479
-5709
-5949
-6305
-6434
-5895
-4647
-3129
-1802
-476
1189
3156
5137
6471
7091
7182
7083
6834
6433
5752
4816
3899
3350
3154
3044
3002
2880
2625
2045
1235
217
-853
-1944
-2945
-3653
-3878
-3684
-3183
-2261
-1022
284
1430
2372
2973
3191
3147
2919
2593
2119
1656
1452
1594
1782
1724
1607
1702
1980
1996
1617
982
246
-445
-1035
-1369
-1526
-1545
-1285
-791
-70
571
1085
1318
1374
1297
1015
790
592
385
108
-51
-74
-140
-516
-1301
-2307
-3173
-3871
-4470
-5041
-5560
-6037
-6272
-6245
-6093
-6096
-6273
-6472
-6574
-6618
-6863
-6602
-5512
-3723
-2052
-448
1625
3905
6230
7906
8986
9225
8880
8200
7396
6551
5247
3679
2374
1753
1441
1068
780
521
108
-758
-1650
-2511
-3210
-3884
-4329
-4293
-3796
-2854
-1678
-121
1513
2864
3952
4949
5631
5647
5089
4344
3537
2661
2089
1812
1840
1625
1247
853
657
467
-98
-734
-1313
-1662
-1833
-1586
-1052
-550
-26
588
1415
2117
2575
2655
2551
2337
1981
1538
1043
596
-49
-667
-1183
-1558
-2070
-2886
-3914
-5056
-6209
-7291
-8124
-8723
-9027
-9038
-8727
-8206
-7567
-7156
-6731
-6436
-5467
-3810
-1729
277
1937
4217
6483
8924
10427
11234
10795
9887
8744
7444
6006
3942
1887
184
-546
-979
-1365
-1443
-1616
-1877
-2628
-3138
-3753
-4286
-4760
-4911
-4316
-3027
-1206
589
2571
4374
5862
6944
7663
7773
7023
5832
4472
3146
1825
823
214
-215
-729
-1335
-1693
-1594
-1362
-1396
-1688
-1903
-1640
-995
-126
779
1723
2706
3619
4410
4944
5142
4816
4096
2989
1762
715
-123
-908
-1852
-2757
-3492
-4165
-5020
-6199
-7477
-8591
-9489
-10017
-10389
-10521
-10692
-10531
-10045
-9296
-8776
-8465
-6722
-3754
-266
2202
4407
7004
9842
12400
13628
13657
12506
10970
9160
7295
5137
2370
-170
-1881
-2545
-3205
-3602
-3597
-3462
-3702
-4239
-4446
-4347
-4001
-3785
-2967
-1291
1079
3404
5468
7300
8483
9008
9145
8897
7735
5629
3309
1384
-130
-1500
-2584
-3125
-3307
-3673
-4116
-4029
-3313
-2690
-2445
-2194
-1432
-165
1362
3087
4605
5686
6334
6848
7295
7202
6340
4950
3612
2506
1479
586
-263
-1242
-2429
-3498
-4545
-5767
-7356
-9083
-10455
-11395
-11693
-11970
-11888
-11749
-11130
-10405
-9518
-8799
-7869
-5371
-2075
1229
3329
5906
8532
11136
12786
13117
12230
10385
8539
6457
4554
2216
-354
-2457
-3602
-4011
-4612
-4618
-4501
-4506
-4926
-4992
-4416
-3736
-2841
-1832
225
3038
6088
8496
10322
11579
11833
11422
10370
8777
6117
3121
498
-1372
-2861
-4311
-5190
-5556
-5742
-6296
-6459
-5845
-4836
-4222
-3561
-2286
-292
1870
3771
5569
6993
8055
8474
8696
8496
7576
6070
4503
3272
1964
820
-213
-1078
-2143
-3285
-4401
-5543
-6861
-8470
-10020
-10937
-11230
-11424
-11542
-11224
-10476
-9875
-9238
-8688
-6763
-3548
57
2699
4845
7581
9865
11678
12248
11611
9694
7399
5309
3254
1312
-958
-3073
-4466
-5012
-5429
-5786
-5326
-4978
-5199
-5630
-5139
-4004
-2735
-1344
556
3410
6770
9759
11694
12950
13318
12530
10873
8999
6656
3719
969
-1077
-2508
-3676
-4479
-4829
-4954
-5483
-6155
-6117
-5053
-3918
-3257
-2265
-550
1474
3258
4705
5848
6547
6632
6470
6482
6307
5398
4087
3108
2392
1543
754
11
-940
-2411
-4093
-5442
-6542
-7663
-9225
-10286
-10515
-10016
-9602
-9193
-8501
-7933
-7692
-8065
-6692
-3663
-296
1848
3658
6510
9124
11279
11742
11051
9296
6802
4215
1975
300
-2022
-4387
-5760
-6109
-6343
-6535
-5936
-5473
-5688
-6120
-5556
-4018
-2282
-867
768
3803
7464
10365
11882
12747
12855
11705
9789
7662
5348
2842
674
-689
-1785
-2750
-3459
-3519
-3523
-4341
-5537
-5838
-4757
-3307
-2119
-811
1038
3133
4763
6022
6805
6907
6199
5276
4652
4086
3351
2444
1685
970
291
-291
-931
-1944
-3446
-5209
-6677
-7649
-8389
-9293
-9682
-9488
-8805
-8139
-7233
-6416
-6127
-6473
-6768
-5041
-1948
1297
3121
5186
7922
10379
11768
11572
10072
7439
4443
1683
-478
-2088
-3859
-5155
-5555
-5356
-5416
-5153
-4410
-4405
-5423
-6310
-5687
-4020
-2278
-819
1306
4809
8491
10829
11735
11955
11354
9531
7086
4657
2467
623
-705
-1502
-2107
-2409
-2371
-1981
-2006
-3057
-4365
-4608
-3447
-1986
-830
501
2374
4302
5724
6718
7369
7394
6516
5276
4404
3939
3547
2898
2110
1181
253
-524
-1264
-2420
-4183
-6111
-7658
-8646
-9229
-9670
-9584
-9247
-8696
-8101
-7254
-6498
-6353
-6841
-7085
-4940
-1486
1797
3883
6273
8737
10700
11361
10639
8773
6264
3603
1069
-870
-2270
-3580
-4408
-4541
-4660
-5137
-5008
-4426
-4588
-5741
-6238
-5292
-3223
-1048
764
3108
6372
9322
10576
10523
9982
8713
6641
4290
2227
676
-352
-909
-1434
-1925
-2275
-2255
-1953
-2093
-3148
-4222
-4146
-2805
-1124
313
1735
3369
4856
5891
6609
7137
7230
6497
5382
4523
4188
4043
3607
2693
1418
319
-462
-1329
-2556
-4232
-6013
-7329
-7992
-8278
-8334
-8221
-8034
-7969
-7659
-7147
-6970
-7165
-8004
-7619
-5120
-1212
1922
3969
6311
8454
10028
10151
9031
6870
4843
2778
825
-696
-1750
-2844
-3549
-3741
-4288
-4936
-4696
-4145
-4448
-5339
-5216
-3807
-1482
577
2366
4581
7408
9494
9632
8838
7930
6591
4574
2706
1356
576
125
-174
-785
-1685
-2379
-2707
-2978
-3536
-4475
-5013
-4355
-2556
-751
698
2055
3562
4747
5339
5646
6026
6237
5793
4870
4082
3900
3989
3573
2484
1120
42
-884
-1885
-3129
-4544
-5972
-7027
-7580
-7710
-7633
-7522
-7450
-7635
-7655
-7540
-7312
-7727
-7121
-4578
-997
1861
3930
6377
8301
9551
9160
7780
5753
4079
2395
827
-183
-1025
-2179
-2923
-3135
-3854
-4983
-5258
-5139
-5454
-6073
-5641
-4069
-1696
553
2418
4734
7586
9621
9607
8685
7871
6837
5204
3509
2186
1412
1210
1197
631
-426
-1416
-2129
-2909
-3665
-4521
-5273
-5200
-3967
-2442
-1085
377
1949
3162
3891
4334
5002
5826
6147
5634
4908
4739
4756
4178
3039
1873
949
-102
-1393
-2707
-3755
-4634
-5687
-6749
-7438
-7829
-8023
-8197
-8477
-8747
-8796
-8685
-8579
-6633
-3037
759
3082
5353
7633
9245
9946
9296
7540
5246
3576
1952
953
460
-374
-1676
-2591
-3252
-4618
-5568
-5604
-5634
-6278
-6567
-5501
-3594
-1337
530
2369
4806
7384
8559
8020
7445
7085
6509
5364
4261
3319
2848
2872
2623
1710
454
-498
-1511
-2513
-3574
-4637
-5388
-5148
-4095
-3166
-2177
-933
421
1465
2324
3020
3937
4900
5371
5127
4775
4694
4337
3530
2484
1473
701
-81
-1234
-2572
-3596
-4284
-5139
-6105
-6978
-7787
-8162
-8379
-8358
-8675
-8772
-9054
-8144
-5163
-1448
1513
3186
5522
7260
8882
9346
8882
7049
5222
3776
2420
1619
705
-526
-1932
-2867
-4107
-5574
-5933
-6049
-6344
-7014
-6491
-5122
-3234
-1322
239
2218
4604
6922
7662
7502
7183
7185
7142
6746
5857
5015
4842
4647
3936
2456
874
-443
-1362
-2384
-3781
-4908
-5234
-4667
-3884
-3128
-2273
-1079
63
969
1685
2629
3735
4477
4927
4972
4943
4625
4182
3344
2295
1429
605
-237
-1522
-2775
-3956
-4726
-5532
-6538
-7592
-8408
-8730
-8886
-9264
-9557
-9731
-9217
-6810
-3274
230
2557
4835
6626
8443
9685
9845
8548
7105
6187
5133
3959
2589
1222
-131
-1376
-2974
-5026
-6195
-6932
-7637
-8367
-8481
-7826
-6686
-4854
-3096
-1261
970
3460
5254
5782
5952
6387
7412
8144
7996
7415
7257
7629
7336
5952
3737
1703
125
-1263
-2908
-4642
-5628
-5598
-4970
-4459
-3930
-3005
-1786
-701
39
840
1968
3207
4327
4776
4836
4867
4989
4626
3705
2915
2415
1711
482
-1116
-2663
-3730
-4555
-5766
-7388
-8742
-9516
-9890
-10374
-10866
-11341
-11115
-9051
-5919
-2493
304
3059
5073
6829
8561
9297
9000
8273
8003
7497
7008
6284
4951
3808
2596
1045
-1290
-3177
-4682
-6161
-7277
-8287
-8713
-8503
-7295
-5970
-4596
-2597
-244
1840
2972
3548
4234
5260
6574
7334
7478
7479
7851
8238
7659
6145
4184
2565
1114
-472
-2281
-3804
-4289
-4045
-3648
-3613
-3460
-2793
-1891
-1058
-498
127
1182
2444
3292
3673
3954
4231
4302
4048
3510
2937
2537
2024
876
-783
-2215
-3092
-3747
-5008
-6605
-8090
-8892
-9386
-10011
-10787
-11461
-10663
-8745
-6116
-3677
-1214
1004
2910
4860
6120
6669
6710
6963
7244
7336
7216
6446
5669
5018
4227
2721
827
-870
-2413
-3619
-4921
-6107
-6838
-6757
-6160
-5572
-4558
-3116
-1383
-59
688
1377
2276
3532
4669
5550
6043
6605
7344
7595
6965
5637
4316
3081
1797
211
-1472
-2641
-2943
-2773
-2792
-2992
-3162
-2947
-2414
-1849
-1323
-709
210
1159
1906
2567
3239
3850
4168
4187
4011
3810
3643
3168
2145
844
-313
-1148
-1915
-2852
-4077
-5348
-6471
-7296
-8020
-8584
-8868
-8709
-8193
-7405
-6153
-4540
-2751
-1167
178
1231
2105
2953
3800
4497
4890
5028
4789
4487
4265
3931
3259
2248
1096
-68
-995
-1827
-2603
-3291
-3653
-3564
-3170
-2561
-1783
-924
-83
669
1221
1598
1973
2393
2808
3115
3422
3829
4126
4018
3487
2813
2140
1464
673
-188
-794
-999
-806
-582
-502
-527
-426
-124
300
671
986
1284
1632
2005
2412
2884
3438
3915
4079
3932
3658
3386
3041
2422
1558
555
-326
-990
-1515
-2061
-2810
-3712
-4719
-5532
-6030
-6287
-6579
-6941
-7303
-7483
-7277
-6665
-5644
-4502
-3466
-2699
-2010
-1169
-238
628
1170
1485
1636
1790
2025
2038
1911
1537
1105
629
214
-4
-142
-225
-360
-317
-23
595
1244
1783
2188
2481
2751
2893
3020
3014
3035
3082
3265
3459
3520
3361
3026
2682
2176
1557
872
282
-117
-354
-505
-641
-748
-759
-619
-391
-147
78
310
480
643
882
1146
1464
1737
1894
1920
1888
1852
1740
1473
1077
607
63
-541
-1131
-1625
-2167
-2885
-3675
-4336
-4701
-4939
-5327
-5852
-6164
-6067
-5670
-5154
-4565
-3763
-2821
-1871
-1092
-509
51
635
1227
1732
2112
2306
2339
2334
2233
2059
1766
1379
832
338
50
-72
-132
-122
137
672
1347
1798
1959
1957
1977
2061
2214
2298
2337
2364
2456
2594
2724
2765
2598
2237
1687
1057
564
302
210
71
-147
-335
-379
-331
-384
-536
-596
-542
-421
-345
-316
-193
39
359
615
746
780
888
1056
1111
997
695
364
36
-256
-663
-1176
-1825
-2564
-3290
-3866
-4279
-4576
-4763
-4945
-5010
-4911
-4510
-3952
-3159
-2332
-1639
-1176
-789
-364
34
466
864
1223
1498
1726
1874
1921
1874
1600
1169
666
322
56
-115
-163
-96
166
602
1165
1615
1920
2135
2293
2366
2344
2237
2113
2084
2200
2315
2326
2221
2099
1913
1666
1325
909
555
388
420
439
333
140
-4
-141
-298
-484
-659
-725
-722
-609
-435
-206
10
165
270
356
443
537
616
644
578
407
179
-140
-558
-1059
-1611
-2216
-2845
-3379
-3666
-3760
-3813
-3934
-3983
-3821
-3404
-2832
-2269
-1784
-1351
-985
-713
-393
-15
330
606
887
1190
1488
1746
1779
1610
1331
1021
679
377
210
133
192
327
441
538
715
1055
1432
1715
1803
1704
1607
1670
1834
1926
1938
1944
1907
1816
1712
1569
1361
1062
725
454
343
366
370
328
151
-103
-334
-494
-677
-942
-1174
-1224
-1062
-776
-523
-311
-135
9
108
169
232
257
284
245
157
1
-214
-495
-896
-1397
-1947
-2311
-2469
-2567
-2694
-2824
-2840
-2704
-2379
-1982
-1635
-1389
-1224
-1038
-790
-490
-223
21
296
679
1131
1540
1766
1813
1755
1647
1500
1277
987
672
472
399
378
326
271
334
541
796
940
972
938
898
910
983
1077
1162
1207
1248
1308
1421
1469
1369
1174
994
899
819
716
600
505
433
309
74
-225
-539
-815
-1074
-1276
-1415
-1465
-1408
-1281
-1103
-927
-776
-645
-544
-450
-371
-272
-197
-187
-231
-371
-587
-829
-980
-1051
-1124
-1275
-1460
-1595
-1589
-1510
-1390
-1295
-1218
-1116
-1007
-853
-746
-645
-622
-563
-391
-78
302
672
968
1200
1428
1637
1732
1636
1480
1335
1231
1115
939
740
574
592
696
804
827
783
703
623
599
559
475
355
299
340
485
658
781
821
842
912
978
992
878
706
563
521
489
347
98
-194
-364
-445
-493
-639
-821
-964
-1021
-1023
-1039
-1076
-1127
-1162
-1183
-1199
-1183
-1126
-1050
-1051
-1170
-1302
-1320
-1165
-979
-852
-839
-813
-701
-504
-335
-276
-316
-409
-434
-372
-242
-162
-166
-238
-313
-303
-229
-99
20
138
262
446
697
920
1072
1141
1181
1205
1198
1160
1078
1049
1090
1151
1171
1127
1087
1042
1044
1023
938
773
596
499
467
490
468
422
379
389
432
459
460
429
402
369
336
301
272
250
200
129
52
-18
-103
-220
-378
-585
-813
-1044
-1264
-1484
-1677
-1821
-1895
-1912
-1900
-1908
-1962
-1998
-1948
-1751
-1474
-1194
-954
-707
-400
-54
265
469
540
532
526
562
633
708
728
682
619
568
502
382
214
32
-98
-131
-72
32
184
374
571
712
773
750
698
707
796
866
840
738
672
691
785
861
829
707
563
501
492
522
464
348
214
149
109
38
-75
-222
-313
-326
-252
-161
-95
-70
-38
63
216
353
438
464
459
425
324
133
-157
-498
-894
-1285
-1631
-1884
-2027
-2134
-2274
-2465
-2548
-2426
-2137
-1813
-1553
-1336
-1054
-649
-186
199
441
558
639
788
1008
1243
1402
1456
1434
1402
1373
1288
1085
774
440
197
89
63
77
146
290
468
618
703
684
650
641
685
701
666
595
544
577
653
709
686
615
548
504
482
424
313
202
130
98
18
-132
-329
-489
-565
-607
-622
-626
-593
-551
-496
-402
-281
-124
26
173
290
396
455
446
339
123
-184
-546
-874
-1161
-1400
-1668
-1955
-2206
-2313
-2226
-2049
-1844
-1684
-1463
-1158
-746
-342
-23
166
277
410
589
812
1001
1157
1255
1373
1488
1557
1502
1289
992
669
412
176
-19
-143
-137
-5
157
274
310
325
379
446
491
459
402
373
426
538
642
710
723
739
758
794
789
735
631
529
477
436
343
148
-77
-271
-409
-563
-759
-946
-1036
-1003
-893
-787
-723
-656
-528
-331
-113
77
197
268
303
281
171
-12
-231
-475
-761
-1101
-1439
-1692
-1795
-1781
-1752
-1735
-1707
-1555
-1279
-922
-596
-358
-187
-32
180
408
623
781
905
1041
1241
1469
1628
1654
1546
1373
1186
981
713
418
207
130
165
196
170
102
98
173
230
201
79
-23
-39
51
156
221
276
372
525
699
852
948
989
1012
1023
1025
996
901
731
518
326
134
-97
-409
-753
-1019
-1132
-1094
-1040
-1053
-1113
-1139
-1053
-908
-743
-660
-585
-510
-395
-304
-255
-263
-349
-505
-721
-913
-1030
-1021
-956
-915
-950
-968
-903
-712
-477
-274
-148
-69
40
184
344
446
499
524
594
739
928
1072
1137
1136
1118
1094
1032
900
713
575
500
471
395
262
113
30
43
49
-22
-182
-323
-379
-340
-291
-296
-321
-284
-146
52
251
409
541
686
837
953
986
946
865
792
713
592
390
127
-153
-395
-558
-655
-720
-806
-906
-998
-1042
-1037
-1020
-1016
-1017
-993
-909
-797
-681
-629
-633
-690
-781
-873
-937
-910
-808
-662
-556
-482
-368
-169
84
308
448
529
597
696
785
828
810
778
760
798
867
927
954
950
937
898
856
790
722
665
634
614
562
478
362
257
182
124
29
-116
-271
-390
-442
-460
-472
-503
-500
-430
-298
-135
8
158
315
511
682
785
800
768
745
728
677
539
343
151
6
-105
-218
-358
-507
-639
-736
-833
-942
-1070
-1179
-1252
-1277
-1270
-1252
-1222
-1202
-1187
-1191
-1209
-1265
-1324
-1331
-1242
-1051
-844
-656
-500
-299
-37
242
491
658
778
870
978
1073
1121
1113
1073
1056
1077
1118
1124
1080
1006
923
840
767
723
695
713
740
767
756
712
638
521
388
221
53
-119
-270
-398
-491
-552
-593
-630
-639
-620
-561
-474
-366
-236
-78
103
260
365
419
453
490
523
513
447
374
334
324
300
235
146
55
-8
-84
-204
-372
-561
-713
-828
-891
-948
-1007
-1074
-1142
-1194
-1244
-1299
-1405
-1521
-1599
-1564
-1423
-1224
-1025
-846
-630
-364
-49
250
494
674
807
935
1045
1112
1119
1088
1072
1098
1147
1177
1138
1045
919
811
745
710
708
717
752
798
844
866
830
734
585
408
236
77
-60
-180
-279
-359
-432
-495
-546
-580
-599
-597
-581
-541
-462
-337
-193
-82
-24
-17
-16
-2
26
31
16
2
18
64
116
159
177
184
162
109
17
-95
-215
-321
-413
-489
-557
-615
-686
-773
-877
-994
-1124
-1265
-1401
-1493
-1506
-1423
-1278
-1113
-937
-731
-471
-174
120
367
557
697
807
880
921
927
924
939
980
1037
1069
1062
1008
937
870
819
782
756
753
770
812
847
853
803
708
587
459
339
228
136
64
11
-37
-90
-149
-204
-254
-292
-323
-339
-332
-282
-200
-108
-50
-46
-86
-144
-188
-230
-275
-338
-390
-408
-381
-330
-278
-233
-207
-197
-212
-247
-291
-339
-384
-429
-475
-512
-551
-591
-663
-751
-861
-973
-1086
-1187
-1257
-1271
-1222
-1108
-957
-769
-560
-318
-55
207
443
626
759
847
911
950
966
959
942
933
933
940
930
903
863
820
789
775
771
780
794
822
843
847
813
734
632
522
430
349
278
214
160
123
94
67
27
-19
-60
-86
-82
-66
-32
0
17
16
-23
-89
-187
-291
-395
-494
-573
-641
-670
-681
-668
-650
-632
-614
-609
-607
-619
-629
-635
-637
-629
-619
-615
-627
-664
-713
-782
-851
-943
-1032
-1113
-1159
-1161
-1120
-1031
-897
-715
-500
-269
-39
179
375
545
672
766
827
867
886
883
872
853
839
821
799
771
743
721
712
720
750
792
844
885
918
930
918
869
787
691
595
514
443
378
316
262
221
184
148
109
78
60
61
76
98
121
136
131
98
35
-41
-117
-181
-239
-293
-336
-364
-368
-366
-370
-388
-411
-430
-436
-442
-456
-483
-517
-541
-557
-580
-627
-696
-776
-853
-925
-1000
-1086
-1168
-1230
-1255
-1247
-1200
-1116
-993
-835
-657
-467
-277
-94
70
213
327
419
494
549
584
599
602
601
597
590
576
555
538
531
539
566
610
664
722
774
818
842
843
814
763
704
652
602
556
501
443
387
335
287
236
189
157
151
167
190
204
205
189
163
122
69
2
-66
-124
-162
-183
-190
-192
-191
-192
-193
-194
-194
-188
-183
-179
-181
-183
-188
-197
-222
-264
-328
-401
-485
-572
-667
-763
-857
-938
-1005
-1051
-1073
-1067
-1028
-967
-886
-792
-683
-563
-432
-301
-180
-70
28
119
202
275
330
364
377
381
383
390
394
397
399
412
447
501
568
629
676
709
739
767
794
808
807
788
763
734
708
668
614
543
473
417
379
346
311
269
226
183
136
76
2
-75
-147
-203
-243
-269
-279
-279
-268
-253
-242
-240
-242
-247
-245
-242
-233
-223
-206
-187
-168
-160
-170
-201
-250
-311
-385
-463
-550
-637
-722
-795
-856
-901
-935
-954
-960
-947
-913
-858
-785
-703
-612
-518
-420
-323
-227
-139
-56
11
70
113
152
185
218
245
271
299
340
393
454
515
570
621
668
719
771
824
869
911
940
962
972
972
952
918
867
811
755
705
653
598
533
457
376
286
191
87
-12
-102
-173
-227
-258
-276
-278
-276
-268
-258
-247
-234
-220
-204
-188
-167
-143
-117
-93
-72
-61
-58
-69
-94
-134
-186
-251
-326
-405
-489
-573
-659
-743
-823
-899
-965
-1021
-1062
-1087
-1092
-1075
-1038
-987
-925
-856
-779
-698
-613
-528
-446
-365
-282
-194
-103
-12
75
157
240
324
410
492
567
636
701
762
824
882
940
992
1040
1075
1102
1115
1118
1111
1090
1061
1022
982
936
890
830
758
666
566
459
354
248
145
48
-34
-96
-138
-163
-183
-195
-202
-195
-180
-157
-134
-107
-76
-38
3
38
61
65
56
32
0
-54
-117
-194
-270
-346
-420
-496
-577
-659
-742
-822
-905
-991
-1077
-1155
-1223
-1276
-1315
-1337
-1343
-1329
-1297
-1250
-1189
-1120
-1039
-948
-846
-731
-605
-475
-339
-201
-64
70
199
324
438
548
649
746
832
911
978
1039
1091
1135
1173
1201
1223
1233
1236
1230
1216
1190
1155
1108
1051
980
900
807
707
603
502
407
320
247
183
131
87
56
30
13
-1
-5
-5
8
28
55
89
120
152
172
186
181
160
119
65
-3
-77
-156
-234
-308
-379
-442
-504
-559
-620
-679
-749
-823
-902
-981
-1059
-1135
-1205
-1270
-1318
-1355
-1372
-1381
-1375
-1361
-1327
-1276
-1205
-1119
-1018
-902
-774
-628
-479
-326
-179
-33
109
248
380
502
611
704
791
866
935
992
1041
1081
1119
1153
1182
1202
1206
1200
1180
1152
1110
1056
990
917
841
767
694
625
561
503
452
410
376
345
318
292
271
252
244
242
246
250
255
254
249
236
212
171
112
40
-38
-117
-196
-273
-350
-420
-483
-529
-568
-600
-634
-667
-701
-736
-774
-821
-872
-934
-994
-1056
-1109
-1165
-1212
-1259
-1294
-1322
-1334
-1334
-1316
-1281
-1232
-1161
-1074
-965
-844
-707
-566
-413
-255
-91
69
222
359
483
592
688
776
845
909
959
1008
1052
1095
1124
1144
1148
1142
1126
1102
1071
1034
999
960
930
900
875
847
822
794
771
750
734
717
698
677
656
638
620
601
570
533
484
432
371
299
209
106
-7
-117
-220
-321
-416
-510
-591
-657
-702
-738
-768
-798
-822
-835
-843
-849
-865
-885
-911
-933
-957
-983
-1016
-1051
-1085
-1112
-1131
-1146
-1157
-1165
-1159
-1144
-1115
-1077
-1026
-962
-880
-784
-671
-547
-416
-281
-147
-17
100
208
307
398
480
557
628
695
758
816
868
912
946
971
987
995
999
998
995
991
987
981
979
975
970
961
950
940
932
923
913
899
880
859
834
803
760
707
642
572
494
407
310
206
97
-12
-116
-219
-317
-410
-494
-565
-624
-671
-712
-748
-775
-794
-806
-817
-826
-839
-850
-859
-866
-874
-881
-891
-898
-903
-906
-908
-910
-911
-908
-899
-886
-867
-842
-810
-767
-716
-657
-593
-528
-459
-388
-319
-252
-186
-120
-53
18
92
167
243
319
395
468
539
605
667
722
773
820
861
895
920
938
953
962
970
973
974
970
967
964
960
955
946
934
916
895
869
834
791
737
674
603
524
438
344
248
149
54
-39
-129
-213
-290
-362
-425
-480
-529
-572
-611
-642
-669
-690
-707
-719
-728
-731
-731
-728
-722
-716
-710
-703
-696
-688
-681
-673
-665
-656
-648
-636
-622
-607
-589
-567
-547
-524
-503
-481
-459
-438
-416
-394
-368
-340
-304
-264
-216
-164
-106
-43
22
90
158
227
294
359
420
476
526
569
606
637
666
690
712
731
749
765
782
796
807
814
817
815
807
797
779
755
725
689
645
596
540
478
411
341
268
196
123
52
-15
-78
-136
-189
-237
-280
-317
-351
-380
-403
-422
-434
-442
-443
-439
-430
-420
-407
-395
-382
-370
-358
-347
-336
-326
-318
-310
-304
-298
-294
-291
-290
-291
-291
-293
-296
-297
-297
-298
-296
-292
-286
-275
-262
-245
-227
-205
-179
-151
-121
-89
-56
-24
11
41
71
97
118
136
152
167
180
193
206
221
237
253
271
288
302
315
326
333
337
340
339
337
330
321
310
294
278
257
234
209
181
153
124
96
69
44
21
-2
-23
-44
-63
-78
-93
-104
-112
-116
-115
-112
-105
-96
-85
-74
-63
-53
-42
-33
-25
-19
-16
-13
-16
-20
-31
-43
-57
-74
-89
-103
-115
-122
-127
-127
-124
-117
-108
-97
-85
-72
-61
-48
-38
-26
-16
-6
4
13
21
27
31
33
30
25
19
12
3
-5
-10
-16
-19
-19
-18
-15
-11
-5
1
6
11
17
21
25
29
32
33
35
35
36
33
30
27
21
15
8
1
-6
-14
-21
-29
-35
-41
-46
-50
-53
-57
-59
-59
-59
-57
-54
-49
-42
-34
-24
-13
0
11
23
33
43
50
54
55
55
52
48
42
37
33
30
30
32
37
45
53
63
72
84
92
99
106
109
111
111
109
105
99
91
82
73
62
51
39
28
18
7
-2
-13
-24
-34
-45
-57
-69
-82
-95
-106
-117
-129
-136
-144
-150
-156
-160
-162
-164
-164
-163
-162
-161
-159
-156
-154
-150
-147
-144
-140
-134
-128
-120
-111
-102
-92
-83
-73
-62
-53
-41
-28
-16
-2
14
32
51
70
90
111
131
150
167
183
197
208
215
221
223
225
224
222
221
219
219
219
219
219
220
220
220
217
215
210
203
194
183
170
155
138
118
100
80
60
42
23
6
-10
-27
-42
-56
-72
-89
-107
-126
-144
-165
-185
-205
-226
-246
-265
-282
-298
-312
-323
-333
-339
-341
-343
-342
-340
-335
-329
-320
-311
-299
-285
-270
-253
-234
-212
-190
-167
-143
-120
-98
-75
-52
-29
-6
19
44
70
98
125
153
181
208
234
259
282
303
321
334
346
354
359
361
361
358
355
351
344
338
330
320
310
298
285
269
254
235
216
196
174
154
132
110
88
67
48
30
12
-3
-18
-30
-43
-53
-64
-77
-88
-101
-117
-132
-150
-170
-192
-214
-237
-261
-285
-307
-328
-345
-359
-370
-378
-385
-386
-386
-384
-380
-375
-368
-358
-347
-332
-315
-296
-275
-252
-229
-204
-177
-151
-125
-98
-70
-41
-12
19
51
84
117
150
183
214
246
275
302
328
351
370
388
401
410
419
422
425
423
420
413
404
392
378
361
342
321
298
273
247
223
197
171
147
125
103
83
67
52
39
27
16
8
1
-6
-13
-21
-29
-37
-48
-61
-74
-91
-109
-130
-152
-177
-200
-226
-251
-274
-296
-318
-337
-355
-371
-384
-397
-406
-412
-416
-417
-414
-407
-398
-386
-372
-355
-336
-315
-294
-270
-246
-222
-195
-169
-138
-108
-75
-41
-6
30
67
103
141
175
209
240
270
296
320
341
357
370
381
387
391
391
388
382
374
365
352
339
323
307
288
269
250
230
211
191
173
156
140
126
114
103
93
85
78
70
63
56
50
41
33
22
11
-2
-16
-31
-47
-64
-83
-101
-120
-138
-157
-177
-196
-215
-234
-254
-273
-291
-307
-322
-336
-345
-353
-357
-357
-357
-353
-346
-337
-326
-314
-300
-285
-269
-251
-233
-213
-192
-168
-142
-115
-84
-53
-20
16
52
86
121
154
185
213
239
261
280
294
306
313
318
318
317
312
305
297
289
279
269
256
245
232
220
208
194
181
168
155
143
131
120
109
100
91
82
74
68
61
53
45
36
25
13
2
-11
-26
-41
-54
-68
-81
-96
-109
-123
-135
-147
-159
-170
-182
-192
-204
-213
-222
-229
-235
-240
-243
-244
-245
-243
-241
-239
-234
-230
-225
-220
-214
-207
-200
-190
-179
-166
-152
-134
-115
-93
-70
-44
-16
13
43
72
100
128
151
175
194
214
228
240
249
255
258
257
254
248
242
234
226
217
209
200
190
182
172
164
154
145
136
125
114
103
91
80
66
55
42
31
21
11
2
-11
-21
-33
-43
-56
-67
-78
-89
-99
-108
-119
-130
-139
-144
-151
-155
-161
-162
-165
-164
-165
-165
-162
-159
-150
-147
-139
-134
-126
-118
-112
-105
-102
-97
-97
-93
-92
-89
-85
-80
-72
-67
-56
-45
-31
-15
1
21
38
58
72
91
106
121
137
148
165
175
188
193
199
200
201
200
195
192
187
182
176
169
160
147
138
128
120
113
106
98
87
73
55
38
18
2
-14
-29
-43
-57
-70
-85
-99
-112
-123
-133
-140
-146
-151
-154
-159
-163
-164
-168
-168
-170
-165
-162
-153
-147
-141
-134
-128
-116
-112
-99
-94
-80
-71
-59
-55
-51
-46
-44
-37
-38
-33
-33
-27
-23
-17
-12
-7
4
13
27
38
47
58
70
81
87
94
99
109
117
125
134
138
147
151
157
157
159
162
165
168
163
161
155
152
145
139
131
126
124
119
110
98
88
79
68
54
40
25
13
-2
-18
-37
-47
-59
-66
-79
-91
-103
-114
-122
-131
-137
-142
-141
-143
-145
-148
-148
-147
-145
-142
-137
-131
-123
-120
-115
-117
-109
-109
-100
-99
-93
-90
-87
-84
-85
-81
-82
-74
-69
-55
-46
-31
-21
-10
2
14
26
34
47
55
67
71
78
81
87
93
98
103
106
113
114
116
113
113
113
116
117
116
118
117
120
114
114
106
109
102
103
90
87
74
69
57
45
33
22
14
2
-6
-19
-21
-29
-31
-42
-48
-59
-62
-67
-72
-73
-72
-69
-71
-67
-73
-70
-72
-70
-71
-69
-68
-67
-64
-63
-58
-55
-49
-47
-48
-49
-51
-52
-53
-53
-52
-50
-43
-43
-34
-34
-20
-18
-6
-3
8
12
16
23
23
32
34
43
42
47
45
46
46
44
44
41
43
40
40
39
37
39
37
39
34
33
27
22
20
15
18
14
16
7
7
-3
-6
-8
-11
-7
-9
-2
-9
-6
-16
-15
-22
-18
-19
-15
-12
-13
-12
-18
-18
-22
-21
-23
-19
-20
-14
-16
-14
-15
-15
-15
-12
-9
-8
-4
-5
-1
-1
2
2
1
0
0
-2
-3
-5
-2
-1
4
6
15
17
26
28
32
34
37
41
40
44
40
42
38
38
34
33
28
27
25
23
22
19
17
14
13
9
9
4
2
-4
-5
-9
-10
-16
-18
-25
-27
-30
-33
-39
-41
-45
-48
-49
-51
-53
-55
-56
-58
-54
-53
-49
-48
-45
-40
-37
-30
-30
-20
-21
-11
-8
1
4
6
12
9
16
9
17
11
17
16
19
20
18
21
17
19
18
19
19
19
21
21
24
25
29
31
34
39
42
45
47
48
52
51
53
49
50
45
43
39
33
30
23
21
14
13
8
6
4
2
2
-1
0
-6
-9
-13
-15
-19
-21
-24
-25
-28
-26
-30
-28
-34
-32
-39
-40
-46
-48
-53
-55
-57
-58
-58
-57
-55
-55
-51
-50
-45
-44
-39
-39
-33
-34
-26
-26
-17
-17
-10
-5
2
6
11
16
18
22
22
24
23
23
24
23
27
26
32
32
36
39
42
45
46
49
47
50
47
48
47
46
45
43
42
37
35
28
27
20
19
13
12
7
7
4
1
1
-4
-4
-10
-8
-13
-11
-15
-14
-17
-17
-18
-18
-19
-19
-21
-21
-22
-23
-26
-26
-29
-28
-30
-32
-33
-35
-35
-37
-33
-35
-30
-29
-25
-25
-22
-24
-22
-23
-21
-18
-15
-12
-9
-5
-4
0
0
5
4
8
8
11
11
13
15
15
19
19
24
25
30
31
36
35
38
36
39
37
38
38
37
38
35
34
31
29
26
23
20
17
17
12
11
7
6
1
1
-3
-3
-6
-7
-11
-11
-16
-17
-20
-23
-25
-27
-28
-29
-30
-32
-30
-32
-31
-31
-32
-31
-31
-31
-32
-29
-29
-27
-26
-23
-22
-19
-18
-17
-14
-13
-13
-11
-10
-9
-7
-5
-3
-2
1
2
4
5
7
6
7
7
8
7
11
9
12
11
16
16
21
20
23
25
27
29
30
33
32
35
34
37
34
36
33
33
30
30
26
25
22
20
18
15
15
11
10
5
6
2
4
-1
-2
-6
-8
-10
-11
-14
-16
-16
-16
-17
-18
-18
-19
-19
-20
-20
-20
-20
-19
-20
-19
-21
-20
-22
-20
-23
-22
-23
-22
-24
-22
-24
-23
-22
-22
-20
-20
-17
-15
-12
-13
-10
-11
-9
-9
-8
-7
-6
-4
-4
-2
-2
1
1
5
3
8
7
13
13
17
18
21
22
25
26
27
29
30
30
29
29
28
27
26
26
24
24
21
20
18
17
15
13
13
11
9
7
6
3
3
1
0
-1
-1
-3
-2
-5
-5
-8
-7
-9
-10
-12
-11
-12
-11
-12
-12
-13
-12
-13
-14
-14
-16
-15
-17
-15
-16
-16
-17
-16
-16
-15
-14
-13
-12
-13
-12
-12
-12
-12
-11
-10
-9
-8
-9
-7
-7
-5
-5
-2
-3
0
0
3
2
6
8
9
10
11
13
12
15
13
15
13
15
12
13
12
12
11
11
12
10
10
7
9
6
9
6
9
6
7
5
7
6
6
6
6
6
6
5
4
2
1
1
-1
0
-3
-2
-4
-4
-5
-5
-5
-4
-6
-5
-6
-6
-6
-5
-5
-4
-5
-4
-5
-4
-4
-3
-2
-2
-2
-1
-2
-3
-3
-3
-3
-4
-4
-4
-5
-6
-5
-4
-4
-3
-3
-2
-1
0
0
1
2
3
2
2
3
2
2
2
2
1
1
1
0
0
0
0
0
0
-1
-2
-3
-4
-4
-4
-2
-2
0
-1
0
0
2
2
3
5
5
5
4
3
1
0
0
2
0
0
-1
-1
-2
-2
-2
-2
0
1
0
-1
0
-1
0
1
1
0
2
2
3
3
4
5
4
5
5
4
3
2
1
2
1
0
0
-2
-3
-4
-3
-3
-2
0
1
0
0
0
1
2
3
3
3
3
2
2
2
2
2
3
4
3
3
2
1
1
0
0
-1
-3
-6
-8
-8
-7
-6
-4
-4
-3
-2
-2
0
0
0
2
2
2
-1
-1
-3
-3
-2
0
0
2
1
2
2
2
3
6
6
5
4
4
3
3
3
4
6
7
7
6
4
2
4
4
6
5
4
0
-4
-7
-8
-8
-8
-9
-11
-12
-15
-17
-18
-17
-15
-12
-11
-11
-13
-14
-12
-11
-8
-7
-7
-8
-8
-8
-7
-6
-4
-2
1
4
4
5
5
6
8
11
13
14
13
13
13
15
16
19
21
21
21
21
20
18
16
14
13
12
11
9
8
6
6
6
6
6
5
6
8
8
9
9
8
8
8
9
9
9
11
13
14
14
12
11
10
11
11
10
9
5
0
-3
-7
-11
-15
-17
-19
-23
-24
-29
-34
-38
-39
-39
-39
-39
-41
-42
-45
-46
-48
-48
-49
-50
-50
-50
-48
-48
-46
-44
-41
-37
-32
-26
-22
-17
-11
-5
2
8
14
18
24
29
35
40
45
48
51
52
53
54
54
55
55
56
54
53
50
48
46
45
44
44
43
41
39
37
33
33
33
34
36
36
36
34
31
28
27
27
26
28
26
25
20
14
9
3
0
-3
-5
-9
-13
-21
-28
-36
-40
-42
-47
-51
-56
-60
-63
-66
-72
-76
-77
-79
-80
-83
-88
-93
-97
-97
-95
-94
-96
-96
-94
-91
-87
-82
-77
-70
-61
-52
-43
-34
-25
-14
-3
9
21
31
42
50
56
63
67
73
79
85
90
91
95
96
100
100
100
97
98
98
99
98
96
93
89
87
82
79
75
74
72
72
66
59
50
43
38
33
30
26
19
14
6
-1
-11
-18
-25
-29
-32
-35
-39
-45
-52
-57
-61
-65
-67
-69
-72
-72
-72
-71
-74
-77
-80
-81
-80
-82
-83
-87
-88
-92
-91
-94
-94
-95
-94
-92
-89
-84
-80
-75
-71
-63
-57
-46
-36
-25
-18
-7
3
18
29
39
45
50
58
65
77
78
85
85
92
97
102
102
99
99
102
105
104
101
95
93
94
94
91
84
76
73
71
71
64
57
48
43
37
32
26
17
11
4
2
-6
-13
-23
-32
-37
-42
-45
-53
-56
-62
-64
-69
-71
-74
-76
-78
-79
-76
-77
-75
-76
-79
-79
-78
-75
-75
-72
-73
-72
-69
-67
-66
-65
-62
-58
-53
-46
-43
-36
-33
-26
-21
-11
-6
2
6
13
21
30
38
45
51
53
59
63
68
74
76
77
81
84
88
86
86
84
85
85
86
83
78
74
70
69
65
61
54
49
43
40
35
29
23
16
11
7
3
-6
-11
-18
-21
-25
-30
-36
-40
-45
-49
-52
-56
-58
-62
-62
-64
-64
-66
-67
-68
-68
-69
-68
-68
-69
-70
-69
-68
-67
-64
-63
-60
-58
-54
-52
-48
-45
-42
-38
-32
-28
-22
-18
-12
-8
-2
4
9
14
19
24
29
34
40
43
48
52
56
58
62
65
67
69
72
73
75
76
77
77
77
76
76
74
72
69
68
64
62
57
54
49
46
41
36
31
27
21
16
11
6
0
-6
-10
-17
-20
-25
-29
-33
-36
-40
-42
-43
-45
-48
-48
-50
-53
-54
-57
-57
-60
-62
-65
-66
-68
-69
-70
-71
-72
-71
-71
-69
-67
-66
-62
-61
-56
-53
-47
-43
-38
-33
-28
-24
-17
-12
-7
-1
4
10
14
19
24
29
32
38
41
46
49
51
54
56
58
60
62
64
64
65
66
68
68
67
67
66
64
64
62
59
58
54
51
48
44
40
36
31
26
21
15
10
4
0
-5
-11
-15
-20
-23
-26
-30
-32
-35
-35
-39
-39
-42
-43
-44
-45
-47
-48
-50
-50
-51
-51
-50
-50
-50
-49
-47
-46
-44
-42
-39
-36
-33
-29
-25
-23
-19
-15
-11
-8
-5
-2
1
3
6
8
10
11
13
14
16
18
19
20
21
22
22
23
23
24
25
26
26
26
27
26
27
27
28
28
28
27
27
27
26
25
25
24
23
20
19
17
15
13
10
8
5
3
0
-2
-4
-6
-8
-10
-12
-12
-14
-15
-17
-18
-19
-20
-21
-22
-22
-23
-24
-24
-25
-25
-26
-25
-25
-24
-24
-23
-21
-19
-18
-16
-13
-12
-9
-7
-5
-3
0
2
4
6
8
9
11
13
14
15
16
18
19
19
20
19
19
20
20
20
20
19
20
18
17
17
16
16
15
14
13
11
9
8
7
5
3
1
0
-2
-4
-6
-7
-9
-10
-11
-12
-13
-14
-15
-15
-15
-16
-15
-14
-14
-14
-13
-13
-11
-11
-11
-11
-9
-9
-9
-8
-8
-8
-8
-7
-7
-7
-8
-8
-7
-7
-7
-7
-6
-6
-6
-5
-4
-4
-3
-3
-1
0
0
2
3
3
4
6
7
8
9
10
12
12
13
14
15
15
17
17
17
17
18
18
18
19
18
18
18
17
16
16
15
13
13
12
10
9
7
5
4
2
1
0
-2
-3
-5
-6
-7
-8
-9
-9
-11
-11
-12
-12
-13
-12
-13
-13
-12
-13
-13
-12
-13
-13
-13
-12
-12
-12
-12
-13
-12
-13
-12
-12
-11
-12
-12
-11
-12
-11
-11
-10
-9
-10
-8
-8
-7
-6
-5
-5
-3
-1
0
1
3
3
5
6
7
8
8
9
11
11
12
13
14
14
14
16
15
15
16
17
16
16
15
16
15
15
14
14
13
13
12
11
11
10
8
8
6
6
4
3
2
1
0
-1
-1
-2
-3
-3
-4
-5
-6
-5
-6
-7
-7
-7
-7
-7
-7
-8
-8
-9
-8
-10
-9
-10
-10
-11
-11
-12
-12
-13
-14
-14
-14
-14
-14
-14
-13
-13
-12
-12
-11
-10
-9
-8
-7
-5
-5
-2
-1
1
2
3
4
5
6
8
9
10
11
10
11
12
12
12
12
12
11
11
11
10
10
11
10
9
8
8
8
7
7
7
7
6
5
5
4
4
4
3
3
3
2
2
1
2
1
1
0
1
0
-1
-1
-1
-2
-2
-3
-4
-4
-4
-4
-5
-6
-6
-8
-8
-8
-9
-9
-11
-10
-11
-12
-12
-12
-12
-12
-12
-12
-12
-11
-10
-9
-9
-8
-7
-5
-5
-4
-2
0
0
2
2
4
5
6
7
7
9
10
9
10
9
9
10
10
10
10
8
9
8
8
7
6
6
5
5
4
3
3
2
2
1
0
0
0
-1
0
-1
-1
-1
-1
-1
-1
-2
-1
-1
-1
-1
-1
-1
-1
0
-1
0
0
0
0
0
0
0
0
0
-1
-1
-1
-2
-2
-3
-3
-3
-4
-4
-4
-5
-4
-4
-5
-5
-5
-5
-5
-5
-5
-5
-3
-4
-4
-3
-2
-2
-1
0
0
0
2
2
3
2
3
3
4
3
4
4
5
