0
0
0
0
-1
0
0
0
0
0
-1
0
-1
0
1
0
0
1
0
0
-1
0
-1
0
0
0
-1
0
1
-1
0
0
0
0
-1
0
1
0
-1
1
1
0
1
-1
0
0
1
0
0
-1
1
0
0
1
0
0
0
0
1
0
0
0
0
1
0
-1
0
-1
0
1
0
1
-1
0
1
0
0
0
0
0
-1
0
0
0
0
0
0
0
0
0
0
-1
0
1
0
1
0
-1
0
0
1
0
0
0
0
0
0
-1
0
-1
0
0
0
0
0
0
0
1
0
1
0
0
0
0
0
-1
0
0
0
0
0
-1
0
0
0
0
0
0
1
0
0
0
0
1
0
0
0
0
0
0
0
0
0
-1
0
1
0
0
0
0
0
0
0
0
0
0
0
0
0
0
0
-1
1
0
0
0
-1
0
0
0
1
0
0
0
-1
0
0
0
0
1
1
0
1
0
0
-1
0
-1
0
0
0
0
0
0
0
0
0
0
0
0
0
1
0
0
0
0
0
0
0
0
0
0
0
0
0
0
0
0
0
0
1
0
0
0
1
0
0
0
0
0
0
0
0
1
1
0
0
1
0
0
0
0
0
1
0
0
-1
1
0
-1
-1
0
0
0
0
0
1
0
1
0
0
0
1
0
-1
0
-1
0
0
-1
0
0
0
-1
0
0
0
0
0
0
0
0
1
-1
0
0
0
0
-1
0
0
0
0
0
1
0
0
0
0
0
0
0
0
1
1
0
0
0
0
0
0
0
0
0
1
0
-1
0
0
0
0
0
0
0
0
0
0
1
0
1
1
1
0
0
0
0
0
0
0
0
0
0
0
0
-1
0
0
0
-1
0
-1
0
0
0
0
0
0
0
-1
1
0
1
0
0
0
0
1
1
0
-1
0
1
-1
0
0
0
0
0
0
0
0
0
0
0
0
0
1
-1
0
0
0
0
0
0
0
-1
0
-1
0
0
0
0
0
-1
0
1
0
0
0
1
0
0
0
0
0
0
0
0
0
0
0
0
0
0
1
0
1
0
-1
-1
-1
0
0
0
0
0
0
0
-1
0
0
1
-1
0
1
0
0
0
0
0
0
0
-1
0
0
0
0
0
0
0
0
0
0
0
0
0
0
0
0
0
0
0
0
0
0
1
0
1
0
0
0
1
0
0
-1
1
0
-1
0
0
-1
0
0
0
0
-1
0
0
0
0
1
0
0
0
1
0
0
1
-1
0
0
0
0
0
0
-1
0
1
0
0
0
1
-1
0
0
0
-1
0
0
0
-1
0
1
0
-1
0
0
-1
-1
0
0
0
0
-1
-1
-1
0
0
0
0
0
0
0
0
0
1
0
-1
0
1
0
1
0
0
0
-1
0
0
0
0
0
0
-1
1
0
0
0
0
1
0
0
0
-1
0
1
0
0
0
0
0
0
0
0
0
0
-1
1
-1
0
1
0
0
0
0
0
0
0
0
0
0
0
0
0
0
0
1
0
0
0
0
-1
1
0
0
0
0
0
0
0
0
0
0
0
0
-1
0
0
0
-1
0
0
1
1
0
0
0
0
-1
0
1
0
-1
0
0
0
0
-1
0
0
0
0
0
-1
-1
0
0
0
0
1
0
0
0
0
-1
0
0
0
0
0
0
0
0
1
0
-1
0
0
-1
0
0
0
0
0
0
0
0
0
0
0
1
0
0
0
0
-1
-1
0
-1
0
0
0
-1
0
0
0
0
1
1
-1
0
0
-1
-1
0
0
-1
0
0
-1
0
0
-1
1
-1
0
0
-1
0
0
0
0
0
0
0
1
0
0
-1
1
1
0
0
0
0
0
0
0
0
0
1
0
0
0
0
0
0
-1
0
0
-1
0
0
1
0
0
1
0
0
0
1
0
0
0
0
0
0
1
-1
0
0
0
1
0
-1
0
0
0
0
0
-1
0
0
0
0
1
0
0
1
0
0
0
1
0
0
0
0
0
1
0
0
0
0
0
0
0
1
0
0
0
0
-1
0
0
-1
-1
0
-1
0
0
0
1
1
0
0
0
-1
1
0
0
0
0
1
0
1
0
0
1
1
0
0
0
0
0
-1
0
0
0
-1
0
0
1
0
0
0
0
1
0
1
0
0
0
0
-1
0
0
0
0
0
-1
0
0
0
1
1
0
0
-1
0
0
1
0
0
-1
1
0
0
0
0
-1
0
0
0
0
0
0
0
0
0
0
0
1
0
0
0
-1
0
1
0
0
1
-1
0
-1
-1
0
0
0
0
0
0
0
0
-1
0
-1
1
0
1
1
0
0
0
0
0
0
0
0
0
0
0
0
0
0
1
0
-1
0
0
0
0
0
0
-1
0
0
-1
0
0
0
0
0
0
0
1
1
0
0
0
0
0
0
0
-1
0
0
0
0
0
0
-1
-1
0
0
0
0
0
1
0
1
-1
0
0
-1
0
0
0
1
0
0
0
0
0
0
0
1
0
1
0
0
0
-1
-1
0
0
0
0
1
0
-1
0
0
0
0
1
0
-1
0
0
0
0
0
1
0
0
0
0
0
0
0
0
0
0
1
0
0
0
0
0
0
0
0
0
0
0
0
0
-1
-1
0
0
0
0
0
0
-1
0
0
-1
0
0
0
0
0
0
0
0
0
0
0
0
0
0
0
0
0
-1
0
0
1
0
0
-1
1
0
0
0
0
0
0
0
0
0
0
-1
1
0
0
-1
0
0
0
1
0
-1
0
0
0
0
0
0
0
1
-1
0
-1
0
-1
-1
0
0
0
1
0
0
0
0
0
1
0
-1
-1
0
0
0
0
0
0
0
-1
0
-1
0
1
0
0
0
0
1
0
0
0
0
0
-1
-1
0
0
0
0
-1
0
1
0
1
0
0
0
0
-1
0
0
0
-1
0
0
0
0
0
0
0
0
-1
0
0
0
1
0
1
0
-1
0
1
0
0
-1
0
0
0
0
0
0
1
0
1
0
0
0
0
0
1
0
1
0
0
0
1
0
0
0
0
0
-1
0
0
0
0
0
0
0
0
0
-1
0
0
0
0
0
0
0
0
0
0
1
0
1
0
0
1
0
0
1
0
0
1
0
0
1
0
0
0
0
0
0
0
0
0
0
0
1
0
0
-1
0
0
-1
0
-1
0
0
1
1
0
0
0
-1
0
0
0
0
0
0
1
0
0
-1
0
0
0
0
-1
0
1
0
0
0
0
0
0
0
0
0
1
0
0
0
1
0
0
0
0
0
-1
-1
1
0
0
0
0
0
0
1
-1
1
0
-1
1
-1
0
0
-1
1
-1
1
-1
1
-1
-1
0
-2
3
-3
1
0
1
0
-1
2
-1
1
-1
0
1
2
-3
1
0
0
0
-1
2
-1
-2
2
0
-1
-1
1
2
-3
0
2
-2
-1
1
1
0
-1
-1
4
-2
-1
2
-1
-2
0
2
-2
-1
3
1
-3
2
0
-1
1
-1
1
2
-2
1
-1
4
-3
-1
0
4
-3
-1
4
-1
0
-3
5
0
-2
-2
4
2
-7
3
5
-5
-2
4
-1
1
-5
7
-5
3
-2
0
3
-6
6
-4
0
0
-3
4
-1
-2
3
1
-3
3
-3
-1
4
-3
-2
3
-2
-1
2
2
-5
2
5
-8
4
1
3
-5
1
4
-2
-1
-4
7
1
-11
8
0
-5
5
-6
8
-3
-6
7
3
-6
-2
7
1
-8
2
8
-9
3
2
1
-5
4
1
-9
13
-13
9
-4
-2
4
-6
6
-5
2
-1
2
-3
1
3
-1
-4
5
-3
6
-9
11
-9
9
-9
0
16
-23
15
-5
1
0
-7
17
-21
15
1
-19
23
-18
19
-20
9
8
-15
12
-11
12
-7
-5
7
2
-5
0
-1
7
-7
2
-3
13
-10
-4
6
4
-1
-22
36
-19
-7
10
9
-12
-9
26
-18
2
3
-2
3
-5
2
6
-8
4
-2
10
-13
-2
20
-15
-6
16
-1
-7
2
6
-3
-1
-1
1
10
-20
12
10
-17
9
-7
17
-16
-7
24
-10
-12
16
-2
-9
8
-7
17
-23
17
-8
5
3
-21
32
-26
10
0
-1
5
-10
10
-3
-5
2
3
1
-15
20
-10
-5
14
-8
0
-4
9
0
-11
12
-7
9
-3
-15
28
-18
-2
11
0
-11
3
9
-5
-9
11
0
1
-15
10
6
-12
12
-21
25
0
-24
18
8
-17
2
2
23
-36
10
24
-33
23
-21
25
-13
-3
5
1
7
-32
38
-9
-15
0
17
2
-24
16
-10
27
-35
17
7
-20
29
-36
35
-20
0
8
0
3
-18
21
-21
38
-54
45
-19
-14
47
-56
44
-28
7
10
-21
39
-50
26
16
-52
75
-68
34
-7
-5
30
-60
68
-62
53
-31
4
14
-18
20
-37
51
-45
22
-6
9
-11
1
-3
14
-14
5
-6
9
14
-32
17
-9
21
-11
-23
28
5
-7
-28
39
-10
-19
34
-38
23
6
-27
25
-16
20
-39
47
-22
-22
34
-8
-3
-19
26
4
-26
16
-12
19
2
-44
52
-4
-29
-2
28
-4
-19
5
15
-8
0
-29
51
-13
-52
58
2
-40
15
6
18
-37
-1
45
-15
-21
-12
57
-32
-33
28
44
-61
11
11
20
-32
7
-4
29
-27
-21
56
-33
-7
14
-16
24
1
-65
86
-27
-26
0
30
26
-113
106
-21
-19
-1
2
41
-67
32
23
-44
44
-51
51
-26
8
6
-36
72
-66
32
-19
0
52
-99
70
15
-61
39
-17
53
-86
58
-5
-27
47
-71
76
-42
-16
55
-48
16
-34
107
-127
36
71
-96
67
-58
63
-37
1
9
-3
58
-135
141
-52
-52
57
0
4
-59
41
29
-37
-35
68
-8
-50
33
18
-39
22
-16
32
-47
44
-17
-8
25
-56
63
2
-64
18
71
-66
-36
83
-23
-43
35
14
-29
32
-60
68
-2
-50
-2
75
-40
-71
106
-21
-82
89
-38
15
-24
2
33
-13
-15
-16
37
-7
-27
22
35
-70
19
63
-82
38
12
-18
-23
56
-30
-21
31
-8
2
20
-53
59
-21
-18
7
12
11
-58
57
-22
7
-24
54
-62
30
-12
13
-4
0
-35
37
26
-80
66
-3
-2
-11
19
-32
55
-41
-19
50
-2
-45
5
74
-82
-4
95
-99
28
-20
58
-70
22
68
-116
101
-83
72
-47
-57
129
-74
15
-8
3
52
-87
9
86
-40
-62
55
19
20
-141
148
-20
-62
20
15
13
-27
24
-36
39
31
-134
126
-20
-68
36
72
-78
-45
125
-62
21
-47
6
65
-67
12
-23
113
-129
17
82
-47
-20
-32
104
-54
-51
46
49
-62
7
23
10
-26
19
-24
25
18
-41
-42
88
10
-126
85
29
-57
-8
22
70
-98
-10
94
3
-103
25
104
-102
34
-23
59
-48
-48
144
-144
64
40
-67
12
0
41
-69
-15
57
16
-80
31
42
-4
-56
49
13
-51
41
-17
45
-68
63
-27
8
-17
13
8
-56
85
-103
80
-11
-63
71
-33
35
-74
80
-37
-6
-27
27
67
-140
38
109
-85
-80
137
-13
-75
-4
76
-60
70
-107
125
8
-78
21
53
8
-84
23
3
69
-112
29
4
27
-71
-12
92
-89
37
-36
21
69
-122
112
-6
78
-197
224
-105
-21
133
-253
279
-148
14
13
-20
45
-117
143
-98
13
-29
23
-13
0
28
-128
224
-126
-1
66
-108
107
-76
70
-95
72
29
-103
145
-121
17
-11
76
-84
45
7
-37
28
54
-129
54
82
-164
139
-20
-92
46
87
-126
70
9
-51
31
30
-75
40
42
-111
134
-108
50
-54
73
-68
15
67
-111
74
13
-75
31
59
35
-131
41
183
-216
85
-31
111
-96
-32
141
-124
70
-110
145
-85
-131
168
-67
-25
-48
101
65
-223
197
-41
-15
-29
23
100
-223
167
-46
29
19
-118
229
-103
-143
200
-89
4
-99
136
-21
-146
171
-115
77
-130
87
71
-87
-82
184
-43
-71
29
36
22
-92
54
84
-155
57
49
-10
-103
103
-13
31
-46
-24
100
-37
-12
-113
140
51
-286
185
74
-150
19
31
96
-174
110
32
-75
57
-28
11
-13
15
5
-68
158
-104
-38
109
-27
-53
4
90
-98
-59
141
-84
25
-19
-80
185
-141
-33
113
-11
-71
33
9
53
-157
162
-39
-93
132
-117
138
-97
50
36
-40
17
-17
47
-92
134
-94
-80
195
-150
71
-49
40
21
-113
92
-63
43
-43
5
-20
50
-6
-135
235
-168
-22
158
-136
-11
92
-38
-90
195
-255
199
59
-328
395
-191
10
18
87
-100
-36
211
-277
135
95
-242
150
19
-12
-87
101
84
-234
190
-67
13
21
-93
134
-50
-41
-21
82
-28
-82
50
63
-71
-47
116
-61
-80
168
-173
68
63
-149
179
-140
104
-81
25
108
-167
91
37
-80
-22
93
-28
-66
84
49
-171
204
-116
-6
107
-160
70
2
-44
64
-45
17
20
17
-49
15
29
-81
114
-156
209
-155
-47
211
-140
6
12
24
-12
-46
-52
125
5
-177
195
6
-131
35
86
-92
70
-128
116
-8
-56
6
11
81
-143
42
99
-123
12
23
51
-130
104
-33
7
70
-161
158
-2
-71
-32
182
-124
-35
112
-80
46
-59
34
8
-20
2
73
-134
110
-74
-4
57
-61
-22
129
-78
-119
318
-306
87
85
-28
-88
84
-69
114
-76
-69
154
-68
-71
-10
258
-335
158
68
-104
60
-60
87
-91
93
-119
106
17
-153
77
37
-44
-39
11
151
-239
149
-26
-26
108
-188
259
-239
190
-80
-80
151
-42
-116
175
-16
-98
27
88
-100
-19
80
-44
18
-86
118
-82
-15
13
9
20
-30
7
30
-31
2
33
12
-53
36
3
47
-165
143
24
-144
87
69
-161
143
-31
-81
117
-57
9
-71
104
-24
-182
247
-92
-63
116
-113
114
-141
76
15
25
-97
50
111
-182
97
-40
20
-5
-83
150
-28
-139
122
68
-201
190
-158
126
-12
-116
138
-2
-99
22
155
-225
141
-3
-63
55
-27
6
13
-2
-8
13
-36
31
-16
28
-31
-55
108
16
-168
175
4
-127
73
28
-26
-23
37
-51
38
7
-41
61
-41
19
41
-134
157
-175
103
-23
-48
68
-13
-37
38
38
-67
58
-119
239
-243
47
151
-117
-46
80
146
-310
236
-11
-169
118
13
-99
81
-22
-19
56
-92
96
-143
147
-34
-57
64
-86
160
-223
226
-167
77
67
-145
133
-74
-12
93
-21
-69
20
103
-145
97
-37
1
42
-236
395
-364
101
129
-151
69
-30
18
-8
0
54
-87
51
-31
107
-176
92
47
-93
118
-176
231
-207
105
-10
-35
57
-144
228
-110
-90
178
-72
-73
104
-41
-85
184
-148
-6
200
-262
77
96
-44
-197
275
-24
-274
339
-141
-73
93
26
-88
43
58
-135
171
-124
34
85
-140
91
-36
26
-71
72
37
-149
112
19
-103
61
2
-30
68
-134
129
-13
-136
184
-94
14
-88
227
-204
45
89
-166
197
-157
108
-77
12
58
-155
287
-288
102
121
-147
50
-34
146
-203
98
61
-179
191
-135
22
20
-44
32
-12
118
-235
202
7
-250
315
-153
-49
181
-234
189
-52
-34
121
-217
223
-147
75
-12
-82
199
-274
221
-66
-88
108
-110
116
-56
-86
218
-197
57
-70
221
-251
97
163
-297
161
80
-143
14
93
-118
51
22
-14
26
-71
111
-72
28
-31
82
21
-224
346
-289
68
45
2
-50
-53
144
-156
154
-71
-22
107
-194
190
-57
-69
123
-92
-80
180
-72
-107
67
105
-214
128
-44
-15
116
-192
185
-62
-31
61
-58
53
45
-88
-2
139
-167
13
215
-196
2
118
-76
-39
128
-139
22
83
-70
-29
79
-15
-92
54
79
-96
-7
44
32
-109
69
62
-196
178
-62
16
-11
-57
117
-106
101
-78
9
118
-207
219
-168
0
147
-153
164
-133
14
21
-5
-10
-38
67
-11
-27
38
-111
142
-96
-12
106
-157
140
-91
12
63
-39
-2
-53
136
-106
68
-34
-20
202
-175
-82
237
-193
67
57
-152
157
-36
-48
3
159
-267
157
112
-245
182
-113
122
-106
47
43
-185
205
-177
165
-110
2
99
-128
95
-112
89
-65
33
-4
-47
111
-144
43
90
-225
175
-10
-15
-40
41
43
-95
93
-69
-47
34
54
-10
-102
80
17
-65
27
62
-64
53
-70
84
2
-114
158
-119
177
-37
28
-25
59
-73
-11
151
-181
-84
173
-30
-123
-69
76
-31
-93
235
-193
31
8
-33
103
-111
-75
14
271
-188
44
237
-212
100
8
-17
22
-40
65
-53
64
-1
-82
83
-118
-15
50
-107
168
-123
-38
0
33
4
-23
52
-106
166
-142
71
0
-31
-51
61
66
-114
124
-18
-179
149
-30
-73
124
-88
19
3
63
-116
81
62
-235
307
-182
-9
159
-123
112
-16
-83
106
2
-10
-37
156
-44
-229
318
-127
12
6
-70
60
-99
177
-215
151
-22
-137
139
-69
-212
174
39
-183
161
-81
-3
107
-98
-52
160
-128
0
169
-157
32
43
-65
48
-82
9
-93
166
-209
-47
229
-281
-45
87
-85
34
118
-56
14
-92
274
-105
-11
235
-275
217
134
-106
-33
142
-59
-50
255
-316
40
280
-227
-60
274
-360
-98
313
-264
-35
111
-180
-144
138
-197
-88
-70
43
-128
-93
54
-350
167
-151
-180
81
-120
-53
-42
103
-248
169
47
-42
-86
240
-87
-24
418
-70
132
172
139
9
170
35
18
79
84
54
37
117
-206
32
-39
-164
-1
-185
51
-155
-125
35
-160
-155
-55
-76
-79
40
-189
182
23
-279
366
-81
-115
213
25
27
182
103
-65
267
87
-75
329
66
56
360
169
179
169
242
82
110
245
39
187
247
136
272
35
62
31
31
12
-121
83
-76
-277
141
-265
-171
-125
-280
-159
-243
6
-390
132
-292
-283
-32
-254
-125
-147
-107
-239
-130
-171
-211
-117
-250
-217
14
-274
-138
-93
-135
-246
-152
-29
-286
-17
-167
156
-145
-48
12
-118
176
-117
184
122
68
240
214
104
74
213
157
-12
325
41
173
345
41
237
103
276
0
281
168
-2
236
27
225
-69
82
96
98
143
35
26
6
-129
-8
29
-71
5
-24
81
-136
83
-40
-9
31
-30
107
80
39
56
194
-15
163
122
141
133
207
162
78
133
88
243
50
105
135
119
-20
78
-17
-94
-57
-162
-33
-186
-192
-144
-188
-280
-216
-305
-386
-223
-269
-297
-310
-305
-356
-311
-330
-346
-314
-388
-376
-346
-335
-367
-283
-311
-197
-120
-82
-63
24
29
-4
188
73
136
222
207
179
173
214
18
86
83
57
83
35
39
-47
4
-12
17
77
161
146
171
236
309
272
333
440
428
534
536
571
573
628
558
629
677
597
721
727
644
595
490
496
360
340
324
293
352
275
226
167
118
-30
33
-65
-58
17
-53
-48
-130
-213
-301
-273
-347
-425
-349
-407
-425
-478
-642
-704
-807
-1006
-1191
-1213
-1420
-1548
-1659
-1891
-2030
-2299
-2383
-2521
-2486
-2598
-2754
-2847
-2750
-1928
-1361
-998
-780
-131
645
1100
1643
1913
2407
2759
3392
3846
4013
4020
3881
3789
3269
3050
2915
2676
2159
1434
1103
807
192
-530
-1288
-1740
-1951
-1911
-1917
-2187
-2390
-2480
-2362
-2423
-2335
-2033
-1529
-1141
-840
-362
432
1160
1525
1695
2023
2652
3231
3613
3581
3535
3430
3431
3230
2640
2146
1848
1631
1334
935
687
441
9
-385
-593
-648
-775
-898
-958
-977
-983
-1069
-1204
-1469
-1636
-1677
-1732
-1865
-2070
-2153
-2308
-2499
-2899
-3212
-3423
-3819
-4064
-4438
-4668
-5083
-5271
-5503
-5805
-6228
-6392
-4641
-2326
-830
-1195
-1231
355
2118
3470
3624
4169
4702
6060
7257
7435
6667
5713
5576
5140
4570
4162
4460
3927
2098
358
-132
-189
-901
-2398
-3578
-3499
-2362
-1504
-2227
-3712
-4575
-3736
-2463
-1859
-1668
-929
91
484
522
565
1204
1466
1257
1083
2033
3729
4554
4056
2947
2788
3368
3869
3596
2836
2531
2793
3294
2712
1409
397
525
891
641
420
622
998
740
212
200
365
45
-461
-515
-275
-377
-829
-1697
-2418
-2735
-2886
-3318
-4057
-4413
-4343
-4269
-4393
-4868
-5210
-5561
-5624
-5655
-5902
-6020
-6411
-6209
-6382
-6299
-6786
-5983
-3012
-137
1242
216
1203
3050
5654
6282
6336
6600
7483
9160
9688
9184
7190
6271
5737
5065
3704
3406
3229
1812
-814
-2786
-3104
-3187
-3888
-5838
-6572
-5514
-3250
-2537
-3902
-5759
-5703
-3438
-1301
-260
86
1450
2910
3535
3144
3179
3864
4280
3966
3833
4932
6290
6191
4120
2102
1608
2608
3050
2108
725
553
1171
1163
108
-1337
-1769
-1188
-263
29
-31
187
652
542
154
185
587
659
277
262
593
582
-378
-1727
-2506
-2646
-2709
-3179
-3935
-4469
-4444
-4419
-4859
-5610
-6076
-6160
-6034
-6023
-6231
-6305
-6581
-6363
-6605
-6383
-6884
-4936
-1234
2166
2597
1497
3242
5435
8248
7854
7978
7826
9305
10747
10858
9182
6321
5281
4358
3567
1787
1410
676
-1002
-4053
-5908
-5979
-5579
-6133
-7912
-7720
-5467
-2169
-1739
-3412
-5102
-3793
-319
2617
3696
3826
5237
6555
6943
5805
5364
5624
5868
4877
4170
4665
5022
3398
-49
-2196
-2214
-927
-707
-1614
-2567
-2228
-1051
-566
-1337
-2242
-1485
532
2188
2418
2205
2465
2779
2259
1651
1546
1854
1792
1100
533
-63
-878
-2424
-3874
-4642
-4480
-4388
-4999
-5720
-6055
-5840
-5757
-5941
-6137
-5918
-5183
-4582
-4124
-4220
-4184
-4218
-3809
-3682
-3509
-3900
-3790
-301
3623
5974
3591
3012
4422
7590
8528
7420
6614
6597
8357
8504
7475
4205
2183
1149
829
-376
-1123
-1135
-1984
-4175
-6653
-6726
-5467
-4110
-5172
-6016
-4446
-618
1824
707
-1576
-1988
1386
5173
6932
5958
5641
6489
7009
5804
4060
3711
3844
3178
1344
706
937
515
-2113
-4761
-4938
-2976
-1133
-1319
-2262
-2178
-600
1043
1548
1165
1346
2819
4692
5138
3983
2973
2984
2831
1960
1229
1149
825
-333
-1476
-2157
-2581
-3659
-4939
-5484
-5083
-4483
-4720
-5582
-6287
-5870
-5217
-4831
-4950
-4846
-4438
-3749
-3353
-3349
-3808
-3824
-3716
-3619
-3766
-3868
-720
2892
5189
3121
2155
3598
6493
8124
6968
6129
5833
7645
8190
7339
4110
1700
1042
1246
550
-783
-1083
-1598
-3126
-5649
-6341
-5068
-3168
-3570
-4936
-4219
-867
2413
2082
-320
-1685
762
4599
6676
5733
4421
4575
5221
4743
2943
2053
1844
1554
34
-895
-634
-404
-1730
-3743
-4054
-2402
-326
62
-891
-1189
103
2068
2911
2621
2345
3200
4593
4696
3506
2446
2564
2685
2128
967
191
-189
-999
-2215
-3212
-3497
-3856
-4611
-5407
-5563
-5204
-5251
-5782
-6195
-5586
-4601
-4028
-4209
-4390
-4208
-3673
-3520
-3445
-3629
-3714
-3689
-3860
-3933
-3800
-569
2956
4790
2758
1831
3782
6712
8018
6585
5858
5888
7662
8122
7171
4228
1859
1043
997
502
-521
-761
-1513
-3028
-5285
-5728
-4475
-2912
-3285
-4470
-3354
-31
2864
2251
51
-824
1534
4860
6295
5427
4370
4423
4487
3749
2196
1265
758
84
-1220
-1527
-761
-385
-1432
-2781
-2889
-1617
95
740
301
178
1351
3054
3815
3199
2639
3085
3957
3726
2650
2008
2131
2174
1458
357
-643
-1341
-1990
-2685
-3047
-3344
-3631
-4303
-4898
-5176
-5100
-5188
-5632
-5728
-5026
-4044
-3694
-3774
-4147
-4111
-4304
-4184
-4472
-4533
-4708
-4720
-4839
-4434
-878
2997
4744
2261
1173
3032
6541
8018
6828
6071
6380
7998
8136
6923
4017
1876
1058
1223
928
140
-373
-1288
-2805
-4984
-5329
-3915
-2038
-2333
-3316
-2249
957
3554
2614
377
-350
2202
5248
6108
4824
3714
3990
3904
2548
407
-611
-817
-1272
-2556
-3483
-2740
-1351
-1306
-2661
-3132
-1661
185
922
1152
2029
3354
4320
4716
4390
3823
3642
3965
3808
3013
2382
2355
2010
620
-987
-2035
-2413
-2994
-3735
-4191
-4080
-3800
-4434
-5400
-6122
-5954
-5594
-5388
-5018
-4240
-3160
-2953
-3354
-3797
-3979
-3907
-4174
-4371
-4812
-4875
-5043
-4852
-2541
1071
3710
2705
1385
2203
5203
7457
7287
6184
5791
7290
8423
7717
4863
2319
1523
1944
1819
818
27
-641
-1656
-3607
-4783
-4249
-2356
-1637
-2454
-2238
316
3402
3730
1523
-419
733
3990
6076
5512
4026
3722
3951
2945
476
-1617
-2027
-1686
-1826
-2279
-2113
-1602
-1810
-2721
-3167
-2143
-215
1165
1641
2339
3715
5141
5244
4038
3019
3375
4317
4306
3237
2298
2134
1909
714
-1274
-2971
-3617
-3542
-3386
-3534
-3988
-4393
-4756
-5068
-5301
-5479
-5454
-5022
-4306
-3356
-2590
-2268
-2732
-3504
-3758
-3645
-3662
-4214
-4636
-5029
-5211
-5740
-5185
-2051
1624
2843
1028
630
2872
6204
7450
6447
5491
5930
7340
7803
6673
4109
2099
1683
2208
1814
763
-264
-1047
-2094
-3624
-4287
-3483
-1980
-2011
-2675
-1604
1563
4133
3431
963
-151
1802
4624
5796
5054
4181
4083
3679
2020
-475
-2074
-2319
-1690
-1563
-1596
-1441
-1247
-1791
-2866
-2929
-1516
439
1580
2165
2982
4223
4876
4333
3082
2598
3170
4099
4073
3094
2195
1719
1056
-404
-2055
-3291
-3528
-3352
-3158
-3474
-3966
-4670
-5262
-5587
-5407
-4993
-4774
-4406
-3959
-3272
-3149
-3198
-3498
-3747
-4156
-4342
-4342
-4429
-4733
-5463
-6126
-4776
-745
3112
3676
1670
1324
3550
6604
7678
7129
6481
6725
7518
7404
5794
3119
1342
830
960
654
226
-286
-1302
-2941
-4463
-4381
-2915
-1683
-2155
-2491
-608
2841
4746
3560
1210
605
2716
5209
5804
4865
4236
4183
3366
1116
-1299
-2436
-2265
-2010
-2192
-2273
-1806
-1525
-2029
-2940
-2828
-1295
779
2019
2375
3002
4112
5026
4664
3595
2909
3376
4095
4030
3166
2258
1477
387
-961
-2304
-3140
-3559
-3839
-4161
-4379
-4603
-5202
-5867
-5992
-5345
-4624
-4384
-4318
-3842
-3038
-2631
-2881
-3170
-3156
-3047
-3347
-4069
-4615
-4737
-4904
-5671
-4948
-1326
2921
4108
2049
1147
2744
5731
6923
6497
5899
6431
7563
7276
5281
2229
551
184
471
309
32
-280
-1163
-2681
-4369
-4597
-3225
-1608
-1607
-1771
54
3404
5206
3718
1078
388
2596
5290
6180
5437
4740
4255
2983
556
-1690
-2500
-2003
-1357
-1127
-979
-886
-1135
-2054
-2716
-2122
-225
1669
2488
2654
3267
4288
4525
3656
2453
2306
3056
3752
3425
2456
1562
639
-546
-1889
-2685
-3089
-3252
-3613
-3967
-4285
-4563
-4989
-5436
-5317
-4941
-4344
-4141
-3928
-3740
-3131
-2653
-2875
-3278
-3468
-3255
-3479
-4069
-4911
-5509
-5432
-2864
1119
4070
3446
1994
2368
4394
5977
5658
5514
6128
7675
7654
5825
2539
-23
-943
-774
-653
-1093
-1236
-1626
-2304
-3865
-4886
-4483
-2874
-1722
-1510
-241
2729
5505
5395
2968
1131
2121
4805
6400
5924
5022
4891
4580
2566
-520
-2632
-2849
-2142
-1835
-1721
-1627
-1542
-2007
-2595
-2814
-1922
-327
1103
1736
2404
3607
4509
4191
2999
2535
3008
3765
3493
2552
1742
1413
868
-473
-2063
-3351
-3678
-3677
-3758
-4165
-4637
-4981
-5109
-4843
-4457
-3979
-3770
-3586
-3430
-2726
-1858
-1495
-2048
-2858
-2938
-2733
-2821
-3762
-4673
-5482
-5239
-2360
1701
4166
2742
827
1066
3651
5670
5500
4930
5326
6889
7071
5331
2153
-156
-937
-618
-559
-789
-761
-1013
-1951
-3738
-4707
-4102
-2268
-1311
-1167
184
3321
6027
5373
2601
767
2315
5412
6790
5784
4430
4500
4333
2554
-662
-2593
-2583
-1590
-1178
-1514
-1563
-1438
-1267
-2014
-2300
-1351
667
2060
2214
2332
3026
3938
3654
2654
1817
2244
3056
3046
1890
470
-104
-462
-1066
-2334
-3319
-3839
-3847
-3965
-4438
-4972
-5142
-4902
-4736
-4560
-4394
-4100
-3871
-3444
-3102
-2600
-2687
-2865
-3279
-3456
-3534
-4047
-4919
-5790
-3398
797
4363
3869
2154
1858
3495
5330
5290
5090
5118
6286
6403
5415
2787
236
-1109
-1355
-1502
-2111
-1872
-1635
-1670
-3247
-4472
-4204
-2419
-1252
-1378
-281
2740
6233
6617
4391
2156
2758
5158
6526
5958
4967
5023
4878
3456
665
-1510
-2489
-2274
-1836
-1753
-1820
-1921
-1803
-2192
-2257
-1627
-22
1423
2044
2527
3405
4395
4167
2983
2063
2242
2910
2858
1890
938
469
-133
-1404
-2716
-3596
-3950
-4217
-4496
-4673
-4701
-4783
-5583
-6198
-5911
-4542
-3563
-3315
-3425
-3132
-2423
-1947
-1920
-2122
-2302
-2508
-2793
-3303
-3950
-4527
-2594
966
3735
3167
1397
1324
2761
4351
4271
4260
4766
5757
5447
4066
2079
343
-426
-487
-379
-907
-1125
-1252
-1389
-2265
-3233
-3195
-2146
-1126
-912
245
2664
5105
5201
3247
1719
2352
4502
5714
5384
4568
4439
4270
2967
466
-1285
-1299
-499
-232
-536
-557
-673
-742
-858
-576
-27
841
1776
2274
2717
3144
3720
3557
2406
1035
719
1428
1655
853
-215
-686
-926
-1820
-3340
-4460
-4634
-4312
-4188
-4416
-4693
-5088
-5692
-6058
-5801
-5076
-4571
-4384
-4348
-4173
-3865
-3484
-3414
-3448
-3518
-3454
-4057
-3389
-147
3903
5622
3986
3112
3615
5473
5404
4790
4721
5776
6191
4772
2552
286
-725
-1536
-2004
-2890
-2957
-2490
-1917
-2016
-3027
-3325
-2522
-1162
-1098
-926
1077
4583
6658
5552
3241
2261
3517
4694
4624
4152
4611
5162
4159
1516
-1000
-1880
-1476
-1077
-1261
-1433
-894
-230
-177
-709
-702
111
1195
1879
2566
3660
4583
4686
3798
2815
2126
2015
1954
1502
866
385
-48
-1050
-2394
-3449
-4029
-4387
-4749
-5047
-5116
-4973
-5214
-5768
-6071
-5765
-5082
-4620
-4402
-4137
-3211
-2528
-2111
-2256
-2145
-2231
-2546
-2789
-2935
-2563
-2167
225
2891
4858
3716
2369
1949
3006
4027
4128
4735
5227
5522
3903
2056
255
-387
-455
-441
-746
-1467
-1383
-1162
-839
-1669
-2531
-2525
-1434
-476
-243
798
2648
4457
3918
2113
715
1425
3113
3858
3463
2996
3463
3514
2352
407
-303
270
868
705
391
789
1498
2025
1953
1779
1757
1952
2191
2301
2720
3424
3927
3334
1890
554
48
-31
-513
-1241
-1709
-1638
-1711
-2511
-3738
-4842
-5264
-5461
-5659
-5742
-5573
-5311
-5489
-5891
-6268
-6300
-6474
-6726
-6585
-5728
-4410
-3819
-3802
-4228
-4214
-2343
1237
4667
5779
5942
6639
8003
8708
8001
6603
5707
5620
5248
4286
2537
1007
-491
-1760
-3704
-5591
-6154
-5145
-3557
-2874
-3062
-3069
-2154
-1334
-1183
-455
1976
5149
6686
5959
4497
4166
4710
4536
3242
2276
2529
3022
2413
681
-1031
-1842
-1910
-2102
-2554
-2510
-1269
437
1401
1144
702
1150
2348
3464
4289
5154
5897
5906
5147
4105
3161
2451
1658
863
170
-276
-862
-1955
-3204
-4180
-4682
-4960
-5173
-5405
-5635
-5767
-5629
-5442
-5310
-5616
-5764
-5644
-5081
-4619
-4314
-4059
-4073
-3786
-3687
-3283
-3415
-3358
-3816
-2853
147
3945
6131
5475
4861
4710
5893
6028
5669
4971
5052
5113
4520
3412
1676
341
-1035
-1846
-2977
-3349
-2936
-1785
-929
-1382
-1904
-1904
-937
-832
-864
-49
2352
4565
4750
3463
2128
2243
2393
1981
931
999
1717
2200
1834
995
570
194
-173
-858
-623
455
2167
3505
4088
3845
3117
2792
2693
2939
3238
3706
4020
3933
3310
2216
946
-493
-1754
-2563
-2682
-2532
-2589
-2940
-3531
-4139
-4948
-5798
-6508
-6550
-6158
-5845
-5860
-5900
-5739
-5680
-6248
-7049
-7536
-7147
-6460
-6009
-6174
-5562
-2521
1662
4664
4906
4994
5856
7692
8486
8351
7830
7709
7503
6662
5372
3780
2439
989
-664
-2930
-4605
-5007
-4108
-3226
-3407
-3909
-3624
-2181
-1215
-865
-19
2085
4230
4695
3926
3538
4595
5624
5300
3609
2444
2099
1835
697
-605
-1198
-1340
-1604
-2421
-2845
-2448
-1401
-448
350
1180
2007
2724
3209
3616
4271
5104
5768
5864
5411
4885
4372
3772
2593
1058
-452
-1549
-2289
-3050
-3628
-4084
-4390
-4895
-5523
-6139
-6455
-6481
-6519
-6443
-6178
-5648
-5356
-5310
-5406
-5269
-5108
-5070
-5216
-4966
-4501
-4114
-4229
-3311
-704
2617
4500
4674
5083
6069
7328
7064
6413
5517
5404
4805
4183
3357
2806
2185
1042
-486
-2274
-3144
-3100
-2188
-1691
-1794
-1918
-1423
-352
298
876
1691
2999
3569
3037
2190
2276
3287
3849
3438
2366
1780
1145
412
-513
-790
-761
-832
-1064
-1178
-733
-137
756
1433
2023
2490
3160
3969
4387
4540
4517
4866
4970
4777
4364
4081
3605
2433
786
-1007
-2234
-3268
-4047
-4739
-5060
-5255
-5682
-6437
-7255
-7595
-7814
-8002
-8330
-8315
-7844
-7264
-6731
-6554
-6359
-6550
-6585
-6770
-6288
-3886
-280
3435
5005
6012
6396
7526
8069
8069
7273
6334
5664
4828
4450
3717
3453
2535
1389
-933
-3115
-4562
-4614
-3854
-3644
-3692
-3673
-2378
-1023
149
1085
2403
3881
4216
3758
3151
3992
5118
5639
4769
3823
3527
3480
2972
1756
559
-730
-1696
-2738
-3304
-3280
-2504
-1439
-766
-266
206
1209
2120
2782
3138
3808
4767
5483
5757
5678
5790
5667
5303
4103
2686
1199
-21
-1275
-2554
-3552
-4365
-4765
-5270
-5886
-6813
-7524
-8083
-8384
-8371
-8016
-7395
-6832
-6363
-6136
-5874
-5617
-5255
-5372
-5555
-5837
-4748
-2287
900
3179
4278
5334
6365
7521
7367
6917
6018
5712
4803
3930
3193
3032
2858
2113
930
-715
-1809
-2502
-2608
-3044
-3629
-4028
-3637
-2471
-1500
-535
500
1834
2529
2491
2183
2434
3174
3532
3410
3102
3475
3702
3727
3053
2450
1854
1255
495
-370
-826
-953
-656
-436
76
667
1308
1744
1964
2299
2704
3243
3475
3737
3863
4060
4065
3945
3688
3080
2214
881
-511
-1874
-2782
-3607
-4323
-5133
-5892
-6537
-6986
-7260
-7650
-8113
-8605
-8831
-8728
-8370
-7973
-7459
-7011
-6756
-6682
-5814
-3882
-1310
799
2208
3619
5348
7045
7809
7946
7590
7159
6261
5274
4460
4196
4044
3606
2776
1682
640
-317
-871
-1419
-2139
-3237
-4011
-4004
-3348
-2445
-1536
-364
550
907
617
441
944
1701
2191
2052
2028
2254
2698
2948
3037
2931
2637
2298
1809
1525
1376
1541
1661
1772
1758
1763
1908
2011
2008
1889
2041
2289
2512
2508
2523
2641
2857
2913
2626
2112
1510
772
-69
-901
-1620
-2266
-2978
-3799
-4525
-4964
-5272
-5646
-6072
-6281
-6194
-5972
-5746
-5661
-5545
-5362
-5285
-5534
-5873
-6006
-5874
-5694
-5451
-4685
-3296
-1665
-446
570
1699
3196
4575
5434
5459
5093
4691
4557
4566
4558
4576
4558
4543
4376
4145
3797
3356
2474
1334
155
-666
-1186
-1713
-2286
-2546
-2332
-1965
-1779
-1740
-1600
-1307
-1047
-943
-831
-418
73
415
613
999
1663
2381
3054
3494
3987
4520
4973
4944
4638
4339
4041
3580
3007
2591
2469
2538
2380
1994
1567
1361
1288
1146
832
352
-170
-707
-1091
-1229
-1379
-1680
-2192
-2655
-3047
-3374
-3725
-4066
-4421
-4935
-5322
-5197
-4631
-4101
-3998
-4260
-4425
-4443
-4480
-4737
-5028
-5190
-5320
-5576
-5688
-5111
-3841
-2351
-1297
-498
270
1191
2043
2694
3093
3360
3622
3859
4125
4343
4587
4800
5071
5123
4919
4605
4416
4232
3716
2788
1726
917
304
-250
-780
-1181
-1427
-1540
-1629
-1630
-1466
-1178
-953
-812
-748
-749
-778
-708
-407
116
754
1468
2287
3163
3909
4394
4615
4605
4493
4252
3916
3500
3193
2994
2850
2611
2227
1759
1170
582
-67
-572
-1007
-1340
-1565
-1625
-1478
-1419
-1467
-1663
-1838
-2022
-2310
-2629
-2898
-2981
-2909
-2785
-2703
-2672
-2784
-3074
-3487
-3795
-4009
-4239
-4570
-4826
-4919
-4900
-4950
-5223
-5579
-5731
-5351
-4488
-3431
-2669
-2047
-1299
-230
937
1852
2365
2723
3201
3696
4050
4149
4099
3985
3871
3698
3605
3612
3747
3818
3675
3250
2696
2175
1642
1003
359
-80
-192
-142
-82
4
163
313
278
52
-155
-60
280
594
644
690
935
1408
1900
2223
2291
2170
2177
2382
2777
3103
3293
3310
3161
2836
2395
1944
1462
948
388
11
-184
-294
-480
-614
-717
-798
-1009
-1352
-1499
-1558
-1568
-1794
-1964
-2038
-1943
-1858
-1858
-2020
-2254
-2548
-2963
-3282
-3419
-3260
-3071
-3073
-3264
-3588
-3878
-4196
-4437
-4650
-4733
-4669
-4518
-4143
-3657
-3099
-2780
-2416
-1880
-1000
61
1045
1743
2173
2545
2853
3048
3066
3118
3336
3623
3784
3741
3619
3540
3390
3065
2572
2157
1993
1996
1864
1544
1148
822
581
291
1
-170
-19
269
501
669
856
1083
1123
998
836
986
1357
1706
1816
1926
2200
2631
2955
2988
2749
2273
1641
928
316
-61
-189
-205
-209
-240
-168
-37
80
9
-135
-293
-299
-102
-18
-119
-423
-726
-1100
-1471
-1839
-2070
-2101
-2195
-2348
-2728
-3043
-3347
-3543
-3747
-3812
-3793
-3675
-3585
-3571
-3561
-3409
-3175
-3053
-3115
-3437
-3744
-3777
-3421
-2947
-2598
-2194
-1678
-823
65
873
1389
1711
1939
2129
2314
2450
2662
2842
3025
3089
3196
3220
3314
3426
3491
3397
3092
2873
2699
2596
2278
1757
1218
890
800
718
633
598
719
743
616
490
580
737
897
1023
1235
1541
1860
2033
2026
1936
1785
1598
1425
1280
1064
880
718
613
421
198
0
-46
-17
-75
-75
-63
30
48
32
-19
-134
-228
-492
-779
-1114
-1388
-1552
-1823
-1994
-2244
-2433
-2618
-2932
-3274
-3528
-3537
-3458
-3369
-3322
-3294
-3119
-2988
-2928
-3027
-3193
-3380
-3590
-3827
-3927
-3833
-3553
-3111
-2656
-2123
-1484
-731
92
844
1382
1657
1804
2005
2231
2383
2485
2538
2676
2801
2905
2968
2969
3028
3018
3041
2935
2811
2667
2590
2453
2160
1878
1646
1654
1611
1488
1258
1161
1214
1308
1390
1463
1562
1607
1480
1219
1044
1012
1006
895
787
820
923
989
857
572
267
60
-73
-104
-111
-27
95
218
290
195
130
81
50
-115
-280
-445
-504
-550
-655
-853
-1106
-1431
-1830
-2161
-2367
-2477
-2640
-2825
-2864
-2753
-2640
-2671
-2732
-2801
-2874
-3041
-3298
-3514
-3629
-3814
-4130
-4491
-4619
-4420
-4005
-3560
-3255
-2720
-2090
-1309
-509
229
847
1385
1907
2344
2643
2768
2742
2789
2911
2932
2912
2862
3156
3543
3778
3670
3405
3292
3195
3049
2615
2214
2024
1985
1858
1526
1167
971
997
1031
1012
1009
1077
1191
1202
1120
1095
1208
1272
1199
1080
1128
1356
1490
1360
1060
778
581
453
226
-35
-179
-237
-266
-320
-400
-428
-413
-326
-320
-306
-278
-292
-457
-710
-941
-993
-1108
-1387
-1803
-2207
-2294
-2311
-2290
-2401
-2493
-2632
-2781
-2905
-3040
-3228
-3553
-3943
-4253
-4328
-4372
-4516
-4707
-4619
-4173
-3634
-3298
-2960
-2344
-1409
-449
248
774
1294
1876
2321
2458
2418
2298
2355
2515
2754
2926
3053
3311
3577
3824
3782
3578
3388
3288
3053
2606
2212
2119
2128
1939
1530
1111
910
894
945
979
971
1021
1160
1381
1612
1722
1651
1519
1372
1230
1207
1273
1369
1264
998
777
698
647
515
259
-50
-168
-131
-123
-201
-364
-500
-517
-481
-499
-583
-659
-735
-896
-1102
-1392
-1666
-1990
-2351
-2582
-2724
-2770
-2988
-3287
-3582
-3807
-4019
-4339
-4594
-4746
-4691
-4801
-5078
-5557
-5893
-5715
-4990
-3934
-3081
-2217
-1301
-25
1264
2224
2663
2936
3230
3557
3714
3602
3311
3024
2872
2713
2661
2605
2837
3103
3264
3072
2730
2402
2194
1834
1235
715
547
734
762
639
443
485
786
1206
1670
2002
2251
2283
2349
2474
2658
2750
2611
2314
2078
2090
2251
2319
1986
1456
909
584
401
168
-157
-485
-618
-573
-353
-212
-245
-460
-662
-742
-797
-888
-958
-1109
-1332
-1430
-1465
-1529
-1797
-2338
-2977
-3456
-3892
-4415
-5032
-5529
-6035
-6385
-6680
-6868
-7050
-7276
-7526
-7478
-6489
-4877
-3235
-2092
-760
868
2873
4485
5514
5822
5941
5894
5546
4908
4110
3294
2429
1797
1329
1075
1015
1196
1319
1245
738
212
-91
-217
-525
-911
-959
-571
177
740
1281
1864
2638
3341
3905
4241
4340
4279
3975
3769
3626
3478
3190
2729
2289
1944
1693
1485
1030
365
-314
-767
-843
-722
-624
-502
-265
268
932
1467
1619
1521
1322
1149
914
509
88
-375
-865
-1368
-1796
-2152
-2573
-3204
-4050
-4849
-5585
-6363
-7286
-8116
-8791
-9211
-9535
-9764
-9829
-9783
-8692
-6751
-4289
-2415
-655
1369
3845
6317
7825
8314
8078
7871
7333
6514
5026
3303
1588
528
-83
-484
-919
-1091
-1038
-1010
-1351
-1817
-1934
-1804
-1767
-2077
-1846
-737
1010
2364
3109
3921
4936
5962
6411
6337
5884
5238
4517
3724
3128
2628
2021
1372
712
228
-30
-159
-385
-839
-1323
-1502
-1201
-559
27
410
943
1840
2866
3666
3963
3761
3374
3022
2630
1994
1270
521
-248
-1015
-1690
-2320
-2935
-3833
-4949
-6206
-7170
-8053
-9016
-9990
-10779
-11049
-11182
-11156
-10991
-9514
-6732
-3489
-1192
767
3122
6081
8715
9950
9916
9192
8611
7621
6194
4210
2053
-32
-1386
-2173
-2669
-3314
-3675
-3741
-3878
-4305
-4767
-4718
-4216
-3570
-3215
-2231
-77
2602
4655
5959
7102
8248
9189
9312
8633
7417
6094
4626
3233
2175
1402
558
-549
-1506
-2117
-2152
-2134
-2369
-2868
-3181
-2985
-2187
-996
157
995
1908
3108
4401
5479
5825
5423
4682
4079
3606
2948
2065
1086
43
-824
-1553
-2294
-3329
-4658
-6179
-7506
-8617
-9682
-10846
-11896
-12386
-12327
-12006
-11735
-10184
-6908
-2886
129
2353
4988
8351
11353
12601
12114
10756
9587
8205
6439
4201
1752
-798
-2623
-3602
-4153
-4961
-5760
-6242
-6663
-7070
-7422
-7069
-6041
-4782
-3651
-1899
1060
4655
7438
8954
9883
10640
11145
10809
9708
7917
6090
4424
2998
1861
920
163
-923
-2204
-3159
-3527
-3503
-3599
-3930
-3977
-3348
-2031
-441
1121
2455
3538
4564
5621
6424
6507
5790
4741
3908
3328
2538
1561
728
-173
-1159
-2340
-3528
-4871
-6424
-8152
-9953
-11192
-12075
-12653
-13075
-13060
-12451
-11437
-9151
-5428
-1217
1801
4140
6770
10014
12787
13735
12730
10920
9479
7819
5739
3033
213
-2487
-4384
-5584
-6305
-7000
-7534
-7822
-8212
-8432
-8301
-7358
-5716
-3880
-2172
86
3223
6648
9185
10397
10749
10706
10340
9346
7770
5625
3459
1476
188
-540
-1197
-1975
-2939
-3680
-4012
-3885
-3567
-3444
-3252
-2628
-1442
339
2315
4142
5503
6469
7285
7941
8289
7793
6450
4887
3713
2875
1993
1024
-91
-1134
-2189
-3308
-4468
-5936
-7587
-9409
-10920
-11783
-12161
-12304
-12223
-11597
-10631
-9031
-6226
-2324
1453
3841
5841
8253
10965
12773
12655
11004
9025
7375
5643
3496
910
-1884
-4329
-5897
-6618
-6989
-7300
-7550
-7702
-7689
-7433
-6631
-5161
-3321
-1583
253
2780
5967
8815
10317
10606
10251
9557
8406
6816
4752
2625
701
-981
-2076
-2480
-2499
-2822
-3569
-4311
-4460
-4126
-3744
-3464
-3165
-2403
-1040
806
2826
4634
5963
6800
7566
8190
8265
7542
6279
5000
3879
2839
1820
825
-217
-1471
-2767
-3911
-5133
-6571
-8200
-9684
-10677
-11027
-11159
-11087
-10777
-10061
-8118
-4849
-1060
1864
4057
6347
8929
11208
12048
11201
9419
7515
5477
3309
1162
-980
-3112
-4825
-5977
-6690
-7145
-7247
-7142
-7226
-7328
-7021
-5777
-3819
-1776
7
2169
5096
7987
9801
10313
10061
9399
8309
6554
4430
2301
457
-1154
-2207
-2605
-2605
-2602
-2853
-3308
-3620
-3504
-3269
-3200
-3152
-2899
-2161
-858
677
2082
3163
4043
4827
5565
6166
6273
5673
4793
4138
3702
3128
2269
1193
-16
-1220
-2403
-3559
-4699
-5887
-7149
-8344
-8986
-8959
-8738
-8504
-8275
-7680
-5818
-2560
868
3276
4980
6971
9359
11266
11740
10467
8321
6160
4040
1831
-355
-2475
-4458
-5935
-6685
-6933
-7009
-6923
-6876
-6957
-6814
-6205
-4812
-2877
-963
854
3132
6045
8675
10183
10403
9873
8831
7243
5248
3141
1234
-313
-1570
-2432
-2722
-2377
-1972
-2129
-2671
-3000
-2863
-2634
-2581
-2615
-2344
-1587
-479
736
1897
2907
3591
4042
4463
4707
4582
4006
3279
2581
1864
1087
252
-677
-1808
-3049
-4256
-5255
-6162
-7130
-8006
-8504
-8472
-8051
-7573
-7205
-5841
-3002
377
2836
4541
6479
8904
10990
11625
10760
9112
7366
5384
3071
747
-1437
-3562
-5182
-5980
-6292
-6491
-6513
-6331
-6272
-6214
-5820
-4709
-3086
-1489
-131
1602
4140
6557
7945
8046
7695
7210
6419
5066
3496
2180
1093
3
-989
-1525
-1617
-1682
-2146
-2810
-3219
-3032
-2468
-2010
-1664
-1119
-355
483
1260
1926
2376
2635
2611
2585
2816
3135
3142
2699
2148
1805
1481
820
-227
-1609
-3084
-4400
-5454
-6307
-6976
-7488
-7874
-7771
-7245
-6610
-6121
-5717
-4358
-1798
1161
3210
4667
6398
8525
10250
10603
9584
7888
6210
4429
2404
427
-1374
-2935
-4030
-4589
-4981
-5275
-5314
-5132
-5093
-5194
-4779
-3559
-1843
-228
1166
2906
5167
7036
7656
7117
6222
5278
4087
2663
1443
709
231
-213
-427
-273
-74
-355
-995
-1790
-2261
-2194
-1853
-1566
-1283
-615
224
1055
1657
1971
2157
2184
1974
1661
1647
1873
1722
1170
706
569
403
-133
-1054
-2295
-3539
-4772
-5839
-6678
-7210
-7634
-7689
-7369
-6659
-6132
-5780
-4401
-1543
1601
3372
4367
5786
8012
9713
9688
8048
6150
4548
2949
1075
-594
-2006
-3106
-3806
-4038
-3941
-3777
-3539
-3522
-3610
-3651
-3148
-2061
-773
429
1574
3196
4968
6139
6219
5607
4833
3827
2483
1136
436
392
505
318
65
242
671
623
-309
-1481
-1977
-1714
-1239
-967
-755
-154
814
1661
2108
2329
2453
2452
2225
1885
1716
1789
1791
1340
735
258
-30
-580
-1607
-3001
-4453
-5582
-6282
-6765
-7254
-7593
-7536
-6937
-6221
-5691
-5619
-4923
-2558
903
3510
4796
5901
7695
9601
10201
8883
6545
4487
2688
715
-1221
-2525
-3497
-4158
-4643
-4827
-4692
-4261
-3893
-3935
-3942
-3433
-2043
-248
1392
2616
3992
5672
6956
7021
6071
4930
3848
2631
1096
-58
-249
299
402
10
-204
168
497
173
-903
-1856
-1741
-921
-413
-297
116
918
1703
2208
2444
2662
2973
3105
2959
2931
3120
2954
2234
1289
441
-421
-1321
-2402
-3760
-5021
-6102
-6776
-7275
-7598
-7950
-8080
-7829
-7315
-6950
-6699
-5352
-2369
1371
4084
5679
7117
9024
10451
10316
8485
6166
4158
2372
456
-1264
-2506
-3472
-4219
-4978
-5442
-5644
-5418
-5260
-5336
-5279
-4327
-2236
-131
1349
2400
3975
5859
6980
6673
5623
4825
4223
3253
1833
1053
1237
1489
998
103
-472
-511
-387
-861
-1904
-2481
-1976
-1108
-516
-323
-75
375
932
1365
1710
2314
3026
3567
3882
4391
4836
4857
4206
3050
1667
414
-732
-2062
-3617
-5084
-6106
-6720
-7137
-7568
-7934
-8091
-8011
-7774
-7513
-6967
-5011
-1542
2184
4608
6157
7683
9423
10370
9630
7440
5200
3648
2249
700
-611
-1605
-2570
-3697
-4951
-6045
-6556
-6464
-6369
-6514
-6059
-4257
-1709
410
1634
2515
3946
5397
5755
4803
3862
3619
3587
3037
2170
1932
2283
2358
1578
443
-412
-844
-1285
-1804
-2301
-2182
-1508
-712
-386
-251
-99
158
316
330
644
1418
2456
3170
3705
4399
5073
5055
4176
2930
1680
604
-670
-2159
-3632
-4731
-5433
-5952
-6344
-6692
-7088
-7462
-7601
-7524
-7199
-5899
-2940
882
3874
5543
6904
8673
10145
9908
7982
5690
4258
3258
2082
784
-261
-1145
-2244
-3660
-5136
-6167
-6525
-6570
-6709
-6541
-5359
-3097
-842
391
914
1802
3134
3925
3470
2471
2278
2817
3148
2835
2682
3039
3273
2677
1570
552
-191
-972
-1757
-2396
-2519
-1932
-1010
-394
-393
-541
-478
-211
-43
20
433
1367
2312
2912
3454
4189
4531
3983
2733
1528
706
-116
-1237
-2426
-3414
-4261
-5051
-5752
-6365
-7058
-7842
-8342
-8170
-7578
-6462
-4089
-209
3469
5658
6855
8123
9596
10069
8928
6930
5547
4874
4220
3181
2061
975
-251
-1868
-3775
-5438
-6414
-6611
-6528
-6299
-5514
-3726
-1591
-234
191
583
1520
2277
2016
1139
910
1634
2568
2775
2711
3137
3840
3699
2514
1216
409
-114
-915
-1751
-2369
-2194
-1457
-773
-786
-1045
-1151
-884
-469
-146
269
1174
2387
3184
3704
4127
4455
4032
2815
1341
248
-492
-1366
-2459
-3511
-4228
-4774
-5553
-6592
-7616
-8420
-8946
-9116
-8847
-7751
-5060
-1164
2409
4570
5940
7392
8878
9445
8628
7297
6556
6379
6022
5125
4041
2951
1725
53
-2034
-3995
-5149
-5505
-5516
-5398
-4822
-3481
-1918
-982
-776
-377
608
1364
1041
182
197
1352
2523
2587
2245
2494
3298
3468
2528
1203
302
56
-316
-1072
-2020
-2269
-1910
-1564
-1772
-2284
-2513
-2229
-1678
-1023
-47
1260
2544
3465
4089
4521
4830
4471
3423
2159
1142
455
-247
-1162
-2269
-3253
-4169
-5219
-6447
-7724
-8904
-9707
-10041
-9856
-8738
-6091
-2413
964
3095
4450
5782
7265
8027
7706
6793
6359
6456
6550
6108
5113
4014
2850
1435
-444
-2319
-3474
-3839
-3866
-3789
-3282
-2285
-1334
-958
-1054
-842
-114
548
470
-12
156
1201
2433
2948
2909
2912
3212
3435
2900
1795
721
329
120
-388
-1287
-1957
-2118
-2081
-2309
-2909
-3460
-3701
-3450
-2726
-1546
-228
966
1873
2687
3431
4012
4122
3628
2776
1993
1520
1045
381
-699
-1875
-3129
-4298
-5555
-6892
-8100
-9085
-9525
-9457
-8313
-6036
-2873
-140
1664
2788
3973
5292
6169
6161
5676
5642
6232
6763
6440
5403
4185
3252
2075
332
-1632
-2884
-3111
-2909
-2655
-2353
-1780
-1253
-1031
-1203
-1392
-1123
-658
-484
-636
-267
1032
2670
3656
3843
3905
4411
4840
4372
2963
1656
1197
1208
785
-309
-1343
-1785
-1822
-2095
-2881
-3872
-4428
-4272
-3593
-2627
-1543
-494
420
1175
1800
2372
2772
2803
2390
1943
1804
1766
1274
280
-1064
-2423
-3627
-4930
-6383
-7931
-8891
-9319
-9068
-7969
-5972
-3437
-1264
264
1257
2447
3665
4455
4610
4683
5299
6429
7203
6986
6109
5255
4562
3427
1612
-407
-1677
-2029
-1909
-1818
-1719
-1469
-1274
-1314
-1710
-2071
-2127
-1974
-2056
-2230
-1770
-372
1475
2780
3352
3817
4779
5713
5693
4598
3434
2997
3008
2601
1487
228
-474
-693
-1079
-2082
-3312
-4087
-4133
-3746
-3196
-2565
-1829
-1128
-574
-117
307
734
1017
1205
1467
1912
2237
2171
1563
619
-504
-1801
-3301
-4929
-6399
-7473
-8094
-8067
-7235
-5700
-3927
-2437
-1499
-810
92
1035
1755
2016
2368
3351
4866
6158
6529
6224
5859
5612
5006
3661
1968
725
199
9
-229
-430
-543
-689
-1079
-1672
-2162
-2438
-2707
-3166
-3569
-3349
-2327
-900
346
1243
2094
3137
4112
4407
4061
3633
3663
3892
3791
3143
2306
1694
1225
543
-613
-1875
-2778
-3107
-3095
-2944
-2729
-2353
-1875
-1562
-1361
-1191
-907
-557
-160
305
920
1579
1923
1825
1435
867
41
-1123
-2482
-3768
-4760
-5465
-5808
-5734
-5130
-4204
-3368
-2783
-2355
-1798
-1253
-700
-198
374
1263
2427
3659
4487
4855
4902
4878
4726
4233
3450
2623
2116
1960
1848
1659
1261
758
134
-573
-1202
-1805
-2423
-3072
-3549
-3635
-3178
-2403
-1528
-777
-130
558
1241
1765
1996
2101
2324
2724
3097
3212
3034
2771
2440
1940
1235
451
-222
-697
-928
-1001
-1016
-999
-970
-955
-886
-780
-571
-268
110
506
956
1547
2018
2164
1951
1559
1124
524
-284
-1223
-1995
-2525
-2918
-3331
-3746
-4049
-4287
-4406
-4500
-4579
-4648
-4579
-4229
-3622
-2852
-2030
-1129
-169
764
1484
1888
2146
2477
2929
3403
3756
4020
4181
4208
4033
3661
3056
2278
1462
712
22
-594
-1066
-1414
-1623
-1635
-1413
-1123
-882
-782
-589
-255
103
438
790
1327
1942
2411
2603
2677
2697
2596
2275
1744
1271
963
739
489
170
-183
-514
-753
-940
-1056
-1080
-950
-734
-467
-123
249
518
565
388
55
-244
-548
-930
-1353
-1683
-1809
-1850
-2002
-2370
-2886
-3370
-3733
-3977
-4157
-4318
-4373
-4237
-3834
-3171
-2475
-1838
-1228
-604
-20
434
823
1200
1707
2334
2966
3492
3976
4412
4591
4468
4131
3683
3121
2429
1702
986
404
-6
-275
-437
-472
-418
-339
-234
-130
26
178
291
476
878
1380
1689
1718
1701
1784
1927
1860
1519
1096
825
737
646
420
20
-403
-776
-1049
-1241
-1353
-1341
-1215
-950
-627
-297
-111
-125
-344
-661
-957
-1189
-1396
-1660
-1841
-1816
-1639
-1546
-1715
-2084
-2425
-2588
-2656
-2804
-3010
-3096
-2893
-2451
-1928
-1451
-1028
-602
-192
153
406
607
871
1214
1645
2104
2617
3090
3373
3439
3327
3181
2942
2530
1982
1481
1056
636
242
-108
-360
-520
-563
-520
-466
-402
-348
-253
-120
103
447
843
1114
1230
1264
1382
1554
1544
1305
1011
896
901
916
787
515
179
-136
-437
-689
-879
-969
-961
-839
-622
-448
-409
-579
-840
-1129
-1392
-1640
-1850
-1966
-1983
-1872
-1714
-1596
-1679
-1899
-2159
-2301
-2311
-2356
-2457
-2502
-2274
-1835
-1299
-835
-472
-137
184
454
631
782
963
1223
1530
1865
2257
2639
2897
2941
2849
2765
2629
2318
1882
1527
1281
1039
777
518
269
117
96
117
137
110
59
69
196
413
637
844
968
985
956
996
1090
1093
928
704
617
664
712
568
285
-27
-318
-605
-892
-1116
-1222
-1183
-1052
-881
-802
-858
-1037
-1237
-1445
-1660
-1845
-1989
-2026
-1962
-1792
-1587
-1458
-1561
-1852
-2152
-2337
-2387
-2421
-2501
-2562
-2431
-2044
-1541
-1058
-646
-321
-42
200
417
626
896
1213
1511
1799
2159
2572
2906
3025
2951
2822
2725
2585
2286
1934
1677
1515
1399
1211
969
779
666
644
630
587
503
447
456
526
669
799
922
968
922
908
945
990
932
795
708
729
766
693
476
176
-147
-458
-742
-993
-1157
-1222
-1217
-1194
-1209
-1308
-1460
-1649
-1839
-1991
-2097
-2114
-2078
-2017
-1924
-1779
-1653
-1669
-1897
-2221
-2472
-2545
-2521
-2516
-2522
-2489
-2300
-1955
-1517
-1089
-707
-380
-158
9
224
614
1066
1397
1612
1864
2241
2631
2833
2843
2739
2618
2545
2401
2182
1938
1749
1578
1421
1225
1033
861
747
681
620
553
474
391
332
342
410
513
581
607
640
731
844
923
977
1058
1120
1141
1107
972
731
459
181
-101
-397
-612
-706
-714
-741
-866
-1078
-1275
-1415
-1527
-1634
-1713
-1730
-1698
-1640
-1548
-1449
-1399
-1447
-1616
-1872
-2155
-2342
-2406
-2396
-2415
-2460
-2414
-2274
-1983
-1579
-1145
-801
-568
-402
-188
179
612
968
1189
1395
1706
2071
2398
2561
2570
2511
2470
2436
2348
2223
2032
1840
1677
1542
1369
1135
880
701
613
550
471
314
163
81
96
156
213
249
256
314
445
626
793
930
1074
1209
1260
1201
1058
820
539
227
-104
-385
-559
-657
-749
-913
-1159
-1398
-1557
-1638
-1705
-1753
-1785
-1745
-1606
-1403
-1212
-1142
-1150
-1214
-1328
-1539
-1816
-2050
-2172
-2186
-2220
-2332
-2435
-2349
-2053
-1675
-1380
-1203
-1063
-856
-531
-164
184
469
744
1040
1401
1765
2062
2216
2232
2222
2266
2366
2407
2342
2215
2124
2050
1972
1764
1492
1267
1091
972
831
646
464
329
244
225
245
267
233
191
188
265
424
583
742
916
1069
1135
1117
1062
935
709
410
91
-134
-274
-422
-625
-870
-1102
-1235
-1288
-1358
-1476
-1565
-1555
-1457
-1324
-1183
-1077
-1055
-1086
-1159
-1291
-1494
-1746
-1907
-1938
-1953
-2040
-2176
-2208
-2046
-1779
-1553
-1438
-1351
-1209
-989
-735
-448
-147
158
503
847
1204
1506
1722
1807
1831
1917
2076
2171
2148
2078
2063
2110
2125
1998
1735
1468
1294
1192
1049
803
525
325
211
149
131
121
100
73
55
78
165
302
446
587
734
858
946
994
973
850
627
368
138
-23
-171
-369
-604
-810
-906
-947
-1039
-1200
-1304
-1292
-1228
-1191
-1122
-984
-862
-820
-871
-933
-1049
-1260
-1512
-1651
-1627
-1624
-1729
-1873
-1849
-1656
-1372
-1193
-1121
-1048
-922
-747
-537
-263
25
304
539
792
1068
1314
1468
1556
1628
1758
1876
1914
1895
1867
1930
1961
1910
1693
1437
1253
1118
978
744
474
225
34
-121
-238
-334
-428
-500
-524
-511
-442
-335
-166
45
244
383
451
515
576
554
435
247
64
-61
-154
-272
-428
-556
-627
-659
-696
-770
-838
-868
-878
-877
-860
-791
-683
-621
-613
-647
-693
-811
-1029
-1240
-1300
-1223
-1216
-1327
-1402
-1304
-1055
-819
-717
-664
-592
-465
-310
-150
64
306
526
714
922
1102
1281
1411
1518
1638
1759
1851
1884
1920
1957
2003
1975
1837
1582
1302
1132
1032
867
592
320
115
-53
-218
-370
-499
-616
-703
-750
-736
-655
-480
-244
-21
182
303
352
366
368
293
119
-77
-236
-323
-388
-454
-532
-588
-588
-579
-579
-625
-692
-758
-820
-849
-856
-836
-805
-784
-804
-827
-890
-1029
-1221
-1335
-1321
-1250
-1249
-1319
-1292
-1101
-851
-677
-587
-520
-414
-278
-116
61
260
426
581
714
894
1112
1314
1477
1622
1771
1912
2025
2108
2146
2158
2153
2064
1863
1563
1275
1059
870
642
368
110
-99
-302
-477
-603
-701
-805
-920
-988
-911
-728
-513
-313
-114
34
112
148
182
193
100
-55
-236
-328
-362
-363
-366
-401
-438
-444
-403
-388
-431
-535
-623
-696
-759
-784
-799
-833
-886
-953
-1016
-1113
-1260
-1403
-1438
-1358
-1241
-1197
-1202
-1119
-938
-719
-553
-446
-360
-254
-92
124
340
514
650
778
940
1151
1375
1589
1780
1949
2104
2284
2427
2494
2486
2442
2403
2301
2087
1734
1359
1042
762
476
170
-125
-378
-571
-688
-804
-934
-1056
-1148
-1148
-1078
-922
-736
-565
-418
-285
-152
-68
-19
-36
-120
-267
-402
-476
-488
-482
-479
-473
-458
-408
-350
-315
-323
-373
-460
-540
-601
-664
-743
-842
-923
-1007
-1052
-1133
-1250
-1342
-1351
-1234
-1120
-1064
-1093
-1081
-976
-835
-683
-573
-451
-337
-160
61
272
446
585
742
893
1109
1347
1608
1815
2011
2192
2386
2528
2569
2556
2514
2502
2406
2192
1848
1472
1156
880
580
237
-107
-378
-566
-701
-808
-900
-990
-1074
-1091
-1035
-923
-819
-749
-666
-585
-467
-364
-323
-348
-402
-483
-567
-605
-598
-590
-600
-605
-595
-557
-505
-455
-470
-525
-582
-635
-651
-694
-768
-866
-962
-1012
-1011
-996
-1028
-1069
-1062
-975
-839
-736
-673
-655
-624
-541
-422
-301
-204
-102
13
128
258
386
526
679
855
1075
1320
1580
1819
2012
2178
2306
2394
2424
2421
2388
2339
2258
2078
1795
1472
1194
921
646
378
139
-53
-192
-312
-430
-533
-610
-653
-693
-683
-677
-648
-606
-559
-496
-455
-435
-488
-546
-600
-633
-656
-682
-712
-732
-738
-751
-764
-744
-722
-708
-712
-742
-800
-842
-867
-891
-922
-982
-1055
-1090
-1082
-1056
-1017
-998
-988
-986
-951
-876
-778
-717
-701
-655
-538
-377
-215
-86
-22
36
124
252
383
552
758
1008
1289
1583
1818
1966
2089
2177
2206
2173
2139
2087
2005
1872
1705
1493
1262
997
717
454
255
124
10
-76
-175
-269
-332
-362
-374
-376
-376
-387
-375
-355
-320
-305
-291
-292
-331
-393
-424
-422
-434
-444
-485
-503
-522
-549
-591
-604
-628
-664
-686
-773
-832
-849
-837
-844
-912
-963
-990
-988
-953
-902
-856
-834
-854
-894
-903
-887
-849
-800
-745
-659
-531
-367
-221
-110
-32
68
173
287
444
644
900
1141
1360
1556
1741
1902
1981
2029
2023
1972
1905
1825
1703
1539
1352
1164
983
771
548
358
203
85
6
-73
-145
-218
-294
-364
-409
-423
-431
-417
-418
-411
-404
-381
-336
-291
-283
-311
-323
-338
-325
-307
-294
-313
-345
-387
-424
-458
-495
-558
-621
-673
-714
-709
-736
-774
-827
-873
-891
-873
-837
-798
-770
-764
-764
-795
-835
-876
-911
-919
-880
-798
-706
-595
-480
-354
-230
-92
53
213
412
639
880
1072
1262
1442
1620
1756
1847
1898
1909
1888
1826
1732
1592
1423
1223
1010
803
617
449
312
214
128
40
-39
-112
-179
-251
-325
-382
-399
-387
-392
-385
-404
-413
-391
-346
-309
-297
-294
-282
-239
-199
-163
-165
-157
-171
-192
-236
-308
-375
-438
-466
-479
-490
-539
-593
-643
-687
-702
-698
-685
-665
-646
-624
-616
-642
-686
-742
-805
-869
-899
-914
-910
-884
-847
-788
-703
-592
-481
-354
-188
16
223
443
669
897
1123
1322
1489
1625
1736
1790
1815
1798
1767
1679
1514
1315
1139
994
856
712
564
439
357
302
241
173
80
14
-32
-52
-80
-99
-120
-173
-226
-256
-269
-276
-284
-320
-334
-288
-221
-188
-172
-154
-138
-148
-185
-237
-298
-359
-402
-410
-394
-398
-417
-473
-532
-572
-580
-563
-546
-539
-549
-558
-555
-565
-600
-663
-727
-800
-847
-873
-892
-916
-915
-892
-841
-795
-737
-645
-509
-372
-231
-40
164
381
601
814
988
1124
1249
1316
1361
1395
1369
1294
1170
1050
963
879
776
671
560
467
392
327
266
203
149
124
112
101
88
77
52
37
21
0
-40
-57
-60
-60
-54
-41
-15
-2
18
34
33
-12
-74
-144
-203
-237
-270
-270
-250
-243
-251
-263
-288
-318
-303
-268
-246
-244
-234
-230
-228
-224
-253
-305
-364
-417
-489
-544
-591
-633
-690
-721
-751
-763
-729
-682
-624
-580
-492
-356
-203
-45
110
268
417
550
642
686
712
729
728
698
652
623
597
563
502
433
376
345
304
235
185
141
111
81
64
71
79
85
78
76
50
44
48
62
66
80
130
167
185
206
226
228
197
137
68
12
-32
-70
-79
-77
-84
-86
-95
-134
-164
-170
-153
-144
-138
-135
-123
-108
-104
-109
-148
-182
-244
-291
-332
-351
-365
-395
-433
-482
-496
-502
-483
-472
-439
-396
-320
-235
-147
-49
56
154
222
279
312
344
358
369
356
345
339
343
330
277
227
196
194
167
120
67
28
22
11
-5
-29
-22
-13
4
22
31
28
21
25
39
86
146
212
254
282
301
322
314
281
238
188
130
101
84
72
65
61
26
-24
-56
-84
-106
-124
-124
-124
-132
-126
-113
-107
-134
-168
-206
-235
-257
-269
-276
-296
-332
-375
-402
-425
-420
-413
-391
-352
-288
-219
-158
-78
-19
48
98
138
162
184
211
209
218
212
216
210
196
169
140
119
85
40
2
-35
-61
-94
-123
-147
-157
-145
-145
-145
-152
-155
-154
-149
-131
-117
-83
-28
45
114
167
210
252
282
312
324
326
337
340
354
362
373
358
332
296
243
191
136
87
52
24
6
-38
-61
-78
-101
-120
-142
-168
-193
-197
-191
-191
-196
-217
-228
-222
-215
-195
-183
-145
-90
-20
41
94
138
168
204
215
215
219
237
237
238
227
204
178
151
111
58
10
-43
-88
-128
-162
-210
-261
-302
-334
-363
-381
-392
-399
-406
-420
-437
-443
-440
-438
-412
-370
-304
-235
-167
-96
-23
40
89
136
173
217
262
295
335
368
393
402
397
383
356
329
286
243
203
180
157
131
103
82
67
39
4
-30
-49
-65
-70
-79
-91
-109
-128
-127
-117
-90
-61
-22
19
65
114
162
197
230
257
277
291
302
305
291
280
257
227
183
142
98
57
26
-8
-42
-81
-106
-134
-175
-207
-250
-284
-326
-354
-392
-423
-444
-457
-480
-491
-485
-466
-436
-407
-362
-320
-253
-195
-133
-87
-37
17
69
124
174
221
251
271
284
297
291
267
227
187
157
135
118
97
81
62
48
28
-2
-26
-34
-51
-70
-85
-86
-91
-91
-92
-84
-60
-24
27
80
130
174
218
251
282
327
357
376
389
402
393
380
369
333
285
233
191
142
108
87
63
50
24
9
-22
-43
-71
-98
-128
-181
-228
-279
-311
-361
-398
-430
-450
-462
-461
-455
-443
-427
-404
-370
-329
-280
-243
-200
-169
-120
-70
-11
31
67
96
119
140
145
143
122
103
93
89
85
70
59
44
27
13
4
-10
-16
-30
-42
-61
-65
-60
-53
-42
-37
-6
35
88
135
179
221
257
288
322
354
380
398
412
415
402
388
357
316
262
208
158
121
94
65
38
26
5
-17
-40
-64
-91
-123
-137
-161
-181
-212
-244
-280
-317
-342
-373
-397
-411
-413
-414
-402
-386
-363
-343
-311
-280
-244
-203
-163
-107
-51
1
34
67
104
127
146
143
141
128
128
123
117
113
97
91
78
79
67
60
41
25
3
-6
-9
-10
-3
12
36
63
103
141
178
207
237
266
292
317
342
359
373
378
375
357
332
291
246
192
143
92
41
1
-34
-52
-72
-81
-98
-113
-122
-136
-141
-152
-154
-171
-188
-207
-236
-269
-307
-332
-355
-375
-397
-416
-420
-410
-400
-379
-359
-327
-294
-249
-200
-155
-101
-57
-15
16
51
82
100
119
129
136
146
152
162
153
154
139
134
122
114
100
79
59
35
27
18
21
21
40
64
97
126
160
190
220
247
272
301
326
350
367
383
387
379
359
328
286
238
187
135
83
37
-1
-31
-55
-76
-88
-99
-103
-109
-111
-113
-120
-128
-142
-158
-185
-214
-244
-272
-294
-319
-337
-356
-373
-384
-389
-386
-385
-379
-366
-340
-308
-272
-235
-189
-146
-99
-62
-25
6
41
77
97
112
127
145
159
161
166
157
149
135
122
105
86
70
49
37
30
33
43
61
81
108
137
166
186
214
240
266
298
333
359
371
383
390
382
365
340
310
273
229
179
124
72
32
-8
-42
-69
-79
-99
-112
-122
-133
-146
-158
-167
-194
-213
-234
-259
-282
-296
-302
-316
-322
-330
-331
-325
-321
-320
-326
-313
-303
-285
-271
-245
-216
-179
-137
-94
-51
-13
20
51
86
111
137
158
176
185
191
191
183
164
140
113
90
68
43
21
0
-5
-6
6
18
35
62
88
121
146
181
210
247
282
312
338
349
354
345
336
317
294
262
231
191
148
104
61
17
-24
-56
-84
-109
-123
-135
-149
-158
-158
-167
-180
-191
-208
-232
-250
-269
-283
-297
-305
-316
-320
-319
-321
-319
-322
-315
-309
-294
-282
-268
-249
-226
-195
-162
-119
-72
-26
22
72
128
175
221
256
279
295
305
304
289
269
235
198
163
132
96
60
39
18
12
0
0
-6
9
31
58
91
123
163
194
235
259
283
292
302
302
306
304
293
278
251
227
193
159
116
78
40
6
-24
-49
-79
-106
-127
-146
-170
-195
-215
-241
-266
-286
-303
-320
-334
-345
-355
-360
-353
-354
-351
-346
-337
-327
-316
-292
-280
-265
-248
-224
-187
-151
-109
-67
-26
24
73
125
166
203
236
254
274
280
278
257
236
208
168
135
101
67
37
21
7
-10
-18
-22
-19
-10
10
39
70
110
152
188
216
239
259
274
281
282
280
276
266
258
238
214
183
152
120
85
58
33
15
-10
-30
-41
-51
-63
-85
-100
-114
-130
-147
-166
-184
-204
-212
-223
-238
-255
-269
-274
-290
-293
-300
-291
-289
-282
-268
-245
-228
-213
-187
-159
-128
-97
-63
-36
-2
32
70
97
123
140
151
157
152
144
129
111
91
70
53
37
25
17
13
12
14
22
31
41
59
82
107
139
170
191
210
225
228
229
234
230
216
206
195
179
155
136
105
78
50
21
-3
-22
-36
-57
-68
-80
-81
-86
-82
-93
-93
-101
-97
-106
-111
-117
-124
-127
-135
-139
-154
-162
-177
-180
-184
-183
-183
-170
-150
-134
-113
-93
-80
-62
-46
-31
-23
-8
-2
11
20
34
45
55
54
50
49
39
35
19
13
-2
-4
-13
-11
-7
-3
10
15
35
46
61
72
96
116
136
160
179
197
202
209
206
209
200
200
187
171
151
131
106
71
46
13
-12
-27
-42
-58
-69
-79
-92
-103
-101
-113
-112
-117
-115
-117
-112
-113
-116
-115
-123
-121
-126
-128
-132
-133
-136
-133
-123
-119
-103
-90
-71
-58
-37
-24
-11
-3
7
16
19
34
34
48
49
69
57
60
44
27
13
-9
-16
-41
-39
-55
-52
-58
-56
-48
-45
-29
-24
-6
5
29
49
67
85
107
134
158
176
190
201
210
214
210
199
182
167
149
129
102
78
53
40
22
10
-6
-18
-30
-40
-48
-59
-68
-80
-91
-98
-102
-100
-98
-98
-92
-92
-86
-94
-93
-108
-111
-114
-116
-106
-98
-83
-73
-51
-40
-21
-5
4
11
21
27
31
37
37
35
41
42
36
28
15
-4
-17
-37
-60
-82
-94
-111
-119
-124
-130
-126
-117
-102
-88
-61
-35
-9
19
43
65
89
111
133
149
166
176
185
188
179
169
156
143
127
112
95
75
65
48
35
21
14
8
9
12
14
17
11
3
-9
-18
-31
-39
-48
-51
-54
-57
-64
-72
-80
-94
-105
-119
-123
-127
-123
-117
-105
-86
-65
-35
-15
9
25
41
50
62
67
73
79
82
83
78
70
57
40
18
-7
-36
-60
-85
-104
-121
-133
-143
-146
-144
-139
-128
-113
-92
-71
-49
-24
-1
31
59
87
110
129
146
156
166
166
163
154
144
131
116
103
84
70
49
34
15
5
-5
-9
-7
-7
-6
-14
-21
-32
-42
-53
-63
-70
-75
-76
-79
-79
-81
-82
-88
-95
-101
-104
-104
-100
-92
-79
-60
-37
-12
11
34
55
70
80
86
92
95
99
101
101
100
95
88
72
56
37
17
-3
-26
-40
-55
-62
-73
-75
-78
-77
-74
-71
-61
-58
-43
-35
-15
0
23
40
58
74
84
94
96
100
96
89
80
67
54
42
30
15
2
-9
-16
-24
-29
-33
-34
-28
-29
-33
-40
-47
-55
-61
-65
-68
-67
-61
-58
-56
-53
-50
-49
-49
-52
-59
-59
-60
-53
-48
-35
-26
-9
5
18
29
37
48
52
61
64
70
71
78
77
79
74
69
61
49
38
18
9
-4
-11
-18
-22
-30
-34
-35
-40
-35
-35
-28
-27
-17
-13
-3
10
20
31
42
50
51
56
55
54
52
48
37
28
18
6
0
-6
-13
-19
-22
-30
-37
-38
-41
-41
-38
-38
-42
-40
-41
-42
-42
-40
-42
-36
-32
-28
-23
-13
-9
-4
2
-1
-2
1
1
-3
-1
-3
-2
3
8
9
16
23
27
35
45
53
59
66
60
60
58
53
47
45
32
21
12
-4
-15
-24
-30
-43
-48
-57
-62
-62
-55
-48
-38
-25
-18
-7
4
11
18
30
34
35
40
39
37
36
31
21
17
10
0
-9
-16
-26
-35
-42
-51
-57
-60
-64
-66
-61
-60
-57
-51
-47
-42
-36
-33
-29
-21
-9
2
14
23
28
36
47
48
49
51
50
43
36
28
23
24
25
25
29
34
35
37
42
44
45
47
43
41
39
36
34
35
30
18
8
-3
-16
-24
-28
-37
-39
-41
-42
-41
-36
-32
-28
-19
-12
-2
5
17
23
30
30
27
20
14
7
0
-1
-5
-6
-11
-18
-27
-35
-48
-57
-64
-72
-75
-73
-69
-66
-58
-54
-48
-41
-35
-31
-27
-21
-18
-11
-2
10
21
32
42
46
50
53
52
47
49
47
41
39
40
35
35
41
41
41
40
38
37
39
40
38
37
36
29
20
17
12
5
-3
-11
-18
-29
-33
-37
-44
-51
-50
-52
-47
-38
-32
-27
-18
-11
-10
5
12
16
23
29
22
24
24
17
9
7
10
7
2
-1
-5
-15
-15
-21
-34
-37
-38
-46
-39
-32
-35
-30
-25
-25
-25
-20
-18
-18
-14
-6
-2
4
15
17
16
24
23
23
22
16
15
24
19
18
24
24
23
30
28
24
31
31
29
28
28
23
21
20
17
17
13
2
-9
-12
-19
-21
-28
-30
-37
-32
-38
-45
-43
-38
-39
-41
-27
-24
-13
-8
0
-1
9
10
17
17
20
17
19
22
16
19
17
22
17
18
9
10
-2
-10
-14
-13
-20
-20
-12
-17
-14
-14
-10
-13
-9
-11
-8
-3
1
2
-1
3
1
-2
3
6
5
11
18
13
20
26
26
23
30
35
38
38
38
37
34
31
22
12
10
8
4
1
0
-8
-12
-25
-34
-42
-45
-50
-49
-41
-45
-44
-39
-30
-40
-29
-23
-17
-12
-1
4
8
13
9
15
11
17
15
19
23
27
25
23
26
21
15
4
-3
-5
-9
-14
-20
-14
-15
-13
-15
-10
-14
-9
-7
-14
-12
-9
-9
-11
-1
0
0
2
6
3
-1
2
5
4
3
9
15
20
20
26
30
32
32
39
35
31
31
23
13
13
10
2
5
2
0
-3
-3
-13
-15
-20
-23
-25
-30
-34
-34
-30
-29
-21
-13
-12
-9
-4
-3
1
5
2
2
3
5
5
6
11
10
11
5
5
1
0
-6
-9
-10
-13
-11
-12
-11
-11
-8
-12
-10
-9
-5
-2
-1
-1
1
3
3
4
7
8
3
4
6
4
4
1
-1
1
5
3
6
6
5
5
6
7
10
12
13
16
16
15
12
11
10
7
7
7
7
9
6
0
-4
-7
-8
-9
-9
-11
-12
-14
-13
-12
-15
-18
-19
-16
-12
-8
-4
-1
0
2
5
8
10
10
12
12
11
10
8
4
2
1
1
-1
-2
-5
-6
-6
-6
-6
-5
-6
-8
-7
-3
-1
1
0
-1
-2
-2
-1
-1
-2
-2
-2
-2
-1
0
-1
-2
-2
-1
1
1
0
1
2
4
6
5
6
5
5
7
9
9
7
5
5
3
4
1
-2
-3
-5
-6
-7
-7
-8
-10
-10
-9
-8
-8
-9
-9
-6
-2
1
3
3
4
7
10
12
12
10
9
10
10
9
6
2
-1
0
0
-2
-6
-8
-8
-7
-8
-9
-10
-10
-8
-5
-4
-3
-3
-3
-1
3
6
6
6
8
9
8
6
3
3
3
2
1
1
0
0
2
3
2
0
-2
-3
-2
-3
-5
-6
-4
-3
-3
-2
-2
-1
-1
-1
-2
-3
-4
-2
1
2
2
0
-1
-1
1
2
2
0
1
2
2
2
1
0
0
1
2
3
3
1
2
3
3
1
0
-3
-2
-2
-2
-2
-4
-3
-3
-3
-3
-4
-6
-7
-7
-6
-6
-5
-3
-1
2
2
3
3
4
5
6
6
6
5
4
4
4
2
2
0
3
3
4
3
4
3
3
2
1
-2
-4
-4
-5
-3
-3
0
-1
0
-2
-2
-4
-5
-4
-3
-1
0
1
2
3
3
3
2
1
0
-1
-1
-2
-2
-1
-1
0
1
1
2
0
-1
-2
-2
-2
-1
1
1
4
4
4
2
2
-1
-2
-3
-3
-2
-2
0
-1
-1
-2
-2
-4
-2
-3
-2
-1
-1
0
-1
-1
-1
-1
-1
-1
0
0
1
2
2
1
2
0
2
1
2
3
5
5
5
5
4
4
2
3
1
1
1
1
0
-1
-2
-2
-2
-3
-3
-3
-3
-3
-3
-3
-3
-4
-4
-4
-4
-3
-2
-2
-1
0
2
3
3
4
3
3
3
3
3
3
3
3
2
0
0
-2
-3
-3
-3
-3
-2
-2
-2
-1
-1
-1
-1
-1
1
1
1
2
3
2
2
1
0
0
0
-1
0
0
0
0
0
1
0
-1
-1
-2
-1
0
0
1
2
1
1
0
0
0
-1
0
0
0
2
1
0
-1
-1
-4
-3
-5
-4
-4
-4
-3
-2
0
-1
2
1
3
4
4
5
5
5
4
4
2
1
1
0
0
-1
-1
-2
-2
-2
-2
-4
-3
-4
-3
-3
-3
-2
-1
1
1
2
1
2
2
2
2
2
0
1
0
0
0
0
-1
-1
-1
0
0
0
0
0
1
0
1
-1
0
0
0
0
1
0
1
1
1
0
0
0
0
0
0
-1
0
-1
-1
-1
-2
-1
-1
-1
-1
0
1
0
0
0
1
1
1
2
1
1
1
1
1
1
1
1
0
-1
-1
-1
-2
-2
-2
-2
-2
-2
-1
-2
-2
-1
-1
-1
0
1
1
2
2
1
2
2
2
2
2
1
1
1
1
1
0
0
0
-1
-1
-1
-1
-1
-1
-1
0
0
-1
-1
0
0
0
0
0
0
0
-1
0
0
0
0
0
-1
1
-1
-1
-1
-1
-1
-1
-1
0
0
0
-1
1
0
1
0
1
2
2
3
2
1
1
1
1
2
1
0
0
0
-2
-2
-3
-3
-3
-3
-2
-2
-2
-1
-1
-1
-1
0
1
2
2
1
1
1
1
2
2
1
2
1
0
1
0
0
0
0
0
0
0
0
-1
-1
-1
0
-1
-1
-1
0
0
0
-1
-1
0
0
-1
0
-1
-1
-1
-1
-2
-1
-1
-1
-2
-1
0
0
0
0
1
1
1
0
1
1
1
2
1
2
1
0
0
2
1
0
-1
-1
0
-1
0
0
-1
0
0
0
-1
-1
0
0
0
1
1
1
1
0
0
1
0
1
0
0
0
-1
0
0
0
0
0
0
-1
0
0
-1
-1
-1
-1
0
-1
0
0
0
0
0
0
0
1
0
0
0
0
0
0
-1
0
1
-1
0
0
-1
0
0
0
0
0
0
0
0
0
1
2
1
1
0
1
1
0
0
0
0
0
1
0
0
0
0
-2
-1
-1
-1
-1
-1
-1
0
-1
0
-1
0
0
0
1
0
1
2
1
1
1
1
1
0
1
1
1
0
0
0
-1
0
0
-1
-1
-1
-1
-1
-1
-1
0
0
0
1
0
0
0
0
1
1
0
1
0
-1
0
-1
1
0
0
0
0
-1
0
-1
-1
0
0
-1
-1
1
1
0
1
1
0
0
0
1
1
0
-1
0
0
0
0
0
-1
0
0
-1
0
0
0
0
0
-1
0
0
-1
1
1
0
0
1
1
1
0
0
0
-1
-1
0
0
0
0
0
-1
-1
0
-1
0
0
-1
0
-1
0
0
1
0
0
0
1
0
2
0
1
0
1
0
0
1
0
0
0
0
0
0
-1
-1
-1
0
-1
0
-1
0
-1
-1
-1
0
0
0
0
0
0
0
1
1
0
1
1
0
0
0
1
0
0
0
0
0
-1
0
0
0
-1
0
0
0
0
-1
0
0
0
-1
0
0
0
0
-1
0
0
0
1
0
0
0
1
1
0
1
0
0
0
0
0
0
-1
0
0
0
0
-1
0
0
-1
-1
0
0
-1
-1
0
0
-1
0
0
1
0
1
1
0
0
1
1
1
1
1
0
1
0
0
0
-1
0
-1
-1
-1
-1
0
0
-1
-1
0
0
0
0
0
0
0
1
1
0
-1
0
0
1
1
0
0
0
0
0
0
0
0
-1
0
-1
0
0
0
-1
0
0
1
0
0
0
0
1
0
0
0
0
1
1
1
0
1
1
1
0
0
0
0
0
0
0
1
-1
0
-1
0
-1
-1
0
0
0
0
0
0
0
1
1
0
1
1
0
1
0
1
0
0
1
0
0
0
0
0
-1
0
-1
0
0
0
0
0
0
-1
0
-1
-1
0
0
0
1
1
0
0
0
1
1
1
1
1
1
0
1
-1
0
1
0
0
0
-1
-1
-1
0
1
0
-1
0
-1
-1
0
0
1
0
0
0
1
1
0
1
1
1
-1
0
-1
0
0
0
1
0
0
0
0
-1
0
0
-1
0
0
-1
-1
1
0
0
0
0
-1
0
1
0
0
0
-1
1
0
1
0
1
-1
0
0
0
-1
0
0
0
1
0
0
0
0
0
0
0
0
0
1
0
0
0
1
0
0
0
0
1
0
0
0
0
-1
0
0
-1
-1
0
0
0
0
0
0
0
0
0
0
0
1
0
0
0
0
0
0
0
1
0
0
0
0
0
0
0
0
0
0
0
0
-1
0
0
-1
0
0
0
-1
-1
0
0
-1
-1
0
-1
0
0
0
0
0
0
0
1
0
0
0
0
0
0
0
0
1
0
0
0
0
-1
0
0
0
0
0
0
-1
-1
-1
-1
0
0
0
0
0
0
1
0
0
0
0
0
0
1
0
1
1
0
-1
0
-1
0
0
0
-1
-1
0
0
-1
0
0
0
0
0
0
0
0
0
1
1
2
1
1
1
0
0
0
0
0
1
0
1
0
0
0
0
0
0
-1
-1
0
0
-1
-1
-1
0
0
0
-1
-1
1
0
0
1
0
0
1
0
0
0
-1
1
1
0
0
0
0
0
-1
0
0
0
0
0
0
0
0
0
0
0
0
0
0
0
0
0
0
0
0
-1
0
-1
-1
-1
0
0
0
-1
0
-1
0
-1
1
0
0
0
0
0
0
1
0
0
0
0
0
1
1
-1
0
0
0
1
0
-1
0
0
0
0
0
0
0
-1
0
0
0
-1
0
0
0
0
0
0
1
1
1
0
1
1
0
0
0
0
0
1
0
0
0
0
1
0
1
0
-1
0
0
0
0
0
1
0
0
0
1
0
1
1
0
0
0
0
-1
0
0
1
0
0
0
0
0
0
0
0
0
0
0
0
0
-1
0
0
0
0
0
0
0
0
0
-1
0
1
0
0
0
0
0
0
0
-1
1
0
0
0
1
0
1
0
0
0
0
0
0
0
-1
0
1
0
0
0
1
0
0
0
0
-1
0
0
0
-1
1
0
0
0
0
0
0
0
0
0
0
0
0
0
1
0
0
0
0
0
0
-1
-1
1
0
0
1
0
0
-1
0
-1
0
0
1
0
0
0
0
1
-1
0
0
0
0
0
0
0
0
0
0
0
0
0
0
-1
0
0
0
0
1
0
0
0
0
0
0
0
0
-1
0
0
0
-1
0
0
1
0
-1
0
0
0
0
1
1
1
0
0
-1
0
0
-1
0
0
0
0
-1
0
0
0
0
0
0
1
0
0
0
0
0
1
0
0
0
0
0
0
0
-1
1
-1
0
-1
0
0
0
0
0
0
0
0
0
0
0
0
0
0
1
0
0
0
0
0
0
0
0
0
0
0
0
0
0
-1
0
0
0
1
0
0
0
0
-1
0
-1
0
1
0
0
1
0
0
0
0
0
0
0
0
0
0
1
-1
0
-1
0
0
-1
0
0
0
0
-1
0
0
0
0
0
1
0
0
0
0
0
0
0
-1
0
0
0
0
0
0
-1
0
0
0
0
0
0
-1
0
-1
0
0
0
0
1
0
0
0
0
0
0
0
0
0
0
0
0
1
0
0
0
0
1
0
-1
0
1
0
0
0
0
0
0
0
-1
-1
0
0
0
1
0
-1
0
0
-1
0
0
0
-1
0
0
1
0
0
0
0
0
0
1
-1
0
0
0
1
0
0
0
1
1
0
0
0
0
0
0
1
0
1
0
0
0
1
0
0
0
-1
1
1
0
-1
0
0
0
0
0
0
0
0
0
0
0
1
0
1
0
0
0
0
0
-1
0
1
0
0
-1
0
-1
0
0
-1
0
0
0
0
0
0
0
0
0
0
0
0
0
0
0
0
0
0
0
0
0
0
0
0
0
0
0
0
0
0
0
0
0
-1
0
0
0
0
0
0
0
-1
0
0
0
0
0
0
0
0
0
0
0
0
0
0
0
0
0
0
0
0
0
0
1
-1
0
0
0
0
0
0
0
1
0
0
0
0
0
-1
0
0
0
0
0
0
0
0
0
0
-1
-1
-1
-1
0
-1
0
0
0
0
0
0
-1
-1
0
-1
0
0
0
-1
0
0
0
0
0
0
0
1
0
0
0
0
0
0
0
0
0
0
1
1
0
0
0
0
0
0
0
0
0
0
0
1
0
0
0
0
0
1
1
0
0
0
0
0
-1
0
0
0
0
0
0
1
0
0
1
0
0
0
1
0
0
1
0
1
1
0
0
0
0
0
0
0
0
0
0
1
0
1
1
-1
0
0
0
0
0
0
0
0
0
0
0
1
0
0
1
0
0
0
1
0
0
0
-1
0
0
0
0
0
0
0
0
0
0
1
0
0
0
-1
-1
0
0
0
0
0
0
0
0
0
0
-1
0
1
0
0
0
0
0
0
0
-1
0
1
0
0
0
0
-1
0
-1
-1
0
0
0
0
1
0
0
0
0
0
0
0
0
1
1
0
1
-1
0
0
0
0
0
0
0
0
0
0
0
0
0
0
0
0
0
0
0
0
0
0
0
0
0
0
0
0
-1
1
0
1
0
0
1
0
0
0
0
0
1
-1
0
0
0
0
0
1
0
0
-1
0
0
0
0
1
0
0
1
-1
-1
0
0
0
0
0
0
0
0
0
0
0
-1
0
0
0
1
0
0
0
0
1
0
-1
-1
0
0
0
-1
0
0
0
0
0
-1
0
0
0
0
-1
0
0
0
0
0
0
0
0
0
0
0
0
0
0
-1
0
0
0
0
0
0
0
0
0
1
0
-1
0
0
0
0
0
0
0
0
0
0
0
0
0
0
0
0
0
0
0
-1
0
0
0
0
0
0
0
0
0
0
0
0
0
1
0
0
0
0
0
0
0
1
0
0
0
1
1
0
0
0
-1
1
