0
0
0
0
0
0
0
0
0
0
-1
1
0
0
0
0
0
0
0
0
0
0
-1
0
-1
0
0
0
0
0
-1
0
0
0
1
0
0
0
0
0
0
0
0
0
-1
1
1
-1
0
0
0
0
0
0
0
0
0
0
0
0
0
-1
0
0
0
0
0
0
0
0
-1
0
0
0
0
-1
0
-1
0
0
0
0
0
-1
0
0
-1
0
0
0
1
0
0
0
0
0
0
1
0
0
0
0
0
1
0
0
0
1
1
0
0
0
0
0
0
0
0
1
1
1
0
0
-1
0
0
0
-1
-1
0
0
0
0
0
0
0
0
0
0
0
0
0
0
0
0
0
0
0
0
0
1
1
1
0
-1
0
0
0
0
0
0
1
-1
-1
0
0
0
0
0
1
0
-1
0
0
0
0
0
0
0
0
-1
0
0
0
0
1
0
0
0
0
0
-1
1
1
0
0
0
0
1
0
0
0
0
0
0
0
0
0
0
0
0
1
0
0
0
0
0
0
1
0
0
0
0
0
0
0
0
0
0
1
0
-1
0
0
0
0
-1
0
0
0
0
0
0
-1
0
0
-1
0
0
0
-1
1
0
0
0
0
0
0
0
0
0
0
0
0
0
-1
0
-1
0
0
0
0
0
0
0
0
0
1
0
0
0
0
0
0
0
0
0
0
0
1
0
0
0
0
0
0
0
0
0
-1
0
0
1
0
0
0
0
0
0
0
1
0
0
0
0
0
0
-1
0
1
0
0
0
0
0
0
0
0
-1
0
0
0
0
0
0
0
0
1
0
-1
0
1
0
0
-1
0
0
0
0
-1
0
0
0
0
1
0
0
0
0
0
0
0
0
-1
0
0
0
0
0
0
0
0
0
1
0
0
0
0
0
1
0
0
1
0
1
-1
0
0
0
0
0
0
0
0
-1
0
-1
-1
0
0
0
0
0
0
0
0
0
0
-1
0
-1
0
0
0
0
0
0
-1
0
0
0
0
0
0
0
0
0
0
0
0
0
0
0
0
0
1
1
0
-1
0
0
0
0
0
0
0
0
0
0
0
0
0
0
0
0
1
0
0
0
0
0
1
0
0
0
0
0
0
0
-1
-1
0
0
0
0
0
-1
-1
0
0
0
-1
1
0
0
-1
0
0
0
0
0
0
0
0
0
0
0
0
0
0
0
0
1
0
0
-1
0
0
0
0
0
0
1
0
0
-1
-1
0
0
0
0
-1
0
0
0
0
0
1
0
0
1
0
1
0
0
0
0
0
0
-1
0
0
0
0
0
0
1
0
0
0
0
0
0
-1
-1
0
-1
0
0
0
0
0
0
0
0
0
0
0
0
0
0
-1
0
0
0
0
1
0
0
0
0
0
0
0
0
0
0
-1
1
-1
0
0
0
0
0
0
0
0
1
0
1
0
0
0
1
-1
0
0
0
0
0
0
0
0
0
0
-1
0
0
0
0
1
1
0
1
0
0
0
0
0
0
0
0
0
0
-1
-1
-1
-1
0
0
0
0
0
-1
0
0
0
0
0
-1
0
-1
0
1
0
0
1
0
0
-1
0
-1
0
0
0
-1
0
1
-1
0
0
0
0
-1
0
1
0
-1
1
1
0
1
-1
0
0
1
0
0
-1
1
0
0
1
0
0
0
0
1
0
0
0
0
1
0
-1
0
-1
0
1
0
1
-1
0
1
0
0
0
0
0
-1
0
0
0
0
0
0
0
0
0
0
-1
0
1
0
1
0
-1
0
0
1
0
0
0
0
0
0
-1
0
-1
0
0
0
0
0
0
0
1
0
1
0
0
0
0
0
-1
0
0
0
0
0
-1
0
0
0
0
0
0
1
0
0
0
0
1
0
0
0
0
0
0
0
0
0
-1
0
1
0
0
0
0
0
0
0
0
0
0
0
0
0
0
0
-1
1
0
0
0
-1
0
0
0
1
0
0
0
-1
0
0
0
0
1
1
0
1
0
0
-1
0
-1
0
0
0
0
0
0
0
0
0
0
0
0
0
1
0
0
0
0
0
0
0
0
0
0
0
0
0
0
0
0
0
0
1
0
0
0
1
0
0
0
0
0
0
0
0
1
1
0
0
1
0
0
0
0
0
1
0
0
-1
1
0
-1
-1
0
0
0
0
0
1
0
1
0
0
0
1
0
-1
0
-1
0
0
-1
0
0
0
-1
0
0
0
0
0
0
0
0
1
-1
0
0
0
0
-1
0
0
0
0
0
1
0
0
0
0
0
0
0
0
1
1
0
0
0
0
0
0
0
0
0
1
0
-1
0
0
0
1
0
-1
1
0
0
0
1
0
1
1
1
0
0
0
0
0
0
0
0
0
0
0
0
-1
-1
0
0
-1
0
-1
0
0
0
0
1
0
0
0
1
-1
1
1
-1
1
1
0
1
0
-1
1
1
-1
0
0
0
0
0
1
-1
0
1
-1
0
0
0
1
-1
0
0
-1
0
-1
0
0
-2
2
-1
-1
2
-1
-1
2
-2
0
2
-2
1
-1
0
1
-1
1
0
0
0
0
0
0
0
1
-1
0
1
-1
2
-1
0
1
-3
0
1
-2
1
1
-2
1
0
-1
0
1
1
-2
1
-1
0
1
-1
1
1
-1
0
1
-1
1
0
0
-1
0
1
-2
2
-2
1
1
-2
1
1
-3
2
0
-3
3
-1
-3
5
-2
-1
5
-4
-1
6
-4
0
3
-4
2
0
-3
2
0
-2
2
0
-1
1
-2
2
-1
1
1
-2
1
-1
0
1
1
-2
2
-3
1
1
-2
1
0
-2
0
2
-2
1
1
-1
1
0
-2
1
0
-2
2
-1
-2
1
1
0
-2
2
-1
-2
3
-3
0
3
-2
-2
3
-4
0
3
-3
2
0
-1
0
2
-2
0
3
-5
3
-1
-1
2
-1
0
0
-2
1
0
-1
3
-5
4
-2
-3
6
-3
-1
6
-5
2
3
-3
0
2
-1
-2
3
-2
-1
3
-1
-4
8
-6
-2
8
-7
-2
7
-5
-1
8
-9
3
6
-11
6
3
-12
12
-2
-8
15
-11
3
8
-9
3
3
-7
4
-2
-2
5
-8
3
7
-11
6
3
-10
8
-3
-2
3
-1
2
-3
5
-2
-4
7
-3
-1
4
-7
5
2
-9
4
11
-17
6
5
-8
0
-1
5
-13
9
2
-8
8
2
-4
4
9
-8
0
8
-11
-1
4
-14
5
2
-8
6
5
-5
5
10
-10
9
3
-13
7
-4
-5
0
-3
2
-1
-2
4
-2
1
-4
-1
9
-15
10
6
-10
15
0
-7
14
-13
7
-7
-5
10
-13
4
1
9
-14
8
3
-11
0
5
-13
0
19
-22
12
9
-9
1
5
-9
4
1
-16
26
-17
-4
30
-22
8
13
-17
2
12
-22
2
3
-14
17
-17
5
18
-16
8
12
-20
11
-8
-8
3
-7
-5
11
-5
9
11
-10
37
-24
25
-2
-3
3
-20
21
-34
1
-1
-11
6
-13
3
12
-10
1
10
2
-7
9
0
13
-12
4
12
-4
-16
28
-27
0
21
-43
35
-8
-31
44
-15
-27
47
-25
-5
21
-11
-4
18
-12
7
18
-21
20
19
-43
38
-8
-27
6
9
-37
3
19
-33
5
24
-16
-9
29
-23
13
-7
-11
33
-22
-13
62
-36
1
56
-43
16
28
-50
33
-13
-24
21
-26
-1
19
-47
35
5
-59
66
-16
-47
63
-23
-16
25
-8
2
1
-9
21
-21
5
27
-31
14
32
-52
48
-9
-29
56
-54
29
0
-29
34
-42
41
-40
21
-12
-18
40
-58
44
-14
-10
28
-23
11
21
-40
58
-58
42
-19
-28
58
-66
44
4
-19
37
-17
4
9
-6
-5
-16
16
-34
12
-1
-3
1
3
-8
36
-33
-20
70
-72
28
4
11
-15
6
22
-23
23
-27
41
-36
11
-4
3
-8
-21
34
-38
14
4
4
-22
10
43
-57
30
33
-74
62
-8
-46
51
-15
-17
28
-27
17
16
-67
91
-70
14
23
-40
39
-27
-10
54
-50
7
53
-56
43
-28
39
-46
10
18
-44
29
-13
-12
23
-2
-28
47
-37
17
2
-5
-8
10
9
-8
1
-17
42
-11
-62
95
-45
-48
74
-27
-10
-2
9
18
-68
57
19
-77
64
8
-33
15
5
3
-6
-38
64
-29
-73
141
-100
-6
107
-111
56
5
-33
16
-25
44
-54
23
15
-17
-3
29
14
-44
17
9
5
-52
47
5
-40
16
8
12
-29
23
2
-7
-15
30
-25
-14
24
3
2
-48
115
-104
11
61
-68
15
7
15
-24
-4
66
-102
66
22
-93
98
-42
-31
48
-13
-15
8
-6
12
10
-28
14
3
-11
3
11
-13
7
31
-80
91
-60
7
13
-8
20
-32
25
3
-44
45
-9
-22
42
-43
46
-5
-48
46
2
-51
52
-68
88
-65
12
30
-27
28
-54
31
23
-71
44
-14
11
-1
1
60
-96
88
-18
-28
12
0
12
-64
58
-35
4
-12
73
-77
1
86
-77
8
32
-29
3
44
-100
125
-90
4
74
-92
31
42
-72
30
47
-59
26
-2
3
9
-61
95
-57
-59
158
-194
187
-129
34
77
-129
112
-31
-29
34
-11
-7
2
-54
95
-88
22
62
-109
97
-25
-47
57
-29
0
-18
59
-54
-9
45
-43
67
-48
0
39
31
-130
123
-4
-95
59
-21
65
-165
199
-95
-15
54
-27
1
-50
82
-87
68
-50
-1
70
-43
-65
148
-119
42
0
25
-73
97
-62
12
25
-59
45
-25
38
-30
-8
23
34
-93
95
-64
27
-28
65
-63
-12
81
-80
33
29
-66
-1
93
-75
-23
130
-122
41
11
20
-62
-16
144
-151
-26
183
-156
30
27
7
-14
-16
41
-82
95
-73
15
47
-40
-5
66
-66
32
46
-162
150
-39
-77
69
-11
8
-41
81
-61
42
3
-47
54
-53
-43
119
-82
-38
138
-132
102
-32
11
-37
29
18
-122
138
-5
-150
160
-31
-90
161
-140
33
58
-50
-23
68
-70
5
54
-62
45
-3
-83
154
-106
12
93
-146
90
8
-83
121
-84
-44
155
-160
59
68
-123
49
41
-51
-20
93
-74
-20
95
-81
39
-1
-8
21
-31
29
-19
-20
41
-44
3
17
-23
-7
66
-96
74
30
-113
97
-40
50
-100
89
-47
45
-53
68
-50
30
18
-55
90
-92
15
24
-7
-42
10
35
-58
22
43
-120
186
-150
54
50
-59
5
50
-46
20
-12
8
46
-93
79
-33
-19
57
-55
10
45
-69
55
-58
13
52
-106
34
107
-129
19
50
-24
-13
55
-60
78
-33
13
53
-196
182
-61
-91
137
12
-176
166
-2
-94
62
0
46
-187
133
17
-73
-49
178
-107
-15
79
-60
116
-274
298
-119
-53
65
26
3
-137
207
-83
-36
50
48
-107
35
16
-94
74
-83
137
-113
8
103
-212
240
-167
7
139
-176
133
-87
78
51
-156
145
-39
-89
113
-6
-76
34
91
-127
45
27
-107
124
-91
45
-18
7
11
19
32
-24
2
82
-135
48
79
-185
45
73
-71
-47
108
-73
29
-81
173
-197
34
177
-298
269
-95
-26
107
-153
172
-54
-61
150
-84
-14
71
-16
17
-114
166
-51
-201
261
-125
-93
70
52
-56
-85
121
-27
-136
139
15
-162
156
12
-137
150
15
-161
178
-54
-65
137
-108
79
-52
27
0
-11
0
-38
113
-195
72
189
-328
199
73
-225
127
-23
-11
74
-170
199
-62
-101
173
-50
-73
6
117
-121
55
-3
-25
50
-67
71
-8
-40
-4
37
2
-104
98
54
-167
133
-13
-37
-91
257
-276
83
90
-129
79
-126
139
2
-242
336
-75
-263
443
-284
109
-57
39
101
-326
415
-333
116
34
-60
142
-289
327
-143
-63
153
-99
-10
23
-31
-28
40
20
-43
48
42
-82
136
-241
245
-63
-162
265
-212
89
-86
125
-40
-133
289
-249
74
89
-172
21
106
-125
41
66
-57
11
18
39
-51
-7
60
-93
21
111
-223
183
43
-269
306
-135
-67
177
-211
240
-219
149
-68
24
28
-86
145
-152
121
-74
5
64
-123
137
-115
142
-133
39
8
11
-11
11
24
-57
101
-142
109
0
-121
114
-21
4
-104
145
-91
-103
226
-196
105
-15
25
-35
-48
155
-222
143
43
-169
152
-35
-147
185
-65
-121
278
-281
157
-24
-139
278
-313
191
72
-227
220
-93
25
-15
41
-31
-6
29
-23
-2
26
-118
146
-40
-96
118
-30
-36
-9
178
-273
203
-83
-13
125
-255
314
-178
-67
223
-175
-2
136
-148
25
130
-235
190
-35
-97
86
-29
-47
72
-34
-43
34
10
11
6
-109
171
-58
-91
177
-142
64
-52
101
-37
-100
246
-171
15
62
-55
-30
20
6
15
6
-114
185
-188
-24
248
-332
209
-34
-139
234
-208
60
194
-366
250
-15
-187
242
-155
83
-7
36
-42
85
-68
13
33
-40
-42
50
-15
-14
53
-33
-28
69
-86
24
153
-249
172
5
-52
-56
166
-155
-45
255
-291
120
153
-350
291
-70
-102
167
-140
59
7
5
-54
91
-78
11
75
-134
175
-116
4
183
-281
329
-200
-33
183
-163
53
3
-30
69
-132
93
50
-186
92
154
-377
407
-172
-155
422
-549
446
-211
-89
298
-189
-109
311
-166
-148
352
-293
128
-59
65
-2
-145
197
-178
152
-230
215
-24
-179
209
-65
-101
30
171
-252
149
-98
140
-146
84
77
-165
155
-149
159
-146
6
173
-240
77
174
-330
280
-51
-171
225
-65
-39
-23
24
0
-9
-3
-66
223
-301
177
150
-397
331
-55
-120
129
-30
-115
242
-191
-95
407
-477
243
130
-482
609
-464
171
73
-170
145
-146
162
-135
12
113
-151
55
143
-352
443
-342
97
126
-276
299
-236
218
-164
108
-36
-50
144
-126
-25
152
-59
-82
98
-74
113
-190
263
-93
-226
337
-179
24
-12
119
-217
218
-65
-158
313
-301
166
-78
20
71
-195
274
-155
-71
157
-51
-135
251
-179
-12
203
-211
46
136
-91
-208
424
-307
23
156
-28
-148
196
-83
-99
110
-8
-148
177
-52
-116
139
21
-186
242
-115
-151
455
-569
333
56
-387
451
-229
-128
438
-534
338
46
-399
479
-249
-90
276
-243
11
228
-373
368
-232
-6
218
-291
249
-279
301
-225
-63
291
-326
151
-82
67
-15
-81
103
78
-235
209
133
-448
553
-341
44
190
-204
31
144
-240
180
45
-248
328
-238
61
21
-29
-10
24
-68
148
-172
157
27
-265
346
-167
-64
178
-198
82
26
-98
131
-111
247
-196
52
132
-202
83
15
-87
41
-23
-125
224
-269
190
100
-369
422
-99
-213
237
33
-123
-131
350
-159
-251
476
-190
-320
599
-520
229
118
-463
572
-444
69
150
-170
62
-76
119
-22
-13
-20
140
-160
17
181
-324
343
-329
295
-64
-214
438
-457
220
1
-113
3
8
16
-87
14
146
-188
64
105
-135
107
-100
164
-92
-81
205
-137
-4
50
39
-128
36
163
-159
-57
232
-140
-142
328
-205
-20
91
-84
38
-232
355
-236
28
175
-212
192
-196
133
19
-118
179
25
-174
106
91
-346
122
207
-423
345
-62
-126
188
-141
97
7
-25
-3
247
-272
100
146
-186
62
-60
-2
118
-138
74
-25
20
-100
123
-40
-102
192
-58
-155
224
-170
-51
202
-247
90
117
-27
-186
401
-302
81
138
-118
152
-261
398
-298
4
207
-233
152
-211
295
-162
-158
476
-506
196
102
-251
84
-41
94
-326
337
-86
-221
272
-232
143
-135
33
-17
-15
-100
-47
165
-378
274
-225
53
119
-244
297
-248
205
79
-327
390
-166
-259
375
-167
-110
145
-135
215
-322
169
151
-211
-87
370
-278
-169
648
-664
258
140
-213
172
-119
291
-328
111
419
-604
325
148
-242
183
16
12
-171
260
-116
-20
187
-346
305
-9
-215
132
72
-17
-183
279
-147
30
-29
54
123
-118
141
60
24
85
19
84
-95
23
197
92
-3
-129
326
-80
-179
340
-499
176
-230
-49
-229
-33
-72
-295
316
-520
358
-191
-218
118
89
-429
397
218
-576
746
-220
-101
310
3
-309
310
24
-349
510
-554
259
-31
-374
104
12
-318
-1
252
-491
254
-125
-106
97
-23
-72
99
107
-441
737
-289
267
233
-110
707
-203
542
137
206
99
47
289
-356
286
-342
-97
-283
-253
-89
-402
-107
-287
-169
-245
-108
-256
-53
-328
173
-15
-140
399
-20
373
178
299
280
262
240
252
302
-66
52
-103
34
-194
21
-48
-169
253
-302
163
-114
-116
174
-317
135
-233
-85
27
-205
-74
-69
-63
-83
72
-132
-75
19
-303
-4
36
-258
-21
42
-133
152
109
3
145
217
71
403
166
147
391
255
341
175
81
160
-75
86
86
-96
-54
-86
150
-262
79
-112
-316
137
-278
-134
-132
-360
-94
-331
-205
-372
-177
-195
-271
-70
-47
208
-42
252
194
-94
361
150
68
401
72
332
227
225
228
244
354
180
381
262
366
292
243
381
84
335
176
121
245
-4
153
-6
-111
-83
-193
-151
-41
-237
-129
-197
-316
-228
-226
-283
-213
-148
-296
-117
-221
-351
-110
-94
-260
-33
-124
-299
60
-292
-264
-140
-384
-179
-260
-264
-182
-293
-193
-266
-177
-187
-97
-16
-155
77
-14
112
203
16
330
135
223
220
69
0
-52
18
-114
-67
-198
-152
-221
-163
-249
-280
-445
-477
-359
-526
-312
-414
-388
-179
-173
-117
0
136
32
206
255
314
403
321
562
488
471
601
455
561
579
401
582
475
417
673
504
678
574
495
709
689
562
734
798
624
784
669
689
646
559
591
566
459
336
434
332
250
217
249
192
37
91
36
-90
-184
-192
-401
-570
-685
-829
-851
-1092
-1038
-1055
-1204
-1215
-1315
-1447
-1471
-1430
-1414
-1317
-1321
-1381
-1401
-1484
-1459
-1405
-1210
-1152
-1006
-824
-774
-602
-630
-357
-312
-111
-75
-56
51
-192
-229
-500
-504
-545
-168
406
417
621
639
969
986
941
1141
1234
1492
1679
1880
1784
1706
1719
1802
1716
1515
1465
1255
1306
1137
1002
1021
872
917
1139
1106
974
869
670
573
286
315
430
357
300
264
285
107
-21
-97
-214
-243
-40
156
158
144
99
142
36
74
77
38
-60
-223
-332
-501
-776
-1206
-1481
-1628
-1765
-2114
-2467
-2832
-3196
-3260
-3703
-4198
-4525
-4747
-4879
-5403
-5711
-6151
-4739
-3176
-1822
-1165
-1149
675
1451
2559
2610
3070
4013
5220
6331
6108
6292
6148
6371
5731
4428
4057
3782
3582
2382
782
-138
-888
-1467
-2212
-2794
-2914
-3137
-3523
-3981
-4331
-4019
-3635
-3252
-2984
-2277
-1151
-549
87
674
1680
2772
3166
4141
4926
5941
5773
5262
5079
4666
4474
3826
3480
2607
2093
1699
1259
536
-893
-1524
-1942
-1680
-1437
-1319
-1251
-1353
-1006
-698
-602
-1209
-1330
-1006
-380
36
30
-277
-772
-1197
-1862
-2091
-2644
-3218
-3721
-4145
-4427
-4906
-5653
-6713
-7491
-7867
-7758
-7955
-8202
-8003
-5741
-3478
-1566
-1200
-684
1445
2847
4446
4773
5714
6619
8072
8822
8462
8265
8117
8338
7099
5655
4888
4664
4197
2183
-239
-1572
-2050
-2548
-3387
-4075
-3989
-3997
-4225
-4989
-5311
-4653
-3903
-3165
-2913
-1926
-606
367
589
305
992
1767
3095
4242
5175
6066
6106
5907
5725
5563
5111
4663
4214
3781
3361
2711
1884
810
-174
-908
-1012
-657
-214
-68
-330
-523
-503
-294
-209
-209
-274
-49
189
-30
-564
-1371
-2049
-2635
-3104
-3452
-3755
-4284
-5163
-5841
-6327
-6869
-7360
-8058
-8460
-8749
-8639
-8514
-8868
-9097
-9103
-5887
-2626
98
673
1037
3993
5638
7625
7400
7924
9047
10676
11934
10940
10271
9525
9394
7751
5383
4124
3696
3007
325
-2726
-4490
-4950
-5499
-6515
-6993
-6417
-5826
-5927
-6419
-6391
-5312
-4011
-2748
-1823
-116
1868
3056
3115
2451
2929
3809
4783
5189
6079
6926
6669
5813
4930
4731
4034
3511
3219
3151
2671
2043
1496
410
-842
-1798
-1481
-536
301
612
436
356
208
190
105
-62
-196
63
611
451
-344
-1667
-2773
-3646
-4371
-4595
-4751
-5111
-5830
-6442
-6918
-7029
-7453
-8092
-8352
-8384
-7940
-7784
-7712
-7998
-8076
-8266
-6831
-2839
259
2462
2378
4261
6961
8728
9443
8510
9361
10591
12430
12151
10619
9291
8495
7823
5417
3351
1729
1175
-271
-3218
-5615
-7019
-7096
-7615
-7816
-7089
-5777
-5161
-5469
-5554
-4783
-2799
-782
961
2538
4225
5710
6325
5709
5024
5120
5676
6252
6146
6086
5961
4950
3193
1672
1119
1055
954
731
691
426
-31
-328
-811
-1485
-1778
-605
1396
2682
2537
1907
1710
1761
1628
1229
814
548
433
508
-143
-1615
-3769
-5302
-5800
-6125
-6330
-6731
-7170
-7815
-7973
-7992
-7949
-8077
-8529
-8101
-7181
-6112
-5743
-6309
-6379
-6242
-5559
-5469
-3351
362
3516
5374
5002
6981
8904
10269
9818
8803
9570
10827
11904
10322
8260
6313
5586
4485
1976
-161
-1560
-1631
-3012
-5707
-8139
-8689
-7917
-7435
-6771
-5557
-3762
-3014
-2860
-2796
-1422
1057
3230
4822
5713
6999
7934
7826
6507
5144
4741
4960
5114
4657
3840
2806
1236
-514
-1546
-1646
-1088
-915
-709
-406
-190
74
-60
-169
-289
140
1928
3861
4648
3895
2861
2380
2342
2178
1526
779
8
-321
-874
-1921
-3665
-5645
-6730
-6835
-6670
-6937
-7471
-7886
-8038
-7855
-7436
-7029
-6903
-6841
-6447
-5430
-4642
-4688
-5123
-5166
-4882
-4434
-4266
-2220
1491
4243
5468
4926
6828
8832
9638
8877
7631
8420
9647
10341
8567
6119
4476
3918
2950
754
-1201
-2379
-2533
-3604
-6017
-7595
-7572
-6332
-5624
-4813
-3011
-1339
-816
-1091
-692
1007
3355
5088
6127
6781
7536
7821
7061
5547
4056
3442
3394
3145
2301
1435
137
-1323
-2557
-2767
-2188
-1607
-1192
-990
-453
-47
406
668
605
585
1065
2659
4138
4237
3261
2288
2209
2273
2061
1116
-18
-903
-1348
-1598
-2649
-4022
-5415
-5952
-6047
-6008
-6258
-6933
-7099
-7017
-6468
-5892
-5476
-5325
-5495
-5330
-4918
-4554
-4584
-4672
-4514
-4344
-4132
-4264
-1992
1604
4194
4563
4195
6493
8360
9017
7658
6662
7426
8840
9109
7173
5143
3836
3505
2282
279
-1562
-2438
-2394
-3551
-5694
-6992
-6394
-5142
-4672
-3740
-1984
-288
-84
-449
-60
1736
4009
5345
6210
6719
7267
7059
6035
4444
3061
2413
2055
1864
1419
877
-378
-1986
-2733
-2317
-1360
-924
-523
-165
432
942
1392
1621
1328
1193
1671
3176
4190
4027
2752
1620
1364
1401
1075
-142
-1457
-2369
-2494
-2659
-3508
-4746
-5932
-6229
-6062
-5839
-5838
-6153
-6324
-5927
-4947
-4114
-3730
-3981
-4230
-4291
-3703
-3227
-3326
-3706
-3930
-3892
-3986
-3902
-2691
605
3074
4141
3513
4684
6897
7482
6730
5280
5942
7202
8021
6783
4645
3119
2431
1892
337
-1110
-2204
-2323
-2691
-4458
-5961
-6019
-4698
-3665
-2755
-1224
421
1048
686
922
2184
4403
5868
6603
6921
7132
7014
5897
4236
2498
1649
1298
1221
859
431
-521
-2075
-2839
-2558
-1445
-1075
-757
-181
429
883
1001
1284
1021
844
1121
2312
3442
3494
2477
1069
635
622
319
-708
-1915
-2521
-2604
-2391
-2903
-4134
-5285
-5602
-5194
-4998
-5034
-5270
-5120
-4646
-4149
-3748
-3582
-3654
-3967
-4137
-4015
-3638
-3618
-3687
-4025
-4294
-4606
-3778
-675
1902
3248
2707
3772
6093
7351
7064
5290
5151
6096
7354
6803
5114
3660
2698
1969
760
-408
-1628
-2135
-2482
-3481
-4756
-5152
-4554
-3774
-2770
-1126
888
1723
1433
1293
2192
4101
5338
6179
6689
6984
6786
5703
4315
2603
1366
536
349
389
171
-577
-2115
-3109
-3046
-2063
-1259
-958
-340
361
992
1267
1603
1664
1352
1239
1897
3064
3623
3167
1801
844
470
379
-335
-1493
-2475
-2776
-2574
-2722
-3486
-4571
-5056
-5118
-4747
-4558
-4475
-4504
-4505
-4220
-3635
-3131
-3245
-3635
-4069
-3903
-3896
-3871
-4186
-4411
-4745
-5046
-5188
-4642
-1692
919
2367
1934
2891
5282
6585
6425
4855
4834
6008
7646
7322
5554
3914
3053
2721
1649
459
-804
-1193
-1335
-2223
-3670
-4329
-3742
-2885
-1816
-373
1387
2142
1612
1192
1813
3695
5236
6030
6185
6162
5909
5009
3743
2071
917
179
152
311
56
-682
-2215
-3181
-3259
-2278
-992
-482
-144
64
704
1082
1391
1435
1139
1058
1657
3103
3669
3212
1734
576
252
347
217
-854
-1734
-2158
-2122
-2270
-2975
-3810
-4483
-4416
-4245
-4192
-4319
-4475
-4462
-4322
-3717
-3455
-3366
-3714
-4145
-4662
-5010
-5019
-5223
-5355
-5636
-5939
-5770
-3255
-230
1578
1453
2006
4380
6380
7113
5846
5303
6080
7736
7867
6440
5053
4201
3652
2456
1317
76
-520
-898
-1778
-2977
-3765
-3480
-3213
-2727
-1466
477
1772
1551
971
1180
2830
4348
5120
5428
5664
5749
4878
3676
2154
1029
138
-523
-674
-683
-797
-1892
-3064
-3528
-3053
-2057
-1093
-464
-174
360
980
1557
1759
1712
1544
1579
2543
3547
3747
2809
1548
840
654
714
-19
-1203
-2115
-2205
-2106
-2310
-2993
-3867
-4263
-4269
-3996
-4159
-4299
-4380
-4169
-3823
-3270
-3083
-3632
-4254
-4564
-4548
-4827
-5153
-5307
-5229
-5218
-5533
-5427
-3050
39
2199
2230
2685
5017
6920
7581
6201
5583
6295
7832
7966
6530
4914
3990
3659
2449
1104
-420
-982
-1140
-1913
-3118
-3984
-3673
-3195
-2555
-1354
454
1779
1692
1247
1532
3002
4445
5114
5327
5300
5292
4616
3380
1747
244
-776
-1326
-1202
-834
-970
-2070
-3263
-3453
-2576
-1609
-946
-375
427
1334
1935
2355
2428
2110
1768
1846
2753
3662
3817
2939
1657
892
466
24
-923
-2013
-2642
-2578
-2335
-2679
-3580
-4505
-5005
-5195
-5311
-5219
-4990
-4593
-4216
-3969
-3785
-3833
-4107
-4605
-5022
-5042
-4840
-4572
-4359
-4409
-4887
-5210
-3075
178
2796
3288
3435
5239
7136
8245
7105
5894
5943
7346
7917
6829
5232
3852
2903
1426
184
-1201
-1896
-2086
-2534
-3407
-4376
-4332
-4108
-3605
-2509
-459
1579
2161
1982
1754
2733
3986
4717
5027
5270
5632
5055
3997
2436
1005
-391
-1314
-1448
-1087
-517
-1063
-2019
-2824
-2579
-1671
-956
-214
613
1750
2504
2957
3028
2665
2018
1632
2088
2890
3394
3025
2063
959
74
-635
-1588
-2554
-3149
-3124
-2795
-2732
-3190
-3992
-4583
-4819
-4664
-4395
-3960
-3463
-3018
-2534
-2216
-2327
-2781
-3319
-3527
-3539
-3576
-3654
-3891
-3922
-4392
-4947
-5543
-4121
-1015
1696
2838
2758
4240
5877
6893
6001
4833
5020
6422
7551
6705
5172
3533
2597
1206
-86
-1225
-1937
-2002
-2427
-3106
-4211
-4407
-4181
-3696
-2570
-614
1743
2635
2532
2043
2563
3845
4740
5304
5495
5813
5484
4399
2721
885
-677
-1717
-1797
-1134
-332
-567
-1680
-2672
-2698
-1902
-1175
-360
575
1757
2752
3127
3053
2303
1416
864
1349
2461
3254
2995
1848
606
-384
-1117
-1983
-2800
-3132
-2711
-2126
-1962
-2672
-3689
-4377
-4498
-4208
-3854
-3314
-2575
-1994
-2049
-2129
-2261
-2655
-3259
-3568
-3434
-3435
-3586
-3944
-4338
-4951
-5396
-5663
-4088
-1092
1439
2397
2489
4074
5474
5967
5121
4451
4810
6018
6828
6021
4461
2817
1737
444
-538
-1311
-1797
-1845
-2170
-2946
-3879
-3993
-3529
-2920
-1526
555
2756
3599
3321
2931
3276
4286
5006
5565
5840
5966
5302
3979
2197
380
-1123
-2018
-1942
-1281
-599
-854
-1721
-2578
-2725
-2152
-1269
-199
965
2130
2961
3241
3127
2450
1508
944
1313
2425
3228
3100
1930
604
-432
-1209
-1988
-2691
-2817
-2421
-1913
-1836
-2286
-3059
-3828
-4162
-3954
-3410
-2874
-2351
-2047
-2072
-2197
-2543
-3000
-3696
-3972
-4020
-4194
-4418
-4549
-4854
-5569
-6303
-6125
-3684
-552
1749
2017
2745
4615
6125
6198
4923
4460
5098
6520
6880
5905
4204
2969
1788
450
-616
-1447
-1640
-1937
-2290
-3125
-3614
-3449
-3102
-2438
-1045
1292
3096
3562
3181
2974
3629
4462
5060
5269
5395
5340
4457
3043
1288
-288
-1718
-2573
-2468
-1810
-1190
-1652
-2589
-3191
-2891
-2155
-1385
-280
861
2007
2722
3199
3068
2308
1569
1335
2037
3023
3598
3121
2047
956
78
-781
-1672
-2242
-2342
-1941
-1555
-1604
-2230
-3164
-3831
-4025
-3782
-3391
-2951
-2623
-2427
-2348
-2415
-2849
-3568
-3878
-4030
-4019
-4133
-4244
-4453
-4939
-5331
-5677
-5531
-3767
-880
1521
2524
3192
4524
5594
5828
5074
4551
4867
6031
6600
5832
4350
2895
1654
456
-383
-1018
-1299
-1395
-1694
-2322
-2895
-2862
-2421
-1811
-557
1304
3118
3905
3723
3305
3438
4109
4642
4883
4881
4715
4025
2712
1018
-661
-2068
-2952
-2967
-2116
-1163
-1101
-1744
-2185
-2034
-1554
-909
226
1417
2474
3156
3550
3461
2785
1855
1078
1238
2131
3016
2913
2008
822
-290
-1269
-2227
-2888
-3033
-2569
-2041
-2107
-2644
-3466
-4179
-4828
-5076
-4794
-3998
-3154
-2876
-3038
-3536
-3747
-4021
-4419
-4891
-5233
-4907
-4666
-4668
-5152
-5415
-3628
-668
2133
2907
3264
4561
6062
6807
5880
5029
4954
5991
6112
4947
3566
2663
2003
425
-987
-1909
-1924
-1615
-1893
-2598
-3321
-3029
-2371
-1707
-759
888
2890
3898
3985
3501
3793
4390
4490
4245
4254
4797
4410
3065
1101
-487
-1545
-2255
-2654
-2674
-1957
-1281
-1269
-1768
-1800
-1294
-830
-277
720
2155
3391
4097
4154
3662
2891
2148
1776
1831
2114
2179
2010
1528
743
-603
-2124
-3109
-3460
-3393
-3192
-2858
-2567
-2735
-3390
-4173
-4495
-4342
-3882
-3429
-2909
-2449
-2362
-2476
-2923
-3354
-3810
-4016
-4188
-4464
-4531
-4625
-4603
-5039
-4356
-2282
485
2515
2953
3715
4669
5975
5988
5149
4586
5113
5905
5391
4055
2739
2199
1379
100
-1217
-2121
-2032
-1908
-2026
-2693
-2997
-2561
-1862
-1012
33
1682
3090
3839
3651
3448
3885
4485
4753
4377
4133
3765
3063
1888
587
-414
-1231
-1706
-1948
-1609
-1152
-970
-1155
-1282
-967
-438
280
947
1531
2173
2928
3574
3535
2952
2115
1524
1277
1339
1344
1117
839
260
-633
-1819
-2713
-3302
-3750
-4094
-4003
-3546
-3184
-3271
-3797
-4262
-4375
-4208
-3975
-3699
-3405
-3005
-2784
-2745
-3110
-3526
-4078
-4489
-4811
-4937
-5182
-4889
-2817
43
2550
3229
3701
4282
5048
5339
4873
4643
4951
5861
5726
4681
3202
2061
992
-293
-1257
-2151
-2412
-2330
-2156
-2361
-2742
-2758
-2519
-1777
-466
1397
3014
3935
4133
3972
4258
4740
5030
4804
4365
4077
3646
3042
1862
487
-844
-1610
-1924
-1944
-1729
-1596
-1203
-787
-287
-54
74
299
782
1770
3056
4216
4683
4263
3256
2268
1795
1500
1057
371
-28
-5
-109
-835
-2377
-3790
-4639
-4807
-4713
-4677
-4464
-4147
-3798
-3828
-4116
-4307
-4321
-4082
-3855
-3210
-2588
-2019
-2027
-2383
-2984
-3515
-3822
-4283
-4821
-5065
-3272
-524
2267
3267
3420
3774
4441
4965
4321
3690
3578
4497
4910
4462
3543
2604
1753
238
-1156
-2272
-2504
-2232
-2127
-2169
-2410
-2189
-2009
-1550
-905
447
2147
3413
4014
3766
3878
4247
4808
4961
4656
4288
3570
2850
1887
1137
350
-454
-981
-1325
-1118
-944
-622
-594
-411
-99
220
610
1018
1640
2211
2914
3335
3416
3059
2543
2109
1485
747
-96
-679
-940
-1180
-1621
-2443
-3262
-3965
-4494
-5035
-5382
-5396
-5081
-4578
-4296
-4017
-3884
-3855
-4094
-4162
-3816
-3205
-2550
-2133
-1871
-1926
-2180
-2757
-3396
-3964
-3340
-1396
1059
2896
3677
4364
4807
5157
4641
3801
3147
3282
3735
3678
3375
2966
2700
1855
417
-1200
-2616
-3010
-2883
-2572
-2663
-2665
-2248
-1703
-1051
-312
783
1758
2484
2746
3023
3740
4578
5080
4798
4486
4335
4129
3439
2331
1365
709
522
215
-90
-419
-432
-239
-14
116
92
181
443
924
1548
2264
2775
2902
2833
2743
2643
2298
1592
594
-338
-773
-967
-1395
-2315
-3286
-4125
-4759
-5357
-5862
-6211
-6435
-6420
-6247
-5842
-5540
-5504
-5510
-5240
-4639
-4082
-3502
-2978
-2433
-1903
-1698
-1853
-2350
-1796
-81
2097
3663
4468
5249
5808
6218
5791
4860
3809
3320
3057
2439
1946
1750
1953
1706
804
-539
-1977
-2735
-3062
-3207
-3592
-3824
-3309
-2260
-971
60
948
1534
1849
1847
1681
2082
2962
4049
4595
4892
5043
4930
4329
3317
2251
1255
744
462
511
611
872
1191
1276
1078
607
346
354
633
972
1426
2079
2636
2913
2841
2891
2797
2224
1180
151
-277
-461
-800
-1664
-2666
-3533
-4160
-4927
-5873
-6691
-7179
-7291
-7302
-7119
-6921
-6675
-6505
-6259
-5842
-5294
-4760
-4134
-3417
-2629
-1991
-1552
-1445
-923
623
2718
4495
5435
6182
6735
7091
6804
6104
5141
4353
3708
2886
2102
1581
1534
1436
972
18
-1252
-2177
-2695
-2915
-3404
-3828
-3846
-3314
-2441
-1474
-425
654
1505
1672
1299
1055
1461
2188
2736
2986
3426
4140
4744
4764
4311
3596
2912
2106
1372
1108
1339
1770
1935
1951
1800
1577
1382
1190
949
652
742
1049
1398
1619
1755
1873
1772
1389
706
34
-495
-955
-1590
-2278
-2861
-3356
-3952
-4641
-5406
-6041
-6567
-7035
-7460
-7636
-7621
-7534
-7301
-6779
-6156
-5774
-5248
-4583
-3777
-3278
-2906
-2614
-1690
74
2262
4105
5435
6736
7497
7893
7673
7136
6206
5302
4515
3809
3135
2557
2240
2039
1812
1137
-79
-1276
-1942
-2335
-3103
-4002
-4441
-4099
-3267
-2281
-1207
-123
784
1029
636
263
470
986
1352
1495
1929
2794
3837
4497
4683
4533
4280
3908
3300
2692
2319
2270
2271
2241
2174
2107
2105
1952
1679
1216
879
649
496
474
636
1020
1415
1521
1160
563
-138
-820
-1599
-2332
-2908
-3268
-3569
-3927
-4495
-5106
-5607
-6104
-6641
-7146
-7376
-7474
-7373
-7130
-6811
-6506
-6081
-5475
-4789
-4222
-3781
-3402
-2774
-1444
335
2220
3721
5266
6562
7553
7959
8033
7649
6948
6115
5121
4165
3376
3050
2950
2866
2516
1676
615
-255
-847
-1742
-2990
-4200
-4768
-4606
-3833
-2650
-1390
-219
484
586
369
326
455
422
125
99
566
1580
2625
3415
3762
4049
4360
4433
4138
3621
3312
3138
3051
2769
2356
2030
1934
1961
1768
1416
1078
749
394
158
205
419
678
638
478
173
-130
-614
-1386
-2274
-2974
-3330
-3657
-4043
-4462
-4855
-5183
-5537
-5875
-6216
-6380
-6528
-6643
-6619
-6450
-6133
-5781
-5363
-5020
-4631
-4196
-3707
-3057
-2016
-591
982
2316
3469
4486
5551
6467
7093
7146
6729
6182
5570
4903
4236
3835
3700
3574
3298
2790
2226
1717
1216
250
-1098
-2399
-3266
-3560
-3443
-2885
-2073
-1145
-456
-47
-22
-38
-102
-232
-421
-469
-308
50
631
1444
2334
3114
3717
4060
4206
4227
4142
3951
3665
3237
2782
2425
2293
2171
1883
1407
894
505
195
-129
-357
-495
-524
-530
-568
-529
-442
-450
-725
-1172
-1643
-2118
-2550
-3004
-3395
-3656
-3759
-3864
-4066
-4339
-4615
-4869
-5125
-5311
-5462
-5453
-5276
-4933
-4620
-4334
-4028
-3805
-3631
-3483
-3152
-2448
-1414
-250
741
1764
2829
3928
4771
5263
5432
5395
5259
4970
4643
4300
4063
3864
3631
3442
3272
3127
2847
2361
1585
544
-618
-1630
-2240
-2418
-2235
-1841
-1338
-857
-418
-140
-60
-167
-312
-355
-295
-206
-115
89
527
1175
1855
2525
3162
3663
3962
4016
3897
3629
3245
2778
2262
1766
1303
880
494
190
31
-97
-204
-323
-472
-585
-712
-756
-783
-730
-730
-785
-911
-1121
-1363
-1626
-1940
-2355
-2780
-3130
-3385
-3573
-3733
-3873
-3971
-4044
-4031
-4022
-3990
-3892
-3673
-3507
-3475
-3504
-3435
-3263
-3091
-2941
-2790
-2365
-1689
-891
-158
587
1461
2374
3098
3532
3799
4007
4124
4053
3814
3589
3437
3393
3346
3261
3238
3161
2985
2661
2204
1590
870
127
-458
-784
-850
-724
-512
-288
-77
71
205
320
398
333
116
-106
-266
-295
-130
175
629
1267
1977
2608
3055
3336
3394
3237
2810
2125
1370
721
264
-30
-205
-238
-174
-72
-3
66
90
4
-206
-502
-819
-979
-935
-859
-825
-865
-970
-1160
-1487
-1921
-2434
-2815
-3048
-3162
-3231
-3263
-3202
-3026
-2789
-2667
-2705
-2841
-2928
-2948
-2998
-3054
-3005
-2771
-2590
-2608
-2747
-2757
-2506
-2045
-1439
-826
-94
728
1459
2042
2511
2885
3216
3369
3351
3274
3236
3199
3135
3005
2905
2895
2929
2995
2970
2724
2206
1570
931
413
100
-77
-132
-38
105
295
459
475
427
295
87
-101
-234
-255
-146
112
516
1024
1592
2111
2458
2558
2410
2058
1555
981
427
13
-244
-261
-184
-55
120
274
337
248
48
-232
-516
-705
-783
-756
-637
-561
-566
-655
-823
-1067
-1392
-1783
-2137
-2429
-2592
-2641
-2566
-2440
-2298
-2246
-2242
-2291
-2351
-2452
-2536
-2514
-2496
-2488
-2520
-2545
-2575
-2649
-2786
-2852
-2735
-2336
-1820
-1269
-617
151
994
1735
2274
2660
2944
3139
3160
3016
2804
2625
2564
2625
2753
2890
3063
3235
3346
3227
2855
2242
1578
986
511
198
26
39
148
266
356
372
328
201
-27
-223
-310
-251
-64
208
527
889
1224
1500
1625
1608
1481
1214
875
466
115
-110
-236
-210
-86
66
150
158
102
-21
-182
-379
-575
-747
-793
-714
-604
-479
-424
-469
-635
-882
-1162
-1424
-1695
-1872
-1968
-2053
-2102
-2121
-2153
-2200
-2222
-2321
-2441
-2520
-2590
-2660
-2711
-2841
-2945
-3067
-3190
-3293
-3349
-3281
-2997
-2447
-1763
-956
-88
814
1641
2285
2740
2982
3111
3166
3080
2962
2831
2738
2760
2833
3006
3196
3387
3528
3495
3210
2719
2103
1419
780
308
60
-29
-12
68
257
479
651
659
590
563
535
558
631
759
892
998
1032
1094
1109
1047
862
602
322
58
-134
-289
-390
-457
-486
-431
-322
-175
-138
-174
-307
-464
-535
-596
-572
-518
-423
-327
-274
-341
-533
-768
-988
-1237
-1469
-1650
-1849
-1959
-2056
-2184
-2349
-2504
-2644
-2756
-2876
-2987
-3043
-3120
-3201
-3327
-3519
-3717
-3839
-3791
-3512
-3029
-2333
-1484
-560
427
1350
2132
2723
3060
3179
3210
3196
3166
3082
3010
2996
3093
3195
3253
3308
3321
3225
2912
2363
1748
1240
826
481
170
-48
-69
23
195
484
783
1092
1334
1311
1194
1113
1045
1067
1094
1166
1332
1516
1579
1456
1192
823
465
91
-259
-503
-663
-775
-785
-692
-580
-434
-352
-329
-350
-448
-558
-650
-739
-770
-821
-818
-783
-735
-698
-656
-729
-974
-1308
-1651
-1993
-2278
-2458
-2655
-2796
-2927
-3032
-3169
-3307
-3416
-3533
-3622
-3778
-3985
-4228
-4335
-4185
-3729
-3074
-2265
-1295
-213
988
2125
3038
3645
3892
3866
3697
3504
3327
3179
3109
3100
3194
3312
3394
3315
3133
2785
2217
1511
699
22
-508
-813
-886
-761
-410
34
542
1014
1418
1775
2031
2250
2357
2371
2406
2412
2357
2139
1878
1614
1344
1061
715
334
-72
-446
-763
-863
-867
-750
-573
-391
-167
12
113
-21
-181
-397
-669
-893
-982
-940
-897
-894
-1003
-1190
-1420
-1651
-1907
-2161
-2439
-2691
-2883
-3167
-3460
-3784
-4088
-4313
-4468
-4561
-4650
-4763
-4808
-4837
-4709
-4342
-3648
-2751
-1711
-526
740
2059
3240
4155
4646
4819
4756
4516
4116
3690
3253
2942
2751
2701
2720
2753
2751
2673
2306
1580
650
-256
-998
-1539
-1860
-1898
-1639
-1183
-566
109
910
1613
2159
2458
2748
3131
3478
3672
3626
3606
3623
3521
3164
2530
1681
777
-142
-876
-1349
-1569
-1537
-1305
-862
-309
238
662
974
1153
1145
977
703
364
-71
-536
-930
-1231
-1425
-1608
-1847
-2126
-2405
-2795
-3304
-3929
-4600
-5220
-5667
-5948
-6185
-6334
-6400
-6309
-6165
-6061
-6063
-5815
-5055
-3701
-2090
-385
1359
3174
4850
6142
7017
7307
7081
6358
5353
4366
3501
2806
2219
1813
1565
1449
1313
1094
884
458
-334
-1309
-2103
-2610
-2758
-2715
-2259
-1382
-254
874
1891
2889
3716
4263
4447
4398
4267
4163
4008
3903
3700
3372
2821
2183
1379
384
-691
-1644
-2309
-2719
-2814
-2563
-1855
-985
-30
868
1742
2420
2788
2814
2498
2123
1621
1069
533
73
-221
-473
-765
-1295
-2052
-2902
-3809
-4731
-5678
-6577
-7367
-8026
-8464
-8708
-8816
-8890
-8951
-8898
-8157
-6531
-4268
-2007
166
2385
4600
6592
7871
8465
8177
7474
6492
5367
4213
3132
2327
1715
1414
1108
847
585
268
-175
-1053
-2247
-3314
-3877
-4062
-3823
-3057
-1633
117
1814
3241
4501
5658
6280
6275
5834
5418
5159
4906
4556
4216
3927
3373
2491
1359
120
-1295
-2758
-3895
-4522
-4574
-4204
-3389
-2192
-835
476
1731
2762
3434
3607
3308
2870
2394
1871
1254
667
411
344
241
-207
-889
-1659
-2576
-3731
-5087
-6445
-7611
-8491
-9211
-9638
-9895
-9910
-9771
-8847
-7022
-4524
-2032
308
2650
4756
6542
7584
8012
7658
6795
5559
4217
3016
1981
1082
321
-155
-497
-802
-1196
-1558
-2065
-2949
-4040
-4848
-4939
-4648
-3934
-2711
-808
1497
3596
5302
6566
7571
8027
7852
7179
6592
6164
5720
5111
4409
3801
3017
1982
658
-761
-2245
-3501
-4276
-4536
-4333
-3780
-2770
-1469
-8
1270
2220
2847
3040
2807
2226
1642
1211
952
668
462
496
740
774
315
-581
-1707
-2936
-4405
-6082
-7597
-8763
-9443
-9888
-10183
-10194
-9608
-7889
-5432
-2455
60
2562
4860
6876
8254
8701
8550
7662
6517
4981
3539
2233
1251
470
-201
-731
-1306
-1849
-2450
-3118
-4200
-5655
-7095
-7793
-7515
-6599
-5024
-2899
-170
2523
4693
6199
7290
8036
8177
7626
6793
6129
5664
5231
4643
4029
3213
2309
1211
-36
-1416
-2706
-3441
-3639
-3380
-2834
-1876
-570
788
1884
2562
2920
3024
2757
2041
1248
689
588
656
759
964
1243
1306
870
-39
-1368
-2918
-4681
-6514
-8242
-9572
-10372
-10770
-10855
-10580
-9177
-6744
-3563
-580
1948
4335
6266
7889
8501
8462
7696
6561
5203
3737
2584
1662
1136
734
301
-288
-1060
-1852
-2697
-3564
-4724
-5992
-6865
-6874
-6045
-4617
-2597
-153
2383
4431
5843
6709
7075
6931
6200
5150
4203
3329
2564
1808
1312
744
-24
-847
-1579
-2254
-3037
-3524
-3433
-2747
-1845
-832
234
1365
2297
2775
2932
2859
2694
2198
1647
1424
1594
1920
1992
2103
2186
2111
1510
348
-1094
-2698
-4408
-6242
-7870
-8996
-9625
-9980
-10122
-9301
-7222
-4194
-1026
1549
3953
5785
7274
7931
7671
6764
5214
3756
2297
1126
338
-144
-271
-402
-725
-1203
-1773
-2369
-3085
-4156
-5354
-6169
-6145
-5219
-3790
-1729
708
3347
5509
6826
7636
7924
7782
7175
6192
5188
4059
3050
1916
813
-110
-1167
-2194
-3252
-3957
-4362
-4467
-4107
-3282
-2180
-1084
-82
812
1514
1855
1803
1448
909
296
-330
-577
-247
498
1318
1847
2221
2256
2049
1207
-254
-2128
-4145
-5882
-7301
-8310
-8862
-8911
-8348
-6541
-3741
-238
2807
5316
7364
8583
9283
8926
8026
6323
4371
2553
893
-194
-962
-1354
-1737
-2190
-2718
-3233
-3802
-4365
-4966
-5626
-6001
-5869
-4816
-3182
-1092
1182
3343
5177
6197
6596
6586
6375
6107
5369
4489
3543
2847
2190
1193
93
-1143
-2093
-2944
-3497
-3701
-3420
-2709
-1738
-691
231
1087
1681
2000
1860
1358
712
-35
-707
-1388
-1806
-1765
-1315
-705
-322
-130
-126
-350
-1060
-2240
-3669
-4931
-5957
-6767
-7409
-7781
-7854
-7052
-4945
-1831
1751
4517
6989
8767
9925
10248
9452
8185
6126
3951
1867
314
-581
-1044
-1238
-1589
-1942
-2380
-2900
-3420
-3893
-4252
-4628
-4674
-4092
-2633
-913
1003
3071
4884
6066
6099
5684
5156
4817
4292
3373
2462
1687
1152
300
-690
-1730
-2584
-3285
-3740
-3728
-3333
-2479
-1364
54
1326
2352
3039
3393
3376
2703
1699
541
-359
-1054
-1660
-1877
-1611
-929
-476
-524
-915
-1436
-2241
-3604
-5198
-6551
-7348
-7767
-8081
-8140
-7794
-6244
-3733
-599
2386
4719
6869
8073
8873
8662
7847
6555
4722
3180
1734
750
40
-491
-924
-1367
-1887
-2411
-2879
-3313
-3599
-4009
-4021
-3428
-2099
-252
1392
3137
4698
6102
6794
6672
6194
5465
4617
3541
2451
1585
655
-304
-1252
-2244
-3144
-3843
-4020
-3664
-3351
-3046
-2494
-1394
102
1214
1900
2320
2631
2634
1921
930
173
-354
-886
-1456
-1506
-830
-212
-211
-667
-1094
-1515
-2489
-3843
-5115
-5981
-6601
-7219
-7502
-7224
-5696
-3240
-168
2667
4783
6526
7393
7871
7294
6038
4342
2613
1418
290
-321
-610
-556
-724
-1382
-2099
-2720
-3023
-3318
-3448
-3413
-3058
-2198
-787
968
2592
4062
5190
6127
6651
6777
6374
5703
4880
4017
2954
1621
366
-742
-1746
-3021
-4082
-4483
-4134
-3518
-3044
-2519
-1720
-701
175
715
1036
1310
1370
1043
521
147
58
-162
-550
-793
-699
-470
-687
-1144
-1591
-2005
-2690
-3630
-4303
-4709
-4935
-5446
-5807
-5771
-4569
-2154
828
3764
5620
7089
7652
7654
6798
5238
3486
1543
65
-1044
-1442
-1408
-1202
-1302
-1836
-2477
-2980
-3242
-3549
-3575
-3389
-2814
-1731
-279
1620
3178
4424
5312
5862
6266
6315
6004
5308
4448
3697
2805
1595
353
-933
-2145
-3419
-4435
-4673
-4413
-3765
-3136
-2343
-1207
-66
994
1586
1858
1790
1375
771
123
-315
-597
-825
-998
-875
-672
-600
-912
-1557
-2305
-3360
-4397
-5302
-5836
-6092
-6343
-6287
-5907
-4783
-2620
277
3623
6296
8170
9166
9233
8772
7467
5748
3714
1851
531
-306
-743
-1033
-1438
-2149
-3111
-4089
-4726
-5139
-5264
-5014
-4455
-3280
-1732
229
2351
4140
5649
6542
7129
7389
7152
6639
5889
5241
4280
2899
1292
-249
-1742
-3214
-4452
-5119
-5224
-5129
-4801
-4270
-3226
-2017
-980
-320
2
263
258
-35
-467
-578
-354
36
385
841
1351
1564
1427
760
-270
-1716
-3246
-4509
-5485
-6194
-6826
-7100
-6781
-5571
-3284
-455
2535
5005
6731
7651
7691
7359
6482
5247
3736
2420
1812
1607
1551
1183
506
-555
-1825
-3161
-4310
-4978
-5243
-5055
-4533
-3470
-1905
-122
1539
2883
3993
5055
5893
6574
6758
6719
6575
6180
5452
4137
2778
1133
-541
-2258
-3464
-3960
-4040
-3969
-3922
-3565
-2988
-2334
-1949
-1821
-1787
-1844
-2095
-2676
-3087
-3118
-2776
-2231
-1688
-887
-257
121
99
-231
-742
-1589
-2376
-3060
-3681
-4297
-5003
-5327
-4872
-3192
-734
1866
4037
5577
6651
6927
6739
5961
4932
3531
2281
1595
1484
1769
1859
1662
856
-303
-1655
-2773
-3562
-4109
-4326
-4292
-3537
-2408
-1019
220
1196
2106
2927
4058
4938
5692
5997
6213
6175
5672
4913
3867
2771
1238
-346
-1587
-2218
-2385
-2514
-2580
-2548
-2132
-1684
-1351
-1238
-1324
-1424
-2016
-2692
-3410
-3568
-3278
-2815
-2124
-1552
-886
-703
-730
-1185
-1830
-2680
-3570
-4152
-4650
-5045
-5558
-5416
-4443
-2181
376
2812
4721
5754
6307
5753
5104
4010
2906
1826
988
961
1260
1880
2116
2119
1642
847
-67
-934
-1435
-2047
-2297
-2369
-1833
-1049
-409
156
334
858
1331
2152
2892
3506
4140
4487
4791
4416
3876
3025
2096
959
-216
-896
-1101
-856
-836
-970
-1204
-1110
-885
-728
-656
-738
-804
-1325
-1925
-2460
-2594
-2384
-2226
-1946
-1810
-1747
-1907
-2195
-2559
-2937
-3277
-3478
-3640
-3801
-4320
-4742
-4455
-3296
-1017
886
3034
4344
5355
5598
4947
4317
3019
2072
794
249
291
656
1057
743
460
-298
-821
-1576
-1899
-1836
-1739
-1207
-888
178
985
1682
1879
1765
2060
2450
3041
3273
3445
3534
3767
3482
2939
2099
1269
569
-374
-845
-1204
-938
-711
-758
-1042
-1452
-1458
-1405
-1164
-1132
-1054
-1157
-1388
-1631
-1796
-1510
-1192
-775
-603
-619
-882
-1304
-1795
-2362
-2899
-3291
-3509
-3570
-3841
-4004
-3788
-2685
-805
958
2781
3834
4953
5207
4855
4137
3066
2332
1283
705
413
577
782
409
-185
-1044
-1649
-2292
-2675
-2839
-2646
-1946
-1257
-173
672
1560
2106
2209
2561
2827
3442
3642
3698
3795
3765
3622
2728
1740
784
196
-206
-640
-927
-1005
-886
-890
-1085
-1434
-1582
-1760
-2025
-2376
-2689
-2612
-2518
-2437
-2391
-2139
-1444
-640
-13
84
-314
-892
-1616
-2306
-2958
-3287
-3398
-3274
-3236
-3072
-2519
-1394
498
2034
3683
4342
5044
5106
4722
4207
3081
2607
1849
1705
1592
1561
1662
1091
400
-824
-1716
-2444
-2818
-2964
-3038
-2468
-1913
-839
-169
478
826
1079
1805
2394
3348
3690
3932
3961
3893
3634
2723
1592
355
-448
-1044
-1423
-1625
-1611
-1401
-1266
-1153
-1179
-1079
-1021
-1118
-1524
-2110
-2414
-2427
-2275
-2197
-2176
-1742
-1061
-305
-32
-345
-826
-1449
-2035
-2800
-3394
-3876
-4031
-4189
-3995
-3524
-2369
-551
1206
3136
3978
4935
5052
5093
4666
3719
3287
2671
2958
2936
3041
2937
2418
1836
558
-490
-1715
-2400
-2857
-3112
-2758
-2347
-1226
-550
163
402
717
1377
2051
2972
3352
3825
3954
4226
4136
3682
2797
1562
657
-125
-580
-1122
-1598
-1988
-2227
-2319
-2519
-2649
-2866
-2995
-3228
-3474
-3380
-3049
-2435
-2049
-1637
-1095
-410
258
325
45
-531
-1019
-1406
-1852
-2167
-2590
-2806
-3117
-3133
-2909
-2357
-1357
-399
880
1657
2555
3012
3260
3266
2777
2602
2271
2600
2840
3107
3279
3092
2932
2131
1367
309
-644
-1484
-2233
-2309
-2180
-1412
-902
-410
-130
3
456
710
1387
1745
2184
2599
2867
3244
3114
2854
2181
1580
1088
674
393
-93
-493
-959
-1276
-1534
-1782
-2007
-2428
-2809
-3113
-3135
-2851
-2373
-1852
-1402
-834
-140
548
936
967
786
499
189
-118
-414
-711
-1045
-1338
-1542
-1637
-1693
-1755
-1896
-1995
-1938
-1744
-1296
-876
-496
-305
-301
-210
-18
412
732
1054
1353
1645
1916
1928
1802
1500
1202
921
715
580
570
681
773
729
586
449
361
313
341
488
891
1416
1778
1874
1726
1594
1505
1485
1366
1207
1038
875
755
636
609
536
324
-33
-517
-929
-1204
-1298
-1305
-1211
-1063
-777
-493
-282
-190
-277
-438
-692
-884
-1029
-1023
-978
-902
-851
-765
-542
-442
-479
-737
-1038
-1301
-1531
-1686
-1859
-1929
-1998
-2017
-1918
-1691
-1356
-1081
-883
-810
-653
-443
-200
-68
-28
-20
55
204
474
807
1131
1417
1571
1690
1767
1803
1786
1709
1636
1670
1795
1974
2100
2149
2104
2114
2192
2253
2238
2063
1857
1617
1333
1034
628
198
-295
-683
-977
-1113
-1117
-1092
-988
-882
-704
-512
-370
-320
-456
-668
-855
-963
-988
-1053
-1139
-1259
-1323
-1326
-1188
-1058
-981
-1001
-1104
-1166
-1258
-1296
-1517
-1719
-1938
-2026
-1951
-1834
-1460
-1099
-714
-562
-494
-332
-127
145
200
202
218
351
577
726
864
901
964
984
1014
1087
1180
1297
1367
1443
1541
1693
1830
1933
1972
2050
2257
2478
2642
2618
2475
2248
2029
1767
1328
716
20
-539
-961
-1273
-1533
-1704
-1725
-1569
-1348
-1079
-799
-612
-557
-625
-674
-646
-496
-343
-285
-323
-440
-585
-733
-877
-1007
-1147
-1283
-1391
-1419
-1440
-1558
-1773
-2053
-2311
-2470
-2533
-2381
-2071
-1585
-1122
-771
-481
-230
89
302
474
576
757
1044
1324
1525
1577
1636
1616
1558
1431
1225
1062
954
924
944
987
1057
1167
1333
1517
1714
1911
2075
2141
2118
2096
2132
2226
2237
2010
1589
1104
667
304
-85
-486
-891
-1173
-1305
-1281
-1168
-1064
-1018
-1019
-992
-907
-785
-672
-569
-570
-610
-682
-712
-757
-874
-1082
-1364
-1608
-1762
-1780
-1753
-1749
-1824
-1994
-2186
-2385
-2486
-2436
-2175
-1779
-1382
-1061
-838
-591
-309
-53
150
345
599
904
1179
1389
1556
1728
1856
1851
1774
1621
1442
1211
957
756
634
606
630
711
866
1103
1325
1517
1651
1778
1886
1959
2018
1971
1808
1541
1241
1033
874
722
536
324
162
17
-84
-206
-384
-583
-750
-827
-787
-684
-613
-645
-781
-941
-1046
-1044
-1035
-1084
-1237
-1431
-1571
-1646
-1658
-1664
-1679
-1748
-1913
-2105
-2285
-2377
-2328
-2149
-1837
-1454
-1084
-793
-610
-471
-354
-249
-130
4
172
365
546
771
1060
1371
1616
1724
1732
1683
1616
1475
1261
1013
792
638
598
716
931
1174
1379
1506
1586
1637
1634
1571
1455
1302
1133
980
872
863
875
917
908
846
746
595
454
289
143
51
61
153
253
263
126
-192
-563
-884
-1094
-1224
-1362
-1505
-1674
-1748
-1759
-1729
-1713
-1797
-1934
-2099
-2223
-2282
-2265
-2202
-2118
-1975
-1788
-1518
-1185
-872
-649
-575
-547
-472
-331
-148
-17
137
303
493
705
909
1096
1231
1336
1408
1482
1505
1436
1294
1107
978
942
975
1059
1161
1253
1313
1350
1344
1302
1231
1132
1018
912
828
787
806
856
881
870
793
677
495
328
234
226
324
465
589
607
494
229
-95
-442
-744
-991
-1210
-1369
-1526
-1621
-1676
-1708
-1744
-1816
-1930
-2049
-2077
-2003
-1847
-1697
-1625
-1586
-1569
-1488
-1328
-1079
-800
-565
-427
-374
-267
-147
21
183
323
451
580
741
866
977
1038
1047
1064
1094
1135
1148
1116
1034
960
934
939
990
1034
1082
1066
996
919
820
759
729
738
767
795
841
875
897
847
733
559
340
165
62
54
171
334
466
523
517
440
275
43
-236
-491
-702
-837
-944
-1056
-1213
-1373
-1509
-1633
-1718
-1784
-1798
-1720
-1571
-1421
-1346
-1372
-1455
-1542
-1583
-1548
-1398
-1139
-856
-615
-424
-243
-36
156
318
441
552
720
892
1040
1197
1306
1350
1319
1245
1206
1155
1095
1016
939
914
898
882
821
754
642
514
423
414
496
628
770
912
978
995
967
863
709
484
220
-26
-196
-291
-301
-252
-164
-82
-43
-20
-21
-76
-156
-314
-480
-595
-639
-631
-643
-704
-801
-907
-998
-1040
-1049
-1034
-997
-1003
-1069
-1171
-1286
-1418
-1581
-1742
-1894
-1949
-1879
-1660
-1310
-926
-576
-302
-87
96
281
453
629
800
943
1089
1234
1357
1476
1526
1548
1551
1539
1527
1474
1394
1255
1065
884
688
520
395
332
379
531
732
916
1058
1124
1144
1118
1031
893
733
533
337
139
-9
-126
-221
-290
-359
-386
-409
-402
-373
-366
-391
-444
-530
-642
-737
-797
-839
-880
-919
-930
-897
-807
-736
-701
-736
-843
-972
-1126
-1324
-1530
-1716
-1850
-1907
-1892
-1771
-1539
-1234
-908
-644
-479
-383
-268
-109
115
375
602
778
896
1012
1148
1276
1361
1429
1479
1525
1521
1461
1329
1159
949
748
600
519
530
559
620
726
850
955
1005
1019
1000
989
980
940
877
783
664
544
389
227
87
-46
-172
-227
-231
-160
-69
-3
3
-65
-149
-289
-436
-553
-638
-713
-782
-833
-880
-886
-906
-925
-983
-1090
-1223
-1377
-1522
-1674
-1789
-1925
-2047
-2100
-2079
-1969
-1792
-1536
-1254
-999
-787
-611
-403
-178
45
237
405
573
726
917
1099
1299
1465
1610
1720
1747
1705
1553
1376
1211
1086
999
932
883
858
847
869
897
910
916
884
840
813
828
814
777
717
631
543
444
363
285
229
162
91
60
77
120
146
154
126
70
5
-84
-199
-313
-447
-588
-710
-830
-940
-1040
-1124
-1188
-1213
-1214
-1207
-1233
-1268
-1302
-1369
-1448
-1546
-1646
-1731
-1784
-1755
-1615
-1401
-1189
-1000
-836
-670
-481
-266
-37
145
285
422
573
768
955
1134
1259
1336
1394
1421
1441
1386
1276
1136
988
885
799
771
763
771
811
867
912
917
898
852
799
746
691
660
650
653
663
627
580
543
475
399
332
261
217
181
156
139
86
13
-100
-230
-386
-527
-672
-843
-991
-1127
-1225
-1272
-1277
-1243
-1188
-1150
-1130
-1101
-1120
-1173
-1228
-1293
-1351
-1416
-1468
-1512
-1483
-1364
-1170
-959
-807
-680
-554
-395
-203
25
234
409
579
772
977
1165
1312
1368
1359
1308
1240
1158
1046
914
798
701
631
592
595
615
640
672
690
673
602
517
441
432
475
543
644
720
773
774
742
685
612
528
444
383
338
300
274
241
202
128
10
-103
-219
-313
-407
-501
-639
-784
-920
-1012
-1079
-1126
-1166
-1179
-1157
-1128
-1087
-1060
-1063
-1086
-1126
-1178
-1227
-1284
-1338
-1329
-1228
-1062
-876
-734
-596
-433
-211
58
296
514
697
854
1001
1130
1193
1196
1157
1076
992
901
785
673
580
511
462
421
381
369
387
407
438
441
437
405
396
449
535
637
714
761
771
761
726
664
572
475
389
302
207
124
43
-35
-101
-135
-159
-178
-221
-283
-337
-394
-470
-569
-663
-762
-859
-922
-956
-965
-964
-917
-868
-855
-854
-892
-926
-960
-1017
-1090
-1183
-1248
-1262
-1156
-963
-731
-522
-347
-160
49
279
501
697
826
918
1004
1076
1125
1123
1056
978
883
798
708
575
446
337
244
175
130
117
130
179
277
386
464
488
490
507
557
616
649
644
611
574
561
537
475
397
291
188
110
47
3
-20
-21
-38
-40
-55
-95
-152
-238
-337
-426
-518
-606
-701
-758
-796
-828
-849
-856
-855
-875
-914
-974
-1013
-1031
-1018
-1019
-1045
-1083
-1111
-1093
-989
-793
-552
-328
-143
27
209
423
652
849
984
1069
1118
1141
1127
1088
1013
913
799
684
561
433
293
163
71
11
-16
-17
17
102
233
380
491
545
532
501
505
528
557
545
502
452
417
388
372
325
235
157
80
41
33
52
54
40
20
-39
-106
-208
-307
-373
-445
-514
-577
-649
-695
-737
-757
-768
-786
-776
-778
-787
-829
-855
-873
-880
-878
-891
-935
-954
-956
-909
-799
-631
-435
-266
-123
-1
166
345
532
697
786
817
819
810
788
764
684
589
509
435
362
302
251
206
165
142
156
190
258
347
451
541
625
677
667
646
630
643
636
617
562
507
470
441
436
405
348
262
192
161
145
124
92
28
-44
-119
-203
-289
-374
-468
-556
-626
-657
-676
-686
-710
-727
-725
-703
-697
-703
-725
-791
-842
-862
-851
-821
-801
-799
-791
-773
-728
-638
-506
-369
-245
-156
-70
46
156
284
389
450
490
517
551
581
605
616
584
544
486
431
368
303
259
219
193
199
231
268
342
447
569
647
693
717
719
721
725
748
738
700
645
619
602
565
532
473
401
338
284
225
130
32
-70
-183
-281
-393
-491
-565
-604
-637
-664
-676
-701
-730
-757
-790
-813
-827
-821
-839
-871
-889
-894
-864
-817
-774
-744
-735
-731
-732
-709
-669
-594
-504
-423
-336
-248
-144
-27
91
183
251
309
368
429
475
536
581
602
618
612
581
515
440
347
272
238
250
305
394
517
654
785
876
901
869
835
811
798
795
777
762
754
751
727
674
599
497
375
262
168
91
25
-40
-92
-137
-176
-225
-279
-346
-411
-473
-534
-615
-678
-732
-768
-785
-826
-841
-834
-826
-823
-835
-839
-838
-827
-820
-827
-851
-868
-870
-838
-781
-707
-622
-521
-407
-280
-145
-33
64
131
197
273
348
412
473
531
562
574
591
593
554
491
415
346
318
325
372
460
565
661
758
835
884
907
881
853
837
840
822
796
743
656
561
467
378
275
179
92
13
-39
-62
-59
-71
-78
-86
-93
-107
-139
-190
-267
-355
-446
-532
-596
-654
-704
-749
-762
-752
-769
-787
-801
-836
-875
-881
-883
-876
-877
-882
-881
-869
-826
-745
-654
-561
-465
-378
-261
-153
-45
54
136
216
291
362
404
434
448
461
469
471
471
468
459
441
440
441
475
524
595
691
776
871
932
986
998
984
943
867
796
711
612
508
417
328
259
189
118
61
4
-50
-67
-74
-91
-80
-52
-28
-11
2
-17
-85
-175
-275
-361
-449
-521
-589
-657
-698
-711
-703
-724
-756
-793
-819
-854
-868
-872
-870
-876
-889
-880
-855
-779
-689
-586
-492
-407
-331
-242
-158
-89
-30
34
117
200
286
345
386
403
406
412
432
439
426
404
379
380
385
428
480
575
671
764
860
933
971
962
937
889
823
751
667
590
518
453
395
341
301
238
172
121
76
46
42
24
36
39
59
44
26
-22
-97
-204
-325
-416
-522
-601
-654
-685
-705
-729
-745
-767
-789
-819
-831
-839
-838
-831
-836
-829
-828
-820
-792
-752
-701
-629
-564
-488
-411
-341
-246
-160
-71
9
99
199
304
388
446
467
474
469
471
480
495
479
457
447
447
485
543
620
689
765
812
855
879
876
858
810
771
721
691
646
601
555
506
454
380
316
230
137
72
28
-3
-17
-32
-45
-68
-86
-117
-176
-260
-349
-424
-499
-547
-607
-625
-640
-640
-652
-661
-673
-696
-700
-712
-703
-730
-746
-773
-780
-793
-801
-792
-772
-746
-718
-649
-585
-512
-422
-312
-203
-93
20
119
212
295
358
406
435
442
430
428
442
457
467
462
459
461
481
512
550
596
638
671
696
724
747
761
760
741
743
736
725
683
642
604
537
463
362
262
161
88
20
-42
-85
-112
-130
-148
-168
-209
-262
-325
-390
-441
-478
-505
-512
-516
-497
-474
-455
-453
-476
-497
-532
-547
-566
-584
-609
-622
-632
-641
-657
-688
-700
-707
-686
-657
-610
-547
-472
-383
-294
-196
-111
-35
24
76
128
189
244
279
309
322
340
356
367
379
383
391
399
447
485
539
581
613
659
693
725
733
755
748
740
737
730
701
655
588
504
421
346
283
215
170
114
76
32
6
-19
-46
-76
-120
-155
-196
-225
-244
-256
-274
-294
-311
-312
-324
-360
-383
-418
-446
-466
-489
-514
-540
-561
-596
-620
-644
-656
-680
-699
-701
-691
-669
-632
-570
-494
-430
-358
-276
-189
-113
-42
18
84
152
209
262
298
326
342
344
352
363
381
404
425
446
471
490
515
528
546
562
568
565
555
549
532
517
483
448
397
343
283
216
164
127
97
64
45
36
23
12
1
4
-6
-17
-39
-71
-85
-109
-135
-168
-190
-224
-258
-291
-323
-354
-376
-396
-420
-433
-452
-464
-484
-490
-492
-494
-512
-543
-565
-576
-580
-562
-543
-518
-479
-426
-353
-282
-207
-144
-75
-4
75
165
231
288
332
386
423
451
469
490
507
508
510
506
521
516
507
495
495
489
469
449
418
396
365
329
290
255
209
161
117
86
58
38
26
19
16
10
7
7
4
-3
-13
-28
-46
-68
-98
-134
-166
-198
-228
-255
-287
-308
-333
-338
-345
-344
-347
-349
-353
-352
-329
-309
-287
-285
-285
-295
-298
-307
-316
-316
-315
-306
-295
-270
-248
-204
-156
-99
-47
14
86
165
247
309
361
397
429
446
456
455
449
436
414
391
357
329
299
280
253
239
217
195
171
147
127
98
77
37
3
-32
-48
-60
-58
-52
-47
-40
-32
-22
-20
-17
-31
-43
-59
-71
-91
-110
-139
-172
-208
-245
-273
-301
-324
-350
-360
-360
-344
-334
-319
-304
-282
-246
-206
-157
-119
-84
-63
-45
-28
-18
-14
-17
-16
-19
-15
-1
20
49
76
103
125
155
188
235
287
333
369
388
408
419
426
422
402
377
346
314
271
233
198
164
132
105
90
80
62
37
12
-8
-25
-55
-83
-115
-139
-156
-159
-150
-147
-135
-132
-124
-124
-123
-121
-124
-124
-133
-138
-152
-172
-204
-244
-271
-299
-315
-340
-355
-362
-352
-336
-311
-280
-244
-207
-164
-115
-61
-14
17
41
56
70
76
85
89
93
91
94
98
113
127
140
151
166
189
219
253
278
298
307
320
327
331
333
324
317
301
286
265
246
224
195
167
144
131
123
113
98
81
61
41
14
-11
-44
-76
-107
-132
-150
-166
-178
-192
-204
-215
-221
-221
-220
-221
-224
-225
-231
-238
-253
-269
-285
-298
-310
-321
-328
-330
-324
-312
-294
-270
-242
-210
-175
-134
-93
-51
-17
18
47
72
89
101
106
110
116
118
126
130
143
150
166
178
192
203
215
228
237
247
246
247
242
244
242
242
235
228
218
209
196
182
171
165
163
158
150
139
130
118
105
85
61
35
9
-15
-39
-62
-84
-103
-119
-132
-146
-163
-179
-195
-205
-210
-210
-212
-215
-220
-223
-225
-230
-236
-245
-252
-255
-253
-251
-245
-235
-219
-196
-169
-137
-107
-75
-48
-22
-1
16
27
40
49
53
56
58
66
75
84
97
107
120
131
145
161
176
189
198
205
202
199
196
195
191
184
176
169
162
153
145
136
126
118
115
114
111
109
104
99
90
75
58
40
24
4
-15
-35
-52
-69
-83
-99
-110
-126
-138
-153
-166
-177
-185
-186
-184
-173
-168
-158
-155
-155
-156
-156
-153
-151
-149
-145
-136
-123
-108
-94
-80
-66
-51
-38
-24
-14
-9
-9
-13
-17
-22
-21
-15
-4
8
19
35
52
70
87
99
108
114
117
118
118
116
112
112
114
118
121
121
119
111
103
93
86
81
79
79
81
83
85
83
82
75
69
61
54
46
35
24
8
-6
-24
-37
-53
-64
-75
-84
-90
-94
-94
-91
-84
-78
-68
-61
-53
-51
-48
-49
-50
-49
-49
-46
-44
-39
-36
-31
-26
-23
-19
-16
-17
-22
-30
-41
-52
-66
-75
-84
-86
-83
-75
-62
-48
-33
-20
-8
4
14
22
29
32
35
33
34
33
35
35
36
39
38
40
38
41
41
43
45
49
54
58
62
66
66
67
66
64
59
54
50
42
35
26
17
7
-2
-10
-17
-20
-22
-22
-19
-16
-10
-7
-2
4
7
12
13
18
20
21
24
23
26
25
28
29
30
31
28
26
21
12
5
-7
-19
-32
-44
-55
-68
-76
-86
-91
-96
-98
-97
-95
-89
-83
-75
-66
-61
-55
-54
-52
-50
-50
-46
-45
-40
-37
-35
-31
-31
-27
-24
-21
-14
-9
0
5
11
15
19
23
22
25
23
24
23
22
20
19
17
16
15
19
24
31
41
50
60
67
77
83
90
96
101
106
113
119
124
126
126
125
121
117
112
106
100
92
83
72
59
46
34
22
8
-5
-19
-34
-49
-65
-81
-95
-108
-115
-120
-122
-121
-118
-114
-111
-107
-107
-108
-107
-105
-103
-101
-96
-91
-88
-81
-80
-78
-77
-78
-76
-76
-70
-67
-61
-54
-49
-42
-38
-35
-33
-31
-28
-25
-17
-8
2
16
27
40
52
65
79
88
102
112
125
137
147
157
161
167
167
168
164
161
156
151
147
141
137
131
122
112
98
85
70
54
40
24
14
-1
-11
-24
-37
-50
-64
-77
-91
-101
-113
-120
-126
-129
-132
-132
-132
-129
-127
-124
-122
-119
-118
-119
-117
-120
-118
-119
-117
-117
-115
-112
-111
-106
-104
-98
-93
-88
-82
-76
-70
-64
-56
-50
-42
-32
-21
-7
5
21
38
57
76
94
113
131
146
162
174
187
193
201
204
205
202
196
191
181
174
165
158
150
143
134
126
118
109
99
89
80
69
59
46
33
18
4
-11
-25
-39
-53
-63
-74
-82
-89
-92
-96
-100
-104
-110
-115
-123
-127
-134
-139
-143
-146
-150
-152
-156
-157
-161
-162
-166
-166
-167
-168
-164
-162
-155
-151
-140
-132
-119
-108
-94
-79
-65
-50
-36
-18
-2
18
39
62
86
111
132
154
172
188
199
208
216
219
224
222
218
211
203
193
182
170
160
151
142
135
130
126
122
118
112
105
95
82
67
50
33
15
-2
-17
-33
-46
-59
-70
-79
-87
-94
-101
-107
-116
-124
-134
-141
-149
-153
-158
-160
-161
-163
-162
-165
-164
-168
-168
-173
-172
-172
-172
-168
-165
-157
-153
-141
-131
-119
-105
-90
-74
-58
-42
-26
-10
4
21
38
58
76
99
118
139
156
170
183
191
200
203
208
209
209
208
204
200
195
190
184
179
173
167
161
156
147
141
132
122
108
93
78
59
42
21
4
-16
-34
-51
-66
-79
-92
-100
-111
-118
-127
-135
-145
-152
-161
-167
-172
-176
-174
-175
-170
-169
-165
-163
-161
-160
-156
-153
-148
-143
-135
-125
-115
-103
-93
-81
-70
-58
-48
-38
-28
-20
-11
-3
7
19
33
49
65
82
98
112
125
135
144
151
158
165
171
177
183
187
188
188
185
180
175
167
161
154
146
139
130
119
108
94
78
62
43
26
7
-9
-25
-37
-50
-62
-73
-85
-95
-106
-114
-124
-131
-137
-141
-143
-145
-145
-146
-146
-147
-146
-148
-148
-145
-144
-140
-136
-129
-123
-113
-104
-93
-82
-72
-62
-52
-43
-35
-28
-24
-18
-15
-8
-4
4
15
26
40
52
66
78
90
99
108
115
123
131
138
147
154
160
164
166
165
163
159
153
148
140
134
125
116
106
93
81
67
53
38
24
11
-2
-15
-27
-38
-48
-59
-68
-76
-86
-92
-97
-101
-105
-106
-108
-108
-108
-108
-110
-109
-109
-109
-108
-107
-104
-100
-95
-90
-83
-77
-71
-64
-58
-52
-47
-42
-37
-30
-25
-20
-14
-9
-6
-2
1
4
12
17
24
33
44
54
63
72
80
86
91
96
101
105
110
115
121
126
130
133
134
132
129
123
116
107
97
85
74
63
50
39
29
18
7
-5
-18
-30
-43
-57
-69
-81
-91
-99
-105
-111
-116
-120
-123
-127
-129
-133
-134
-135
-133
-132
-126
-120
-114
-105
-97
-88
-80
-70
-61
-52
-43
-36
-28
-20
-14
-8
-2
4
8
14
19
24
27
33
39
45
51
59
65
73
80
87
91
96
102
103
107
109
111
114
118
123
126
130
132
135
134
131
125
120
111
101
90
80
70
61
51
39
30
19
7
-5
-19
-32
-46
-60
-72
-85
-94
-105
-114
-122
-130
-137
-142
-145
-148
-150
-148
-147
-144
-140
-136
-130
-125
-120
-114
-107
-98
-90
-81
-73
-65
-56
-50
-42
-38
-33
-28
-24
-19
-13
-6
1
10
19
28
36
47
55
63
71
78
86
91
98
104
111
116
123
129
135
141
145
150
153
156
156
157
154
149
143
136
128
118
108
97
85
73
62
48
34
20
3
-12
-28
-42
-56
-68
-81
-92
-102
-113
-120
-129
-133
-138
-140
-142
-142
-140
-138
-135
-133
-129
-125
-121
-114
-108
-100
-92
-85
-78
-72
-68
-62
-59
-55
-50
-45
-39
-32
-25
-18
-10
-2
6
14
21
30
37
41
48
54
60
65
70
76
80
84
89
93
96
99
102
104
106
109
110
111
111
111
110
108
105
101
96
89
82
73
65
55
46
36
26
16
5
-5
-16
-25
-36
-46
-54
-63
-70
-77
-81
-85
-88
-90
-92
-92
-94
-94
-95
-94
-92
-89
-86
-82
-78
-73
-69
-67
-63
-61
-58
-54
-50
-44
-38
-31
-25
-18
-13
-8
-5
1
3
7
10
14
19
24
29
32
37
39
43
45
48
49
52
54
55
57
59
61
62
66
67
70
71
73
72
71
68
64
61
58
55
51
48
44
42
36
31
25
19
11
4
-3
-11
-17
-24
-27
-33
-36
-40
-44
-47
-51
-54
-57
-58
-60
-60
-62
-61
-63
-62
-64
-64
-65
-66
-64
-63
-61
-59
-53
-49
-42
-38
-33
-28
-23
-18
-15
-10
-6
-1
3
10
14
19
21
25
28
30
32
33
36
37
39
42
45
46
48
50
52
54
54
56
55
54
52
52
49
47
44
43
41
39
37
34
32
27
25
20
16
10
6
0
-6
-10
-17
-22
-26
-30
-33
-35
-37
-38
-38
-38
-39
-39
-40
-41
-42
-42
-42
-42
-41
-40
-39
-37
-36
-34
-32
-30
-28
-26
-24
-22
-20
-17
-15
-13
-10
-9
-7
-4
-2
1
4
8
11
15
18
20
22
23
25
27
29
30
32
35
36
39
41
43
45
44
45
44
42
41
38
35
34
32
29
27
25
22
19
16
12
8
2
-2
-6
-12
-16
-20
-24
-27
-31
-33
-36
-39
-41
-42
-43
-44
-46
-45
-44
-43
-43
-42
-41
-40
-39
-38
-36
-35
-34
-30
-28
-25
-23
-20
-17
-15
-12
-11
-8
-7
-5
-3
-1
2
5
9
13
16
20
24
27
31
32
34
37
38
40
41
45
47
50
53
55
57
59
60
61
61
61
60
59
57
54
51
47
43
38
33
29
23
17
12
6
0
-6
-12
-18
-25
-31
-37
-41
-45
-49
-52
-55
-58
-60
-62
-64
-66
-67
-68
-69
-69
-69
-69
-67
-65
-62
-60
-57
-53
-49
-45
-41
-37
-33
-29
-26
-22
-19
-14
-10
-5
0
5
9
14
18
22
25
29
32
35
37
40
42
46
48
52
54
57
60
64
67
69
71
73
74
75
77
76
77
74
74
71
67
63
58
53
47
41
34
27
20
13
6
-2
-9
-16
-22
-28
-34
-40
-44
-49
-53
-58
-61
-64
-67
-70
-73
-74
-76
-78
-79
-79
-79
-77
-75
-73
-70
-68
-64
-61
-57
-54
-51
-47
-44
-40
-35
-30
-25
-20
-15
-10
-6
0
4
8
13
16
20
25
29
34
40
44
49
55
60
63
68
70
73
76
76
78
78
79
78
77
75
73
70
67
62
57
53
47
43
36
32
25
19
13
8
1
-4
-10
-15
-20
-25
-29
-33
-36
-40
-44
-45
-49
-52
-54
-56
-58
-59
-61
-61
-62
-60
-60
-57
-56
-54
-52
-49
-48
-45
-43
-40
-38
-35
-32
-29
-25
-22
-19
-16
-11
-8
-5
-1
3
6
8
13
16
19
23
27
31
35
39
43
46
49
52
55
57
59
60
61
61
60
59
56
54
52
48
45
42
38
34
29
26
23
17
13
10
5
0
-5
-8
-13
-16
-19
-23
-28
-30
-32
-36
-38
-40
-42
-43
-45
-45
-45
-45
-45
-43
-42
-41
-39
-39
-37
-35
-33
-31
-30
-29
-26
-25
-23
-20
-19
-16
-14
-11
-8
-6
-4
-1
1
4
5
7
9
11
14
17
19
22
23
27
30
33
35
36
39
40
41
42
42
41
41
40
39
37
36
33
31
28
26
25
22
20
17
14
12
9
7
4
1
-1
-4
-7
-9
-13
-15
-19
-21
-23
-25
-27
-29
-30
-31
-31
-32
-31
-32
-31
-31
-30
-30
-29
-27
-27
-25
-24
-23
-22
-20
-18
-16
-14
-12
-10
-7
-5
-3
-1
1
3
4
5
6
8
8
9
10
11
12
13
15
16
17
18
18
20
20
20
21
21
21
20
20
19
18
17
16
15
15
13
12
11
10
10
8
7
7
5
4
3
1
1
0
-1
-3
-3
-4
-6
-7
-8
-10
-12
-12
-14
-14
-14
-15
-15
-16
-16
-16
-16
-17
-16
-16
-16
-16
-14
-14
-13
-13
-12
-10
-9
-7
-5
-4
-2
-1
0
1
1
3
3
4
5
6
6
6
7
8
8
8
9
10
10
11
11
11
12
12
12
11
12
11
11
11
11
11
10
9
9
7
8
6
5
4
4
3
3
2
1
1
-1
-1
-3
-3
-5
-5
-6
-8
-7
-9
-9
-10
-10
-10
-10
-10
-11
-11
-11
-11
-10
-9
-9
-9
-8
-7
-8
-5
-6
-4
-4
-3
-2
-1
0
0
1
2
2
2
2
3
4
3
4
4
4
5
4
4
4
4
4
4
5
5
5
5
5
4
5
5
5
5
5
5
5
4
5
4
5
4
4
3
3
2
1
1
1
0
-1
-1
-2
-3
-3
-3
-4
-5
-5
-5
-5
-6
-6
-7
-6
-6
-5
-6
-5
-5
-5
-5
-3
-4
-2
-2
-2
-1
0
1
1
1
1
2
3
2
3
3
3
3
4
4
3
3
4
3
3
3
3
3
1
2
2
1
1
1
1
1
0
1
0
1
1
1
1
1
0
1
2
1
1
0
1
0
0
0
0
0
-1
0
-1
-1
-1
-1
-2
-2
-2
-2
-3
-2
-3
-4
-4
-4
-3
-4
-3
-3
-4
-3
-3
-4
-3
-3
-2
-3
-2
-1
-1
-1
-1
0
0
0
1
0
1
1
1
1
1
1
2
1
2
1
2
2
2
1
2
1
1
1
2
1
1
2
2
2
2
1
1
1
2
2
2
1
2
2
1
1
2
1
2
2
2
2
1
2
2
1
2
2
1
1
1
1
1
0
1
-1
-1
0
0
-1
-1
-1
-2
-1
-1
-1
-1
-2
-1
-3
-2
-2
-2
-3
-2
-2
-3
-3
-2
-1
-2
-3
-2
-2
-3
-3
-2
-2
-1
-1
-2
-2
-2
-2
-1
-1
-1
-1
0
0
0
-1
0
0
-1
0
1
0
1
1
1
1
1
1
2
2
2
2
1
1
3
2
2
3
2
3
3
2
3
2
2
3
2
2
2
2
2
2
1
1
1
1
0
1
0
0
0
0
-1
-1
-1
-1
-2
-2
-2
-2
-2
-2
-3
-2
-3
-3
-2
-2
-3
-3
-3
-3
-2
-3
-3
-2
-3
-2
-1
-1
-2
-1
-1
-1
-1
-1
0
0
0
-1
0
1
2
2
2
2
2
1
1
2
3
2
1
2
2
2
2
1
2
3
2
2
2
1
1
1
2
2
1
2
1
1
1
1
0
1
0
0
0
0
-1
0
0
0
-1
-2
-1
-1
-2
-1
-2
-1
-2
-2
-2
-1
-2
-2
-1
-1
-1
-1
-1
-1
-1
-2
-2
-1
-1
-1
-1
-1
-1
0
-1
0
0
1
1
-1
1
0
0
0
0
1
0
1
1
0
1
1
0
2
0
1
1
0
1
0
1
1
0
0
1
1
0
1
-1
1
1
0
0
1
0
0
0
0
0
0
0
-1
0
0
0
-1
0
-1
0
-1
-1
-1
0
0
0
-1
0
-1
0
0
0
0
0
0
0
0
0
1
-1
0
0
0
1
0
-1
0
0
0
1
0
-1
0
0
0
0
1
0
0
1
0
0
0
1
0
0
0
0
0
1
0
0
0
0
0
0
0
1
0
0
0
0
-1
0
0
-1
-1
0
-1
0
0
0
1
0
0
0
0
-1
1
0
0
0
0
1
0
1
0
0
1
1
0
0
0
0
0
-1
0
0
0
-1
0
0
1
0
0
0
0
1
0
1
0
0
0
0
-1
0
0
0
0
0
-1
0
0
0
1
1
0
0
-1
0
0
1
0
0
-1
1
0
0
0
0
-1
0
0
0
0
0
0
0
0
0
0
0
0
0
0
0
-1
0
1
0
0
1
-1
0
-1
-1
0
0
0
0
0
0
0
0
-1
0
-1
1
0
1
1
0
0
0
0
0
0
0
0
0
0
0
0
0
0
1
0
-1
0
0
0
0
0
0
-1
0
0
-1
0
0
0
0
0
0
0
1
1
0
0
0
0
0
0
0
-1
0
0
0
0
0
0
-1
-1
0
0
0
0
0
1
0
1
-1
0
0
-1
0
0
0
1
0
0
0
0
0
0
0
1
0
1
0
0
0
-1
-1
0
0
0
0
1
0
-1
0
0
0
0
1
0
-1
0
0
0
0
0
1
0
0
0
0
0
0
0
0
0
0
1
0
0
0
0
0
0
0
0
0
0
0
0
0
-1
-1
0
0
0
0
0
0
-1
0
0
-1
0
0
0
0
0
0
0
0
0
0
0
0
0
0
0
0
0
-1
0
0
1
0
0
-1
1
0
0
0
0
0
0
0
0
0
0
-1
1
0
0
-1
0
0
0
1
0
-1
0
0
0
0
0
0
0
1
-1
0
0
0
-1
-1
0
0
0
1
0
0
0
0
0
1
0
-1
-1
0
0
0
0
0
0
0
-1
0
-1
0
1
0
0
0
0
1
0
0
0
0
0
-1
-1
0
0
0
0
-1
0
1
0
1
0
0
0
0
-1
0
0
0
-1
0
0
0
0
0
0
0
0
-1
0
0
0
1
0
1
0
-1
0
1
0
0
-1
0
0
0
0
0
0
1
0
1
0
0
0
0
0
1
0
1
0
0
0
1
0
0
0
0
0
-1
0
0
0
0
0
0
0
0
0
-1
0
0
0
0
0
0
0
0
0
0
1
0
1
0
0
1
0
0
1
0
0
1
0
0
1
0
0
0
0
0
0
0
0
0
0
0
1
0
0
-1
0
0
-1
0
-1
0
0
1
1
0
0
0
-1
0
0
0
0
0
0
1
0
0
-1
0
0
0
0
-1
0
1
0
0
0
0
0
-1
0
0
0
0
0
0
0
1
0
0
0
0
0
-1
0
0
0
0
0
1
0
0
0
0
0
0
0
1
0
-1
0
-1
1
0
0
0
0
-1
0
-1
0
0
0
0
-1
1
0
0
0
1
0
-1
0
1
1
0
-1
0
0
0
0
0
0
0
0
-1
0
0
0
0
1
-1
0
0
-1
0
0
0
0
0
1
1
0
0
0
-1
-1
0
0
0
1
0
0
0
0
0
0
1
0
0
-1
0
0
1
0
0
0
0
0
1
0
0
-1
0
0
0
0
0
0
0
0
1
0
0
0
0
0
0
0
0
1
0
0
0
0
0
0
-1
0
0
0
0
1
0
0
1
0
0
0
1
-1
0
-1
0
0
0
1
0
0
0
0
0
0
1
0
0
0
0
0
0
0
0
0
-1
0
0
0
1
0
0
0
1
0
0
0
0
0
0
0
0
0
0
1
0
1
0
-1
0
0
-1
0
0
0
-1
0
0
0
-1
0
-1
1
-1
1
0
0
0
0
0
1
0
1
0
0
0
0
0
0
0
0
0
0
0
1
0
0
-1
0
0
0
0
0
0
0
0
0
0
-1
0
0
1
0
0
-1
0
0
0
0
0
0
0
0
-1
0
1
0
0
0
0
1
0
0
0
0
0
-1
0
0
-1
0
0
0
0
0
0
0
0
0
0
0
1
1
1
1
0
0
-1
1
0
0
0
0
0
0
0
0
0
0
0
0
1
0
0
1
0
1
0
0
1
0
0
0
0
1
0
0
-1
0
0
1
1
0
0
-1
0
-1
-1
0
0
0
1
1
0
-1
0
1
0
0
0
0
1
0
1
-1
0
1
0
0
0
-1
0
0
0
1
0
-1
0
-1
-1
0
0
1
0
0
0
1
1
0
0
1
1
-1
0
-1
0
0
0
1
0
0
0
0
-1
0
0
-1
0
0
-1
-1
1
0
0
0
0
-1
0
1
0
0
0
-1
1
0
1
0
1
-1
0
0
0
-1
0
0
0
0
0
0
0
0
0
0
0
0
0
0
0
0
0
1
0
0
0
0
1
0
0
0
0
0
0
0
0
0
0
0
0
0
0
0
0
0
0
0
0
1
0
0
0
0
-1
0
0
1
0
0
0
0
0
-1
0
0
0
0
0
0
-1
0
0
-1
0
0
0
-1
0
0
0
0
-1
0
0
0
0
0
0
0
0
0
0
0
0
0
0
0
-1
0
0
0
-1
0
-1
0
-1
0
0
0
0
1
0
0
0
0
-1
1
0
0
0
0
0
1
0
0
0
0
0
0
1
0
0
0
0
-1
0
-1
0
0
0
0
0
0
0
0
0
0
0
0
0
0
0
