-1
0
0
0
0
1
0
0
0
0
0
0
0
0
-1
0
0
0
0
0
0
0
0
0
1
0
0
0
0
0
1
0
0
1
0
1
-1
0
0
0
0
0
0
0
0
-1
0
-1
-1
0
0
0
0
0
0
0
0
0
0
-1
0
-1
0
0
0
0
0
0
-1
0
0
0
0
0
0
0
0
0
0
0
0
0
0
0
0
0
1
1
0
-1
0
0
0
0
0
0
0
0
0
0
0
0
0
0
0
0
1
0
0
0
0
0
1
0
0
0
0
0
0
0
-1
-1
0
0
0
0
0
-1
-1
0
0
0
-1
1
0
0
-1
0
0
0
0
0
0
0
0
0
0
0
0
0
0
0
0
1
0
0
-1
0
0
0
0
0
0
1
0
0
-1
-1
0
0
0
0
-1
0
0
0
0
0
1
0
0
1
0
1
0
0
0
0
0
0
-1
0
0
0
0
0
0
1
0
0
0
0
0
0
-1
-1
0
-1
0
0
0
0
0
0
0
0
0
0
0
0
0
0
-1
0
0
0
0
1
0
0
0
0
0
0
0
0
0
0
-1
1
-1
0
0
0
0
0
0
0
0
1
0
1
0
0
0
1
-1
0
0
0
0
0
0
0
0
0
0
-1
0
0
0
0
1
1
0
1
0
0
0
0
0
0
0
0
0
0
-1
-1
-1
-1
0
0
0
0
0
-1
0
0
0
0
0
-1
0
-1
0
1
0
0
1
0
0
-1
0
-1
0
0
0
-1
0
1
-1
0
0
0
0
-1
0
1
0
-1
1
1
0
1
-1
0
0
1
0
0
-1
1
0
0
1
0
0
0
0
1
0
0
0
0
1
0
-1
0
-1
0
1
0
1
-1
0
1
0
0
0
0
0
-1
0
0
0
0
0
0
0
0
0
0
-1
0
1
0
1
0
-1
0
0
1
0
0
0
0
0
0
-1
0
-1
0
0
0
0
0
0
0
1
0
1
0
0
0
0
0
-1
0
0
0
0
0
-1
0
0
0
0
0
0
1
0
0
0
0
1
0
0
0
0
0
0
0
0
0
-1
0
1
0
0
0
0
0
0
0
0
0
0
0
0
0
0
0
-1
1
0
0
0
-1
0
0
0
1
0
0
0
-1
0
0
0
0
1
1
0
1
0
0
-1
0
-1
0
0
0
0
0
0
0
0
0
0
0
0
0
1
0
0
0
0
0
0
0
0
0
0
0
0
0
0
0
0
0
0
1
0
0
0
1
0
0
0
0
0
0
0
0
1
1
0
0
1
0
0
0
0
0
1
0
0
-1
1
0
-1
-1
0
0
0
0
0
1
0
1
0
0
0
1
0
-1
0
-1
0
0
-1
0
0
0
-1
0
0
0
0
0
0
0
0
1
-1
0
0
0
0
-1
0
0
0
0
0
1
0
0
0
0
0
0
0
0
1
1
0
0
0
0
0
0
0
0
0
1
0
-1
0
0
0
0
0
0
0
0
0
0
1
0
1
1
1
0
0
0
0
0
0
0
0
0
0
0
0
-1
0
0
0
-1
0
-1
0
0
0
0
0
0
0
-1
1
0
1
0
0
0
0
1
1
0
-1
0
1
-1
0
0
0
0
0
0
0
0
0
0
0
0
0
1
-1
0
0
0
0
0
0
0
-1
0
-1
0
0
0
0
0
-1
0
1
0
0
0
1
0
0
0
0
0
0
0
0
0
0
0
0
0
0
1
0
1
0
-1
-1
-1
0
0
0
0
0
0
0
-1
0
0
1
-1
0
1
0
0
0
0
0
0
0
-1
0
0
0
0
0
0
0
0
0
0
0
0
0
0
0
0
0
0
0
0
0
0
1
0
1
0
0
0
1
0
0
-1
1
0
-1
0
0
-1
0
0
0
0
-1
0
0
0
0
1
0
0
0
1
0
0
1
-1
0
0
0
0
0
0
-1
0
1
0
0
0
1
-1
0
0
0
-1
0
0
0
-1
0
1
0
-1
0
0
-1
-1
0
0
0
0
-1
-1
-1
0
0
0
0
0
0
0
0
0
1
0
-1
0
1
0
1
0
0
0
-1
0
0
0
0
0
0
-1
1
0
0
0
0
1
0
0
0
-1
0
1
0
0
0
0
0
0
0
0
0
0
-1
1
-1
0
1
0
0
0
0
0
0
0
0
0
0
0
0
0
0
0
1
0
0
0
0
-1
1
0
0
0
0
0
0
0
0
0
0
0
0
-1
0
0
0
-1
0
0
1
1
0
0
0
0
-1
0
1
0
-1
0
0
0
0
-1
0
0
0
0
0
-1
-1
0
0
0
0
1
0
0
0
0
-1
0
0
0
0
0
0
0
0
1
0
-1
0
0
-1
0
0
0
0
0
0
0
0
0
0
0
1
0
0
0
0
-1
-1
0
-1
0
0
0
-1
0
0
0
0
1
1
-1
0
0
-1
-1
0
0
-1
0
0
-1
0
0
-1
1
-1
0
0
-1
0
0
0
0
0
0
0
1
0
0
-1
1
1
0
0
0
0
0
0
0
0
0
1
0
0
0
0
0
0
-1
0
0
-1
0
0
1
0
0
1
0
0
0
1
0
0
0
0
0
0
1
-1
0
0
0
1
0
-1
0
0
0
0
0
-1
0
0
0
0
1
0
0
1
0
0
0
1
0
0
0
0
0
1
0
0
0
0
0
0
0
1
0
0
0
0
-1
0
0
-1
-1
0
-1
0
0
0
1
1
0
0
0
-1
1
0
0
0
0
1
0
1
0
0
1
1
0
0
0
0
0
-1
0
0
0
-1
0
0
1
0
0
0
0
1
0
1
0
0
0
0
-1
0
0
0
0
0
-1
0
0
0
1
1
0
0
-1
0
0
1
0
0
-1
1
0
0
0
0
-1
0
0
0
0
0
0
0
0
0
0
0
1
0
0
0
-1
0
1
0
0
1
-1
0
-1
-1
0
0
0
0
0
0
0
0
-1
0
-1
1
0
1
1
0
0
0
0
0
0
0
0
0
0
0
0
0
0
1
0
-1
0
0
0
0
0
0
-1
0
0
-1
0
0
0
0
0
0
0
1
1
0
0
0
0
0
0
0
-1
0
0
0
0
0
0
-1
-1
0
0
0
0
0
1
0
1
-1
0
0
-1
0
0
0
1
0
0
0
0
0
0
0
1
0
1
0
0
0
-1
-1
0
0
0
0
1
0
-1
0
0
0
0
1
0
-1
0
0
0
0
0
1
0
0
0
0
0
0
0
0
0
0
1
0
0
0
0
0
0
0
0
0
0
0
0
0
-1
-1
0
0
0
0
0
0
-1
0
0
-1
0
0
0
0
0
0
0
0
0
0
0
0
0
0
0
0
0
-1
0
0
1
0
0
-1
1
0
0
0
0
0
0
0
0
0
0
-1
1
0
0
-1
0
0
0
1
0
-1
0
0
0
0
0
0
0
1
-1
0
-1
0
-1
-1
0
0
0
1
0
0
0
0
0
1
0
-1
-1
0
0
0
0
0
0
0
-1
0
-1
0
1
0
0
0
0
1
0
0
0
0
0
-1
-1
0
0
0
0
-1
0
1
0
1
0
0
0
0
-1
0
0
0
-1
0
0
0
0
0
0
0
0
-1
0
0
0
1
0
1
0
-1
0
1
0
0
-1
0
0
0
0
0
0
1
0
1
0
0
0
0
0
1
0
1
0
0
0
1
0
0
0
0
0
-1
0
0
0
0
0
0
0
0
0
-1
0
0
0
0
0
0
0
0
0
0
1
0
1
0
0
1
0
0
1
0
0
1
0
0
1
0
0
0
0
0
0
0
0
0
0
0
1
0
0
-1
0
0
-1
0
-1
0
0
1
1
0
0
0
-1
0
0
0
0
0
0
1
0
0
-1
0
0
0
0
-1
0
1
0
0
0
0
0
-1
0
0
0
0
0
0
0
1
0
0
0
0
0
-1
0
0
0
0
0
1
0
0
0
0
0
0
0
1
0
-1
0
-1
1
0
0
0
0
-1
0
-1
0
0
0
0
-1
1
0
0
0
1
0
-1
0
1
1
0
-1
0
0
0
0
0
0
0
0
-1
0
0
0
0
1
-1
0
0
-1
0
0
0
0
0
1
1
0
0
0
-1
-1
0
0
0
1
0
0
0
0
0
0
1
0
0
-1
0
0
1
0
0
0
0
0
1
0
0
-1
0
0
0
0
0
0
0
0
1
0
0
0
0
0
0
0
0
1
0
0
0
0
0
0
-1
0
0
0
0
1
0
0
1
0
0
0
1
-1
0
-1
0
0
0
1
0
0
0
0
0
0
1
0
0
0
0
0
0
0
0
0
-1
0
0
0
1
0
0
0
1
0
0
0
0
0
0
0
0
0
0
1
0
1
0
-1
0
0
-1
0
0
0
-1
0
0
0
-1
0
-1
1
-1
1
0
0
0
0
0
1
0
1
0
0
0
0
0
0
0
0
0
0
0
1
0
0
-1
0
0
0
0
0
0
0
0
0
0
-1
0
0
1
0
0
-1
0
0
0
0
0
1
0
0
-1
0
1
0
0
0
0
1
1
-1
1
-1
0
-1
0
-1
0
1
0
0
0
1
0
0
-1
0
0
1
0
2
1
1
0
0
-1
-1
0
0
1
1
0
0
2
-3
1
3
-2
-1
2
1
-2
1
1
0
-2
0
3
0
1
-1
0
2
-1
1
-1
1
-2
-2
3
3
-3
-1
4
-3
-2
1
3
-1
-2
2
0
-1
-2
2
4
-3
-1
1
3
2
-5
3
0
-3
2
0
2
0
-7
2
3
-4
5
1
3
-7
-2
0
1
-1
0
6
-1
0
-5
13
-7
-4
5
0
-2
-4
6
1
2
-7
5
5
-6
-6
7
1
-4
4
-1
6
-10
-1
6
1
-7
-3
5
-1
1
5
-1
4
-5
-10
12
0
-10
1
15
-5
-1
0
0
1
-13
10
7
-4
-6
9
-2
-2
-6
4
7
-9
3
2
13
-23
10
5
-11
6
-7
11
-5
8
-6
9
-6
-14
10
-7
15
-14
8
1
0
-12
5
14
-22
18
-10
10
-8
0
7
0
-6
-6
13
-14
13
-9
6
-1
-3
-1
9
2
-12
9
-8
1
2
-4
-3
4
-4
2
10
-4
-2
-4
6
-15
14
-5
-1
7
-12
-3
4
4
5
0
1
-7
4
-3
5
-4
-8
2
10
-1
-7
15
-19
6
-1
5
-2
-4
12
-18
16
-11
0
17
-19
9
-10
14
-14
8
5
-4
-6
-9
25
-17
-2
13
-20
19
-15
13
12
-14
0
-4
8
-18
17
8
-21
14
-6
9
-16
12
-2
-16
5
3
10
-9
-4
11
-9
-1
-1
20
-2
-9
-2
7
-17
2
11
10
0
-10
21
-7
-19
9
0
6
-6
-1
8
-2
-19
15
7
-24
6
-5
14
-14
12
2
-4
5
0
10
2
3
-13
15
-7
-7
3
-2
-6
-6
-9
14
-15
6
12
-19
12
5
-4
-13
7
13
-7
-5
25
-17
-6
10
-4
24
-19
15
-5
-2
2
-8
6
-22
29
-43
12
11
-26
20
-20
24
-17
10
2
11
4
-15
18
-28
21
-13
10
-14
29
-13
7
18
-35
28
-33
14
-20
7
17
-35
23
6
-19
16
-14
7
8
8
-40
38
-17
-13
19
22
-10
9
0
-5
25
-58
23
-4
-19
1
29
4
-26
18
12
-26
27
-9
14
11
-39
14
-13
11
-21
22
-14
8
-16
5
18
-14
-24
5
46
-68
58
-39
62
-40
23
32
-44
36
-50
45
-22
-22
41
-32
4
10
-26
35
0
-78
83
-36
2
-29
62
-31
-27
43
-29
12
-52
60
0
-19
-3
37
-62
29
23
-59
72
-11
-20
10
63
-62
14
68
-91
82
-69
63
-49
-14
19
6
-35
5
63
-105
89
-41
-31
27
0
-48
60
-39
-6
6
-27
21
-18
51
-35
40
-50
62
-7
-45
70
-34
-20
41
-20
19
-1
-19
7
30
-81
97
-22
-20
45
-50
24
-32
24
-22
15
-12
-61
65
-48
25
-17
41
-8
-19
36
-24
28
-46
52
-32
0
31
-61
87
-90
64
-19
-10
21
-25
16
-68
116
-115
97
-46
9
4
-67
88
-64
44
-47
82
-62
22
-5
15
8
-66
82
-51
-33
83
-69
41
-9
-16
64
-103
103
-57
-11
35
-49
61
-82
109
-99
50
-12
12
-1
-8
-44
100
-92
1
99
-130
144
-159
148
-51
-15
26
-41
44
-74
71
-33
36
-72
80
-65
48
-30
-29
78
-105
127
-107
89
-63
23
34
-73
59
-88
88
0
-74
100
-72
24
-22
22
-10
-28
29
-16
53
-46
6
-7
58
-106
88
21
-76
35
-8
-6
17
-40
22
43
-58
51
-12
7
-10
32
-65
43
-22
-64
145
-119
-13
139
-162
83
-38
48
-37
17
-10
23
-26
-9
1
69
-93
41
53
-104
75
-49
34
60
-54
-26
92
-92
61
6
-56
59
-72
43
-54
103
-140
74
9
-26
19
-46
106
-146
137
-141
139
-77
-40
95
-71
1
37
-2
-55
122
-127
57
10
2
-38
49
-51
42
-19
27
-20
2
18
-19
32
-40
57
-61
55
-41
-1
-9
2
-2
0
24
-7
-12
-1
-11
35
-37
-5
88
-84
31
25
-51
62
-18
-39
38
15
-80
69
-33
46
-96
140
-127
30
63
-160
165
-183
179
-107
29
30
-18
14
-5
5
-52
59
-63
68
-62
89
-40
0
48
-72
95
-194
223
-184
58
68
-154
171
-126
116
-103
38
22
27
-76
53
23
-132
110
12
-52
81
-38
11
27
-68
107
-66
-20
54
-99
56
-96
127
-141
119
16
-159
191
-150
118
-118
106
-68
-4
42
0
38
-17
18
-38
52
-171
272
-290
280
-224
108
14
-136
168
-96
53
6
-55
3
15
0
-4
-15
67
-116
83
35
-141
148
-101
-9
82
-86
104
-71
73
-132
145
-89
32
41
-94
93
-77
47
-55
93
-152
157
-15
-43
-16
50
-71
-23
88
-113
156
-146
184
-131
77
-31
33
-66
27
115
-215
196
-78
-22
-21
53
-61
118
-198
201
-171
152
-101
-53
119
-153
217
-318
355
-257
74
23
-76
174
-104
26
48
-88
32
34
-40
140
-227
241
-208
68
-24
24
52
-108
107
-71
-7
26
31
-65
-22
48
6
-130
170
-144
95
7
-58
165
-222
176
-192
127
29
-134
245
-230
141
-58
47
19
-79
20
34
9
-105
144
-62
38
-46
41
-103
117
-90
60
-5
-53
28
-118
191
-195
89
-103
113
-104
192
-40
31
-123
55
32
-195
273
-209
103
-57
80
-34
95
-86
107
-130
36
11
-57
58
-47
55
-118
192
-179
123
-99
82
-15
-71
173
-254
179
-22
-7
22
27
-20
-82
178
-180
162
-230
190
-92
18
12
-11
54
-160
201
-134
57
-109
222
-293
239
-156
60
119
-254
277
-259
213
-118
93
-151
118
-48
-58
49
-13
44
-31
16
12
159
-134
90
-40
-19
24
20
-91
47
-203
222
52
-150
88
-139
177
-66
0
13
-78
-5
28
23
-98
67
-12
57
16
-87
9
84
-12
38
-141
9
0
50
141
-157
43
26
-32
63
-53
-65
51
-83
174
-96
9
-62
-74
10
75
77
-131
130
-107
149
-200
276
-212
105
51
-26
-71
158
-90
-4
87
-156
147
-184
139
-60
-14
-109
95
-74
70
-62
47
-3
-114
140
-159
233
-213
255
-210
148
-94
-81
247
-317
189
-182
139
-1
183
-260
292
-227
145
14
-130
208
-396
451
-438
364
-165
77
30
-99
142
-320
214
-184
138
-129
38
-62
79
31
30
93
-48
4
-46
55
-132
134
-22
61
92
-178
259
-348
327
-272
163
-85
-32
92
-176
146
-101
28
-25
-96
-56
40
-81
156
69
-149
217
-121
-14
98
-89
97
-105
242
-261
321
-343
195
-19
-82
194
-244
354
-416
390
-348
91
97
-210
264
-266
149
-160
186
-166
16
14
-164
222
-198
86
127
-142
153
-23
4
-4
52
-47
-8
16
-48
114
-89
127
-85
99
-21
-72
55
-94
91
-192
75
-82
-19
24
-15
169
-302
194
-178
183
-116
46
68
-223
282
-231
235
-62
45
132
-152
257
-243
163
10
-46
219
-294
216
-170
130
-166
54
-25
-2
71
-117
12
-141
-26
-27
48
-237
191
-86
-16
121
-85
65
-31
182
-181
271
-164
213
-79
54
4
-89
168
-203
223
-232
172
-186
219
-288
141
-91
72
-94
38
6
-98
68
-56
163
-283
339
-229
265
-176
148
33
-183
253
-174
-35
109
-127
51
-5
-73
24
-8
-109
61
17
-154
165
-294
234
-105
63
33
3
38
79
-1
4
142
12
26
-68
114
-118
-33
50
-111
150
-174
62
-19
-150
208
-280
337
-384
227
-157
-30
378
-496
516
-439
314
-73
-38
93
-157
45
32
13
-22
93
-148
167
-15
-152
219
-273
169
-164
51
-50
7
124
-241
429
-452
430
-359
271
-92
-123
223
-337
382
-300
250
-144
102
-145
193
-212
123
135
-341
421
-562
556
-412
172
73
-62
125
-216
185
-181
155
63
-169
257
-204
-65
186
-278
233
-243
249
-137
232
-213
110
-123
2
93
-80
166
-176
214
-306
422
-443
238
-24
-259
440
-550
497
-427
264
-39
-20
-31
21
91
-160
159
-79
51
-107
139
-152
149
-69
50
118
-149
61
6
4
-110
158
-194
170
-133
129
-120
109
11
-176
297
-380
323
-372
366
-340
197
-51
-110
194
-375
488
-426
304
-167
53
-77
50
66
-164
390
-445
313
-181
91
-80
52
111
-169
225
-307
221
-81
-27
29
13
2
17
141
-181
16
-9
19
-71
105
-32
81
13
-25
-112
82
-69
-40
94
-31
-23
59
104
-84
105
-14
-71
166
-138
102
41
-100
69
20
29
-26
30
-92
44
-76
-12
-42
-91
12
101
-79
195
-135
18
23
-111
51
-77
91
-4
151
-134
29
-22
-194
103
-71
86
-99
14
76
-87
99
-79
187
-270
237
-171
192
-107
-38
-3
-31
120
-351
244
-122
253
-258
356
-362
159
-99
-9
-116
71
133
-303
519
-391
403
-209
183
-243
232
-223
219
9
-50
205
-319
371
-199
224
-182
125
-203
-119
51
103
99
46
77
-103
-63
-178
32
-261
193
-353
97
60
-294
187
-294
215
276
211
243
-60
16
-136
220
-175
-14
116
-47
201
183
-181
138
-345
-133
49
-48
6
-225
153
-146
46
-48
-291
-75
-95
59
167
104
42
92
-129
91
-115
321
-115
44
215
-171
287
-124
151
-133
242
88
105
156
-221
154
-186
86
83
-9
123
111
-3
-36
-52
-85
-219
-102
-74
22
4
-95
-218
-146
-353
-240
-409
-315
-158
-273
-60
-323
-128
-514
84
-365
68
-138
-2
-3
-258
328
-324
352
-319
289
105
0
134
19
232
22
277
131
362
104
363
268
208
278
261
374
-48
627
-151
378
259
167
351
343
51
196
-26
-270
119
-390
193
-302
37
-350
86
-410
-319
-110
-762
88
-367
-154
-103
-351
-196
-230
-427
-181
-23
-53
350
-22
9
57
-7
54
35
200
128
561
-123
360
223
-303
384
5
414
64
140
227
231
114
-438
193
-142
-82
108
13
-138
-63
-329
-87
-208
-233
208
-162
217
-211
-200
10
-161
2
-174
102
52
-330
-186
-259
-305
-271
-398
205
-190
-41
315
-393
202
-143
-275
360
260
559
435
364
365
72
-4
60
190
334
280
481
71
314
-40
17
87
399
563
225
461
301
155
-225
-177
-418
60
-221
91
-172
-352
-329
-634
-124
-545
-29
-485
-246
-552
-775
-498
-786
-526
-817
-330
-471
-280
-604
-741
-154
-690
-135
5
141
712
239
572
303
175
66
-38
278
635
626
762
804
575
563
155
837
496
816
880
888
1107
511
686
347
827
529
605
614
377
367
-66
153
-269
-67
-431
-191
-225
-532
-516
-912
-689
-552
-614
-509
-480
-787
-1076
-981
-812
-943
-790
-688
-582
-517
-424
-598
-565
-784
-973
-434
-411
-456
-516
-626
-794
-808
-604
-607
-164
-211
129
729
542
594
477
376
396
513
971
978
1188
1264
1051
1257
1394
1315
1504
1425
1493
1509
1611
1641
1207
1081
899
810
584
564
718
463
530
408
194
100
-67
-126
-29
-53
-371
-487
-713
-776
-679
-802
-690
-739
-839
-969
-1436
-1827
-2001
-2231
-2544
-2402
-2441
-2638
-2659
-2622
-2841
-3067
-3267
-3163
-2990
-2939
-2812
-2836
-2818
-3205
-3680
-3249
-1971
336
2245
2973
3044
2428
2644
3240
4467
4988
5408
6145
6912
7739
7790
6853
5653
4906
5271
6195
6456
6233
4610
3294
1938
1244
687
-121
-739
-1268
-1223
-1339
-1511
-2419
-3449
-3681
-3495
-2721
-2095
-2057
-2492
-3370
-3881
-3947
-3844
-3982
-4128
-4378
-4701
-5593
-6962
-8784
-9854
-10776
-11291
-12387
-13236
-11340
-7831
-1374
1362
1596
-557
-1697
1033
3945
7737
8630
9453
10558
12697
14637
13652
11218
8167
6631
6921
7972
9462
9208
6859
3275
-597
-2572
-3984
-4137
-4672
-5018
-3971
-2765
-776
-1413
-2202
-3419
-3037
-479
1705
4472
4656
3900
2811
2643
3669
4370
5024
5094
4960
4790
3617
2026
-222
-2606
-3866
-4613
-3858
-4424
-5916
-8478
-11125
-12304
-13290
-12726
-12321
-11632
-11837
-12624
-13573
-14956
-16028
-15372
-11350
-4766
2641
6392
7560
6195
5862
7140
9527
12471
14840
17019
18821
20061
19131
16255
11805
8019
5809
5510
6191
6898
5780
2449
-2295
-7146
-10048
-11529
-11576
-11265
-10606
-9321
-7901
-6051
-4823
-3900
-3056
-1489
1198
4596
7686
9386
9670
9421
9273
9565
10288
10429
9807
8212
6289
4238
2386
116
-2262
-4591
-6257
-7104
-7950
-9412
-11844
-14399
-16176
-16457
-15812
-14836
-14280
-14436
-14829
-15432
-15876
-16158
-14075
-8248
406
8917
11977
11253
8473
8613
11633
15562
18444
19200
19644
20376
21108
19587
15162
9615
4856
3013
3402
4573
5046
2264
-2781
-9032
-13356
-14641
-14252
-13541
-13635
-13173
-11700
-9273
-6658
-5104
-3945
-2623
343
4653
8764
11656
12183
11539
10806
11013
12205
13307
12909
10988
8048
5140
2759
493
-1909
-4588
-6956
-8212
-8697
-9786
-11821
-15139
-17815
-18994
-18113
-16447
-15154
-14706
-15234
-15914
-16593
-16875
-15520
-9984
-1131
9309
14377
13952
10483
8976
12260
16641
20327
20882
20761
21199
21984
21204
16623
10123
4112
1334
1902
3530
4547
2245
-3224
-10133
-15367
-16292
-15049
-13428
-13396
-13591
-12291
-9842
-6413
-4261
-2761
-1445
1153
5843
10468
14218
14707
13375
11830
11613
13003
14254
14205
11784
8057
4004
861
-1392
-3812
-6315
-8826
-10270
-10511
-11167
-12600
-15643
-18710
-20112
-19487
-17192
-15014
-14092
-14288
-15342
-16270
-16723
-15547
-9459
173
11407
16538
15089
10887
8783
12977
17780
21701
22085
21400
21835
22237
21132
16223
9405
3626
915
1697
3238
4178
1651
-4480
-11682
-16936
-16801
-14608
-12486
-12832
-13995
-13351
-11057
-7373
-4710
-2684
-898
1784
6216
10479
14002
14459
13169
12010
12197
14401
15759
15324
12133
7343
2901
-461
-2039
-3598
-5242
-7732
-9861
-10857
-11990
-13100
-15723
-18093
-19335
-18308
-15780
-13325
-12641
-13863
-15641
-17103
-16860
-15453
-9039
414
11970
17189
14946
9682
6240
10627
16191
21318
22427
21629
21487
20747
19005
13777
7518
2587
520
1887
3285
4366
1686
-4814
-12451
-18239
-17520
-13767
-10144
-9644
-11721
-12240
-11180
-8100
-5245
-2751
107
3006
7282
10736
13404
13406
11460
10342
10828
13660
16005
15818
12707
7201
2063
-1672
-2873
-3137
-3769
-5478
-8100
-9648
-11145
-12460
-14578
-16914
-17448
-16421
-13321
-10957
-10389
-12370
-14960
-16656
-16480
-14816
-10153
-1446
9096
16796
15498
10066
4510
6502
12925
19066
22415
21581
20439
18452
15976
12036
6643
2801
326
1063
2156
2904
1626
-4317
-11484
-18355
-18635
-14043
-8830
-6688
-9174
-11380
-11421
-8564
-4634
-1155
2556
5684
9278
12142
13971
14444
12563
11327
11364
14003
16618
16740
13241
6744
266
-4503
-5690
-5053
-4549
-5558
-8717
-11544
-13690
-15016
-16109
-17525
-17652
-16473
-13664
-11348
-10424
-11946
-14249
-15989
-15802
-13675
-8386
594
11129
18756
17066
11040
4647
6437
13330
20154
23547
22093
20082
17282
14129
9928
4845
1749
-64
695
1607
2117
654
-5256
-12425
-18977
-18849
-13400
-7334
-4693
-7391
-10434
-11300
-8680
-4142
47
4584
7703
10931
12845
13706
13680
11719
10850
11131
14045
16811
16311
12067
4666
-2151
-6678
-7343
-5801
-4550
-5198
-8933
-12584
-15636
-16677
-16522
-16562
-15549
-14413
-11947
-10176
-9609
-11298
-13665
-15248
-14765
-12263
-7342
1249
10884
18587
17131
10671
3859
4659
12421
20215
24583
22652
19110
15134
11645
8469
4685
2531
1110
1165
1419
1065
-87
-5155
-11928
-18060
-18521
-12873
-6461
-3419
-6224
-10395
-12078
-9739
-4505
520
5238
8410
10754
12087
12276
12257
10947
10558
11371
13943
16487
15844
11543
4203
-2513
-6832
-7081
-5043
-3250
-3634
-7549
-12212
-15862
-16870
-15769
-14672
-13506
-12652
-11177
-9790
-9555
-10740
-13004
-14059
-13849
-11415
-8389
-2276
5938
14290
17248
12110
5652
2308
8494
16846
23235
23396
18907
14366
10147
7932
5568
3963
3080
1744
1039
-385
-1025
-3144
-8212
-13646
-16936
-13608
-7606
-3188
-3896
-8445
-11194
-10565
-5782
-271
4801
8878
10800
11731
10973
10912
10812
11031
12068
13494
15319
14893
11690
5824
-746
-5534
-7453
-5905
-3695
-3070
-5735
-10921
-15174
-17243
-16081
-14089
-12528
-11525
-11008
-10057
-9896
-10222
-11512
-12281
-12194
-11208
-9432
-6931
-975
6606
13664
14213
8993
3632
3317
10317
17637
21890
20288
15817
11762
8729
7265
5807
5036
4068
2416
890
-486
-687
-2865
-7313
-12066
-13663
-9755
-4797
-2148
-4611
-8678
-10297
-8356
-3584
1266
6008
9180
10487
9796
8335
8296
8852
10518
11773
12906
13211
11731
8227
2628
-2687
-6111
-6429
-4508
-2709
-3055
-6387
-11180
-14854
-16026
-14571
-12065
-10079
-9342
-9430
-9538
-9678
-10138
-10544
-10606
-10002
-9548
-8764
-7460
-3125
3533
10219
12818
9277
4774
3021
7818
14404
18866
19016
15958
12821
10041
8040
6320
5266
5107
4294
3082
1452
464
-1045
-4790
-8954
-11216
-8953
-4799
-2724
-4014
-7490
-8965
-8121
-5187
-1291
2890
6971
8466
7830
5905
5595
7053
9076
10602
11022
10789
9840
7454
3618
-859
-3949
-4825
-3728
-2294
-2300
-4362
-8441
-12112
-14094
-13222
-10913
-8810
-8064
-8517
-9201
-9710
-10078
-10101
-9599
-8877
-8608
-8833
-8874
-7300
-2850
2941
8433
9327
7313
4410
4521
8526
13118
16646
16933
15609
13021
10228
7548
6073
6205
6899
6481
4502
1987
200
-1695
-4119
-6709
-7520
-5964
-4257
-3947
-5640
-7429
-8103
-7236
-4985
-1326
2650
5135
5419
3904
3128
4143
6105
8152
9197
9558
9438
8116
5589
2428
-124
-1329
-1395
-1034
-1118
-2019
-4399
-7463
-10166
-11298
-10266
-8689
-7288
-7416
-8067
-9148
-9780
-9820
-9474
-8673
-8527
-8752
-9641
-10000
-9469
-6110
-1004
5238
8468
7783
4743
2397
4971
9629
15261
17583
16922
14008
10175
7715
6671
7921
9017
8450
6056
2955
1329
210
-1486
-3876
-5582
-5038
-3723
-3265
-4632
-6414
-7239
-6598
-4835
-2697
-119
1856
2781
2424
1619
1967
3260
5405
6976
7773
7798
6997
5577
3502
1624
308
-147
-141
-473
-1085
-2806
-5046
-7462
-9034
-8924
-8082
-6787
-6581
-6850
-7480
-8033
-8320
-8540
-8397
-8194
-8105
-8946
-10344
-11382
-10415
-5987
231
6015
7083
4425
1068
935
5443
11093
15745
16856
15620
12680
9324
7387
7251
9243
10309
9565
7024
4449
3026
1181
-731
-2480
-2866
-2519
-2596
-3294
-4154
-4735
-5692
-6538
-6450
-4374
-988
1232
1554
247
-889
-546
636
2601
4513
6267
7150
6393
4628
2479
1467
835
812
683
617
328
-1265
-3490
-6223
-7646
-7722
-6729
-5597
-5252
-5584
-6642
-7775
-8504
-8491
-8036
-8335
-8884
-10300
-11354
-11900
-11179
-7358
-2573
2774
4282
3123
1308
1493
5265
9500
13609
15263
15167
13535
10870
9296
8905
10571
11630
11108
8734
6157
4808
3719
2212
-318
-1966
-2531
-2212
-2321
-3524
-4898
-6435
-7220
-7227
-6213
-3859
-2012
-985
-1801
-3086
-3038
-1601
1244
3626
5232
5646
5156
4286
3313
2893
2531
2512
2529
2375
1923
510
-1346
-3425
-4818
-5207
-4999
-4593
-4533
-4702
-5291
-6184
-7611
-8667
-9016
-8745
-8641
-9161
-10437
-11603
-12395
-11062
-7560
-2603
1881
2730
2240
852
2460
5692
9268
12325
13538
14200
13204
11820
10388
10074
11095
11719
11489
9818
8019
6221
4266
2221
446
-619
-1409
-2371
-3496
-4589
-5426
-6384
-7046
-7359
-6818
-5523
-4486
-3584
-3612
-3274
-2413
-1066
774
2214
3627
4421
4483
4285
3811
3868
3777
3692
3206
2593
1912
806
-300
-1825
-3087
-3992
-4355
-4368
-4600
-5139
-6120
-7140
-7956
-8398
-8401
-8516
-8834
-9389
-10184
-10822
-11376
-10747
-8199
-4087
581
2827
3510
2727
2853
4244
6432
9723
12478
14605
14250
12350
10128
9126
10124
10967
11161
9633
7990
6355
4557
2485
98
-1195
-2107
-2339
-3047
-3966
-5021
-6472
-7616
-8449
-7851
-6070
-4141
-2701
-2568
-2586
-2313
-1461
-77
1673
3759
5515
6251
5765
4838
4080
3707
3551
3379
3405
3369
2968
1719
-292
-2285
-3694
-4186
-4359
-4366
-4645
-5227
-6168
-7209
-7753
-7549
-6851
-6220
-6354
-7312
-8391
-8744
-7899
-6410
-5143
-3839
-2627
-991
483
1055
1868
2185
3826
5337
7070
8685
9192
9294
7983
6868
6261
6600
7610
7687
6889
4830
2961
1630
776
483
71
125
-177
-706
-1923
-3330
-4344
-4708
-4119
-3364
-2473
-1974
-1607
-1267
-1060
-404
638
2137
3711
4588
4785
4335
3939
3910
4286
4738
4805
4389
3358
2143
927
-21
-778
-1480
-2166
-2924
-3576
-4270
-4706
-4963
-5177
-5450
-5879
-6041
-5887
-5437
-4916
-4491
-4177
-3688
-2860
-2132
-1785
-2006
-2431
-2399
-1739
-445
990
1816
2087
1673
1256
1265
1426
2112
2451
2632
2282
1585
1093
462
341
352
651
899
882
665
60
-208
-283
271
859
1267
1470
1389
1391
1214
1140
1301
1800
2605
3155
3109
2356
1464
1076
1592
2803
3754
4006
3373
2177
1275
648
813
1182
1400
1192
172
-844
-1907
-2517
-2874
-3047
-2917
-2726
-2563
-2861
-3384
-3770
-3694
-3032
-2296
-1591
-1115
-894
-755
-561
-66
679
1451
2010
2194
2199
2035
2061
1892
1800
1500
1158
712
145
-345
-1240
-2085
-3194
-3869
-4033
-3829
-3461
-3640
-4056
-4578
-4639
-4083
-3332
-2399
-1788
-1287
-1019
-982
-588
177
1567
2801
3398
3280
2972
3196
3962
5015
5646
5745
5192
4414
3744
3159
2756
2177
1777
1588
1518
1386
725
-146
-1176
-1831
-1981
-1632
-1093
-897
-1163
-1835
-2277
-2357
-2116
-1733
-1445
-1054
-765
-421
-199
106
485
763
1105
1090
1288
1466
1780
1987
1820
1490
876
411
209
346
498
278
-243
-846
-1164
-1169
-1123
-1110
-1207
-1324
-1436
-1590
-1583
-1487
-1261
-1079
-980
-982
-1048
-1031
-931
-747
-699
-793
-902
-770
-351
46
168
-72
-383
-394
-130
258
403
386
470
638
758
530
-39
-558
-718
-371
214
472
184
-546
-1290
-1487
-1148
-445
101
168
-79
-598
-901
-866
-320
526
1274
1601
1379
1057
884
1204
1719
2106
2188
1862
1670
1590
1720
1713
1436
1060
629
429
255
221
42
-49
-165
-230
-268
-422
-550
-799
-879
-799
-298
333
682
678
170
-194
-187
289
988
1305
1243
730
280
67
125
377
419
435
211
201
151
82
-163
-627
-1062
-1455
-1573
-1400
-1081
-980
-1244
-1834
-2403
-2748
-2636
-2217
-1520
-1044
-850
-1221
-1834
-2196
-1986
-1127
-321
186
100
-134
-331
-352
-150
140
427
641
670
726
775
886
871
669
493
544
903
1321
1438
1268
880
676
764
1022
1327
1351
1268
1084
997
950
846
757
786
1000
1190
1165
836
344
-10
-123
32
167
255
233
174
151
81
47
45
141
260
313
283
73
-171
-461
-633
-642
-380
-11
148
-81
-639
-1035
-1068
-706
-331
-218
-341
-585
-689
-691
-648
-632
-656
-742
-955
-1095
-1137
-1007
-991
-1178
-1426
-1508
-1258
-970
-808
-876
-999
-998
-907
-748
-589
-303
57
302
352
213
250
540
1009
1343
1407
1333
1317
1430
1624
1827
1909
1787
1502
1133
823
658
600
564
480
380
289
204
57
-105
-215
-179
-19
138
139
-65
-363
-603
-604
-451
-189
11
31
-56
-199
-309
-313
-166
46
199
199
134
74
110
114
44
-91
-74
115
263
225
-96
-376
-498
-484
-398
-402
-402
-415
-369
-326
-375
-509
-721
-770
-627
-327
-36
58
47
-85
-219
-350
-333
-97
222
438
407
275
195
272
370
371
234
23
-22
112
301
312
58
-258
-544
-577
-422
-97
182
242
91
-195
-316
-183
95
268
156
-12
-70
43
204
215
201
214
305
393
365
262
109
-32
-136
-138
68
382
624
509
94
-415
-655
-508
-125
294
467
379
111
-153
-245
-140
89
266
316
324
352
461
606
713
720
590
374
171
120
258
456
486
247
-76
-337
-426
-436
-501
-576
-577
-428
-324
-399
-702
-1053
-1155
-1051
-831
-653
-559
-542
-641
-731
-703
-414
-6
309
303
111
-46
-69
49
181
348
537
686
687
485
193
-34
-159
-195
-159
-18
168
198
-24
-379
-645
-680
-554
-404
-263
-97
28
35
-82
-198
-105
119
426
654
815
941
1011
1050
1017
990
1010
1095
1220
1319
1333
1196
900
594
405
347
303
132
-123
-294
-311
-243
-232
-412
-647
-867
-916
-806
-634
-483
-514
-647
-853
-956
-886
-677
-410
-219
-114
-124
-181
-268
-325
-310
-240
-107
46
120
58
-126
-426
-770
-1010
-1006
-737
-365
-142
-201
-469
-741
-854
-818
-623
-327
2
267
295
127
-66
-88
106
349
540
710
914
1127
1211
1121
931
875
1004
1198
1400
1509
1518
1380
1112
799
590
524
544
514
397
273
114
-90
-389
-684
-826
-772
-611
-487
-478
-563
-678
-801
-886
-889
-756
-517
-271
-168
-266
-423
-488
-404
-271
-187
-161
-134
-91
-98
-198
-331
-424
-435
-431
-462
-481
-481
-456
-469
-528
-546
-515
-429
-331
-223
-83
92
275
401
457
471
457
452
480
580
727
844
896
880
810
688
604
577
565
564
537
526
486
405
242
41
-80
-113
-63
-35
-68
-102
-117
-102
-107
-124
-191
-301
-361
-353
-181
22
146
53
-169
-320
-336
-216
-104
-14
51
70
-15
-235
-438
-464
-290
-70
0
-97
-260
-375
-436
-478
-477
-419
-342
-362
-429
-456
-367
-248
-203
-228
-254
-181
-36
110
217
254
258
224
200
230
325
479
624
732
745
670
564
513
542
586
548
414
308
307
354
339
181
-26
-189
-229
-190
-149
-129
-164
-228
-322
-373
-340
-242
-193
-252
-336
-337
-224
-93
-41
-69
-127
-151
-109
-16
60
81
-2
-164
-299
-348
-228
-93
-25
-105
-309
-484
-575
-488
-355
-275
-312
-433
-486
-436
-298
-158
-51
49
125
200
249
306
401
515
603
600
578
618
733
812
772
657
611
640
714
717
614
461
303
233
208
219
240
192
46
-178
-356
-412
-381
-331
-360
-430
-473
-470
-472
-499
-521
-495
-433
-413
-442
-412
-270
-83
-8
-46
-89
-53
37
62
50
61
112
133
82
-1
-71
-100
-150
-250
-302
-291
-229
-207
-264
-351
-457
-494
-455
-355
-223
-99
8
86
149
201
262
339
451
555
629
665
715
801
886
914
865
761
639
521
432
387
364
344
278
163
44
-43
-107
-194
-349
-541
-719
-831
-845
-759
-641
-595
-633
-724
-776
-775
-736
-672
-576
-420
-256
-156
-121
-102
-51
35
104
160
245
358
441
442
367
310
336
387
391
294
194
142
131
117
76
35
-8
-60
-147
-192
-190
-111
-20
37
82
101
142
181
227
280
307
312
338
417
570
704
684
522
312
195
187
220
246
239
187
66
-96
-256
-306
-299
-310
-404
-534
-584
-552
-494
-527
-582
-593
-509
-403
-354
-350
-347
-305
-253
-209
-160
-83
-19
13
17
31
83
141
150
121
70
50
56
50
39
-1
-68
-162
-236
-229
-150
-37
45
43
3
-35
-47
-41
-23
57
170
301
410
502
543
521
466
416
419
489
633
740
793
757
657
534
409
356
349
363
341
257
128
-30
-182
-308
-397
-459
-476
-473
-503
-568
-681
-781
-842
-822
-742
-636
-525
-441
-430
-472
-521
-488
-354
-180
-42
22
47
47
35
32
41
66
130
184
200
179
115
36
-48
-104
-110
-74
-10
13
-13
-81
-141
-161
-172
-144
-90
13
144
250
313
316
303
329
388
483
580
639
642
596
545
534
607
686
692
630
506
416
354
335
336
325
280
179
63
-20
-56
-106
-204
-359
-489
-527
-533
-549
-612
-690
-759
-793
-743
-623
-494
-452
-481
-506
-466
-378
-284
-203
-172
-179
-229
-272
-269
-176
-54
14
-21
-126
-215
-255
-220
-139
-33
81
133
133
78
30
28
43
115
219
350
447
452
395
284
216
201
273
370
443
462
376
287
197
182
237
315
352
315
229
168
160
175
201
203
202
188
162
173
187
197
185
144
98
80
98
96
48
-34
-100
-121
-83
-71
-71
-132
-208
-272
-307
-303
-257
-209
-246
-336
-474
-528
-526
-467
-432
-455
-499
-526
-509
-473
-420
-376
-337
-306
-266
-202
-137
-93
-75
-24
47
167
261
302
290
257
225
226
272
357
403
401
365
318
298
294
300
271
249
228
232
194
161
122
104
92
75
79
77
108
116
127
83
35
6
-5
17
1
25
18
35
18
6
-16
-43
-85
-126
-123
-101
-42
-14
-8
-89
-148
-193
-183
-151
-145
-135
-148
-149
-183
-188
-200
-172
-144
-85
-61
-27
-19
-12
-42
-12
53
125
207
199
189
134
103
53
43
62
110
145
128
70
12
-74
-129
-164
-184
-135
-106
-85
-123
-172
-216
-228
-260
-245
-204
-91
15
78
71
16
-16
-40
-45
-21
46
136
184
161
120
64
42
12
2
-2
22
46
65
38
-10
-43
-61
-61
-38
-40
-47
-47
-41
-2
28
94
107
107
67
50
88
142
238
286
315
314
307
284
258
230
239
276
300
301
234
183
117
88
86
77
34
-43
-108
-156
-161
-183
-215
-239
-283
-298
-331
-346
-348
-337
-309
-293
-270
-255
-223
-225
-219
-202
-178
-114
-72
-51
-45
-28
-29
-63
-71
-74
-34
-21
-33
-74
-82
-81
-57
-66
-77
-76
-71
-31
-47
-50
-86
-58
-9
55
147
226
334
365
364
299
228
185
165
175
184
246
300
400
463
497
442
323
192
41
-42
-130
-101
-88
11
57
99
58
20
-34
-97
-141
-198
-168
-204
-116
-57
28
50
21
-32
-141
-164
-150
-90
-25
27
41
23
-12
-52
-81
-109
-137
-133
-129
-94
-74
-116
-160
-215
-235
-269
-295
-298
-313
-288
-310
-291
-332
-274
-237
-187
-154
-177
-85
-106
6
44
125
220
273
334
340
368
314
375
348
385
414
410
414
377
325
340
268
248
187
121
98
-10
24
-76
-13
-49
-42
-74
-150
-143
-182
-138
-132
-65
-66
-49
-26
-60
14
1
53
88
60
79
10
38
-55
1
-8
26
59
6
26
-114
-118
-220
-240
-287
-328
-283
-308
-273
-352
-277
-329
-277
-270
-286
-255
-262
-198
-177
-114
-58
20
73
155
168
240
280
319
342
298
327
316
378
403
433
421
398
377
354
321
228
180
50
32
-32
-21
0
-21
-15
-104
-111
-264
-207
-287
-232
-179
-187
-55
-122
-24
-135
-67
-103
-27
-13
-16
66
12
81
0
15
-15
3
31
24
-3
-18
-43
-102
-129
-176
-200
-178
-204
-184
-197
-199
-155
-199
-163
-181
-125
-109
-112
-108
-111
-44
-1
39
76
111
133
166
163
132
154
169
199
257
282
280
292
298
233
274
194
212
211
194
183
115
112
34
70
-31
-20
-39
-92
-42
-104
-89
-92
-147
-138
-137
-120
-131
-134
-98
-115
-54
-101
-57
-66
-42
-52
-68
-81
-137
-13
-89
28
-13
-60
-30
-91
-72
-92
-106
-172
-152
-167
-136
-102
-72
-112
-59
-103
-68
-50
-37
33
-34
-4
-52
29
19
117
145
173
238
246
314
266
351
259
290
191
223
201
153
220
99
180
84
121
34
-18
-23
-69
-39
-63
-41
-125
-130
-169
-213
-168
-161
-126
-163
-107
-71
-50
17
-27
35
-31
2
-24
16
-12
-28
9
-60
32
-37
99
-53
-37
-112
-224
-87
-190
-72
-170
-107
-203
-200
-192
-288
-150
-174
-55
-37
-56
-54
-107
-34
-35
56
120
130
129
224
268
288
365
273
340
244
231
220
63
188
-9
63
59
63
91
45
85
-106
53
-145
-58
-164
-178
-110
-213
-79
-177
-49
-144
-10
64
47
200
172
199
128
99
51
72
46
107
144
58
90
-23
-17
-113
-138
-106
-119
-172
-257
-212
-270
-104
-181
-90
-131
-83
-119
12
46
17
-60
-163
-141
-178
-23
17
56
45
123
87
215
141
134
104
4
75
111
178
282
310
279
148
58
118
0
-13
10
-135
-190
-63
-145
-156
-11
-360
-145
-187
-355
8
-221
1
-188
16
76
-129
221
16
54
209
145
325
294
295
104
165
102
1
237
2
41
98
-85
-71
-262
-123
-220
-269
-4
-169
-117
-110
-68
-68
-275
-25
-277
-158
-89
-201
114
63
71
-6
110
-115
-3
-2
-69
258
201
382
514
288
173
168
-52
-146
-71
-191
-43
137
-2
165
74
8
-66
-192
-173
-389
-158
-227
7
28
5
215
-30
36
26
40
-170
30
-117
69
121
109
301
34
115
-121
-95
-190
-80
3
108
202
108
138
34
-87
-170
-155
-264
181
-93
146
198
-165
12
-114
-199
-137
-153
-112
-23
-105
89
88
72
207
-192
195
-192
32
276
-151
497
-99
491
110
210
291
-67
95
-172
-21
-219
234
80
60
218
-170
-71
-327
-334
-349
-404
-7
-327
-5
6
-20
108
-182
9
-282
25
-88
133
158
243
308
106
442
59
153
255
-290
89
-237
-19
129
165
283
65
121
-191
-112
-515
35
-541
-131
58
-353
309
-268
129
11
-360
11
-392
-250
293
-94
440
454
138
395
-67
106
-170
-18
49
34
209
48
189
24
-33
74
-352
-175
-161
-411
219
-248
232
99
12
161
-244
7
-136
-190
-17
184
-20
279
273
143
258
21
-110
141
-54
-126
195
-187
408
-176
262
105
-325
195
-427
-74
19
-164
117
93
-319
-132
-453
-239
17
-219
141
171
-219
350
-387
-199
-74
-408
276
167
216
561
92
171
210
-290
163
-114
219
360
197
408
56
95
-27
-153
5
-344
-44
-227
-234
-157
-255
-154
-60
-210
30
34
-415
155
-489
187
119
64
433
-241
299
-113
-41
176
155
141
505
-169
602
-164
70
291
-387
264
-185
53
19
-111
-87
115
29
-1
62
12
-365
145
-230
81
99
-197
97
-353
-210
-215
-195
-127
52
-99
99
-199
-86
145
-165
442
-61
111
437
-299
317
-51
-66
446
-163
513
-142
147
194
-323
73
-130
-230
-65
-128
-219
-56
-228
-31
-282
-80
-130
-80
23
-158
-49
-1
32
-27
287
60
302
255
270
-13
130
185
-74
225
160
-6
209
174
-30
110
-276
30
-117
-334
152
-463
278
-227
0
113
-483
362
-229
1
114
-437
269
-173
11
150
-106
97
-91
-26
167
-34
106
1
83
-80
39
-70
-35
-95
387
-191
336
-79
-116
241
-259
106
-146
183
-140
175
-170
-117
-176
-66
-22
-93
239
-251
294
-184
-89
156
-211
33
70
2
345
-15
-59
156
-385
430
-127
169
20
-66
192
-169
419
-294
189
136
-283
210
-117
-295
206
-307
93
-227
-43
142
-392
381
-255
106
37
-457
387
-325
0
188
-315
170
8
48
552
-91
268
-72
-218
240
-22
333
-10
13
212
-352
288
-353
-54
25
-184
165
-145
89
273
59
-249
-53
-370
-57
-188
61
-93
12
399
-42
424
-69
-92
-113
-222
21
-120
108
75
137
140
-201
5
-359
-113
-102
-16
55
64
-245
179
-242
-93
57
-153
22
241
130
11
185
28
46
197
-170
136
-1
-2
143
-56
164
-92
72
310
-356
215
-358
119
-153
49
123
-291
368
-154
62
42
-170
-166
80
-159
155
-25
124
-71
-76
125
-57
100
29
119
-122
53
329
-170
110
50
-214
371
-417
283
-73
-216
398
-590
221
-243
-153
415
-228
287
200
-464
540
-425
-25
210
-436
407
-319
-49
261
-301
-27
71
-136
108
-109
-4
-231
241
-117
-16
347
-550
453
-440
199
84
-42
209
122
-77
168
0
150
-101
-215
243
-501
350
-46
14
269
-73
-112
60
-425
150
-183
39
257
-155
122
-166
25
-70
38
143
77
235
-88
2
-187
-71
254
-45
258
52
-212
141
-369
290
168
-275
647
-544
395
-165
104
57
-548
499
-465
320
-73
-362
210
-322
31
-12
-178
142
-293
43
-28
-322
313
-290
303
-92
17
103
-84
-70
282
-280
528
152
-139
261
-220
110
-108
-78
272
-428
323
29
-118
95
-66
-182
-21
156
-176
225
-198
-1
-137
5
-37
-99
329
-158
204
140
-345
282
-272
-121
113
-297
300
-363
233
149
-390
595
-153
28
87
13
134
-71
324
-351
122
204
-198
-51
361
-631
566
-244
-284
430
-562
267
-216
-22
-69
-26
118
-147
46
12
-71
337
-240
323
-27
-51
305
-361
396
-210
229
134
-167
346
-309
107
-230
-287
280
-382
306
-169
-208
72
-130
-207
161
81
-53
45
198
-292
40
456
-607
684
-132
-101
458
-211
114
-37
-132
101
-272
145
405
-498
543
-216
-436
417
-435
56
186
-372
282
-299
337
-191
-210
180
-672
287
-168
-102
360
-90
77
371
-355
427
-28
-80
433
-562
422
-198
8
205
-295
310
-164
-1
77
-180
78
71
-218
199
-211
-96
242
-586
476
-451
141
31
-111
262
-49
160
56
2
194
0
-15
229
-353
197
-77
-124
283
-266
130
-100
-206
369
-457
288
91
-481
653
-683
421
-185
-137
143
-399
398
-327
169
-111
110
94
-26
175
-157
107
212
-47
115
112
-456
156
-114
-263
152
-311
274
-208
176
323
-556
542
-223
111
213
-47
141
-63
288
-154
186
-100
150
-79
68
-53
-104
-68
-70
-259
132
-206
-310
229
-521
162
196
-394
473
-67
8
177
80
-56
114
45
232
-75
127
-77
-68
231
-216
319
-127
18
207
-322
32
-6
-378
93
-157
-162
-2
-10
-67
-33
-17
-3
-37
174
-18
-62
226
-137
180
-68
-50
158
-139
416
-324
261
-136
-106
18
36
-7
-62
206
-173
41
47
-52
77
-98
147
-59
5
17
92
-221
168
-53
-52
54
-81
265
-484
240
-200
-120
110
-199
261
-27
-1
299
-172
-95
224
-527
400
-235
-124
491
-244
162
107
-34
3
-45
31
-52
-111
234
-175
161
194
-184
96
-59
-116
-119
166
-270
233
-198
53
-2
-203
116
-144
0
165
-39
197
252
-66
-31
268
-361
227
-51
-212
292
-165
86
83
89
-148
42
-98
-264
97
-92
-93
-103
234
-536
251
34
-222
284
-55
-70
-8
56
-76
148
-11
-3
12
-9
136
-25
261
49
-78
-36
-50
53
-152
363
-185
-20
122
-237
112
-204
93
-19
135
62
49
-50
7
-9
-180
87
-275
105
-27
-162
256
-337
42
175
-235
329
-122
131
-237
203
-134
139
266
-63
273
-182
192
-81
-116
144
-263
227
137
-356
449
-556
36
-147
-21
-250
340
-263
-54
138
-204
70
141
70
-61
150
54
52
11
120
8
32
37
131
80
-190
132
-91
-309
145
-189
-93
78
-108
10
-31
-201
254
-431
305
-244
141
-140
100
171
-215
303
-124
157
-30
111
17
40
21
23
0
-2
11
75
-101
55
-92
110
-83
122
-179
-14
-4
-149
274
-164
10
100
-173
256
-91
-188
89
-59
-106
237
82
-161
404
-352
189
116
-365
361
-213
-16
5
20
-127
-49
24
-113
106
-81
12
53
-88
54
52
-68
307
-181
274
-128
-117
318
-437
530
-397
212
-17
-279
324
-363
145
7
-191
146
-162
32
53
-182
242
-227
105
62
-109
7
130
-81
193
-61
-8
78
-173
333
-147
172
10
-9
-38
-103
92
3
-119
55
-46
-241
237
-232
49
-46
8
14
-81
-40
73
-114
14
-66
4
-81
180
-184
175
110
-115
234
-148
75
26
42
171
-89
258
-229
41
66
-81
9
-21
107
-113
6
-92
66
-111
204
-76
17
-66
-99
-48
-100
-103
-29
39
-27
136
35
25
-315
400
-420
152
140
-148
354
-214
450
-261
51
121
-135
-108
333
-148
30
-33
-82
-68
-129
161
-150
-3
101
-142
27
65
-126
242
-65
86
-27
-20
-31
-152
61
-19
65
102
-122
136
-232
193
-73
-10
243
-425
306
-301
133
41
-28
154
-94
-26
26
83
-66
99
90
-138
218
-56
62
-241
170
-269
39
153
-180
146
-84
117
-104
-13
108
-170
53
-10
-121
76
-77
226
-36
63
12
-45
-56
100
-74
25
40
-56
136
-82
125
-28
-61
82
-226
28
-18
-231
175
-81
-115
184
-172
57
161
-233
225
-326
210
-75
-34
262
-177
283
-254
222
-90
-91
66
-41
-118
142
-7
49
-11
-126
75
-91
157
-203
360
-273
-10
253
-266
-55
239
-430
355
-8
-220
356
-327
297
-278
361
-87
-79
285
-314
112
-6
-179
173
-163
86
114
-144
73
16
-37
127
-92
-28
11
-22
-79
235
-143
-71
187
-97
-159
253
-200
-69
104
-199
103
-69
37
-90
162
-60
-8
166
-310
232
-51
-5
162
-150
335
-349
419
-202
-38
270
-315
145
-95
75
-49
-37
95
-228
126
-25
-19
73
-126
157
-275
233
-203
-97
160
-182
103
171
-185
146
-51
-3
222
-393
390
-226
-44
369
-320
321
-38
-143
170
-121
107
-337
262
-223
-45
274
-240
80
50
-244
371
-462
294
-120
-199
237
-157
103
-87
101
-68
169
-42
216
-229
202
-65
57
15
27
15
-32
-2
-23
-125
39
29
-58
42
-53
48
-132
96
-119
-166
147
-188
158
-29
90
25
10
-53
63
-38
-81
259
-261
231
-136
39
49
22
12
-26
163
-251
213
-169
62
1
-117
139
-32
-110
93
-112
-40
18
34
-129
186
-105
-74
250
-243
304
-237
137
-55
-60
103
-54
6
122
-119
59
102
-139
186
-109
-70
166
-322
292
-49
-265
542
-586
355
-74
-103
391
-524
428
-280
105
147
-319
350
-233
63
146
-362
431
-282
86
231
-556
410
-193
-160
237
-293
113
2
102
122
-161
161
-107
-172
349
-311
324
-67
39
88
-212
269
-169
56
-161
97
-215
171
-28
-121
91
-226
-15
-69
-91
126
3
130
-41
84
-115
118
-176
103
184
-169
395
-370
249
-183
6
203
-160
219
-153
79
-92
-75
74
-131
179
-116
49
123
-289
238
-339
214
-187
233
-12
-135
238
-330
298
-285
345
-254
169
141
-212
253
-171
-79
87
-249
145
30
-210
203
-189
94
-41
4
7
31
20
29
-100
122
18
-61
141
-90
-3
67
-134
59
-52
-62
221
-183
151
-60
-26
119
-157
161
-133
136
-100
107
-146
47
5
-157
121
18
29
-27
109
-140
-19
159
-226
78
52
-129
20
-68
74
-117
190
83
-259
450
-397
200
38
-181
230
-231
172
-16
-28
109
-72
57
-182
202
-195
78
80
-144
175
-229
172
-162
106
-99
131
-43
-92
339
-431
453
-353
391
-291
65
213
-486
535
-460
255
-192
21
116
-348
417
-513
501
-430
288
10
-383
542
-579
406
-120
-57
181
-169
255
-242
257
-223
160
96
-157
272
-308
146
-74
-54
10
31
-171
107
3
-150
189
-88
-21
93
-107
142
-132
97
-75
-36
141
-150
159
59
-106
120
-19
-82
33
56
-224
292
-59
-153
397
-379
155
-55
-152
147
-206
211
-89
-91
152
-201
-30
211
-313
285
-110
-36
201
-219
223
-147
72
59
-303
236
5
-161
257
-158
55
83
-152
189
-203
185
-66
-54
177
-60
-75
264
-239
176
-51
-35
52
-84
95
-195
295
-312
48
212
-493
358
-166
-146
192
-158
159
-168
195
-151
150
-137
200
-121
-34
150
-267
204
-47
11
228
-236
164
146
-352
300
-163
-168
312
-293
229
-54
-3
-2
-84
123
-247
302
-184
5
173
-262
169
-1
-139
262
-274
205
-118
40
104
-262
348
-324
119
119
-339
402
-281
19
187
-164
47
140
-120
1
136
-142
28
-17
-24
-85
142
-151
41
141
-337
423
-325
64
147
-314
365
-219
73
48
-66
77
-90
68
-16
-50
139
-96
40
-47
96
-101
93
-85
21
55
-149
163
-250
239
-214
46
117
-168
114
-93
146
-157
147
-53
-25
126
-175
216
-234
57
103
-189
171
-62
39
-20
111
-102
19
61
-94
9
-1
80
-96
61
-5
6
80
-233
247
-72
-90
187
-131
79
22
-105
62
-2
-107
79
9
-72
54
82
-170
99
41
-157
211
-117
70
103
-155
118
-81
-36
126
-43
-2
63
-104
56
-60
-46
-31
39
-30
18
-61
79
-124
119
-144
97
-52
-88
202
-212
126
15
-130
178
-131
207
-162
99
46
-182
255
-185
75
32
-19
-86
105
-83
2
101
-89
-19
91
-211
132
-43
-25
79
-84
25
39
-12
47
11
19
-26
17
25
-3
-50
83
-98
84
-88
87
-70
-3
84
-191
208
-144
45
1
-69
163
-160
96
-35
-169
216
-248
221
-78
-10
89
-115
129
-222
135
11
-163
250
-90
-47
190
-239
131
0
-124
200
-184
145
-23
-13
86
-69
70
-84
45
-8
-59
79
-155
119
-102
88
-10
-17
74
-149
142
-108
32
42
-90
109
-93
65
-61
65
-64
12
2
20
-121
85
-1
-131
158
-32
-16
112
-67
111
-25
-58
123
-134
97
56
-96
68
-30
-33
88
-97
146
-232
111
36
-83
131
-102
59
-29
-39
-23
56
-91
47
12
-171
74
42
-172
133
101
-198
218
-74
-86
114
-50
114
-169
164
-117
29
260
-351
281
-174
-47
238
-221
136
-11
-74
22
13
-99
58
-42
5
-38
-34
113
-139
138
-119
64
9
-96
156
-129
94
-35
-10
54
-125
220
-268
196
-113
5
156
-201
202
-122
61
6
-72
100
-129
80
20
33
31
-61
61
-96
78
-88
25
63
-88
32
67
-84
-7
2
-90
181
-207
140
24
-236
285
-155
19
79
-70
-11
66
-58
20
81
-182
207
-63
-156
379
-446
281
-141
-30
82
-14
-42
96
-6
-140
250
-403
320
-160
-5
241
-238
139
-103
21
52
-78
22
145
-132
81
35
-176
270
-301
149
109
-272
272
-220
188
-105
43
13
-5
26
-112
29
36
12
-26
-5
-95
10
112
-124
114
5
-41
111
-130
155
-203
139
-180
243
-130
99
98
-233
262
-105
-81
151
-138
9
79
-233
258
-155
149
-155
204
-236
100
-56
-44
-21
-28
100
-208
299
-145
58
87
-74
-60
184
-182
129
-139
118
-133
49
80
-203
224
-96
-63
34
-44
51
-7
-107
141
-110
15
87
-252
286
-170
92
137
-153
353
-417
419
-287
137
-20
-122
154
-215
272
-304
360
-255
-16
159
-340
389
-363
242
-67
-17
-26
-50
114
-235
214
-117
84
-73
142
-154
111
84
-255
303
-196
20
144
-248
306
-303
222
-156
42
89
-222
332
-325
186
-102
-15
111
-190
259
-163
65
106
-130
108
11
-86
102
-4
-20
39
-21
-71
119
-221
156
-160
53
134
-229
277
-138
-22
203
-243
97
-25
19
-15
18
43
-152
193
-204
224
-160
21
22
-89
207
-138
131
-130
6
45
-92
99
-48
-18
-5
67
-75
62
-14
-141
185
-99
71
-12
-77
60
-73
82
-91
98
-26
-72
150
-186
229
-245
112
91
-274
313
-153
13
180
-296
219
-26
-95
50
-66
0
-47
72
-138
179
-147
90
75
-83
69
-115
65
60
-165
131
16
-112
228
-167
24
76
-183
88
58
-153
273
-194
11
59
-152
76
75
-180
201
-143
11
134
-142
139
-157
177
-143
26
182
-260
315
-224
54
132
-239
305
-240
109
-70
22
40
-154
204
-199
139
-130
116
-16
-111
139
-204
86
-40
-19
65
-92
131
-127
133
40
-39
124
-194
170
-203
99
9
-63
120
-103
63
54
-142
135
19
-125
153
-133
19
62
-69
15
131
-202
184
-130
27
189
-293
241
-170
-2
68
-146
161
-139
176
-152
60
10
-133
195
-226
169
-33
-78
85
-90
120
-61
77
-54
44
-14
12
51
-73
165
-190
159
-45
-2
74
-90
34
-51
71
-124
102
-81
-48
56
-75
85
-7
-123
83
-96
45
-21
-24
83
-58
58
-33
58
-45
-14
27
-46
104
-122
141
-114
-55
202
-154
125
-55
-6
-51
83
-204
215
-167
60
-2
-63
26
17
8
-6
88
-155
164
-161
93
-33
-33
99
-109
197
-151
119
-24
-76
73
9
31
-47
131
-187
152
-99
1
-33
-8
29
-106
156
-259
310
-154
20
76
-122
119
-108
98
-24
-56
163
-239
297
-181
15
78
-114
134
-194
189
-188
137
-20
-79
162
-144
74
7
-72
87
-166
206
-177
93
2
-116
213
-240
200
-109
10
83
-191
163
-130
100
7
-43
101
-127
175
-209
193
-128
-66
156
-163
195
-129
81
33
-96
97
-129
161
-43
1
18
-11
-9
15
5
-56
48
52
-122
120
-51
-80
113
-169
89
-75
-63
115
-127
109
-39
-14
86
-152
262
-183
106
65
-139
48
-26
-12
-6
54
-63
139
-72
73
-54
-32
19
-52
94
-86
88
-81
16
-22
-22
49
-65
2
94
-60
13
65
-174
190
-148
57
78
-109
71
-32
22
-53
-5
-49
47
-84
126
-99
-12
145
-162
197
-77
23
14
-35
-55
47
-11
-5
57
-66
105
-130
129
-128
112
-90
54
32
-135
200
-186
138
-71
47
-16
-10
46
-29
19
-7
-18
-1
-9
0
-28
55
-115
0
90
-104
97
-14
47
-79
68
-148
126
-74
75
-24
-31
114
-102
53
12
11
33
-77
45
62
-121
135
-142
60
-18
-102
156
-190
142
-1
-85
121
-63
-45
89
-103
-4
104
-201
223
-101
3
59
-29
1
33
-23
-60
81
-135
88
-57
59
-2
-26
69
-61
31
7
-87
106
-142
94
-79
33
13
-12
136
-202
186
-121
-35
199
-184
103
45
-134
153
-134
110
-54
4
3
-16
-8
3
8
28
28
-25
63
-79
42
-40
-8
9
4
-44
90
-97
98
-12
-43
116
-182
164
-52
-80
109
-94
23
27
-40
28
-31
47
-38
30
-24
-16
21
-21
13
-5
52
-20
2
4
-28
12
20
-66
103
-156
124
-101
-11
102
-191
137
-60
78
-56
20
-30
24
-78
15
67
-64
100
52
-33
20
-37
8
96
-166
182
-159
93
-31
-30
58
-173
139
-73
-5
54
17
-10
74
-84
89
-95
65
-27
-19
106
-154
111
-46
6
46
-112
50
35
-90
129
-120
86
-31
-103
171
-136
65
20
-70
26
4
18
-76
64
-70
76
-59
53
11
-53
56
-48
59
-30
22
1
-66
88
-27
11
4
-11
53
-74
46
32
-48
76
-99
14
48
-89
54
5
-33
37
-24
-74
118
-118
-17
76
-92
67
-58
22
-65
19
26
-52
181
-136
72
71
-164
192
-160
109
7
-73
137
-88
87
-91
93
-85
121
-104
20
93
-213
172
-172
95
-61
3
5
-14
65
-140
94
-81
0
70
-92
84
-27
10
-21
36
0
-36
53
-59
70
-57
6
71
-81
72
-53
40
65
-83
66
-36
-13
20
-77
73
-34
7
15
-14
91
-69
24
37
-93
117
-138
143
-35
-106
182
-208
182
-71
-109
179
-190
104
6
-74
98
-39
18
-94
72
-85
4
21
-1
31
-12
65
30
-31
39
-30
11
28
-35
95
-91
8
16
10
-39
111
-169
98
-68
-60
154
-190
187
-159
49
73
-116
95
-38
-29
76
-78
142
-100
84
-60
-54
111
-98
93
-61
6
32
-74
75
-6
-19
23
39
-75
-73
58
-143
158
-119
43
37
-141
162
-239
215
-56
-61
126
-134
110
-42
36
76
-45
41
-54
92
-38
-30
28
-102
165
-148
44
6
-70
31
5
11
31
-29
-28
66
11
-53
-26
74
-79
73
-37
-53
125
-160
148
-66
52
49
-93
164
-179
83
-87
-13
12
-37
88
-68
127
-95
52
32
-126
72
-39
-13
5
-13
27
45
-74
93
-9
-21
-40
-6
20
-57
82
-82
98
-36
-19
91
-116
99
-66
27
77
-61
84
-83
84
-108
12
35
-14
35
-34
21
6
-33
-46
96
-109
70
14
-80
147
-96
21
-1
-5
13
-23
24
-58
141
-119
24
78
-42
66
-33
-37
-28
0
-58
-29
41
3
-67
90
-66
1
61
-68
37
-33
84
-122
78
-3
-80
125
-84
13
46
-24
-3
44
-22
-5
51
-56
30
60
-75
16
11
-28
26
-30
35
-6
30
-71
21
39
-134
123
7
-45
59
-99
61
-42
19
-18
-39
54
-74
61
-52
59
-20
6
47
-21
103
-127
102
-53
38
11
-73
117
-65
21
-13
15
-19
15
-52
18
7
-54
-13
75
-20
-32
33
-84
94
-50
6
16
42
-27
-66
78
-74
9
9
-41
74
4
-83
68
27
-110
90
-39
15
76
-82
76
-30
-10
25
-83
130
-120
87
-14
-57
128
-148
123
-61
11
2
-55
84
-129
97
-44
1
39
-5
38
-77
52
-87
26
-11
-16
5
-21
67
-17
-11
67
-35
-51
82
-114
67
-34
-31
121
-126
132
-60
16
-28
36
-46
41
16
-86
105
-71
23
37
-17
17
-1
-27
35
-37
18
-19
7
-12
11
-35
60
-52
12
44
10
63
-102
40
-22
20
-24
28
-22
-9
9
18
-22
32
-40
12
13
-72
100
-80
43
-3
-96
47
-49
12
3
2
25
2
10
17
-19
-1
-12
76
-63
47
36
-28
9
-26
-10
-12
-7
15
9
49
-36
47
-49
52
-45
-69
62
-90
76
-64
53
-34
26
-11
5
64
-49
57
-19
58
-72
16
-27
33
-43
24
22
-41
32
-27
-4
12
-42
38
-33
13
-12
-34
83
-115
93
-38
42
0
-21
40
-64
54
-26
36
-33
4
9
-14
21
5
-11
-19
35
-57
19
-1
5
-21
4
-38
-8
10
4
10
-3
27
-8
-31
-9
57
-31
43
20
-59
51
-53
43
-52
37
14
-49
88
-111
57
0
-30
45
-25
31
-29
16
16
-24
18
-33
46
-55
8
24
-11
-5
25
-28
22
12
-55
61
-23
1
38
-25
36
-19
-31
14
-30
15
32
8
40
-17
-29
27
-51
20
-53
70
-33
-13
79
-81
52
-27
-30
66
-45
-15
-9
-31
-4
-40
66
-60
31
32
-51
24
-8
-1
25
12
18
-23
44
-16
-23
-6
17
-20
-11
74
-61
71
-62
15
58
-62
26
-7
-19
28
-50
9
2
5
-25
-3
48
-69
76
-49
10
17
-22
30
-23
-14
1
-9
25
19
9
3
29
-26
23
-18
-15
-7
-17
-5
32
20
-51
58
-74
42
4
-73
80
-36
-9
75
-55
28
18
-34
29
-13
-2
16
-25
-27
62
-64
20
-17
43
-18
-13
33
6
-36
14
-5
-20
35
-1
34
-16
13
-4
-8
20
-61
36
-11
-9
28
-60
62
-33
-28
22
-12
-15
-5
-13
12
12
3
27
-6
-4
6
8
-20
13
-37
23
3
-25
52
-35
-6
30
-68
62
-41
7
21
-41
0
-10
43
-43
20
-41
25
-53
20
37
-24
60
-38
80
-50
39
-18
0
28
-94
108
-63
20
12
-50
80
-80
53
3
-16
45
-89
92
-54
-57
85
-87
76
-66
17
36
-63
70
-78
71
-23
-27
122
-102
63
-23
-44
42
-79
83
-96
65
2
-29
54
-44
8
-25
37
-38
9
42
-66
67
3
10
15
-28
8
-9
36
-6
-7
0
-3
-16
9
15
-11
6
-6
5
16
-43
37
-2
-30
1
2
17
-52
35
2
-5
-1
-49
48
-4
-31
30
-11
6
-43
32
-12
6
9
-27
96
-48
33
19
-58
27
-82
46
28
-9
49
-71
70
-53
-13
29
-13
-20
-14
2
-53
26
-26
-4
55
-24
-13
41
-38
58
-33
9
2
19
2
-21
46
-43
57
-5
17
10
-5
4
-14
14
-32
22
-22
-3
18
1
-17
40
-25
-6
-21
-11
-9
21
-15
21
-15
8
-4
-21
1
-1
10
-32
47
-55
21
26
-29
48
-40
10
22
-27
28
-45
49
-51
23
19
-23
40
-50
41
-32
9
17
-21
40
-24
6
9
-26
8
-19
24
-23
20
-4
-14
16
-41
30
-29
20
20
-13
22
-35
42
-14
-2
5
-25
19
-14
1
-3
15
-19
13
-14
-5
21
-36
34
16
-22
35
-8
-34
31
-18
1
-4
-14
-1
14
-5
-8
12
-20
13
5
12
-2
-9
-6
24
-23
19
-16
17
-2
0
10
-3
-9
3
-17
-3
-5
-7
3
9
-14
7
20
-46
43
-3
-35
33
-3
8
-11
21
-20
3
10
-11
11
-9
7
5
2
7
-16
18
-24
-12
31
-54
35
-22
2
23
-23
27
-16
22
-10
3
18
-17
21
-21
16
9
-18
38
-44
46
-26
8
0
-25
46
-59
37
-6
-35
54
-52
38
-18
-8
32
-45
31
-27
21
-11
-2
22
-16
3
-8
-27
34
-32
19
9
-21
31
-31
21
-23
11
-11
-11
39
-25
28
-14
1
7
-28
19
5
-11
19
-2
5
-11
11
-11
-13
25
-28
11
7
-15
-2
6
-7
15
3
0
23
-31
8
-11
8
-3
2
43
-37
44
-29
8
24
-41
49
-43
17
9
-32
34
-47
20
-11
2
0
-4
9
-28
15
-10
-10
29
-24
15
-3
-2
12
-21
28
-23
33
-23
2
16
-20
15
-6
20
-15
17
-15
11
-12
13
-5
-6
13
-13
-11
4
-9
6
13
-21
25
-21
-4
9
-11
8
-1
-10
16
-13
-14
19
-8
5
-9
-3
15
-7
1
6
9
-6
-8
4
-18
10
-6
-14
25
-25
14
1
1
11
-15
15
-18
28
-25
28
-6
-14
21
-19
11
-3
16
-19
24
-18
-5
2
-12
13
-12
4
1
-8
5
3
2
-5
9
-11
4
-2
0
-3
-8
15
-9
16
5
5
3
-7
9
-14
12
-1
0
4
-12
11
-11
0
-4
7
-6
-12
13
-9
5
-5
7
-3
-9
9
2
1
4
5
-6
5
-3
0
3
5
-11
10
-1
7
0
-12
-5
1
-9
-3
5
-14
15
-12
3
5
-12
11
-9
17
-8
22
-7
2
5
-9
3
-5
-2
-3
-5
10
-12
7
-2
0
5
-7
11
-9
-7
4
3
-5
15
-11
9
-3
-2
-1
10
-8
-3
8
-9
8
-10
11
-13
10
-6
-3
7
-11
10
-2
4
9
-14
10
-10
2
2
-6
11
-14
9
0
0
0
-7
13
-13
5
4
-7
13
-14
6
2
-7
4
4
3
-8
12
-11
1
2
-2
2
2
-5
9
-9
4
0
-3
7
-7
11
-7
3
9
-16
15
-8
1
7
-3
-5
9
-4
-3
6
-5
-8
8
-6
-2
5
-12
11
-14
4
4
-10
4
0
9
-11
4
6
-5
4
1
6
-13
12
2
-5
3
8
-5
7
6
-4
-2
6
-5
2
1
7
-11
7
-2
-4
7
-14
8
-2
-2
0
-1
-3
-7
4
-3
-5
9
-14
9
-9
2
-7
-2
4
-5
0
8
-11
6
1
-2
0
5
-5
3
1
-2
5
-2
0
4
0
-5
9
-9
5
-3
4
-6
3
-8
4
-3
0
0
-7
5
-5
2
-1
2
2
-2
4
5
-4
9
0
3
1
3
-2
5
-3
1
3
-1
2
-1
-1
4
-6
0
4
-10
7
-8
6
-6
0
3
-5
3
-1
2
-2
4
-3
4
-1
-4
7
-5
3
-1
-2
4
-8
4
-2
-3
0
-2
1
-4
4
-5
1
3
-8
8
-2
-7
8
-5
3
-2
3
-3
6
-3
3
2
-4
5
0
-2
6
-3
1
2
1
-1
1
3
-6
7
-6
4
-5
4
-6
3
-2
-4
4
-7
6
-4
5
0
0
2
4
-3
6
0
-2
2
-2
3
-2
2
-2
3
-4
6
-5
6
-5
1
3
-5
8
-5
1
-3
2
-3
2
-1
-3
4
-4
1
0
-4
0
0
-3
3
-6
3
-5
-2
6
-8
6
-3
0
1
2
-3
6
-3
-2
11
-12
8
-1
-4
3
3
-2
1
3
-2
4
-2
4
-4
3
-2
-2
5
-10
10
-11
6
-4
0
0
-3
5
-6
6
-5
3
0
-3
3
-1
2
-3
3
-2
1
0
0
-1
2
-4
3
3
-5
6
0
-3
8
-4
4
-1
-1
3
-1
1
0
3
-2
5
-1
1
3
-5
4
-3
-1
4
-7
5
-5
2
-1
-1
1
-3
2
-4
5
-6
3
-1
-4
3
-3
0
-4
2
-3
0
1
-3
1
-3
1
-1
-1
0
1
0
0
2
-3
5
-3
2
2
0
0
3
1
-1
6
-3
3
0
-2
4
-5
3
0
-2
1
-1
-2
1
-1
-3
1
-2
0
-1
-1
0
-2
2
-2
0
1
-2
1
3
-6
5
-1
-2
5
-4
3
-2
4
-3
1
2
-2
2
0
0
-1
2
-2
-1
2
-3
3
-3
3
-4
0
3
-5
7
-5
5
-3
1
2
-3
6
-6
6
-4
5
-3
3
-2
0
2
-5
4
-3
2
0
-1
-1
1
-3
2
0
-3
3
-3
0
1
-2
-1
3
-4
2
1
-3
2
-4
2
-2
-1
0
0
-2
2
-1
-2
2
0
-1
2
0
-1
2
1
0
4
0
3
1
2
1
2
2
0
2
-1
0
2
-3
3
-2
-2
0
-3
1
-5
2
-3
-1
1
-2
0
0
-1
1
-2
3
-1
3
0
2
0
2
0
1
0
1
-1
0
0
-1
-1
1
-3
-1
0
-4
1
-3
1
-4
3
-4
1
0
-1
1
-1
1
0
0
2
0
1
1
-1
4
-3
3
-2
-1
0
-3
2
-2
2
-1
1
-1
1
-2
1
0
1
0
-1
2
1
2
-1
4
-2
2
0
-1
0
0
1
-2
2
-3
3
-2
1
-1
0
0
-1
0
-1
1
-2
0
1
-2
2
-1
1
0
2
-1
1
-1
1
-1
1
-2
1
-1
-1
0
-1
0
0
0
1
-1
-1
1
-1
2
-2
3
-2
2
-2
2
0
-1
2
-4
2
-3
1
-1
-1
0
-2
1
-1
2
-1
1
1
-2
3
-2
2
-2
3
-2
2
-1
1
1
0
0
-1
1
-3
1
-3
2
-2
1
-2
-1
-1
-1
1
-1
1
-2
1
-1
0
0
0
1
-2
1
0
0
1
0
1
-1
0
0
1
1
0
1
-1
0
1
-1
2
-2
3
-2
3
-2
1
-1
0
1
-1
1
0
0
0
0
1
-1
0
0
-1
1
-2
1
-2
2
-3
2
-2
2
-2
2
-1
1
0
0
1
-1
2
-2
3
-1
1
0
0
0
1
0
0
0
0
-1
1
-1
-1
1
-2
2
-3
3
-3
3
-2
1
0
-1
3
-2
4
-3
4
-3
2
-1
2
0
-2
2
-2
2
-2
0
-1
0
0
-2
1
-4
1
-3
2
-2
0
1
-1
3
-3
3
-3
3
-1
1
1
0
2
-1
3
-1
2
-1
1
0
-2
1
-2
1
-1
-1
0
-1
0
-2
1
-1
1
0
0
1
-1
1
-3
2
-2
1
-1
1
-1
1
-1
0
-1
1
0
-1
0
-1
-1
-2
1
-2
1
-2
2
-2
1
0
-1
2
-1
2
0
1
0
1
1
0
1
-1
2
-1
1
-1
-1
0
0
-1
-2
1
-1
1
-2
1
-2
1
-1
0
0
0
1
0
1
-1
1
0
0
1
0
2
-1
1
-1
1
-1
0
1
-1
1
-2
1
-2
1
-1
0
-1
0
0
0
1
-2
1
-1
1
0
1
-1
1
1
0
1
1
1
0
1
1
0
1
0
1
-1
1
0
0
1
1
1
0
1
-1
1
-2
2
-2
2
-2
2
-3
1
-1
0
-1
-1
0
-2
1
-2
2
-1
1
-1
1
-2
1
-1
1
0
0
1
0
1
-1
0
0
1
0
1
0
0
-1
-1
-1
0
0
-1
0
0
1
1
1
1
0
2
0
3
0
2
-1
1
0
0
1
-1
1
-2
1
-2
1
-2
1
-1
-1
-1
-2
-1
-1
0
-1
0
-1
0
1
-1
1
0
1
0
1
1
0
1
-1
2
-1
2
-1
1
0
0
0
-1
0
-1
1
-1
1
-1
0
-1
0
-2
0
-1
1
-1
0
0
0
0
-1
1
-2
2
-1
2
0
1
-1
1
0
0
1
0
1
0
1
-1
1
-1
1
0
0
-2
0
-1
0
-1
-1
-1
-1
0
0
-1
1
-1
1
-1
1
0
1
1
1
1
0
0
1
1
0
1
-1
1
0
1
-1
1
-1
0
