-1
0
1
2
3
4
6
5
6
7
8
9
10
9
10
11
12
13
13
13
13
13
14
14
14
14
13
13
13
13
12
13
12
11
10
10
9
8
7
7
6
4
3
3
1
2
0
-1
-2
-3
-3
-5
-6
-6
-7
-8
-8
-10
-11
-11
-12
-12
-13
-13
-15
-15
-15
-16
-16
-16
-16
-17
-16
-16
-16
-16
-15
-14
-14
-12
-12
-11
-11
-8
-8
-7
-6
-4
-3
-2
0
0
3
4
6
7
7
9
10
12
12
15
14
16
16
17
17
17
18
17
18
17
18
17
17
16
15
15
13
14
12
12
11
9
9
7
7
4
4
4
1
1
-1
-2
-2
-4
-6
-6
-7
-8
-9
-11
-10
-12
-12
-14
-13
-14
-16
-15
-17
-15
-17
-16
-17
-17
-17
-18
-16
-17
-15
-17
-15
-14
-14
-13
-12
-10
-8
-8
-6
-4
-2
-2
0
1
3
5
6
8
8
11
11
13
14
14
16
16
18
15
20
17
19
19
18
18
16
18
16
17
15
15
13
13
11
10
9
8
7
6
6
4
2
2
1
0
-2
-2
-4
-4
-5
-6
-7
-9
-7
-10
-10
-10
-12
-11
-12
-11
-13
-13
-14
-13
-14
-14
-14
-15
-13
-15
-14
-15
-13
-13
-12
-13
-13
-10
-12
-8
-11
-6
-9
-6
-5
-5
-1
-3
1
-1
4
1
6
5
8
8
9
12
9
14
10
16
13
16
14
15
17
15
18
14
17
14
17
15
16
14
14
13
11
12
9
11
6
9
5
4
4
3
3
0
1
-2
-1
-5
-4
-5
-7
-6
-9
-7
-10
-9
-11
-11
-13
-14
-12
-15
-13
-16
-13
-14
-13
-14
-14
-13
-16
-11
-15
-11
-12
-11
-11
-11
-8
-10
-6
-9
-4
-7
-3
-4
-2
0
-1
3
0
5
2
8
4
8
7
9
9
9
12
9
14
11
14
12
12
13
12
13
13
13
13
12
12
11
11
10
9
9
7
9
6
7
3
6
2
3
1
0
1
-4
1
-6
-1
-7
-3
-7
-6
-5
-8
-6
-10
-6
-11
-7
-11
-8
-10
-9
-9
-11
-7
-11
-7
-11
-6
-9
-6
-8
-7
-5
-8
-4
-6
-4
-4
-5
-1
-5
0
-3
0
0
-1
3
-2
4
-1
5
1
4
4
4
6
3
7
3
7
3
8
4
8
6
7
8
4
10
1
11
2
9
4
5
7
3
9
2
8
2
5
4
3
4
2
4
1
2
1
0
1
-1
1
-2
0
-2
-1
-2
-3
-3
-5
-1
-6
-2
-7
-3
-5
-6
-4
-8
-2
-9
-2
-8
-4
-5
-8
-3
-8
-3
-7
-3
-6
-4
-6
-4
-5
-3
-4
-3
-1
-4
1
-6
2
-4
2
-2
2
1
-1
4
-1
7
-2
7
-2
8
0
7
3
4
7
0
12
-2
14
-2
11
3
7
8
2
12
0
12
1
10
3
6
5
4
8
1
8
0
6
0
4
1
1
2
-2
3
-4
2
-5
0
-4
-2
-3
-6
-3
-7
-2
-9
-2
-9
-4
-8
-5
-7
-7
-5
-10
-3
-10
-3
-10
-4
-8
-6
-5
-7
-2
-7
-1
-6
-1
-5
-2
-2
-2
0
-2
1
-1
1
1
1
2
4
2
4
4
4
4
5
5
6
6
6
6
6
8
5
8
7
6
8
6
8
6
6
8
5
7
4
6
4
4
4
0
4
0
5
-2
3
-2
-1
1
-5
2
-7
-2
-5
-5
-5
-6
-4
-7
-5
-6
-6
-6
-9
-3
-10
-5
-8
-9
-3
-12
-1
-12
-2
-8
-6
-2
-8
2
-10
2
-6
-1
-2
-4
2
-4
2
-1
2
1
2
2
3
3
3
6
3
6
3
5
6
5
8
3
9
4
8
5
5
9
4
10
3
8
4
7
4
6
4
3
6
-1
9
-3
8
-2
3
2
-2
4
-4
1
-1
-3
1
-5
-1
-2
-7
2
-12
4
-11
-1
-5
-8
-1
-10
0
-10
-1
-9
-1
-10
-1
-9
-4
-4
-7
0
-11
2
-10
1
-7
-1
-3
-3
0
-5
4
-7
4
-3
0
3
-5
7
-4
5
1
1
6
0
7
1
5
3
4
3
5
3
5
4
5
5
2
9
-2
12
-3
11
1
3
10
-5
14
-9
14
-4
6
3
-2
8
-6
7
-4
4
-2
1
-2
1
-4
1
-3
-2
1
-9
5
-11
3
-8
-2
-3
-4
-2
-7
0
-9
1
-8
0
-4
-5
-2
-5
-1
-5
-1
-5
1
-6
1
-3
-2
1
-5
3
-5
1
0
-3
5
-4
4
0
0
4
-2
6
-3
6
0
3
3
-1
6
-2
6
0
4
2
3
1
5
0
4
4
-1
8
-4
9
-4
6
-1
2
2
-1
5
-3
5
-4
5
-5
5
-5
3
-3
1
-3
0
-1
-3
1
-5
4
-8
5
-8
4
-7
4
-6
2
-4
-1
1
-6
3
-8
7
-11
10
-12
6
-3
-4
9
-15
13
-10
4
3
-9
13
-14
13
-9
7
-2
0
5
-8
13
-13
16
-13
11
-6
3
1
-3
7
-6
9
-8
8
-6
6
0
-1
4
-4
5
-2
1
2
-1
1
0
2
-3
4
-5
5
-5
3
1
-5
5
-6
4
-4
1
-2
0
-3
1
-4
4
-6
2
-1
-3
4
-8
6
-9
8
-9
5
-4
-2
6
-12
14
-15
11
-8
1
4
-9
11
-11
9
-5
5
-4
3
-3
3
1
0
4
-4
7
-5
8
-4
5
-2
3
-2
5
-2
2
3
-4
8
-7
9
-4
4
-1
1
2
0
3
-1
1
2
-4
8
-7
4
1
-6
11
-15
15
-14
10
-6
-1
7
-14
17
-21
18
-15
7
-1
-7
11
-17
18
-21
17
-16
8
-1
-11
18
-28
28
-29
23
-17
5
2
-12
18
-24
24
-25
21
-18
12
-10
7
-6
2
2
-8
14
-20
23
-23
23
-20
18
-13
9
-1
-5
13
-17
21
-19
17
-11
9
-4
3
0
2
-1
3
-1
1
4
-6
11
-11
13
-9
5
2
-7
12
-13
11
-4
-1
8
-10
12
-11
8
-5
0
2
-4
4
-4
2
-2
1
-4
5
-7
7
-8
6
-6
3
-3
-1
1
-6
5
-7
3
-2
-1
-2
4
-9
9
-10
5
-2
-2
3
-5
1
0
-3
4
-6
4
-2
-4
10
-15
20
-20
21
-19
16
-9
1
10
-20
31
-32
34
-26
19
-6
-2
12
-16
19
-15
12
-4
1
6
-4
5
1
-4
11
-14
18
-16
12
-5
-1
7
-10
11
-11
12
-12
10
-9
7
-8
8
-7
4
1
-9
13
-17
13
-8
-1
3
-6
1
2
-8
7
-7
2
-1
-4
2
-3
1
-3
2
-4
5
-6
4
-4
2
-4
4
-6
4
-1
-3
6
-10
10
-11
13
-14
15
-12
6
4
-13
21
-22
25
-21
21
-13
8
3
-12
22
-24
25
-21
17
-10
7
0
-4
10
-14
15
-12
8
-3
-1
3
-4
6
-4
2
3
-7
10
-10
8
-4
2
1
-4
9
-13
18
-19
16
-11
4
4
-13
18
-23
24
-25
22
-17
6
6
-18
27
-33
32
-27
19
-14
9
-6
0
6
-16
25
-35
38
-37
29
-20
8
2
-11
16
-20
22
-24
26
-28
28
-21
9
7
-20
29
-29
23
-14
3
5
-8
11
-10
8
-3
1
3
-3
3
-4
2
-1
0
3
-2
2
0
-3
6
-8
10
-7
5
-3
0
4
-7
11
-12
14
-14
11
-7
2
4
-8
11
-13
13
-11
7
-2
-5
9
-9
6
-1
-4
5
-3
-3
8
-14
15
-13
9
-2
-4
11
-16
18
-19
20
-18
13
-10
6
-3
-2
6
-13
19
-25
29
-30
26
-21
14
-6
-4
15
-22
27
-28
26
-21
15
-8
0
8
-17
25
-28
27
-19
6
9
-23
35
-37
32
-19
5
4
-9
10
-11
14
-20
25
-28
26
-18
11
-3
-3
6
-8
6
-6
6
-8
12
-19
25
-34
36
-33
23
-6
-12
26
-32
31
-27
23
-22
22
-24
23
-18
11
-3
-6
15
-26
33
-37
36
-29
20
-12
3
2
-6
10
-14
17
-17
16
-13
9
-6
4
-3
4
-4
3
-1
-2
5
-6
6
-6
5
-5
4
-5
5
-7
9
-6
0
8
-15
19
-19
13
-6
-1
8
-12
16
-19
21
-19
17
-12
7
-2
-3
9
-16
23
-29
31
-30
25
-18
10
-2
-6
14
-22
27
-31
31
-29
20
-12
2
7
-11
13
-12
12
-12
10
-11
10
-6
0
2
-4
5
-4
3
-5
6
-4
2
4
-11
15
-18
17
-12
5
3
-10
16
-20
22
-24
24
-22
18
-10
-1
14
-26
35
-38
38
-36
31
-23
9
8
-30
48
-58
57
-46
31
-17
5
2
-9
18
-24
31
-35
36
-37
34
-31
26
-20
11
-3
-6
16
-28
39
-49
53
-49
40
-29
16
-6
-6
15
-24
30
-34
33
-28
18
-8
-1
4
-2
-6
15
-24
28
-27
19
-8
-6
21
-35
47
-54
56
-54
44
-30
14
2
-19
33
-42
47
-48
46
-41
35
-25
12
3
-16
24
-24
17
-7
-2
5
-3
-6
19
-30
37
-39
36
-29
19
-7
-4
16
-25
32
-37
38
-37
34
-30
21
-13
5
3
-9
14
-21
30
-39
45
-44
33
-15
-4
21
-31
35
-31
24
-14
6
2
-7
13
-16
16
-13
7
0
-6
10
-10
7
-3
1
-1
4
-7
8
-8
7
-7
4
-2
-4
9
-18
25
-28
27
-22
15
-7
1
6
-12
16
-19
21
-20
20
-19
19
-18
18
-15
8
1
-9
18
-19
18
-12
7
-5
7
-15
22
-27
25
-19
9
2
-9
13
-14
13
-11
10
-9
10
-12
12
-13
11
-9
5
-2
0
-1
2
-3
3
-1
-1
6
-8
9
-10
9
-9
11
-12
12
-12
12
-12
11
-10
6
-1
-7
15
-23
29
-32
31
-28
22
-15
6
3
-11
18
-23
26
-27
26
-20
15
-7
1
5
-11
13
-15
12
-9
5
-3
3
-5
7
-9
7
-4
-2
7
-11
14
-13
10
-6
1
3
-4
4
-1
-1
1
1
-5
11
-15
18
-17
12
-8
1
6
-14
20
-25
24
-22
17
-10
2
5
-8
9
-9
7
-4
3
-1
2
-5
8
-14
19
-21
20
-14
5
5
-15
22
-27
27
-26
18
-9
-1
13
-21
25
-24
20
-12
5
0
-5
8
-12
15
-18
21
-21
20
-17
12
-4
-3
12
-17
23
-26
27
-27
24
-21
14
-8
-1
9
-17
23
-25
24
-22
17
-12
8
-3
1
0
-2
2
-2
0
1
1
-2
7
-14
21
-26
28
-26
18
-9
-2
13
-21
26
-29
29
-26
18
-9
0
10
-16
21
-21
18
-13
4
5
-13
18
-21
20
-16
9
-1
-8
15
-22
25
-26
26
-22
16
-7
-1
11
-21
27
-31
31
-29
23
-16
7
1
-10
17
-24
29
-31
29
-24
18
-9
-2
11
-19
22
-23
21
-16
12
-9
6
-4
4
-4
2
1
-3
6
-7
6
-6
6
-7
11
-14
18
-18
15
-8
-1
8
-14
12
-9
1
4
-7
6
2
-10
18
-25
28
-26
22
-14
2
9
-20
28
-31
29
-23
14
-6
-3
8
-11
12
-10
8
-6
3
0
-2
3
-3
3
-1
-2
3
-4
4
-3
0
2
-5
8
-9
8
-6
1
4
-10
13
-16
15
-11
4
2
-10
16
-20
21
-18
13
-5
-4
10
-16
20
-20
19
-14
9
-2
-5
11
-13
15
-15
12
-9
5
-1
-2
6
-8
9
-8
5
-1
-4
8
-11
13
-10
8
-2
-4
8
-12
15
-15
15
-13
8
-5
-2
7
-12
14
-11
6
0
-5
6
-3
-4
9
-13
13
-11
6
-2
-2
5
-9
12
-14
15
-12
7
0
-5
10
-12
12
-9
5
2
-7
11
-11
10
-7
5
-3
1
2
-7
11
-15
16
-13
9
-3
-3
7
-8
8
-7
5
-6
6
-6
8
-7
5
-1
-4
7
-10
11
-11
9
-7
5
-2
-2
4
-6
4
-3
3
-4
6
-7
8
-8
5
-3
0
2
-5
8
-9
10
-9
8
-8
8
-5
3
2
-7
11
-14
12
-11
10
-8
7
-2
-2
8
-12
13
-12
10
-7
6
-2
-2
6
-11
13
-12
9
-4
-1
3
-6
6
-7
6
-5
3
-3
1
1
-2
4
-5
7
-7
5
-1
0
3
-5
4
-5
5
-3
2
0
-4
6
-8
6
-5
3
-1
-1
3
-5
8
-10
9
-6
3
0
-4
7
-8
10
-10
8
-7
3
0
-3
6
-6
8
-8
7
-7
5
-4
3
-1
-2
4
-7
9
-9
9
-8
6
-3
0
4
-5
7
-8
9
-9
8
-6
4
-1
-4
7
-8
8
-7
5
-4
4
-2
-1
4
-6
8
-8
5
-3
0
1
-3
3
-3
2
-2
3
-3
3
-2
2
-2
0
1
-2
2
-3
3
-3
1
0
-1
2
-2
1
1
-2
3
-1
0
1
-1
0
-1
0
0
1
-1
-1
2
-3
4
-3
2
-2
1
2
-5
8
-9
10
-9
7
-4
1
2
-6
9
-11
13
-14
12
-8
5
-2
-3
6
-10
11
-13
14
-14
12
-9
4
1
-7
11
-14
14
-13
11
-6
4
1
-5
8
-9
9
-8
5
-2
0
1
-3
2
-2
2
-1
-1
2
-3
4
-3
2
0
-1
2
-2
4
-7
7
-8
9
-5
1
3
-7
10
-11
10
-7
5
-3
2
-1
-2
4
-5
6
-7
6
-5
4
-4
3
-2
2
-1
-3
7
-11
12
-12
10
-6
1
4
-6
9
-10
11
-9
9
-6
5
-1
0
3
-6
9
-11
13
-14
13
-9
6
3
-7
12
-12
13
-10
8
-3
2
2
-1
4
-3
4
-2
4
-4
4
-3
1
1
-6
8
-9
5
-2
-4
7
-8
9
-9
6
-9
6
-4
2
0
-7
7
-13
18
-18
18
-16
9
-1
-3
12
-13
15
-19
21
-16
15
-5
2
4
-4
11
-7
17
-18
20
-16
14
-4
-1
12
-15
22
-17
16
-6
-1
8
-8
13
-9
10
-7
5
-5
-5
5
-13
13
-18
9
-12
0
1
-9
4
-12
5
-14
10
-15
7
-7
-2
4
-12
7
-6
-1
2
-12
6
-8
4
7
-10
22
-23
25
-20
11
-6
-3
14
-17
24
-22
19
-11
6
0
7
-5
10
-11
0
-4
-3
6
-2
12
-13
33
-32
42
-34
15
-7
-17
26
-32
37
-36
34
-28
28
-11
3
18
-27
34
-28
17
-6
1
5
11
-7
22
-9
2
17
-20
22
-8
-7
18
-23
22
-10
7
14
-27
41
-55
51
-44
19
2
-29
46
-63
61
-65
51
-36
16
4
-24
44
-57
72
-77
70
-61
37
-19
-5
18
-47
62
-85
99
-95
78
-57
25
-2
-20
37
-65
68
-91
78
-66
42
-22
4
3
-6
14
-23
33
-44
49
-47
37
-29
11
-3
-6
12
-14
17
-14
24
-17
24
-21
21
-13
8
5
-18
23
-24
30
-18
26
-12
11
3
-19
25
-33
30
-16
13
-2
5
-1
3
-2
-12
3
-21
18
-18
27
-16
17
-7
-3
-2
-11
5
-16
23
-25
30
-19
13
4
-21
16
-40
15
-20
12
7
-9
26
-35
28
-30
3
-1
-18
19
-21
34
-29
32
-17
3
18
-24
28
-24
16
-13
11
3
-5
18
-19
11
0
-7
11
-10
-2
-8
1
-4
-2
17
-18
31
-6
8
14
-17
29
-24
37
-9
15
19
-20
23
-32
23
-29
35
-7
8
21
-28
26
-22
28
-20
30
-34
11
1
-33
55
-50
48
-21
3
-6
-22
-4
-31
10
-27
11
-8
14
-11
16
-22
7
-18
1
-1
-10
21
-25
30
-24
30
-21
15
-16
-10
-5
-14
1
-16
23
-36
40
-35
28
-2
-2
25
-40
32
-55
27
-31
-4
33
-45
70
-46
31
-9
-15
22
-38
56
-50
69
-23
13
20
-46
37
-52
49
-31
34
10
-25
42
-50
33
-18
10
12
-3
14
-22
21
-39
39
-27
25
11
-7
36
-40
39
-59
41
-34
25
9
-15
42
-43
55
-58
43
-51
22
-9
-20
34
-70
56
-67
44
-23
5
12
-17
27
-38
36
-54
29
-38
-13
14
-42
52
-33
34
-25
14
-2
-4
23
-41
33
-49
39
-20
25
10
-11
30
-32
40
-33
30
-21
22
11
2
50
-45
64
-49
39
-13
4
29
-42
77
-60
76
-31
38
-13
10
6
-30
43
-64
57
-56
39
-33
17
-20
-3
-4
-37
29
-62
52
-55
35
-34
-22
-13
-55
21
-39
46
-24
20
-9
-11
14
-21
20
-22
15
5
12
24
12
4
2
-5
-10
7
6
-3
24
-16
16
-5
-1
18
-5
31
-6
32
-13
24
-9
7
-11
-15
-17
-30
6
-47
18
-65
-9
-51
-24
-29
-35
-4
-47
34
-35
42
-4
30
31
32
50
24
54
5
60
0
43
-2
10
5
-24
16
-59
7
-58
-25
-41
-57
-21
-56
16
-33
29
-13
20
26
13
80
-6
87
10
57
58
35
67
14
52
-2
37
-3
13
-3
-1
-1
-10
-8
-32
-13
-45
-4
-32
-15
-23
-44
-28
-34
-28
-6
-25
-7
-17
-23
-1
-26
15
-19
11
-8
-4
7
-15
16
-16
25
1
28
32
13
45
-4
36
7
26
30
6
27
-18
17
-14
5
-10
-26
-12
-30
10
-14
11
-21
-9
-13
-17
-1
-27
-11
-32
-14
-24
-10
-28
-21
-26
-34
-23
-46
-29
-43
-26
-34
-19
-23
-16
1
-4
12
0
1
5
9
14
17
10
10
15
21
21
32
19
28
25
25
31
23
37
16
36
2
7
-11
-35
-26
-72
-55
-99
-86
-120
-121
-132
-158
-141
-176
-147
-169
-140
-153
-130
-132
-120
-91
-96
-58
-68
-36
-28
15
24
69
85
113
150
148
177
182
198
212
220
204
216
196
206
201
182
178
157
152
150
122
118
92
73
79
41
48
14
20
11
12
6
-11
5
-10
21
2
0
-14
-24
-24
-38
-44
-76
-79
-102
-110
-120
-133
-134
-133
-139
-150
-161
-176
-180
-183
-199
-218
-224
-245
-227
-239
-240
-237
-241
-219
-215
-199
-200
-177
-166
-143
-125
-115
-97
-76
-56
-29
0
19
51
69
97
116
158
160
194
200
215
272
278
345
347
380
399
407
438
423
436
399
393
372
357
341
306
279
241
225
195
173
141
109
78
61
29
13
-6
-37
-43
-69
-65
-66
-64
-66
-63
-61
-53
-53
-78
-82
-117
-113
-143
-168
-192
-235
-237
-279
-294
-344
-396
-439
-494
-515
-563
-600
-654
-711
-721
-746
-733
-738
-757
-713
-682
-589
-518
-463
-380
-314
-175
-58
65
160
245
356
463
577
646
702
729
771
791
795
774
726
686
638
597
543
489
424
385
339
314
286
241
206
171
175
176
196
186
192
216
236
285
287
302
306
313
333
321
314
279
263
227
204
166
114
83
18
-2
-54
-85
-121
-167
-177
-208
-223
-250
-271
-297
-317
-370
-437
-509
-588
-664
-791
-940
-1120
-1252
-1373
-1487
-1622
-1796
-1907
-1980
-1976
-1943
-1933
-1877
-1773
-1549
-1252
-930
-611
-294
111
545
1059
1471
1850
2159
2440
2769
2950
3112
3071
2997
2864
2666
2434
2071
1723
1325
986
654
322
83
-147
-290
-369
-463
-453
-455
-380
-300
-203
-125
-87
3
33
125
142
153
140
152
176
239
289
307
394
426
535
560
574
579
492
481
335
227
60
-162
-285
-533
-615
-756
-858
-943
-1056
-1100
-1244
-1285
-1460
-1594
-1781
-2006
-2159
-2428
-2679
-3020
-3375
-3645
-3913
-4111
-4356
-4522
-4571
-4416
-4036
-3639
-3116
-2522
-1699
-594
545
1651
2593
3435
4413
5227
5921
6243
6303
6266
6085
5823
5266
4583
3769
2965
2187
1373
620
-2
-426
-675
-884
-1011
-1060
-966
-778
-569
-437
-437
-366
-238
-104
33
24
-28
30
116
353
551
783
1071
1384
1783
2147
2508
2789
3009
3107
3083
2970
2683
2318
1831
1261
676
31
-561
-1144
-1659
-2010
-2327
-2510
-2599
-2639
-2537
-2477
-2378
-2289
-2289
-2290
-2400
-2595
-2899
-3270
-3736
-4315
-4893
-5512
-6016
-6485
-6913
-7246
-7382
-7237
-6736
-5983
-5193
-4264
-3051
-1496
338
2038
3534
4755
5866
7080
7955
8507
8426
8174
7700
7178
6549
5466
4414
3213
2231
1374
493
-156
-628
-855
-855
-887
-841
-746
-547
-270
-133
-110
-312
-454
-446
-494
-595
-900
-1110
-965
-718
-239
149
604
1266
1974
2907
3510
4188
4635
4967
5262
5105
5013
4515
3979
3247
2350
1630
730
56
-695
-1350
-1762
-2221
-2302
-2577
-2636
-2581
-2569
-2351
-2514
-2546
-2771
-3060
-3369
-3969
-4577
-5421
-6269
-7107
-7910
-8567
-9189
-9612
-9954
-9906
-9392
-8447
-7270
-6144
-4664
-2894
-655
1792
3760
5625
6936
8413
9773
10575
10978
10460
10085
9345
8593
7562
6083
4731
3295
2192
1146
124
-601
-1188
-1312
-1387
-1496
-1460
-1464
-1183
-1083
-1002
-1190
-1533
-1669
-1824
-1895
-2136
-2435
-2412
-2166
-1597
-909
-256
701
1754
2986
4235
5182
6158
6811
7388
7728
7605
7409
6655
5929
4947
3868
2767
1452
444
-616
-1419
-2068
-2629
-2987
-3381
-3510
-3577
-3587
-3482
-3633
-3717
-4046
-4426
-4826
-5558
-6410
-7386
-8420
-9307
-10111
-10811
-11392
-11922
-11855
-11324
-10084
-8634
-7144
-5329
-3186
-398
2534
5033
7178
8719
10438
12007
12946
13301
12520
11844
10740
9668
8338
6334
4531
2671
1307
105
-1182
-1962
-2614
-2706
-2593
-2617
-2369
-2272
-1733
-1474
-1425
-1518
-1975
-2100
-2299
-2519
-2934
-3460
-3513
-3200
-2493
-1700
-912
255
1706
3510
5104
6512
7761
8812
9847
10244
10365
9926
9197
8213
6803
5444
3787
2257
778
-613
-1694
-2564
-3152
-3633
-3985
-4099
-4102
-3885
-3697
-3700
-3798
-4101
-4480
-5064
-5901
-6962
-8273
-9612
-10783
-11860
-12735
-13585
-14067
-13963
-13144
-11573
-9841
-7941
-5553
-2747
698
3974
6744
9160
11000
13128
14599
15496
15250
14355
13411
12008
10604
8467
6196
3990
1997
478
-995
-2225
-3051
-3485
-3372
-3270
-2974
-2736
-2405
-1850
-1639
-1560
-1935
-2353
-2578
-2930
-3360
-4000
-4558
-4499
-4002
-3206
-2373
-1336
218
2084
4100
5909
7466
8784
9875
10773
11047
10853
10196
9088
7824
6226
4595
2966
1278
-202
-1522
-2487
-3118
-3512
-3635
-3744
-3647
-3395
-3116
-2877
-2888
-3124
-3634
-4361
-5343
-6600
-8037
-9570
-11070
-12448
-13694
-14673
-15154
-14972
-14024
-12563
-10803
-8489
-5698
-2351
1300
4550
7543
9937
12266
14316
15604
16097
15507
14658
13397
11905
10028
7530
5142
2827
872
-764
-2278
-3286
-3950
-4056
-3866
-3552
-3040
-2511
-1764
-1210
-973
-964
-1257
-1379
-1642
-2189
-2944
-3812
-4082
-3946
-3530
-2967
-2327
-1099
643
2672
4543
6089
7660
8969
10173
10825
10822
10496
9631
8649
7235
5554
3807
2062
560
-838
-1974
-2830
-3314
-3453
-3532
-3349
-3058
-2746
-2423
-2394
-2395
-2717
-3304
-4339
-5740
-7175
-8764
-10320
-11947
-13652
-14965
-15674
-15596
-14747
-13609
-12090
-9826
-6875
-3124
621
3913
6897
9393
12207
14387
15897
16112
15433
14616
13436
12082
9851
7157
4465
2120
234
-1497
-3135
-4143
-4788
-4613
-4251
-3701
-3005
-2357
-1324
-623
-135
-132
-392
-530
-883
-1465
-2497
-3576
-3996
-3993
-3602
-3283
-2789
-1592
218
2344
4164
5648
7216
8645
10011
10723
10703
10198
9293
8413
6998
5361
3423
1539
56
-1308
-2336
-3164
-3758
-3917
-3903
-3459
-2994
-2580
-2233
-2123
-1989
-2206
-2705
-3736
-5207
-6708
-8279
-9892
-11624
-13467
-14741
-15392
-15089
-14220
-13226
-11483
-8991
-5693
-1737
1691
5050
7824
10603
13387
15259
16520
16180
15603
14449
13113
11277
8557
5752
3001
597
-1413
-3311
-4624
-5450
-5783
-5372
-4910
-4013
-3255
-2153
-1164
-365
62
72
148
88
-346
-1100
-2229
-2976
-3180
-3213
-2974
-2931
-2189
-729
1040
2981
4526
6033
7668
8929
10232
10421
10364
9604
8685
7702
6019
4483
2415
759
-741
-2094
-2970
-3748
-4219
-4353
-4388
-3772
-3346
-2906
-2664
-2702
-2509
-2939
-3510
-4763
-6171
-7594
-9201
-10739
-12522
-13825
-14529
-14475
-13799
-12959
-11390
-8936
-5745
-1887
1317
4758
7661
10841
13789
15686
16898
16611
16314
15313
13990
11886
8972
5952
3121
568
-1607
-3884
-5487
-6552
-6959
-6541
-6114
-5187
-4396
-3216
-2067
-1197
-538
-312
-61
4
-251
-911
-1782
-2237
-2467
-2481
-2495
-2430
-1540
-248
1454
3133
4402
6115
7368
9041
9910
10185
10133
9405
9060
7754
6520
4766
3046
1499
-193
-1413
-2351
-3126
-3613
-4185
-4270
-3946
-3683
-3284
-3502
-3463
-3694
-3958
-4561
-5740
-6904
-8441
-9766
-11431
-12944
-13915
-14342
-13977
-13480
-12548
-10675
-8034
-4432
-960
2322
5624
8514
12077
14696
16718
17323
17046
16668
15586
14164
11588
8429
5329
2326
-216
-2642
-4870
-6246
-7443
-7432
-7135
-6451
-5429
-4469
-3029
-1922
-875
-239
155
562
457
-10
-906
-1660
-1969
-2218
-2352
-2567
-2277
-1142
287
2014
3322
4598
6116
7539
9028
9522
9671
9150
8673
7926
6651
5196
3352
1843
343
-966
-1993
-2771
-3305
-3590
-3842
-3555
-3307
-2871
-2668
-2785
-2857
-3362
-3797
-4806
-5932
-7298
-8900
-10621
-12227
-13338
-13695
-13612
-13382
-12752
-11162
-8595
-5165
-1772
1374
4557
7468
11124
13863
15918
16561
16433
16073
15141
13734
11230
8158
4974
1894
-802
-3196
-5385
-6762
-7989
-8087
-7765
-6929
-5727
-4500
-2955
-1675
-380
486
1295
1793
1935
1399
653
-52
-375
-580
-1038
-1338
-1273
-532
738
1981
2978
4093
5106
6538
7290
7871
7765
7423
6921
5783
4768
3302
2026
623
-799
-1928
-2716
-3064
-3207
-3390
-3250
-3032
-2601
-2109
-1970
-1766
-2182
-2547
-3358
-4241
-5368
-6704
-8259
-10142
-11502
-12423
-12474
-12339
-12085
-11267
-9517
-6835
-3453
-649
2549
5193
8401
11425
13618
15186
15349
15434
14676
13667
11820
9252
6292
3310
348
-2196
-4800
-6465
-7772
-8471
-8344
-8131
-6953
-5709
-3956
-2388
-889
362
1533
2498
3286
3443
3086
2531
2053
1948
1488
1122
710
772
1397
2175
2733
3503
4053
5096
5709
5944
6003
5580
5345
4407
3296
1868
539
-534
-1764
-2827
-3684
-4310
-4289
-4192
-3885
-3474
-3093
-2379
-1940
-1470
-1493
-1667
-2137
-2990
-3991
-5236
-6695
-8186
-9603
-10601
-10891
-10982
-10649
-9876
-8344
-5804
-2855
-209
2753
5283
8475
11187
13171
14289
14372
14433
13756
12576
10413
7611
4718
1922
-978
-3637
-6461
-8118
-9329
-9720
-9536
-9296
-8226
-6906
-4918
-3036
-1316
113
1394
2595
3796
4242
4323
3901
3699
3746
3464
3316
3022
3170
3717
4199
4662
5036
5534
6280
6405
6299
5699
5200
4617
3538
2048
247
-1239
-2437
-3517
-4506
-5474
-6053
-6054
-5734
-5037
-4333
-3651
-2977
-2299
-1632
-1223
-1156
-1576
-2377
-3400
-4516
-6012
-7354
-8651
-9530
-9868
-10079
-9706
-8553
-6749
-3961
-1386
1248
4153
6786
10215
12419
14229
14596
14573
14380
13448
11793
8991
5718
2722
-233
-3118
-5939
-8753
-10343
-11601
-11538
-11205
-10507
-9361
-7819
-5727
-3555
-1556
73
1475
2660
3854
4441
4836
4660
4615
4606
4527
4634
4710
5123
5625
6086
6506
7088
7541
8101
7895
7339
6569
5631
4786
3247
1385
-764
-2625
-4064
-5399
-6483
-7471
-8117
-8131
-7738
-6849
-5858
-4940
-3977
-3078
-2198
-1532
-1244
-1299
-1963
-2877
-4089
-5500
-6574
-7761
-8377
-8868
-9210
-8639
-7340
-5106
-2222
-30
2752
5287
8489
11726
13853
15198
15126
15171
14738
13770
11610
8307
4624
1466
-1771
-4584
-7875
-10553
-12390
-13442
-13218
-12941
-11939
-10627
-8702
-6394
-3964
-1874
144
1684
3254
4267
5002
5418
5465
5712
5425
5424
5543
5675
6384
6519
6893
7415
7790
8772
8679
8537
7824
7097
6456
5165
3533
1449
-768
-2591
-4440
-5816
-7135
-8419
-9024
-9439
-8777
-8062
-7201
-6277
-5314
-4278
-3188
-2309
-1769
-1855
-2231
-2965
-3979
-4797
-5882
-6395
-7017
-7532
-7382
-6565
-4772
-2308
-416
2061
4303
7255
10446
12699
14236
14506
14762
14658
14012
12215
9405
6038
2855
-413
-3362
-6601
-9332
-11578
-13200
-13576
-13555
-12886
-11937
-10521
-8496
-6134
-3879
-1834
-121
1441
2804
3867
4588
5042
5238
5254
5357
5574
6087
6580
6881
7196
7477
8268
8881
9174
8760
8117
7584
6891
5893
4216
2351
384
-1459
-3263
-4800
-6260
-7413
-8429
-8836
-8853
-8393
-7658
-7016
-6144
-5502
-4590
-3732
-2991
-2798
-2996
-3696
-4161
-4576
-4937
-5096
-5666
-5844
-5413
-4414
-2395
-499
1329
3382
5221
8141
10355
12246
13074
13178
13251
12789
11838
9987
7299
4505
1415
-1534
-4202
-6992
-8919
-10922
-11961
-12494
-12383
-11598
-10623
-9319
-7716
-5888
-3976
-2175
-563
843
1907
2867
3558
4353
4664
4879
5146
5386
6212
6723
7100
7309
7535
8173
8512
8488
7852
7212
6527
5623
4449
2929
1265
-288
-2024
-3393
-4649
-5719
-6429
-7149
-7335
-7335
-6932
-6457
-5813
-5349
-4888
-4419
-3884
-3569
-3471
-3976
-4390
-4612
-4723
-4387
-4512
-4363
-3778
-2820
-888
924
2616
4527
5967
8272
10012
11485
11974
11827
11659
10943
9845
7972
5532
3077
454
-2096
-4569
-7092
-8691
-10097
-10789
-11217
-11239
-10672
-9622
-8272
-6829
-5315
-3864
-2199
-705
684
1719
2428
3128
3898
4427
4992
5098
5393
5968
6379
7095
6954
7269
7212
7312
7255
6591
6034
4958
3978
2865
1505
143
-1349
-2875
-3924
-5134
-5803
-6628
-6995
-6988
-6970
-6586
-6277
-5694
-5149
-4511
-4049
-3550
-3369
-3143
-3343
-3397
-3475
-3357
-2855
-2760
-2150
-1278
-22
2086
3588
5358
6965
8505
10504
11694
12472
12284
11825
11129
9997
8189
5821
2968
382
-2473
-4994
-7600
-9846
-11408
-12497
-12789
-12739
-12306
-11504
-10067
-8418
-6378
-4782
-3047
-1403
239
1931
2962
3790
4373
4956
5795
6220
6462
6788
6954
7736
7827
7974
7918
7670
7719
6929
6351
5280
4091
2832
1365
-132
-1690
-3308
-4650
-5917
-6811
-7627
-8299
-8393
-8539
-8074
-7770
-7252
-6645
-6021
-5263
-4515
-3986
-3584
-3486
-3455
-3038
-2766
-2074
-1626
-1170
-86
1227
3321
5360
6936
8844
10197
12323
13921
14697
14745
13922
13238
12162
10223
7745
4482
1451
-1486
-4646
-7410
-10423
-12361
-13868
-14638
-14788
-14649
-14015
-12794
-11195
-9084
-7115
-5367
-3564
-1810
285
1864
3142
3964
4699
5786
6601
7295
7749
7975
8603
8856
9175
9256
9086
8887
8121
7228
6213
5069
3795
2096
278
-1562
-3169
-4531
-5845
-6972
-8106
-8853
-9191
-9155
-8973
-8680
-8490
-8215
-7727
-7194
-6421
-5990
-5834
-5901
-5760
-5114
-4333
-3359
-2799
-2146
-564
1355
4136
6424
8300
10440
12316
14865
16692
17587
17535
16804
15952
14858
12901
10204
6692
3340
107
-3027
-6066
-9198
-11526
-13293
-14292
-14777
-14776
-14269
-13245
-12080
-10437
-8751
-6985
-5232
-3592
-1797
-488
897
1964
3001
4361
5106
6046
6811
7456
8632
9063
9624
9755
9620
9685
9154
8477
7220
5676
4310
2649
933
-1090
-3034
-4538
-5943
-6941
-7895
-8666
-9027
-9084
-8936
-8444
-8149
-7829
-7681
-7435
-6971
-6735
-6862
-7337
-7385
-7085
-6222
-5353
-4913
-3731
-2044
532
3609
6045
8689
10989
13759
16522
18449
19302
19153
18614
17783
16278
13879
10605
7106
3682
96
-3214
-6554
-9222
-11286
-12810
-13650
-13969
-13846
-13029
-11982
-10694
-9286
-8003
-6564
-5115
-3443
-2242
-1239
-550
346
1855
2759
3812
4458
5318
6824
7775
8799
9157
9421
9813
9658
9383
8315
7009
5668
3961
2347
164
-1806
-3533
-5118
-6314
-7475
-8289
-8758
-8896
-8708
-8357
-8024
-7577
-7324
-6968
-6690
-6554
-6716
-7235
-7296
-7322
-6809
-6289
-6003
-4812
-3486
-995
1834
4138
6897
9306
12324
15204
17112
18254
18486
18464
18052
16717
14504
11518
8416
5273
1900
-1344
-4508
-7129
-9013
-10485
-11420
-11887
-12020
-11364
-10516
-9424
-8302
-7396
-6197
-5027
-3733
-2639
-1952
-1293
-421
839
1975
2784
3683
4726
6213
7460
8162
8615
8836
9225
9275
8660
7598
6136
4691
3218
1409
-538
-2523
-4224
-5595
-6708
-7631
-8296
-8626
-8645
-8517
-8263
-7891
-7547
-7093
-6935
-6869
-6760
-7208
-7207
-7197
-6980
-6103
-6007
-5064
-3681
-1779
1318
3323
5730
8056
10460
13545
15353
16526
16699
16487
16456
15499
13881
11295
8344
5889
3000
357
-2408
-4966
-6577
-7969
-8798
-9258
-9614
-9296
-8713
-8185
-7368
-6842
-6102
-5228
-4408
-3608
-3115
-2574
-1758
-552
575
1616
2643
3808
5350
6815
7827
8464
8895
9240
9425
8939
7867
6593
5123
3643
1828
-286
-2162
-3842
-5160
-6349
-7389
-8137
-8550
-8612
-8563
-8414
-8272
-8079
-7776
-7484
-7413
-7432
-7891
-7798
-7552
-7103
-6222
-6042
-4706
-3163
-914
2106
4190
6707
8883
11283
14035
15715
16580
16502
16071
15715
14482
12537
9818
6944
4412
1657
-861
-3400
-5456
-6598
-7548
-8045
-8179
-8173
-7369
-6551
-5766
-5083
-4850
-4188
-3514
-2891
-2528
-2595
-2572
-2186
-1279
-449
236
923
1933
3445
4996
6175
6959
7677
8266
8754
8486
7617
6718
5369
4052
2258
166
-1541
-3256
-4556
-5868
-7109
-7840
-8264
-8306
-8314
-8367
-8267
-8089
-7566
-7379
-7433
-7739
-8177
-7819
-7674
-6810
-6378
-6028
-4499
-2949
46
2636
4802
7215
9273
12140
14494
15777
16218
15797
15405
14601
12843
10517
7569
4833
2172
-594
-3032
-5232
-6494
-7132
-7599
-7566
-7365
-6517
-5007
-3914
-2901
-2493
-1860
-1018
-481
29
-545
-865
-1113
-889
-202
-259
7
296
1098
2671
3618
4371
4900
5403
6117
6180
5853
5148
4184
3121
1796
291
-1193
-2588
-3723
-4754
-5737
-6445
-7010
-7048
-6935
-7035
-7020
-7205
-6983
-6717
-6808
-7138
-7784
-7776
-7528
-6675
-6166
-5702
-4358
-2764
243
2838
5077
7480
9477
12199
14374
15432
15540
14887
14272
13241
11220
8380
5305
2571
119
-2425
-4919
-6887
-7918
-8018
-7907
-7485
-6906
-5891
-4162
-2623
-1222
-359
400
1091
2009
2547
2282
2217
1612
1918
2200
2071
2302
1982
2569
3160
3462
3703
3542
3718
3468
3036
2295
1346
639
-457
-1485
-2687
-3770
-4337
-4810
-5175
-5580
-5909
-5912
-5569
-5419
-5316
-5461
-5594
-5619
-5778
-6034
-6775
-6861
-7017
-6483
-5632
-5404
-3960
-2631
-246
2617
4557
7044
8915
11006
13229
14222
14409
13609
12642
11605
9805
7296
4143
1171
-1237
-3479
-5489
-7401
-8777
-8931
-8687
-7927
-7018
-6299
-4783
-3200
-1540
-222
718
1526
2390
3460
3918
4500
4465
4639
5242
5400
5921
5901
5953
6120
5846
5485
4771
4115
3091
1729
179
-1475
-2743
-4076
-5234
-6409
-7432
-7932
-8003
-7792
-7505
-7075
-6737
-6018
-5370
-4794
-4321
-4159
-4063
-4260
-4530
-5215
-5123
-5129
-4812
-3931
-3890
-2337
-769
1557
4483
6142
8453
10131
12009
13973
14605
14418
13008
11527
10046
8072
5565
2209
-953
-3661
-5979
-7680
-9208
-10256
-10490
-10288
-9420
-8107
-6917
-5385
-4032
-2727
-1327
-32
1159
2181
3159
3803
4867
5651
6622
7682
8101
8794
9181
9771
10158
9655
8736
7421
6289
4912
3057
748
-1802
-3849
-5666
-7029
-8368
-9742
-10496
-10770
-10418
-9810
-9210
-8527
-7773
-6973
-6110
-5384
-4878
-4691
-4825
-5005
-5632
-5118
-4776
-3942
-2701
-2470
-347
1455
4521
7817
9494
11716
12935
14648
16247
16244
15240
12939
10713
8679
6014
3052
-593
-3852
-6325
-8595
-10093
-11219
-11695
-11218
-10710
-9708
-8455
-7222
-5597
-4416
-3509
-2568
-1594
-758
505
1408
2403
3724
4629
6661
8264
9766
10976
11657
12831
13345
13242
11990
10274
8479
6370
4061
1059
-1946
-4629
-6883
-8378
-9816
-11026
-11607
-11667
-10930
-10029
-9195
-8267
-7388
-6528
-5815
-5364
-5122
-5425
-5791
-6433
-7111
-6533
-6235
-4708
-3274
-2222
729
3153
7087
10544
12667
15013
15982
17405
18167
17403
15520
12474
9637
6803
3616
206
-3345
-6201
-8402
-10250
-11255
-11805
-11549
-10503
-9773
-8749
-7806
-6765
-5471
-4632
-4312
-3838
-3310
-2556
-780
197
1937
3464
5026
7838
9788
12019
13088
13744
14498
14478
13965
12031
9792
7204
4527
1991
-1059
-3883
-6362
-8346
-9437
-10325
-10918
-10846
-10592
-9720
-8730
-7834
-6901
-6307
-5921
-5745
-5700
-5780
-6322
-6774
-7664
-7557
-6666
-5673
-3111
-2053
415
3275
6136
10408
12556
14729
15765
16291
17076
16654
15282
12581
9756
7214
4586
1968
-940
-3545
-5397
-7203
-8495
-9393
-9953
-9492
-9210
-9289
-9181
-9223
-8496
-7615
-7205
-6492
-5928
-4725
-2626
-511
1956
4012
5872
8201
10331
12451
13376
13591
13482
12746
12052
10204
8103
5761
3182
1134
-1129
-3192
-5064
-6689
-7624
-8301
-8893
-9104
-9223
-8963
-8525
-8197
-7708
-7389
-7066
-6823
-6734
-6316
-6336
-6068
-6058
-6122
-4543
-3603
-1180
567
1751
4518
6163
9471
11611
12733
13826
13679
14290
14116
13241
11451
9055
7179
5147
3115
962
-1279
-2970
-4576
-6264
-7468
-8477
-8770
-8575
-8978
-9195
-9392
-9200
-8090
-7353
-6209
-5345
-4225
-2143
-236
2604
4537
6193
7995
9213
11097
11796
11852
11572
10534
9819
8396
6720
4864
2638
848
-996
-2770
-4397
-5993
-7166
-7879
-8598
-9019
-9426
-9526
-9234
-9023
-8489
-8051
-7594
-6998
-6535
-5775
-5266
-4913
-4591
-4600
-3164
-2041
-111
1556
2452
4886
6448
9328
11337
12434
13562
13386
13715
13383
12383
10579
8090
5833
3652
1455
-775
-2816
-4393
-5618
-6907
-7813
-8279
-8189
-7360
-7230
-7075
-7086
-6819
-5743
-4860
-3822
-3265
-2221
-931
1032
3280
4982
6719
7626
8890
10145
10758
10899
10222
9174
7979
6629
5005
3211
1339
-545
-2248
-3975
-5478
-6639
-7774
-8610
-9322
-9754
-9916
-9740
-9560
-9205
-8671
-8045
-7237
-6568
-5893
-5177
-4531
-4097
-3816
-3659
-2202
-956
1205
2724
3774
6253
7851
10942
12542
13426
14094
13592
13698
12761
11274
8927
6161
3860
1481
-752
-2803
-4634
-5671
-6585
-7563
-8318
-8708
-8088
-6959
-6642
-6529
-6633
-6137
-4520
-3060
-1816
-978
17
1683
4001
6012
7744
8684
9060
9790
10263
10428
9860
8652
7221
5896
4612
3132
1721
112
-1433
-2868
-4544
-5789
-6912
-8069
-8971
-9882
-10495
-10527
-10413
-10051
-9690
-9238
-8502
-7707
-6690
-5892
-5022
-4617
-4274
-4162
-3379
-1712
-59
2296
3296
5168
7422
9940
12951
13835
14567
14245
13831
13526
12070
10011
6911
4191
1892
-325
-2155
-4117
-5469
-6279
-6947
-7598
-8328
-8586
-7886
-7168
-6925
-6921
-7138
-6191
-4468
-2577
-1019
347
1835
3896
6232
8157
9736
10118
10266
10301
10109
9678
8671
7359
5828
4603
3355
2063
919
-357
-1559
-3113
-4758
-6005
-7140
-8099
-9017
-9893
-10440
-10366
-10064
-9444
-8932
-8422
-7723
-7065
-6258
-5572
-5086
-4927
-5080
-5081
-3629
-2059
794
2689
3960
6501
8462
12043
13999
14595
14558
13287
12733
11646
9811
7306
4239
2046
-19
-1446
-2684
-3852
-4369
-5197
-5845
-6665
-7411
-7281
-6839
-6886
-6875
-7216
-6820
-5164
-3068
-1080
760
2025
3957
6116
7796
9308
9455
9214
8742
8388
7835
7033
6051
4849
3987
3111
2125
1386
255
-773
-2166
-3996
-5446
-6665
-7640
-8382
-9093
-9632
-9383
-9029
-8205
-7500
-6859
-6256
-5777
-5247
-4803
-4320
-4277
-4541
-4910
-3802
-2327
504
2894
4218
6436
7897
10751
12725
13347
13001
11427
9985
8800
7216
5272
2907
1030
-330
-1562
-2019
-2716
-2779
-3466
-4496
-5685
-6786
-7068
-6601
-6570
-6573
-6397
-5995
-3886
-1793
648
2522
3587
4973
6105
7124
7915
7765
7183
6395
5863
5657
5158
4903
4181
3642
2975
1931
1055
-276
-1603
-3080
-4899
-6318
-7210
-7809
-7921
-8141
-8012
-7485
-6868
-6104
-5572
-5026
-4874
-4644
-4671
-4693
-4331
-4449
-4314
-4752
-3792
-1951
486
3606
4864
6760
8016
9983
11898
12107
11651
10007
8311
7076
5863
4217
2470
739
-84
-1185
-1852
-2645
-3279
-3830
-4982
-6269
-7662
-8047
-7382
-6128
-5343
-4379
-3534
-1528
1022
3385
5316
5840
6272
6569
6873
7168
7007
6401
5808
5284
5201
5005
4761
4262
3358
2209
594
-890
-2448
-3802
-5229
-6727
-7972
-8383
-8240
-7773
-7327
-7103
-6522
-6048
-5377
-5021
-4684
-4443
-4471
-4214
-4113
-3622
-3221
-3108
-3274
-2023
-447
2243
4812
5721
7496
8015
9888
11011
11097
10433
8853
7513
6168
5292
3804
2390
916
-314
-1621
-2614
-3981
-4679
-5757
-6923
-8098
-9065
-8679
-7200
-5278
-3926
-2431
-1437
655
2804
4594
5789
5904
6033
6282
6641
7077
7272
7060
6796
6583
6419
5924
5229
3968
2465
741
-1171
-2884
-4478
-5696
-6695
-7691
-8458
-8579
-8416
-7975
-7651
-7495
-7238
-6899
-6408
-5921
-5223
-4746
-3982
-3398
-2735
-1696
-1169
-715
-937
-731
539
2111
4558
5711
6759
7715
8447
10077
10362
10442
9446
7854
6399
4907
3690
2259
756
-815
-2558
-4015
-4920
-5570
-5878
-6833
-7659
-8335
-8256
-6870
-5271
-3645
-2376
-1306
197
1954
3719
5585
6341
6976
7151
7354
8143
8592
9254
8867
8331
7648
6797
5975
4639
3190
1272
-829
-2761
-4537
-5847
-6938
-7897
-8864
-9489
-9737
-9704
-9428
-9256
-8900
-8630
-8148
-7593
-6740
-5761
-4691
-3585
-2789
-1781
-1118
-518
-257
-219
1087
2241
4380
6137
7165
8720
9420
10628
11137
11109
10698
9404
7802
6102
4366
2774
1198
-301
-2017
-3838
-5106
-5945
-6465
-7126
-8065
-8707
-8784
-7914
-6398
-4954
-3393
-2013
-267
1177
2791
4342
5487
6683
7020
7442
7793
8270
8988
9132
9008
8428
7566
6604
5384
4116
2576
938
-755
-2495
-4077
-5436
-6543
-7574
-8472
-9189
-9823
-10305
-10561
-10546
-10221
-9764
-9141
-8399
-7372
-6197
-4923
-3622
-2547
-1753
-1440
-1289
-1500
-678
673
2525
4940
6266
8029
9279
10487
11742
12079
11981
10944
9406
7748
6200
4726
3223
1589
-59
-1774
-2937
-3961
-5005
-5999
-7344
-8228
-8653
-8588
-7802
-6837
-5508
-3818
-1985
-268
1115
2428
3475
4668
5545
6096
6532
6914
7434
8028
8444
8476
8392
7755
6871
5769
4429
3139
1795
219
-1387
-3038
-4477
-5562
-6544
-7217
-7903
-8632
-9262
-9762
-9906
-9723
-9252
-8732
-8145
-7297
-6463
-5300
-4290
-3454
-3073
-2968
-3170
-2922
-1957
-443
1914
3763
5888
7358
8719
9772
10604
10988
10747
10033
8583
7421
6064
5103
3898
2715
1383
322
-760
-1808
-3124
-4625
-5779
-6739
-6976
-7093
-6534
-5888
-4652
-3182
-1681
-393
461
1232
1777
2572
3172
3879
4461
5144
5850
6535
7034
7332
7447
7055
6339
5187
3934
2725
1634
517
-684
-1966
-3098
-4080
-4807
-5500
-6272
-7126
-7949
-8592
-8938
-8870
-8518
-7942
-7301
-6484
-5649
-4747
-3946
-3418
-3200
-3302
-3518
-3279
-2599
-904
877
3014
4724
6151
7362
8034
8772
8631
8642
7852
7150
6180
5266
4456
3648
2883
2115
1480
601
-229
-1531
-2756
-3934
-4591
-4930
-4881
-4492
-3897
-2844
-1822
-880
-188
52
416
622
998
1505
1931
2628
3225
4011
4621
5041
5209
5047
4697
4061
3282
2419
1638
945
291
-467
-1331
-2160
-2816
-3353
-3949
-4589
-5385
-5960
-6341
-6347
-5986
-5468
-4543
-3548
-2415
-1496
-753
-314
-145
-170
-468
-781
-1063
-948
-624
-30
643
1272
1977
2372
2691
2603
2237
1809
1175
715
158
-281
-641
-817
-780
-675
-503
-530
-697
-986
-1179
-1113
-923
-610
-382
29
617
1377
2277
2797
3151
3266
3250
3291
3357
3345
3385
3187
2977
2812
2547
2332
1950
1490
1008
560
218
-26
-184
-210
-332
-520
-878
-1269
-1545
-1914
-2284
-2808
-3267
-3390
-3189
-2734
-2195
-1668
-1068
-422
270
878
1244
1490
1566
1660
1657
1613
1517
1258
1024
759
466
195
-134
-448
-791
-1230
-1652
-2179
-2610
-3047
-3539
-4089
-4598
-4871
-4887
-4616
-4172
-3716
-3357
-2953
-2516
-1929
-1383
-976
-669
-388
155
892
1839
2729
3448
4114
4600
5069
5414
5534
5430
5029
4530
4036
3620
3362
3057
2758
2442
2046
1742
1384
1116
775
235
-407
-1095
-1612
-1965
-2280
-2588
-2943
-3163
-3081
-2793
-2300
-1828
-1352
-871
-350
250
776
1225
1509
1617
1742
1823
1934
2020
1932
1788
1519
1225
986
685
334
-173
-805
-1435
-2023
-2511
-2999
-3500
-4029
-4385
-4453
-4306
-3989
-3731
-3581
-3429
-3202
-2801
-2298
-1843
-1473
-1183
-840
-285
435
1224
1900
2368
2690
2944
3209
3446
3502
3355
3055
2762
2584
2482
2455
2347
2225
2031
1749
1483
1200
953
679
283
-141
-574
-933
-1209
-1498
-1774
-2009
-2129
-2031
-1741
-1368
-916
-452
34
539
991
1361
1705
1919
2119
2279
2340
2396
2419
2423
2435
2440
2413
2337
2086
1674
1032
328
-443
-1223
-1956
-2744
-3440
-4016
-4410
-4515
-4433
-4252
-4106
-4044
-3967
-3842
-3506
-3078
-2657
-2279
-1921
-1427
-719
96
942
1596
1983
2251
2388
2555
2616
2573
2347
2063
1791
1526
1434
1293
1220
1089
948
827
663
557
349
21
-355
-806
-1189
-1554
-1824
-1987
-2147
-1998
-1764
-1235
-557
35
817
1172
1511
1493
1179
1188
1017
1437
1740
2026
2339
2154
2256
2138
2312
2750
3026
3521
3375
2949
2250
1324
707
92
-186
-484
-680
-1085
-1621
-2235
-2971
-3482
-3973
-4179
-4283
-4154
-4068
-3923
-3887
-3883
-3700
-3389
-2728
-1962
-1190
-541
87
562
1163
1670
1951
2149
2029
2009
1947
1940
1977
1925
2018
2095
2286
2448
2534
2439
2055
1519
898
312
-243
-676
-1122
-1406
-1549
-1434
-1115
-799
-571
-522
-589
-755
-834
-1016
-1084
-1163
-974
-596
-154
474
852
1319
1593
1707
1798
1728
1668
1603
1470
1334
1123
968
868
695
635
457
358
190
-82
-343
-793
-1258
-1701
-2131
-2461
-2672
-2940
-3108
-3267
-3446
-3401
-3426
-3266
-3190
-3222
-3207
-3441
-2966
-2583
-1174
-90
945
2002
1815
2795
2716
3547
4087
4134
4509
4197
4488
4712
4955
5053
4646
3780
3023
1822
1267
572
-27
-331
-897
-990
-963
-734
-463
-453
-753
-1305
-2008
-2483
-2788
-2652
-2326
-1797
-1183
-620
26
534
997
1245
1281
1108
815
691
597
719
808
788
671
365
-20
-432
-858
-1205
-1658
-2090
-2631
-3098
-3353
-3556
-3368
-3341
-3169
-3211
-3267
-3235
-3098
-2793
-2578
-2506
-2745
-3005
-2696
-2176
-321
1018
2442
3556
3173
4192
3953
4967
5536
5459
5595
4928
4969
5084
5253
5269
4743
3696
2744
1297
639
-377
-1038
-1634
-2294
-2392
-2381
-1889
-1442
-1017
-1085
-1297
-1904
-2250
-2361
-2087
-1554
-980
-271
295
1014
1553
2014
2088
2017
1625
1218
905
739
852
862
855
535
116
-445
-1084
-1711
-2375
-2994
-3564
-4134
-4488
-4669
-4628
-4343
-4013
-3691
-3482
-3372
-3342
-3262
-3064
-2787
-2600
-2432
-2601
-1994
-1373
399
2265
3460
5088
4572
5179
4905
4973
5779
5335
5623
5108
4832
4983
4899
4783
4306
2982
1995
490
-472
-1298
-2238
-2553
-3193
-3037
-2799
-2070
-1282
-634
-158
-342
-536
-841
-997
-652
-281
349
1109
1630
2428
2764
3117
3104
2693
2242
1432
897
401
163
29
-152
-452
-938
-1552
-2248
-2951
-3484
-4002
-4420
-4714
-5037
-4940
-4793
-4286
-3744
-3325
-2964
-2847
-2661
-2562
-2347
-2227
-1956
-1930
-1703
-1765
-1381
-782
16
1816
2506
4161
4348
4450
4786
4157
4735
4409
4413
4340
3932
3871
3673
3253
2972
1949
1225
208
-821
-1160
-2033
-2089
-2507
-2541
-2121
-1591
-537
186
819
958
823
696
471
591
835
1131
1815
2256
2882
3310
3356
3374
2833
2361
1601
919
524
89
-29
-296
-707
-1159
-1840
-2428
-2987
-3571
-3973
-4479
-4723
-4823
-4696
-4332
-3981
-3447
-3088
-2660
-2255
-1899
-1659
-1537
-1518
-1405
-1202
-988
-845
-848
-1137
-1170
-1147
-461
602
1377
2617
2570
3137
3008
2964
3254
2740
2846
2318
2170
2197
2095
2154
1946
1409
1247
541
276
-80
-696
-616
-1058
-740
-345
138
1102
1569
2089
2180
1869
1734
1237
1123
1057
1068
1476
1580
2035
2186
2192
2163
1616
1240
686
160
-140
-613
-916
-1265
-1616
-1843
-2307
-2701
-3231
-3635
-3759
-3768
-3500
-3333
-3053
-2778
-2383
-1707
-1112
-477
-49
161
362
417
570
632
553
440
144
-29
-318
-586
-1068
-1556
-1969
-2021
-1601
-1083
-248
-73
167
-157
-424
-479
-785
-515
-643
-321
31
421
1008
1229
1369
1410
1364
1489
1666
1783
2021
1918
2079
2200
2390
2795
2770
2937
2652
2381
2134
1599
1391
900
703
572
410
496
327
179
9
-412
-761
-1287
-1770
-2069
-2335
-2271
-2283
-2154
-1988
-1790
-1466
-1228
-1019
-863
-705
-400
13
563
1035
1409
1701
1897
2139
2200
2159
1904
1554
1246
928
699
472
128
-252
-676
-1103
-1407
-1705
-2005
-2364
-2776
-3104
-3325
-3388
-3388
-3355
-3287
-3228
-3013
-2655
-2227
-1700
-1251
-855
-410
59
593
1075
1500
1785
2069
2327
2538
2743
2743
2702
2620
2539
2525
2407
2192
1903
1532
1258
970
725
509
227
40
-181
-308
-415
-543
-642
-717
-738
-680
-593
-467
-245
-100
151
322
526
684
802
933
990
1082
1125
1163
1075
967
739
549
375
180
-18
-297
-516
-725
-810
-910
-958
-1033
-1137
-1260
-1368
-1420
-1453
-1411
-1377
-1305
-1214
-1056
-872
-696
-640
-636
-740
-790
-726
-618
-363
-194
-29
97
173
307
418
435
380
257
146
93
94
156
200
270
336
376
360
194
17
-187
-375
-499
-607
-630
-612
-558
-454
-377
-282
-166
-78
116
276
489
723
942
1231
1414
1632
1828
1992
2187
2233
2167
1948
1612
1336
1036
806
588
305
70
-257
-504
-710
-906
-1016
-1271
-1457
-1667
-1744
-1683
-1603
-1498
-1449
-1339
-1196
-945
-642
-351
-86
136
310
441
566
662
756
853
882
966
1012
1076
1111
1050
934
675
415
117
-110
-279
-463
-567
-661
-699
-682
-733
-777
-867
-1013
-1140
-1310
-1440
-1541
-1638
-1602
-1485
-1287
-1035
-829
-630
-507
-342
-105
177
527
803
1034
1260
1447
1745
1943
2133
2208
2097
2110
1936
1919
1752
1504
1242
815
554
264
105
-75
-300
-608
-973
-1203
-1351
-1382
-1352
-1362
-1345
-1325
-1298
-1189
-1120
-968
-779
-537
-206
114
432
661
790
849
899
934
1030
1105
1110
1061
966
845
763
648
479
306
84
-104
-289
-394
-468
-544
-603
-707
-804
-891
-992
-1024
-1093
-1178
-1231
-1344
-1360
-1429
-1393
-1258
-1096
-840
-607
-354
-169
2
116
232
347
462
596
750
880
994
1075
1084
1095
1059
1028
965
863
730
559
396
228
94
23
13
47
51
42
-59
-168
-274
-349
-393
-441
-437
-413
-291
-114
104
298
453
525
561
570
567
567
555
565
541
534
528
504
475
414
326
231
79
-30
-175
-289
-394
-498
-550
-616
-589
-591
-571
-549
-521
-495
-503
-515
-562
-588
-650
-669
-672
-605
-487
-338
-158
-11
95
121
113
61
43
18
31
48
82
128
147
182
163
118
17
-64
-137
-195
-206
-199
-160
-98
-18
13
7
-20
-63
-67
-39
-5
44
97
192
312
464
588
656
685
651
635
616
612
617
599
584
573
569
572
553
481
372
214
83
-17
-111
-218
-343
-440
-503
-520
-483
-420
-344
-262
-226
-197
-193
-201
-212
-229
-229
-220
-237
-226
-184
-116
-4
82
141
144
107
53
5
-53
-123
-209
-305
-377
-444
-461
-435
-417
-411
-475
-580
-656
-687
-649
-606
-570
-545
-545
-497
-426
-351
-270
-229
-207
-153
-77
63
233
369
515
613
716
811
889
983
1032
1086
1138
1172
1190
1167
1104
1013
888
765
601
423
249
70
-74
-190
-249
-336
-402
-476
-512
-506
-471
-389
-311
-213
-131
-58
-11
46
73
103
108
110
139
172
272
331
382
340
247
126
-12
-112
-223
-289
-394
-464
-526
-556
-569
-609
-657
-768
-857
-929
-926
-876
-797
-721
-666
-606
-542
-446
-340
-243
-176
-130
-90
-31
40
130
197
248
288
327
396
472
537
587
611
640
670
679
670
630
586
535
491
437
370
277
157
43
-65
-143
-212
-255
-276
-285
-280
-257
-208
-141
-49
56
147
217
273
315
362
402
445
479
505
543
566
592
573
529
430
311
201
83
-15
-119
-221
-321
-395
-460
-517
-576
-649
-712
-769
-792
-777
-754
-732
-697
-643
-572
-468
-374
-264
-200
-134
-84
-56
-12
-8
26
31
72
117
159
218
252
278
288
302
306
296
262
223
175
140
111
87
66
34
-1
-31
-68
-123
-173
-231
-263
-287
-281
-249
-203
-133
-50
59
169
274
368
418
442
438
427
435
442
481
508
534
552
563
560
517
446
334
207
69
-58
-168
-265
-332
-379
-426
-449
-483
-502
-538
-582
-598
-598
-570
-501
-407
-294
-156
-31
111
215
302
362
372
376
346
333
328
349
397
430
464
465
439
378
275
150
1
-134
-243
-335
-390
-438
-477
-505
-551
-583
-639
-690
-722
-746
-726
-686
-616
-524
-415
-288
-158
-32
89
181
252
305
344
383
410
442
469
507
542
568
571
545
490
419
341
260
188
113
42
-16
-70
-108
-154
-201
-248
-297
-320
-330
-325
-304
-286
-251
-208
-145
-59
21
106
178
243
299
345
382
406
430
458
493
529
561
573
576
556
526
468
383
279
153
38
-85
-187
-284
-376
-448
-529
-590
-651
-709
-760
-816
-850
-866
-844
-784
-696
-582
-465
-348
-241
-143
-53
20
84
136
171
204
230
253
286
317
349
371
357
323
267
203
150
100
61
21
-16
-45
-65
-73
-82
-86
-99
-99
-89
-64
-25
15
62
102
150
200
258
320
379
422
451
464
468
474
474
477
467
459
452
443
431
392
334
260
183
121
60
5
-57
-121
-166
-212
-245
-288
-349
-410
-479
-529
-565
-592
-607
-618
-610
-574
-517
-447
-387
-341
-310
-292
-274
-257
-239
-222
-207
-193
-168
-129
-85
-45
-37
-48
-77
-106
-122
-139
-147
-161
-168
-171
-166
-145
-122
-95
-78
-62
-41
2
71
147
230
292
363
429
506
586
647
707
733
769
787
808
819
803
783
738
702
657
616
561
494
409
319
222
130
46
-40
-112
-195
-259
-327
-374
-417
-461
-506
-555
-588
-614
-609
-605
-574
-545
-511
-474
-455
-431
-426
-413
-403
-385
-361
-339
-307
-287
-255
-235
-212
-188
-171
-152
-142
-131
-128
-122
-120
-121
-128
-135
-144
-149
-151
-155
-148
-141
-113
-85
-46
-3
43
106
175
254
332
408
485
562
643
719
781
831
860
884
901
907
895
864
822
777
738
695
641
570
490
400
309
216
122
26
-74
-175
-280
-371
-447
-503
-545
-576
-605
-627
-638
-646
-638
-635
-620
-609
-587
-557
-531
-503
-485
-462
-442
-416
-397
-382
-370
-362
-350
-339
-330
-320
-304
-284
-261
-240
-222
-210
-196
-180
-161
-137
-113
-88
-61
-25
13
53
94
129
162
203
245
294
339
384
422
460
497
528
562
588
616
633
654
670
680
689
685
684
674
664
639
602
552
492
432
368
300
223
143
66
-1
-61
-115
-171
-223
-266
-304
-328
-355
-381
-411
-434
-445
-448
-438
-435
-436
-450
-467
-484
-497
-507
-516
-520
-514
-499
-474
-444
-419
-397
-379
-357
-327
-288
-242
-199
-156
-118
-78
-37
5
46
85
120
151
173
194
207
218
225
232
238
247
256
259
258
248
232
219
206
193
182
175
175
179
194
209
232
256
281
301
314
324
327
331
327
326
322
319
311
295
283
259
241
213
187
154
123
94
63
38
8
-18
-49
-84
-127
-180
-232
-295
-355
-416
-467
-507
-533
-541
-547
-537
-528
-513
-501
-487
-468
-446
-411
-375
-329
-279
-222
-163
-105
-55
-16
12
32
52
74
102
125
149
166
176
181
182
178
166
151
134
118
105
94
84
77
72
71
69
67
61
56
53
56
66
81
100
118
139
159
182
201
218
228
234
239
246
256
265
277
281
282
276
267
257
243
227
208
187
159
126
84
35
-17
-66
-110
-146
-176
-201
-221
-241
-256
-270
-281
-292
-300
-303
-303
-296
-284
-273
-261
-252
-241
-232
-221
-213
-205
-195
-184
-167
-151
-128
-107
-87
-70
-56
-43
-33
-21
-13
-6
-2
4
13
25
37
47
57
65
74
83
91
98
106
113
123
133
143
151
159
165
173
181
189
194
197
204
211
219
224
224
220
210
202
191
183
167
148
124
98
73
47
22
-5
-28
-50
-65
-74
-83
-84
-92
-94
-99
-101
-99
-95
-88
-85
-81
-87
-91
-102
-113
-129
-145
-164
-182
-194
-206
-211
-215
-214
-213
-208
-200
-190
-179
-170
-162
-153
-139
-121
-99
-78
-61
-49
-36
-21
-5
13
26
37
46
53
61
67
73
76
83
92
104
119
134
148
161
173
185
195
204
208
209
206
202
195
183
172
159
149
133
118
100
79
59
36
16
-8
-27
-51
-70
-85
-96
-97
-98
-88
-80
-64
-50
-36
-26
-21
-13
-10
2
6
12
13
11
11
5
2
-11
-23
-40
-51
-58
-67
-69
-79
-83
-88
-88
-87
-87
-88
-92
-93
-95
-91
-91
-88
-88
-86
-84
-80
-74
-71
-63
-55
-41
-26
-6
11
29
47
64
84
96
113
118
124
127
129
134
132
137
133
133
130
127
123
112
100
81
66
46
32
14
-3
-21
-39
-53
-65
-76
-90
-100
-112
-114
-115
-111
-107
-103
-98
-94
-83
-70
-57
-46
-39
-36
-31
-27
-21
-17
-14
-13
-11
-10
-8
-4
-2
0
-1
0
0
1
1
3
7
7
14
14
20
22
29
35
37
42
39
42
41
44
48
54
64
69
77
76
71
65
52
45
36
37
38
39
45
44
50
49
51
50
47
47
44
42
39
31
21
8
-7
-23
-42
-60
-78
-93
-106
-118
-127
-139
-146
-153
-157
-159
-160
-161
-158
-153
-142
-128
-112
-96
-83
-66
-52
-31
-14
4
22
35
53
65
80
92
100
113
119
130
137
144
151
152
156
155
158
157
157
157
153
154
145
142
131
122
113
96
85
64
49
29
12
-5
-23
-35
-52
-60
-72
-79
-83
-87
-87
-87
-85
-83
-80
-80
-78
-78
-78
-81
-84
-90
-95
-102
-109
-114
-120
-128
-133
-140
-142
-144
-143
-142
-141
-136
-130
-121
-111
-101
-91
-81
-69
-57
-43
-30
-18
-5
8
22
36
50
62
75
85
96
106
118
132
147
162
178
192
203
215
223
233
239
243
242
238
231
218
205
185
164
138
110
82
55
29
5
-17
-38
-58
-74
-89
-104
-115
-125
-132
-138
-140
-142
-145
-143
-145
-141
-139
-135
-132
-129
-125
-123
-119
-119
-117
-118
-119
-119
-119
-117
-113
-110
-106
-101
-96
-91
-85
-79
-70
-62
-52
-44
-33
-21
-9
7
18
34
49
64
79
96
110
125
138
150
163
176
190
202
211
218
221
223
222
218
210
199
186
171
155
138
118
99
76
55
34
14
-5
-24
-40
-57
-71
-81
-90
-98
-105
-110
-114
-118
-122
-126
-129
-133
-136
-139
-140
-140
-140
-139
-139
-137
-134
-133
-132
-131
-131
-130
-129
-127
-126
-122
-117
-112
-105
-97
-90
-83
-73
-65
-54
-45
-32
-18
-4
13
29
47
61
79
94
111
127
143
159
176
192
206
219
228
235
237
238
237
234
229
219
209
193
180
160
141
120
100
79
60
41
22
4
-15
-32
-47
-60
-71
-80
-86
-90
-94
-96
-100
-106
-111
-118
-123
-130
-135
-141
-146
-150
-156
-159
-164
-167
-170
-169
-168
-163
-158
-150
-143
-135
-125
-116
-106
-96
-84
-73
-60
-46
-33
-17
-3
12
26
40
52
65
76
88
100
110
122
133
144
155
164
172
179
184
186
186
185
185
182
179
175
169
164
154
144
132
119
105
90
75
60
47
32
19
2
-10
-23
-37
-49
-61
-72
-83
-92
-103
-111
-119
-128
-136
-146
-153
-163
-171
-179
-184
-191
-197
-201
-204
-203
-204
-200
-195
-189
-179
-167
-153
-138
-120
-100
-79
-57
-33
-11
12
33
54
74
93
108
123
135
146
155
163
170
176
180
184
185
185
183
180
176
170
165
158
151
144
135
128
121
113
104
96
88
78
69
58
49
39
29
20
12
3
-6
-12
-23
-30
-39
-50
-59
-69
-78
-88
-96
-104
-112
-120
-126
-133
-139
-147
-154
-160
-166
-169
-175
-177
-180
-181
-181
-180
-176
-174
-166
-159
-149
-136
-121
-105
-88
-68
-49
-27
-9
11
28
46
63
77
93
104
118
128
137
145
152
159
162
165
165
166
164
162
159
155
152
149
145
139
136
130
126
120
116
111
105
100
92
87
77
71
62
54
47
38
30
22
13
3
-5
-16
-24
-36
-45
-55
-65
-75
-84
-94
-104
-113
-122
-133
-143
-151
-159
-167
-172
-176
-179
-180
-178
-174
-169
-163
-156
-147
-135
-124
-111
-99
-86
-72
-59
-47
-34
-22
-12
0
10
19
28
36
43
50
57
61
66
70
76
80
84
88
92
96
99
103
105
108
109
110
111
112
113
112
113
111
108
105
100
97
91
86
80
74
68
63
57
52
45
40
33
28
21
14
8
0
-8
-15
-23
-31
-39
-47
-54
-60
-66
-72
-78
-83
-88
-94
-99
-103
-107
-109
-111
-113
-112
-112
-110
-108
-105
-102
-99
-94
-91
-85
-80
-72
-66
-58
-50
-41
-33
-25
-15
-7
2
8
17
24
31
39
43
50
55
60
64
67
71
75
78
80
83
86
89
91
91
92
92
92
90
88
86
84
81
78
74
71
67
62
59
54
50
43
37
32
26
18
12
5
-2
-8
-14
-20
-25
-31
-37
-42
-46
-53
-57
-63
-68
-73
-77
-82
-85
-90
-94
-98
-101
-103
-105
-107
-107
-107
-106
-103
-100
-96
-91
-85
-79
-71
-62
-53
-43
-34
-24
-15
-5
5
14
23
31
40
48
56
62
68
73
79
83
86
90
93
95
96
98
98
98
98
97
94
93
90
88
84
80
76
73
69
63
60
55
50
46
41
36
30
26
20
15
9
4
-1
-7
-12
-17
-23
-28
-35
-40
-45
-48
-54
-58
-61
-65
-68
-72
-75
-78
-81
-83
-85
-87
-87
-89
-89
-88
-88
-86
-85
-81
-77
-75
-70
-66
-60
-55
-50
-44
-39
-32
-25
-19
-13
-7
-1
4
11
15
21
26
31
36
40
44
46
49
52
55
57
59
61
62
64
66
68
68
71
72
73
73
73
72
71
70
69
68
65
61
59
55
51
47
43
39
33
28
22
18
12
6
0
-5
-10
-17
-22
-28
-32
-36
-40
-44
-48
-51
-54
-56
-60
-61
-62
-65
-65
-66
-67
-67
-65
-64
-63
-60
-58
-56
-53
-49
-46
-43
-40
-37
-32
-29
-25
-23
-19
-17
-13
-10
-7
-5
-2
1
4
8
10
13
18
21
25
29
33
37
41
44
46
49
52
54
55
55
56
55
55
53
51
49
46
43
40
37
34
31
29
27
24
22
19
18
16
14
13
10
9
8
5
3
2
-1
-3
-6
-8
-9
-13
-16
-18
-21
-23
-26
-28
-30
-31
-32
-33
-33
-34
-34
-34
-35
-34
-33
-33
-33
-33
-31
-31
-31
-30
-29
-29
-27
-26
-26
-24
-23
-22
-21
-19
-18
-17
-16
-14
-12
-11
-9
-6
-4
-3
0
2
5
6
9
12
14
16
19
20
22
24
25
27
30
31
32
33
34
35
36
36
37
37
37
37
38
38
36
36
35
33
31
30
26
25
23
20
16
13
11
7
3
0
-3
-6
-9
-12
-15
-17
-18
-20
-21
-23
-23
-25
-26
-26
-27
-27
-27
-27
-27
-26
-27
-26
-27
-27
-27
-26
-27
-27
-28
-27
-27
-27
-27
-27
-27
-26
-25
-24
-23
-21
-18
-17
-14
-11
-9
-6
-2
0
3
7
9
13
16
19
21
24
26
29
30
32
35
36
38
39
39
40
41
40
40
40
39
38
36
35
32
30
27
25
22
18
16
12
9
5
3
-1
-4
-7
-9
-12
-14
-17
-17
-20
-21
-22
-23
-24
-24
-24
-25
-25
-25
-25
-25
-25
-25
-26
-26
-26
-26
-25
-27
-27
-27
-27
-26
-26
-25
-24
-23
-23
-21
-20
-18
-17
-14
-12
-10
-7
-5
-3
0
3
5
7
10
13
14
16
18
20
22
24
25
27
29
29
31
32
33
33
33
33
34
33
33
32
32
30
28
27
26
23
22
20
18
15
14
11
8
7
4
3
0
-2
-4
-6
-8
-10
-12
-14
-16
-17
-20
-20
-23
-24
-25
-26
-28
-29
-30
-31
-31
-32
-32
-32
-32
-30
-30
-30
-28
-27
-26
-25
-23
-21
-18
-16
-14
-12
-9
-7
-4
-2
1
3
5
8
10
12
13
16
19
20
22
23
25
25
27
28
29
29
30
31
30
30
31
30
29
29
28
27
26
25
24
22
21
19
18
15
15
12
10
8
6
4
1
-2
-4
-5
-8
-10
-12
-15
-17
-20
-21
-24
-24
-26
-27
-29
-30
-30
-31
-30
-32
-31
-31
-30
-29
-28
-27
-26
-24
-23
-21
-19
-18
-16
-14
-13
-11
-9
-7
-6
-3
-3
0
1
3
4
6
7
8
9
11
13
14
15
16
18
20
20
21
22
23
24
25
26
26
26
26
26
25
26
25
23
23
22
21
19
17
17
15
13
10
9
7
5
2
0
-1
-3
-5
-6
-8
-10
-12
-13
-14
-15
-16
-18
-17
-20
-19
-20
-19
-19
-19
-19
-19
-19
-18
-17
-17
-16
-16
-15
-14
-13
-11
-11
-10
-9
-7
-7
-6
-5
-3
-3
-1
-1
0
1
2
2
4
4
5
6
6
7
7
8
8
9
8
10
10
10
10
11
10
11
10
11
11
11
11
10
10
9
10
8
9
7
7
7
6
6
5
4
4
2
2
1
0
0
-1
-1
-2
-3
-4
-4
-5
-5
-6
-6
-6
-6
-6
-6
-6
-7
-7
-6
-6
-6
-6
-6
-5
-7
-6
-6
-5
-5
-5
-5
-4
-5
-5
-4
-4
-4
-4
-4
-3
-3
-4
-3
-3
-2
-3
-2
-2
-1
-1
-1
-1
0
1
1
2
1
2
3
4
4
4
4
5
6
7
7
7
7
8
7
7
8
8
8
7
8
8
8
7
6
6
5
5
5
5
3
3
2
2
2
0
0
0
0
0
-1
-2
-3
-3
-3
-3
-2
-3
-3
-3
-4
-3
-3
-4
-4
-4
-5
-4
-4
-5
-6
-5
-5
-5
-6
-6
-6
-6
-6
-6
-6
-5
-4
-4
-4
-4
-3
-3
-2
-2
-2
0
1
1
1
0
1
1
2
3
2
3
4
4
3
4
3
4
4
4
4
5
4
5
4
5
4
5
5
4
5
5
5
5
5
5
4
4
4
4
3
3
2
2
1
1
0
0
0
-1
-2
-2
-3
-3
-3
-4
-5
-6
-5
-6
-6
-7
-7
-7
-7
-6
-7
-7
-7
-7
-6
-6
-6
-6
-5
-4
-5
-5
-4
-3
-3
-2
-2
-2
0
-1
0
1
1
1
1
2
3
3
3
4
4
4
5
5
5
4
5
5
5
6
5
6
6
7
6
7
7
6
6
7
6
6
6
6
5
5
5
5
4
4
4
3
3
2
1
1
1
0
-1
-1
-1
-3
-3
-2
-3
-4
-4
-5
-5
-6
-6
-6
-6
-7
-7
-7
-6
-8
-7
-8
-7
-8
-7
-7
-8
-8
-7
-7
-6
-7
-6
-6
-5
-5
-5
-3
-3
-3
-2
-1
-1
0
1
2
2
3
4
4
5
6
6
6
7
7
8
8
8
8
9
10
10
10
10
10
9
9
9
8
8
8
7
7
6
5
5
4
4
3
3
2
1
0
0
0
-1
-1
-2
-3
-4
-3
-4
-4
-5
-5
-5
-6
-6
-7
-6
-6
-7
-7
-8
-8
-7
-7
-8
-8
-7
-8
-7
-7
-7
-6
-7
-6
-5
-6
-5
-5
-5
-4
-3
-2
-3
-1
0
0
0
1
1
1
3
3
3
5
5
6
6
7
7
6
7
7
7
8
8
8
8
8
7
7
6
6
6
6
6
5
5
5
4
4
3
3
3
3
2
1
1
0
0
0
-1
-2
-1
-2
-2
-2
-3
-3
-3
-5
-3
-4
-4
-4
-5
-4
-5
-5
-5
-5
-5
-4
-6
-4
-5
-5
-4
-4
-3
-4
-4
-4
-3
-3
-3
-3
-1
-1
-1
0
-1
-1
0
0
0
1
1
1
2
2
2
2
2
2
3
2
3
3
3
2
3
3
3
2
2
2
3
2
2
1
2
2
2
2
2
1
1
2
2
1
1
1
1
1
1
1
1
0
0
1
1
1
0
0
0
-1
0
0
-1
-1
-1
-1
-1
-1
-1
-1
-1
-2
-2
-2
-2
-2
-2
-2
-2
-2
-1
-2
-2
-2
-2
-2
-1
-1
-1
-2
-1
-2
-1
-1
-1
-1
0
-1
-1
0
0
0
0
1
1
1
0
1
1
1
1
2
1
3
2
2
2
3
3
2
2
2
1
3
3
2
2
2
3
2
2
2
3
2
2
2
2
1
1
1
0
0
0
0
-1
0
-1
0
-1
-1
-1
-1
-2
-2
-3
-3
-3
-3
-3
-3
-3
-3
-3
-2
-3
-3
-3
-3
-3
-3
-2
-2
-2
-3
-2
-2
-2
-2
-2
-1
-2
-1
0
-1
0
0
0
0
0
1
1
0
1
2
2
1
2
2
3
3
3
3
3
2
3
3
4
3
4
3
2
3
3
3
3
3
2
2
2
1
1
2
1
1
1
0
1
0
0
0
0
-1
-2
-1
-1
-2
-1
-2
-2
-2
-2
-3
-2
-2
-2
-2
-3
-2
-3
-2
-3
-3
-3
-3
-3
-3
-2
-2
-3
-2
-3
-2
-1
-2
-2
-1
-1
-1
-1
0
0
0
0
0
0
1
2
1
2
1
2
2
2
3
2
3
3
3
2
4
4
3
3
3
3
3
2
3
3
2
3
3
2
2
2
2
2
2
2
1
1
0
1
0
0
-1
-1
-1
0
0
-1
-2
-2
-2
-2
-2
-2
-2
-3
-3
-2
-3
-3
-2
-3
-2
-3
-3
-3
-3
-3
-2
-2
-3
-3
-2
-3
-2
-2
-2
-1
-2
0
-2
-1
0
0
0
1
0
0
1
1
2
2
2
1
2
2
2
2
2
2
2
2
2
2
2
2
2
2
3
2
2
2
2
2
2
1
2
1
0
0
0
0
0
0
1
-1
0
-1
-1
-1
0
-1
-1
-1
-1
-2
-1
-1
-2
-1
-1
-1
-1
-1
-1
-1
-1
-2
-1
-1
0
-1
-1
-1
0
0
-1
0
1
0
1
0
-1
2
0
0
0
1
1
0
0
1
1
1
1
1
1
0
0
1
1
1
1
1
0
0
0
0
0
0
-1
-1
0
-1
-1
-1
-1
0
-1
-1
-1
0
-2
-1
-2
-1
-2
-1
-1
-1
-1
-2
-1
-1
-2
-1
-1
-1
-2
0
-1
-1
0
0
0
0
0
0
1
1
1
1
1
1
1
1
2
1
2
2
2
1
2
2
2
2
2
1
2
2
2
1
1
2
1
1
1
0
0
1
1
0
0
0
0
0
0
-1
0
-1
0
-1
-1
0
0
0
-1
-1
-1
-1
-1
-1
-1
-1
-1
-1
-2
-1
-1
-1
-1
-1
-1
-1
-1
-1
-2
0
-1
-1
0
-1
0
0
0
-1
-1
0
0
0
0
-1
0
0
1
1
0
1
0
1
0
1
1
0
1
1
0
1
1
1
2
1
1
0
0
0
1
0
1
1
1
1
0
1
1
0
0
0
0
0
-1
0
1
1
0
1
0
0
1
1
0
1
0
0
0
0
1
1
0
0
1
0
0
0
1
0
0
0
0
0
0
-1
-1
-1
0
-1
-1
-2
-1
-1
-1
-1
-1
-2
-1
-2
-2
-1
-1
-1
-1
-2
-2
-2
-2
-1
-1
-2
0
0
-2
-1
-1
-1
-1
-1
0
-1
-1
0
-1
0
0
0
0
0
1
1
0
1
1
1
1
0
1
1
2
1
1
2
1
1
2
2
2
2
1
2
2
1
2
2
2
2
1
2
1
1
2
1
2
1
1
0
0
0
1
0
0
-1
1
0
-1
-1
-1
-2
-2
-2
-1
-1
-1
-1
-1
-2
-2
-3
-2
-2
-2
-3
-3
-2
-2
-2
-2
-1
-2
-1
-1
-1
-1
0
0
-1
0
0
0
0
0
1
1
1
1
1
2
2
0
1
2
2
2
2
2
2
1
1
2
1
2
2
2
2
1
0
1
1
1
1
1
1
0
0
0
0
0
0
0
0
0
0
-1
-1
0
-1
0
0
-1
-1
-1
-1
0
-1
-1
-2
-1
-1
-1
-1
-2
-1
-1
-1
-1
0
-1
-1
0
0
-1
-1
0
0
-1
0
0
0
0
0
0
1
0
1
1
0
0
1
1
1
0
1
1
1
1
1
1
1
2
1
1
1
1
1
0
2
1
1
1
1
0
1
0
0
0
1
0
0
0
-1
-1
-1
0
0
0
0
0
0
-1
-1
-1
0
-1
-1
-1
-1
-1
-1
-1
-1
-1
-1
-1
0
-1
-1
-1
-1
-1
0
-1
-1
0
-1
-1
-1
0
0
0
0
0
0
0
0
1
0
0
0
0
1
0
-1
0
1
1
1
1
0
1
1
1
1
0
0
1
0
0
1
1
1
0
1
1
0
1
1
1
0
0
0
0
1
0
0
0
0
0
0
1
0
0
0
0
0
0
0
0
-1
0
0
0
0
-1
0
0
-1
-1
0
0
-1
-1
-1
0
0
0
-1
0
-1
0
-1
0
0
0
0
0
-1
0
0
-1
-1
-1
-1
0
-1
0
0
0
0
0
-1
0
0
-1
0
-1
0
0
0
0
0
0
-1
0
0
1
1
1
0
1
1
1
1
1
1
1
1
1
1
1
1
1
1
0
1
0
1
0
1
1
1
1
1
0
1
0
0
1
0
0
1
0
0
0
0
0
1
0
0
0
0
-1
-1
-1
-1
-1
0
0
-1
-1
-1
-1
-1
-1
-1
-1
-1
0
0
-1
-1
-1
-1
-1
-1
0
-1
-1
-1
0
0
-1
0
0
0
0
0
0
0
0
-1
0
0
0
0
0
1
1
0
1
0
0
0
1
1
1
0
1
1
1
1
1
1
0
1
1
1
1
1
1
0
0
0
1
0
1
0
0
0
0
0
1
0
0
0
0
0
0
-1
-1
0
-1
0
-1
0
-1
-1
-1
-1
0
0
-1
-1
0
-1
0
-1
0
0
-1
0
0
0
0
0
0
0
0
0
0
0
0
-1
1
-1
0
0
0
0
0
0
0
0
1
0
1
0
0
0
1
0
0
0
0
0
1
0
0
1
0
0
0
1
1
0
0
1
1
0
1
0
0
0
1
0
0
0
0
0
0
-1
-1
-1
-1
0
0
0
-1
0
-1
0
0
0
0
-1
-1
0
-1
0
1
-1
0
1
0
0
-1
0
-1
0
0
0
-1
0
1
-1
0
0
0
0
-1
0
1
0
-1
1
1
0
1
-1
0
0
1
0
0
-1
1
0
0
1
0
0
0
0
1
0
0
0
0
1
0
-1
0
-1
0
1
0
1
-1
0
1
0
0
0
0
0
-1
0
0
0
0
0
0
0
0
0
0
-1
0
1
0
1
0
-1
0
0
1
0
0
0
0
0
0
-1
0
-1
0
0
0
0
0
0
0
1
0
1
0
0
0
0
0
-1
0
0
0
0
0
-1
0
0
0
0
0
0
1
0
0
0
0
1
-1
0
0
0
0
0
0
0
0
-1
0
1
0
0
0
0
0
0
0
0
0
0
0
0
0
0
0
-1
1
0
0
0
-1
0
0
0
1
0
0
0
-1
0
0
0
0
1
1
0
1
0
0
-1
0
-1
0
0
0
0
0
0
0
0
0
0
0
0
0
1
0
0
0
0
0
0
0
0
0
0
0
0
0
0
0
0
0
0
1
0
0
0
1
0
0
0
0
0
0
0
0
1
1
0
0
1
0
0
0
0
0
1
0
0
-1
1
0
-1
-1
0
0
0
0
0
1
0
1
0
0
0
1
0
-1
0
-1
0
0
-1
0
0
0
-1
0
0
0
0
0
0
0
0
1
-1
0
0
0
0
-1
0
0
0
0
0
1
0
0
0
0
0
0
0
0
1
1
0
0
0
0
0
0
0
0
0
1
0
-1
0
0
0
0
0
0
0
0
0
0
1
0
1
1
1
0
0
0
0
0
0
0
0
0
0
0
0
-1
0
0
0
-1
0
-1
0
0
0
0
0
0
0
-1
1
0
1
0
0
0
0
1
1
0
-1
0
1
-1
0
0
0
0
0
0
0
0
0
0
0
0
0
1
-1
0
0
0
0
0
0
0
-1
0
-1
0
0
0
0
0
-1
0
1
0
0
0
1
0
0
0
0
0
0
0
0
0
0
0
0
0
0
1
0
1
0
-1
-1
-1
0
0
0
0
0
0
0
-1
0
0
1
-1
0
1
0
0
0
0
0
0
0
-1
0
0
0
0
0
0
0
0
0
0
0
0
0
0
0
0
0
0
0
0
0
0
1
0
1
0
0
0
1
0
0
-1
1
0
-1
0
0
-1
0
0
0
0
-1
0
0
0
0
1
0
0
0
1
0
0
1
-1
0
0
0
0
0
0
-1
0
1
0
0
0
1
-1
0
0
0
-1
0
0
0
-1
0
1
0
-1
0
0
-1
-1
0
0
0
0
-1
-1
-1
0
0
0
0
0
0
0
0
0
1
0
-1
0
1
0
1
0
0
0
-1
0
0
0
0
0
0
-1
1
0
0
0
0
1
0
0
0
-1
0
1
0
0
0
0
0
0
0
0
0
0
-1
1
-1
0
1
0
0
0
0
0
0
0
0
0
0
0
0
0
0
0
1
0
0
0
0
-1
1
0
-1
0
0
0
0
0
0
0
0
0
0
-1
0
0
0
-1
0
0
1
1
0
0
0
0
-1
0
1
0
-1
0
0
0
0
-1
0
0
0
0
0
-1
-1
0
0
0
0
1
0
0
0
0
-1
0
0
0
0
0
0
0
0
1
0
-1
0
0
-1
0
0
0
0
0
0
0
0
0
0
0
1
0
0
0
0
-1
-1
0
-1
0
0
0
-1
0
0
0
0
1
1
-1
0
0
-1
-1
0
0
-1
0
0
-1
0
0
-1
1
-1
0
0
-1
0
0
0
0
0
0
0
