1
0
0
0
0
0
0
0
0
0
0
0
0
0
0
1
0
-1
0
0
0
0
0
0
-1
0
0
-1
0
0
0
0
0
0
0
1
1
0
0
0
0
0
0
0
-1
0
0
0
0
0
0
-1
-1
0
0
0
0
0
1
0
1
-1
0
0
-1
0
0
0
1
0
0
0
0
0
0
0
1
0
1
0
0
0
-1
-1
0
0
0
0
1
0
-1
0
0
0
0
1
0
-1
0
0
0
0
0
1
0
0
0
0
0
0
0
0
0
0
1
0
0
0
0
0
0
0
0
0
0
0
0
0
-1
-1
0
0
0
0
0
0
-1
0
0
-1
0
0
0
0
0
0
0
0
0
0
0
0
0
0
0
0
0
-1
0
0
1
0
0
-1
1
0
0
0
0
0
0
0
0
0
0
-1
1
0
0
-1
0
0
0
1
0
-1
0
0
0
0
0
0
0
1
-1
0
-1
0
-1
-1
0
0
0
1
0
0
0
0
0
1
0
-1
-1
0
0
0
0
0
0
0
-1
0
-1
0
1
0
0
0
0
1
0
0
0
0
0
-1
-1
0
0
0
0
-1
0
1
0
1
0
0
0
0
-1
0
0
0
-1
0
0
0
0
0
0
0
0
-1
0
0
0
1
0
1
0
-1
0
1
0
0
-1
0
0
0
0
0
0
1
0
1
0
0
0
0
0
1
0
1
0
0
0
1
0
0
0
0
0
-1
0
0
0
0
0
0
0
0
0
-1
0
0
0
0
0
0
0
0
0
0
1
0
1
0
0
1
0
0
1
0
0
1
0
0
1
0
0
0
0
0
0
0
0
0
0
0
1
0
0
-1
0
0
-1
0
-1
0
0
1
1
0
0
0
-1
0
0
0
0
0
0
1
0
0
-1
0
0
0
0
-1
0
1
0
0
0
0
0
-1
0
0
0
0
0
0
0
1
0
0
0
0
0
-1
0
0
0
0
0
1
0
0
0
0
0
0
0
1
0
-1
0
-1
1
0
0
0
0
-1
0
0
0
0
0
0
-1
1
0
0
0
1
0
-1
0
0
1
0
-1
0
0
1
0
0
-1
0
0
-1
0
0
0
0
1
-1
1
0
-1
0
0
0
0
0
0
1
0
0
0
-1
-1
0
1
0
1
0
0
0
0
0
0
1
0
0
-1
0
0
0
0
0
0
0
0
1
-1
0
-1
0
0
0
1
0
0
0
0
1
0
0
0
0
0
0
1
0
1
0
0
0
-1
1
-1
0
-1
0
0
0
1
-1
1
0
0
-1
-1
1
-2
1
-2
1
-1
0
1
0
1
-1
2
-1
1
0
0
1
0
1
-1
1
-1
1
0
0
0
0
0
0
0
-1
0
0
1
-1
1
0
0
0
0
0
0
0
0
1
0
1
-2
1
0
0
0
-1
1
-2
1
-2
1
-1
0
0
0
0
0
1
-1
0
0
0
2
0
1
0
0
1
0
0
-1
0
0
-1
0
-1
1
0
0
-1
0
1
0
1
-1
1
-1
0
1
-1
0
-1
1
0
1
0
-1
0
0
0
0
1
0
0
0
-1
0
1
0
0
0
0
2
-1
1
-1
0
1
-1
0
0
0
0
1
0
-1
2
-1
2
-1
0
0
0
2
-1
3
0
1
0
-1
2
-2
2
-2
1
0
1
1
-2
3
-3
2
-1
0
2
-2
2
-1
1
1
-1
3
-3
3
-3
1
2
-5
6
-6
4
-2
1
2
-2
3
-3
3
-3
2
-2
2
-2
2
1
-2
2
-4
4
-2
1
1
-1
3
-2
3
-2
2
0
1
0
-1
1
-2
1
0
0
2
-2
1
-1
0
-1
3
-2
4
-2
-1
5
-7
8
-6
2
4
-6
4
-1
-3
4
-1
-3
8
-11
10
-7
2
3
-6
7
-8
8
-9
8
-9
10
-9
6
-3
1
0
0
3
-5
7
-8
9
-10
10
-7
4
0
-1
-2
6
-8
5
-2
-1
5
-7
9
-9
8
-5
2
-1
1
-2
1
1
-5
5
-4
1
3
-8
9
-5
-3
14
-21
20
-11
-1
9
-12
8
-3
2
-4
10
-15
16
-12
6
1
-3
2
3
-5
5
-2
-3
8
-12
9
1
-10
17
-17
11
1
-13
19
-20
14
-6
1
-2
5
-8
4
4
-13
16
-14
8
-5
3
-2
0
2
-6
8
-7
3
4
-10
12
-5
-6
17
-23
20
-11
-3
18
-29
30
-22
9
2
-9
8
-6
2
2
-7
16
-26
35
-34
24
-7
-12
22
-23
18
-10
4
-3
3
-2
0
1
-2
-1
5
-10
13
-12
9
-4
-1
1
1
-7
9
-9
5
-1
-3
4
-7
11
-13
10
-2
-3
3
2
-9
15
-20
21
-17
11
-3
1
1
-4
12
-19
17
-8
2
3
-3
4
-4
3
1
-4
3
1
-6
6
-1
-6
10
-14
13
-10
6
-6
6
-4
-4
14
-17
10
1
-5
0
10
-13
9
-6
9
-12
11
-2
-8
9
-5
-1
2
1
-6
12
-15
13
-7
-4
12
-11
4
6
-14
15
-9
-1
7
-9
5
3
-11
11
-10
8
-7
3
4
-13
17
-16
9
-1
-8
15
-13
4
6
-12
10
-4
-2
4
-7
9
-8
1
3
1
-11
14
-5
-10
19
-15
7
-7
13
-18
17
-11
11
-13
10
-3
-3
4
-4
2
-3
5
-3
-5
9
-4
-4
6
7
-23
26
-6
-20
31
-25
14
-7
5
2
-16
29
-30
22
-10
0
6
-14
25
-36
38
-26
8
13
-26
27
-18
5
12
-27
33
-25
9
11
-31
41
-39
34
-30
29
-22
2
27
-47
54
-58
64
-65
55
-36
11
18
-43
55
-50
34
-17
7
-2
-2
6
-11
17
-15
3
15
-26
27
-22
10
-8
18
-27
23
-7
-10
21
-22
20
-22
21
-12
0
5
-7
6
-1
-4
5
0
-3
0
15
-30
30
-13
-12
33
-38
23
3
-20
22
-13
3
0
4
-9
7
3
-16
19
-10
-5
10
-3
-8
18
-23
22
-17
15
-9
-5
18
-25
32
-38
43
-42
31
-16
8
-9
10
-4
-5
17
-31
40
-41
34
-24
13
-6
-4
13
-15
2
14
-18
10
0
-4
7
-13
20
-17
6
0
9
-25
40
-40
26
-3
-18
30
-34
35
-36
33
-21
3
10
-11
-1
13
-16
11
-5
1
6
-11
15
-13
11
-7
7
-10
12
-10
4
2
-12
20
-22
17
-9
6
-5
1
10
-22
26
-14
-6
21
-26
29
-32
41
-49
43
-21
-7
28
-36
36
-37
43
-48
34
-9
-8
6
2
4
-23
36
-24
-7
32
-35
25
-23
24
-17
2
17
-30
29
-22
18
-16
11
-4
-7
21
-25
15
-2
-9
16
-19
19
-13
-1
19
-29
32
-26
11
1
-8
10
-13
22
-32
35
-24
4
14
-20
11
-1
-1
3
-10
17
-13
-7
35
-53
50
-38
17
8
-29
45
-56
56
-49
37
-19
-7
30
-39
30
-7
-15
23
-26
30
-31
23
-11
0
7
-8
13
-16
5
4
2
-15
27
-35
40
-41
34
-21
0
17
-34
48
-49
36
-20
14
-18
25
-21
3
15
-17
1
18
-20
7
8
-12
15
-24
36
-29
8
8
-10
3
-1
12
-25
20
1
-16
17
-13
16
-27
30
-5
-35
57
-52
29
-5
-8
9
-9
6
1
-4
-4
11
-5
-14
27
-17
-12
31
-20
-1
11
-11
8
-3
-5
16
-21
15
3
-17
26
-28
20
-9
8
-8
7
0
-18
41
-46
29
-4
-12
12
-3
-2
3
-3
-2
7
-13
24
-42
53
-45
17
21
-43
42
-32
28
-21
13
-10
6
-5
7
-5
-7
26
-43
51
-38
4
24
-34
21
8
-37
44
-27
3
13
-17
16
-14
4
11
-19
12
7
-23
26
-24
30
-38
33
-12
-12
20
-3
-13
8
9
-22
25
-13
-1
3
4
1
-18
25
-14
-8
29
-38
32
-15
-4
20
-28
31
-30
21
-1
-15
17
-12
4
2
0
-3
-1
5
0
-5
7
-10
18
-24
19
-1
-15
10
10
-30
36
-20
-11
32
-36
34
-30
27
-17
-3
19
-14
-7
28
-40
42
-28
9
7
-20
34
-45
44
-34
17
-4
-3
5
-10
14
-15
14
-19
22
-22
15
-8
-2
19
-37
37
-12
-24
48
-43
19
-4
11
-25
21
3
-18
8
8
-8
-14
38
-40
22
-5
9
-29
48
-32
-16
54
-56
31
-6
4
-18
10
19
-38
42
-35
17
1
-12
29
-41
41
-37
28
-14
8
-8
2
0
3
-3
6
-6
-10
37
-56
59
-46
24
-4
-13
34
-45
41
-24
5
3
1
-2
-11
32
-47
45
-26
-2
29
-51
72
-82
78
-65
44
-14
-17
42
-58
63
-55
34
8
-70
117
-116
70
2
-63
84
-75
69
-66
55
-31
4
18
-32
49
-70
71
-37
-8
34
-36
30
-31
37
-35
24
-9
-8
19
-21
22
-34
43
-31
10
5
-18
32
-41
39
-22
-16
49
-51
29
-3
-10
0
23
-36
35
-29
22
-4
-28
64
-81
58
-14
-26
56
-79
86
-62
10
43
-73
75
-57
32
-9
-5
15
-23
32
-21
-6
24
-16
-5
14
-15
18
-24
24
-14
5
-3
-3
22
-40
46
-39
29
-22
9
20
-58
78
-65
30
8
-38
63
-76
63
-23
-27
56
-47
15
16
-29
31
-33
36
-26
1
30
-54
67
-76
87
-93
71
-11
-58
107
-125
110
-76
36
-5
-11
18
-18
13
-10
18
-42
61
-49
8
36
-58
62
-57
41
-17
-6
24
-44
64
-72
61
-29
-8
33
-39
33
-16
-4
19
-33
49
-63
59
-34
-7
43
-51
36
-17
1
23
-55
76
-67
31
3
-19
23
-33
47
-46
22
4
-12
9
-7
10
-8
-11
34
-39
29
-20
18
-15
11
-4
-7
23
-37
44
-43
38
-34
29
-18
0
22
-45
59
-61
55
-44
19
13
-35
40
-35
27
-27
31
-32
27
-23
20
-12
-9
37
-51
39
-15
4
-1
-19
57
-80
62
-18
-19
25
-16
19
-38
51
-37
5
17
-12
-6
14
-11
-1
11
-10
-1
14
-21
12
-1
7
-29
35
-12
-20
39
-37
22
-5
-11
23
-22
2
15
-8
-15
29
-23
9
5
-10
7
-7
8
-15
21
-21
4
20
-34
31
-26
25
-18
-1
24
-32
13
20
-38
30
-5
-11
4
25
-49
41
-3
-34
41
-23
0
6
7
-25
40
-44
33
-10
-6
5
3
-6
2
6
-13
12
-11
7
6
-18
13
8
-30
37
-29
21
-19
23
-21
7
4
-9
8
-5
3
-8
16
-16
6
-4
9
-13
8
0
-2
-6
16
-14
10
-13
15
-7
-10
23
-26
19
-8
2
-4
13
-25
35
-25
3
17
-21
16
-8
1
12
-28
32
-12
-21
38
-23
-6
22
-19
6
-1
5
-1
-18
36
-40
31
-18
10
-7
6
-7
4
2
-9
14
-14
15
-9
-9
25
-23
4
10
3
-29
35
-9
-15
11
21
-44
37
-11
-6
5
-2
11
-25
31
-22
5
9
-20
30
-38
40
-33
30
-42
55
-47
14
26
-45
34
-18
20
-36
50
-49
31
-3
-28
60
-78
72
-45
12
10
-17
19
-27
41
-46
37
-22
14
-16
21
-16
3
7
-6
-3
7
-4
3
-12
24
-27
18
-7
-4
16
-32
46
-45
33
-25
30
-30
14
12
-33
40
-37
28
-16
-5
18
-3
-32
53
-45
20
-6
14
-44
69
-71
43
4
-44
56
-42
30
-28
33
-36
38
-44
44
-32
12
10
-30
32
-9
-26
41
-32
16
-16
31
-22
-17
53
-47
9
27
-30
0
21
-13
-9
23
-15
-5
26
-41
48
-38
13
12
-27
41
-59
68
-50
3
45
-68
75
-72
60
-48
42
-30
5
20
-25
2
24
-26
13
-10
17
-17
-1
23
-38
45
-48
38
-11
-9
9
-8
14
-26
24
-4
-13
12
0
-8
-1
12
-12
8
-10
17
-14
2
9
-13
12
-26
51
-63
59
-46
26
-11
4
15
-32
29
-30
48
-69
79
-75
48
-12
-14
17
-7
-1
0
16
-32
41
-23
-13
22
-3
-13
7
13
-32
33
-11
-13
20
-2
-14
13
10
-30
19
6
-8
-12
20
-11
5
-8
3
6
-5
-13
25
-5
-32
59
-56
42
-31
32
-29
9
8
-27
39
-38
26
-8
5
-11
23
-38
40
-24
7
-4
7
-6
3
-3
8
-29
46
-53
48
-32
12
-2
5
3
-12
22
-31
28
-6
-21
12
14
-36
44
-29
18
-24
3
40
-49
23
2
-9
6
-8
11
-1
-8
9
-11
13
-25
41
-33
-2
36
-60
51
-3
-37
43
-25
4
-9
48
-53
3
43
-55
35
-30
51
-58
35
4
-45
80
-88
64
-34
15
-10
-9
44
-51
41
-26
33
-44
23
20
-52
55
-49
27
-31
47
-38
22
-5
-11
16
-1
-11
-7
37
-58
39
7
-30
2
23
-9
-10
34
-26
-8
14
-20
32
-48
60
-58
34
6
-28
28
-24
12
-16
31
-36
13
19
-36
41
-18
-2
-12
23
-10
-8
33
-47
44
-37
33
-23
17
-28
33
-26
14
-16
14
-4
6
-11
26
-34
21
-3
0
-9
-5
22
-35
21
6
-19
15
0
-21
29
-15
9
-20
29
-30
14
3
-14
19
-18
21
-15
22
-38
47
-36
22
-1
-6
-1
-1
20
-39
47
-29
-10
32
-21
-5
17
-6
-10
-3
14
-15
0
27
-34
18
2
-8
18
-29
48
-38
18
2
-21
39
-60
61
-42
4
29
-38
28
-27
26
-17
13
-11
5
-2
-8
1
14
-17
5
15
-23
16
10
-31
40
-32
2
11
17
-29
24
-15
8
-9
2
33
-59
33
-5
-14
42
-37
27
-14
-6
22
-25
16
-7
8
-17
7
-4
2
-15
12
6
-4
2
8
-4
6
-2
21
-47
48
-29
-12
37
-49
21
-12
21
-10
2
13
-23
20
15
-33
20
-2
-24
32
-41
45
-29
13
10
-4
-3
-1
-13
5
20
-34
14
-4
24
-38
39
-17
-20
41
-23
12
-12
1
2
-10
37
-63
59
-36
5
36
-58
67
-57
9
41
-45
26
-16
28
-23
-26
68
-76
65
-29
-8
16
-25
26
-26
27
-31
6
13
3
-15
2
18
-15
3
11
-25
16
-10
11
-3
-13
35
-56
39
-2
-12
32
-45
44
-46
73
-64
31
-18
-12
36
-28
0
18
-36
33
3
-26
21
1
16
-38
61
-44
6
-4
-1
-12
6
-4
5
-1
1
1
5
-5
18
-25
14
0
-19
18
-42
61
-55
60
-21
26
-32
19
2
-27
23
-12
-27
16
-2
-20
33
-21
8
-3
45
-58
40
8
-27
16
7
-16
14
-28
33
-37
27
-5
-12
14
-17
12
-13
17
-28
23
-20
18
-29
22
-17
8
8
-16
19
-15
19
-18
35
-32
17
4
-15
4
3
2
-14
21
5
-11
8
-3
-5
2
-11
13
-23
16
-35
24
-7
-2
19
-7
-18
40
-24
13
-34
25
-34
21
0
-5
18
-27
43
-39
50
-33
33
-15
18
-30
19
-2
-39
39
-36
24
-18
35
-19
10
-3
8
-23
-1
39
-66
55
-36
11
23
-30
32
-30
0
13
-23
41
-42
17
2
7
-5
21
-2
-5
15
-11
15
-32
40
-33
7
10
-18
-2
11
6
-33
32
-33
11
-24
26
-24
-5
21
-29
38
-24
37
-31
32
9
-34
33
-10
-9
1
5
-17
-22
37
-43
14
12
-18
-8
43
-26
7
17
-2
2
-13
14
-34
52
-54
35
-13
18
-26
19
8
-19
23
2
-2
-1
-12
-7
11
-24
18
-2
-25
11
7
-16
27
-40
43
-23
10
7
5
22
-33
47
-46
25
-19
6
-8
-15
20
-42
41
4
-13
18
10
-12
-43
56
-54
13
1
-9
-3
26
6
-17
24
-16
12
-8
17
-25
-6
-3
9
6
5
-20
40
-38
42
-36
10
-33
36
-11
-25
25
-8
-14
26
-23
27
-24
23
4
-21
36
-46
63
-70
54
-31
18
-9
-2
12
-7
19
-6
0
-8
-5
3
-19
32
-17
12
-23
2
-12
25
-16
6
5
-19
30
-34
34
-16
15
13
-12
20
-18
-6
16
-25
11
-19
15
-21
3
12
-36
54
-8
7
1
-8
16
-36
33
-25
10
6
-23
38
-44
59
-59
29
1
-10
41
-63
61
-67
54
-25
-10
2
-2
2
-2
1
-19
16
-2
14
-13
4
-5
-15
52
-52
42
-36
1
7
-10
15
-20
14
-18
20
-27
53
-18
-1
4
-9
23
-26
70
-49
36
10
-13
21
-5
20
-48
57
-37
10
28
-5
-5
7
5
-22
7
9
-33
-31
33
-40
-2
-15
24
-65
41
-21
-22
-21
-19
-11
-49
53
-94
45
-13
-2
-5
58
-32
26
4
-11
17
-3
8
-5
-13
-13
-21
39
-34
60
-33
24
-6
-7
30
-39
53
-105
79
-61
69
-5
1
61
-39
83
15
13
39
17
35
2
17
6
-1
-19
28
8
-1
-22
28
-38
22
1
-9
2
-43
4
-66
-22
-56
-42
-20
-47
6
-35
-27
19
-15
34
33
10
-8
41
6
8
33
-41
7
-5
37
-57
77
-15
0
34
-29
25
-100
36
-57
-43
16
-67
64
-39
72
1
57
9
-7
-19
-40
22
-39
21
25
-6
91
46
86
66
30
48
-13
-12
-30
-74
-57
-77
-50
-24
-21
-14
-29
67
-39
51
7
-4
-28
-18
-2
-17
30
28
18
75
61
68
40
66
25
-40
19
-108
-44
-82
-58
-62
-43
17
-61
50
-18
-5
19
-54
-20
-32
37
-23
69
30
63
42
12
73
-43
73
-77
3
-63
-8
-26
-62
18
-85
0
2
-30
16
-14
5
-15
13
49
-58
49
-25
-16
31
-6
34
-21
67
20
28
74
-13
61
-24
13
-45
-15
11
4
67
-27
88
35
33
79
59
85
57
119
19
34
46
-10
-16
-29
-93
-61
-143
-130
-172
-205
-151
-227
-175
-222
-181
-138
-130
-66
-130
-57
-67
-28
-1
23
88
28
142
128
155
208
174
205
139
117
80
57
45
-23
-52
-51
-103
-90
-131
-109
-89
-94
-38
-40
21
19
93
37
96
82
72
82
28
-1
-37
-52
-74
-113
-139
-177
-253
-244
-298
-303
-347
-322
-343
-308
-278
-177
-131
-94
61
147
260
338
429
452
482
495
457
428
383
341
262
191
130
98
45
-43
-74
-107
-121
-146
-122
-120
-101
-82
-16
32
51
130
184
335
435
528
608
626
677
678
698
624
573
500
370
269
170
47
-57
-127
-239
-291
-304
-333
-329
-356
-406
-413
-399
-414
-397
-382
-351
-318
-264
-246
-219
-169
-175
-156
-213
-282
-399
-515
-627
-751
-884
-1016
-1135
-1207
-1209
-1195
-1087
-922
-766
-577
-402
-326
-239
-195
-224
-366
-585
-741
-799
-671
-479
-265
14
466
1035
1585
2093
2394
2613
2628
2511
2257
1814
1324
746
207
-216
-480
-557
-581
-475
-309
-119
65
168
187
106
32
-95
-241
-290
-233
-53
186
428
668
890
1117
1317
1371
1259
1080
849
685
572
508
491
530
671
893
1179
1366
1424
1364
1206
952
598
253
-128
-547
-907
-1202
-1386
-1504
-1616
-1803
-2037
-2304
-2630
-2960
-3435
-4057
-4700
-5215
-5555
-5740
-5940
-6194
-6137
-5474
-4147
-2522
-901
731
2529
4516
6485
7999
8853
9172
8953
8377
7540
6416
5069
3553
2069
837
-47
-715
-1286
-1798
-2291
-2748
-3274
-3878
-4562
-5216
-5755
-6065
-6065
-5688
-4788
-3422
-1708
76
1744
3212
4546
5605
6189
6146
5529
4538
3497
2688
2055
1431
801
463
585
988
1312
1428
1285
923
382
-216
-694
-1063
-1416
-1611
-1407
-761
190
1205
2062
2717
3102
3247
3067
2529
1697
679
-464
-1472
-2278
-2860
-3332
-3807
-4251
-4689
-5097
-5557
-6211
-7058
-7975
-8704
-9138
-9351
-9483
-9631
-9277
-7742
-5009
-1862
1114
3901
6889
10124
12938
14713
15155
14540
13145
11342
9230
6828
4191
1469
-938
-2554
-3384
-3789
-4106
-4395
-4633
-4907
-5307
-5878
-6613
-7401
-7953
-8004
-7306
-5919
-3710
-901
2272
5318
7964
10078
11692
12523
12167
10491
7887
4896
2024
-633
-2997
-5040
-6494
-6901
-6055
-4347
-2512
-879
551
2029
3298
4145
4463
4363
4053
3736
3663
3957
4431
4863
5087
5110
5042
4751
4013
2832
1106
-901
-2888
-4649
-6038
-7109
-7861
-8430
-8695
-8584
-8101
-7573
-7144
-6948
-6856
-6838
-6841
-6851
-6890
-6827
-6670
-6532
-6668
-6701
-5739
-3350
-291
2406
4667
7051
9920
12656
14443
14829
13876
11956
9614
7193
4762
1997
-1095
-3949
-5726
-6333
-6099
-5696
-5249
-4733
-4222
-3817
-3643
-3671
-4042
-4406
-4420
-3693
-2249
50
2985
6220
9092
11202
12394
12858
12467
10862
7762
3559
-1072
-5091
-8157
-10150
-11334
-11689
-10745
-8199
-4249
14
3826
6778
9184
11025
12177
12332
11562
10114
8322
6553
5119
4141
3350
2470
1467
586
-254
-1128
-2193
-3490
-5025
-6560
-7758
-8390
-8481
-8342
-8095
-7705
-6958
-5892
-4792
-3898
-3187
-2688
-2289
-1959
-1739
-1745
-2169
-3058
-4101
-5165
-6348
-8067
-10125
-11349
-10509
-7710
-4367
-1009
2629
7162
11982
15993
18120
18279
16598
13719
10031
6008
1698
-2712
-6604
-9034
-9435
-8288
-6413
-4358
-2194
-222
1053
1276
587
-898
-2746
-4382
-5074
-4602
-2842
96
3900
7769
10966
12897
13649
13140
11209
7474
2297
-3360
-8254
-11588
-13246
-13387
-12272
-9649
-5409
291
6140
10870
13770
15376
15929
15413
13686
11041
7778
4437
1628
-174
-1003
-1204
-1361
-1682
-1942
-2099
-2310
-2967
-3996
-5313
-6577
-7524
-7863
-7564
-6834
-6010
-5229
-4280
-3243
-2309
-1659
-1356
-1421
-1799
-2315
-2800
-3395
-4340
-5520
-6993
-8508
-9843
-11072
-12833
-14250
-13458
-9760
-4439
874
5920
11132
16661
21453
24088
23717
20565
15560
9790
3936
-1599
-6824
-11337
-14251
-14542
-12334
-8828
-5274
-2183
416
2231
3000
2451
711
-1758
-3850
-4717
-3874
-1429
2405
6974
11425
15029
17075
17179
15333
11553
5908
-982
-7846
-13517
-17109
-18296
-17082
-14137
-9746
-3926
3097
9942
15107
17707
18095
17304
15695
12913
8980
4878
1328
-1265
-2705
-2862
-2403
-1999
-1970
-1984
-1845
-1698
-2020
-2865
-3986
-4813
-5054
-4670
-4011
-3420
-3035
-2834
-2646
-2373
-2051
-2090
-2459
-2831
-2920
-2881
-2792
-2786
-3091
-3947
-5240
-6933
-8829
-10606
-12387
-14317
-16451
-17342
-14797
-8138
183
7505
13298
18601
23721
27350
27467
23409
15933
6943
-1385
-7821
-12377
-15761
-17880
-17577
-13582
-6899
174
5381
8294
9317
8846
6908
3511
-997
-5703
-8949
-9221
-6188
-859
5586
12002
17407
20834
21457
18848
13331
5551
-3310
-12314
-19887
-24660
-25581
-22817
-16967
-9611
-1558
6628
14600
21003
24165
23414
19762
15038
10034
5228
376
-3902
-6736
-7333
-5990
-3524
-1121
283
621
430
271
-134
-1141
-2760
-4298
-5042
-4707
-3557
-2144
-925
-118
258
382
484
480
46
-1052
-2307
-3139
-3400
-3485
-3780
-4533
-5691
-7198
-8898
-10695
-12393
-13792
-14831
-15516
-15771
-14382
-9452
-1109
7775
14634
19268
22659
25102
25592
22855
16507
7570
-1462
-8265
-11912
-13230
-13486
-12847
-10283
-5232
1033
6241
8494
7738
5166
1971
-1132
-4369
-7617
-9950
-9485
-5390
1382
8932
15785
20921
23608
22956
18744
11564
2638
-6863
-15822
-22982
-26863
-26787
-22806
-15756
-6930
1669
8942
14605
18766
20656
19543
15595
10190
5263
1856
-183
-1576
-2386
-2279
-883
1349
3258
3719
2614
657
-1264
-2571
-3534
-4474
-5223
-5337
-4518
-2729
-558
1163
1865
1608
959
360
-178
-831
-1740
-2613
-3152
-3253
-2991
-2879
-3391
-4510
-6012
-7514
-8768
-9776
-10738
-11550
-11768
-11072
-9960
-9381
-8404
-4801
1708
8307
12620
14702
16205
17766
18614
17185
12976
6647
338
-4204
-6272
-7413
-8856
-10481
-10677
-8431
-4467
-1204
-33
-451
-962
-592
167
528
346
466
2203
6035
10868
14938
17235
17579
15996
12503
6907
-133
-7595
-14262
-19317
-21918
-21775
-18822
-13267
-6068
1383
7449
11698
14472
16179
16172
14061
10152
5900
2746
1335
1088
876
508
504
1414
2689
3231
2210
-90
-2749
-4679
-5497
-5612
-5542
-5236
-4316
-2536
-140
2148
3635
3953
3278
2206
1242
559
-90
-898
-1968
-2886
-3367
-3484
-3710
-4440
-5791
-7233
-8350
-8858
-8942
-8901
-9071
-9048
-8533
-7761
-7820
-8736
-8220
-4242
2076
7825
11819
14785
17916
20795
21778
19408
13470
5431
-2104
-7598
-11251
-14396
-17136
-18328
-16371
-11385
-5104
91
3282
5235
6934
8540
9278
8483
6324
4421
4346
6260
8548
9957
10077
9227
7301
4080
-544
-5930
-11257
-15479
-17871
-17788
-15498
-11327
-5800
580
6389
10663
13258
14469
14489
12972
10135
6689
3818
2054
1449
1264
840
307
253
701
1037
440
-1064
-2829
-3924
-3922
-3052
-2161
-1619
-1046
168
1822
3078
3406
2810
1724
669
-133
-809
-1577
-2534
-3560
-4392
-4827
-4988
-5347
-6190
-7294
-8008
-8049
-7507
-6844
-6302
-5820
-5384
-4947
-4678
-5451
-7806
-9735
-8198
-2617
3979
9126
12653
15883
19199
21408
20403
15121
6357
-2999
-10269
-14700
-17383
-18983
-19108
-16264
-9943
-1464
6305
11296
13618
14448
14294
12828
9488
4550
-270
-2896
-2228
445
3154
5041
6440
7223
6636
3586
-1562
-7549
-12776
-16087
-17126
-16063
-13067
-7963
-974
6420
12432
16159
17689
17587
16054
13045
8731
4113
323
-1983
-3162
-3731
-3891
-3466
-2256
-766
165
253
-147
-482
-304
326
864
868
616
793
1322
1644
1424
761
-38
-715
-1064
-1203
-1350
-1734
-2376
-3192
-3986
-4786
-5688
-6821
-8072
-8910
-8876
-8168
-7115
-6104
-5435
-5098
-5006
-5035
-6038
-8948
-12117
-11703
-6160
1785
8685
13438
17339
21138
24037
23785
18652
9130
-1726
-10408
-15291
-17389
-18169
-17730
-14702
-8279
476
8409
12998
13941
12747
10776
8294
4886
408
-3927
-5886
-3869
796
5476
8429
9767
9895
8274
4249
-2131
-9362
-15544
-18964
-19264
-16741
-12017
-5464
2351
10120
16013
18717
18392
16116
12767
8283
2914
-2334
-5871
-6917
-5693
-3170
-749
1216
3669
6252
7555
6989
5168
2657
283
-1120
-1753
-2557
-3562
-3954
-3442
-2491
-1518
-791
-291
-168
-124
46
33
-592
-1799
-3355
-5122
-6498
-7134
-7296
-7293
-6873
-5733
-4187
-2741
-1691
-1504
-2514
-4304
-6428
-8722
-11945
-15659
-16411
-11169
-1387
8339
15449
20134
23819
26243
25835
20569
10367
-2109
-12555
-18258
-19411
-18128
-15844
-12014
-5494
3228
11370
15621
15183
11818
7820
4253
838
-2793
-5978
-6999
-4388
1249
7051
10710
11671
10669
7732
2671
-4342
-11768
-17775
-20485
-19383
-15151
-8878
-1472
6386
13539
18297
19561
17526
13525
8872
4076
-670
-4407
-6140
-5640
-3434
-682
1680
3305
4549
5546
5876
4933
2786
295
-1622
-2628
-3044
-3514
-4119
-4331
-3628
-2302
-1003
9
864
1541
1958
1899
1319
202
-1405
-3253
-5061
-6489
-7305
-7533
-7458
-7042
-6115
-4805
-3612
-3025
-3249
-4128
-5481
-7009
-8998
-12133
-15032
-13796
-6462
4100
13266
18878
21943
23910
24773
22562
15349
3755
-8416
-16623
-19072
-17393
-14376
-11288
-7325
-1583
5389
10705
11794
8882
4522
1239
-174
-591
-1143
-1529
-286
3540
8662
12341
12968
10733
6597
1251
-4822
-10948
-15854
-18401
-17792
-14128
-8290
-1587
4977
10627
14368
15322
13500
10069
6612
3741
1081
-1387
-2698
-2081
-29
2189
3369
3087
2096
1638
2005
2348
1742
329
-1104
-1722
-1421
-872
-1034
-2002
-2673
-2201
-719
803
1849
2347
2376
2090
1593
826
-428
-2156
-4131
-5879
-6825
-6859
-6489
-6133
-5604
-4766
-3763
-3045
-3029
-3914
-5735
-8033
-10258
-12462
-15299
-16873
-13438
-3959
7816
17195
22173
24023
24404
23178
18774
10087
-1605
-12299
-18164
-18139
-14365
-9925
-6614
-3774
-40
4441
7330
6811
3594
261
-1014
-11
2150
3943
5017
6217
8292
10351
10869
8967
4994
-127
-5566
-10423
-13844
-15297
-14601
-11834
-7469
-2378
2588
7002
10412
11943
11049
8333
5516
3956
3548
3110
2076
1054
973
1764
2373
2030
729
-518
-565
635
2103
2724
2196
1147
477
289
30
-684
-1658
-2078
-1435
87
1598
2374
2301
1597
522
-675
-1894
-3226
-4685
-6137
-7150
-7371
-6925
-6221
-5520
-4930
-4413
-4070
-4009
-4582
-5909
-7822
-9854
-11959
-14198
-14927
-11293
-2559
8202
16977
21579
22607
21659
19397
14906
7336
-2398
-11274
-15883
-15227
-11150
-6682
-3707
-2103
-551
1683
3438
3443
1910
399
451
2587
5681
7969
8806
8713
8470
8072
6904
4614
1442
-2331
-6386
-9926
-11853
-11915
-10761
-8872
-6481
-3588
-332
3076
6101
8023
8386
7589
6902
7288
8313
8255
6559
4466
3088
2495
2075
976
-748
-2044
-1805
-144
1793
2619
2041
785
-149
-250
-70
-451
-1246
-1439
-461
1236
2772
3315
2549
852
-1017
-2586
-3884
-5005
-6089
-7107
-7693
-7408
-6345
-5228
-4549
-4382
-4543
-4870
-5160
-5758
-7096
-9169
-11463
-13618
-15211
-14068
-8098
1758
11604
18399
21453
21848
20499
17460
12018
4074
-4519
-10548
-12197
-10355
-7145
-4482
-3161
-2770
-2338
-1633
-1302
-1507
-1580
-447
2167
5531
8539
10201
10425
9778
8606
6586
3993
1522
-503
-2728
-5588
-8508
-10232
-10093
-8776
-7254
-6064
-4808
-2646
851
4785
7711
8877
8898
9114
10251
11139
10243
7453
4255
2017
1076
731
-177
-1453
-2122
-1371
322
1944
2352
1568
400
-293
-158
280
252
-279
-692
-626
84
991
1307
632
-662
-2028
-3180
-3996
-4614
-5303
-6263
-7194
-7476
-7039
-6146
-5141
-4390
-4048
-4176
-4577
-5156
-6134
-7761
-9854
-12197
-13886
-12375
-5963
3728
12669
17938
19471
18827
17186
14422
9631
2820
-4076
-8326
-8742
-6492
-3877
-2617
-2925
-3816
-4230
-4053
-3768
-3467
-2400
63
3759
7513
10033
10726
10140
8998
7422
5102
2533
595
-541
-1820
-4065
-6821
-8821
-9282
-8465
-7172
-6112
-5017
-2909
848
5282
8730
10128
9994
9930
10608
11106
10092
7483
4360
2153
1191
570
-589
-2191
-3374
-3494
-2544
-1265
-564
-561
-563
-69
837
1648
1884
1351
292
-694
-978
-469
240
655
394
-665
-2071
-3318
-4451
-5891
-7734
-9390
-10078
-9493
-7692
-5412
-3717
-3190
-3562
-4380
-5375
-6635
-8181
-10182
-12314
-12188
-7026
2453
11901
17430
18278
16276
13501
10834
7573
2788
-2759
-6660
-7216
-4863
-1720
-132
-1168
-3887
-6184
-6770
-5974
-4636
-2836
-172
3492
7464
10460
11575
10893
9183
7248
5295
3597
2712
2570
1972
-122
-3555
-7070
-9334
-10034
-9717
-9052
-8018
-5828
-1785
3470
8082
10309
10199
9424
9496
10240
10462
9242
6891
4834
3847
3251
1701
-985
-3864
-5810
-6024
-4633
-2525
-702
507
1375
2146
2653
2572
1626
-74
-1667
-2247
-1474
296
2175
3200
2492
133
-2848
-5456
-7518
-9111
-10197
-10658
-9951
-7869
-5189
-3243
-3001
-4330
-6301
-7944
-8868
-9247
-9858
-10556
-8924
-2861
6139
13947
17399
16278
12742
9077
6120
3360
161
-2794
-3863
-2551
-37
1931
1973
-280
-3683
-6571
-7849
-7417
-5532
-2487
1073
4472
7107
8464
8271
7143
6027
5379
4981
4826
5130
5527
5019
2659
-1574
-6526
-10493
-12458
-12317
-10637
-8042
-4691
-555
3955
7594
9081
8409
7126
6824
7746
9183
10372
10761
10115
8423
5661
1956
-2311
-6225
-8578
-8726
-6773
-3379
246
2919
4124
3732
1971
-366
-2293
-3182
-2937
-1717
378
2891
4864
5204
3348
-404
-4812
-8368
-10162
-10160
-8994
-7500
-6314
-5547
-5010
-4906
-5851
-7749
-9648
-10440
-9767
-8529
-7921
-7430
-4569
1953
9776
14964
15728
13322
9968
7103
4734
2206
-598
-2436
-1833
630
2781
2945
784
-2778
-5998
-7762
-7984
-6755
-4086
-364
3539
6475
7418
6288
4075
2431
2667
4514
6879
8886
10278
10234
7675
2542
-4091
-10131
-13856
-14568
-12683
-9005
-4456
-117
3315
5166
5039
3533
2106
2311
4586
8247
12028
14821
15793
14455
10901
5516
-609
-5818
-8507
-8419
-6306
-3064
113
1994
2096
877
-1081
-3017
-4041
-3511
-1597
982
3472
5173
5461
4063
1120
-2678
-6220
-8443
-8867
-7837
-6303
-5093
-4755
-5543
-7194
-9039
-10587
-11527
-11511
-10457
-8820
-7389
-6999
-7095
-4913
1308
9374
14980
16054
13836
10912
8526
6356
3736
460
-2296
-2726
-924
1103
1477
-373
-3894
-7245
-8647
-7697
-4940
-1349
2051
4482
5643
5315
3840
2096
1147
2033
4754
8353
11648
13531
12769
8556
1706
-5746
-11491
-14042
-13338
-10519
-6998
-3796
-1290
459
1058
231
-1269
-1453
1086
6093
12035
16874
18976
17984
14743
10057
4458
-831
-4267
-5162
-4195
-2288
-367
472
-512
-2772
-5045
-6531
-6456
-4495
-1288
1979
4454
5489
4690
2455
-386
-3138
-5390
-6575
-6227
-4624
-2793
-1682
-1868
-3768
-6915
-10010
-12200
-13296
-13313
-12315
-10672
-8878
-7818
-8190
-8173
-4472
3434
11812
16485
16550
13973
11166
9038
6949
4171
950
-843
-262
1431
2197
1070
-2029
-6025
-8820
-9189
-7206
-3739
110
3134
4645
4209
2220
-215
-1482
-539
2596
6810
10924
14005
14745
11993
6025
-1217
-7290
-10430
-10313
-7931
-4903
-2629
-1640
-1733
-2647
-4225
-5794
-5817
-2991
2889
10198
16494
19534
18611
14908
10117
5404
1378
-789
-749
552
1905
2823
2526
43
-4071
-8168
-10411
-9807
-6414
-1743
2057
3962
4178
2897
133
-3129
-5566
-6781
-6746
-5405
-3259
-1468
-584
-885
-2724
-5663
-8270
-9756
-10677
-11333
-11670
-11703
-11742
-11860
-12189
-10992
-5957
2846
11911
17066
17132
13852
9993
7149
5549
4281
2902
2500
3503
4601
4238
1989
-1857
-6258
-9131
-9170
-6369
-2160
1554
3393
3002
777
-2337
-4758
-4943
-2009
3326
9072
13662
16256
16123
12404
5814
-1385
-6574
-8022
-5860
-2104
567
760
-1314
-4311
-7048
-8987
-9946
-8843
-4667
2843
11866
18393
19566
16459
12031
7531
3932
2187
2555
3719
4577
4848
4115
1735
-1803
-5175
-7784
-8954
-7639
-4297
-1169
674
1230
348
-1730
-3898
-5185
-5597
-5213
-4205
-3326
-3074
-2992
-2570
-2726
-4034
-5536
-6197
-6783
-7961
-9382
-10904
-12828
-14608
-15584
-15428
-12035
-4089
6413
14581
17668
16026
12138
8486
6560
6218
6156
6242
6744
7064
5845
2960
-708
-4552
-7629
-8761
-7305
-3810
238
2729
2094
-1196
-5246
-8040
-8256
-5427
-117
6254
11843
15604
16906
15152
10067
3500
-1836
-3692
-2068
864
2628
1960
-647
-4119
-7261
-9630
-10885
-10559
-7835
-1884
5923
11943
13978
13100
11108
8803
6951
6262
6536
7015
7191
6696
4821
1858
-1150
-3572
-5610
-6552
-5450
-3437
-2201
-2334
-3245
-4619
-5937
-6703
-6791
-6219
-5127
-3831
-3121
-3273
-3664
-3655
-3599
-3828
-4025
-4240
-4782
-5404
-6025
-7354
-9885
-13157
-15915
-15412
-9767
-699
7291
11053
10815
8903
7700
7584
8160
8404
8471
9103
10039
9581
6782
2640
-1932
-5539
-7028
-6123
-3666
-932
760
274
-2231
-5726
-8702
-9877
-8600
-4896
217
5089
8739
10857
11361
10046
7362
4551
3120
3972
6081
7410
6190
2365
-2528
-6447
-8342
-8349
-7139
-5167
-2224
1365
4426
5952
6017
5581
5654
6457
7553
8497
9071
8995
8029
6020
3259
811
-806
-1805
-2368
-2402
-2387
-2729
-3620
-4994
-6543
-7826
-8489
-8475
-8003
-7578
-7386
-7330
-7108
-6365
-5363
-4777
-4493
-4084
-3586
-3831
-5061
-6809
-8474
-9878
-9851
-6689
-788
5109
7870
7157
4748
3299
3743
5593
7781
9452
10459
10382
8932
6151
2990
-97
-2633
-3774
-3283
-1671
-193
147
-1418
-4186
-6890
-8439
-8080
-5819
-1952
2291
5482
6519
5681
3906
2006
920
1364
3471
6470
8872
9255
7072
3185
-750
-3465
-4480
-4259
-3156
-1277
1159
3256
3884
2774
978
338
1656
4425
7313
9234
9699
8901
7120
4751
2478
897
160
162
631
947
662
-684
-3102
-6072
-8494
-9573
-9478
-8631
-7747
-7277
-7441
-7988
-8437
-8608
-8271
-7963
-7551
-6876
-6197
-6019
-6668
-7823
-9120
-7953
-3324
3412
8419
9598
7786
5347
4490
4877
5981
6791
7631
8706
9413
8450
5578
2395
-505
-2237
-2586
-1725
-618
-224
-1054
-3326
-5827
-7580
-8011
-7036
-4468
-593
3308
5665
6131
5430
4263
2753
1767
1854
3014
4614
5628
5143
3147
663
-1429
-2265
-1532
89
1474
2185
2532
2503
2119
1578
1553
2165
3187
4215
4918
5255
5297
5295
5195
5116
5290
5478
4809
3190
1261
-376
-1678
-2955
-4292
-5604
-6411
-6955
-7486
-8091
-8683
-9127
-9770
-10548
-11096
-11100
-10740
-10321
-9948
-9851
-10206
-10505
-10558
-8656
-3378
4208
10382
11915
9751
6620
5556
6475
8388
9882
10673
11159
10826
8954
4972
760
-2622
-4512
-4648
-3430
-1694
-1088
-2161
-4825
-7643
-9231
-9020
-7051
-3950
-90
3484
5567
5860
5214
4651
4300
4033
4383
5628
7538
8584
7572
4181
-65
-2755
-3325
-2575
-2253
-2392
-2397
-1433
238
1495
1710
1124
1223
2776
5053
6899
7854
8196
8149
7957
7638
6919
5589
3710
1779
197
-633
-937
-1312
-2563
-4499
-6198
-7332
-8098
-8758
-9408
-10272
-11458
-12404
-13052
-13212
-12923
-12246
-11686
-11749
-11935
-12095
-9938
-4730
2285
7421
8351
6823
5423
6567
9327
12385
14047
14214
13824
12896
11113
7783
4233
1115
-690
-970
-668
-1043
-3214
-6263
-9455
-11800
-12569
-11753
-9696
-6863
-3486
-311
1589
2348
2871
4096
5667
7262
8616
9739
10671
10763
9416
6342
3088
1228
794
816
226
-1086
-2791
-4023
-4449
-4473
-4348
-4013
-3066
-1505
343
2125
3885
5652
7184
8594
9865
10714
10911
10299
8946
7097
5219
3360
1297
-891
-2890
-4572
-6416
-8636
-10901
-12464
-13496
-14307
-15179
-15798
-15899
-15582
-14878
-14679
-14700
-14900
-12716
-7206
187
5924
7476
6622
5469
6613
9165
11966
13678
14109
14031
13155
11645
9351
7125
4766
2387
816
93
-64
-969
-3093
-6269
-9313
-10950
-11362
-10652
-9077
-6748
-4434
-3004
-1924
-672
1181
2755
3826
5066
6861
9267
11034
11564
10464
8475
6513
5041
4180
3316
2461
1508
638
-475
-2247
-4220
-5589
-5313
-3891
-2480
-1756
-1167
89
1900
3778
5027
5724
6056
6439
7008
7568
7712
7169
6221
4942
3597
2175
340
-2159
-5171
-7937
-10305
-12204
-13931
-15576
-17119
-18457
-19199
-19573
-19514
-19172
-16406
-10872
-4073
959
2842
3322
4051
6653
10019
13075
14911
15629
15778
15091
13570
11004
8383
5870
3907
2767
1904
986
-843
-3484
-6821
-9575
-10921
-10977
-10043
-8538
-6566
-4858
-3863
-3221
-2315
-812
737
2356
4045
6006
7924
8893
8653
7377
6291
5973
6340
6736
6464
5488
4403
3943
3546
2522
696
-1280
-2292
-2157
-1585
-1398
-1462
-1208
-437
675
1621
2242
2523
2720
3062
3609
4124
4120
3493
2491
1659
1218
807
-78
-1710
-3495
-5093
-6627
-8444
-10474
-12389
-14018
-15297
-16519
-17496
-17805
-15887
-11650
-6656
-3553
-2927
-2648
-1126
2092
5736
8928
11191
12714
13786
13970
13236
11728
10342
9183
8231
7413
6306
4666
1981
-1470
-5243
-8360
-10002
-10251
-9514
-8334
-7066
-6363
-6386
-6245
-5405
-3749
-1999
-250
1626
3914
6382
8017
8325
7395
6687
6832
7681
8370
8349
7506
6166
5181
4368
3213
1284
-617
-1664
-1772
-1430
-1162
-729
-246
237
668
1207
1806
2359
2685
2600
2619
2871
3004
2374
1064
-125
-752
-882
-1402
-2443
-4030
-5694
-7166
-8667
-10356
-12377
-14198
-15741
-16755
-16812
-14439
-9608
-4317
-1523
-1946
-3348
-3119
-31
4206
7626
9469
10412
11213
11553
11023
9622
8388
7687
7337
7027
6308
5089
2966
96
-3202
-5894
-7276
-7562
-7042
-6183
-5464
-5296
-5768
-6025
-5468
-4088
-2853
-1733
-328
1683
4098
5744
5997
5213
4967
5960
7525
8358
8112
7241
6496
6140
6032
5463
4006
2222
953
372
-59
-497
-818
-803
-581
-158
306
688
979
1167
1266
1306
1489
1682
1508
990
478
156
-138
-706
-1761
-3327
-5246
-7256
-9156
-10797
-12170
-13527
-14978
-16290
-15485
-11683
-6254
-2655
-2673
-4527
-5301
-2909
1572
6064
8832
9896
10314
10383
10151
9379
8789
8498
8265
8129
7511
6330
4051
1181
-2036
-5033
-7010
-7989
-7950
-7354
-6206
-5516
-5674
-6217
-6401
-5422
-3967
-2333
-838
959
3148
4789
5699
5836
6256
6987
7573
7750
7401
6952
6707
7004
6914
5582
3315
1348
420
-69
-612
-1242
-1470
-988
-496
-541
-1221
-1616
-1044
116
1147
1572
1757
1711
1394
725
-113
-699
-939
-972
-1418
-2488
-3975
-5738
-7586
-9637
-11673
-13805
-14815
-13171
-8931
-4205
-2160
-3038
-4853
-4815
-2373
1293
4584
6616
8029
8875
9004
8297
7424
7017
6957
7137
7221
6943
5700
3480
550
-2741
-5452
-6853
-6607
-5503
-4543
-4488
-5493
-6593
-6795
-5640
-4063
-3099
-2646
-2062
-508
1595
3740
5291
6256
6999
7655
8500
8912
8662
7883
7206
6826
6082
4830
3263
1957
845
-207
-1115
-1914
-2043
-1751
-1489
-1856
-2572
-2986
-2838
-2320
-1708
-911
-18
639
617
-94
-864
-1228
-1198
-1371
-1907
-2790
-3906
-5227
-6878
-8913
-11008
-11348
-8896
-4533
-1444
-1638
-4032
-5663
-4261
-579
3289
5699
6956
7769
8076
7723
6957
6609
6689
6857
6883
6626
6005
4583
2447
-375
-3292
-5664
-7016
-7062
-6286
-5469
-5682
-6805
-7750
-7462
-6021
-4454
-3208
-2154
-677
1192
3229
5024
6289
6970
7402
8244
9436
10216
9838
8420
6790
5440
4304
3218
2122
1025
-251
-1639
-2762
-3123
-2739
-2375
-2648
-3389
-3854
-3618
-3008
-2643
-2580
-2316
-1792
-1289
-1106
-1102
-917
-798
-1242
-2314
-3411
-4210
-5205
-6601
-8340
-9130
-7772
-4285
-614
720
-474
-2550
-3165
-1726
865
3374
5189
6574
7544
7782
7025
6010
5505
5433
5426
5200
5073
4844
4008
2161
-665
-3498
-5511
-6314
-6139
-5332
-4463
-4339
-5063
-6050
-6409
-5948
-4994
-3752
-2266
-228
2169
4374
5656
5876
5884
6420
7655
8898
9689
9855
9473
8559
7007
5136
3308
1863
673
-381
-1332
-2101
-2496
-2831
-3401
-4531
-5830
-6530
-6369
-5502
-4655
-4049
-3708
-3581
-3433
-3199
-2799
-2465
-2399
-2519
-2776
-2976
-3564
-4695
-6403
-7522
-6456
-3219
488
2070
1336
-348
-881
334
2436
4531
6011
7126
7613
7223
6085
5021
4877
5175
5449
5222
4565
3590
2155
328
-1927
-4082
-5887
-6964
-7042
-6263
-5258
-5004
-5653
-6601
-6911
-6394
-5412
-4112
-2266
549
3711
6168
7062
6784
6638
7370
8785
10055
10640
10461
9762
8668
7142
5475
3981
2996
2367
1565
327
-1259
-2725
-3850
-4736
-5652
-6578
-7185
-7285
-7009
-6594
-6121
-5680
-5379
-5130
-4591
-3760
-3031
-2723
-2999
-3573
-4218
-4923
-5877
-6790
-6313
-3870
-171
2460
2679
939
-878
-899
778
3322
5662
7605
8949
9336
8587
6967
5618
5071
5339
5848
6045
5802
4808
3074
442
-2752
-5770
-7928
-8781
-8460
-7284
-6260
-6226
-7105
-8215
-8690
-8424
-7104
-4695
-1203
2534
5198
6274
6072
5935
6565
8035
9648
10809
11447
11520
11127
9984
8076
5818
4003
3268
3153
2833
1604
-227
-1939
-3268
-4425
-5692
-6748
-7147
-6943
-6571
-6327
-6095
-5766
-5616
-5977
-6453
-6226
-5126
-3923
-3446
-3943
-5125
-6631
-7869
-7490
-4746
-449
2992
3786
2372
485
-205
390
1865
3892
6273
8514
9546
8944
7195
5527
4630
4482
4822
5404
6125
6284
5211
2662
-877
-4300
-6802
-7792
-7253
-5691
-4335
-4441
-5981
-8113
-9536
-9608
-8197
-5711
-2791
144
2351
3551
3607
3246
3357
4260
5789
7378
8779
9714
10110
9747
8352
6325
4612
4070
4328
4303
3303
1487
-363
-1886
-2978
-3895
-4503
-4819
-5116
-5512
-5828
-5626
-5140
-4850
-5061
-5550
-5620
-5159
-4586
-4460
-4997
-5833
-6833
-7129
-5851
-2705
1139
3347
3296
1680
342
130
1144
3005
5003
6956
8331
8865
8169
6531
4866
3801
3665
4038
4689
5218
5196
4234
1926
-1246
-4531
-6800
-7446
-6475
-4546
-3031
-2763
-3902
-5487
-6615
-6805
-6070
-4730
-2602
85
2691
4080
3869
2717
1726
1746
2675
4242
5886
7194
7598
6750
4933
3121
2210
2157
2429
2440
1968
1072
25
-989
-1991
-2805
-3354
-3603
-3688
-3709
-3628
-3556
-3548
-3599
-3754
-4176
-4724
-5308
-5691
-5880
-5987
-6248
-6337
-5545
-3530
-737
1595
2623
2399
1788
1551
2129
3103
4507
6308
7718
8478
8263
7450
6568
5541
4566
3796
3686
4117
4203
3232
1300
-899
-2953
-4545
-5593
-5849
-5144
-3943
-2981
-2845
-3424
-4247
-4831
-4906
-4533
-3514
-1685
738
2988
4117
4067
3285
2282
1388
1068
1694
3024
4280
4534
3555
1933
551
-210
-678
-1135
-1506
-1486
-1044
-673
-855
-1631
-2535
-3232
-3478
-3288
-2752
-1968
-1235
-795
-868
-1450
-2388
-3330
-3981
-4431
-4714
-4914
-4697
-3586
-1743
284
1273
1098
345
74
731
1790
2979
4127
5415
6504
7120
7118
6821
6670
6487
6181
5762
5563
5651
5527
4836
3225
1170
-1040
-2972
-4193
-4566
-4054
-3352
-2950
-3160
-3737
-4387
-4959
-5200
-4932
-3941
-2642
-1472
-629
4
612
1020
1054
682
628
1402
2841
4345
4953
4440
3101
1705
584
-296
-904
-1246
-1342
-1393
-1549
-1989
-2482
-2989
-3405
-3724
-3947
-3605
-2766
-1781
-1236
-1497
-2461
-3610
-4429
-4727
-4678
-4560
-4715
-4769
-4102
-2636
-493
1000
1456
1073
677
879
1620
2680
3752
4892
5834
6448
6722
6811
7005
7058
6678
6006
5565
5660
5989
6000
4997
3404
1527
-229
-1392
-1814
-1479
-957
-700
-1081
-1809
-2508
-3261
-3792
-4083
-3883
-3268
-2572
-2146
-2131
-2170
-2252
-2202
-2164
-1947
-1164
117
1670
2642
2727
2167
1616
1275
963
673
403
573
878
1090
861
205
-530
-1147
-1413
-1671
-1773
-1917
-2153
-2458
-2983
-3721
-4520
-5305
-5793
-5870
-5864
-6014
-6333
-6208
-5261
-3549
-1944
-944
-370
69
668
1189
1609
2162
3098
4358
5552
6253
6404
6419
6335
6050
5672
5358
5441
5721
5962
5750
5049
4024
2791
1742
1116
1266
1760
1925
1562
790
96
-509
-1098
-1801
-2362
-2560
-2612
-2679
-2921
-3173
-3239
-3126
-3111
-3124
-2912
-2411
-1721
-866
-395
-151
67
197
291
301
416
525
1148
1554
1640
1615
1322
999
810
584
63
-322
-755
-1145
-1320
-1541
-1943
-2602
-3537
-4493
-5035
-5304
-5458
-5585
-5784
-5499
-4689
-3475
-2424
-1681
-1323
-1226
-1154
-1133
-767
-33
991
2083
3120
3844
4225
4502
4479
4292
4098
4024
4219
4452
4701
4831
4851
4763
4454
3897
3191
2935
2944
2929
2561
1907
1470
1095
565
-507
-1464
-1901
-1775
-1662
-1993
-2498
-2630
-2357
-2092
-2033
-1966
-1580
-1302
-1087
-1281
-1374
-1264
-935
-637
-544
-336
-194
-19
-395
-424
-178
341
932
1007
624
386
89
-258
-428
-703
-798
-767
-988
-1625
-2167
-2619
-2912
-2965
-3026
-3314
-3705
-4115
-4298
-3910
-3058
-2178
-1378
-1048
-854
-581
-412
-190
-79
123
607
1286
2197
3003
3614
3745
3506
3051
2592
2623
2975
3659
4397
4756
4652
4070
3304
2441
2107
2092
2026
2085
1831
1329
995
576
-100
-496
-892
-1222
-1370
-1355
-1166
-791
-357
-300
-733
-1174
-1679
-1815
-1576
-1481
-848
-32
238
683
346
-273
-245
-591
-283
156
430
602
631
354
-215
-635
-1184
-1437
-1237
-1348
-1546
-1373
-1724
-1788
-1690
-2054
-1932
-1762
-1651
-1699
-1908
-2308
-2786
-3095
-3281
-2884
-2102
-1346
-852
-664
-842
-1017
-1142
-1059
-707
-113
548
1205
1653
1887
2079
2162
2270
2560
3060
3631
4089
4200
4150
3860
3417
2855
2283
1844
1385
1329
1159
694
451
127
-407
-642
-692
-1023
-643
-90
96
174
154
-431
-527
-186
-582
-115
113
300
564
628
275
110
522
205
289
336
-302
-43
-131
-445
-490
-668
-999
-877
-763
-1312
-887
-790
-1047
-772
-671
-869
-673
-248
-682
-566
-530
-1132
-1256
-1571
-1816
-2012
-2030
-2078
-2270
-2439
-2904
-3061
-3103
-2917
-2324
-1564
-757
-414
-229
30
301
703
1159
1565
1717
2004
2322
2460
2538
2595
2629
2510
2515
2287
2046
1698
1397
1264
797
437
278
194
282
757
684
818
900
491
524
4
24
352
680
1196
1133
1352
823
873
919
538
645
600
760
739
691
640
321
39
-533
-709
-893
-898
-793
-645
-544
-644
-517
-757
-587
-838
-1008
-1022
-1127
-954
-879
-836
-762
-824
-1014
-1251
-1245
-1300
-1168
-947
-1140
-1260
-1389
-1332
-1178
-877
-870
-927
-711
-777
-599
-190
-162
-18
-75
-296
-398
-230
-136
-61
-4
-15
-53
57
208
54
-23
-271
-347
-366
-342
69
256
472
595
382
501
458
458
755
793
1119
1376
1661
1681
1791
1774
1328
1464
1432
1610
2077
2027
1803
1373
947
640
432
478
189
405
136
206
88
-137
-153
-409
-638
-648
-589
-199
-132
-165
-456
-587
-806
-932
-803
-840
-362
-433
-263
-553
-618
-604
-567
-369
-192
67
480
763
517
204
-70
-240
-237
0
179
205
234
19
-255
-599
-693
-1026
-840
-929
-862
-623
-886
-1188
-1537
-1797
-1893
-1564
-1448
-1410
-1196
-1132
-1144
-1007
-792
-775
-551
-280
-72
548
656
936
1031
1048
1178
1325
1548
1602
1766
1628
1902
1693
1878
1483
1397
997
955
664
280
506
279
523
301
47
-129
-212
-187
-241
-380
-164
-426
-208
-248
-294
4
-19
91
-98
-290
-141
-168
72
225
290
365
422
410
627
623
493
590
668
562
505
557
334
63
97
28
89
173
-21
2
-271
-317
-473
-620
-782
-1025
-956
-951
-952
-925
-1142
-1253
-1535
-1590
-1741
-1657
-1426
-1672
-1377
-1470
-1063
-961
-796
-685
-888
-471
-291
168
234
580
501
654
835
701
937
629
884
651
643
813
485
955
545
431
153
83
45
60
276
125
207
144
281
350
394
563
261
-17
368
165
468
712
619
719
793
658
779
951
782
802
790
681
325
775
631
623
922
305
398
57
-24
219
150
283
293
53
236
14
133
-87
-240
-318
-242
-208
-174
-35
-548
-493
-920
-1013
-971
-1182
-973
-1154
-1218
-1148
-1530
-1240
-1348
-1108
-1129
-1012
-699
-671
-527
-425
-430
-266
-397
-279
-107
158
159
288
400
292
561
169
354
196
77
140
-54
117
-184
229
94
-25
295
-110
-15
-220
-275
-89
95
259
349
478
610
827
909
766
730
718
681
737
721
885
861
889
677
698
496
501
697
414
626
604
442
749
665
336
474
249
-13
248
178
-83
446
72
144
-230
-237
-530
-601
-335
-770
-496
-861
-944
-997
-1107
-1201
-1104
-1114
-1135
-1081
-913
-899
-687
-684
-837
-551
-756
-424
-401
-401
-40
58
254
330
223
55
265
112
157
15
-162
-6
-120
61
-91
7
-265
-310
-261
-231
-107
-195
9
-85
148
164
314
95
297
337
400
448
650
650
684
1057
589
914
778
563
811
759
811
798
885
826
871
897
836
630
556
412
319
583
601
477
493
501
-3
114
-356
-153
-402
-321
-282
-633
-435
-866
-639
-896
-966
-822
-1061
-770
-1032
-864
-811
-1021
-712
-710
-555
-682
-699
-523
-418
-65
-134
-98
-249
-282
-192
-189
-136
-135
-168
-49
-58
4
-7
-33
-92
-99
-258
-272
-131
-218
-27
-105
-128
-82
-115
9
50
64
14
59
235
288
516
510
386
493
604
547
635
661
794
684
714
774
707
939
737
695
649
602
806
603
725
477
428
179
240
334
168
158
54
-109
-214
-286
-424
-449
-488
-609
-461
-451
-574
-544
-461
-575
-447
-322
-475
-218
-226
-329
-251
-100
-238
-30
-13
-14
-147
-253
-385
-333
-311
-458
-485
-225
-392
-315
-470
-295
-513
-584
-455
-473
-272
-105
-45
-29
-331
-138
-265
-195
111
0
253
425
426
209
334
255
156
363
346
344
394
405
420
436
516
407
425
528
470
567
701
691
663
532
532
380
308
271
201
149
165
66
36
-10
-59
-257
-358
-324
-498
-296
-232
-368
-275
-315
-337
-433
-234
-145
-80
50
89
-13
-2
-135
-171
30
-174
106
-49
36
-170
-143
-251
-377
-241
-486
-199
-359
-163
-430
-254
-454
-309
-278
-336
-244
-288
-217
-321
-113
-263
-39
38
10
25
98
114
82
46
177
217
255
397
158
304
163
192
336
255
591
467
529
467
364
316
310
303
232
268
231
293
77
-70
-163
-152
-138
-155
-72
-238
-150
-223
-226
-144
-132
-136
-22
61
-13
58
25
160
96
244
305
310
234
-40
157
-185
-3
-51
-206
68
-55
-157
-39
-247
-261
-279
-308
-220
-353
58
-431
-69
-132
-154
-189
-184
-156
-132
-88
-171
5
-77
51
-99
-13
69
-145
-31
-86
22
47
-47
-80
-85
62
52
92
243
160
186
305
325
386
245
347
168
424
301
254
348
76
182
-96
-39
36
-64
41
-191
-156
-257
-373
-187
-310
-189
-248
-371
-134
-215
129
-38
181
74
65
28
43
170
147
294
160
415
159
110
46
114
8
132
8
51
-16
-180
-171
-243
-142
-240
-295
-46
-294
-108
-39
-217
-43
-271
-155
-52
-114
106
-68
210
154
139
216
-19
43
-107
-47
25
91
52
67
102
-105
205
-14
140
287
76
516
92
325
156
48
297
56
284
76
151
104
20
-47
-94
-119
-251
-318
-225
-211
-220
-234
-349
-433
-456
-318
-406
-119
-166
-183
-4
-172
33
-209
168
13
95
205
38
294
97
239
166
26
176
66
160
174
88
38
21
29
-73
-110
15
-162
-61
-227
18
-62
5
59
-241
47
-340
112
-116
86
190
-38
426
-93
227
107
21
210
-76
239
69
40
215
91
243
136
205
193
78
220
-17
241
-59
110
27
39
174
-52
57
-165
-101
-101
-166
-84
-281
-53
-263
-215
-166
-262
-105
-194
-212
-171
-126
-190
-100
-241
-101
-122
-80
-54
-42
-101
37
-229
24
-148
145
69
55
267
-77
150
-58
-3
66
97
118
18
100
-4
44
70
69
13
-33
35
3
-55
7
83
21
91
34
37
-40
75
-73
52
40
64
86
190
35
126
103
1
120
180
200
131
256
146
82
108
-37
-103
16
59
163
106
70
-151
74
-257
-111
-111
-283
47
15
-125
31
-149
-188
-37
-89
-122
-84
31
-61
57
-26
-96
79
-78
-21
-78
-99
0
-143
52
-66
-44
-121
-71
-57
-129
-21
-131
-154
-16
-88
36
12
-42
15
57
-20
139
42
22
274
77
275
191
101
-16
-32
-150
49
-67
178
20
-33
3
-103
44
-181
65
-104
11
164
59
150
113
-21
81
29
-44
93
133
193
70
137
-114
-45
28
-231
96
-299
-79
-39
-34
-42
-67
54
-377
67
-191
-157
114
56
46
43
27
1
91
120
14
144
153
123
134
-25
101
-166
44
-15
-120
-101
-6
-241
-12
-208
-120
-170
-204
34
-225
132
-30
-53
-48
-87
-192
95
36
163
211
72
71
-33
39
5
128
83
163
-53
172
-39
47
189
-76
226
-145
260
63
114
160
-12
78
-92
154
-84
188
69
-18
76
-120
-110
-171
-64
-160
-92
-51
-96
-96
-109
-138
-194
-199
47
-125
66
112
-121
105
-71
95
-12
77
21
58
181
109
119
100
209
-110
92
84
-180
51
-95
-82
76
-61
-35
-67
-186
-115
-78
-8
-35
-24
109
9
-19
12
-46
-8
16
54
49
-30
113
55
-23
46
-93
14
-40
-22
8
62
99
-10
17
43
-86
20
-19
-59
20
-18
18
95
33
6
61
-28
0
-17
-83
-4
-61
-91
-41
-136
18
-184
14
-96
-136
35
-146
54
-92
50
-41
18
24
87
40
106
19
31
123
79
139
52
163
19
161
6
139
-66
131
50
-57
112
-35
-44
42
-87
-127
34
-132
-31
-68
-141
-27
-108
9
-5
1
143
-47
53
-33
-34
60
29
43
51
-2
162
10
133
41
-88
8
-37
22
35
2
-46
-40
-99
-24
2
-53
61
16
-62
-29
-8
-29
-32
-32
-106
-58
-91
-89
27
-87
74
-76
-60
-55
-155
-35
-56
13
-68
40
-22
-47
43
-57
-43
38
-58
104
50
101
124
19
111
25
124
43
140
137
70
81
117
53
55
68
-5
32
8
-86
38
-46
-36
30
-127
-39
-56
-43
-10
-57
-40
2
-23
113
4
38
5
-6
37
96
57
39
109
-93
51
9
62
92
61
-34
-33
-67
-139
5
-188
-15
-99
-27
-16
-94
-76
-97
-131
-148
-118
-144
37
-42
75
-28
45
-92
-3
-19
-79
63
-127
29
-39
58
0
51
-48
24
-101
28
-107
81
-69
118
-10
48
25
42
146
28
160
59
88
39
182
45
202
-26
64
0
49
-12
95
63
-3
18
24
1
-36
-1
-9
-101
46
-63
97
-68
32
46
-84
49
-23
34
25
70
4
75
-1
39
-130
44
-105
-61
45
-30
42
-52
-77
-58
-96
-111
-55
-105
-5
-31
8
-14
-28
59
-127
18
10
-81
110
-45
65
-49
-13
-45
-79
-2
12
-2
-40
1
-55
4
-43
1
3
-78
56
61
-54
132
-88
81
39
9
60
11
105
-101
83
-33
2
50
-32
10
24
-32
69
-37
78
-29
33
-3
-19
108
-77
144
33
115
63
23
76
11
68
89
46
11
-7
2
-36
-15
5
-97
-19
-57
-101
15
-91
-59
-40
-134
15
-85
2
-80
-14
-10
-46
-28
0
-62
-12
-24
15
26
-40
115
-36
33
-33
49
-112
104
-64
45
-14
7
30
-66
10
-30
-43
-6
32
14
6
-27
14
-110
54
-100
5
31
-62
27
31
-3
26
-38
42
-65
32
-4
93
44
89
37
-14
104
-8
67
132
15
126
57
80
101
38
121
37
36
16
12
50
-44
45
-17
-76
43
-91
-26
-65
-11
-54
-12
-32
-76
-23
-58
-49
-38
15
-67
47
-14
-48
22
-44
-36
64
-57
61
-44
16
1
2
8
-60
29
-98
29
-29
-120
76
-145
-16
-49
-88
78
-106
69
-46
-61
-11
-53
23
-39
-6
12
-32
30
-39
8
-5
-78
13
-28
-11
66
-62
75
-34
-32
49
-16
30
35
90
53
95
41
65
34
85
43
77
75
23
123
14
36
33
13
-19
-3
-12
-36
10
-88
-23
-25
-53
-40
27
-36
-18
33
-36
64
-87
150
-52
58
94
-55
160
-42
35
47
-38
19
52
-18
31
23
-7
-20
-79
-40
-98
9
-117
-30
-2
-82
-3
-18
-71
-12
-62
18
-57
-52
-26
-52
24
-124
65
-71
-99
-18
-42
-63
42
-17
-16
71
-92
-9
-3
-108
84
22
-17
169
-4
154
4
80
77
-29
164
-67
171
21
81
112
-1
51
49
-56
17
-32
9
29
-28
49
-24
4
-62
0
-77
0
-51
36
35
23
10
62
-40
5
35
-37
92
4
47
55
10
-27
31
-40
-9
-12
-15
-75
-17
-51
-78
-41
-51
-48
-20
-56
13
-55
-59
-48
-80
-50
-71
-11
-123
-7
-19
-59
-6
-11
-45
-58
-55
-11
-20
1
-11
11
36
22
39
36
20
30
25
41
29
31
56
11
73
55
36
31
87
-8
65
38
22
12
65
-32
37
86
-57
61
2
53
-53
100
2
-54
92
-33
2
92
-22
29
27
7
16
30
54
-26
75
-48
47
-17
3
42
-35
63
-24
13
-69
33
-92
19
-20
-7
-33
20
-47
-59
-6
-90
-29
-76
6
-79
-34
-14
-31
-89
19
-100
-57
-28
-106
-22
-35
-53
-20
-13
-68
-5
-34
-13
24
-27
-13
73
-73
47
33
-8
5
-20
33
-95
116
-35
97
-5
102
-39
68
-5
-29
62
-14
53
106
54
61
133
-13
103
-10
47
20
45
23
110
36
54
27
46
7
30
-10
7
-10
5
36
-14
6
-52
33
-59
-6
-16
-27
-1
-60
17
-67
-24
-61
-32
-61
-59
-51
18
-95
8
-87
-47
-24
-75
-1
-54
0
-46
2
-64
6
-60
34
-80
14
33
-27
5
3
-1
-38
43
-19
17
12
-12
-30
9
-30
11
-3
-10
22
15
23
59
13
33
27
2
16
64
13
76
17
14
91
-20
45
49
-6
23
65
-26
69
10
49
12
26
-18
67
-24
29
65
-45
64
3
19
-20
33
-6
-34
20
-40
-27
-41
-7
-29
-24
-3
-44
-22
-36
-15
-37
-19
-14
-37
-14
-8
-41
23
-49
0
3
-31
43
3
1
-33
25
-42
-28
57
-39
11
14
-26
-32
-6
-44
-51
-2
-23
-31
38
-11
-15
2
0
-5
-36
51
-49
44
23
3
60
-3
31
17
11
29
14
22
2
40
-21
52
-34
22
8
-38
34
10
-6
8
39
-41
55
-35
38
-24
44
-29
58
-8
-6
37
-49
28
-22
15
-27
-15
-12
-35
-6
-14
-18
-15
-16
-21
-25
9
-45
-10
17
-52
20
34
-14
25
45
-7
-5
15
20
-66
75
-29
-14
29
17
-30
12
53
-90
9
-12
-35
-29
67
-88
38
-20
13
-7
-9
58
-79
64
-14
18
2
39
24
-11
57
-11
46
5
33
-10
25
4
-22
-10
31
-30
17
50
-27
12
-7
10
-48
17
-39
37
-16
18
-22
28
16
-44
61
-57
-10
5
12
-26
44
-16
5
-23
-6
-18
-45
35
-24
16
-1
33
-43
19
-10
-30
-5
27
-21
17
15
6
9
-5
6
4
-27
-8
-25
-9
-28
7
-26
-13
11
-37
-4
-18
-17
-8
4
-6
0
-5
-8
-5
-16
-20
7
-3
26
30
27
33
12
23
-18
0
1
-5
22
12
31
5
18
31
-5
19
-28
-9
5
-8
11
29
-8
21
4
-25
6
-20
4
-33
17
-33
31
-9
12
-11
-5
-19
-11
-7
-6
15
-20
45
-26
30
-10
18
-28
14
-5
-14
31
-7
17
-7
13
-28
20
-11
-5
-9
12
-22
2
-17
-6
-3
-28
30
-18
28
-5
34
-25
8
15
-23
13
-16
8
-25
9
-6
-7
13
-16
33
-36
37
-14
18
4
4
4
-1
13
-8
18
-2
22
-13
22
16
-8
5
19
-29
-5
5
-15
-2
15
-16
-3
-6
9
-13
7
-19
-1
-6
-6
9
-9
24
-30
27
-26
2
-5
3
-8
6
-6
8
-4
-5
-1
-9
-14
11
-14
-7
-11
-6
-15
12
-13
-2
1
-8
11
-7
1
2
-2
-1
7
-9
11
-23
16
-12
-2
-2
-2
22
-19
15
6
-5
24
-11
8
4
9
11
16
14
10
2
6
-3
18
0
22
-5
3
0
6
-13
3
-28
11
2
-11
20
-13
0
1
4
-14
-2
-18
14
-4
21
9
5
1
-5
-2
1
9
-11
11
-7
-2
1
10
-11
-3
9
-12
8
3
1
-9
6
-27
5
-10
5
10
-8
13
-17
5
-2
0
-15
20
-14
1
0
-4
-6
6
-7
0
-10
-2
1
-11
6
-13
-4
-7
-2
0
-13
21
-19
7
7
0
19
2
10
-7
6
-3
4
-6
7
0
1
12
-7
3
1
-4
-6
4
-8
-2
3
-1
2
-2
10
-1
9
3
1
10
3
8
2
13
-1
-2
5
-7
1
1
1
-1
-2
-5
-3
-10
4
-13
4
-11
0
-10
-4
-5
-7
0
-13
9
-11
14
-4
8
-4
3
-2
2
2
1
2
2
2
4
0
4
2
2
-1
-4
2
-7
7
-10
9
-9
9
-5
5
0
-4
3
-6
4
-6
0
-4
0
-7
3
-5
5
-4
4
-3
1
-2
2
-2
5
5
7
2
11
1
6
4
-1
2
0
5
-1
12
-5
9
-7
1
-8
-3
-3
-2
0
3
0
1
-3
-4
-6
-6
-4
-3
0
2
1
3
-1
-3
-1
-6
0
-3
0
2
-3
3
-4
2
-2
0
1
-2
3
-4
0
-3
-3
1
-1
3
7
-1
9
-4
4
-4
0
-1
-1
2
4
1
5
-1
0
1
-5
4
-5
5
-4
4
-3
1
-2
-1
4
-4
7
-1
6
-2
6
-4
4
-3
0
2
0
3
-1
5
-4
4
-5
3
-4
2
-1
-1
3
-4
2
-7
0
-6
-1
-3
0
-3
-2
-1
-6
3
-5
3
0
3
1
4
-3
2
-4
-2
1
-6
7
-3
5
-1
2
-4
-1
-1
-5
4
-3
3
3
3
0
3
-3
2
1
1
4
1
4
2
3
0
3
-1
2
1
0
3
-1
1
-3
1
-4
0
-4
1
-2
2
0
2
0
1
-2
-1
-1
-2
-1
1
0
0
-1
2
-4
2
-4
1
-3
1
0
-1
1
-3
0
-1
0
-3
2
-2
3
-1
3
0
2
2
2
1
2
2
0
1
1
1
0
2
0
1
1
-1
0
-2
-1
-1
-2
1
-2
1
-1
-1
-1
0
-1
0
0
0
0
1
1
-2
0
-3
0
-2
1
1
1
0
2
0
1
-1
1
0
0
3
0
2
0
2
-1
1
-1
0
0
-2
-1
-2
-1
-4
-1
-3
-2
-3
-3
-3
-3
-2
-3
-2
-3
-1
-2
-1
0
0
0
1
1
2
1
2
2
2
3
2
2
2
1
2
2
1
2
0
1
0
1
-1
0
0
-1
-1
0
0
-1
0
0
1
0
1
-1
1
-1
1
1
0
2
0
1
0
2
1
2
1
2
1
2
1
1
1
1
1
1
2
0
1
0
1
1
0
1
0
-1
0
-1
-1
-2
-1
-1
-2
-1
-3
-2
-3
-1
-2
-2
-2
-1
-1
0
-2
0
-1
0
0
-1
1
-1
1
0
0
0
0
0
0
1
0
1
-1
1
0
0
0
1
0
0
0
-1
1
-1
0
-1
1
-1
0
0
-1
1
0
1
0
1
0
1
-1
1
0
0
0
1
2
1
1
0
1
-1
1
-1
0
0
0
0
-1
1
0
1
-1
1
0
1
0
1
0
1
0
0
0
0
1
0
1
0
1
0
1
0
0
0
0
1
0
1
-1
0
0
0
-1
0
0
-1
0
0
0
0
0
-1
-1
0
-1
-1
-1
-1
0
0
-1
-1
-2
0
-1
-1
-1
0
-1
0
0
0
1
0
1
0
1
0
1
0
0
1
0
1
0
0
1
1
1
0
0
0
0
1
1
1
0
1
1
0
1
0
1
0
0
0
1
1
1
0
1
1
0
0
0
1
0
0
1
1
1
0
0
0
0
0
-1
0
0
0
0
-1
-1
-1
-1
-1
-1
-1
-2
-1
-2
-1
-1
0
-1
-1
-1
0
-1
-1
-1
-1
-1
-1
-1
-1
-1
0
0
0
-1
0
0
0
0
0
0
0
0
1
1
1
1
1
0
2
1
2
1
1
1
1
2
1
1
0
1
1
0
0
0
0
0
0
0
0
0
1
0
0
0
1
1
0
1
1
0
0
1
1
1
0
1
0
1
1
1
1
1
0
1
1
0
0
0
1
0
0
0
-1
-1
-1
-1
-2
-1
-1
-1
-2
-2
-1
-1
-2
-1
-2
-2
-2
-2
-1
-1
-1
-1
-1
-1
0
-2
0
0
0
-1
-1
0
0
0
0
0
0
0
0
-1
0
0
0
0
0
0
1
0
1
0
0
1
1
0
1
0
0
0
0
0
0
0
0
0
0
-1
-1
-1
0
-1
-1
-2
-1
-1
-2
-2
-1
-2
-1
-1
0
0
-1
0
0
0
1
2
0
1
1
2
2
1
2
1
1
2
2
2
2
1
1
2
2
2
1
1
2
0
1
1
1
0
1
0
0
0
0
1
0
-1
0
-1
-1
-2
-1
-1
-1
-1
-2
-2
-2
-1
0
0
-1
-1
0
0
0
-1
1
0
0
0
1
0
1
0
0
0
0
0
0
0
0
0
-1
-1
0
0
0
0
0
0
0
0
0
0
0
1
0
1
1
1
1
1
1
1
1
1
0
2
1
1
2
1
1
1
1
1
0
0
0
0
0
0
-1
0
-1
-1
-1
-1
-2
-2
-2
-3
-2
-3
-3
-2
-3
-3
-2
-2
-3
-2
-2
-2
-2
-2
-2
-2
-2
-2
-1
-1
0
1
1
1
1
0
0
1
2
1
0
1
1
1
1
0
1
1
1
1
1
0
0
0
1
0
0
1
1
1
1
1
1
2
2
1
2
2
2
2
2
3
2
2
2
2
1
2
1
2
2
1
1
1
0
0
1
0
1
0
0
-1
-1
-2
-1
-1
-1
-1
-1
-1
-2
-1
-1
-1
-1
0
0
-2
-1
-1
-2
-2
-1
-1
-2
-1
-2
-2
-2
-2
-3
-1
-2
-2
-2
-2
-2
-2
-1
-1
-1
-1
0
0
0
0
-1
1
1
1
1
2
2
1
2
2
1
2
2
1
1
1
2
1
1
1
1
0
0
0
1
1
1
0
1
0
0
0
1
0
1
0
0
0
0
1
-1
0
0
0
1
0
-1
0
0
0
0
0
-1
0
0
0
0
1
0
0
0
0
0
-1
0
-1
-1
-1
0
-1
0
0
-1
0
-1
-1
-1
-1
0
-1
-1
-1
-1
-2
-1
-1
-1
-2
0
-1
0
-1
-1
0
0
0
0
0
-1
1
0
1
1
0
1
1
1
1
1
2
2
2
2
2
1
1
1
1
1
1
1
1
1
1
1
1
0
0
1
0
1
0
0
-1
0
-1
-1
0
-1
0
-1
-1
0
0
0
1
1
0
0
-1
0
1
1
0
0
-1
1
0
0
-1
0
-1
0
-1
-1
0
-1
-1
-1
-1
-1
-1
-1
0
-1
-1
-1
-1
0
0
0
0
1
-1
0
0
-1
0
0
1
0
0
1
1
0
0
0
-1
1
0
1
1
0
0
0
0
0
0
0
0
0
-1
0
0
0
0
0
0
-2
0
-1
0
-1
-1
-1
-1
0
0
-1
0
0
0
0
0
0
0
1
1
1
0
0
1
0
0
0
-1
0
0
0
0
0
0
-1
-1
0
0
0
0
-1
0
0
1
-1
0
0
-1
0
0
0
1
0
0
0
0
0
0
0
1
0
1
0
0
0
-1
-1
0
0
0
0
1
0
-1
0
0
0
0
1
0
-1
0
0
0
0
0
1
0
0
0
0
0
0
0
0
0
0
1
0
0
0
0
0
0
0
0
1
0
0
0
0
-1
-1
0
0
0
0
0
0
-1
0
0
-1
0
0
0
0
0
0
0
0
0
0
0
0
0
0
0
0
0
-1
0
0
1
0
0
-1
1
0
0
0
0
0
0
0
0
0
0
-1
1
0
0
-1
0
0
0
1
0
-1
0
0
0
0
0
0
0
1
-1
0
0
0
-1
-1
0
0
0
1
0
0
0
0
0
1
0
-1
-1
0
0
0
0
0
0
0
-1
0
-1
0
1
0
0
0
0
1
0
0
0
0
0
-1
-1
0
0
0
0
-1
0
1
0
1
0
0
0
0
-1
0
0
0
-1
0
0
0
0
0
0
0
0
-1
0
0
0
1
0
1
0
-1
0
1
0
0
-1
0
0
0
0
0
0
1
0
1
0
0
0
0
0
1
0
1
0
0
0
1
0
0
0
0
0
-1
0
0
0
0
0
0
0
0
0
-1
0
0
0
0
0
0
0
0
0
0
1
0
1
0
0
1
0
0
1
0
0
1
0
0
1
0
0
0
0
0
0
0
0
0
0
0
1
0
0
-1
0
0
-1
0
-1
0
0
1
1
0
0
0
-1
0
0
0
0
0
0
1
0
0
-1
0
0
0
0
-1
0
1
0
0
0
0
0
-1
0
0
0
0
0
0
0
1
0
0
0
0
0
-1
0
0
0
0
0
1
0
0
0
0
0
0
0
1
0
-1
0
-1
1
0
0
0
0
-1
0
-1
0
0
0
0
-1
1
0
0
0
1
0
-1
0
1
1
0
-1
0
0
0
0
0
0
0
0
-1
0
0
0
0
1
-1
0
0
-1
0
0
0
0
0
1
1
0
0
0
-1
-1
0
0
0
1
0
0
0
0
0
0
1
0
0
-1
0
0
1
0
0
0
0
0
1
0
0
-1
0
0
0
0
0
0
0
0
1
0
0
0
0
0
0
0
0
1
0
0
0
0
0
0
-1
0
0
0
0
1
0
0
1
0
0
0
1
-1
0
-1
0
0
0
1
0
0
0
0
0
0
1
0
0
0
0
0
0
0
0
0
-1
0
0
0
1
0
0
0
1
0
0
0
0
0
0
0
0
0
0
1
0
1
0
-1
0
0
-1
0
0
0
-1
0
0
0
-1
0
-1
1
-1
1
0
0
0
0
0
1
0
1
0
0
0
0
0
0
0
0
0
0
0
1
0
0
-1
0
0
0
0
0
0
0
0
0
0
-1
0
0
1
0
0
-1
0
0
0
0
0
0
0
0
-1
0
1
0
0
0
0
1
0
0
0
0
0
-1
0
0
-1
0
0
0
0
0
0
0
0
0
0
0
1
1
1
1
0
0
-1
1
0
0
0
0
0
0
0
0
0
0
0
0
1
0
0
1
0
1
0
0
1
0
0
0
0
1
0
0
-1
0
0
1
1
0
0
-1
0
-1
-1
0
0
0
1
1
0
-1
0
1
0
0
0
0
1
0
1
-1
0
1
0
0
0
-1
0
0
0
1
0
-1
0
-1
-1
0
0
1
0
0
0
1
1
0
0
1
1
-1
0
-1
0
0
0
1
0
0
0
0
-1
0
0
-1
0
0
-1
-1
1
0
0
0
0
-1
0
1
0
0
0
-1
1
0
1
0
1
-1
0
0
0
-1
0
0
0
0
0
0
0
0
0
0
0
0
0
0
0
0
0
1
0
0
0
0
1
0
0
0
0
0
0
0
0
0
0
0
0
0
0
0
0
0
0
0
0
1
0
0
0
0
-1
0
0
1
0
0
0
0
0
-1
0
0
0
0
0
0
-1
0
0
-1
0
0
0
-1
0
0
0
0
-1
0
0
0
0
0
0
0
0
0
0
0
0
0
0
0
-1
0
0
0
-1
0
-1
0
-1
0
0
0
0
1
0
0
0
0
-1
1
0
0
0
0
0
1
0
0
0
0
0
0
1
0
0
0
0
-1
0
-1
0
0
0
0
0
0
0
0
0
0
0
0
0
0
0
0
0
1
0
1
1
0
1
0
0
0
0
0
1
0
1
0
0
0
1
0
0
-1
0
0
1
0
-1
0
0
0
0
-1
-1
1
0
0
1
0
0
1
0
0
0
-1
1
0
0
0
0
0
0
-1
0
0
0
0
0
0
0
0
0
0
0
0
0
0
0
0
0
0
0
0
-1
0
-1
0
-1
0
0
0
0
0
-1
0
-1
1
0
0
0
0
0
-1
0
-1
0
-1
0
0
0
0
-1
0
-1
0
1
0
0
0
0
0
0
1
0
0
0
0
0
0
-1
0
0
0
0
0
0
0
0
1
0
1
1
0
0
0
0
0
0
0
0
0
0
1
0
1
0
0
0
0
0
0
0
1
0
0
0
1
0
1
1
0
0
0
0
-1
0
0
1
0
0
0
0
0
0
0
0
0
0
0
0
0
-1
0
0
0
0
0
0
0
0
0
-1
0
1
0
0
0
0
0
0
0
-1
1
0
0
0
1
0
1
0
0
0
0
0
0
0
-1
0
1
0
0
0
1
0
0
0
0
-1
1
1
0
0
1
0
0
0
0
0
0
0
0
-1
0
0
0
0
1
0
0
0
0
0
0
-1
-1
1
0
0
1
0
0
-1
0
-1
1
0
1
0
0
0
0
1
-1
0
0
0
0
0
0
0
0
0
0
0
0
0
0
-1
0
0
0
0
1
0
0
0
0
0
0
0
0
-1
0
0
0
-1
0
0
1
0
-1
0
0
0
0
1
1
1
0
0
-1
0
0
-1
0
0
0
0
-1
0
0
0
0
0
0
1
0
0
0
0
0
1
0
0
0
0
0
0
0
-1
1
-1
0
-1
0
0
0
0
0
0
0
0
0
0
0
0
0
0
1
0
0
0
0
0
0
0
0
0
0
0
0
0
0
-1
0
0
0
1
0
0
0
0
-1
0
-1
0
1
0
0
1
0
0
0
0
0
0
0
0
0
0
1
-1
0
-1
0
0
-1
0
0
0
0
-1
0
0
0
0
0
1
0
0
0
0
0
0
0
-1
0
0
0
0
0
0
-1
0
0
0
0
0
0
-1
0
-1
0
0
0
0
1
0
0
0
0
0
0
0
0
0
0
0
0
1
0
0
0
0
1
0
-1
0
1
0
0
0
0
0
0
0
-1
-1
0
0
0
1
0
-1
0
0
-1
0
0
0
-1
0
0
1
0
0
0
0
0
0
1
0
0
0
0
1
0
0
0
1
1
0
0
0
0
0
0
1
0
1
0
0
0
1
0
0
0
-1
1
1
0
-1
0
0
0
0
0
0
0
0
0
0
0
1
0
1
0
0
0
0
0
-1
0
1
0
0
-1
0
-1
0
0
-1
0
0
0
0
0
0
0
0
0
0
0
0
0
0
0
0
0
0
0
0
0
0
0
0
0
0
0
0
0
0
0
0
0
-1
0
0
0
0
0
0
0
-1
0
0
0
0
0
0
0
0
0
0
0
0
0
0
0
0
0
0
0
0
0
0
1
-1
0
0
0
0
0
0
0
1
0
0
0
0
0
-1
0
0
0
0
0
0
0
0
0
0
-1
-1
-1
-1
0
-1
0
0
