0
-1
-1
0
0
0
-1
0
0
0
0
0
-1
0
0
0
0
-1
0
0
0
0
0
0
0
0
0
0
0
0
0
0
-1
0
0
0
0
0
0
0
0
0
1
0
-1
0
0
0
0
0
0
0
0
0
0
0
0
0
0
0
0
0
0
0
-1
0
0
0
0
0
0
0
0
0
0
0
0
0
1
0
0
0
0
0
0
0
1
0
0
0
1
1
0
0
0
-1
1
1
0
0
0
0
0
0
0
1
0
0
0
1
0
0
0
0
0
-1
0
0
0
0
0
0
0
0
0
0
-1
-1
-1
0
0
0
0
-1
0
0
0
0
0
0
0
0
0
1
0
1
0
0
0
0
0
0
1
-1
0
1
-1
0
0
0
0
0
0
0
-1
0
0
0
-1
0
-1
0
0
0
0
0
-1
0
0
0
0
0
0
-1
0
0
0
0
0
0
0
0
-1
-1
0
0
0
0
0
1
0
0
0
0
0
-1
0
0
0
0
0
0
0
0
0
1
0
1
0
0
1
-1
1
0
0
0
-1
-1
0
0
0
-1
0
-1
0
0
0
-1
0
0
0
0
1
0
0
0
0
0
0
1
0
1
0
0
0
0
0
0
1
0
0
0
1
1
0
0
0
0
0
0
0
0
-1
1
0
0
0
0
0
0
0
1
0
0
-1
0
0
0
-1
-1
0
0
1
0
-1
0
0
0
0
0
0
-1
-1
0
0
-1
1
0
1
0
0
0
0
0
0
1
0
0
0
-1
0
0
0
0
0
1
-1
0
0
0
0
0
0
0
0
0
1
0
0
0
0
0
0
-1
0
0
-1
0
0
-1
0
0
0
0
0
0
0
0
1
0
0
-1
1
0
0
-1
-1
0
0
0
1
-1
0
0
0
-1
1
0
0
0
1
-1
0
0
0
0
0
0
0
0
0
0
0
-1
0
0
0
0
0
0
0
0
0
0
1
-1
0
0
-1
1
0
0
-1
0
0
0
0
0
0
0
0
0
0
0
-1
0
0
0
0
0
0
0
-1
0
0
0
-1
0
0
-1
-1
0
0
0
0
0
1
1
-1
0
-1
0
0
0
0
0
0
0
0
1
0
0
0
0
-1
1
0
0
1
0
0
0
0
0
1
1
0
0
0
0
0
-1
0
-1
1
0
1
0
0
1
0
0
1
0
0
0
1
-1
-1
1
0
0
0
-1
0
0
1
0
0
0
0
0
0
-1
0
0
0
-1
0
0
1
1
-1
0
0
0
0
0
0
0
0
0
-1
1
0
0
1
0
0
0
0
1
-1
0
0
0
0
-1
1
0
0
-1
0
0
0
0
0
-1
0
-1
1
0
0
1
0
0
0
0
0
0
0
0
-1
0
0
0
1
0
1
0
0
0
0
-1
0
0
1
1
0
0
0
-1
-1
0
0
0
-1
0
0
1
0
1
0
0
1
0
0
1
0
0
0
0
0
0
0
0
0
0
0
-1
1
0
0
0
0
0
0
0
0
0
0
-1
0
-1
0
0
0
0
0
-1
0
0
0
1
0
0
0
0
0
0
0
0
0
-1
1
1
-1
0
0
0
0
0
0
0
0
0
0
0
0
0
-1
0
0
0
0
0
0
0
0
-1
0
0
0
0
-1
0
-1
0
0
0
0
0
-1
0
0
-1
0
0
0
1
0
0
0
0
0
0
1
0
0
0
0
0
1
0
0
0
1
1
0
0
0
0
0
0
0
0
1
1
1
0
0
-1
0
0
0
-1
-1
0
0
0
0
0
0
0
0
0
0
0
0
0
0
0
0
0
0
0
0
0
1
1
1
0
-1
0
0
0
0
0
0
1
-1
-1
0
0
0
0
0
1
0
-1
0
0
0
0
0
0
0
0
-1
0
0
0
0
1
0
0
0
0
0
-1
1
1
0
0
0
0
1
0
0
0
0
0
0
0
0
0
0
0
0
1
0
0
0
0
0
0
1
0
0
0
0
0
0
0
0
0
0
1
0
-1
0
0
0
0
-1
0
0
0
0
0
0
-1
0
0
-1
0
0
0
-1
1
0
0
0
0
0
0
0
0
0
0
0
0
0
-1
0
-1
0
0
0
0
0
0
0
0
0
1
0
0
0
0
0
0
0
0
0
0
0
1
0
0
0
0
0
0
0
0
0
-1
0
0
1
0
0
0
0
0
0
0
1
0
0
0
0
0
0
-1
0
1
0
0
0
0
0
0
0
0
-1
0
0
0
0
0
0
0
0
1
0
-1
0
1
0
0
-1
0
0
0
0
-1
0
0
0
0
1
0
0
0
0
0
0
0
0
-1
0
0
0
0
0
0
0
0
0
1
0
0
0
0
0
1
0
0
1
0
1
-1
0
0
0
0
0
0
0
0
-1
0
-1
-1
0
0
0
0
0
0
0
0
0
0
-1
0
-1
0
0
0
0
0
0
-1
0
0
0
0
0
0
0
0
0
0
0
0
0
0
0
0
0
1
1
0
-1
0
0
0
0
0
0
0
0
0
0
0
0
0
0
0
0
1
0
0
0
0
0
1
0
0
0
0
0
0
0
-1
-1
0
0
0
0
0
-1
-1
0
0
0
-1
1
0
0
-1
0
0
0
0
0
0
0
0
0
0
0
0
0
0
0
0
1
0
0
-1
0
0
0
0
0
0
1
0
0
-1
-1
0
0
0
0
-1
0
0
0
0
0
1
0
0
1
0
1
0
0
0
0
0
0
-1
0
0
0
0
0
0
1
0
0
0
0
0
0
-1
-1
0
-1
0
0
0
0
0
0
0
0
0
0
0
0
0
0
-1
0
0
0
0
1
0
0
0
0
0
0
0
0
0
0
-1
1
-1
0
0
0
0
0
0
0
0
1
0
1
0
0
0
1
-1
0
0
0
0
0
0
0
0
0
0
-1
0
0
0
0
1
1
0
1
0
0
0
0
0
0
0
0
0
0
-1
-1
-1
-1
0
0
0
0
0
-1
0
0
0
0
0
-1
0
-1
0
1
0
0
1
0
0
-1
0
-1
0
0
0
-1
0
1
-1
0
0
0
0
-1
0
1
0
-1
1
1
0
1
-1
0
0
1
0
0
-1
1
0
0
1
0
0
0
0
1
0
0
0
0
1
0
-1
0
-1
0
1
0
1
-1
0
1
0
0
0
0
0
-1
0
0
0
0
0
0
0
0
-1
0
-1
0
0
0
0
0
-1
0
0
1
0
0
0
0
0
0
-1
0
0
0
0
0
0
0
0
0
1
0
1
0
0
0
0
0
-1
1
0
1
0
0
0
-1
1
-1
0
-1
0
0
0
0
0
0
0
0
0
0
0
0
0
0
-1
0
-1
0
1
0
1
-1
1
0
0
0
0
0
0
0
0
0
1
0
0
0
1
-1
1
-1
1
0
0
1
0
1
0
0
-1
1
-1
1
0
1
0
1
0
0
0
-1
0
-1
1
-1
1
-1
1
0
0
0
0
1
-1
1
-1
2
-2
2
-2
1
-1
0
0
0
1
0
1
0
0
-1
1
-1
2
-1
2
-2
1
0
1
-1
1
0
0
0
1
0
1
1
-1
1
-1
1
-2
1
-1
1
0
0
0
-1
1
-1
1
-2
1
-2
2
-2
2
0
1
1
-1
2
-2
3
-3
2
-2
1
0
-1
1
-2
2
-2
2
-2
1
-2
1
-1
1
-1
0
1
-2
2
-3
3
-3
3
-4
3
-2
2
-2
2
-1
1
-1
1
-1
1
-1
0
1
-1
2
-3
3
-3
3
-4
3
-1
1
1
-1
1
-2
2
-2
2
-1
-1
2
-2
2
-2
3
-1
2
0
1
1
-2
2
-1
1
-1
1
-1
1
-1
2
-2
0
0
-1
2
-3
2
-4
4
-4
4
-3
3
-2
2
-2
0
2
-3
4
-4
3
-3
4
-3
3
-2
1
2
-2
2
-2
1
-1
0
1
-1
0
1
0
-1
2
-3
4
-4
2
0
-1
2
-4
5
-6
4
-4
2
-2
-1
3
-5
6
-7
4
-1
-1
1
0
-1
2
-1
0
1
-2
1
-1
0
0
-1
3
-5
6
-5
5
-1
0
1
-2
-1
0
-1
0
0
1
-2
3
-3
3
-4
5
-4
4
-6
7
-6
3
2
-7
11
-10
7
-3
1
0
0
0
-2
1
1
-4
4
-4
2
-2
4
-6
6
-3
-2
6
-8
7
-4
3
-2
5
-6
8
-10
9
-7
4
2
-9
13
-14
12
-10
6
-5
4
-5
6
-5
1
3
-7
9
-9
8
-5
1
1
-2
4
-5
8
-9
6
0
-11
23
-31
30
-23
11
1
-9
17
-23
27
-27
21
-14
6
-4
4
-6
6
-7
4
1
-4
8
-12
14
-14
9
-5
1
1
0
-3
4
-5
2
2
-6
9
-10
10
-9
8
-7
5
-1
-2
5
-7
10
-13
15
-15
14
-12
8
-4
0
5
-8
9
-12
14
-16
19
-19
15
-6
-1
6
-7
5
-4
4
-4
4
-3
3
-2
3
-4
4
-4
3
-3
2
-1
0
0
0
-1
-1
2
-1
-2
6
-9
7
-4
-1
3
-2
1
-2
6
-9
10
-8
1
5
-11
14
-11
4
3
-6
6
-1
-7
8
-7
1
10
-18
25
-31
32
-35
29
-20
7
11
-27
42
-48
48
-44
30
-17
2
12
-22
26
-27
25
-18
9
3
-12
16
-10
2
-1
-1
-1
5
-3
5
-5
13
-20
22
-19
6
4
-10
13
-12
15
-13
16
-16
4
2
-10
12
-4
-4
10
-11
5
-1
0
4
0
1
-4
5
-16
23
-21
15
-3
-3
5
1
-3
-2
7
-23
24
-31
33
-28
27
-12
6
9
-14
10
-14
7
-16
17
-17
18
-13
13
-8
-3
5
-11
9
-2
6
-2
4
-4
3
-10
13
-21
17
-23
9
2
-7
30
-26
39
-43
29
-21
-2
15
-37
37
-30
27
-3
3
11
-11
-3
2
-15
11
-11
-1
18
-28
36
-21
23
-13
7
-3
-9
4
-3
-6
17
-26
24
-17
7
17
-22
35
-38
31
-28
9
-3
-11
19
-12
8
2
-9
9
-1
-4
7
-9
-1
14
-21
22
-22
14
0
-5
26
-35
52
-67
65
-70
35
-19
1
26
-24
45
-37
52
-58
50
-59
25
-24
7
-3
0
16
-1
21
-16
8
-1
-9
-3
7
-29
29
-33
26
-4
3
19
-12
17
-20
7
-13
5
-5
1
4
0
8
-10
23
-24
29
-23
-5
9
-17
14
-14
17
-11
6
17
-15
26
-25
-4
9
-35
34
-14
25
-8
8
-13
-4
-10
1
-2
5
11
-12
27
-29
26
-16
7
-1
-16
12
-21
17
-24
28
-10
9
19
-3
-15
22
-34
7
-5
-9
0
0
6
8
1
11
-3
4
-3
-6
-1
-11
11
-10
6
0
3
-2
5
-13
25
-30
28
-8
-13
25
-41
20
-8
-23
29
-19
30
16
-2
25
-32
5
-30
-5
1
-7
19
1
-3
9
-15
8
20
-29
55
-52
37
-23
-14
18
-53
48
-58
60
-33
49
-23
19
9
-27
29
-39
19
-33
17
-14
18
4
3
11
-15
12
-24
20
-19
21
-33
30
-18
9
8
-21
39
-41
43
-18
2
-5
-11
-25
20
-15
16
37
-31
35
-32
-11
18
-28
11
10
-12
27
-5
26
-32
53
-78
42
-60
16
-14
22
17
3
32
-24
9
-30
-3
-36
54
-51
62
-6
25
15
11
-24
-24
-47
-43
-24
6
24
69
86
18
71
-47
-50
-71
-88
-105
41
-110
179
46
131
141
-27
26
-131
-109
-113
-69
-16
50
66
74
82
33
24
-7
-44
-28
-82
-11
-76
40
-19
33
53
-16
101
-7
34
17
-59
-48
-28
-88
38
-12
8
109
-73
137
-64
43
-32
-62
6
-77
54
-41
81
-5
57
-36
39
-63
-3
-14
-21
4
6
4
34
16
0
41
-88
80
-139
77
-62
39
0
50
-16
20
47
-75
96
-131
45
-67
-30
46
-43
90
-39
72
-11
29
1
-3
-44
-25
-19
-23
38
-28
67
-38
50
-22
-9
5
-46
29
-10
0
51
-56
54
-48
11
-10
-28
49
-48
61
-7
-12
52
-47
31
-42
-23
-5
-30
41
-17
74
-21
52
-33
-2
-40
-9
-38
18
5
-9
61
-25
23
14
-33
6
13
-65
52
-59
22
29
-39
90
-74
76
-26
12
-1
-34
18
-40
8
-9
13
-12
3
-8
10
-6
36
-9
52
-42
34
-35
11
-22
-17
9
-39
52
-41
51
-16
23
12
-19
26
-54
17
-63
-34
-18
2
49
64
36
41
-5
-30
-2
-85
17
-80
45
36
58
72
15
16
-81
-55
-58
-18
7
2
70
0
29
-14
2
-28
-9
13
-39
19
-23
11
30
3
1
16
3
-21
52
-39
15
37
-35
38
-30
-9
-21
-29
-40
11
-9
46
51
19
12
-39
-17
-37
-52
-21
-8
17
42
54
42
23
40
-18
-20
-37
-46
-32
-10
-4
12
13
28
20
26
26
-25
27
-54
5
-31
-8
-1
18
12
19
9
-24
-5
7
-38
54
-55
46
-28
-36
26
-34
17
-8
22
-12
26
4
0
7
23
-19
35
15
-22
36
-58
-67
12
-123
59
30
3
212
-31
125
-66
-62
-74
-141
-50
-32
-1
124
67
51
135
-92
75
-88
-66
6
-109
33
-21
12
18
-11
65
16
23
33
-63
-22
-24
-95
34
-16
27
89
35
62
31
-18
-68
-33
-75
-7
-20
26
6
82
1
50
-17
-30
-18
-76
2
-20
59
24
107
-30
36
-76
-49
-16
-54
28
-25
41
34
13
23
-31
-53
-38
-33
80
36
49
-8
14
1
-20
-2
-97
34
-100
96
9
87
12
5
31
-110
92
-98
26
-51
-89
24
-17
44
52
37
27
75
-24
16
-27
-54
14
-92
2
-23
27
45
-11
64
-38
0
-29
-74
29
-87
89
-66
22
22
-25
89
-3
73
32
-2
10
-74
-13
-10
-19
64
-23
108
-47
10
-12
-88
15
-27
-27
1
-21
-44
103
-114
148
-76
33
43
-77
84
-91
48
-4
-40
96
-69
13
11
-11
55
22
-35
129
-123
20
-50
-132
75
-34
168
-12
68
-53
-87
-55
-82
-54
42
20
65
161
-11
58
-32
-93
31
-81
-4
12
12
68
43
-31
-2
-49
-9
-21
0
5
-51
30
-37
-18
38
-40
47
34
-30
62
-35
-14
47
31
23
6
-36
14
-35
57
-113
76
-91
60
8
-35
75
-35
32
-16
-2
-48
38
-92
26
-40
-30
10
1
24
14
18
22
-1
62
-11
23
-31
-22
-36
-74
40
-45
108
35
69
89
-31
40
-99
-48
-41
-36
-12
68
-74
88
-78
24
10
-75
76
-57
63
19
-18
-41
-11
-64
30
45
-9
110
-45
124
-22
-20
12
-114
32
-57
112
10
47
40
-79
45
-95
0
-74
-18
14
-72
47
-80
15
-37
90
-8
120
-28
-11
-51
-84
-8
-102
95
-76
210
73
121
119
-158
8
-160
-33
-30
5
61
30
124
-33
59
-97
-5
-6
-29
81
-73
114
-125
17
-98
-136
26
-85
71
89
71
63
51
-121
10
-130
-35
14
32
92
94
56
2
14
-55
-2
49
68
-76
63
-251
63
-160
54
-51
79
87
44
81
-33
12
-141
73
-187
15
-20
54
84
120
35
46
7
-40
-76
-13
-64
-75
51
-93
34
4
46
41
104
4
-20
48
-167
147
-63
-16
41
-167
60
-56
23
39
49
-49
13
6
-33
73
-25
-19
84
-71
68
-73
-74
71
25
105
36
-6
27
-175
0
-111
-1
-7
5
49
-61
27
-15
61
86
95
95
28
-27
-120
-112
-133
-118
64
-13
136
73
75
-31
20
-35
-70
43
-156
134
-90
102
-33
-7
4
-41
101
16
80
57
26
58
-184
-66
-106
-110
102
-98
150
35
77
-61
50
-132
-17
-51
-72
106
-129
169
13
127
116
-53
67
-152
21
-33
18
1
-3
72
39
-26
-34
-182
-113
-127
36
111
94
147
95
-13
-57
-49
-123
36
109
-44
239
-177
62
-102
-103
14
-13
155
20
95
-9
-161
-43
-165
-105
-125
13
-47
132
93
124
161
27
120
-33
-66
60
-140
89
-44
64
49
53
-17
-58
40
-125
-47
-75
-67
42
59
-31
49
-45
-161
-60
-155
-38
87
57
112
28
73
13
71
-57
108
-9
65
-13
58
-15
34
136
-113
181
-188
46
-169
-28
50
-132
36
-144
29
38
-36
100
41
71
10
-49
-59
-32
22
-128
35
-55
-27
145
52
147
84
-158
70
-245
-18
-15
-218
51
-111
100
136
227
-54
180
-153
85
25
-48
117
-83
14
-23
-85
-28
-3
-66
-41
-38
-104
-9
-2
119
140
64
-60
-16
-94
-9
86
3
50
88
-52
74
13
-85
35
-99
-8
-86
-74
-70
30
72
246
223
181
99
-54
-157
-105
-90
-152
8
-212
-37
-111
-185
55
-84
92
2
69
-14
50
30
85
87
156
-43
43
3
-1
35
16
72
-9
79
-15
160
-121
168
-264
47
-276
11
-123
-68
85
-56
171
17
119
102
86
-38
1
-230
-69
-134
-89
81
35
66
30
82
40
63
-43
-51
-165
-185
-128
-160
75
-20
64
238
86
349
155
106
145
23
-9
32
-92
-140
30
-134
113
8
-19
-76
-109
-151
-66
-104
-121
-181
-98
-126
-25
54
90
236
93
260
79
121
30
-76
-117
-159
-131
-116
-27
-2
90
154
206
66
116
-130
51
-46
-20
12
-186
-63
-155
-1
42
158
68
-1
59
-116
-49
-115
-71
-3
73
86
122
63
-15
102
-49
15
-90
-91
-159
-93
-2
53
100
45
116
2
127
-83
19
-188
-31
-122
21
-67
158
47
70
192
-27
96
-166
20
-279
-56
-212
-121
-81
-97
82
-139
257
76
255
367
235
268
163
90
-20
134
-102
118
-60
-98
-29
-267
-144
-209
-213
-187
-52
-233
11
-41
-180
7
-223
-94
43
-85
179
332
245
503
213
205
141
-110
70
-156
30
-81
-125
41
-142
82
-32
-39
0
-125
-29
-102
-68
-120
-93
-64
-127
96
-105
72
-53
-6
2
-64
0
62
38
78
113
100
170
46
184
75
77
-49
-101
-99
-123
-59
65
56
112
51
-15
-59
-120
-125
-156
1
-41
55
110
51
93
54
-64
33
-67
-78
-42
-149
-71
-44
72
101
181
64
123
-12
-27
-94
-220
-91
-205
-10
-102
88
7
113
42
63
51
23
63
8
124
-6
102
8
41
76
9
-32
-49
-13
42
69
106
127
136
91
64
36
-24
-28
8
-22
60
62
162
131
171
60
99
-19
-31
-15
-107
-91
-274
-195
-243
-284
-114
-189
-94
-80
-173
-99
-250
-163
-171
-115
-13
-75
-15
-37
-60
-24
19
16
51
38
73
111
178
126
125
13
-63
-99
-117
-75
-101
2
-26
60
86
-35
134
-1
38
80
-75
44
-96
-62
-3
-104
55
-64
32
1
-105
-38
-235
-140
-155
-114
-22
-162
-57
-146
-103
-61
-59
-30
1
50
101
145
107
184
109
136
133
113
136
134
161
190
204
214
217
205
214
188
213
157
164
166
151
234
168
228
147
188
160
161
232
173
210
242
227
274
239
174
140
-29
-65
-218
-206
-209
-238
-127
-150
-102
-96
-138
-198
-251
-296
-376
-388
-430
-485
-445
-460
-436
-364
-314
-241
-193
-169
-116
-111
-78
-39
-113
-156
-127
-211
-173
-172
-197
-139
-172
-148
-133
-133
-145
-51
-116
-51
-51
23
134
140
202
146
157
146
143
131
128
71
37
36
-37
-22
-65
-92
-73
-118
-86
-20
-45
54
39
81
160
137
236
191
219
256
214
236
184
190
234
226
313
309
374
392
443
470
488
439
460
425
406
411
332
381
357
423
451
460
474
484
473
490
465
490
425
395
382
284
305
240
198
137
48
-15
-125
-220
-304
-446
-569
-686
-831
-889
-990
-1044
-1073
-1089
-1034
-1035
-961
-947
-893
-814
-782
-724
-724
-749
-686
-736
-690
-703
-733
-723
-784
-753
-818
-812
-820
-830
-844
-841
-832
-807
-771
-764
-753
-757
-702
-679
-611
-570
-451
-294
-73
206
510
886
1287
1752
2256
2768
3245
3653
3989
4222
4362
4403
4294
4117
3820
3440
3050
2561
2073
1581
1100
698
309
-25
-329
-554
-683
-781
-846
-936
-1052
-1120
-1202
-1254
-1346
-1417
-1502
-1572
-1562
-1623
-1591
-1650
-1649
-1615
-1589
-1468
-1454
-1419
-1367
-1346
-1347
-1349
-1475
-1607
-1766
-1940
-2135
-2434
-2778
-3146
-3504
-3788
-4025
-4206
-4389
-4491
-4399
-4100
-3538
-2970
-2291
-1578
-606
525
1767
2858
3811
4546
5273
5914
6406
6577
6445
6085
5682
5319
4779
4174
3341
2584
1874
1349
840
440
39
-133
-205
-183
-109
-151
-127
-108
-78
-16
-47
-67
-114
-175
-114
-116
5
65
204
422
628
925
1255
1554
1857
2082
2273
2372
2406
2348
2093
1816
1356
882
368
-197
-782
-1416
-1887
-2311
-2612
-2852
-3107
-3290
-3449
-3531
-3534
-3608
-3732
-3901
-4034
-4162
-4394
-4714
-5148
-5545
-5805
-6124
-6378
-6814
-6914
-6790
-6192
-5312
-4524
-3484
-2377
-551
1332
3307
4831
6208
7388
8659
9663
10275
10184
9742
9032
8368
7542
6335
4915
3310
1934
702
-315
-1330
-2183
-2859
-2992
-3039
-2869
-2782
-2539
-2224
-1843
-1565
-1349
-1227
-1040
-770
-495
-247
-139
203
639
1264
1903
2489
3139
3821
4518
5181
5609
5892
5931
5882
5645
5156
4454
3587
2668
1753
870
-98
-1103
-2007
-2747
-3298
-3749
-4211
-4611
-4813
-4823
-4747
-4678
-4748
-4838
-4949
-5030
-5203
-5591
-6174
-6838
-7434
-7851
-8371
-8753
-9406
-9385
-9159
-8115
-6941
-5703
-4074
-2375
209
2539
5168
7055
8836
10408
11906
13014
13532
13124
12491
11375
10369
8919
7137
5063
2941
1162
-421
-1805
-3173
-4210
-4881
-4852
-4747
-4421
-4276
-3834
-3301
-2658
-2200
-1920
-1785
-1587
-1362
-1006
-810
-519
-284
251
959
1884
2846
3758
4697
5651
6575
7313
7854
8043
8028
7674
7138
6330
5360
4245
3021
1765
487
-735
-1799
-2717
-3478
-4254
-4787
-5170
-5296
-5277
-5198
-5161
-5174
-5152
-5167
-5218
-5472
-5920
-6728
-7524
-8397
-9089
-9901
-10606
-11324
-11776
-11447
-10718
-9026
-7697
-5647
-3753
-867
2269
5324
8097
10084
11964
13596
14991
15859
15741
14794
13512
11837
10385
8208
5937
3175
844
-1220
-2802
-4322
-5490
-6448
-6685
-6493
-6079
-5557
-5041
-4240
-3469
-2708
-2213
-1825
-1582
-1271
-1095
-838
-716
-375
71
795
1669
2680
3802
5092
6305
7527
8475
9253
9756
9943
9823
9301
8485
7396
6121
4696
3185
1674
281
-1049
-2168
-3146
-3933
-4610
-5092
-5367
-5425
-5313
-5304
-5190
-5230
-5171
-5231
-5441
-5939
-6647
-7616
-8517
-9613
-10460
-11416
-12268
-12876
-13337
-12780
-12147
-10218
-8636
-6268
-3889
-938
2581
5761
8838
10980
13004
14543
15911
16651
16475
15443
13976
12136
10473
8155
5715
2843
440
-1722
-3245
-4764
-5956
-6784
-7068
-6599
-5998
-5249
-4618
-3734
-2893
-2085
-1554
-1157
-1063
-949
-1023
-1031
-1073
-997
-780
-208
547
1561
2707
4102
5519
6901
8100
9065
9874
10346
10496
10173
9442
8467
7259
5999
4495
2922
1362
-26
-1170
-2177
-2941
-3757
-4277
-4636
-4666
-4578
-4523
-4602
-4699
-4788
-4942
-5261
-5890
-6759
-7892
-9164
-10302
-11553
-12537
-13720
-14398
-15101
-14897
-14271
-12749
-10630
-8568
-5641
-2966
974
4390
8011
10695
12976
14801
16411
17502
17857
17038
15684
13901
12151
10075
7480
4572
1677
-581
-2480
-3840
-5373
-6311
-6929
-6490
-5858
-5049
-4415
-3667
-2859
-2102
-1536
-1158
-1193
-1270
-1578
-1703
-1931
-2175
-2161
-1890
-1041
-250
958
2206
4029
5708
7381
8710
9903
10881
11577
11727
11372
10388
9264
7952
6530
4846
2927
1155
-399
-1470
-2535
-3421
-4294
-4822
-4998
-4826
-4573
-4539
-4649
-4802
-4827
-4988
-5402
-6287
-7382
-8767
-10084
-11414
-12644
-13866
-15059
-15739
-16322
-15663
-14885
-12787
-10654
-8059
-5020
-1768
2460
6132
9722
12250
14513
16426
18056
18931
18902
17683
16093
14109
12245
9754
6889
3626
844
-1418
-3078
-4642
-6040
-6852
-7108
-6418
-5736
-4938
-4396
-3678
-2919
-2204
-1880
-1793
-2119
-2382
-2804
-2923
-3307
-3451
-3415
-2867
-1744
-626
918
2585
4803
6834
8756
10301
11739
12855
13451
13414
12842
11748
10473
8949
7216
5166
3045
1110
-360
-1668
-2806
-3940
-4788
-5254
-5367
-5247
-5181
-5288
-5547
-5626
-5784
-6094
-6803
-7894
-9169
-10530
-11880
-13200
-14371
-15624
-16480
-17177
-17106
-16226
-14776
-12267
-10018
-6772
-3666
512
4653
8678
11974
14506
16789
18696
20219
20684
20045
18413
16453
14329
12119
9179
5899
2465
-161
-2372
-3876
-5667
-6879
-7585
-7354
-6572
-5915
-5281
-4756
-3929
-3118
-2522
-2369
-2526
-2920
-3194
-3444
-3569
-3926
-4050
-3702
-2754
-1357
96
1880
3985
6304
8471
10417
12008
13351
14226
14406
14043
13069
11706
10157
8304
6173
3799
1571
-278
-1720
-2959
-4162
-5130
-5819
-6033
-5849
-5616
-5522
-5663
-5845
-5826
-5928
-6343
-7315
-8451
-9832
-11081
-12492
-13775
-14985
-16131
-16831
-17325
-16524
-15420
-13013
-10800
-7836
-4610
-818
3683
7664
11529
14169
16703
18708
20542
21345
20986
19431
17478
15237
12971
10086
6714
2981
-139
-2645
-4401
-6109
-7672
-8539
-8631
-7756
-6931
-6117
-5514
-4567
-3607
-2699
-2365
-2212
-2479
-2596
-2885
-2941
-3239
-3375
-3075
-2312
-838
437
2298
4221
6702
8884
10878
12418
13670
14554
14760
14337
13246
11698
9976
8009
5793
3310
861
-1177
-2743
-4015
-5208
-6090
-6800
-6896
-6654
-6174
-5814
-5731
-5675
-5574
-5469
-5732
-6523
-7661
-9080
-10340
-11896
-13088
-14620
-15803
-16961
-17431
-16764
-15532
-13065
-11090
-7904
-4754
-287
4126
8439
12057
14965
17653
19794
21610
22114
21529
19782
17641
15241
12674
9423
5653
1697
-1470
-4026
-5782
-7737
-9173
-9895
-9539
-8385
-7369
-6411
-5515
-4313
-3126
-2133
-1671
-1594
-1682
-1901
-2097
-2351
-2697
-2787
-2448
-1545
-216
1227
3038
5215
7574
9792
11575
13005
14034
14722
14742
14082
12608
10730
8780
6701
4412
1810
-763
-2785
-4274
-5338
-6306
-7076
-7481
-7310
-6667
-5896
-5349
-5096
-4878
-4668
-4564
-4995
-5956
-7451
-8941
-10562
-12009
-13705
-15228
-16838
-17840
-17665
-16816
-14565
-12686
-9800
-6657
-2269
2419
6902
10807
13818
16884
19237
21346
22073
21679
20140
18127
15731
13055
9763
5964
2066
-1293
-3948
-5807
-7620
-9074
-9792
-9510
-8155
-6925
-5709
-4696
-3307
-1970
-802
-352
-248
-480
-803
-1285
-1799
-2506
-2962
-2960
-2482
-1331
-191
1594
3448
5983
8128
10237
11720
12918
13739
13949
13546
12327
10554
8591
6513
4337
1868
-586
-2701
-4232
-5229
-6045
-6622
-7024
-6725
-6027
-5076
-4383
-3944
-3681
-3413
-3257
-3666
-4632
-6231
-7875
-9712
-11411
-13269
-15088
-16867
-18186
-18132
-17423
-15251
-13492
-10606
-7490
-2989
1855
6434
10394
13419
16672
19084
21437
22049
21632
19943
17950
15570
12869
9442
5616
1834
-1495
-4078
-6021
-7794
-9073
-9640
-9264
-7940
-6675
-5397
-4211
-2651
-1244
-162
158
124
-55
-456
-1034
-1773
-2799
-3218
-3348
-2797
-1877
-794
936
2907
5467
7558
9859
11318
12819
13596
13872
13443
12217
10518
8506
6370
4025
1514
-878
-2871
-4331
-5459
-6272
-6742
-6914
-6424
-5667
-4596
-3848
-3396
-3029
-2712
-2604
-3274
-4482
-6305
-8045
-10120
-11984
-14137
-16043
-18040
-18930
-18757
-17387
-15125
-13063
-9766
-6153
-860
3913
8782
12216
15589
18387
20841
22536
22491
21349
19109
16907
14286
11294
7435
3488
-172
-2947
-5054
-6779
-8367
-9115
-9080
-7927
-6554
-5355
-4216
-2925
-1390
-217
295
223
-145
-568
-1218
-1877
-2985
-3858
-4186
-4012
-3031
-2222
-613
1191
3845
6271
8653
10526
12047
13319
13809
13854
12791
11214
9181
7153
4955
2393
-179
-2478
-4055
-5209
-6083
-6663
-6975
-6560
-5750
-4482
-3471
-2825
-2499
-2145
-1914
-2368
-3545
-5430
-7407
-9562
-11653
-13980
-16054
-18221
-19494
-19622
-18463
-16230
-14064
-10962
-7290
-2066
3027
8170
11828
15288
18149
20540
22392
22444
21334
18966
16620
13952
11148
7295
3340
-302
-2955
-4716
-6175
-7548
-8250
-7994
-6740
-5045
-3808
-2843
-1826
-518
486
920
484
-242
-950
-1816
-2466
-3658
-4364
-4781
-4544
-3633
-2582
-821
1034
3670
5872
8422
10087
11711
12596
13073
13002
11902
10297
8261
6449
4357
2061
-462
-2445
-3789
-4614
-5112
-5628
-5847
-5472
-4512
-3163
-2145
-1735
-1729
-1620
-1635
-2202
-3680
-5888
-8185
-10466
-12523
-14734
-16839
-19015
-19933
-19837
-18136
-15924
-13467
-10229
-6192
-914
4051
8968
12302
15908
18250
20642
21872
21561
20169
17667
15269
12574
9720
5910
2376
-911
-3066
-4505
-5766
-6717
-7057
-6446
-4920
-3379
-2306
-1508
-664
338
900
832
-48
-906
-1991
-2748
-3691
-4729
-5207
-5430
-4621
-3751
-2172
-492
1944
4234
6605
8601
10135
11506
11879
12231
11496
10340
8533
6659
4772
2819
685
-1386
-2922
-3971
-4410
-4745
-4933
-4851
-4316
-3224
-2066
-1253
-1037
-1078
-1032
-1503
-2422
-4402
-6559
-8968
-11269
-13735
-15979
-18341
-19729
-20058
-19118
-17052
-15033
-11874
-8131
-2875
2117
7150
10700
14575
17418
20023
21680
21531
20524
18163
15988
13323
10541
6611
2945
-507
-2706
-4217
-5535
-6561
-7021
-6386
-4716
-2778
-1424
-498
346
1472
2362
2513
1581
487
-899
-1893
-3076
-4145
-5079
-5596
-5366
-4686
-3298
-1708
553
2576
4949
6782
8592
9914
10619
10913
10289
9434
7918
6400
4670
2891
955
-821
-2225
-3158
-3585
-3918
-4110
-4003
-3524
-2615
-1601
-926
-647
-582
-708
-999
-1914
-3578
-5666
-7931
-10289
-12697
-15100
-17551
-18744
-19362
-18333
-16980
-14999
-12220
-8280
-3583
1335
5878
9313
13194
15769
18835
20029
20167
18884
16955
14825
12358
9347
5547
2116
-1218
-3071
-4751
-5821
-6749
-6918
-6034
-4242
-2297
-776
445
1636
2759
3708
3765
3142
2064
876
-295
-1506
-2586
-3673
-3969
-4269
-3544
-2658
-970
576
2558
4209
5896
7264
8003
8650
8202
7707
6424
5170
3688
2268
598
-790
-2003
-2965
-3390
-3672
-3523
-3296
-3004
-2360
-1469
-624
-160
-44
-174
-405
-1075
-2444
-4066
-6015
-7976
-10153
-12369
-14762
-16061
-16714
-16164
-15172
-14060
-11888
-8785
-4659
-346
3571
6600
10103
12609
15513
17046
17315
16428
14661
12922
10929
8453
4970
1605
-1555
-3265
-4697
-5777
-6863
-7074
-6153
-4432
-2466
-1010
361
1736
3124
4257
4648
4532
3820
3126
2187
1487
681
-127
-489
-911
-416
217
1474
2446
3790
4546
5762
6293
6555
6491
5634
4660
3100
1811
381
-856
-2403
-3458
-4260
-4520
-4519
-4239
-3781
-3080
-2262
-1349
-315
417
729
781
504
14
-1079
-2746
-4482
-6382
-8131
-10090
-12154
-13964
-14508
-14402
-12940
-11836
-10328
-8024
-4652
-735
3030
5736
8122
10474
12202
14150
14303
13798
11926
10075
8269
6503
3970
1017
-1811
-3908
-4866
-5759
-6302
-6879
-6307
-5199
-3416
-1897
-749
413
1514
2641
3247
3423
3229
3022
2548
2515
2408
2346
2480
2605
3381
4508
5560
6332
6958
7469
8085
7951
7397
6221
4686
2997
1023
-777
-2673
-4386
-5884
-6937
-7283
-7189
-6746
-6105
-5212
-3850
-2306
-766
484
1273
1731
1985
1789
1167
-211
-2015
-4041
-6026
-7986
-9855
-11888
-13479
-13850
-13341
-11456
-9862
-7846
-5316
-1793
2006
5795
8152
10296
11978
13044
14196
13629
12549
10185
7872
5456
3364
721
-1902
-4524
-6397
-7283
-7793
-7977
-8161
-7349
-6212
-4320
-2999
-1868
-747
406
1429
2057
2117
2179
2232
2314
2957
3340
4070
4779
5579
7073
8571
9801
10898
11279
11663
11741
10817
9641
7551
5338
2868
166
-2447
-4909
-6981
-8590
-9760
-10318
-10329
-9748
-8573
-7301
-5577
-3867
-1998
-235
910
1726
1950
1692
1115
-83
-1813
-3762
-6065
-7963
-9666
-11497
-12233
-12537
-11206
-9307
-7355
-4862
-1825
1768
5708
8693
10840
12736
13539
14737
14510
13497
11320
8578
5878
3478
858
-2076
-4944
-7439
-8599
-9407
-9754
-10462
-10243
-9256
-7443
-5775
-4955
-4121
-2949
-1555
-421
-62
-32
357
1020
2150
3132
4186
5356
6776
8633
10570
12183
13579
14236
14848
14848
14165
12863
10823
8460
5724
2776
-256
-3075
-5690
-7727
-9536
-10752
-11506
-11472
-10810
-9734
-8358
-6983
-5388
-3683
-2065
-716
-112
-27
-333
-961
-1736
-2960
-4648
-6442
-8083
-9575
-9822
-9814
-8586
-7213
-5758
-3401
-417
3048
6478
8740
10538
12301
13287
14476
14151
13039
11034
8715
6588
4617
2135
-593
-3399
-5656
-6903
-7922
-8720
-9819
-10166
-9924
-8891
-7960
-7451
-6999
-6269
-5251
-4239
-3562
-2997
-2108
-949
520
2055
3680
5446
7263
9214
11112
12782
14096
14781
15134
14933
14269
12916
11016
8707
6349
3853
1399
-1129
-3396
-5268
-6717
-7816
-8778
-9272
-9266
-8770
-7904
-7129
-6365
-5372
-4377
-3371
-2917
-2834
-2971
-3173
-3518
-4168
-5079
-6021
-7227
-7450
-7404
-6396
-4927
-4099
-2363
-350
2316
5318
7316
8572
9906
10541
11634
11769
10906
9569
7739
6279
4990
3348
1465
-578
-2362
-3467
-4565
-5461
-6682
-7515
-7928
-7870
-7782
-8064
-8242
-8053
-7467
-6729
-6188
-5643
-4560
-3192
-1350
490
2157
3949
5675
7568
9340
10704
11666
12214
12415
12295
11704
10596
9121
7461
5767
4077
2359
678
-775
-1988
-2977
-3867
-4713
-5359
-5695
-5853
-5723
-5613
-5605
-5563
-5460
-5204
-4841
-4841
-4970
-5152
-5172
-5072
-5024
-5297
-5594
-5044
-4226
-2400
-1177
-293
1163
2858
5142
7055
7672
8209
8466
8752
9080
8363
7119
5542
4024
3021
1954
558
-746
-2120
-2754
-3288
-3805
-4584
-5422
-5827
-5884
-5723
-6004
-6587
-6866
-6676
-6136
-5501
-5259
-4528
-3267
-1452
665
2283
3820
5414
7033
8603
9490
9737
9735
9437
9042
8204
6918
5420
4005
2808
1737
698
-334
-1240
-1755
-1977
-2208
-2508
-3126
-3580
-3833
-3921
-3980
-4368
-4893
-5273
-5406
-5313
-5449
-5760
-5902
-5666
-5316
-4887
-4982
-4655
-3513
-2033
279
1584
2831
4325
6085
8315
9779
9988
9917
9438
9198
8926
7751
5984
3804
1834
536
-562
-1855
-3300
-4658
-5430
-5829
-6033
-6539
-6927
-7154
-7054
-6748
-6576
-6586
-6396
-5993
-5226
-4317
-3531
-2198
-628
1390
3410
5046
6659
8175
9432
10458
10610
10341
9646
8686
7571
6025
4251
2366
816
-488
-1454
-2336
-3071
-3587
-3703
-3636
-3449
-3479
-3725
-3987
-4186
-4115
-4211
-4676
-5293
-5833
-5908
-5840
-5962
-6125
-6171
-5754
-5052
-4456
-4238
-3200
-1763
564
2887
4250
5892
7352
9537
11673
12732
12854
12364
11627
11270
10520
8921
6654
4033
1956
501
-963
-2616
-4499
-5985
-6991
-7550
-8250
-9052
-9618
-9827
-9623
-9411
-9410
-9154
-8615
-7612
-6236
-4952
-3170
-1289
1152
3667
5993
8181
9838
11246
12237
12682
12503
11712
10444
9031
7310
5374
3301
1419
-111
-1284
-2330
-3290
-3997
-4466
-4679
-4788
-4913
-5183
-5505
-5767
-5869
-5781
-5918
-6250
-6702
-6863
-6777
-6707
-6700
-6871
-6744
-6373
-5753
-5421
-4203
-2759
-355
2272
3897
6131
7936
10454
12711
13933
14383
14250
13775
13298
12452
10859
8818
6322
4117
2406
970
-604
-2312
-4028
-5318
-6193
-7215
-8290
-9316
-10066
-10408
-10638
-11037
-11069
-10908
-10117
-8917
-7426
-5434
-3272
-682
1828
4595
6982
9071
10616
11601
12142
12257
11750
10668
9526
7957
6371
4518
2848
1556
605
-414
-1493
-2673
-3624
-4266
-4791
-5278
-6031
-6747
-7323
-7488
-7437
-7320
-7457
-7517
-7389
-7024
-6524
-6346
-6246
-6368
-6189
-6209
-5907
-4766
-3311
-739
993
2935
5127
7465
10482
12486
13792
14200
14209
13934
13642
12597
10964
8771
6482
4703
3318
2080
522
-958
-2286
-3096
-3924
-5021
-6177
-7011
-7749
-8185
-9035
-9820
-9993
-9894
-9024
-8078
-6803
-5015
-3019
-818
1368
3439
5355
6675
7676
8279
8394
8299
7799
7255
6685
5951
5006
3997
3215
2691
2294
1498
335
-1063
-2255
-3137
-3875
-4805
-6003
-6957
-7667
-7802
-7674
-7666
-7692
-7709
-7626
-7123
-6795
-6414
-6555
-6692
-7026
-6562
-5117
-3305
-588
646
2719
4695
7485
10340
11960
12648
12474
12339
11792
11441
9985
8456
6370
4709
3577
2992
2500
1840
1144
425
32
-820
-1664
-2986
-3824
-4813
-5658
-7032
-7929
-8184
-7684
-6703
-6086
-4749
-3424
-1242
516
2076
3090
3825
4256
4395
4287
3820
3456
2800
2595
2472
2629
2717
2685
2413
2346
2082
1718
828
-506
-1697
-2806
-3440
-4260
-4809
-5462
-5696
-5703
-5546
-5396
-5336
-5534
-5785
-6145
-6534
-6769
-7264
-8029
-8355
-7405
-5451
-2201
-293
1897
3975
6856
10173
12051
12846
12170
11565
10455
9667
7918
5980
3797
2004
914
455
435
441
629
580
672
228
-401
-1151
-1466
-1992
-2705
-3964
-4854
-4478
-3235
-1844
-938
-509
483
1995
3329
4171
3805
3070
2155
1550
1033
528
-132
-687
-796
-380
420
1063
1309
1062
679
99
-649
-1641
-2755
-3718
-4489
-4952
-4968
-4676
-4054
-3460
-3022
-2649
-2338
-2231
-2506
-3172
-4137
-5163
-6267
-7170
-8319
-7913
-6852
-4132
-1229
659
3225
5109
8276
10375
11480
11036
10041
8775
7676
6505
4817
3422
1715
880
258
495
557
780
449
-60
-760
-1889
-3061
-3918
-4229
-4146
-3854
-3927
-2753
-843
1945
4389
5533
6367
6784
7218
7076
6128
4426
2477
537
-818
-1430
-1611
-1612
-1751
-1597
-1147
-474
-297
-772
-1838
-3091
-4276
-5275
-6079
-6472
-6408
-6051
-5096
-4112
-2888
-1879
-1094
-628
-590
-1113
-1911
-2799
-3604
-4378
-5524
-6516
-7639
-6591
-4794
-1583
1267
2573
4577
5735
8139
9332
9561
8416
6963
5517
4542
4116
3430
3173
2293
2077
1910
2410
2389
1978
640
-1063
-2843
-4749
-6368
-7300
-7201
-6296
-4953
-3573
-1054
1945
5454
7705
8955
9100
9069
8679
7757
6391
4506
2814
1261
594
285
581
605
539
276
-102
-763
-1887
-3565
-5418
-6978
-8283
-8889
-9025
-8468
-7360
-5901
-4344
-2953
-1999
-1382
-1065
-1055
-1461
-2329
-3278
-4105
-4309
-4559
-4566
-4948
-4380
-2306
293
3974
5163
6313
6329
6733
7519
7100
6195
4145
2742
1483
1921
1950
2736
2845
2893
3064
2998
2970
1987
710
-1644
-3829
-6097
-7694
-8274
-7636
-6137
-3769
-1658
801
3452
5815
7742
8388
8122
7309
6433
5623
5088
4431
4096
3849
4064
4163
4313
4063
3415
2397
764
-1315
-3708
-5956
-7851
-9087
-9885
-9825
-9276
-8191
-6943
-5558
-4213
-3187
-2656
-2829
-3257
-3700
-4115
-4417
-4625
-4639
-4328
-3911
-3215
-2595
-948
1029
3562
6004
6766
7574
7154
7443
7384
7013
5923
4417
3154
2191
2294
1944
2007
1414
1020
438
-99
-1073
-2096
-3158
-4553
-5738
-7054
-7643
-7086
-5418
-3158
-707
906
2492
3696
5043
6110
6514
6196
5396
4931
4969
5593
6101
6341
6181
6155
5897
5619
4863
3666
2129
211
-1863
-3847
-5482
-6650
-7238
-7707
-7658
-7378
-6782
-6071
-5481
-5061
-5056
-5119
-5348
-5333
-5148
-5127
-5090
-5110
-4880
-4270
-3672
-3319
-2242
-535
2107
5003
6444
7570
7880
8550
9168
9162
8408
7066
5733
4408
3802
2957
2199
1209
254
-479
-1028
-1850
-2900
-3929
-5018
-5926
-6977
-7767
-7572
-6263
-4239
-2163
-801
350
1418
2683
3765
4464
4476
4066
3844
4030
4811
5573
5984
5820
5711
5446
5322
4808
3831
2639
1063
-546
-2086
-3341
-4219
-4688
-5232
-5667
-6018
-6021
-5698
-5268
-5028
-5016
-5094
-5168
-4842
-4370
-3800
-3488
-3446
-3650
-3495
-3380
-2826
-1619
-118
2423
4159
5553
6155
6459
7338
7980
8400
7602
6388
4929
4418
4310
3984
3099
1577
318
-433
-791
-1595
-2627
-4144
-5329
-6076
-6521
-6537
-5898
-4767
-3008
-1279
-160
750
1255
1970
2683
3089
3029
2724
2639
3089
3904
4488
4494
4076
3508
3088
2728
1955
999
-116
-1157
-1896
-2637
-3180
-3480
-3699
-3793
-3976
-4432
-4901
-5359
-5619
-5644
-5722
-5679
-5646
-5347
-4675
-3809
-2866
-2261
-1833
-1593
-775
899
2989
5721
7094
8092
7899
7700
8062
8283
8522
7374
6029
4125
3421
2974
3003
2478
1232
-200
-1612
-2331
-2850
-3181
-3973
-4686
-5472
-5633
-5280
-4065
-2505
-738
299
747
578
410
794
1280
1793
1619
1307
1190
1907
3090
4260
4455
3749
2503
1312
610
-38
-803
-1915
-3151
-3895
-4027
-3802
-3482
-3504
-3693
-3951
-4169
-4556
-4950
-5470
-5876
-6130
-6108
-5989
-5522
-4968
-4114
-3120
-2413
-1655
-627
1013
3606
6367
8080
9130
8722
8907
9137
9827
9945
9330
8193
6918
6338
5689
5495
4331
3003
1092
-431
-1966
-3209
-4448
-5565
-6052
-6477
-6394
-6140
-5312
-3779
-1821
-329
552
333
-54
-51
459
1474
2221
2592
2708
2872
3282
3801
3952
3488
2165
428
-1355
-2688
-3344
-3640
-3727
-3947
-4248
-4483
-4433
-4163
-3915
-3965
-4581
-5469
-6380
-6880
-6856
-6486
-6023
-5574
-5057
-4520
-3679
-2864
-1479
164
2397
4508
6119
7188
7225
7524
7425
7950
8175
8351
8025
7614
7357
7072
7179
6430
5741
4384
3189
1897
530
-954
-2371
-3468
-4160
-4383
-4491
-4221
-3787
-2929
-2092
-1463
-1455
-1782
-2240
-2265
-1804
-908
196
1191
2110
2806
3405
3636
3591
3020
2055
742
-589
-1606
-2272
-2521
-2770
-2985
-3316
-3430
-3397
-3187
-3133
-3374
-3755
-4287
-4488
-4571
-4211
-3793
-3186
-2623
-2220
-1883
-1603
-1037
-311
652
1456
2211
2689
2923
2851
2570
2231
1972
1921
1910
1998
1984
2007
1945
1909
1855
1809
1800
1825
1859
1876
1773
1449
941
213
-476
-898
-830
-453
69
462
670
741
792
810
837
826
802
941
1128
1520
1812
2035
2060
1894
1758
1540
1434
1337
1164
926
530
-20
-543
-1049
-1385
-1575
-1785
-1844
-1870
-1767
-1662
-1721
-1939
-2276
-2536
-2701
-2839
-2969
-3087
-3123
-3007
-2826
-2526
-2241
-1849
-1449
-1057
-682
-311
76
438
698
688
532
171
-74
-200
-159
-5
123
223
279
378
514
672
820
890
801
560
235
51
91
309
498
559
615
870
1426
2151
2760
3142
3240
3192
3069
2900
2773
2579
2430
2260
2225
2313
2379
2310
1900
1259
471
-292
-960
-1497
-1976
-2333
-2601
-2759
-2825
-2882
-2883
-2873
-2732
-2470
-2156
-1861
-1677
-1550
-1409
-1304
-1234
-1176
-1060
-843
-565
-387
-179
112
515
904
1041
938
694
517
365
244
78
-115
-270
-472
-596
-688
-722
-665
-636
-606
-622
-707
-914
-1058
-1133
-1027
-861
-669
-363
32
601
1128
1530
1772
1934
2054
2208
2357
2517
2686
2821
2899
2855
2755
2567
2302
1993
1707
1510
1453
1354
1132
731
191
-360
-919
-1499
-2190
-2829
-3353
-3571
-3566
-3571
-3551
-3555
-3364
-2954
-2369
-1799
-1295
-927
-682
-403
-167
206
607
1016
1403
1699
1982
2241
2493
2589
2577
2336
1995
1577
1185
904
644
337
-42
-485
-805
-953
-1065
-1166
-1444
-1676
-1929
-2047
-2161
-2206
-2210
-2157
-1947
-1778
-1462
-1124
-632
-72
434
863
1280
1686
2114
2455
2651
2818
2839
2858
2632
2244
1802
1373
1225
1289
1489
1753
1756
1454
827
-92
-951
-1748
-2250
-2477
-2445
-2323
-2184
-2191
-2253
-2295
-2328
-2263
-2259
-2171
-1997
-1684
-1418
-1208
-1151
-986
-526
168
1044
1716
2170
2300
2308
2233
2203
2122
1905
1641
1295
992
782
583
443
273
55
-135
-293
-214
-17
260
375
219
-127
-554
-885
-1019
-1024
-854
-586
-277
67
246
296
201
39
-83
-169
-238
-205
-131
147
558
975
1357
1489
1500
1380
1166
1002
803
536
227
-219
-588
-806
-917
-848
-810
-832
-1018
-1304
-1506
-1540
-1374
-1200
-1199
-1398
-1687
-1832
-1752
-1565
-1363
-1332
-1310
-1112
-710
-129
318
465
360
150
23
-41
-151
-241
-318
-207
83
507
1040
1576
2027
2321
2458
2460
2423
2338
2164
1932
1699
1577
1595
1622
1612
1543
1437
1316
1128
867
562
246
-6
-289
-543
-742
-816
-757
-704
-639
-616
-572
-515
-459
-420
-425
-493
-592
-720
-848
-944
-1021
-1030
-967
-807
-648
-510
-414
-413
-513
-742
-1107
-1462
-1733
-1947
-2127
-2356
-2580
-2686
-2683
-2529
-2275
-1946
-1642
-1446
-1433
-1594
-1736
-1776
-1591
-1273
-894
-458
147
994
2054
3077
3787
4141
4228
4294
4434
4656
4830
4920
4890
4774
4558
4173
3652
3021
2394
1736
1131
501
-97
-665
-1147
-1420
-1550
-1607
-1707
-1867
-1997
-2040
-2004
-1919
-1850
-1700
-1454
-1105
-697
-373
-178
-145
-261
-359
-406
-371
-354
-440
-525
-600
-585
-543
-580
-715
-1002
-1395
-1893
-2378
-2765
-2981
-3061
-3151
-3306
-3522
-3681
-3839
-3899
-3931
-3708
-2996
-1855
-377
876
1723
2026
2077
2252
2617
3231
3787
4146
4342
4487
4783
5259
5737
6013
5914
5351
4449
3392
2417
1667
1142
755
372
-31
-375
-553
-535
-531
-700
-1223
-1988
-2730
-3187
-3221
-2864
-2344
-1797
-1301
-874
-420
-93
114
89
-111
-354
-561
-636
-579
-327
-30
227
315
197
6
-208
-404
-663
-1032
-1551
-2043
-2434
-2629
-2732
-2768
-2848
-3011
-3294
-3700
-4080
-4197
-3756
-2695
-1176
298
1361
1761
1799
1761
1907
2245
2523
2615
2472
2353
2424
2852
3471
4139
4614
4779
4618
4102
3384
2548
1751
1058
471
-13
-298
-304
2
403
619
439
-179
-979
-1692
-2098
-2159
-1938
-1586
-1162
-729
-322
-1
183
216
117
-46
-278
-476
-656
-671
-618
-430
-217
-105
-112
-291
-492
-716
-901
-1165
-1454
-1789
-2030
-2089
-1988
-1867
-1845
-1983
-2244
-2619
-3045
-3492
-3768
-3641
-3007
-1712
-263
1128
1977
2277
2277
2146
2206
2319
2474
2590
2691
2811
3037
3343
3750
4142
4406
4354
3913
2964
1823
629
-291
-847
-1150
-1150
-1089
-844
-585
-310
-233
-406
-810
-1283
-1670
-1858
-1818
-1580
-1154
-615
-58
442
836
1032
1034
846
572
254
-11
-242
-358
-393
-269
-68
114
176
31
-234
-578
-961
-1347
-1736
-2060
-2219
-2241
-2115
-1955
-1841
-1799
-1865
-1988
-2216
-2487
-2787
-3006
-2884
-2352
-1356
-169
973
1811
2213
2307
2223
2214
2326
2543
2785
3027
3264
3504
3658
3738
3752
3688
3581
3276
2751
1887
825
-249
-1117
-1622
-1792
-1723
-1587
-1440
-1401
-1415
-1573
-1795
-2048
-2216
-2197
-1992
-1669
-1272
-809
-333
226
727
1177
1452
1498
1349
1049
748
523
449
503
593
660
675
643
564
387
105
-290
-783
-1251
-1604
-1798
-1877
-1912
-1957
-1961
-1918
-1807
-1666
-1559
-1481
-1509
-1553
-1635
-1614
-1440
-1147
-701
-245
322
911
1502
1997
2320
2511
2565
2589
2536
2453
2297
2144
2103
2181
2357
2402
2234
1813
1206
570
-48
-576
-1024
-1360
-1605
-1716
-1685
-1576
-1351
-1163
-964
-797
-696
-613
-670
-777
-925
-976
-837
-512
-30
485
975
1303
1467
1369
1071
624
144
-180
-343
-306
-192
-64
0
-43
-150
-319
-480
-595
-668
-705
-736
-790
-790
-756
-657
-527
-400
-269
-170
-39
44
58
13
-101
-176
-164
-67
98
273
418
519
563
570
511
426
353
327
380
524
689
815
838
740
519
236
-73
-328
-470
-514
-487
-425
-387
-368
-320
-267
-174
-145
-147
-226
-328
-405
-452
-419
-316
-141
92
353
597
783
849
804
677
483
261
45
-123
-231
-280
-318
-329
-344
-341
-308
-282
-261
-258
-246
-210
-154
-110
-100
-123
-169
-171
-110
10
188
361
511
633
729
805
835
765
622
430
247
120
49
3
-19
-53
-83
-88
-79
-44
-26
-75
-202
-374
-532
-617
-624
-564
-478
-387
-310
-219
-132
-40
6
-49
-197
-381
-498
-482
-367
-230
-145
-140
-123
-79
42
175
286
321
304
246
205
190
176
166
133
115
109
119
122
97
44
-24
-57
-34
29
85
99
66
45
50
104
171
209
202
165
153
184
265
379
480
539
538
461
355
222
89
-19
-109
-152
-173
-182
-203
-243
-288
-322
-362
-384
-429
-460
-466
-449
-356
-245
-105
9
62
74
67
61
86
76
55
10
-21
2
39
93
102
75
17
-62
-141
-205
-246
-251
-228
-198
-153
-117
-93
-77
-101
-141
-205
-266
-291
-284
-229
-163
-87
-21
45
130
226
326
393
430
437
430
431
430
457
480
509
522
488
426
327
235
159
99
53
10
-51
-107
-162
-194
-208
-219
-224
-226
-239
-251
-276
-290
-293
-288
-267
-238
-185
-122
-45
18
68
106
122
149
159
164
156
122
90
57
46
45
55
51
48
46
35
37
29
30
25
2
-24
-28
-15
14
31
0
-43
-116
-183
-229
-254
-267
-275
-283
-285
-267
-238
-184
-119
-65
-42
-46
-58
-48
-27
-1
30
61
85
94
81
69
87
130
191
229
229
194
138
77
37
15
6
1
-16
-37
-64
-79
-77
-40
8
55
77
63
52
51
76
100
116
109
88
79
87
108
132
135
117
85
62
72
135
218
291
315
291
234
161
112
81
69
58
33
15
8
7
-8
-66
-165
-282
-369
-416
-421
-418
-418
-422
-426
-400
-355
-304
-279
-292
-329
-353
-351
-323
-268
-225
-182
-160
-139
-91
-20
63
160
230
265
271
229
175
129
109
134
194
258
307
318
306
286
273
286
301
322
330
326
298
249
193
136
94
51
17
7
6
32
39
42
29
10
2
-19
-14
-14
-2
27
60
124
184
236
267
268
258
216
146
53
-50
-141
-203
-240
-251
-256
-278
-316
-369
-430
-484
-530
-566
-588
-575
-546
-500
-441
-395
-350
-310
-282
-230
-172
-91
-7
73
135
175
201
223
249
276
303
312
309
310
314
338
361
369
353
329
304
272
240
198
152
118
98
82
68
29
-7
-49
-59
-52
-43
-38
-46
-56
-67
-66
-64
-47
-27
4
25
44
60
81
101
118
128
119
87
47
5
-16
-18
-17
-18
-31
-47
-74
-94
-120
-164
-213
-277
-324
-355
-357
-347
-327
-315
-305
-283
-246
-181
-121
-71
-37
-4
33
70
102
120
147
184
222
250
260
243
223
209
217
235
243
234
191
146
101
80
65
44
2
-46
-89
-109
-104
-84
-45
-13
22
45
56
46
26
-3
-24
-27
-14
2
14
17
27
45
70
84
76
44
-17
-81
-143
-187
-217
-241
-241
-227
-175
-107
-39
-3
-3
-39
-81
-121
-147
-150
-139
-115
-81
-43
8
56
96
125
117
100
70
64
76
113
149
182
202
213
220
207
192
162
145
130
130
127
124
116
90
66
28
-8
-49
-93
-135
-172
-196
-203
-184
-146
-103
-69
-49
-49
-57
-64
-72
-77
-91
-103
-102
-88
-51
-6
40
75
92
86
61
18
-40
-97
-148
-184
-203
-206
-190
-166
-127
-79
-31
16
41
43
20
-23
-62
-84
-75
-37
27
90
150
183
193
187
170
145
121
103
98
109
132
162
187
207
213
206
188
164
136
102
69
40
22
20
19
11
-5
-24
-44
-64
-92
-125
-158
-181
-189
-172
-144
-107
-83
-65
-56
-50
-47
-45
-45
-52
-55
-58
-45
-13
33
77
103
101
78
42
4
-38
-82
-124
-153
-167
-164
-147
-127
-108
-90
-80
-76
-78
-85
-93
-96
-85
-67
-42
-13
18
53
88
114
127
132
132
135
139
150
153
158
158
161
162
166
169
163
150
124
94
57
23
-8
-28
-41
-46
-53
-62
-73
-87
-94
-94
-87
-74
-52
-30
-10
1
1
-7
-16
-15
-7
6
25
43
56
73
84
93
92
74
41
-7
-51
-90
-113
-128
-135
-139
-137
-124
-114
-105
-111
-123
-137
-144
-143
-134
-126
-108
-93
-72
-51
-38
-25
-22
-11
1
18
33
52
75
104
138
162
182
185
182
173
166
159
155
153
152
150
139
122
92
60
25
-9
-41
-70
-91
-99
-92
-75
-55
-44
-40
-45
-57
-69
-79
-82
-72
-56
-32
-2
25
56
85
110
124
123
107
84
58
42
30
17
4
-13
-23
-32
-30
-38
-44
-65
-86
-109
-127
-135
-142
-143
-140
-131
-118
-98
-83
-67
-60
-53
-48
-40
-28
-15
1
18
38
56
76
86
87
84
76
70
66
61
59
62
68
79
86
90
84
68
48
25
5
-12
-23
-29
-27
-23
-15
-7
-4
-3
-10
-22
-40
-57
-72
-75
-71
-52
-27
3
35
63
86
99
100
91
71
49
31
17
13
15
22
29
38
38
33
16
-8
-36
-61
-77
-86
-84
-78
-68
-63
-57
-56
-56
-62
-69
-79
-86
-87
-80
-62
-40
-15
5
21
31
33
28
20
9
5
6
14
25
38
47
56
62
63
56
43
25
6
-6
-12
-13
-10
-2
9
21
30
33
27
13
-4
-17
-25
-23
-10
13
40
66
88
98
96
84
66
49
32
21
15
15
15
19
20
19
9
-5
-27
-48
-67
-81
-89
-94
-92
-89
-84
-78
-71
-64
-56
-49
-40
-34
-32
-32
-34
-35
-31
-22
-9
3
14
23
27
30
31
35
39
44
48
50
45
40
33
29
26
24
21
16
11
8
6
5
4
3
1
-1
-1
-3
-2
0
2
7
13
22
30
38
42
41
37
31
23
16
9
3
1
-1
1
2
2
-1
-10
-24
-39
-53
-64
-71
-73
-71
-68
-59
-52
-42
-33
-27
-25
-25
-27
-26
-21
-12
-5
1
1
0
-1
-1
1
3
4
5
4
6
8
10
12
13
16
19
25
29
32
34
35
37
38
41
41
42
43
44
44
45
45
45
44
41
35
29
23
19
18
17
16
13
9
2
-3
-10
-19
-27
-33
-36
-35
-34
-30
-25
-21
-20
-20
-27
-37
-47
-52
-54
-49
-41
-32
-23
-14
-6
-2
2
4
2
-1
-5
-7
-6
-4
-1
6
11
14
16
12
8
1
-5
-12
-19
-23
-24
-24
-20
-15
-10
-6
-4
-5
-5
-7
-5
-1
4
12
19
27
35
42
47
48
43
36
27
21
17
14
14
15
17
16
14
9
-1
-13
-24
-34
-39
-41
-38
-34
-26
-17
-9
-2
0
-2
-6
-11
-13
-13
-10
-7
-2
4
10
16
22
25
28
26
25
23
22
21
22
23
25
26
23
21
14
8
1
-5
-12
-18
-22
-25
-27
-28
-29
-30
-30
-30
-30
-30
-27
-23
-16
-9
-2
5
10
14
15
16
17
17
16
16
16
16
16
15
14
12
9
6
3
1
-2
-6
-10
-15
-19
-21
-23
-22
-22
-21
-19
-18
-15
-16
-16
-16
-16
-12
-6
1
8
12
16
18
18
19
18
16
13
11
11
12
15
18
19
19
20
19
19
18
14
9
3
-1
-5
-6
-6
-5
-5
-4
-4
-2
-2
-1
-1
-1
0
2
4
7
7
7
4
1
-2
-5
-8
-11
-13
-14
-13
-11
-9
-7
-6
-8
-9
-9
-8
-9
-9
-10
-12
-12
-11
-10
-8
-5
-6
-7
-7
-8
-10
-11
-14
-14
-13
-8
-5
-1
3
7
9
11
11
11
11
11
13
14
18
20
22
22
22
22
20
18
13
8
4
1
1
1
3
3
3
2
1
1
1
2
2
0
0
-1
0
-1
-1
-1
-1
-2
-3
-5
-6
-9
-11
-12
-13
-14
-16
-18
-20
-20
-19
-16
-12
-10
-9
-10
-12
-12
-11
-10
-9
-8
-5
-1
3
5
6
5
5
6
8
11
13
16
16
17
18
19
19
19
18
17
14
12
11
10
8
6
4
3
2
1
1
0
-3
-5
-7
-8
-9
-8
-8
-7
-6
-5
-5
-2
-3
-1
0
0
2
3
5
6
8
7
9
8
6
5
3
2
1
0
-1
-2
-4
-6
-10
-13
-15
-16
-16
-18
-16
-14
-11
-8
-5
-4
-5
-5
-3
-1
3
4
5
3
3
2
3
4
2
0
-2
-1
-1
-1
-1
-2
-4
-4
-2
-2
-2
-4
-6
-9
-9
-7
-4
-1
2
4
5
5
4
3
0
-2
-3
-2
0
4
6
10
12
14
13
12
11
7
5
3
4
6
8
10
9
7
4
1
0
-1
-1
-2
-5
-6
-6
-6
-4
-4
-3
-1
0
2
3
2
0
-2
-2
-1
1
4
4
4
3
3
1
-1
-4
-5
-8
-9
-7
-5
-3
0
1
1
0
-2
-1
-1
0
0
1
1
2
3
5
5
4
5
3
3
3
1
-2
-5
-7
-7
-4
-2
0
1
2
4
2
1
-3
-7
-9
-7
-4
-1
1
1
-2
-5
-7
-6
-6
-5
-5
-3
-2
0
1
0
0
-1
-2
-1
0
-1
-2
-2
-2
1
5
9
8
5
1
-1
-2
1
4
6
8
8
8
8
7
4
0
-4
-5
-2
2
6
8
7
6
4
1
1
-1
-2
-3
-3
0
2
2
-2
-7
-12
-14
-11
-5
-2
0
-2
-3
-2
0
2
2
0
-4
-7
-7
-6
-1
4
8
9
9
6
3
1
-1
-3
-3
-3
-4
-2
0
2
3
0
-4
-7
-7
-6
-2
-1
-2
-5
-7
-5
-1
3
5
6
4
5
6
8
9
9
8
6
7
9
8
6
6
4
3
2
0
0
-1
-2
-2
-2
-3
-3
-3
-2
-3
-4
-3
-4
-4
-4
-3
-3
-2
-3
-3
-2
-1
-1
-2
-3
-5
-6
-6
-5
-4
-4
-2
-1
0
1
1
0
0
0
2
4
5
4
2
2
1
1
-1
-3
-3
-3
-2
0
0
-2
-2
-3
-2
0
2
2
0
1
1
2
4
4
3
0
0
0
1
2
2
1
2
1
2
3
3
4
3
1
-1
-3
-4
-4
-3
-3
-2
-3
-2
-3
-5
-6
-6
-5
-4
-2
1
2
3
4
2
3
3
4
3
4
2
2
1
0
0
-1
-1
-1
-1
1
2
4
4
3
0
-2
-4
-5
-4
-4
-2
-2
0
1
1
1
-1
-3
-3
-2
-1
-1
-1
-1
0
1
1
1
2
2
3
4
4
4
3
3
1
2
2
2
2
4
5
5
5
1
-1
-4
-6
-4
-4
-2
-1
0
-1
1
2
1
-1
-1
-2
0
1
1
2
1
1
2
3
2
2
-1
-2
-4
-4
-2
-1
1
1
1
0
-2
-5
-7
-8
-8
-5
-2
2
4
5
5
4
2
0
-2
-4
-5
-4
-2
-1
1
2
3
3
3
2
1
-1
-1
-1
-1
0
1
1
1
2
1
0
-1
-2
-2
-2
-1
-1
0
-1
0
-1
-2
-2
0
0
1
0
0
1
1
1
1
1
1
1
2
3
1
0
-1
-3
-3
-3
-2
-2
-1
-2
0
0
0
0
-1
-2
-2
-2
0
1
2
2
3
3
4
2
2
1
-1
-1
-1
-1
-1
0
0
2
3
2
2
2
0
0
1
0
0
2
3
4
3
3
1
-1
-1
-1
-2
0
-1
-1
-2
-2
-2
-2
-1
-1
0
-1
0
0
0
-1
-2
-3
-2
-1
0
0
1
1
1
0
1
0
-1
-2
-3
-2
-2
1
-1
0
0
-1
-1
-1
-1
0
0
0
1
1
1
0
0
0
-2
-1
-1
0
1
1
1
1
0
0
0
1
1
1
2
3
3
3
3
0
-1
-1
-1
-1
-1
-1
0
-1
-2
-2
-2
-2
-2
-2
-2
-1
-2
0
-1
0
1
2
2
3
3
3
3
2
1
2
1
1
1
1
0
-1
-1
-2
-2
-2
-1
-1
-1
-1
-1
-1
-1
-2
-2
-2
-2
-2
-1
0
1
2
2
3
3
3
1
1
0
0
-2
-2
-3
0
-1
0
1
1
0
0
-1
-1
-1
-2
-1
1
1
2
1
1
1
-1
0
-2
-2
-1
0
0
2
2
1
1
1
-2
-1
-3
-2
-2
-1
1
2
3
3
2
0
0
-1
-1
0
0
0
1
1
1
0
-1
-1
-1
-2
-2
-1
-1
0
1
0
-1
-1
-1
-1
-2
-1
0
1
1
0
0
1
0
0
0
-1
0
1
0
1
0
0
0
-1
-1
0
0
1
0
1
1
0
-1
-1
-1
0
0
-1
1
1
1
1
0
0
-1
-3
-2
0
-1
0
-1
0
1
0
1
1
0
1
0
1
0
0
0
0
0
1
0
1
0
0
1
2
1
1
1
0
0
0
1
0
0
0
0
0
-1
0
0
-1
0
0
0
0
0
0
0
0
-1
0
0
0
1
0
0
1
0
0
0
0
0
1
0
0
1
0
0
0
0
0
0
0
0
0
0
0
1
0
0
-1
0
0
-1
0
-1
0
-1
1
0
0
0
0
-1
0
0
0
0
0
0
1
0
0
0
0
0
0
0
-1
1
1
0
0
0
0
0
0
0
0
0
0
0
-1
-1
0
0
0
0
0
-1
-1
-1
0
0
0
0
1
0
1
0
0
1
1
0
1
0
-1
1
-1
1
0
0
0
0
-1
0
-1
-1
0
0
-1
-1
0
0
0
0
1
0
0
0
1
1
0
-1
0
0
1
0
0
0
0
0
-1
0
0
0
0
1
-1
0
0
-1
0
0
0
0
0
1
1
0
0
0
-1
-1
0
0
0
1
0
0
0
0
0
0
1
0
0
-1
0
0
1
0
0
0
0
0
1
0
0
0
0
0
0
0
0
-1
0
0
0
0
0
-1
0
0
0
0
0
1
0
0
0
0
0
0
-1
0
0
0
0
1
0
1
1
0
0
0
1
-1
0
-1
0
0
0
0
0
0
0
0
0
0
1
0
0
0
0
0
0
0
0
0
-1
0
0
0
1
0
0
0
1
1
0
0
0
0
0
0
0
0
0
1
0
1
0
-1
0
0
-1
0
0
0
-1
0
0
0
-1
0
-1
1
-1
1
0
0
0
0
0
1
0
1
0
0
0
0
0
0
0
0
0
0
0
1
0
0
-1
0
0
0
0
0
0
0
0
0
0
-1
0
0
1
0
0
-1
0
0
0
0
0
0
0
0
-1
0
1
0
0
0
0
1
0
0
0
0
0
-1
0
0
-1
0
0
0
0
0
0
0
0
0
0
0
1
1
1
1
0
0
-1
1
0
0
0
0
0
0
0
0
0
0
0
0
1
0
0
0
0
1
0
0
1
0
0
0
0
1
0
0
0
0
0
1
1
0
0
-1
0
-1
-1
0
0
0
1
1
0
-1
0
1
0
0
0
0
1
0
1
-1
0
1
0
0
0
-1
0
0
0
1
0
-1
0
-1
-1
0
0
1
0
0
0
1
1
0
0
1
1
-1
0
-1
0
0
0
1
0
0
0
0
-1
0
0
-1
0
0
-1
-1
1
0
0
0
0
-1
0
1
0
0
0
-1
1
0
1
0
1
-1
0
0
0
-1
0
0
0
1
0
0
0
0
0
0
0
0
0
0
0
0
0
1
0
0
0
0
1
0
0
0
0
0
0
0
0
0
0
0
0
0
0
0
0
0
0
0
0
1
0
0
0
0
-1
0
0
1
0
0
0
0
0
-1
0
0
0
0
0
0
-1
0
0
-1
0
0
0
-1
0
0
0
0
-1
0
0
0
0
0
0
0
0
0
0
0
0
0
0
0
-1
0
0
0
-1
0
0
0
-1
0
0
0
0
1
0
0
0
0
-1
1
0
0
0
0
0
1
0
0
0
0
0
0
1
0
0
0
0
-1
0
-1
0
0
0
0
0
0
0
0
0
0
0
0
0
0
0
0
0
1
0
1
1
0
1
0
0
0
0
0
1
0
1
0
0
0
1
0
0
-1
0
0
1
0
-1
0
0
0
0
-1
-1
1
0
0
1
0
0
1
0
0
0
-1
1
0
0
0
0
0
0
-1
0
0
0
0
0
0
0
0
0
0
0
0
0
0
0
0
0
0
0
0
-1
0
-1
0
-1
0
0
0
0
0
-1
0
-1
1
0
0
0
0
0
-1
0
-1
0
-1
0
0
0
0
-1
0
-1
0
1
0
0
0
0
0
0
1
0
0
0
0
0
0
-1
0
0
0
0
0
0
0
0
1
0
1
1
0
0
0
0
0
0
0
0
0
0
1
0
1
0
0
0
0
0
0
0
1
0
0
0
1
0
1
1
0
0
0
0
-1
0
0
1
0
0
0
0
0
0
0
0
0
0
0
0
0
-1
0
0
0
0
0
0
0
0
0
-1
0
1
0
0
0
0
0
0
0
-1
1
0
0
0
1
0
1
0
0
0
0
0
0
0
-1
0
1
0
0
0
1
0
0
0
0
-1
1
1
0
0
1
0
0
0
0
0
0
0
0
-1
0
0
0
0
1
0
0
0
0
0
0
-1
-1
1
0
0
1
0
0
-1
0
-1
1
0
1
0
0
0
0
1
-1
0
0
0
0
0
0
0
0
0
0
0
0
0
0
-1
0
0
0
0
1
0
0
0
0
0
0
0
0
-1
0
0
0
-1
0
0
1
0
-1
0
0
0
0
1
1
1
0
0
-1
0
0
-1
0
0
0
0
-1
0
0
0
0
0
0
1
0
0
0
0
0
1
0
0
0
0
0
0
0
-1
1
-1
0
-1
0
0
0
0
0
0
0
0
0
0
0
0
0
0
1
0
0
0
0
0
0
0
0
0
0
0
0
0
0
-1
0
0
0
1
0
0
0
0
-1
0
-1
0
1
0
0
1
0
0
0
0
0
0
0
0
0
0
1
-1
0
-1
0
0
-1
0
0
0
0
-1
0
0
0
0
0
1
0
0
0
0
0
0
0
-1
0
0
0
0
0
0
-1
0
0
0
0
0
0
-1
0
-1
0
0
0
0
1
0
0
0
0
0
0
0
0
0
0
0
0
1
0
0
0
0
1
0
-1
0
1
0
0
0
0
0
0
0
-1
-1
0
0
0
1
0
-1
0
0
-1
0
0
0
-1
0
0
1
0
0
0
0
0
0
1
0
0
0
0
1
0
0
0
1
1
0
0
0
0
0
0
1
0
1
0
0
0
1
0
0
0
-1
1
1
0
-1
0
0
0
0
0
0
0
0
0
0
0
1
0
1
0
0
0
0
0
-1
0
1
0
0
-1
0
-1
0
0
-1
0
0
0
0
0
0
0
0
0
0
0
0
0
0
0
0
0
0
0
0
0
0
0
0
0
0
0
0
0
0
0
0
0
-1
0
0
0
0
0
0
0
-1
0
0
0
0
0
0
0
0
0
0
0
0
0
0
0
0
0
0
0
0
0
0
1
-1
0
0
0
0
0
0
0
1
0
0
0
0
0
-1
0
0
0
0
0
0
0
0
0
0
-1
-1
-1
-1
0
-1
0
0
0
0
0
0
-1
-1
0
-1
0
0
0
-1
0
0
0
0
0
0
0
1
0
0
0
0
0
0
0
0
0
0
1
1
0
0
0
0
0
0
0
0
0
0
0
1
0
0
0
0
0
1
1
0
0
0
0
0
-1
0
0
0
0
0
0
1
0
0
1
0
0
0
1
0
0
1
0
1
1
0
0
0
0
0
0
0
0
0
0
1
0
1
1
-1
0
0
0
0
0
0
0
0
0
0
0
1
0
0
1
0
0
0
1
0
0
0
-1
0
0
0
0
0
0
0
0
0
0
1
0
0
0
-1
-1
0
0
0
0
0
0
0
0
0
0
-1
0
1
0
0
0
0
0
0
0
-1
0
1
0
0
0
0
-1
0
-1
-1
0
0
0
0
1
0
0
0
0
0
0
0
0
1
1
0
1
-1
0
0
0
0
0
0
0
0
0
0
0
0
0
0
0
0
0
0
0
0
0
0
0
0
0
0
0
0
-1
1
0
1
0
0
1
0
0
0
0
0
1
-1
0
0
0
0
0
1
0
0
-1
0
0
0
0
1
0
0
1
-1
-1
0
0
0
0
0
0
0
0
0
0
0
-1
0
0
0
1
0
0
0
0
1
0
-1
-1
0
0
0
-1
0
0
0
0
0
-1
0
0
0
0
-1
0
0
0
0
0
0
0
0
0
0
0
0
0
0
-1
0
0
0
0
0
0
0
0
0
1
0
-1
0
0
0
0
0
0
0
0
0
0
0
0
0
0
0
0
0
0
0
-1
0
0
0
0
0
0
0
0
0
0
0
0
0
1
0
0
0
0
0
0
0
1
0
0
0
1
1
0
0
0
-1
1
1
0
0
0
0
0
0
0
1
0
0
0
1
0
0
0
0
0
-1
0
0
0
0
0
0
0
0
0
0
-1
-1
-1
0
0
0
0
-1
0
0
0
0
0
0
0
0
0
1
0
1
0
0
0
0
0
0
1
-1
0
1
-1
0
0
0
0
0
0
0
-1
0
0
0
-1
0
-1
0
0
0
0
0
-1
0
0
0
0
0
0
-1
0
0
0
0
0
0
0
0
-1
-1
0
0
0
0
0
1
0
0
0
0
0
-1
0
0
0
0
0
0
0
0
0
1
0
1
0
0
1
-1
1
0
0
0
-1
-1
0
0
0
-1
0
-1
0
0
0
-1
0
0
0
0
1
0
0
0
0
0
0
1
0
1
0
0
0
0
0
0
1
0
0
0
1
1
0
0
0
0
0
0
0
0
-1
1
0
0
0
0
0
0
0
1
0
0
-1
0
0
0
-1
-1
0
0
1
0
-1
0
0
0
0
0
0
-1
-1
0
0
-1
1
0
1
0
0
0
0
0
0
1
0
0
0
-1
0
0
0
0
0
1
-1
0
0
0
0
0
0
0
0
0
1
0
0
0
0
0
0
-1
0
0
-1
0
0
-1
0
0
0
0
0
0
0
0
1
0
0
-1
1
0
