0
0
0
-1
1
0
0
0
0
0
1
0
0
0
0
0
0
1
0
0
0
0
-1
0
-1
0
0
0
0
0
0
0
0
0
0
0
0
0
0
0
0
0
1
0
1
1
0
1
0
0
0
0
0
1
0
1
0
0
0
1
0
0
-1
0
0
1
0
-1
0
0
0
0
-1
-1
1
0
0
1
0
0
1
0
0
0
-1
1
0
0
0
0
0
0
-1
0
0
0
0
0
0
0
0
0
0
0
0
0
0
0
0
0
0
0
0
-1
0
-1
0
-1
0
0
0
0
0
-1
0
-1
1
0
0
0
0
0
-1
0
-1
0
-1
0
0
0
0
-1
0
-1
0
1
0
0
0
0
0
0
1
0
0
0
0
0
0
-1
0
0
0
0
0
0
0
0
1
0
1
1
0
0
0
0
0
0
0
0
0
0
1
0
1
0
0
0
0
0
0
0
1
0
0
0
1
0
1
1
0
0
0
0
-1
0
0
1
0
0
0
0
0
0
0
0
0
0
0
0
0
-1
0
0
0
0
0
0
0
0
0
-1
0
1
0
0
0
0
0
0
0
-1
1
0
0
0
1
0
1
0
0
0
0
0
0
0
-1
0
1
0
0
0
1
0
0
0
0
-1
1
1
0
0
1
0
0
0
0
0
0
0
0
-1
0
0
0
0
1
0
0
0
0
0
0
-1
-1
1
0
0
1
0
0
-1
0
-1
1
0
1
0
0
0
0
1
-1
0
0
0
0
0
0
0
0
0
0
0
0
0
0
-1
0
0
0
0
1
0
0
0
0
0
0
0
0
-1
0
0
0
-1
0
0
1
0
-1
0
0
0
0
1
1
1
0
0
-1
0
0
-1
0
0
0
0
-1
0
0
0
0
0
0
1
0
0
0
0
0
1
0
0
0
0
0
0
0
-1
1
-1
0
-1
0
0
0
0
-1
0
0
0
0
0
0
0
0
0
1
0
0
0
0
0
0
0
0
0
0
0
0
0
0
-1
0
0
0
1
0
0
0
0
-1
0
-1
0
1
0
0
1
0
0
0
0
0
0
0
0
0
0
1
-1
0
-1
0
0
-1
0
0
0
0
-1
0
0
0
0
0
1
0
0
0
0
0
0
0
-1
0
0
0
0
0
0
-1
0
0
0
0
0
0
-1
0
-1
0
0
0
0
1
0
0
0
0
0
0
0
0
0
0
0
0
1
0
0
0
0
1
0
-1
0
1
0
0
0
0
0
0
0
-1
-1
0
0
0
1
0
-1
0
0
-1
0
0
0
-1
0
0
1
0
0
0
0
0
0
1
0
0
0
0
1
0
0
0
1
1
0
0
0
0
0
0
1
0
1
0
0
0
1
0
0
0
-1
1
1
0
-1
0
0
0
0
0
0
0
0
0
0
0
1
0
1
0
0
0
0
0
-1
0
1
0
0
-1
0
-1
0
0
-1
0
0
0
0
0
0
0
0
0
0
0
0
0
0
0
0
0
0
0
0
0
0
0
0
0
0
0
0
0
0
0
0
0
-1
0
0
0
0
0
0
0
-1
0
0
0
0
0
0
0
0
0
0
0
0
0
0
0
0
0
0
0
0
0
0
1
-1
0
0
0
0
0
0
0
1
0
0
0
0
0
-1
0
0
0
0
0
0
0
0
0
0
-1
-1
-1
-1
0
-1
0
0
0
0
0
0
-1
-1
0
-1
0
0
0
-1
0
0
0
0
0
0
0
1
0
0
0
0
0
0
0
0
0
0
1
1
0
0
0
0
0
0
0
0
0
0
0
1
0
0
0
0
0
1
1
0
0
0
0
0
-1
0
0
0
0
0
0
1
0
0
1
0
0
0
1
0
0
1
0
1
1
0
0
0
0
0
0
0
0
0
0
1
0
1
1
-1
0
0
0
0
0
0
0
0
0
0
0
1
0
0
1
0
0
0
1
0
0
0
-1
0
0
0
0
0
0
0
0
0
0
1
0
0
0
-1
-1
0
0
0
0
0
0
0
0
0
0
-1
0
1
0
0
0
0
0
0
0
-1
0
1
0
0
0
0
-1
0
-1
-1
0
0
0
0
1
0
0
0
0
0
0
0
0
1
1
0
1
-1
0
0
0
0
0
0
0
0
0
0
0
0
0
0
0
0
0
0
0
0
0
0
0
0
0
0
0
0
-1
1
0
1
0
0
1
0
0
0
0
0
1
-1
0
0
0
0
0
1
0
0
-1
0
0
0
0
1
0
0
1
-1
-1
0
0
0
0
0
0
0
0
0
0
0
-1
0
0
0
1
0
0
0
0
1
0
-1
-1
0
0
0
-1
0
0
0
0
0
-1
0
0
0
0
-1
0
0
0
0
0
0
0
0
0
0
0
0
0
0
-1
0
0
0
0
0
0
0
0
0
1
0
-1
0
0
0
0
0
0
0
0
0
0
0
0
0
0
0
0
0
0
0
-1
0
0
0
0
0
0
0
0
0
0
0
0
0
1
0
0
0
0
0
0
0
1
0
0
0
1
1
0
0
0
-1
1
1
0
0
0
0
0
0
0
1
0
0
0
1
0
0
0
0
0
-1
0
0
0
0
0
0
0
0
0
0
-1
-1
-1
0
0
0
0
-1
0
0
0
0
0
0
0
0
0
1
0
1
0
0
0
0
0
0
1
-1
0
1
-1
0
0
0
0
0
0
0
-1
0
0
0
-1
0
-1
0
0
0
0
0
-1
0
0
0
0
0
0
-1
0
0
0
0
0
0
0
0
-1
-1
0
0
0
0
0
1
0
0
0
0
0
-1
0
0
0
0
0
0
0
0
0
1
0
1
0
0
1
-1
1
0
0
0
-1
-1
0
0
0
-1
0
-1
0
0
0
-1
0
0
0
0
1
0
0
0
0
0
0
1
0
1
0
0
0
0
0
0
1
0
0
0
1
1
0
0
0
0
0
0
0
0
-1
1
0
0
0
0
0
0
0
1
0
0
-1
0
0
0
-1
-1
0
0
1
0
-1
0
0
0
0
0
0
-1
-1
0
0
-1
1
0
1
0
0
0
0
0
0
1
0
0
0
-1
0
0
0
0
0
1
-1
0
0
0
0
0
0
0
0
0
1
0
0
0
0
0
0
-1
0
0
-1
0
0
-1
0
0
0
0
0
0
0
0
1
0
0
-1
1
0
0
-1
-1
0
0
0
1
-1
0
0
0
-1
1
0
0
0
1
-1
0
0
0
0
0
0
0
0
0
0
0
-1
0
0
0
0
0
0
0
0
0
0
1
-1
0
0
-1
1
0
0
-1
0
0
0
0
0
0
0
0
0
0
0
-1
0
0
0
0
0
0
0
-1
0
0
0
-1
0
0
-1
-1
0
0
0
0
0
1
1
-1
0
-1
0
0
0
0
0
0
0
0
1
0
0
0
0
-1
1
0
0
1
0
0
0
0
0
1
1
0
0
0
0
0
-1
0
-1
1
0
1
0
0
1
0
0
1
0
0
0
1
-1
-1
1
0
0
0
-1
0
0
1
0
0
0
0
0
0
-1
0
0
0
-1
0
0
1
1
-1
0
0
0
0
0
0
0
0
0
-1
1
0
0
1
0
0
0
0
1
-1
0
0
0
0
-1
1
0
0
-1
0
0
0
0
0
-1
0
-1
1
0
0
1
0
0
0
0
0
0
0
0
-1
0
0
0
1
0
1
0
0
0
0
-1
0
0
1
1
0
0
0
-1
-1
0
0
0
-1
0
0
1
0
1
0
0
1
0
0
1
0
0
0
0
0
0
0
0
0
0
0
-1
1
0
0
0
0
0
0
0
0
0
0
-1
0
-1
0
0
0
0
0
-1
0
0
0
1
0
0
0
0
0
0
0
0
0
-1
1
1
-1
0
0
0
0
0
0
0
0
0
0
0
0
0
-1
0
0
0
0
0
0
0
0
-1
0
0
0
0
-1
0
-1
0
0
0
0
0
-1
0
0
-1
0
0
0
1
0
0
0
0
0
0
1
0
0
0
0
0
1
0
0
0
1
1
0
0
0
0
0
0
0
0
1
1
1
0
0
-1
0
0
0
-1
-1
0
0
0
0
0
0
0
0
0
0
0
0
0
0
0
0
0
0
0
0
0
1
1
1
0
-1
0
0
0
0
0
0
1
-1
-1
0
0
0
0
0
1
0
-1
0
0
0
0
0
0
0
0
-1
0
0
0
0
1
0
0
0
0
0
-1
1
1
0
0
0
0
1
0
0
0
0
0
0
0
0
0
0
0
0
1
0
0
0
0
0
0
1
0
0
0
0
0
0
0
0
0
0
1
0
-1
0
0
0
0
-1
0
0
0
0
0
0
-1
0
0
-1
0
0
0
-1
1
0
0
0
0
0
0
0
0
0
0
0
0
0
-1
0
-1
0
0
0
0
0
0
0
0
0
1
0
0
0
0
0
0
0
0
0
0
0
1
0
0
0
0
0
0
0
0
0
-1
0
0
1
0
0
0
0
0
0
0
1
0
0
0
0
0
0
-1
0
1
0
0
0
0
0
0
0
0
-1
0
0
0
0
0
0
0
0
1
0
-1
0
1
0
0
-1
0
0
0
0
-1
0
0
0
0
1
0
0
0
0
0
0
0
0
-1
0
0
0
0
0
0
0
0
0
1
0
0
0
0
0
1
0
0
1
0
1
-1
0
0
0
0
0
0
0
0
-1
0
-1
-1
0
0
0
0
0
0
0
0
0
0
-1
0
-1
0
0
0
0
0
0
-1
0
0
0
0
0
0
0
0
0
0
0
0
0
0
0
0
0
1
1
0
-1
0
0
0
0
0
0
0
0
0
0
0
0
0
0
0
0
0
0
0
0
0
0
1
0
0
0
0
0
0
0
-1
-1
0
0
0
0
0
-1
0
0
0
0
-1
1
0
0
-1
1
0
-1
0
0
0
0
0
0
1
-1
0
1
-1
1
-1
0
0
0
-1
0
1
-1
1
0
0
1
0
0
-2
1
-1
0
2
-1
0
0
0
0
1
-1
1
0
-2
2
-1
0
1
0
0
-1
0
0
-1
1
0
-1
1
2
-2
2
2
-4
3
1
-1
-1
3
-5
1
1
-2
0
1
0
-3
4
-3
1
2
-2
0
1
0
-3
4
-4
1
2
-2
1
1
-1
-1
3
-2
1
1
-1
0
1
-2
3
-3
1
0
-1
0
2
-2
-1
3
-2
1
2
-2
1
0
0
0
0
-1
0
1
-2
3
-3
3
-3
3
-3
2
0
-1
1
1
-1
0
2
-2
3
-2
2
0
-1
1
1
-4
4
-3
-2
4
-4
-2
6
-4
-1
6
-7
1
3
-3
-2
4
-3
-1
2
-1
-1
1
1
-4
5
-1
-3
2
-1
-1
1
0
-1
1
-1
2
0
-4
6
-1
-5
5
0
-5
6
0
-4
6
1
-7
6
-3
-1
2
0
-2
1
2
-2
2
-1
1
-2
2
0
-2
3
-2
0
3
-2
0
0
-1
1
0
1
1
-2
2
0
-2
3
-1
-2
3
-3
-1
4
-5
3
0
-3
4
-1
-1
1
-1
-1
1
0
-1
3
-6
6
-3
-1
4
-3
2
-1
3
-5
4
-2
0
-1
1
3
-7
6
-1
-4
0
9
-8
0
6
-4
0
0
2
-5
4
2
-4
3
-1
-4
6
-1
-8
9
0
-8
11
-6
-5
10
-2
-8
10
-5
-2
8
-11
8
-3
2
-4
4
0
-6
9
-4
0
-2
5
-5
4
-3
-2
10
-16
17
-10
-1
6
-5
7
-11
6
4
-4
-5
11
-8
2
6
-11
10
1
-15
17
-4
-16
22
-5
-13
16
-3
-9
10
-6
1
3
-6
2
7
-12
9
-2
-1
-1
0
7
-16
17
-8
-3
4
-1
2
-10
17
-13
-2
13
-8
-1
0
9
-12
8
0
-7
14
-14
16
-17
4
19
-24
10
1
3
-3
-6
13
-8
-1
4
6
-16
6
18
-28
15
-3
4
-1
-17
29
-17
-10
24
-9
-14
12
3
-13
13
-14
12
10
-31
27
2
-18
1
19
-13
-14
22
-5
-16
22
-14
5
-3
-3
15
-22
6
13
-4
-18
20
2
-22
18
1
-11
-1
18
-17
-2
18
-14
-3
13
-7
-3
-3
16
-13
-1
10
-6
-4
19
-30
24
-3
-16
16
-4
-1
-8
22
-23
19
-18
6
19
-43
44
-27
13
-12
8
16
-47
49
-22
0
2
5
4
-15
21
-29
45
-54
29
23
-61
59
-34
19
-16
13
-3
-17
36
-48
41
-23
3
15
-27
32
-28
24
-28
33
-24
-2
33
-42
29
-14
15
-20
23
-23
19
-4
-18
30
-21
16
-26
37
-38
26
-4
-26
56
-66
46
-13
-5
7
-7
8
-15
31
-51
45
-15
-16
23
-15
13
-23
34
-42
38
-23
4
6
2
-3
-21
55
-71
56
-23
-16
48
-50
25
-10
17
-29
24
-4
-15
35
-53
48
-6
-37
51
-38
17
-5
-13
28
-19
-3
16
9
-66
104
-87
31
20
-41
30
-18
24
-25
8
11
-11
-6
15
-16
21
-31
32
-23
23
-28
20
1
-14
-6
35
-16
-49
99
-89
33
9
-14
1
-4
43
-82
68
-16
-26
39
-21
-7
21
0
-43
73
-68
14
53
-80
62
-28
2
1
7
-8
-8
32
-54
74
-76
44
24
-81
77
-31
11
-21
23
-3
-14
17
-31
74
-107
82
-5
-72
84
-35
3
-20
48
-53
51
-28
-51
133
-151
88
1
-37
23
-23
55
-87
76
-27
-28
65
-66
33
-9
15
-35
37
-12
-30
48
-17
-14
-13
72
-92
58
-12
-9
5
-22
65
-80
57
-34
31
-25
-1
21
-8
-22
23
10
-35
37
-26
27
-44
39
-7
-27
31
-3
-4
2
-22
41
-41
18
-1
12
-19
4
38
-77
91
-98
87
-42
-25
71
-70
52
-50
65
-54
7
44
-76
64
-19
-17
29
-16
-4
6
-2
-5
2
19
-26
10
15
-33
41
-39
14
10
-13
-6
18
1
-11
1
20
-43
39
-11
-28
52
-56
39
-20
27
-35
15
23
-51
40
-12
-20
68
-97
74
-25
-39
67
-41
20
-40
70
-73
46
-5
-46
82
-89
43
45
-96
72
-13
-32
48
-31
-4
23
-11
-25
65
-68
35
-6
-16
25
-24
14
6
-5
-15
25
1
-50
64
-26
-36
63
-35
-10
21
-3
1
11
-53
75
-20
-66
78
-33
15
-71
129
-118
59
7
-34
16
1
-10
-20
88
-141
127
-40
-57
112
-104
51
-5
-11
-21
62
-49
-19
93
-130
99
-19
-29
43
-60
51
-37
22
-31
52
-22
-49
123
-123
52
18
-34
-20
64
-21
-76
147
-152
89
3
-59
90
-101
86
-68
50
-6
-71
123
-110
50
-20
27
-22
-1
32
-26
3
-1
2
-15
36
-36
15
19
-43
16
34
-57
70
-84
88
-52
-39
118
-114
31
49
-43
-13
34
8
-76
86
-27
-61
147
-170
119
-35
-3
-37
85
-53
-88
224
-222
107
9
-54
30
14
-3
-54
99
-76
4
35
-18
-14
10
29
-61
61
-33
-9
46
-48
1
18
40
-126
155
-112
49
2
-63
146
-167
93
-6
-20
-10
10
52
-100
120
-132
129
-86
16
69
-139
160
-128
51
44
-98
70
-4
-45
39
17
-51
12
65
-78
-3
78
-47
-33
65
0
-111
138
-62
-66
138
-88
-10
54
-5
-93
125
-54
-49
115
-110
62
-17
-24
74
-77
8
64
-57
5
33
-46
44
-36
-9
51
-76
87
-40
-56
118
-91
15
37
-50
29
-9
0
-8
51
-69
30
29
-33
-7
54
-72
18
40
-26
2
-19
48
-70
74
-53
-4
72
-111
94
-52
6
26
-64
98
-84
15
27
-1
-13
14
3
-35
34
-46
88
-70
-1
42
-9
-42
55
-15
-62
92
-77
25
26
-23
-36
92
-57
-83
210
-224
110
39
-71
11
29
-1
-53
109
-158
171
-141
64
35
-105
98
-57
52
-101
112
-46
-32
47
-11
6
-48
100
-108
105
-53
-54
157
-143
10
58
-1
-110
135
-20
-128
179
-100
-27
64
-24
-52
108
-46
-123
227
-131
-88
229
-173
-14
132
-92
-11
114
-97
15
74
-99
32
27
5
-80
74
10
-99
92
-24
-51
27
68
-161
177
-81
-42
90
-66
73
-101
127
-89
-13
85
-53
-28
93
-71
9
-5
57
-112
81
29
-131
135
-94
54
25
-79
71
-16
-54
56
-36
12
-12
43
-88
99
-31
-105
188
-179
115
-15
-71
132
-118
49
31
-7
-68
25
135
-226
110
77
-122
21
41
4
-82
82
-57
31
30
-82
71
-3
-59
86
-99
114
-72
-17
80
-88
100
-142
144
-99
49
0
-45
76
-49
-78
158
-95
-4
30
26
-63
46
7
-99
174
-162
61
27
-49
21
8
15
-27
61
-89
78
-64
-3
42
-34
-39
94
-25
-65
72
14
-80
46
59
-140
137
-116
68
-27
-23
13
59
-75
-16
148
-164
71
21
-53
54
-16
4
-8
47
-65
51
-6
-57
66
-15
-41
14
54
-47
-56
125
-141
34
107
-161
92
30
-147
109
73
-202
167
4
-140
203
-138
28
34
-17
-36
75
-43
-13
75
-122
101
-63
13
13
-52
79
-61
69
-89
75
-20
-48
99
-79
-23
46
16
-81
92
-70
3
73
-100
66
66
-120
3
145
-161
73
61
-119
67
0
-43
11
100
-190
212
-104
-48
138
-152
94
27
-122
91
1
5
-102
144
-55
-87
136
-139
112
-106
44
37
-87
75
-75
117
-84
14
52
-26
28
-118
199
-142
9
126
-165
118
-32
-74
140
-74
-69
125
-83
-53
121
-125
97
-46
-47
141
-102
-87
218
-149
-20
93
-67
30
-75
117
-73
27
-18
27
37
-36
17
-23
86
-123
119
-7
-131
160
-85
-29
79
-77
32
-7
59
-166
142
-60
-49
97
-137
155
-180
106
56
-106
83
-43
45
-44
78
-47
-9
86
-100
55
-39
-3
65
-107
29
47
-49
-46
142
-172
116
-20
-77
187
-200
111
7
-10
-7
-21
114
-177
188
-150
125
-89
48
17
-137
161
-117
15
36
-58
52
-56
6
29
-34
27
-2
22
-13
-33
21
62
-114
45
88
-74
-40
155
-111
17
1
28
-77
83
-42
-44
117
-104
31
34
-53
-18
89
-86
34
8
-37
43
-21
2
12
-45
66
-44
5
-1
56
-107
53
57
-130
132
-71
28
-33
66
-66
45
40
-119
146
-113
15
41
-12
-64
72
-19
-2
0
-54
100
-164
201
-170
92
5
-82
126
-116
75
-25
45
-103
95
-21
-48
67
-16
12
-60
113
-115
111
-62
-42
111
-84
-2
28
0
-85
91
-88
61
-30
-78
164
-165
61
86
-160
172
-99
42
67
-115
113
-41
-16
18
71
-126
133
-99
19
74
-151
152
-100
-7
9
30
-45
-48
101
-84
-51
151
-162
60
56
-37
-28
142
-164
117
57
-235
367
-313
87
181
-261
106
111
-190
40
139
-148
-20
93
-47
-51
68
-71
50
-3
-84
92
-20
2
-81
162
-127
6
73
-41
37
-64
115
-40
-44
84
16
-101
97
-14
-58
86
-21
-71
65
-101
95
-76
-73
173
-195
82
1
-67
41
-5
60
-115
187
-152
66
157
-218
158
2
-15
-23
79
-104
-17
88
-124
53
22
-174
208
-112
-40
53
-17
44
-118
130
-57
-15
33
28
39
-153
252
-144
-18
195
-255
275
-188
49
17
-75
82
-103
77
-50
-4
18
-75
162
-210
57
133
-174
46
76
-56
-48
152
-110
37
81
-144
126
-14
-70
78
-18
-81
70
36
-111
66
-6
-63
17
78
-98
53
17
-86
196
-226
192
-113
53
-16
26
1
-98
215
-255
193
-57
-101
116
-75
4
14
-67
65
-94
116
-91
19
21
18
-21
-8
105
-163
228
-124
-12
96
-52
-9
24
17
-121
130
-28
-45
-42
170
-108
-127
265
-235
91
58
-112
63
-11
5
-31
19
-22
-46
108
-111
31
50
-64
32
-4
-5
-31
78
-63
53
19
-19
30
-77
143
-155
60
71
-116
62
52
-94
63
-9
-12
104
-84
-46
37
50
-199
206
-120
-68
173
-222
117
-11
-26
15
-4
64
-113
165
-32
-47
-21
104
-94
78
-51
-87
216
-188
144
-35
50
-162
114
83
-264
245
-113
-53
88
-43
-48
60
-31
-32
78
-81
33
6
3
-14
15
33
-8
-46
133
-105
1
77
-99
3
3
125
-222
143
-1
-83
47
103
-231
95
214
-450
423
-130
-139
213
1
-187
143
89
-310
301
-110
-114
157
-76
-67
90
12
-178
218
-127
5
77
-56
29
19
-33
-53
149
-171
81
32
-81
101
-42
-9
32
-55
41
31
-68
85
-16
2
6
3
6
49
-70
-12
102
-82
-34
125
-79
-109
211
-112
19
47
-85
60
-30
-102
226
-221
43
153
-147
30
16
82
-237
248
-137
-6
37
-129
223
-230
104
6
58
-145
137
-35
-113
160
-173
218
-180
61
55
-135
157
-154
96
-16
-45
66
-47
-5
-33
34
89
-203
257
-216
108
-6
-44
104
-146
82
-13
32
-82
153
-86
28
24
13
-66
60
-64
57
-40
-52
173
-279
315
-138
-140
303
-241
7
130
-85
-49
138
-161
115
-102
25
42
57
-128
82
55
-55
31
-25
2
-1
-47
33
120
-174
136
-32
10
-26
31
-32
-111
220
-225
32
158
-270
105
113
-189
19
58
-76
104
-1
-70
16
15
-63
56
124
-176
102
99
-151
143
114
-362
360
-115
-160
276
-202
-30
-6
54
-168
184
-217
158
-10
-176
238
-178
176
-83
45
-52
159
-240
271
-18
-272
453
-240
69
55
-21
-139
192
-88
-118
143
-71
-57
123
-89
-70
209
-409
354
-79
-195
323
-266
74
51
-98
66
28
-92
119
-74
-8
-6
-10
-25
-2
46
-86
77
-163
218
-294
86
128
-203
120
5
-171
177
25
-244
263
-151
-223
331
-100
-148
281
-206
-90
258
-314
157
2
-86
79
-226
311
-57
-12
-63
176
-193
104
139
-252
233
-186
198
-219
178
-92
-81
142
-238
43
27
-28
-94
71
-174
216
-79
-82
323
-419
205
375
-404
65
171
-88
-170
569
-392
23
392
-614
528
48
-375
301
169
-355
425
23
-116
47
169
77
-17
232
-308
361
-170
140
122
-215
167
-63
142
53
-37
-97
199
-191
168
83
-267
164
208
-379
406
-22
-330
334
-121
80
61
-20
-187
122
-70
-96
242
-207
-310
396
-246
-178
246
-487
157
-393
62
33
-395
146
-333
89
-211
83
-246
-170
162
-440
267
-107
-307
96
-88
-104
82
308
-90
427
234
2
517
-29
319
222
119
94
-72
40
-184
-49
-359
-145
-26
-519
30
-321
-217
31
-166
-62
-218
96
131
-136
300
-309
26
212
-101
294
66
-63
191
264
-105
146
258
-121
150
242
-164
63
16
-13
-265
253
-67
-78
285
-283
177
189
106
-106
234
148
98
554
270
147
421
136
272
318
170
191
121
121
-307
-35
-298
-453
-376
-414
-244
-498
-347
-532
-309
-316
-301
26
-210
-175
256
48
204
182
93
248
27
283
227
261
141
-37
121
-50
-172
-73
-117
-142
-114
-99
-165
-337
-242
-216
-148
-68
-268
-79
-87
-114
-85
-63
-156
-196
-72
-52
-133
-82
-256
-244
-182
-215
-2
-102
-5
-92
45
158
-122
144
122
87
218
284
288
149
329
165
275
307
145
398
401
376
384
413
314
224
344
325
312
308
334
385
240
279
367
170
376
305
346
470
256
410
417
396
462
490
378
431
527
417
487
387
267
337
202
151
133
-15
-92
-192
-182
-330
-518
-472
-703
-783
-848
-953
-946
-1001
-1158
-1129
-1074
-1267
-1153
-1273
-1219
-1334
-1135
-1090
-1239
-1066
-1193
-1129
-1117
-1118
-1157
-1209
-1225
-1224
-1232
-1327
-1428
-1463
-1333
-1156
-1088
-1007
-737
-493
-128
215
536
852
1178
1647
1919
2282
2332
2540
2634
2715
2890
3037
3224
3106
3216
3222
3327
3118
2789
2562
2462
2389
2080
1779
1339
1102
722
605
355
-123
-320
-463
-466
-667
-817
-881
-880
-940
-870
-604
-691
-543
-404
-393
-205
-199
-211
-306
-351
-407
-327
-339
-597
-930
-1004
-1193
-1361
-1617
-1933
-1993
-2314
-2499
-2849
-2942
-3336
-3527
-3728
-4112
-4554
-4903
-5072
-5625
-6267
-6001
-4360
-2766
-2144
-2678
-2129
-983
738
1644
2029
2458
3544
5081
6034
6204
5495
5655
5705
5401
5292
5498
5720
4942
3370
2310
1884
1520
490
-728
-1570
-1448
-848
-1199
-2519
-4083
-4296
-3822
-3290
-3170
-2768
-1984
-1459
-1175
-1073
-480
312
1324
2282
3377
4475
5403
5730
5452
4889
4852
5153
5060
4581
4036
3635
2844
1728
555
-107
-505
-850
-1052
-1203
-1308
-1383
-1461
-1708
-1907
-1803
-1557
-1245
-1017
-910
-941
-1202
-1472
-1607
-1506
-1448
-1637
-1963
-2165
-2389
-2782
-3347
-4005
-4458
-4985
-5264
-5866
-6296
-7009
-7760
-8388
-8802
-6908
-4673
-2485
-2750
-2717
-1527
543
2745
3117
3950
4523
6663
8294
8820
8079
6958
7068
6761
6701
6335
6355
5967
4078
1985
573
149
-511
-1932
-3227
-3556
-2432
-1928
-2870
-5056
-6340
-5595
-4240
-2895
-2452
-1511
-589
-52
-147
31
1096
1907
2505
2707
4086
5955
7232
6838
5358
4798
5263
6021
5656
4567
3715
3205
2756
1726
281
-1211
-1811
-1443
-1144
-982
-1142
-1297
-1486
-1681
-1496
-1179
-1040
-1197
-992
-599
-545
-1094
-1983
-2730
-3154
-3237
-3403
-3779
-4112
-4302
-4403
-4786
-5439
-6041
-6591
-6616
-6710
-6962
-7172
-7859
-7904
-8446
-7070
-3969
-999
237
-731
626
2463
5548
6684
7007
7395
8292
10592
11222
10789
8578
7356
7043
6623
5929
4924
4250
2409
-154
-2327
-3462
-3665
-4450
-5724
-6632
-5767
-4208
-3952
-5243
-6987
-6491
-4293
-1501
37
850
1728
2669
3234
3102
3650
4455
5332
5419
5770
6636
7200
6553
4755
3610
3556
4018
3854
3087
2119
1099
568
217
-743
-1777
-1994
-1395
-812
-758
-936
-748
-469
-534
-350
-3
297
190
16
-66
-330
-820
-1647
-2351
-2731
-3151
-3754
-4697
-5377
-5599
-5826
-6025
-6461
-6791
-7159
-7251
-7489
-7770
-8092
-7999
-8066
-8167
-8414
-6918
-2892
803
2244
1038
2110
4555
8069
9576
9496
9372
10128
12228
12613
11477
8550
6862
6327
5627
4350
2813
1828
-109
-3161
-5762
-6621
-6042
-6121
-7263
-8081
-6821
-4330
-3362
-4312
-5858
-4903
-1561
2138
3969
4262
4797
5491
6057
5678
5840
6558
7047
6349
5353
5110
5128
4298
1911
145
99
959
954
-115
-1192
-1698
-1400
-897
-794
-1055
-964
77
1121
1310
949
885
1286
1451
1320
1215
912
213
-673
-1167
-1569
-2253
-3268
-4259
-4786
-5190
-5753
-6567
-7143
-7186
-6933
-6692
-6488
-6647
-6721
-6481
-6088
-5736
-5861
-5536
-5522
-5222
-5407
-4016
-114
3621
5241
3666
3995
6084
9284
10388
9404
8576
8838
10747
10876
9034
5544
3216
2804
2257
1158
-544
-1430
-2647
-5011
-7248
-7908
-6558
-5630
-6079
-6680
-5108
-1886
-49
-706
-2375
-1512
1934
5813
7211
6491
6200
6748
7276
6459
5535
5216
5068
3932
2115
1144
883
267
-1578
-3089
-2955
-1696
-1094
-1773
-2151
-1584
-155
1113
1741
1885
2359
3239
3936
3880
3157
2934
3147
3127
2274
1004
-112
-1187
-2273
-3198
-3863
-4433
-5136
-5797
-6458
-6836
-7142
-7478
-7548
-7159
-6258
-5508
-5132
-5121
-5147
-4629
-4163
-3915
-3997
-3962
-3534
-3782
-3885
-4692
-2387
1515
4877
4807
2789
3861
5928
8926
8214
6964
6340
7822
9623
8494
5933
2528
1749
1593
916
-257
-1050
-1036
-2476
-4836
-6517
-5856
-3790
-3385
-4209
-4359
-1440
1973
2674
684
-991
953
4483
7168
6616
5516
5523
6019
5541
3671
2638
2171
1581
-201
-1664
-1911
-1446
-1883
-3561
-4379
-3426
-1535
-564
-689
-249
1174
2962
4065
4471
4702
4845
5046
4818
4336
3606
3341
2990
2069
558
-856
-1858
-2904
-3867
-4602
-4580
-4456
-4792
-5449
-5860
-5951
-5954
-5895
-5780
-5058
-4031
-3257
-3345
-3643
-3748
-3747
-3836
-4082
-4190
-4605
-4572
-4931
-5287
-6248
-5169
-1221
2757
3982
2023
2357
4434
7728
8124
7163
6692
7814
9658
9250
7057
3729
2251
1978
1528
621
-418
-715
-1993
-4342
-6256
-6189
-4177
-3095
-3687
-4187
-2105
1481
3045
1739
-338
604
3857
6907
7177
5977
5521
5635
5291
3586
2226
1394
802
-709
-2395
-3039
-2617
-2429
-3558
-4686
-4180
-2456
-654
-50
410
1221
2711
4428
5234
5360
4832
4579
4260
4154
3907
3518
2850
1576
184
-1076
-2055
-2854
-3605
-3894
-3730
-3319
-3487
-4364
-5122
-5300
-5054
-4945
-4648
-3957
-3097
-2794
-3207
-3563
-3614
-3739
-4223
-4597
-4632
-4897
-4834
-5401
-5920
-7119
-6702
-2960
1532
3903
2171
1735
3070
6326
7862
7145
6363
6666
8673
9236
7931
4664
2161
1489
1338
989
42
-416
-1375
-3188
-4978
-5403
-3688
-1939
-1986
-2905
-1917
1655
4505
4315
1671
695
2788
6123
7541
6379
5053
4574
4437
3109
1202
-456
-1404
-2559
-4223
-4908
-4343
-3426
-4113
-5749
-5698
-3452
-651
516
843
1860
3877
5961
6894
6588
5626
5028
5128
5508
5363
4297
3029
1775
260
-1401
-2830
-3683
-4001
-3878
-3532
-3242
-3601
-4644
-5617
-5649
-4858
-4050
-3714
-3369
-2728
-2140
-2011
-2540
-3077
-3426
-3698
-3654
-3714
-3704
-4115
-4759
-5991
-7025
-8132
-7803
-3721
994
3655
1978
991
2258
5375
7224
6398
5863
6954
9941
10935
9107
5280
2412
2069
2210
1840
652
198
-480
-2369
-4563
-5576
-4293
-2568
-2652
-3644
-2406
1553
4592
3812
694
-733
1373
4981
6613
5647
4608
4569
4494
2849
149
-1624
-2322
-2779
-3773
-4147
-3310
-2687
-3668
-5406
-5108
-2635
408
1612
1792
2812
4986
6908
7140
6067
5011
4921
5418
5656
5002
3553
2074
842
-447
-2033
-3500
-4028
-3750
-3195
-3175
-3602
-4325
-5148
-5615
-5309
-4255
-3410
-3027
-2941
-2672
-2251
-2038
-2433
-3151
-3575
-3630
-3475
-3616
-3962
-4907
-6021
-7129
-7617
-7993
-6357
-2306
1887
3259
1801
1746
3487
6770
7791
7356
7376
9208
11350
10896
8110
4285
2519
2521
2462
1296
-262
-912
-1781
-3489
-5355
-5883
-4542
-3334
-3402
-3560
-1336
2618
4743
3406
427
-204
2244
5634
6609
5430
4503
4380
3780
1383
-1342
-2950
-3290
-3546
-4136
-4159
-3552
-3323
-4306
-5146
-4066
-1513
1060
2321
3332
4740
6444
7333
6786
5913
5374
5579
5851
5499
4296
2694
1306
-68
-1604
-3239
-4105
-3961
-3490
-3388
-4001
-4604
-5111
-5435
-5420
-4662
-3595
-3098
-3272
-3441
-2877
-2013
-1855
-2699
-3645
-4020
-3841
-3709
-3919
-4845
-5890
-6624
-7050
-7202
-7844
-6224
-2036
2442
3847
2522
2914
5073
8407
9215
8806
8804
10596
12272
11276
8306
4689
2868
2247
1478
-81
-1529
-1986
-2736
-4497
-6402
-6983
-5826
-4695
-4568
-4178
-1332
2881
4724
2955
-36
-219
2725
6273
7168
5954
4941
4562
3682
1235
-1378
-2991
-3129
-3255
-3702
-3709
-3046
-2860
-4056
-4985
-3514
-406
2098
3030
4100
5764
7044
7226
6604
6068
5648
5792
5762
5416
4068
2400
921
-516
-2103
-3558
-4059
-3795
-3504
-3782
-4422
-4967
-5311
-5488
-5233
-4405
-3598
-3564
-3750
-3300
-2125
-1706
-2500
-3652
-4036
-3449
-2939
-3328
-4435
-5346
-5886
-6094
-6415
-6899
-7544
-5075
-270
3980
4146
2724
3238
5641
8712
9032
8607
8832
10692
11496
9831
6567
3137
1735
1071
240
-1241
-2148
-2332
-3481
-5648
-7542
-7444
-5434
-4036
-4126
-3575
-153
3937
4769
2273
-345
654
4153
7210
7010
5335
4595
4323
3018
205
-2171
-3343
-3157
-3191
-3559
-3243
-2347
-2144
-3294
-3715
-2227
610
3038
4134
4904
5954
7044
7058
6027
5048
4573
4688
4655
4204
2966
1261
-507
-1956
-3138
-4067
-4394
-4234
-3830
-3935
-4271
-4520
-4655
-4673
-4607
-4069
-3315
-2516
-1927
-1475
-1222
-1593
-2340
-2986
-3058
-2947
-3169
-3940
-4611
-5249
-5694
-6572
-7070
-7851
-6461
-2118
2328
4194
2562
2634
4107
7364
8475
7989
7769
9041
10669
9773
7184
3522
1411
777
205
-817
-2090
-2294
-2881
-4359
-6190
-6921
-5577
-4060
-3500
-3083
-648
3371
5364
4022
1174
777
3272
6350
7090
5670
4684
4361
3656
1065
-1893
-3898
-4246
-3905
-3874
-3404
-2816
-2288
-3108
-3756
-2790
-576
2106
3532
4769
5806
6997
7207
6127
5040
4394
4766
5060
4882
3563
1781
223
-1143
-2208
-3475
-4178
-4096
-3492
-3038
-3385
-3736
-4261
-4667
-4726
-4378
-3498
-2712
-2140
-2005
-1731
-1889
-2532
-3447
-3853
-3778
-3852
-4297
-4786
-5566
-6210
-7105
-7643
-7813
-7794
-4298
245
4182
3486
2384
2958
5445
8238
8309
8286
8597
10507
10597
8543
5371
2400
1594
1073
367
-1235
-2031
-2143
-3077
-4740
-6490
-6496
-4876
-3329
-2759
-1684
1456
4527
4877
2558
859
1948
4853
6815
6100
5129
4819
4654
2630
-817
-3588
-4424
-3691
-3115
-2961
-2941
-2438
-2241
-2459
-2309
-1272
956
3204
4780
5941
6973
7439
6554
5013
4082
4174
4689
4603
3692
2196
692
-773
-1981
-3045
-3930
-4140
-3673
-3034
-2817
-3158
-3854
-4700
-5133
-5098
-4507
-3514
-2710
-2469
-2633
-2855
-3339
-3964
-4373
-4475
-4609
-5011
-5316
-6018
-6483
-7279
-7658
-8315
-6287
-1648
2587
4170
2945
3265
4474
7217
8126
8254
8528
9518
10225
9008
6825
3801
2075
1254
332
-1047
-2328
-2489
-2847
-3840
-5440
-6350
-5435
-3965
-2968
-2167
19
3197
4746
4136
2429
2449
3732
5355
5486
5101
5213
4745
2995
-346
-2778
-4160
-4112
-4108
-4002
-3429
-2763
-2127
-2325
-2119
-1628
-52
2056
4050
5933
7100
7853
7347
6096
4893
4410
4710
4722
4277
3156
1905
224
-1619
-3169
-3964
-3960
-3929
-3912
-3817
-3504
-3393
-4046
-4894
-5559
-5257
-4255
-2905
-2129
-2059
-2344
-2929
-3446
-3941
-4031
-4153
-4520
-5019
-5636
-5790
-6310
-6896
-7745
-7780
-4250
543
4612
4425
3734
4152
6057
8012
8169
8464
8805
10020
9634
7867
5408
3003
1681
235
-1183
-2670
-2893
-2519
-3218
-4760
-6373
-6246
-4843
-3432
-2552
-892
2263
4980
5218
3478
2389
3092
4741
5589
5294
5200
5199
3933
693
-2578
-3931
-3751
-3707
-4610
-4912
-3562
-1620
-891
-1673
-1823
-654
1330
3432
5440
7277
8086
8076
7279
5980
4826
3914
3733
3627
3287
2348
958
-827
-2865
-4563
-5229
-4925
-4582
-4546
-4523
-3927
-3523
-4164
-5479
-6265
-5622
-4226
-2938
-2218
-1949
-2091
-2741
-3533
-4179
-4294
-4547
-4572
-5023
-5307
-5874
-6436
-7289
-7473
-4377
-139
3675
3843
3799
4439
6419
7972
7715
7625
8030
9214
8906
7580
5587
3625
2200
477
-1234
-2704
-2791
-2353
-2715
-3978
-5448
-5575
-4576
-3516
-2703
-984
2291
4988
5343
3586
2346
3049
4683
5484
4960
4841
4868
3929
1042
-1987
-3500
-3544
-3614
-4444
-4779
-3972
-2115
-1060
-1016
-1421
-900
836
2882
4916
6569
7703
8041
7428
6305
5206
4207
3478
2751
2409
2083
1341
-170
-2233
-4205
-5352
-5495
-5257
-4942
-4673
-4135
-3595
-3578
-4321
-5158
-5284
-4499
-3416
-2278
-1386
-1197
-1519
-2353
-3116
-3948
-4482
-4871
-5415
-5596
-6167
-6454
-7210
-6812
-4143
-619
2281
2327
2955
4227
6787
8065
7860
7439
7428
8171
7859
6952
5386
3891
2563
866
-920
-2580
-2793
-2501
-2612
-3573
-4633
-4656
-3926
-3158
-2451
-440
2682
4853
4874
3509
3099
3881
5211
5396
4824
4550
4320
3553
1241
-1166
-2961
-3825
-4697
-5389
-5086
-3744
-1958
-1043
-701
-424
274
1396
2536
4212
6111
7786
8088
7169
5919
4788
3732
2609
1642
1013
722
283
-552
-1929
-3436
-4716
-5494
-5768
-5679
-5191
-4178
-3166
-2988
-3754
-4710
-4938
-4528
-3724
-3117
-2429
-1763
-1434
-1806
-2895
-4052
-4876
-5750
-6336
-7045
-7108
-7231
-6499
-3790
-525
2232
2219
2429
3244
5540
7540
8406
8472
8026
7788
6902
6045
4862
3571
2125
394
-982
-2282
-2578
-2272
-2167
-2812
-3824
-4134
-3589
-2622
-1739
-60
2483
4880
5524
4565
3994
4490
5374
5447
4687
4293
4148
3674
2004
-190
-2107
-3447
-4449
-5104
-5114
-4100
-2188
-773
-547
-810
-134
1190
2227
3024
4298
6076
7381
7452
6277
4890
3826
3012
2041
1195
713
425
-17
-946
-2273
-3720
-4792
-5388
-5677
-5680
-5355
-4614
-3801
-3475
-3880
-4500
-4593
-4153
-3463
-3112
-2922
-2540
-2115
-2075
-2977
-4089
-5375
-6189
-7104
-7476
-7832
-6598
-3293
466
2961
2690
2694
3183
5098
6454
7074
7144
7310
7296
6500
5395
4059
2846
1520
75
-1396
-2696
-2910
-2552
-2011
-2207
-2884
-3311
-2896
-1885
-772
751
2618
4282
4836
4613
4688
5131
5690
5305
4569
3888
3447
2593
1105
-384
-1828
-2964
-3918
-4279
-4404
-3846
-2922
-1599
-303
492
923
1269
2052
3151
4466
5625
6171
6140
5912
5508
4674
3537
2300
1308
434
-411
-1040
-1566
-2104
-3042
-4218
-5183
-5625
-5652
-5502
-5119
-4659
-4202
-3833
-3656
-3588
-3527
-3191
-2830
-2571
-2532
-2480
-2625
-2870
-3731
-4599
-5536
-6083
-6665
-6756
-5139
-2202
1145
2718
3397
3534
4510
5525
6313
6654
6669
6437
5712
5305
4994
4475
3218
1242
-774
-2326
-2761
-2675
-2541
-2702
-2901
-2831
-2384
-1768
-1241
-294
1348
3009
3879
3990
4164
4799
5482
5613
5043
4521
4002
3151
1684
347
-806
-1967
-3276
-4265
-4177
-3411
-2334
-1662
-1191
-656
-98
779
1395
2030
2504
3234
4139
4993
5463
5165
4409
3492
2769
2085
1394
570
-266
-988
-1626
-2137
-2802
-3633
-4725
-5643
-6037
-5858
-5400
-5025
-4846
-4739
-4528
-4207
-3811
-3493
-3318
-3332
-3458
-3381
-3208
-3299
-4035
-5049
-5928
-6084
-4563
-2125
485
1764
2525
3478
4957
6334
6462
5892
5380
5584
5591
5312
4641
3947
3318
2164
825
-724
-1797
-2434
-2957
-3245
-3391
-3194
-2852
-2204
-1373
-102
1304
2625
3274
3230
3356
3975
4969
5498
5315
5044
4874
4652
3745
2379
870
-582
-2108
-3623
-4167
-3635
-2454
-1794
-1390
-657
123
741
883
1116
1398
2052
2696
3209
3492
3738
4005
3984
3730
2877
1889
1037
360
-281
-1145
-1882
-2506
-2898
-3491
-4182
-4843
-5274
-5565
-6040
-6368
-6269
-5754
-5097
-4680
-4280
-3827
-3559
-3591
-3792
-3746
-3964
-4463
-5211
-5228
-3727
-1331
938
2021
2813
3669
4992
6043
6458
6138
5309
4623
4139
4124
4016
3724
3021
2159
1167
-90
-1186
-1946
-2439
-3143
-3892
-4224
-3645
-2557
-1531
-516
574
1693
2272
2497
2859
3639
4437
4819
4842
4956
5192
5265
4870
4211
3236
1907
263
-1210
-2241
-2821
-3095
-2984
-2442
-1613
-905
-427
-198
84
410
765
1195
1472
1838
2343
2909
3392
3496
3287
2840
2198
1391
600
-94
-672
-1465
-2462
-3330
-3815
-4059
-4548
-5207
-5815
-6115
-6098
-5875
-5596
-5302
-5038
-4666
-4120
-3509
-3028
-2856
-3081
-3551
-4060
-4184
-3524
-2039
-197
1127
2111
3152
4558
5642
6058
5695
5110
4546
3988
3539
3221
3154
2872
2376
1677
1091
530
-33
-693
-1532
-2479
-3425
-3894
-3814
-3320
-2566
-1586
-381
673
1319
1799
2294
2905
3407
3567
3613
3822
4245
4601
4835
4789
4392
3437
2327
1301
623
93
-572
-1208
-1305
-783
-175
263
515
653
628
522
336
161
21
26
137
544
1145
1647
1857
1753
1293
521
-414
-1330
-2200
-2885
-3454
-3877
-4247
-4515
-4770
-4929
-5016
-5143
-5343
-5499
-5360
-5152
-4867
-4585
-4141
-3661
-3383
-3452
-3633
-3221
-2165
-779
79
789
1628
2930
4294
5254
5737
5764
5587
5062
4474
3920
3471
2996
2606
2369
2107
1897
1541
1089
409
-511
-1517
-2385
-2883
-3264
-3358
-3145
-2471
-1666
-1095
-763
-420
247
1080
1820
2267
2468
2632
2870
3331
3787
4087
4035
3737
3410
3200
3187
3040
2701
2135
1596
1131
790
618
428
135
-218
-407
-462
-446
-481
-564
-465
-374
-380
-422
-187
376
916
982
388
-536
-1474
-2167
-2684
-3033
-3396
-3831
-4185
-4411
-4388
-4242
-4134
-4155
-4218
-4097
-3855
-3480
-3210
-3070
-3173
-3418
-3620
-3586
-3086
-2350
-1562
-960
-302
453
1419
2370
3201
3652
3719
3547
3335
3210
3113
2975
2815
2787
2818
2792
2747
2768
2828
2667
2083
1155
207
-590
-1241
-1751
-2116
-2235
-2157
-2036
-1787
-1411
-855
-308
30
210
365
775
1238
1620
1778
1931
2159
2487
2773
2975
3202
3474
3678
3757
3693
3364
2752
2026
1399
911
460
-38
-605
-1018
-1152
-1082
-925
-866
-850
-868
-739
-529
-301
-207
-223
-343
-519
-842
-1302
-1808
-2241
-2560
-2833
-3009
-3046
-2963
-2786
-2593
-2448
-2306
-2197
-2073
-1949
-1925
-2064
-2292
-2540
-2762
-2963
-3049
-2832
-2391
-1958
-1774
-1550
-1117
-336
451
994
1349
1614
1804
1891
1953
2030
2136
2193
2289
2489
2841
3273
3557
3614
3336
2829
2206
1633
1092
443
-262
-940
-1300
-1368
-1171
-932
-729
-494
-192
212
568
852
996
1010
934
800
757
844
1088
1381
1607
1819
2141
2557
2819
2718
2277
1740
1322
982
647
233
-200
-592
-848
-887
-772
-593
-398
-205
-34
14
53
17
27
22
-86
-336
-706
-997
-1210
-1333
-1568
-1909
-2204
-2358
-2265
-2067
-1822
-1583
-1421
-1344
-1319
-1254
-1296
-1440
-1686
-1906
-1998
-2155
-2431
-2794
-3070
-3206
-3202
-3134
-2977
-2647
-2085
-1345
-607
53
482
780
996
1225
1417
1568
1741
1983
2323
2703
3006
3217
3352
3374
3202
2808
2267
1709
1307
1034
829
606
436
409
498
581
585
636
778
937
971
901
807
710
539
298
114
72
262
513
671
785
879
947
895
642
427
361
396
398
272
1
-210
-272
-204
-116
-57
35
138
201
303
432
551
524
230
-112
-455
-577
-613
-673
-825
-1033
-1195
-1290
-1250
-1103
-884
-881
-1027
-1245
-1312
-1284
-1306
-1457
-1626
-1736
-1833
-1975
-2254
-2547
-2944
-3406
-3818
-3981
-3838
-3497
-3076
-2563
-1905
-1117
-355
235
684
966
1134
1264
1527
1805
2154
2416
2684
2928
3069
3231
3345
3321
3037
2605
2156
1883
1746
1672
1648
1609
1494
1219
892
574
323
205
168
270
413
580
603
449
125
-239
-441
-499
-439
-420
-356
-289
-98
123
340
561
788
968
997
861
595
345
196
113
64
166
356
579
682
696
660
616
406
123
-194
-388
-429
-386
-487
-674
-770
-755
-694
-681
-760
-871
-982
-1176
-1466
-1681
-1684
-1698
-1797
-2017
-2203
-2331
-2470
-2784
-3283
-3760
-4136
-4333
-4355
-4112
-3694
-3090
-2412
-1670
-859
-121
477
862
1147
1400
1673
1973
2248
2366
2519
2719
2934
3173
3353
3454
3466
3261
2950
2617
2394
2258
2016
1684
1290
1015
778
499
163
-59
-96
29
240
396
445
305
-15
-529
-935
-1107
-1040
-798
-517
-187
145
541
922
1235
1357
1362
1290
1202
1129
1033
944
809
686
566
616
740
934
994
966
828
647
520
247
31
-144
-268
-388
-482
-602
-666
-804
-967
-1141
-1317
-1451
-1648
-1852
-2076
-2312
-2426
-2514
-2617
-2785
-3078
-3277
-3476
-3731
-4149
-4558
-4748
-4590
-4162
-3693
-3036
-2267
-1266
-315
515
1068
1540
1994
2310
2494
2501
2506
2499
2613
2609
2703
2841
3073
3298
3384
3330
3115
2835
2396
1867
1139
580
221
55
-5
-189
-320
-400
-231
-125
-6
25
79
129
-8
-267
-549
-647
-632
-456
-222
185
704
1255
1702
1974
1978
1909
1757
1629
1469
1248
1004
734
657
588
569
588
628
759
899
1040
1002
871
571
225
3
-191
-346
-521
-763
-1011
-1219
-1451
-1615
-1925
-2173
-2482
-2762
-2942
-3114
-3300
-3614
-4006
-4379
-4639
-4853
-5018
-5220
-5192
-4933
-4336
-3658
-2854
-1853
-509
834
1983
2868
3499
4105
4499
4527
4169
3657
3178
2889
2696
2508
2352
2273
2236
2161
2064
1857
1551
1161
687
160
-426
-779
-1095
-1211
-1288
-1287
-1078
-640
-75
342
682
781
914
1007
966
913
750
564
362
342
572
968
1397
1725
2067
2181
2182
2041
1701
1299
868
429
176
69
85
270
534
831
952
1050
1041
1023
929
681
428
63
-299
-760
-1265
-1827
-2280
-2661
-2991
-3238
-3500
-3843
-4211
-4562
-4846
-5063
-5354
-5583
-5873
-6020
-6284
-6180
-5696
-4616
-3399
-2120
-752
894
2824
4413
5649
6160
6497
6476
6305
5690
4888
4035
3200
2517
1884
1463
1159
999
810
466
75
-379
-686
-1180
-1700
-2323
-2590
-2455
-2134
-1637
-1132
-331
561
1479
2138
2556
2814
2898
2808
2480
2156
1866
1594
1317
1098
1053
1295
1652
1804
1695
1406
1240
1169
1089
752
368
69
137
330
462
591
626
825
973
1139
1269
1315
1090
623
7
-600
-1002
-1566
-2270
-3129
-3854
-4434
-4964
-5597
-6347
-6989
-7461
-7741
-7847
-7892
-7846
-7735
-7233
-6180
-4528
-2620
-822
984
2866
5114
6990
8347
8684
8649
8359
7862
6937
5553
4237
2949
1902
833
15
-399
-492
-623
-1137
-1637
-1988
-2055
-2282
-2668
-3070
-3149
-2680
-1902
-948
-117
894
2032
3116
3855
4204
4239
4043
3693
3030
2321
1611
1086
703
441
153
53
324
540
631
338
323
402
542
576
546
721
1074
1650
2131
2645
3001
3261
3131
2722
2120
1496
840
-128
-1174
-2129
-2784
-3281
-3807
-4536
-5456
-6289
-7082
-7879
-8855
-9805
-10492
-10924
-11013
-10836
-9681
-7696
-5056
-2579
-166
2496
5485
8335
10107
10907
10756
10456
9576
8326
6532
4524
2676
1071
-31
-883
-1247
-1539
-1689
-1982
-2428
-2877
-3178
-3147
-3262
-3306
-3350
-2457
-853
1051
2612
3792
5059
6260
7093
6948
6200
5065
3847
2346
687
-716
-1353
-1498
-1903
-2359
-2375
-1690
-1023
-849
-1041
-996
-615
-131
387
780
1386
1940
2655
3463
4293
4931
4988
4660
4033
3384
2607
1812
655
-662
-1879
-2720
-3198
-3685
-4715
-6157
-7562
-8726
-9682
-10548
-11430
-12042
-12278
-12071
-10853
-8503
-5099
-2035
724
3087
6025
8942
10915
11383
10552
9609
8425
7056
4884
2807
1022
-239
-1229
-2160
-2545
-2655
-2594
-3103
-3781
-4357
-4383
-4091
-3889
-3474
-2607
-756
1591
4155
6175
7795
9066
9962
10222
9506
8046
6150
4129
2114
320
-983
-1778
-2241
-2846
-3408
-3610
-3295
-2840
-2883
-3139
-3323
-2959
-2093
-838
389
1632
2755
3952
5153
6087
6562
6221
5322
4123
3027
2084
1223
295
-913
-2039
-2895
-3446
-4233
-5343
-6863
-8373
-9815
-10901
-11829
-12551
-12992
-12587
-10659
-7571
-3771
-542
2771
5837
9240
11511
12613
12162
10869
9256
7179
4952
2384
209
-1633
-2869
-3972
-4768
-5188
-5124
-5096
-5745
-6683
-7425
-7032
-6172
-5094
-3920
-1896
1269
4727
7742
9703
11157
12011
12232
11263
9535
7534
5468
3418
1341
-168
-1031
-1536
-2108
-2970
-3502
-3700
-3579
-3797
-4106
-4323
-3820
-2788
-1287
342
1865
3289
4412
5452
5988
6086
5404
4397
3153
2060
1173
387
-269
-1120
-1852
-2548
-3136
-4115
-5685
-7473
-9258
-10604
-11869
-12691
-13233
-12872
-10958
-7774
-3573
-77
3372
6329
9538
11977
13121
12816
11094
9356
7072
5108
2683
764
-1065
-2325
-3207
-3929
-4287
-4768
-4972
-5940
-7105
-8294
-8430
-7543
-6314
-4740
-2794
523
4108
7420
9255
10255
10739
10708
9825
7870
5819
3912
2467
807
-391
-932
-673
-605
-1236
-1951
-2358
-2139
-2288
-2605
-3050
-2905
-2140
-889
698
2160
3517
4350
5074
5479
5684
5403
4599
3590
2464
1640
855
187
-717
-1845
-3080
-4161
-5207
-6585
-8101
-9704
-10706
-11396
-11605
-11867
-11177
-9129
-5743
-1989
782
3664
6169
9283
11057
11792
10979
9523
7988
6092
4247
2082
525
-998
-2021
-3153
-3996
-4781
-5249
-5665
-6576
-7339
-7800
-6908
-5575
-3896
-2369
-165
2816
5672
7673
8237
8408
8194
7817
6592
5097
3633
2592
1503
271
-451
-587
-562
-1232
-2261
-2988
-2910
-2442
-2170
-2120
-2046
-1392
-495
659
1593
2190
2399
2416
2710
3028
3451
3489
3431
3120
2915
2738
2514
1875
501
-1252
-3062
-4565
-6019
-7542
-8933
-9837
-10366
-10385
-10316
-9035
-6722
-3259
-326
1696
3678
5739
8455
9539
9683
8289
7137
5970
4866
3445
1764
420
-894
-1791
-2847
-3547
-4353
-4782
-5446
-6239
-6850
-6836
-5496
-3949
-2288
-964
1059
3613
5945
7094
6957
6544
6110
5646
4674
3757
2945
2384
1440
539
125
-49
-584
-1893
-3097
-3595
-3039
-2209
-1577
-1351
-1034
-255
761
1774
2100
2013
1514
1266
1406
1724
2063
2131
2043
1865
1871
2026
1825
727
-1097
-3053
-4513
-5629
-6828
-8105
-9110
-9408
-9254
-8924
-7451
-4810
-1024
1743
3601
5105
6936
9002
9667
9207
7365
5873
4524
3470
2081
750
-611
-1632
-2409
-3124
-3730
-4422
-4653
-5166
-5655
-5960
-5259
-3694
-2062
-620
610
2469
4310
5582
5466
4806
4130
3767
3357
2716
2328
2088
2166
1736
1422
1033
923
252
-1092
-2385
-2900
-2242
-1336
-681
-669
-440
137
1086
1689
1707
1086
190
-332
-335
24
216
260
137
137
195
404
366
-264
-1685
-3353
-4539
-5365
-6023
-6950
-7767
-8202
-8304
-7582
-5681
-2558
968
3202
5093
6489
8681
9951
10051
8644
6529
4764
3047
1754
400
-520
-1540
-2162
-2865
-3117
-3460
-3546
-3571
-4052
-4309
-4304
-2912
-1284
302
1262
2271
3668
4828
5209
4360
3241
2179
1775
1359
1430
1400
1491
1193
889
856
638
270
-760
-1640
-2218
-1842
-767
387
1157
1309
1430
1665
2049
2119
1746
962
218
-233
-152
385
737
706
-23
-545
-926
-1160
-2095
-3565
-5233
-6525
-7351
-7960
-8192
-8519
-8473
-8836
-7806
-5629
-1830
1429
3670
5429
7120
9388
10431
10715
9230
7467
5297
3653
2250
1076
-67
-1331
-2282
-3251
-3741
-4391
-4542
-4891
-5180
-5350
-4607
-2538
-388
1581
2703
4124
5332
6094
5592
4303
2839
1717
1011
615
797
920
1012
501
243
97
-22
-619
-1727
-2627
-2870
-2005
-647
667
1414
1719
1924
2156
2417
2344
1950
1183
583
307
576
1106
1513
1468
867
347
-157
-678
-1796
-3232
-4751
-5961
-6965
-7578
-8143
-8477
-9054
-9143
-7821
-4966
-1272
1211
3311
4933
7393
9075
9890
9138
7549
5826
4144
2936
1699
777
-402
-1272
-2088
-2601
-3175
-3678
-4124
-4784
-5203
-5151
-3692
-1703
344
1848
3227
4656
5682
5906
5098
3985
2757
2036
1496
1724
1817
1923
1423
748
133
-496
-1017
-2222
-3372
-4237
-3845
-2613
-1253
-315
267
915
1514
1906
1952
1873
1435
854
315
280
732
1003
952
549
423
242
-154
-898
-1893
-2897
-4081
-4869
-5475
-5967
-6722
-7767
-7817
-6706
-3919
-1467
613
2311
4147
6189
7303
7948
7243
6225
4484
3162
1952
1330
578
-114
-840
-1506
-1772
-2072
-1980
-2496
-3036
-3667
-3339
-2227
-948
236
1126
2345
3252
3904
3747
3366
2662
2149
1771
1535
1618
1427
1453
827
319
-373
-677
-1025
-1602
-2025
-2123
-1353
-488
356
650
952
1021
966
741
590
583
214
-163
-612
-432
-100
-28
-406
-999
-1343
-1809
-2312
-2975
-3445
-3984
-4501
-4743
-4758
-4605
-5031
-5341
-4883
-3026
-463
1290
2620
3577
5221
6246
6739
6416
5657
4702
3529
2687
1848
1318
529
-198
-1319
-2073
-2670
-2760
-2712
-2844
-2959
-2814
-1563
-144
1009
1630
2262
3121
3709
3671
3188
2751
2660
2566
2579
2479
2349
1851
929
-178
-1374
-2080
-2765
-3276
-3868
-3818
-3230
-2045
-969
-173
284
835
1323
1502
1647
1821
2080
1757
1221
784
855
974
421
-543
-1652
-2345
-3120
-3768
-4393
-4713
-5085
-5254
-5248
-5165
-5327
-5601
-4909
-3244
-572
1091
2499
3431
5015
6245
6709
6393
5485
4611
3707
3122
2563
2091
1102
-64
-1552
-2525
-3123
-3250
-3264
-3536
-3415
-2652
-857
936
2009
2378
2724
3340
3764
3582
3079
2853
3082
3814
4162
4705
4561
4344
2898
1076
-717
-2151
-3160
-4395
-5249
-5789
-5347
-4465
-3406
-2726
-1893
-1182
-325
259
905
1496
1851
1990
1723
1687
1741
1924
1479
568
-587
-1545
-2502
-3552
-4467
-5155
-5429
-5636
-5645
-5673
-5772
-5709
-4939
-2970
-469
1355
2540
3318
4618
5471
6029
5670
4977
4186
3526
3221
2911
2584
1609
274
-1418
-2626
-3380
-3477
-3487
-3553
-3498
-2731
-974
849
2110
2498
2849
3365
3739
3615
3276
3406
4157
4785
5200
5411
5689
5560
4565
3002
1141
-210
-1667
-3026
-4552
-5513
-5695
-5174
-4369
-3632
-2917
-2075
-1217
-567
-119
144
343
204
86
236
780
1216
1086
367
-550
-1524
-2396
-3390
-4325
-5124
-5720
-6033
-6345
-6394
-6265
-5291
-3718
-1262
892
2962
4241
5448
6285
6638
6517
5503
4663
3562
2988
2233
1715
1018
199
-1096
-2528
-3662
-4061
-3910
-3960
-3976
-3873
-2743
-1305
-21
712
1245
2210
3082
3658
3739
4111
4898
5858
6243
6116
5809
5625
5365
4641
3556
2320
1227
107
-1210
-2678
-3767
-4364
-4507
-4483
-4183
-3480
-2613
-1887
-1425
-1054
-648
-384
-381
-321
55
684
1032
669
-108
-972
-1674
-2400
-3383
-4279
-4906
-5199
-5621
-6281
-6823
-6463
-5164
-3029
-1134
641
2077
3490
4919
5631
6247
5942
5793
5236
4794
4213
3591
2894
1855
365
-1315
-2680
-3421
-3504
-3607
-3651
-3725
-3139
-2262
-1486
-1101
-838
-292
487
1039
1409
2036
3164
4624
5477
5595
5273
4956
4794
4293
3585
2813
2243
1657
773
-367
-1261
-1712
-1893
-2218
-2625
-2651
-2238
-1721
-1553
-1640
-1572
-1250
-1004
-856
-632
103
755
927
299
-614
-1280
-1922
-2620
-3607
-4212
-4594
-4860
-5542
-6317
-6310
-5471
-3507
-1961
-402
682
1946
3312
4059
4681
4542
4681
4605
4688
4510
4229
3766
3102
1868
380
-1141
-2175
-2586
-2754
-2793
-3085
-2871
-2371
-1509
-1009
-780
-661
-205
240
541
803
1443
2801
4009
4916
4728
4504
4176
3989
3724
3090
2503
1742
1083
170
-687
-1233
-1352
-1434
-1704
-2070
-1996
-1700
-1376
-1494
-1793
-1888
-1704
-1302
-935
-331
283
706
537
-84
-850
-1399
-1812
-2351
-2896
-3422
-3688
-4094
-4597
-4926
-4775
-3737
-2478
-1049
50
1037
2115
2813
3434
3492
3682
3873
4003
4039
3714
3497
3012
2246
1045
-373
-1468
-2115
-2295
-2386
-2578
-2684
-2468
-1827
-1084
-537
-253
-36
196
387
573
894
1600
2511
3287
3670
3614
3511
3325
3246
2924
2481
1902
1139
385
-500
-1099
-1524
-1633
-1681
-1660
-1542
-1339
-1089
-1112
-1201
-1348
-1289
-1047
-663
-78
561
1183
1434
1263
763
204
-300
-786
-1291
-1777
-2205
-2655
-3151
-3668
-3948
-4012
-3769
-3380
-2725
-1842
-872
50
646
1158
1541
1991
2316
2462
2429
2319
2227
2055
1800
1366
932
477
107
-341
-766
-1166
-1436
-1548
-1376
-977
-479
57
437
892
1205
1490
1464
1370
1209
1128
1057
932
893
947
1226
1452
1530
1285
890
410
-57
-567
-977
-1191
-1083
-727
-289
60
289
385
542
703
907
1106
1329
1645
1924
2162
2127
1919
1547
1124
616
42
-515
-966
-1259
-1543
-1890
-2293
-2661
-2979
-3331
-3628
-3786
-3668
-3287
-2823
-2279
-1690
-975
-373
43
167
167
94
30
-78
-332
-504
-634
-525
-396
-311
-363
-456
-486
-377
-156
40
295
495
839
1208
1764
2287
2676
2833
2786
2669
2410
2219
2004
1974
2020
2098
2013
1725
1306
816
310
-275
-827
-1304
-1539
-1559
-1404
-1206
-1037
-848
-619
-297
98
572
1053
1485
1804
1958
1989
1921
1805
1547
1028
364
-261
-699
-1039
-1437
-1917
-2376
-2722
-2994
-3198
-3379
-3456
-3448
-3329
-3071
-2660
-2046
-1411
-812
-427
-101
233
621
936
1008
867
645
544
532
468
245
-33
-270
-359
-361
-324
-326
-337
-294
-152
221
688
1184
1519
1758
1932
2105
2220
2183
2166
2198
2385
2539
2587
2384
2029
1624
1150
628
92
-384
-736
-1031
-1215
-1272
-1185
-1000
-832
-613
-355
36
430
762
990
1151
1335
1506
1631
1564
1304
902
461
64
-360
-861
-1453
-2041
-2514
-2775
-2864
-2882
-2924
-3032
-3141
-3201
-3074
-2750
-2251
-1844
-1580
-1381
-1031
-424
218
676
794
750
694
722
765
729
610
463
378
357
352
332
250
100
-31
-38
174
505
841
1073
1213
1377
1554
1672
1693
1714
1827
1978
2099
2051
1889
1660
1365
969
522
116
-193
-465
-709
-876
-887
-678
-378
-67
175
350
471
520
542
559
645
764
889
989
1036
1037
922
720
353
-137
-691
-1220
-1662
-1970
-2131
-2216
-2260
-2333
-2459
-2681
-2851
-2851
-2647
-2318
-2073
-1896
-1687
-1275
-730
-255
31
121
172
250
336
453
540
631
679
726
749
763
741
639
464
348
387
617
917
1132
1278
1356
1496
1645
1760
1777
1759
1759
1795
1797
1754
1611
1357
988
627
341
91
-201
-555
-825
-920
-763
-477
-168
33
127
111
53
24
35
72
85
60
9
40
117
213
217
95
-189
-539
-844
-1045
-1166
-1270
-1385
-1488
-1533
-1556
-1595
-1709
-1797
-1816
-1686
-1499
-1339
-1216
-1115
-958
-775
-594
-444
-296
-166
-21
159
386
549
655
686
663
657
612
533
380
233
225
351
582
780
911
1004
1152
1412
1666
1809
1806
1763
1720
1745
1757
1673
1480
1245
1030
874
728
539
242
-100
-343
-439
-427
-392
-362
-386
-428
-466
-435
-342
-245
-212
-248
-332
-389
-398
-381
-380
-430
-502
-608
-677
-699
-685
-696
-745
-855
-977
-1097
-1216
-1297
-1426
-1502
-1558
-1496
-1365
-1250
-1195
-1249
-1250
-1182
-996
-752
-531
-326
-112
69
242
339
431
529
636
727
734
702
700
762
895
1026
1103
1109
1095
1173
1383
1629
1735
1675
1562
1487
1529
1585
1514
1300
1005
826
761
718
597
363
87
-124
-208
-221
-198
-199
-228
-292
-336
-330
-286
-260
-273
-355
-449
-514
-547
-542
-587
-655
-770
-851
-892
-916
-893
-879
-868
-861
-857
-856
-861
-879
-944
-1057
-1126
-1135
-1049
-905
-844
-870
-972
-961
-807
-560
-322
-152
-23
93
174
246
305
401
527
616
683
717
753
820
906
961
997
1031
1047
1107
1219
1379
1518
1533
1442
1318
1313
1365
1358
1222
994
770
618
479
337
137
-44
-194
-312
-355
-304
-202
-130
-119
-145
-174
-179
-190
-315
-466
-622
-706
-715
-683
-638
-646
-738
-864
-986
-1068
-1069
-1060
-1045
-1036
-983
-888
-790
-712
-682
-724
-810
-899
-911
-825
-698
-602
-636
-726
-735
-630
-418
-250
-151
-101
-50
15
87
184
267
344
411
501
620
746
862
953
1008
1107
1257
1425
1542
1599
1641
1682
1735
1756
1740
1687
1600
1505
1408
1269
1071
807
502
198
-50
-209
-331
-428
-513
-509
-460
-369
-314
-274
-249
-284
-373
-510
-616
-691
-724
-751
-818
-874
-898
-918
-944
-995
-1068
-1153
-1193
-1198
-1193
-1164
-1127
-1083
-1046
-1007
-978
-941
-915
-900
-864
-813
-701
-579
-496
-479
-503
-452
-310
-125
16
53
69
107
194
282
358
411
467
503
553
636
720
796
886
988
1099
1246
1352
1421
1477
1575
1694
1784
1812
1799
1779
1732
1641
1517
1364
1186
1002
821
602
376
198
43
-79
-169
-192
-181
-127
-67
-54
-92
-129
-160
-216
-300
-407
-523
-668
-800
-901
-928
-918
-906
-938
-1049
-1189
-1278
-1330
-1367
-1409
-1441
-1459
-1434
-1356
-1302
-1295
-1350
-1390
-1393
-1342
-1244
-1130
-1052
-1013
-946
-775
-517
-251
-81
-13
31
111
262
413
517
583
617
708
815
919
958
952
970
1011
1086
1127
1183
1215
1274
1387
1515
1595
1592
1536
1445
1392
1379
1412
1372
1242
1053
848
684
507
308
64
-133
-252
-287
-209
-110
-2
65
115
165
208
221
138
-21
-199
-348
-426
-473
-517
-600
-699
-790
-854
-898
-963
-1026
-1116
-1174
-1221
-1255
-1292
-1354
-1442
-1533
-1603
-1658
-1695
-1697
-1656
-1565
-1465
-1349
-1246
-1106
-884
-664
-460
-291
-113
98
326
561
741
900
1019
1112
1166
1182
1164
1141
1113
1131
1170
1216
1280
1316
1349
1390
1444
1430
1364
1254
1193
1191
1212
1194
1120
1029
928
811
647
447
224
19
-137
-198
-168
-107
-45
59
200
356
447
448
387
307
233
134
-23
-213
-410
-587
-704
-767
-766
-750
-718
-703
-699
-690
-692
-742
-850
-1001
-1163
-1297
-1390
-1424
-1470
-1539
-1629
-1685
-1673
-1570
-1462
-1439
-1483
-1512
-1394
-1141
-844
-601
-413
-221
-3
259
483
630
683
699
715
739
772
776
770
784
815
871
951
1076
1187
1282
1355
1366
1362
1299
1255
1180
1130
1071
977
886
792
713
635
596
533
452
374
346
353
429
520
603
656
666
649
594
503
387
255
52
-161
-361
-486
-541
-605
-672
-717
-694
-660
-641
-640
-664
-711
-773
-834
-879
-886
-916
-959
-1013
-1016
-1038
-1151
-1344
-1535
-1598
-1565
-1507
-1500
-1482
-1374
-1141
-831
-593
-415
-279
-93
94
243
303
306
317
350
416
490
555
578
601
635
722
836
926
962
959
994
1077
1131
1114
1014
899
818
822
825
801
766
708
673
667
723
798
820
775
715
730
809
852
822
732
627
565
526
449
334
180
-11
-159
-269
-313
-351
-419
-487
-529
-505
-459
-438
-452
-466
-485
-542
-558
-521
-486
-518
-661
-817
-977
-1144
-1371
-1657
-1877
-2001
-1972
-1880
-1799
-1718
-1589
-1336
-1078
-877
-716
-564
-395
-253
-119
41
231
395
502
599
712
823
891
902
879
868
862
841
761
695
692
767
855
847
764
649
590
596
657
721
733
741
772
854
940
976
953
883
796
735
712
709
686
625
555
456
364
262
181
125
62
-12
-95
-167
-224
-265
-307
-352
-378
-398
-413
-377
-311
-223
-201
-215
-238
-309
-411
-587
-802
-1026
-1243
-1454
-1693
-1922
-2102
-2174
-2146
-2060
-1956
-1857
-1741
-1556
-1308
-1019
-774
-580
-387
-149
130
421
695
889
1025
1151
1284
1377
1402
1349
1235
1115
1013
936
880
822
778
759
782
790
776
731
699
713
773
839
874
893
897
928
972
998
932
832
730
637
570
513
477
451
440
430
411
362
333
318
281
186
54
-86
-179
-213
-213
-205
-198
-175
-140
-108
-140
-201
-267
-368
-494
-657
-815
-999
-1232
-1456
-1658
-1849
-2022
-2225
-2409
-2521
-2544
-2462
-2322
-2146
-1980
-1790
-1540
-1223
-885
-570
-284
-15
259
522
759
928
1027
1059
1035
999
950
901
812
697
599
525
471
445
474
549
632
709
768
829
916
1017
1111
1178
1179
1148
1116
1092
1044
964
857
786
743
683
608
577
587
611
616
590
549
501
488
461
432
371
270
177
109
101
98
35
-37
-119
-156
-184
-212
-274
-358
-459
-570
-649
-752
-866
-1022
-1199
-1348
-1481
-1612
-1771
-1940
-2094
-2193
-2218
-2174
-2036
-1847
-1629
-1418
-1182
-881
-562
-266
-31
164
321
445
520
585
622
648
646
654
664
631
576
494
457
444
485
555
659
773
899
1032
1145
1239
1284
1295
1279
1261
1249
1207
1129
1043
972
932
886
839
777
710
651
607
583
578
595
609
619
587
541
493
429
354
261
127
-22
-147
-240
-304
-372
-436
-490
-486
-457
-445
-445
-479
-535
-629
-720
-824
-905
-1009
-1104
-1211
-1351
-1479
-1596
-1665
-1718
-1790
-1875
-1917
-1904
-1790
-1624
-1441
-1300
-1163
-994
-793
-583
-443
-314
-224
-104
0
103
217
303
379
435
493
520
520
528
576
649
780
924
1058
1159
1257
1377
1501
1569
1520
1422
1303
1219
1202
1174
1164
1130
1081
1033
985
940
882
817
707
605
523
470
445
417
377
331
268
176
63
-46
-159
-256
-328
-364
-375
-375
-366
-349
-322
-285
-249
-213
-208
-264
-344
-437
-485
-552
-635
-751
-905
-1050
-1175
-1273
-1386
-1493
-1603
-1716
-1764
-1778
-1751
-1717
-1662
-1582
-1457
-1266
-1056
-820
-604
-386
-205
-61
87
192
286
360
417
493
556
611
684
775
842
922
992
1043
1067
1104
1150
1198
1265
1317
1366
1388
1387
1354
1323
1294
1245
1161
1081
996
921
831
737
664
576
495
425
399
353
304
255
196
136
60
-20
-109
-194
-267
-304
-310
-326
-344
-349
-350
-355
-361
-388
-440
-502
-553
-595
-659
-737
-808
-878
-943
-1003
-1052
-1118
-1211
-1307
-1394
-1476
-1530
-1557
-1547
-1488
-1421
-1342
-1246
-1135
-1035
-908
-754
-605
-454
-297
-139
30
201
376
508
606
680
734
769
796
820
835
882
933
979
1021
1063
1103
1130
1136
1120
1115
1091
1083
1078
1053
1006
944
883
819
761
696
625
555
490
443
415
360
300
248
193
173
173
172
169
137
97
37
-17
-62
-127
-180
-227
-261
-310
-370
-411
-452
-488
-518
-535
-569
-591
-611
-634
-684
-721
-741
-764
-774
-791
-796
-804
-808
-842
-877
-926
-973
-1007
-1019
-1024
-1004
-973
-905
-810
-731
-665
-612
-532
-467
-379
-290
-178
-56
79
228
363
488
587
646
684
711
749
774
791
827
828
842
854
853
845
830
819
800
794
783
792
807
826
824
791
768
723
666
627
603
570
538
481
428
400
354
297
222
142
53
-5
-27
-55
-106
-149
-173
-189
-207
-216
-238
-259
-294
-299
-294
-280
-259
-260
-251
-267
-277
-288
-322
-362
-392
-419
-447
-471
-504
-553
-631
-706
-783
-863
-938
-993
-1023
-1050
-1059
-1031
-985
-940
-872
-800
-732
-637
-525
-395
-266
-138
0
120
238
318
377
411
428
439
458
497
530
568
603
632
650
673
698
712
720
735
761
777
802
823
808
799
753
693
639
571
493
405
317
253
189
133
88
32
-20
-58
-86
-115
-96
-78
-52
-6
40
86
105
118
124
115
81
58
45
52
73
94
104
95
60
6
-61
-150
-240
-336
-411
-489
-563
-634
-712
-778
-834
-892
-952
-1010
-1071
-1109
-1131
-1119
-1076
-1021
-951
-881
-793
-710
-616
-523
-449
-349
-258
-169
-95
-14
81
163
228
296
363
421
481
545
595
630
669
699
729
748
769
793
826
840
851
859
845
812
765
705
621
567
507
463
441
429
445
443
451
422
391
369
335
267
232
223
235
264
306
346
347
326
310
271
193
118
63
13
-12
-30
-50
-68
-101
-132
-183
-256
-344
-402
-471
-534
-588
-630
-666
-742
-832
-908
-974
-1032
-1093
-1136
-1164
-1185
-1153
-1113
-1083
-1061
-1044
-1019
-978
-917
-846
-743
-636
-519
-405
-312
-211
-104
-10
87
165
247
337
410
516
601
669
727
765
784
788
820
849
851
837
832
838
836
808
762
712
690
679
662
650
666
671
650
650
656
660
641
613
578
547
518
464
433
394
363
332
293
236
156
100
45
-19
-78
-81
-88
-107
-126
-152
-199
-245
-299
-374
-446
-503
-546
-581
-637
-709
-789
-865
-920
-1006
-1073
-1122
-1179
-1219
-1220
-1204
-1189
-1166
-1135
-1100
-1050
-958
-876
-805
-729
-643
-544
-427
-315
-232
-151
-78
20
123
200
259
320
384
448
525
576
615
637
659
686
705
726
746
763
762
773
802
825
852
883
889
888
890
895
894
897
880
856
835
829
793
749
711
664
622
591
561
512
472
428
395
352
306
259
216
178
119
71
20
-41
-105
-174
-263
-371
-461
-542
-611
-673
-740
-809
-877
-940
-1005
-1064
-1119
-1160
-1194
-1198
-1187
-1168
-1144
-1104
-1064
-1012
-964
-929
-885
-849
-792
-733
-665
-586
-505
-431
-366
-304
-234
-172
-127
-81
-33
24
92
159
216
270
327
390
453
503
543
583
625
665
709
746
781
818
840
868
878
905
917
917
918
901
894
867
843
812
771
739
696
656
607
574
539
487
434
364
299
234
164
84
16
-61
-119
-180
-232
-286
-345
-401
-467
-515
-567
-612
-657
-700
-729
-751
-775
-786
-786
-779
-763
-750
-722
-698
-665
-640
-608
-579
-553
-531
-513
-480
-463
-436
-424
-404
-377
-350
-324
-307
-276
-242
-211
-161
-110
-32
37
106
176
241
317
371
436
487
534
577
615
646
674
704
726
751
756
770
775
788
772
768
757
734
718
694
680
653
635
605
582
553
528
495
451
398
340
281
213
146
69
-5
-89
-169
-260
-340
-421
-485
-555
-610
-654
-699
-722
-752
-766
-780
-778
-773
-761
-729
-699
-662
-628
-590
-551
-512
-478
-455
-441
-433
-427
-419
-406
-400
-388
-383
-374
-361
-345
-318
-301
-266
-232
-189
-143
-87
-25
24
80
135
185
242
294
341
384
424
463
494
519
539
566
589
616
635
647
639
638
635
637
642
642
645
639
634
616
596
572
548
515
473
427
387
340
286
219
147
74
2
-63
-132
-199
-260
-310
-363
-410
-459
-490
-520
-539
-552
-564
-563
-555
-526
-502
-472
-445
-421
-399
-386
-367
-357
-344
-344
-342
-335
-331
-325
-322
-318
-320
-311
-303
-292
-278
-259
-236
-215
-179
-151
-118
-86
-46
-4
42
87
130
175
216
250
286
323
355
388
408
425
439
456
471
483
502
516
530
541
544
545
541
535
529
520
506
482
453
412
369
324
282
230
178
119
65
5
-53
-116
-176
-225
-273
-318
-365
-397
-428
-448
-466
-475
-481
-477
-462
-445
-427
-406
-385
-365
-348
-330
-313
-300
-285
-275
-253
-239
-224
-215
-211
-200
-198
-189
-190
-181
-178
-171
-159
-143
-120
-104
-79
-56
-25
1
35
70
106
143
180
217
251
280
308
328
343
359
379
392
394
397
394
398
398
399
394
390
384
377
368
353
333
309
283
249
213
177
142
104
68
33
-3
-40
-81
-120
-155
-185
-217
-244
-272
-289
-299
-310
-320
-329
-329
-329
-331
-332
-328
-318
-309
-299
-288
-279
-266
-245
-221
-201
-183
-163
-145
-130
-117
-108
-95
-84
-66
-54
-46
-39
-37
-32
-28
-18
-10
-1
7
22
41
62
82
104
129
155
176
198
221
248
274
297
314
328
338
343
345
345
348
350
353
344
339
328
315
293
269
244
218
200
172
148
121
100
74
50
22
-4
-29
-58
-84
-114
-139
-171
-199
-230
-256
-282
-305
-323
-342
-355
-366
-371
-376
-382
-387
-386
-382
-374
-368
-357
-344
-323
-299
-274
-249
-221
-192
-165
-145
-130
-110
-92
-71
-53
-30
-8
10
32
52
72
80
90
100
114
131
150
169
182
199
216
238
254
272
285
299
307
312
319
324
329
328
330
324
320
310
298
283
269
256
241
226
210
198
184
169
146
125
104
83
67
48
30
6
-19
-47
-74
-99
-123
-148
-170
-189
-205
-226
-245
-265
-278
-290
-302
-313
-325
-332
-340
-343
-345
-342
-336
-330
-321
-310
-296
-285
-271
-256
-239
-220
-201
-182
-165
-143
-126
-103
-84
-62
-43
-24
-5
12
33
49
68
86
107
124
142
158
176
193
208
223
236
248
258
267
277
285
292
294
293
291
291
287
281
275
264
254
242
232
219
210
196
184
173
161
152
135
119
98
79
56
37
17
-2
-21
-42
-59
-80
-99
-120
-138
-156
-175
-188
-204
-216
-230
-238
-246
-249
-249
-251
-253
-257
-256
-251
-244
-236
-230
-223
-219
-209
-202
-190
-178
-168
-155
-144
-129
-117
-101
-91
-74
-54
-35
-14
3
28
46
67
81
98
112
124
133
138
148
152
158
162
167
175
176
177
172
173
168
162
152
141
133
124
118
110
107
103
101
97
91
86
76
70
61
58
52
45
36
28
21
9
-1
-12
-18
-25
-32
-38
-41
-44
-49
-52
-55
-56
-60
-66
-68
-69
-68
-73
-81
-89
-94
-101
-108
-114
-117
-117
-120
-122
-124
-124
-123
-123
-120
-114
-105
-95
-84
-72
-61
-51
-42
-31
-19
-6
8
22
34
50
64
78
89
98
104
109
112
114
113
113
113
112
109
104
99
93
86
80
75
70
64
58
51
45
38
35
32
32
31
31
30
28
26
23
24
23
24
23
23
21
20
16
14
11
5
1
-2
-6
-11
-17
-24
-31
-36
-43
-51
-61
-70
-78
-90
-98
-109
-116
-125
-132
-137
-139
-142
-143
-143
-139
-135
-129
-121
-111
-101
-92
-82
-70
-59
-48
-37
-25
-15
-4
6
17
28
38
48
56
64
69
75
81
86
90
88
87
85
84
83
83
80
79
74
72
72
70
66
62
58
58
56
54
53
53
53
52
52
52
51
51
51
52
56
59
61
64
66
68
69
70
70
66
63
60
55
50
42
33
22
11
-3
-16
-28
-41
-55
-68
-79
-88
-96
-104
-111
-118
-125
-131
-135
-136
-137
-134
-129
-123
-116
-110
-105
-100
-94
-89
-84
-78
-72
-65
-60
-56
-52
-50
-48
-45
-41
-36
-30
-25
-19
-12
-6
3
11
18
25
34
41
47
50
53
56
60
62
65
67
70
74
76
78
78
78
78
79
80
84
88
91
92
93
91
90
89
88
88
86
84
82
78
75
71
67
63
57
52
46
41
32
22
10
0
-11
-20
-29
-36
-41
-47
-51
-56
-60
-65
-69
-72
-73
-76
-79
-81
-83
-85
-88
-89
-90
-90
-89
-89
-89
-89
-89
-86
-83
-79
-76
-72
-65
-59
-55
-50
-46
-40
-33
-26
-18
-10
-2
5
13
21
27
34
39
45
48
52
54
56
57
58
58
57
59
57
59
59
59
59
56
55
53
51
50
49
48
48
47
47
45
42
40
37
35
32
29
27
24
21
16
13
9
4
0
-2
-7
-9
-12
-15
-20
-23
-26
-29
-32
-34
-35
-38
-39
-42
-46
-49
-52
-57
-61
-64
-66
-69
-69
-68
-69
-69
-68
-66
-64
-62
-58
-54
-50
-44
-38
-31
-22
-15
-6
2
11
18
27
34
40
47
53
58
63
66
71
73
74
75
74
74
72
70
67
66
61
59
55
53
49
46
43
40
37
35
31
28
24
20
16
11
6
1
-2
-6
-9
-13
-15
-18
-22
-24
-26
-28
-30
-33
-35
-37
-39
-42
-45
-47
-49
-52
-54
-55
-57
-58
-58
-58
-58
-58
-58
-58
-57
-56
-54
-52
-49
-46
-42
-37
-32
-27
-21
-16
-11
-5
-1
5
11
16
21
26
30
34
39
43
46
49
51
55
58
60
63
65
66
68
67
68
65
65
64
61
59
57
54
50
48
43
39
36
30
25
20
15
10
5
0
-4
-9
-13
-18
-23
-27
-31
-35
-38
-42
-44
-46
-48
-49
-51
-51
-52
-52
-52
-51
-50
-48
-47
-46
-46
-44
-44
-43
-42
-41
-40
-38
-37
-35
-32
-29
-27
-23
-21
-15
-12
-8
-6
-3
0
1
4
6
8
12
15
18
23
26
29
34
38
42
45
48
51
54
56
58
58
60
60
60
59
57
55
53
50
47
43
39
35
31
27
23
20
16
12
9
5
2
-1
-4
-8
-10
-13
-15
-19
-22
-24
-26
-29
-31
-34
-35
-36
-37
-38
-39
-41
-41
-42
-42
-43
-43
-42
-42
-41
-40
-39
-38
-36
-35
-33
-30
-28
-27
-24
-22
-20
-17
-15
-13
-11
-9
-7
-4
-1
2
6
9
11
15
19
22
25
29
32
35
37
40
41
43
45
46
48
48
49
48
47
45
43
41
38
34
31
28
25
21
18
15
11
8
5
2
0
-4
-6
-8
-10
-12
-13
-16
-17
-20
-22
-24
-25
-26
-29
-30
-32
-33
-33
-33
-35
-35
-35
-34
-35
-34
-34
-32
-32
-30
-28
-25
-23
-21
-18
-16
-13
-13
-10
-9
-7
-6
-4
-3
-2
0
2
2
3
4
5
8
9
12
13
16
18
21
23
24
26
29
31
33
36
38
39
41
41
41
41
40
40
39
38
35
35
33
30
28
25
22
18
15
12
9
4
1
-2
-6
-10
-14
-18
-21
-24
-26
-29
-30
-32
-32
-33
-33
-35
-35
-37
-39
-39
-39
-39
-38
-37
-36
-33
-32
-31
-30
-27
-26
-24
-23
-21
-18
-16
-14
-11
-9
-6
-5
-1
1
3
5
6
9
10
13
14
17
18
20
21
21
22
22
23
23
24
25
26
26
28
29
30
28
30
29
30
30
29
29
29
30
29
29
28
27
24
21
18
15
12
9
5
3
0
-2
-3
-5
-7
-11
-13
-17
-20
-24
-24
-27
-27
-29
-27
-30
-29
-31
-32
-33
-35
-33
-35
-33
-32
-29
-28
-25
-24
-23
-23
-23
-22
-21
-18
-17
-16
-14
-12
-10
-9
-8
-9
-6
-6
-2
0
3
5
6
9
10
13
13
18
17
22
22
26
26
28
30
30
32
31
33
32
32
31
31
29
29
27
28
27
26
27
26
26
23
20
17
14
11
9
7
5
5
4
4
4
3
2
0
-2
-4
-7
-11
-14
-17
-20
-22
-24
-25
-27
-27
-27
-28
-28
-30
-28
-29
-29
-29
-28
-26
-26
-25
-25
-26
-26
-27
-27
-27
-25
-25
-23
-21
-18
-16
-13
-10
-9
-6
-4
-1
1
4
5
9
11
13
17
19
21
22
24
24
26
26
26
27
28
28
29
29
28
30
28
26
26
25
25
23
22
20
18
15
13
11
8
5
3
2
1
0
-2
-3
-5
-6
-8
-9
-10
-12
-14
-14
-14
-16
-15
-15
-14
-14
-14
-15
-14
-14
-16
-15
-17
-16
-17
-17
-18
-18
-19
-19
-18
-17
-17
-15
-14
-12
-12
-8
-7
-6
-4
-3
-2
-1
1
2
4
6
7
8
11
12
14
14
16
15
16
15
15
13
13
13
13
12
12
11
11
11
11
10
9
11
9
10
10
9
8
8
8
7
6
5
4
4
3
1
2
0
0
-2
-1
-2
-1
-1
-2
-2
-2
-3
-2
-3
-3
-4
-5
-5
-6
-5
-7
-7
-7
-7
-8
-8
-8
-8
-10
-10
-11
-12
-12
-13
-12
-12
-12
-12
-11
-11
-10
-10
-10
-10
-8
-8
-5
-5
-5
-3
-3
-1
-1
1
2
3
4
5
4
6
6
7
8
8
9
9
9
10
11
10
10
10
11
11
10
10
10
9
9
8
8
7
6
6
6
6
4
4
2
2
2
2
1
3
1
2
2
2
2
2
1
0
0
-1
-2
-3
-2
-4
-4
-5
-6
-6
-6
-7
-7
-8
-8
-9
-8
-9
-8
-7
-7
-7
-6
-6
-6
-5
-5
-3
-3
-2
-2
-2
-2
-2
-1
-2
-1
-2
0
0
-1
-1
0
0
0
0
0
0
0
1
1
2
2
3
3
3
4
5
4
5
5
5
5
5
5
5
5
4
4
5
4
4
4
5
5
4
3
3
3
2
2
2
1
1
-1
-1
-2
-2
-2
-3
-3
-3
-3
-4
-4
-3
-3
-4
-3
-4
-2
-3
-3
-3
-3
-3
-2
-2
-1
-1
0
0
0
0
0
0
1
1
1
1
1
2
2
2
1
2
1
1
0
-1
-1
-1
-1
-2
-2
-3
-3
-3
-3
-3
-3
-3
-2
-2
-2
-2
-3
-2
-1
-1
-1
0
0
1
0
1
1
2
2
2
3
3
3
2
3
3
3
3
3
3
2
2
1
1
1
1
1
1
1
0
0
0
1
0
1
1
1
0
1
1
2
1
0
0
1
1
0
0
0
0
-1
0
0
0
-1
-1
-1
-1
-1
-2
-1
-2
-2
-2
-2
-2
-2
-3
-2
-2
-3
-2
-2
-3
-3
-2
-2
-2
-2
-1
-1
-1
0
0
0
0
1
1
1
2
2
3
2
4
3
3
4
4
3
4
3
3
3
4
3
3
3
2
2
2
2
2
2
1
1
1
1
1
1
1
0
0
0
0
-1
0
-1
-1
-1
-2
-2
-1
-2
-3
-3
-3
-3
-3
-3
-4
-3
-4
-4
-4
-3
-3
-3
-3
-3
-3
-2
-2
-1
-2
-1
-1
-1
0
0
-1
0
1
0
1
1
0
1
1
1
1
0
0
1
0
0
1
1
1
1
2
1
1
1
2
1
1
0
1
1
1
1
1
1
1
1
1
2
1
1
1
1
1
1
0
0
0
1
1
1
1
0
1
0
0
0
1
0
0
0
0
0
0
0
-1
0
-1
0
-1
0
0
0
0
0
-1
0
-1
-1
-1
-1
-1
-1
-1
-1
0
0
-1
0
-1
0
-1
-1
0
-1
0
0
0
0
-1
0
-1
-1
0
0
0
0
-1
0
0
0
0
0
0
0
0
0
0
0
1
1
0
0
0
0
1
0
1
1
1
1
1
1
1
1
1
1
1
1
2
1
1
1
1
1
1
1
1
0
1
0
0
0
-1
-1
0
0
-1
-1
-1
-2
-2
-1
-1
-1
-2
0
-1
-2
-2
-1
-1
-1
-1
-1
-1
-1
-1
0
-1
-1
0
0
0
0
0
1
0
1
0
1
1
1
1
0
1
1
1
1
0
0
1
1
1
1
0
1
1
1
1
0
1
0
0
1
0
1
0
0
0
0
0
0
-1
1
0
0
0
0
0
1
0
0
0
0
0
0
-1
-1
0
-1
0
-1
0
-1
0
-1
-1
0
0
-1
-1
0
-1
0
-1
0
0
-1
0
0
0
0
0
0
0
0
0
0
0
0
-1
1
0
0
0
0
0
0
0
0
0
1
0
1
0
0
0
1
-1
0
0
0
0
0
0
-1
0
0
0
-1
0
0
0
0
1
1
0
1
0
0
0
1
0
0
0
0
0
0
-1
0
0
0
0
0
1
0
0
-1
0
0
0
0
0
-1
0
-1
0
1
-1
0
1
0
0
-1
0
-1
0
0
0
-1
0
1
-1
0
0
0
0
-1
0
1
0
-1
1
1
0
1
-1
0
0
1
0
0
-1
1
0
0
1
0
0
0
0
1
0
0
0
0
1
0
-1
0
-1
0
1
0
1
-1
0
1
0
0
0
0
0
-1
0
0
0
0
0
0
0
0
0
0
-1
0
1
0
1
0
-1
0
0
1
0
0
0
0
0
0
-1
0
-1
0
0
0
0
0
0
0
1
0
1
0
0
0
0
0
-1
0
0
0
0
0
-1
0
0
0
0
0
0
1
0
0
0
0
1
0
0
0
0
0
0
0
0
0
-1
0
1
0
0
0
0
0
0
0
0
0
0
0
0
0
0
0
0
1
0
0
0
-1
0
0
0
1
0
0
0
-1
0
0
0
0
1
1
0
1
0
0
-1
0
-1
0
0
0
0
0
0
0
0
0
0
0
0
0
1
0
0
0
0
0
0
0
0
0
0
0
0
0
0
0
0
0
0
1
0
0
0
1
0
0
0
0
0
0
0
0
1
1
0
0
1
0
0
0
0
0
1
0
0
-1
1
0
-1
-1
0
0
0
0
0
1
0
1
0
0
0
1
0
-1
0
-1
0
0
-1
0
0
0
-1
0
0
0
0
0
0
0
0
1
-1
0
0
0
0
-1
0
0
0
0
0
1
0
0
0
0
0
0
0
0
1
1
0
0
0
0
0
0
0
0
0
1
0
-1
0
0
0
0
0
0
0
0
0
0
1
0
1
1
1
0
0
0
0
0
0
0
0
0
0
0
0
-1
0
0
0
-1
0
-1
0
0
0
0
0
0
0
-1
1
0
1
0
0
0
0
1
1
0
-1
0
1
-1
0
0
0
0
0
0
0
0
0
0
0
0
0
1
-1
0
0
0
0
0
0
0
-1
0
-1
0
0
0
0
0
-1
0
1
0
0
0
1
0
0
0
0
0
0
0
0
0
0
0
0
