-3
-6
-10
-11
-15
-19
-22
-24
-27
-29
-31
-33
-34
-36
-37
-39
-38
-39
-38
-39
-39
-37
-36
-34
-33
-32
-29
-27
-25
-24
-22
-20
-18
-16
-14
-12
-11
-9
-7
-7
-4
-4
-3
-2
-2
-1
1
2
2
3
5
5
5
6
7
9
9
10
11
13
14
15
16
17
19
20
21
23
24
25
27
27
27
29
30
30
30
30
29
30
28
28
27
26
24
22
20
19
16
13
10
8
5
2
-1
-3
-6
-9
-11
-14
-17
-19
-20
-22
-24
-25
-27
-27
-28
-27
-28
-27
-27
-26
-26
-24
-23
-21
-20
-19
-16
-14
-11
-10
-8
-7
-4
-1
-1
2
4
6
7
9
10
11
13
14
15
15
16
17
18
17
18
18
17
17
17
17
17
15
16
15
15
14
13
12
12
10
10
9
7
6
4
3
1
-1
-2
-4
-6
-8
-9
-11
-12
-13
-15
-17
-18
-18
-19
-20
-20
-21
-22
-22
-22
-21
-20
-19
-19
-18
-17
-16
-16
-13
-12
-11
-11
-9
-7
-6
-5
-4
-3
-2
-2
0
0
1
1
1
2
2
3
3
3
3
3
3
4
4
4
4
4
4
5
5
5
6
7
8
8
9
8
9
9
10
11
11
10
12
12
11
12
12
12
13
13
13
12
12
12
12
12
12
12
10
10
9
9
8
7
7
5
5
4
3
2
1
0
-1
-2
-2
-4
-5
-6
-7
-9
-10
-11
-12
-13
-14
-15
-16
-17
-17
-17
-18
-19
-18
-18
-18
-19
-17
-16
-15
-14
-14
-13
-11
-9
-7
-5
-3
-1
1
3
5
7
10
12
13
15
18
19
21
22
23
24
24
25
26
26
26
25
25
24
24
22
21
20
18
17
15
12
10
7
6
4
1
-1
-3
-5
-8
-9
-12
-14
-16
-17
-19
-19
-22
-23
-23
-24
-25
-26
-26
-26
-27
-27
-27
-27
-26
-26
-26
-25
-24
-23
-22
-22
-21
-20
-19
-18
-16
-16
-15
-13
-12
-11
-9
-7
-7
-4
-3
-2
0
1
3
5
6
8
10
12
14
16
18
19
21
22
23
25
27
27
27
29
30
31
32
31
32
32
32
31
31
29
28
28
27
25
23
23
21
19
16
14
11
10
7
5
3
0
-3
-5
-7
-9
-12
-15
-17
-19
-22
-23
-25
-26
-28
-30
-31
-32
-34
-34
-34
-35
-35
-35
-35
-34
-34
-34
-32
-30
-29
-27
-24
-22
-20
-16
-14
-11
-7
-3
0
2
7
10
12
16
19
22
25
28
31
32
35
36
37
40
40
41
41
40
41
40
39
38
36
34
33
31
28
26
22
20
18
14
11
8
5
2
-1
-4
-7
-9
-11
-15
-17
-19
-21
-24
-25
-28
-29
-31
-33
-34
-34
-35
-36
-37
-37
-39
-39
-39
-39
-39
-39
-39
-39
-38
-37
-35
-36
-34
-33
-31
-29
-27
-26
-23
-21
-17
-15
-12
-10
-6
-3
0
3
8
10
13
17
20
23
25
29
31
34
36
39
40
43
44
45
46
46
48
48
47
48
47
47
45
44
42
41
40
38
35
34
31
29
26
23
22
19
15
12
9
5
3
-1
-3
-6
-10
-12
-15
-18
-22
-24
-26
-28
-30
-32
-34
-36
-37
-40
-40
-41
-41
-42
-41
-41
-40
-39
-38
-38
-36
-34
-33
-30
-28
-27
-24
-22
-20
-17
-14
-11
-8
-6
-3
0
3
5
9
11
13
16
17
19
22
24
25
26
27
29
29
30
30
31
30
31
30
30
29
28
27
26
25
23
22
20
18
16
14
11
8
7
5
3
0
-1
-5
-7
-9
-12
-12
-15
-15
-17
-19
-19
-20
-22
-22
-22
-24
-22
-23
-22
-22
-22
-21
-20
-19
-19
-18
-18
-16
-15
-15
-13
-12
-11
-10
-8
-8
-8
-6
-5
-4
-4
-3
-2
-2
1
1
1
3
3
4
5
6
6
7
8
9
9
9
10
11
12
12
13
12
14
13
14
14
15
14
14
14
15
15
15
15
14
15
14
15
12
12
12
11
10
10
9
9
8
7
7
6
5
4
3
3
1
1
-1
-2
-3
-4
-5
-5
-6
-7
-8
-8
-9
-10
-11
-11
-12
-12
-12
-13
-14
-13
-13
-14
-13
-13
-12
-12
-13
-12
-11
-11
-10
-10
-9
-7
-7
-5
-5
-4
-2
-2
-1
0
1
2
4
4
4
5
5
6
6
7
7
7
8
7
7
7
8
8
7
7
7
7
6
6
5
5
5
4
3
4
3
2
2
1
1
0
-1
-1
-1
-1
-2
-2
-3
-2
-3
-4
-4
-4
-5
-4
-5
-5
-5
-6
-6
-5
-6
-6
-7
-6
-6
-6
-6
-6
-7
-6
-6
-6
-5
-5
-5
-5
-3
-5
-3
-3
-3
-3
-2
-1
0
0
1
2
1
2
3
3
4
4
4
4
5
5
6
6
6
7
7
6
7
6
7
8
7
7
8
7
8
7
7
7
7
7
6
6
6
6
6
5
5
5
5
4
4
3
3
3
2
1
1
1
1
-1
-1
-1
-2
-3
-3
-3
-4
-5
-6
-6
-6
-7
-7
-8
-7
-8
-9
-9
-8
-9
-9
-10
-9
-9
-9
-8
-8
-8
-7
-7
-6
-6
-5
-4
-4
-3
-2
-1
0
0
0
1
3
2
4
4
4
4
4
6
6
6
7
7
7
7
7
7
6
6
6
6
6
5
5
5
4
3
3
3
2
2
1
1
0
-1
-2
-1
-3
-3
-3
-5
-4
-5
-6
-6
-6
-7
-7
-7
-7
-8
-8
-8
-7
-6
-7
-7
-7
-6
-6
-7
-6
-6
-5
-4
-3
-3
-3
-2
-1
-2
-1
0
0
1
1
2
3
3
4
3
4
5
5
6
5
6
7
6
7
7
7
7
7
8
8
8
8
8
7
7
8
8
8
7
7
7
7
7
7
7
7
7
7
6
7
6
6
6
5
4
5
4
2
3
1
2
0
0
-1
-1
-3
-3
-4
-5
-6
-6
-7
-8
-8
-9
-10
-10
-10
-11
-12
-12
-11
-11
-12
-13
-12
-12
-11
-11
-11
-10
-9
-9
-9
-7
-7
-6
-5
-4
-4
-2
-2
-2
0
1
1
2
3
4
5
5
5
5
5
5
6
7
7
8
7
7
7
7
6
7
7
5
6
4
5
5
5
4
3
3
3
2
3
1
1
0
1
0
0
0
-1
-1
-1
-2
-1
-2
-2
-2
-2
-2
-3
-2
-3
-2
-3
-3
-3
-3
-3
-3
-4
-3
-3
-3
-3
-2
-3
-2
-2
-2
-3
-2
-1
-2
-1
-2
0
-1
-1
1
1
1
1
2
2
3
4
3
4
4
4
4
4
4
5
5
5
5
5
6
6
5
5
5
6
6
5
5
5
4
4
4
3
3
2
3
2
2
1
0
1
0
-1
-1
-1
-2
-3
-3
-3
-3
-4
-4
-4
-4
-5
-4
-5
-5
-5
-5
-5
-5
-5
-5
-6
-6
-6
-6
-6
-6
-6
-6
-6
-5
-5
-4
-4
-4
-4
-3
-2
-2
-2
-1
-1
0
1
1
1
1
2
3
4
4
4
4
5
5
5
6
6
6
5
6
5
5
5
5
4
4
4
4
3
2
2
2
1
0
0
-1
-2
-1
-2
-2
-3
-3
-3
-3
-4
-4
-4
-4
-4
-4
-4
-3
-4
-4
-5
-3
-4
-4
-3
-3
-2
-2
-2
-2
-2
-1
-1
-1
0
0
0
1
0
1
1
2
3
2
2
2
3
3
3
3
3
4
4
5
5
4
5
4
5
4
4
5
4
5
5
5
4
4
4
5
4
4
4
4
4
3
4
2
3
3
2
2
2
1
1
1
1
2
1
0
0
0
-1
0
0
1
0
0
-1
0
0
-1
-1
-1
0
-2
-1
-2
-2
-2
-2
-2
-3
-3
-3
-3
-4
-3
-3
-5
-4
-5
-5
-6
-4
-5
-6
-5
-5
-6
-6
-5
-5
-5
-6
-6
-5
-5
-5
-5
-4
-5
-5
-4
-4
-4
-3
-3
-2
-1
-1
-1
0
0
0
1
1
2
2
3
2
3
4
4
4
4
4
4
5
5
5
5
5
4
5
5
4
4
5
4
4
4
3
4
3
3
3
2
2
3
1
1
1
1
0
0
0
1
0
0
-1
-1
-1
-2
-1
-2
-1
-1
-1
-1
-2
-2
-1
-2
-1
-1
-1
-1
-1
0
0
0
-1
1
0
1
1
0
1
1
1
1
2
1
1
1
1
2
1
1
2
2
1
2
1
2
1
2
2
2
2
2
2
1
1
1
1
2
1
1
0
0
0
1
0
0
0
0
0
0
0
-1
0
0
-1
-2
-1
-2
-2
-1
-2
-3
-3
-2
-2
-3
-3
-3
-3
-3
-3
-4
-4
-4
-4
-3
-4
-3
-3
-4
-3
-4
-4
-4
-3
-3
-2
-3
-2
-2
-2
-2
-1
-2
-1
-2
-1
0
0
0
0
0
0
1
1
1
1
2
1
2
3
2
2
4
3
2
3
2
3
3
3
3
3
2
3
2
2
3
2
2
2
2
2
2
1
2
1
2
1
1
1
1
1
1
1
1
0
1
0
0
0
1
1
0
0
0
0
1
0
1
0
1
1
1
0
0
1
0
1
0
1
0
1
1
0
1
0
1
2
0
0
0
0
0
1
1
1
0
0
0
0
0
-1
0
0
0
0
-1
-1
0
0
0
-1
0
0
-1
-1
0
0
-1
0
-1
-1
0
-1
0
-1
0
-1
-2
-2
-1
-1
-1
-2
-1
-2
-2
-2
-2
-3
-2
-2
-2
-3
-2
-3
-4
-3
-3
-3
-3
-3
-4
-3
-3
-3
-4
-4
-4
-3
-4
-3
-3
-3
-3
-2
-2
-2
-2
-2
-2
-1
-1
-1
0
1
1
0
1
1
1
2
2
2
4
3
3
3
5
4
5
4
5
5
5
5
5
5
5
5
6
5
5
5
6
4
4
4
4
3
4
4
3
2
3
3
2
2
2
1
1
1
1
0
0
0
0
-1
0
-1
-1
-1
-2
-1
-1
-3
-3
-1
-2
-2
-1
-2
-2
-3
-1
-3
-1
-2
-1
-2
-2
-1
-2
0
-2
-1
-1
-1
-1
-1
-1
-1
0
0
0
0
0
1
1
0
0
0
1
0
1
0
1
1
1
0
1
0
1
0
0
1
0
0
0
0
1
0
-1
0
0
0
0
0
0
0
-1
-1
-2
-1
-1
-2
-1
-2
-2
-2
-2
-2
-2
-2
-2
-2
-2
-2
-3
-2
-2
-2
-2
-2
-2
-3
-3
-3
-2
-2
-2
-3
-2
-4
-2
-3
-2
-2
-1
-1
-2
-1
-1
-1
-1
-1
-1
-1
-1
0
1
0
0
0
1
0
1
1
1
1
2
1
2
1
2
1
2
2
2
3
2
3
3
3
2
3
2
3
4
3
3
4
3
3
3
3
3
3
3
3
2
2
3
2
3
1
2
2
1
2
2
2
2
0
1
1
1
1
1
1
1
0
0
0
0
0
-1
-1
0
0
0
0
0
-1
-2
-1
-1
-1
-1
-1
-1
-2
-1
-2
-1
-1
-1
-1
0
-1
-1
0
-1
-1
-1
-1
-1
-1
-1
-1
-1
0
-1
-1
-1
-1
0
-1
-2
-1
-1
-1
-1
-2
-2
-2
-1
-1
-3
-2
-2
-2
-2
-1
-2
-2
-2
-2
-3
-2
-2
-2
-3
-2
-2
-1
-2
-2
-2
-2
-2
-1
0
-1
-1
-1
0
0
0
0
0
1
1
1
1
1
1
1
1
2
2
2
2
2
2
3
2
2
2
1
3
3
2
2
2
3
3
2
2
2
2
2
2
2
2
3
2
2
2
2
2
1
1
1
2
2
1
1
0
0
0
0
1
0
0
0
0
0
0
-1
-1
-1
-1
-1
0
-1
-1
-1
-1
-1
-1
-1
-2
-1
-2
-1
-1
-1
-1
-2
-2
-1
-1
-2
-1
-1
-1
-2
-1
-1
-1
-1
-1
-1
-1
-2
-1
-1
0
-1
-1
-1
-1
-1
-1
-1
-1
-1
0
-1
-1
0
-1
0
0
-1
0
0
1
-1
0
0
0
0
0
0
0
2
0
1
1
0
1
0
1
1
1
1
1
1
1
1
2
1
0
1
1
1
1
1
1
1
2
1
2
1
0
1
2
1
1
2
2
0
1
1
1
1
1
1
1
2
1
1
1
1
1
0
1
1
0
0
1
1
0
0
0
0
0
0
0
0
0
0
0
1
0
0
-1
0
-1
0
0
-1
-1
-1
-1
0
-2
-1
-1
-1
-1
-1
-1
-1
-1
-1
0
-2
-1
-1
0
-1
-1
-1
-1
-1
-1
-2
-1
-2
-2
-1
-1
-2
-2
-1
-1
-1
-1
-1
-1
-2
-1
-1
-1
-1
-1
-1
-1
-1
-1
-1
0
0
-1
0
0
0
0
0
1
0
1
0
0
0
1
1
1
1
1
1
1
1
0
1
1
1
1
1
0
1
1
1
1
1
1
1
1
1
1
0
1
2
1
1
1
1
1
1
1
0
1
2
1
1
1
1
0
1
0
0
1
1
1
1
1
1
0
0
1
0
1
1
1
1
1
0
1
0
0
0
0
0
0
0
0
0
0
0
0
0
0
0
0
0
0
0
0
0
-1
0
0
-1
0
-1
-1
-1
-2
0
-1
0
-1
-1
0
-1
-1
-1
-1
-1
-1
-2
-1
-1
-1
-1
0
0
-1
-1
-1
-1
-1
-1
-1
0
0
0
0
-1
-1
0
0
0
0
0
0
0
0
0
0
0
0
0
0
0
1
1
0
0
1
1
0
0
0
1
0
0
0
0
0
0
0
1
-1
0
0
0
0
0
0
0
0
0
0
0
0
0
0
1
1
0
0
0
0
1
1
0
0
0
0
1
1
1
1
1
0
0
1
1
0
1
1
1
0
1
1
0
0
1
1
1
1
1
0
0
0
0
0
0
0
0
0
0
0
0
0
-1
0
0
0
-1
-1
-1
-1
-1
0
-1
0
-1
-1
-1
0
0
-1
-1
-1
-2
0
0
-1
-1
-1
0
-1
-1
0
0
-1
0
0
0
0
-1
0
0
0
-1
0
0
0
0
1
0
0
0
1
0
0
-1
-1
0
0
0
0
0
0
0
1
0
0
0
0
0
0
1
0
1
0
0
0
0
0
0
1
-1
0
1
0
1
1
1
0
0
1
1
0
0
1
1
0
0
0
1
1
1
0
0
0
1
0
1
0
1
1
0
0
0
0
0
1
0
0
0
-1
-1
0
0
0
0
0
0
0
0
0
0
-1
-1
0
0
-1
0
-1
0
-1
0
0
0
0
0
0
-1
0
-1
0
0
-1
0
-1
-1
0
0
0
-1
0
-1
0
0
0
-1
0
0
0
0
1
0
0
0
0
0
0
1
0
1
0
0
0
0
0
0
1
0
0
0
1
1
0
0
0
0
0
0
0
0
-1
1
0
0
0
0
0
0
0
1
0
0
-1
0
0
0
-1
-1
0
0
1
0
-1
0
0
0
0
0
0
-1
-1
0
0
-1
1
0
1
0
0
0
0
0
0
1
0
0
0
-1
0
0
0
0
0
1
-1
-1
0
0
0
0
-1
0
0
0
0
0
0
0
0
0
0
-1
0
0
-1
0
0
-1
0
0
0
0
0
0
0
0
1
0
0
0
1
0
0
-1
-1
0
0
0
1
-1
0
0
0
-1
1
0
0
0
1
-1
0
0
0
0
0
0
0
0
0
0
0
-1
0
0
0
0
0
0
0
0
0
0
1
-1
0
0
-1
1
0
0
0
0
0
0
0
0
0
0
0
0
0
0
0
0
0
0
0
0
0
0
-1
0
0
0
-1
0
1
-1
0
0
0
0
0
0
0
1
-1
0
-1
0
0
0
0
0
0
0
0
0
-1
0
0
0
-1
0
0
-1
0
0
0
-1
0
0
0
1
0
0
0
0
0
-1
1
0
1
1
1
0
0
1
1
0
1
0
0
0
1
0
0
1
0
0
1
-1
0
0
1
0
0
0
0
0
0
-1
0
0
0
-1
0
0
1
0
-1
0
0
0
0
0
0
0
0
0
-1
1
0
0
1
0
0
0
0
1
0
1
0
0
0
0
1
0
0
0
0
0
0
0
0
-1
0
0
1
0
0
1
0
0
0
0
0
0
1
0
-1
0
0
0
1
0
0
0
-1
0
0
-1
0
0
0
0
0
0
0
-1
-1
0
0
0
-1
0
0
1
0
1
0
0
1
0
0
1
0
0
0
0
0
0
0
0
0
0
0
0
1
0
0
0
0
0
0
0
0
0
1
-1
0
-1
0
0
0
0
0
-1
0
0
0
0
0
0
0
0
0
-1
0
0
0
-1
1
1
-1
0
0
0
0
0
0
0
0
0
0
0
0
0
0
0
0
0
0
0
0
0
0
-1
0
0
0
0
0
0
-1
0
0
0
0
0
0
0
0
-1
0
0
0
1
0
0
0
0
0
0
1
0
0
-1
0
0
1
0
0
0
1
0
0
0
0
0
0
0
0
0
1
0
1
0
0
-1
0
0
0
-1
-1
0
0
0
0
1
0
0
0
0
0
1
0
0
0
0
0
0
0
0
0
0
1
1
1
1
-1
0
0
0
0
0
0
1
-1
-1
0
0
0
0
0
1
0
-1
0
0
0
0
0
0
0
0
-1
0
0
0
0
1
0
0
0
0
0
-1
1
1
0
0
0
0
1
0
0
0
0
0
0
0
0
0
0
0
0
1
0
0
0
0
0
0
1
0
0
0
0
0
0
0
0
0
0
1
0
-1
0
0
0
0
-1
0
0
0
0
0
0
-1
0
0
-1
0
0
0
-1
1
0
0
0
0
0
0
0
0
0
0
0
0
0
-1
0
0
0
0
0
0
0
0
0
0
0
1
0
0
0
0
0
0
0
0
0
0
0
1
0
0
0
0
0
0
0
0
0
-1
0
0
1
0
0
0
0
0
0
0
1
0
0
0
0
0
0
-1
0
1
0
0
0
0
0
0
0
0
-1
0
0
0
0
0
0
0
0
1
0
-1
0
1
0
0
-1
0
0
0
0
-1
0
0
0
0
1
0
0
0
0
0
0
0
0
-1
0
0
0
0
0
0
0
0
0
1
0
0
0
0
0
1
0
0
1
0
1
-1
0
0
0
0
0
0
0
0
-1
0
-1
-1
0
0
0
0
0
0
0
0
0
0
-1
0
-1
0
0
0
0
0
0
-1
0
0
0
0
0
0
0
0
0
0
0
0
0
0
0
0
0
1
1
0
-1
0
0
0
0
0
0
0
0
1
0
0
0
0
0
0
0
1
0
1
0
0
0
1
0
0
0
0
0
0
0
-1
-1
0
0
0
0
0
-1
-1
-1
-1
0
-1
0
0
-1
-1
0
-1
-1
-1
0
-1
-1
0
0
0
0
0
1
0
0
1
1
1
1
0
1
1
1
1
0
1
1
0
1
0
0
0
0
1
0
-1
0
0
0
-1
-1
-1
-2
-1
-1
-2
-1
-2
-2
-2
-2
-2
-2
-2
-1
-2
-2
-1
-1
-1
0
-1
-1
-1
0
-1
-1
-1
-1
0
-1
1
0
1
1
2
2
3
4
4
4
4
5
5
5
5
6
6
5
5
5
4
4
3
2
2
0
0
-1
-2
-3
-5
-4
-6
-7
-8
-8
-8
-8
-9
-9
-9
-8
-9
-8
-8
-8
-7
-7
-8
-7
-7
-7
-7
-6
-7
-7
-7
-7
-7
-8
-7
-7
-7
-6
-5
-5
-5
-3
-3
-2
0
1
2
4
5
7
9
10
11
13
15
17
18
20
22
22
23
23
25
26
26
26
26
25
26
24
24
23
21
20
19
17
14
12
11
7
6
4
1
-2
-3
-5
-8
-9
-11
-13
-14
-16
-17
-17
-18
-19
-18
-18
-18
-17
-18
-18
-17
-15
-15
-15
-14
-12
-13
-12
-11
-11
-11
-10
-10
-10
-11
-11
-11
-11
-11
-13
-13
-13
-14
-14
-13
-14
-14
-16
-15
-14
-14
-13
-13
-11
-11
-10
-8
-7
-5
-3
-1
1
3
5
6
9
10
12
14
14
16
16
15
16
16
16
15
14
13
12
11
10
8
8
6
5
4
4
2
1
1
0
1
-1
0
-1
0
0
1
1
2
4
5
6
7
8
9
10
12
13
13
13
13
14
13
12
11
10
10
8
7
6
5
3
2
1
-1
-3
-5
-5
-6
-7
-7
-7
-6
-4
-3
0
2
5
7
9
10
11
10
9
6
4
-1
-5
-9
-15
-19
-23
-26
-28
-30
-31
-30
-29
-25
-22
-18
-14
-9
-5
-2
1
3
4
5
6
5
5
4
2
1
-2
-3
-6
-8
-11
-13
-16
-17
-19
-18
-19
-17
-15
-12
-8
-5
0
5
9
14
18
22
26
28
31
32
33
32
31
28
24
20
17
12
7
2
-1
-5
-7
-9
-11
-10
-11
-11
-10
-8
-7
-5
-3
1
5
9
13
18
22
28
31
34
36
38
37
36
34
32
29
24
21
16
13
9
6
2
-2
-5
-9
-12
-16
-19
-22
-25
-28
-31
-33
-34
-35
-35
-35
-35
-35
-34
-33
-33
-32
-32
-32
-32
-33
-34
-34
-35
-35
-36
-35
-36
-37
-37
-37
-36
-37
-37
-37
-36
-36
-35
-32
-30
-25
-20
-14
-6
2
11
21
29
39
49
58
67
75
82
89
97
102
108
112
117
118
118
116
112
105
95
84
71
55
39
23
8
-6
-18
-28
-36
-42
-45
-47
-49
-51
-52
-55
-58
-62
-65
-68
-69
-68
-65
-59
-50
-41
-29
-18
-6
5
16
24
30
33
33
33
32
26
21
13
3
-8
-20
-34
-49
-63
-78
-92
-105
-118
-130
-140
-149
-155
-160
-165
-168
-171
-172
-174
-176
-176
-178
-175
-172
-166
-162
-155
-150
-142
-137
-134
-133
-134
-135
-140
-145
-151
-155
-158
-158
-154
-148
-136
-119
-98
-73
-41
-5
38
83
135
188
244
304
362
419
470
516
553
582
602
612
613
609
597
578
553
526
499
470
441
410
380
349
318
286
252
222
193
166
142
120
104
92
84
79
77
77
78
78
76
70
61
52
41
28
12
-4
-20
-37
-57
-79
-105
-132
-162
-195
-230
-264
-296
-324
-351
-378
-402
-424
-444
-460
-475
-490
-505
-521
-538
-558
-578
-599
-619
-643
-667
-695
-725
-758
-793
-829
-868
-906
-939
-969
-992
-1007
-1008
-994
-957
-897
-813
-703
-569
-413
-246
-67
115
295
470
632
777
902
1006
1085
1140
1168
1176
1165
1137
1094
1039
982
920
862
804
751
704
665
630
597
562
523
480
430
371
300
223
140
51
-41
-130
-212
-284
-336
-372
-382
-367
-321
-249
-151
-37
93
229
366
497
614
713
791
848
882
893
883
854
815
764
708
645
578
511
441
369
293
215
133
52
-30
-112
-194
-274
-352
-429
-502
-576
-649
-717
-783
-841
-894
-939
-979
-1015
-1044
-1070
-1090
-1105
-1114
-1115
-1109
-1097
-1082
-1062
-1040
-1014
-985
-957
-935
-915
-904
-896
-893
-897
-900
-903
-898
-885
-857
-810
-740
-640
-516
-366
-198
-16
174
364
553
732
896
1039
1157
1250
1315
1347
1356
1338
1300
1243
1172
1097
1020
955
895
852
818
791
777
764
758
742
720
686
639
579
501
412
309
203
91
-20
-126
-221
-296
-350
-375
-372
-338
-273
-180
-62
70
215
359
498
626
735
824
887
922
936
926
898
854
797
737
670
607
539
474
407
335
266
189
113
31
-51
-129
-207
-279
-347
-414
-475
-537
-592
-652
-706
-759
-814
-866
-921
-973
-1029
-1080
-1132
-1177
-1215
-1248
-1273
-1288
-1295
-1293
-1283
-1273
-1257
-1248
-1238
-1238
-1251
-1271
-1303
-1339
-1375
-1411
-1434
-1448
-1430
-1389
-1309
-1192
-1041
-848
-632
-384
-129
134
393
639
870
1073
1247
1385
1488
1554
1589
1591
1567
1521
1455
1387
1307
1239
1172
1119
1077
1040
1020
992
973
938
897
841
765
685
579
474
356
239
131
25
-61
-138
-195
-234
-252
-246
-219
-166
-87
11
133
267
412
560
704
844
964
1071
1153
1209
1241
1247
1235
1201
1152
1092
1021
948
866
782
694
599
509
409
316
218
121
27
-76
-161
-260
-346
-436
-528
-608
-700
-778
-862
-938
-1008
-1079
-1135
-1199
-1249
-1299
-1345
-1377
-1412
-1430
-1446
-1454
-1452
-1450
-1436
-1427
-1414
-1404
-1403
-1404
-1425
-1446
-1485
-1527
-1570
-1616
-1644
-1666
-1659
-1622
-1551
-1436
-1286
-1092
-869
-620
-356
-89
179
426
664
866
1045
1191
1298
1385
1429
1462
1462
1446
1419
1376
1346
1301
1276
1248
1237
1234
1228
1235
1221
1213
1176
1122
1054
954
850
721
590
463
332
219
114
23
-36
-94
-113
-128
-112
-80
-34
49
122
232
324
431
536
628
726
793
863
908
947
973
986
996
992
981
964
934
899
850
783
714
624
534
438
330
237
126
31
-63
-162
-232
-329
-399
-477
-562
-616
-703
-769
-834
-915
-961
-1036
-1088
-1138
-1197
-1227
-1274
-1293
-1326
-1334
-1355
-1356
-1351
-1356
-1328
-1335
-1305
-1305
-1295
-1292
-1314
-1321
-1373
-1395
-1453
-1490
-1524
-1563
-1548
-1544
-1474
-1388
-1268
-1091
-912
-684
-456
-223
28
242
465
647
810
962
1061
1167
1225
1270
1312
1312
1338
1329
1329
1336
1315
1336
1318
1326
1319
1292
1279
1214
1175
1086
1000
908
778
700
581
500
431
345
320
267
251
244
226
242
241
260
278
302
339
366
417
447
504
547
584
637
661
713
740
771
797
815
831
840
843
831
829
788
765
709
644
587
482
407
297
187
84
-42
-156
-257
-377
-467
-554
-660
-703
-802
-846
-895
-971
-991
-1063
-1105
-1126
-1195
-1195
-1236
-1271
-1245
-1314
-1259
-1285
-1282
-1222
-1272
-1186
-1204
-1184
-1135
-1181
-1134
-1168
-1195
-1200
-1280
-1296
-1365
-1407
-1431
-1477
-1453
-1454
-1384
-1287
-1172
-988
-808
-583
-340
-113
128
349
539
723
867
978
1071
1134
1179
1218
1235
1246
1261
1269
1272
1284
1284
1282
1294
1261
1255
1209
1154
1109
1021
956
874
809
744
702
649
639
620
613
621
604
622
596
612
585
577
581
535
557
503
500
494
450
462
415
425
396
396
405
384
426
404
441
455
467
504
490
526
492
512
460
429
390
281
263
95
67
-93
-164
-257
-404
-398
-567
-518
-642
-633
-660
-731
-651
-802
-715
-793
-850
-788
-949
-894
-966
-1040
-1010
-1116
-1105
-1138
-1178
-1151
-1211
-1181
-1216
-1215
-1223
-1282
-1273
-1380
-1373
-1462
-1522
-1543
-1657
-1632
-1693
-1693
-1637
-1622
-1494
-1395
-1247
-1045
-856
-614
-384
-158
72
283
462
643
775
889
994
1064
1145
1202
1266
1303
1362
1414
1432
1494
1490
1500
1501
1453
1416
1358
1293
1226
1171
1115
1060
1066
1012
1025
1032
975
1042
970
975
986
903
944
860
855
841
761
795
678
701
636
573
588
491
530
457
480
467
447
476
464
460
492
470
469
483
459
456
415
406
305
311
167
113
15
-137
-169
-368
-384
-536
-574
-643
-736
-692
-826
-736
-831
-839
-788
-936
-804
-961
-922
-959
-1072
-990
-1197
-1087
-1192
-1250
-1149
-1320
-1202
-1225
-1281
-1191
-1275
-1259
-1261
-1329
-1350
-1413
-1481
-1533
-1593
-1647
-1698
-1708
-1728
-1694
-1663
-1579
-1479
-1338
-1197
-1005
-800
-606
-364
-196
71
210
414
582
679
860
917
1050
1126
1210
1288
1352
1419
1454
1489
1501
1496
1488
1457
1421
1384
1342
1326
1296
1293
1266
1294
1241
1273
1235
1211
1222
1131
1145
1075
1035
995
956
891
842
797
723
700
635
563
560
456
457
433
348
418
345
364
384
359
373
393
349
395
379
333
396
288
342
262
197
192
39
45
-113
-192
-284
-376
-444
-553
-567
-709
-652
-744
-756
-707
-851
-691
-834
-778
-774
-894
-761
-965
-862
-954
-1052
-904
-1146
-964
-1059
-1127
-934
-1193
-962
-1089
-1150
-999
-1269
-1133
-1246
-1350
-1294
-1490
-1470
-1530
-1612
-1565
-1664
-1580
-1580
-1525
-1388
-1335
-1144
-1042
-838
-649
-513
-299
-181
-32
142
219
348
454
498
651
679
799
880
926
1084
1091
1209
1252
1285
1365
1363
1416
1398
1423
1407
1420
1430
1398
1472
1414
1451
1442
1456
1442
1420
1438
1318
1337
1298
1161
1196
1111
977
1060
844
872
826
685
744
571
627
552
473
540
438
404
456
384
395
429
292
380
369
215
383
158
233
220
-15
144
-65
-147
-58
-324
-275
-275
-479
-354
-455
-508
-448
-473
-567
-427
-601
-509
-548
-696
-543
-767
-699
-786
-856
-836
-981
-916
-1029
-1035
-1033
-1125
-1038
-1156
-1071
-1146
-1174
-1126
-1294
-1168
-1356
-1386
-1365
-1568
-1497
-1627
-1657
-1654
-1697
-1657
-1620
-1561
-1477
-1338
-1264
-1087
-961
-825
-620
-540
-331
-238
-120
56
100
284
332
450
554
624
770
778
918
975
992
1109
1078
1128
1170
1128
1190
1167
1180
1216
1199
1247
1266
1229
1288
1295
1238
1307
1171
1250
1142
1080
1115
977
999
938
874
870
842
721
846
600
786
591
592
689
439
649
474
491
528
443
430
536
322
496
382
298
457
181
285
213
63
132
-49
-62
-105
-183
-237
-242
-298
-322
-335
-355
-348
-405
-343
-445
-337
-471
-388
-403
-563
-279
-653
-387
-522
-626
-421
-754
-453
-760
-577
-708
-735
-593
-980
-586
-1029
-815
-907
-1163
-897
-1308
-1110
-1336
-1394
-1318
-1588
-1374
-1571
-1493
-1407
-1491
-1286
-1335
-1099
-1125
-962
-795
-771
-517
-496
-279
-182
-31
80
200
342
404
574
595
739
796
817
964
896
1011
988
965
1055
976
1058
986
1045
1052
1002
1141
977
1136
1051
1054
1071
941
1111
828
971
868
766
863
694
746
769
620
782
668
690
770
615
759
679
587
758
484
605
636
288
709
233
464
450
97
501
102
175
283
-158
243
-120
-153
58
-423
-58
-366
-400
-221
-608
-341
-464
-656
-333
-680
-434
-506
-562
-377
-519
-422
-378
-500
-358
-453
-426
-456
-489
-429
-615
-358
-666
-476
-599
-684
-540
-791
-631
-837
-838
-909
-982
-1019
-1204
-1093
-1348
-1296
-1342
-1491
-1298
-1589
-1300
-1433
-1365
-1129
-1341
-929
-1035
-859
-635
-696
-394
-341
-191
-20
33
265
305
462
578
636
789
788
903
953
966
1032
1001
1074
1035
1066
1076
1059
1111
1070
1162
1095
1171
1171
1099
1288
1037
1208
1131
1019
1129
879
1045
874
853
884
736
843
680
769
676
644
698
488
642
484
426
476
304
398
227
262
242
71
186
93
9
86
-88
16
-53
-165
-32
-228
-138
-227
-312
-176
-476
-236
-429
-406
-357
-478
-324
-417
-358
-339
-348
-333
-290
-371
-286
-335
-376
-326
-420
-368
-439
-428
-448
-547
-428
-578
-544
-562
-704
-622
-787
-734
-811
-924
-908
-1044
-1075
-1169
-1187
-1284
-1302
-1333
-1352
-1341
-1293
-1254
-1190
-1063
-1020
-872
-749
-638
-493
-385
-307
-131
-101
-3
162
139
321
322
404
491
494
653
556
715
668
701
781
679
857
690
859
769
819
910
819
988
847
1014
887
978
961
933
969
892
997
881
919
935
852
913
843
843
864
769
821
706
760
628
632
623
427
534
399
292
422
94
336
44
123
129
-84
159
-222
48
-151
-136
-81
-206
-97
-244
-140
-227
-281
-145
-344
-214
-239
-287
-138
-262
-134
-150
-147
-167
-117
-217
-166
-286
-301
-270
-462
-334
-436
-497
-389
-538
-456
-524
-583
-557
-700
-610
-848
-774
-920
-978
-1022
-1086
-1132
-1187
-1174
-1284
-1201
-1239
-1211
-1151
-1120
-1001
-975
-796
-729
-593
-461
-387
-213
-148
-60
3
132
149
215
272
331
369
396
476
460
514
550
548
559
603
545
629
616
649
671
657
766
720
824
786
847
891
823
958
819
910
868
846
900
812
849
858
786
831
794
706
782
604
650
576
472
532
314
395
315
169
259
32
122
73
-24
83
-20
15
-46
39
-93
-92
-67
-208
-139
-266
-160
-305
-228
-314
-258
-305
-290
-295
-317
-277
-318
-224
-268
-248
-206
-268
-135
-292
-181
-268
-288
-245
-360
-259
-404
-327
-438
-373
-455
-426
-582
-474
-702
-668
-733
-859
-766
-990
-866
-993
-955
-959
-1049
-853
-997
-832
-842
-719
-650
-604
-402
-410
-201
-193
-51
27
103
165
241
275
319
391
368
469
420
513
473
491
523
450
577
426
526
493
483
565
496
581
570
614
628
647
637
641
643
651
628
655
568
677
522
640
583
499
669
432
599
479
449
512
386
460
311
440
272
329
264
189
224
65
134
38
-3
10
-138
13
-169
-72
-100
-176
-77
-248
-158
-259
-309
-350
-397
-436
-485
-465
-536
-475
-490
-460
-424
-451
-342
-418
-301
-333
-320
-266
-322
-256
-328
-281
-336
-346
-364
-446
-431
-535
-566
-619
-702
-750
-793
-835
-843
-861
-842
-774
-755
-619
-555
-427
-289
-156
-39
96
215
281
404
418
505
471
517
503
457
478
370
401
334
305
326
263
281
281
252
344
265
336
292
320
405
285
419
336
379
388
354
435
363
425
407
426
452
462
494
457
497
488
483
512
392
521
357
480
404
409
478
339
503
280
384
253
191
210
2
72
-139
-120
-196
-282
-231
-403
-301
-441
-386
-451
-445
-479
-502
-469
-534
-421
-499
-381
-381
-373
-292
-306
-248
-259
-224
-272
-269
-307
-317
-378
-427
-465
-553
-589
-656
-715
-761
-816
-843
-915
-909
-937
-935
-877
-838
-737
-600
-471
-272
-73
131
338
532
674
862
944
1038
1079
1094
1081
1061
1027
974
940
856
834
754
701
652
574
522
427
362
297
173
114
19
-69
-110
-200
-194
-232
-249
-175
-190
-102
-67
-37
42
74
129
159
197
221
272
278
354
338
405
408
382
438
321
390
313
244
252
128
158
83
6
13
-143
-136
-248
-303
-315
-473
-419
-532
-536
-517
-568
-442
-514
-454
-429
-473
-392
-485
-471
-520
-598
-577
-674
-687
-726
-762
-770
-792
-817
-825
-843
-890
-888
-967
-964
-1002
-1029
-1017
-1028
-934
-823
-685
-489
-263
-18
297
539
862
1105
1324
1549
1643
1786
1808
1823
1792
1719
1606
1487
1365
1217
1105
956
842
703
576
477
339
223
50
-96
-229
-388
-481
-578
-655
-666
-657
-580
-458
-374
-222
-106
22
168
273
406
487
594
681
774
876
934
1020
1018
1030
991
921
828
683
546
382
221
67
-74
-187
-288
-373
-464
-494
-553
-620
-613
-726
-715
-787
-837
-782
-881
-847
-846
-844
-820
-834
-845
-849
-916
-979
-981
-1075
-1092
-1171
-1240
-1263
-1375
-1429
-1499
-1587
-1630
-1733
-1809
-1864
-1898
-1916
-1919
-1823
-1667
-1412
-1140
-732
-325
225
769
1354
1896
2316
2758
3040
3337
3413
3441
3345
3207
3008
2734
2478
2214
1964
1737
1443
1228
969
794
560
290
32
-336
-593
-921
-1186
-1488
-1757
-1976
-2100
-2078
-1978
-1805
-1573
-1295
-895
-486
33
490
1009
1516
2007
2536
3011
3476
3800
4073
4181
4209
4040
3815
3396
2877
2265
1642
1003
374
-268
-823
-1278
-1656
-1936
-2175
-2239
-2338
-2351
-2351
-2304
-2258
-2331
-2361
-2414
-2459
-2483
-2531
-2546
-2587
-2569
-2577
-2605
-2643
-2724
-2750
-2870
-2972
-3153
-3345
-3540
-3802
-3986
-4187
-4310
-4465
-4629
-4661
-4351
-3687
-2788
-1942
-829
339
1858
3372
4766
5899
6602
7200
7473
7681
7400
6988
6329
5621
4843
4112
3390
2770
2112
1537
836
197
-364
-836
-1267
-1846
-2418
-3054
-3397
-3581
-3585
-3590
-3574
-3462
-3100
-2442
-1637
-841
-173
406
1078
1765
2538
3112
3711
4215
4860
5568
6310
6960
7434
7692
7724
7549
6994
6187
5099
3858
2373
909
-467
-1567
-2442
-2997
-3381
-3602
-3677
-3517
-3271
-3033
-2944
-2996
-3020
-3136
-3223
-3346
-3498
-3639
-3741
-3771
-3746
-3776
-3810
-3898
-3935
-4085
-4169
-4322
-4511
-4749
-5198
-5464
-5804
-5922
-6172
-6315
-6496
-6253
-5408
-4140
-2550
-1021
813
2801
5145
7212
9010
10074
10745
10861
10733
10223
9260
8071
6618
5246
3840
2593
1449
465
-412
-1323
-2323
-3266
-4030
-4589
-5083
-5667
-6244
-6598
-6599
-6176
-5543
-4769
-3968
-3020
-1719
-114
1509
2931
3941
4791
5484
6097
6531
6712
6846
6833
6997
7133
7385
7404
7256
6860
6206
5314
4050
2762
1195
-301
-1859
-3107
-3944
-4349
-4327
-4064
-3537
-2916
-2183
-1383
-730
-326
-358
-573
-914
-1337
-1847
-2432
-3012
-3602
-4039
-4377
-4632
-4938
-5256
-5490
-5848
-6152
-6544
-6856
-7185
-7572
-7734
-7839
-7745
-7751
-7373
-6405
-4675
-2464
-189
2355
4918
7847
10532
12834
14321
14920
14859
14173
13160
11475
9430
7108
4944
2897
1110
-512
-1883
-3004
-4100
-5194
-6276
-7231
-7954
-8542
-9012
-9376
-9473
-9017
-7964
-6410
-4641
-2839
-1006
1007
3352
5664
7497
8501
8876
8944
8900
8589
7914
6820
5766
4975
4662
4588
4540
4324
3783
3285
2558
1961
903
-127
-1453
-2510
-3311
-3639
-3329
-2849
-1993
-1244
-329
484
1190
1660
1518
906
-288
-1524
-2743
-3950
-5061
-6258
-7218
-7942
-8222
-8265
-8222
-8198
-8281
-8203
-8081
-7834
-7666
-7514
-7430
-7309
-7038
-6807
-6315
-5196
-3200
-432
2275
5133
7936
11085
13875
16106
17412
17455
16774
15207
13584
11165
8499
5522
2906
720
-1237
-2813
-4159
-5127
-6086
-7069
-8082
-9066
-9564
-9769
-9650
-9469
-8874
-7485
-5400
-2711
13
2629
4831
6860
8928
10845
11930
11778
10661
9157
7606
6136
4320
2296
272
-1075
-1423
-1166
-650
-462
-180
54
547
1047
1330
1433
1058
911
879
1467
2152
2882
3437
3648
3761
3526
3279
2471
1044
-1051
-3403
-5518
-7375
-8901
-10410
-11666
-12642
-12911
-12621
-11997
-11258
-10627
-9926
-9108
-8193
-7216
-6374
-5707
-5115
-4800
-4295
-4069
-3121
-1614
854
3670
6144
8874
11332
14317
16131
17231
16829
15490
13610
11232
8885
5609
2408
-526
-2592
-4021
-5339
-6191
-6902
-7132
-7405
-7808
-8095
-8399
-8040
-7473
-6457
-5323
-3622
-1099
1846
5109
7946
10216
11653
12700
13452
13461
12388
9991
6989
3893
1293
-918
-2963
-4827
-6177
-6182
-5179
-3446
-1892
-441
947
2340
3749
4811
5760
6134
6303
6197
6219
6390
6519
6428
5686
4610
3176
1695
-47
-2103
-4486
-7182
-9639
-11701
-13105
-14055
-14728
-14992
-14775
-13783
-12263
-10586
-9007
-7555
-6004
-4635
-3375
-2468
-1717
-1388
-1513
-1824
-2371
-2169
-1126
1030
3202
5246
7372
9709
12304
13912
14511
13488
11467
8877
6576
4201
1255
-1755
-4160
-5350
-5759
-5780
-5685
-5632
-5400
-5359
-5341
-5503
-5550
-5185
-4533
-3567
-2395
-376
2346
5297
8021
10133
11433
11836
11835
11378
10056
7592
4389
1056
-1921
-4055
-5501
-6319
-6834
-6390
-4852
-2167
729
3159
5055
6529
8078
9149
9797
9643
9089
8208
7209
6272
5286
4323
2983
1441
-330
-2088
-3743
-5425
-7143
-9038
-10614
-11825
-12548
-12829
-12783
-12458
-12106
-11136
-9705
-7867
-6185
-4750
-3339
-2128
-900
-148
288
211
-519
-1446
-2818
-3140
-2519
-638
1389
3220
5384
7544
10344
12020
12914
11785
9602
6963
4673
2785
191
-2224
-4329
-5237
-5247
-4841
-4213
-4031
-3821
-4019
-4107
-4300
-4408
-3979
-3367
-2309
-1279
533
2874
5530
7890
9240
9512
8975
8401
7577
5925
3342
206
-2651
-4634
-5591
-5847
-5954
-5374
-3983
-1431
1588
4363
6468
7879
9190
10059
10756
10500
9881
8894
7663
6254
4630
3194
1363
-540
-2464
-4227
-5931
-7359
-8345
-9144
-9720
-10143
-10084
-9739
-9311
-9003
-8873
-8603
-8178
-7273
-6402
-5588
-4751
-3814
-2666
-1836
-1008
-697
-889
-1791
-3059
-3228
-2424
-327
1512
3447
5481
7943
10778
12547
13484
12297
10266
7535
5356
3000
169
-2337
-4272
-4992
-5293
-5029
-4536
-4038
-3536
-3633
-3695
-3869
-3537
-2837
-1826
-519
847
2813
4925
7150
8821
9321
8685
7201
5836
4370
2479
80
-2649
-4722
-5936
-5897
-5357
-4601
-3799
-2565
-53
2789
5468
7046
8179
9151
10016
10837
11043
10862
9836
8417
6777
5001
2923
398
-2030
-4666
-7041
-8917
-9800
-10178
-10503
-10438
-10315
-9712
-9018
-8216
-7792
-8005
-8206
-8193
-7376
-6597
-5842
-5353
-4736
-3903
-3070
-2113
-1992
-2538
-3895
-3994
-2586
101
2634
4601
6671
8933
11632
13435
14170
12900
10087
6763
4151
2140
-266
-2654
-4463
-5416
-5520
-5020
-4219
-4033
-4156
-4611
-4845
-4585
-3776
-2424
-941
983
3269
6065
8855
10998
12032
11539
9631
6986
4469
2104
-453
-3164
-5528
-7101
-7276
-6222
-4688
-3417
-2345
-838
1300
3738
5614
6761
7520
8299
9556
10961
11955
12098
11554
10554
9001
7096
4559
1650
-1520
-4685
-7298
-9262
-10325
-10997
-11141
-11002
-10626
-10082
-9592
-9016
-8909
-8984
-9250
-9065
-8447
-7456
-6423
-5487
-4556
-3959
-3376
-3209
-3306
-4279
-4527
-3495
-726
2448
5324
7888
10016
12285
13492
13842
12399
9609
6015
2932
777
-1161
-2720
-3775
-4301
-4257
-3844
-3197
-3162
-3602
-4604
-5561
-5870
-5323
-3735
-1723
833
3431
6376
9356
11769
13057
12383
9893
6246
2887
139
-2349
-4785
-7109
-8453
-8488
-7119
-5111
-3504
-2416
-1398
536
2982
5208
6708
7749
9083
10570
12130
13249
13698
13085
11529
9525
7190
4639
1720
-1227
-4075
-6409
-7920
-8819
-9312
-9733
-10006
-10062
-10005
-9813
-9499
-9065
-8944
-8717
-8059
-6858
-5610
-4668
-3909
-3675
-3582
-3983
-4677
-6073
-7180
-6579
-4231
-545
2793
6119
8951
11764
13925
14546
13399
10346
6722
3315
885
-998
-2534
-3145
-3092
-2429
-1943
-1637
-1550
-1954
-2894
-4649
-6085
-6317
-4852
-2562
-14
2681
5608
8700
11237
12670
12333
10053
6318
2276
-913
-3268
-5223
-6998
-8221
-8304
-6965
-4994
-3432
-2678
-2165
-1230
571
2880
4933
6519
8047
10105
12450
14286
14844
14051
12310
9810
6826
3743
877
-1749
-4270
-6240
-7380
-7580
-7554
-7800
-8371
-9086
-9568
-10016
-10135
-10054
-9825
-9463
-8728
-7077
-5254
-3763
-3105
-3077
-3388
-4211
-5389
-6968
-7288
-5982
-3080
396
3861
7214
9970
12304
13317
12946
10949
7679
4241
1445
-463
-2133
-2980
-2842
-2185
-1594
-1331
-1097
-1290
-1660
-2619
-3618
-3952
-3036
-808
2127
5195
7778
9909
11494
12242
11561
8933
4708
65
-3628
-5931
-7363
-8048
-8253
-7844
-6558
-4685
-2798
-1919
-1636
-1510
-561
1362
3642
5964
8042
10306
12378
14185
15121
14831
13025
9972
6461
2926
9
-2457
-4408
-5950
-6863
-7058
-6889
-6659
-6903
-7595
-8509
-9334
-9792
-9832
-9454
-8856
-8077
-6892
-5538
-4175
-3360
-3174
-3733
-4964
-6542
-7672
-6988
-4624
-1228
2047
5231
8007
10114
11332
11249
9852
6839
3196
111
-1647
-2511
-3189
-3220
-2756
-1802
-1151
-959
-1405
-2343
-3237
-4016
-4140
-3353
-1223
2032
5738
9418
12326
14331
14984
14238
11860
7702
2580
-2468
-5991
-7855
-8471
-8388
-8046
-7047
-5636
-4076
-3136
-2880
-2807
-2327
-743
1547
4450
7372
10248
12852
14700
15692
15461
14194
11677
8262
4556
1192
-1291
-3083
-4378
-5504
-6218
-6631
-6900
-7287
-7973
-8663
-9431
-9924
-9875
-9149
-8079
-6930
-5716
-4695
-3929
-3568
-3655
-4373
-5495
-7102
-8128
-7333
-4382
-296
3594
7018
9342
10872
11277
10451
8096
4555
602
-2601
-4132
-4332
-4142
-3598
-2913
-2237
-2104
-2300
-3088
-4353
-5603
-6443
-6076
-4084
-332
4116
8437
11969
14451
15698
15631
13888
10554
5881
844
-3646
-6444
-7036
-6483
-5768
-5493
-5308
-5084
-4681
-4797
-5490
-6042
-5529
-3122
687
5068
9120
12413
14884
16169
16274
14986
12725
9711
6362
3356
933
-373
-1215
-1982
-3098
-4422
-5699
-7030
-8300
-9517
-10328
-10634
-10099
-8725
-6872
-5146
-3865
-3007
-2572
-2761
-3561
-4653
-5780
-6850
-7779
-6943
-3960
704
4826
7890
9807
10526
10312
8693
6125
2627
-866
-3550
-4558
-3905
-2753
-1942
-1515
-1547
-1827
-2859
-4015
-5672
-6878
-7371
-6604
-4029
-58
4772
8981
12476
14596
15290
14476
12348
9079
4802
335
-3661
-6064
-6536
-5669
-4569
-4254
-4429
-4701
-4754
-5007
-5749
-6244
-5620
-3209
379
4428
7906
10439
12196
13089
13201
12161
10410
8299
6338
4854
3764
2942
1959
589
-1401
-3795
-6174
-8427
-10334
-11842
-12489
-12184
-10688
-8307
-5984
-4182
-3220
-2679
-2453
-2680
-3512
-5063
-6369
-7545
-7554
-5433
-1285
3496
6817
9127
10250
10710
9935
7519
3897
13
-2860
-4278
-4083
-3199
-2734
-2398
-2089
-2030
-2635
-3835
-5163
-6355
-6430
-5449
-3516
-625
2995
6601
9725
12024
13020
12576
10992
8762
6143
3434
816
-1297
-2376
-2503
-2156
-2009
-2362
-3407
-4720
-5841
-6718
-7028
-6464
-4528
-1618
1948
5637
8701
10741
11557
11484
10676
9661
8568
7349
6164
5021
4268
3711
2883
993
-1914
-4924
-7581
-9667
-11241
-11930
-11933
-11090
-9375
-7412
-5421
-4132
-3605
-3944
-4395
-4703
-5142
-5334
-5582
-5599
-4507
-1172
3536
7353
9545
9845
9162
8068
6392
3764
510
-2223
-4110
-4310
-3231
-2098
-1789
-2204
-3063
-4268
-5203
-5819
-6217
-6247
-5334
-3276
-266
3437
6739
8928
10044
10350
9829
8485
6662
4599
2622
811
-706
-1460
-962
-117
-190
-1342
-2768
-3779
-4671
-5573
-6386
-6464
-4930
-2097
1501
4972
7566
9130
9943
10436
10120
9203
8181
7437
6869
6103
5230
4351
3402
1512
-1408
-4634
-7118
-8798
-10248
-11182
-11347
-10395
-8831
-7108
-5864
-5041
-4713
-4991
-5621
-6042
-6204
-6127
-6187
-5972
-3933
289
5477
9108
11128
11506
11084
9852
7868
4985
1704
-1113
-2618
-2693
-2058
-1732
-2097
-2746
-3953
-5491
-6936
-7688
-7989
-7587
-6299
-3843
-522
3158
6331
8328
9378
9617
9183
8118
6630
4888
3207
1744
563
-91
-115
-277
-1179
-2914
-4447
-5511
-6244
-6741
-7091
-6418
-4484
-1305
2155
5088
7103
8300
9426
10269
10274
9631
9003
8786
8287
7239
5933
4611
3032
546
-2490
-5334
-7336
-8744
-9909
-10667
-10861
-10029
-8850
-7857
-7277
-6992
-6712
-6698
-6583
-6519
-6113
-5641
-5371
-4335
-1530
2616
6480
8887
9946
10233
10013
9227
7371
4827
2375
861
478
584
257
-681
-1615
-2588
-3999
-5579
-6852
-7489
-7274
-6191
-4297
-1779
1134
3837
5956
7302
8093
8239
7894
7010
5786
4608
3433
2257
1234
784
255
-632
-2319
-3983
-5679
-6808
-7452
-7990
-7784
-6679
-4263
-1270
1649
3821
5449
7171
8756
9621
9931
10043
9967
9637
9055
7919
6298
4070
1476
-1228
-3772
-5703
-7442
-8735
-9744
-10254
-10071
-9496
-8968
-8850
-8785
-8533
-8089
-7391
-6810
-6320
-5988
-5778
-4452
-1454
2253
5205
6771
7595
8062
8497
8503
7141
5090
3130
2332
2483
2548
1611
-180
-1513
-2594
-3793
-4948
-6002
-6512
-6120
-4652
-2714
-662
1578
3713
5286
6155
6837
7381
7712
7548
6749
5803
4938
4003
3015
2074
1149
-117
-1720
-3635
-5492
-6738
-7371
-7571
-7684
-7112
-5514
-3196
-812
998
2583
4352
6313
7867
8924
9784
10274
10261
9713
8631
7099
5186
2928
467
-1827
-3621
-5043
-6220
-7422
-8430
-9028
-9196
-9432
-9808
-10179
-10249
-9859
-8940
-7815
-6640
-5875
-5196
-2963
264
3825
5991
6845
6927
6690
6869
6310
4996
3022
1548
1538
2172
2415
1163
-590
-2066
-3471
-4574
-5644
-6489
-6950
-6170
-4188
-1901
373
2428
4295
5742
6768
7486
8074
8518
8528
8165
7589
6637
5633
4530
3557
2202
303
-1836
-4015
-5678
-6945
-7638
-8051
-7859
-7008
-5500
-3681
-2209
-979
210
1693
3456
5057
6505
7749
8787
9419
9404
8836
7512
5571
3395
1237
-646
-2305
-3691
-5058
-6474
-7530
-8344
-8897
-9450
-10228
-10773
-10986
-10507
-9543
-8424
-7125
-6161
-4067
-772
3104
6460
8085
8745
8466
8290
7820
6248
4121
1801
945
1201
1521
883
-801
-2414
-4143
-5537
-6782
-7920
-8677
-8495
-6856
-4324
-1538
912
3065
4982
6600
7901
8739
9369
9706
9782
9645
9338
8885
8074
7150
5815
4080
1842
-633
-2956
-4906
-6260
-7287
-7701
-7244
-5998
-4528
-3324
-2416
-1721
-911
156
1356
2669
3946
5036
6015
6793
7312
7213
6274
4732
2781
1104
-347
-1698
-3239
-4985
-6336
-7250
-7646
-8078
-8726
-9507
-10355
-10650
-10540
-9991
-9278
-8670
-6953
-3866
562
4822
7220
8562
8939
9585
9718
8628
6703
4367
3308
3245
3386
2674
849
-1252
-3460
-5406
-7246
-9157
-10807
-11620
-10864
-8772
-6235
-3743
-1501
724
2929
4962
6670
7795
8591
9247
10017
10666
10799
10428
9887
9255
8111
6071
3402
654
-1418
-3076
-4440
-5488
-5978
-5457
-4450
-3334
-2681
-2217
-1492
-444
595
1450
2340
3285
4149
4691
4931
4990
4857
4331
3341
2092
936
-3
-1026
-2533
-4364
-6007
-6986
-7588
-8372
-9317
-10312
-10664
-10673
-10407
-10125
-9853
-8417
-5868
-1826
1934
4576
6211
7144
8680
9734
9906
8740
7019
6307
6376
6594
5580
3347
1002
-1159
-2845
-4909
-7340
-9647
-11120
-11021
-10030
-8587
-7318
-6031
-4427
-2594
-511
1263
2797
4182
5652
7391
8858
9958
10315
10442
10401
9903
8590
6486
4241
2350
1105
-118
-1330
-2291
-2643
-2358
-2163
-2252
-2511
-2439
-1710
-762
371
1304
2218
2992
3516
3971
4168
4090
3467
2568
1876
1469
1040
202
-1176
-2592
-3933
-4887
-5882
-7058
-8373
-9615
-10088
-10224
-10151
-10310
-10226
-9267
-7266
-4285
-1209
1204
2869
4016
5482
6973
8023
8113
7383
7089
7335
8026
7842
6429
4333
2244
706
-848
-2859
-5275
-7395
-8286
-8077
-7390
-6943
-6752
-6255
-5195
-3613
-2194
-1096
-154
1192
3005
4831
6065
6609
6950
7322
7515
7026
5744
4141
2891
2256
1918
1283
542
71
65
161
-16
-495
-974
-1013
-500
282
1038
1648
2165
2707
3187
3660
3880
3738
3255
2707
2491
2391
1836
585
-907
-1991
-2733
-3589
-4880
-6364
-7579
-8307
-8699
-9088
-9482
-9741
-9411
-8377
-6742
-4852
-2984
-1341
-11
1137
2316
3491
4430
4869
5015
5366
6106
6881
6880
5989
4607
3290
2273
1064
-687
-2678
-4261
-4852
-4615
-4087
-3770
-3667
-3479
-2858
-1778
-745
-139
89
552
1603
2768
3481
3595
3595
3811
3954
3622
2647
1580
808
466
284
-78
-422
-646
-509
-172
89
236
218
496
1089
1790
2378
2737
3166
3703
4394
4972
5300
5299
5030
4698
4297
3708
2568
1109
-322
-1411
-2168
-2909
-3708
-4594
-5424
-6229
-7048
-7882
-8764
-9535
-9935
-9665
-8704
-7276
-5727
-4290
-2945
-1718
-681
19
520
1079
1795
2672
3560
4456
5144
5378
5069
4362
3538
2615
1424
-84
-1275
-1750
-1494
-1010
-778
-706
-538
39
606
955
951
886
1121
1606
2120
2299
2337
2521
2787
2889
2498
1675
873
365
97
-337
-974
-1475
-1696
-1541
-1283
-1013
-799
-608
-275
130
591
950
1305
1707
2199
2855
3586
4256
4597
4590
4408
4139
3713
2948
1869
684
-278
-948
-1363
-1859
-2524
-3330
-4227
-5125
-6108
-7021
-7749
-8061
-7765
-6990
-6006
-5072
-4229
-3296
-2374
-1517
-809
-118
671
1498
2260
2923
3504
3879
3978
3813
3408
2741
1825
841
36
-308
-315
-296
-447
-615
-510
-109
339
506
452
529
1066
1872
2423
2533
2420
2561
2946
3210
2883
2062
1322
1015
1032
902
419
-179
-617
-770
-861
-995
-1130
-1209
-1212
-1196
-1099
-927
-765
-682
-539
-102
650
1444
2080
2469
2741
2964
3070
2955
2504
1837
1083
324
-353
-1010
-1665
-2392
-3170
-3844
-4345
-4591
-4637
-4560
-4434
-4351
-4290
-4175
-3844
-3243
-2521
-1824
-1231
-567
286
1206
1959
2361
2593
2747
2859
2735
2288
1643
1009
572
271
-27
-253
-421
-440
-427
-438
-403
-254
86
404
656
946
1410
2008
2382
2469
2346
2243
2211
2033
1737
1472
1478
1704
1831
1677
1272
873
544
162
-315
-800
-1086
-1158
-1161
-1194
-1266
-1240
-1110
-904
-649
-333
40
461
863
1124
1250
1281
1306
1193
846
225
-533
-1240
-1765
-2152
-2590
-3087
-3520
-3683
-3532
-3201
-2999
-3003
-3120
-3066
-2690
-2104
-1504
-1009
-547
-105
382
963
1580
2066
2358
2493
2499
2449
2261
1902
1410
977
644
387
189
98
179
361
504
475
389
429
520
595
565
603
849
1224
1520
1481
1186
925
857
873
803
693
709
925
1192
1266
1044
640
265
-29
-243
-458
-652
-852
-1028
-1088
-1104
-1066
-985
-870
-749
-636
-456
-222
38
239
386
557
708
735
515
34
-533
-1089
-1554
-1993
-2393
-2742
-2880
-2783
-2617
-2574
-2757
-2912
-2824
-2396
-1804
-1192
-621
-75
401
868
1317
1750
2067
2217
2249
2272
2327
2346
2217
1975
1636
1343
1077
845
720
657
744
840
900
841
645
437
326
358
471
579
673
775
823
732
556
423
442
592
751
884
1014
1191
1303
1275
1032
628
228
-97
-332
-542
-795
-1125
-1465
-1750
-1879
-1871
-1784
-1735
-1809
-1888
-1828
-1514
-1086
-737
-542
-437
-304
-196
-204
-438
-778
-1127
-1325
-1317
-1121
-812
-614
-644
-924
-1227
-1351
-1275
-1125
-974
-727
-323
193
665
956
1079
1098
1133
1142
1078
934
863
887
1040
1179
1235
1203
1158
1208
1248
1207
1038
933
960
1004
930
694
492
465
525
542
374
123
-74
-144
-44
101
259
468
782
1156
1430
1550
1516
1414
1268
1066
817
575
366
110
-183
-512
-860
-1218
-1623
-1980
-2220
-2331
-2457
-2652
-2821
-2825
-2585
-2257
-2030
-1963
-1906
-1770
-1552
-1383
-1373
-1441
-1431
-1116
-559
16
374
420
400
498
710
905
932
874
862
978
1237
1442
1567
1531
1425
1252
1011
770
529
329
193
168
280
459
677
906
1050
1119
1121
1132
1131
1117
1103
1098
1148
1206
1206
1081
799
383
-56
-370
-497
-487
-419
-297
-67
281
625
820
856
843
848
914
1015
1112
1174
1120
988
789
567
245
-231
-842
-1418
-1866
-2257
-2622
-2980
-3241
-3413
-3511
-3612
-3692
-3750
-3751
-3664
-3460
-3103
-2667
-2200
-1698
-1201
-679
-203
164
475
831
1307
1861
2320
2581
2665
2697
2706
2667
2572
2388
2178
1891
1567
1233
947
721
496
256
31
-72
29
240
427
427
327
303
383
525
563
578
668
941
1280
1440
1308
910
494
157
-14
-113
-172
-160
-57
76
170
183
122
43
-58
-118
-90
70
314
564
804
1022
1166
1105
842
474
132
-182
-600
-1046
-1440
-1666
-1810
-2078
-2578
-3255
-3877
-4337
-4648
-4881
-4995
-4820
-4263
-3455
-2649
-1989
-1456
-933
-358
245
914
1567
2147
2623
2991
3363
3649
3790
3673
3392
3064
2747
2426
2040
1652
1371
1185
1041
877
760
724
701
564
315
111
37
47
-24
-213
-347
-290
-80
110
112
-35
-175
-215
-160
-114
-119
-107
2
232
487
671
692
579
400
154
-73
-287
-442
-531
-491
-281
49
396
574
550
439
333
214
12
-261
-468
-539
-507
-569
-866
-1377
-1998
-2605
-3214
-3764
-4151
-4203
-3902
-3396
-2839
-2398
-2040
-1631
-1135
-553
31
544
1013
1451
1928
2437
2857
3078
3101
2992
2861
2641
2311
1908
1642
1528
1467
1355
1249
1269
1343
1319
1091
772
511
387
281
125
-70
-181
-170
-109
-102
-232
-472
-700
-822
-798
-671
-507
-358
-217
-63
105
246
343
339
240
77
-128
-338
-568
-769
-900
-895
-763
-624
-524
-475
-439
-417
-456
-542
-623
-666
-674
-662
-675
-735
-851
-1038
-1333
-1712
-2095
-2335
-2347
-2200
-1998
-1816
-1598
-1297
-856
-322
190
612
951
1227
1460
1683
1918
2164
2345
2465
2471
2405
2253
2056
1888
1744
1603
1447
1354
1368
1434
1469
1377
1203
1036
901
734
489
194
-50
-180
-228
-276
-389
-552
-732
-822
-808
-705
-562
-415
-246
-75
89
200
256
263
256
211
134
-1
-200
-410
-595
-722
-846
-1015
-1225
-1390
-1468
-1485
-1533
-1637
-1739
-1783
-1738
-1713
-1754
-1882
-2007
-2059
-2028
-1946
-1858
-1735
-1519
-1189
-838
-588
-476
-393
-206
178
673
1156
1512
1777
1983
2174
2338
2428
2446
2391
2285
2134
2010
1908
1828
1754
1675
1597
1513
1464
1423
1348
1205
1026
851
689
538
324
60
-196
-402
-545
-673
-823
-1009
-1200
-1345
-1385
-1305
-1132
-909
-675
-441
-196
48
255
383
427
391
335
287
274
291
319
336
324
244
70
-205
-552
-928
-1284
-1594
-1821
-1949
-2037
-2124
-2247
-2429
-2642
-2834
-3010
-3149
-3181
-3032
-2647
-2050
-1394
-822
-408
-89
237
619
1039
1430
1757
2030
2292
2547
2798
2978
3058
3018
2887
2718
2548
2358
2149
2003
1931
1937
1945
1928
1917
1926
1908
1806
1611
1387
1164
934
659
334
1
-303
-539
-789
-1079
-1394
-1661
-1821
-1876
-1864
-1805
-1680
-1474
-1251
-1036
-862
-682
-490
-325
-200
-173
-184
-180
-102
33
160
261
273
228
129
-27
-275
-604
-981
-1318
-1568
-1734
-1879
-2071
-2321
-2589
-2845
-3071
-3273
-3430
-3465
-3274
-2820
-2223
-1615
-1092
-615
-146
383
945
1439
1826
2081
2247
2415
2610
2820
2939
2941
2835
2691
2546
2419
2306
2224
2178
2124
2093
2072
2102
2131
2119
2038
1935
1838
1724
1560
1329
1089
885
722
534
244
-134
-546
-901
-1182
-1396
-1585
-1714
-1752
-1716
-1644
-1586
-1545
-1506
-1444
-1352
-1224
-1068
-923
-795
-685
-559
-394
-216
-70
10
49
36
-14
-125
-316
-576
-864
-1151
-1435
-1729
-2039
-2361
-2674
-2940
-3170
-3351
-3455
-3413
-3170
-2714
-2145
-1572
-1058
-572
-65
499
1055
1538
1878
2100
2266
2439
2642
2808
2866
2786
2623
2438
2312
2239
2188
2119
2024
1937
1888
1908
1930
1921
1862
1772
1692
1611
1516
1385
1256
1159
1119
1092
1001
799
498
189
-85
-325
-563
-796
-974
-1073
-1108
-1142
-1204
-1301
-1415
-1514
-1586
-1594
-1548
-1455
-1336
-1196
-1043
-892
-742
-622
-530
-460
-421
-412
-426
-449
-490
-587
-777
-1050
-1376
-1710
-2046
-2386
-2714
-3003
-3233
-3358
-3331
-3118
-2744
-2290
-1843
-1411
-980
-502
-3
493
957
1366
1731
2053
2349
2608
2824
2942
2951
2855
2688
2516
2371
2261
2143
2008
1859
1737
1670
1645
1620
1551
1438
1304
1185
1098
1031
982
951
960
990
990
902
712
482
269
94
-58
-186
-275
-315
-319
-338
-398
-527
-718
-938
-1128
-1260
-1334
-1357
-1334
-1242
-1123
-991
-900
-851
-844
-843
-829
-820
-817
-814
-799
-788
-837
-984
-1205
-1466
-1718
-1970
-2220
-2478
-2730
-2935
-3024
-2929
-2650
-2267
-1877
-1520
-1174
-777
-320
166
617
1006
1349
1674
2010
2323
2604
2796
2900
2909
2825
2693
2543
2410
2268
2108
1920
1746
1617
1544
1484
1385
1246
1098
979
894
829
771
722
694
691
696
668
573
427
281
182
126
99
65
25
-6
-39
-92
-205
-383
-597
-792
-924
-1001
-1052
-1093
-1100
-1071
-1022
-982
-993
-1041
-1111
-1137
-1116
-1069
-1028
-1021
-1026
-1072
-1168
-1338
-1560
-1788
-1983
-2135
-2284
-2460
-2662
-2848
-2940
-2882
-2645
-2303
-1923
-1567
-1215
-816
-344
167
637
1029
1347
1646
1939
2218
2443
2590
2661
2658
2626
2566
2505
2435
2352
2239
2080
1894
1696
1530
1387
1250
1099
946
823
719
635
556
494
459
463
503
532
513
447
375
323
310
325
356
380
396
384
346
251
102
-99
-319
-505
-652
-760
-862
-934
-975
-973
-965
-972
-999
-1020
-1000
-961
-911
-889
-890
-921
-974
-1061
-1202
-1386
-1594
-1779
-1938
-2074
-2221
-2384
-2554
-2685
-2707
-2573
-2286
-1916
-1546
-1216
-898
-548
-157
247
622
945
1218
1472
1722
1945
2109
2197
2234
2238
2233
2227
2234
2236
2205
2120
1989
1842
1703
1584
1465
1330
1187
1046
912
791
676
566
469
416
414
450
463
421
341
266
229
227
264
314
361
376
350
288
194
65
-120
-334
-554
-736
-858
-920
-953
-984
-1006
-1019
-1008
-979
-936
-909
-910
-952
-1003
-1036
-1047
-1066
-1117
-1213
-1356
-1504
-1631
-1734
-1840
-1959
-2098
-2245
-2357
-2366
-2236
-1965
-1632
-1316
-1062
-834
-578
-267
84
424
724
972
1197
1420
1635
1807
1907
1946
1948
1958
1972
1987
1975
1938
1879
1801
1703
1579
1451
1323
1208
1096
997
900
806
706
614
553
544
567
575
548
494
451
423
419
430
447
465
489
509
498
438
329
180
-4
-196
-378
-528
-639
-721
-780
-820
-841
-870
-896
-915
-909
-896
-894
-926
-979
-1030
-1056
-1063
-1073
-1118
-1217
-1354
-1492
-1606
-1690
-1756
-1825
-1908
-2002
-2061
-2032
-1890
-1659
-1407
-1176
-977
-778
-547
-262
62
384
668
911
1129
1333
1516
1650
1717
1735
1743
1768
1804
1828
1818
1762
1666
1544
1414
1298
1193
1091
990
900
816
735
660
603
564
545
537
525
509
488
475
471
473
466
455
455
469
487
495
463
362
206
32
-125
-250
-349
-434
-513
-590
-670
-737
-785
-821
-854
-883
-909
-936
-962
-991
-1020
-1041
-1046
-1042
-1047
-1080
-1151
-1248
-1350
-1438
-1509
-1571
-1643
-1721
-1787
-1820
-1801
-1712
-1550
-1342
-1116
-900
-691
-477
-225
65
370
653
888
1075
1227
1356
1460
1540
1597
1637
1661
1670
1663
1639
1598
1528
1434
1324
1211
1104
1023
962
906
844
777
706
640
593
565
550
536
521
512
508
497
471
446
427
419
421
417
383
311
210
92
-31
-137
-226
-296
-356
-405
-446
-478
-507
-533
-552
-573
-600
-631
-656
-688
-723
-753
-767
-763
-757
-768
-815
-897
-1002
-1114
-1223
-1332
-1445
-1551
-1641
-1708
-1744
-1743
-1699
-1603
-1453
-1261
-1065
-870
-673
-456
-219
38
297
540
747
916
1053
1176
1286
1386
1468
1524
1536
1515
1477
1438
1396
1350
1282
1190
1085
985
902
841
790
737
675
611
561
530
516
505
500
495
483
456
424
392
370
361
346
311
249
179
100
23
-63
-155
-241
-318
-375
-419
-444
-465
-474
-480
-481
-489
-496
-505
-510
-508
-499
-494
-500
-514
-532
-560
-608
-690
-795
-914
-1029
-1135
-1230
-1321
-1407
-1479
-1527
-1545
-1531
-1484
-1411
-1317
-1191
-1036
-850
-641
-413
-187
33
231
420
597
763
911
1033
1121
1170
1194
1210
1230
1255
1272
1259
1211
1139
1062
996
945
897
840
770
700
649
626
632
642
642
622
593
572
563
567
568
561
531
483
424
366
314
268
217
151
66
-27
-105
-157
-180
-189
-199
-219
-241
-261
-276
-285
-294
-303
-317
-334
-350
-359
-363
-367
-380
-416
-473
-547
-627
-710
-799
-896
-1001
-1110
-1207
-1283
-1336
-1375
-1403
-1414
-1399
-1351
-1270
-1160
-1033
-896
-746
-586
-420
-256
-97
47
182
309
428
535
625
702
768
825
866
893
905
912
916
911
897
880
860
840
815
785
755
733
725
726
727
723
717
712
703
696
679
648
593
521
441
364
300
245
183
110
34
-41
-106
-161
-206
-235
-243
-228
-195
-156
-127
-107
-95
-79
-59
-39
-30
-34
-48
-65
-88
-120
-166
-234
-318
-410
-501
-594
-695
-806
-925
-1040
-1144
-1225
-1290
-1348
-1397
-1427
-1428
-1393
-1329
-1243
-1150
-1049
-929
-788
-634
-472
-306
-148
0
138
265
379
481
572
651
721
781
839
890
934
966
999
1031
1065
1096
1128
1153
1169
1176
1179
1183
1187
1183
1168
1135
1081
1017
935
839
734
624
518
416
321
228
138
50
-31
-103
-161
-199
-216
-217
-208
-195
-178
-153
-118
-77
-41
-18
-14
-26
-42
-56
-70
-99
-141
-202
-274
-354
-435
-519
-611
-717
-836
-960
-1084
-1201
-1310
-1414
-1512
-1596
-1657
-1689
-1691
-1670
-1630
-1570
-1488
-1378
-1244
-1089
-930
-774
-623
-474
-324
-177
-40
79
183
279
373
469
567
659
748
833
919
1002
1086
1164
1243
1318
1392
1458
1510
1544
1558
1552
1534
1504
1458
1394
1314
1217
1104
985
865
743
625
511
403
299
203
117
43
-16
-58
-86
-101
-105
-98
-80
-51
-14
21
49
65
70
62
46
25
-2
-36
-80
-136
-206
-289
-379
-478
-585
-698
-821
-948
-1074
-1195
-1308
-1416
-1511
-1596
-1666
-1717
-1751
-1767
-1767
-1745
-1699
-1626
-1528
-1413
-1285
-1148
-1006
-859
-716
-577
-447
-319
-187
-52
91
235
378
518
654
792
924
1052
1176
1293
1398
1494
1572
1636
1682
1714
1730
1730
1709
1668
1609
1535
1448
1349
1239
1123
1002
885
777
680
591
509
432
359
291
231
186
149
122
102
85
74
69
65
58
44
20
-13
-53
-96
-140
-187
-239
-298
-369
-452
-547
-645
-745
-844
-941
-1038
-1131
-1218
-1299
-1376
-1452
-1523
-1589
-1644
-1684
-1708
-1713
-1700
-1670
-1622
-1557
-1473
-1373
-1264
-1148
-1034
-922
-811
-697
-579
-457
-331
-201
-62
84
235
391
548
703
855
1002
1143
1271
1384
1480
1559
1621
1664
1691
1701
1698
1682
1653
1610
1553
1481
1399
1311
1219
1127
1037
951
872
801
739
682
628
577
530
488
450
415
382
347
307
261
210
154
96
34
-28
-95
-164
-235
-310
-384
-464
-545
-629
-714
-796
-876
-953
-1022
-1086
-1145
-1207
-1271
-1336
-1398
-1455
-1505
-1547
-1580
-1601
-1604
-1590
-1559
-1514
-1459
-1393
-1319
-1240
-1155
-1065
-970
-864
-748
-623
-492
-355
-216
-72
73
221
369
518
666
808
943
1066
1177
1272
1351
1414
1460
1493
1513
1523
1524
1514
1492
1461
1423
1377
1326
1271
1211
1152
1093
1042
997
955
914
873
829
788
747
704
659
605
541
468
389
308
223
133
37
-62
-165
-263
-355
-443
-531
-619
-706
-788
-860
-921
-967
-1007
-1040
-1069
-1098
-1130
-1165
-1203
-1242
-1281
-1317
-1349
-1376
-1395
-1404
-1406
-1402
-1390
-1371
-1343
-1309
-1266
-1218
-1163
-1100
-1026
-940
-844
-736
-614
-481
-341
-195
-48
101
252
405
557
703
838
963
1075
1173
1254
1318
1366
1397
1412
1416
1408
1394
1372
1350
1324
1296
1267
1234
1200
1165
1137
1109
1083
1055
1025
992
957
917
869
812
745
672
592
503
405
304
199
94
-12
-117
-221
-321
-416
-506
-592
-672
-744
-807
-857
-898
-929
-953
-969
-977
-979
-979
-984
-995
-1010
-1030
-1047
-1062
-1075
-1086
-1092
-1096
-1094
-1086
-1076
-1060
-1039
-1009
-973
-929
-878
-823
-763
-695
-616
-525
-424
-314
-201
-86
30
148
267
385
498
601
695
783
863
935
994
1040
1075
1100
1118
1129
1135
1140
1146
1151
1150
1142
1130
1112
1091
1067
1039
1007
970
928
880
824
762
695
622
546
466
385
301
214
124
36
-48
-130
-208
-286
-362
-434
-500
-559
-614
-663
-705
-745
-779
-809
-831
-846
-852
-854
-855
-854
-855
-856
-857
-859
-858
-853
-846
-835
-825
-813
-802
-788
-771
-749
-722
-691
-657
-618
-574
-527
-472
-407
-334
-252
-167
-81
5
94
183
271
352
425
492
552
609
659
705
748
787
823
853
879
901
920
933
942
946
949
948
942
931
918
903
883
855
819
776
730
681
626
565
503
439
375
311
248
187
125
60
-7
-71
-134
-195
-258
-320
-377
-430
-479
-522
-563
-600
-634
-665
-690
-707
-720
-728
-736
-741
-743
-742
-742
-744
-746
-745
-740
-734
-727
-719
-709
-696
-680
-660
-636
-608
-574
-539
-497
-447
-389
-325
-259
-189
-114
-37
39
110
175
234
290
340
385
425
464
502
536
565
593
619
648
672
691
703
710
714
714
712
713
711
704
690
669
644
614
576
533
483
434
383
331
279
227
181
140
100
62
26
-7
-40
-75
-108
-140
-171
-200
-230
-258
-284
-310
-335
-357
-378
-395
-410
-423
-433
-436
-437
-438
-444
-456
-466
-476
-484
-493
-500
-506
-507
-502
-493
-483
-468
-449
-427
-399
-366
-326
-282
-234
-182
-126
-72
-17
36
86
135
176
212
240
263
282
296
309
316
324
334
343
352
362
373
387
400
411
417
423
429
435
439
439
436
432
425
415
398
376
349
317
284
248
211
174
139
104
71
40
12
-16
-44
-70
-98
-125
-149
-170
-190
-209
-228
-246
-263
-278
-291
-302
-314
-323
-331
-336
-341
-347
-352
-357
-360
-364
-369
-372
-373
-369
-361
-352
-338
-321
-302
-278
-250
-220
-189
-155
-118
-81
-42
-3
32
62
91
116
136
155
169
179
186
190
194
200
205
211
220
228
238
251
263
277
290
302
311
318
324
331
334
335
334
330
324
318
308
295
276
257
235
212
188
160
131
103
76
51
27
1
-24
-49
-73
-96
-117
-139
-160
-181
-203
-221
-237
-254
-272
-290
-306
-318
-327
-336
-345
-352
-357
-357
-353
-349
-342
-332
-321
-304
-284
-261
-235
-207
-175
-143
-109
-72
-37
1
34
67
96
119
135
145
150
151
148
140
131
120
110
101
93
87
86
90
97
107
119
133
149
167
187
206
224
238
251
264
276
287
296
300
302
301
299
295
287
274
258
239
218
194
168
142
115
86
56
24
-7
-38
-69
-100
-132
-164
-194
-225
-256
-286
-316
-343
-368
-390
-410
-426
-437
-444
-444
-443
-438
-427
-412
-392
-369
-343
-313
-280
-243
-205
-164
-124
-84
-45
-8
27
60
93
119
141
158
170
180
183
181
175
168
161
154
145
137
130
128
127
128
129
133
141
153
166
179
192
208
223
238
249
257
264
270
273
273
272
268
263
257
251
240
227
211
194
176
158
138
117
95
71
47
23
-1
-29
-57
-87
-116
-145
-174
-204
-232
-261
-286
-312
-334
-354
-372
-388
-400
-410
-414
-415
-411
-400
-387
-367
-344
-315
-285
-251
-214
-179
-142
-107
-73
-38
-5
25
52
76
97
115
130
140
147
149
151
151
148
148
146
146
145
144
145
147
149
152
156
163
170
178
188
198
208
217
225
233
238
241
241
239
235
229
222
213
203
191
177
163
146
129
113
96
78
61
41
22
4
-16
-35
-55
-75
-96
-117
-138
-159
-180
-201
-222
-242
-263
-283
-303
-320
-336
-348
-358
-364
-366
-363
-354
-341
-324
-303
-280
-254
-228
-200
-173
-147
-122
-97
-74
-50
-29
-7
12
29
45
60
73
84
94
102
113
124
134
147
158
170
182
194
205
214
225
234
242
249
255
260
264
265
266
265
263
259
255
249
241
231
222
210
198
185
171
156
142
126
112
97
81
65
48
32
14
-3
-22
-40
-59
-79
-99
-121
-141
-162
-182
-203
-222
-240
-258
-275
-290
-304
-316
-325
-331
-332
-332
-326
-318
-307
-292
-275
-258
-238
-219
-199
-181
-163
-145
-129
-113
-98
-82
-67
-51
-35
-20
-4
13
28
45
60
77
95
110
127
143
160
176
191
205
218
230
241
252
260
267
272
275
276
276
273
268
262
254
246
236
224
210
198
183
167
152
136
119
103
87
70
53
36
20
5
-10
-24
-37
-53
-66
-80
-94
-109
-125
-141
-158
-174
-189
-204
-218
-231
-242
-251
-258
-263
-266
-267
-265
-260
-255
-246
-236
-225
-213
-200
-188
-176
-164
-152
-141
-131
-122
-112
-102
-92
-81
-66
-52
-36
-19
-1
18
38
58
79
100
119
138
157
175
192
207
222
234
245
254
262
266
268
267
264
258
251
242
232
220
208
194
180
166
154
140
127
113
100
87
73
59
46
33
21
11
-1
-9
-18
-27
-35
-43
-53
-63
-73
-85
-98
-110
-124
-136
-147
-159
-169
-178
-185
-191
-196
-199
-202
-202
-202
-200
-198
-194
-191
-186
-181
-177
-173
-168
-164
-161
-155
-152
-147
-139
-132
-122
-110
-96
-81
-63
-45
-25
-4
17
39
61
82
103
125
145
165
183
199
214
227
237
244
251
255
255
251
248
241
232
222
208
196
182
167
151
136
120
105
90
76
61
46
33
20
7
-5
-17
-27
-36
-45
-53
-60
-67
-74
-80
-86
-92
-99
-106
-111
-116
-123
-127
-131
-135
-138
-140
-142
-142
-143
-142
-141
-139
-136
-134
-131
-128
-125
-124
-122
-119
-119
-117
-115
-112
-109
-103
-97
-88
-78
-65
-51
-37
-19
-2
16
35
54
72
89
106
122
136
149
160
170
180
185
191
194
195
196
194
191
186
180
172
164
154
142
131
118
107
95
82
70
59
48
37
27
17
8
-1
-10
-19
-27
-34
-41
-49
-55
-61
-66
-72
-77
-81
-84
-88
-92
-96
-98
-102
-105
-108
-109
-112
-114
-115
-117
-117
-117
-115
-116
-114
-112
-110
-108
-106
-105
-102
-101
-98
-95
-91
-88
-82
-76
-68
-59
-48
-37
-25
-12
2
16
29
44
56
68
79
90
98
107
114
120
126
129
134
137
138
140
140
140
138
135
130
126
121
113
106
99
90
83
75
67
60
52
45
38
31
24
19
12
7
1
-5
-10
-16
-21
-27
-32
-36
-40
-45
-49
-53
-57
-61
-65
-68
-72
-75
-78
-81
-84
-85
-87
-89
-91
-91
-91
-91
-90
-89
-89
-88
-86
-85
-82
-80
-77
-72
-68
-63
-56
-49
-40
-30
-20
-10
1
11
22
33
44
52
61
68
76
81
86
90
95
96
99
99
99
98
96
93
90
86
80
75
69
64
57
51
45
38
33
28
22
17
13
6
3
-2
-6
-9
-14
-16
-20
-23
-25
-28
-31
-33
-35
-37
-37
-39
-39
-41
-42
-43
-44
-44
-46
-46
-48
-48
-48
-49
-49
-48
-48
-47
-46
-45
-45
-42
-42
-40
-39
-38
-36
-35
-32
-30
-28
-24
-20
-16
-11
-6
0
6
12
18
24
29
35
41
46
51
56
59
63
65
67
68
69
68
66
64
63
60
56
53
48
45
41
38
32
29
25
21
18
15
11
8
4
1
-2
-6
-9
-13
-16
-19
-23
-25
-28
-31
-33
-35
-36
-37
-38
-38
-38
-38
-39
-39
-39
-38
-39
-38
-37
-38
-38
-37
-36
-36
-34
-33
-31
-30
-29
-27
-25
-24
-22
-20
-18
-15
-14
-10
-9
-6
-2
0
3
7
11
15
19
22
26
30
32
35
38
41
43
44
46
46
46
45
45
44
42
40
39
37
34
32
29
27
25
21
19
17
14
12
9
7
5
2
0
-2
-5
-6
-9
-11
-14
-15
-18
-20
-21
-23
-24
-25
-26
-27
-27
-28
-29
-28
-28
-29
-29
-29
-28
-29
-27
-28
-27
-26
-24
-23
-21
-19
-17
-15
-12
-11
-8
-7
-5
-4
-2
0
2
4
6
7
8
9
11
12
14
16
16
18
20
21
23
24
24
26
26
26
27
26
26
26
24
23
23
21
21
18
17
15
14
13
10
9
8
7
5
3
1
0
-1
-4
-5
-8
-9
-10
-13
-15
-16
-18
-19
-21
-22
-22
-24
-24
-24
-25
-24
-25
-26
-24
-23
-23
-21
-21
-19
-18
-18
-16
-13
-12
-11
-10
-8
-5
-4
-2
0
1
3
4
5
6
7
8
9
10
12
12
14
14
15
16
18
18
20
20
21
21
21
23
23
24
24
24
23
22
22
21
20
19
18
17
16
14
14
13
11
10
9
8
7
6
3
2
1
-2
-3
-5
-8
-9
-10
-13
-15
-17
-19
-21
-22
-24
-26
-26
-27
-29
-29
-30
-29
-28
-29
-29
-29
-27
-26
-26
-24
-24
-21
-20
-18
-17
-16
-14
-12
-12
-10
-8
-7
-6
-4
-2
-1
0
2
2
4
6
7
9
9
12
13
14
15
16
18
19
19
21
22
22
23
23
23
23
24
24
24
24
23
23
22
22
22
22
22
21
21
20
20
18
17
16
15
13
12
10
7
7
3
3
0
-2
-4
-6
-9
-10
-13
-14
-16
-17
-19
-20
-20
-21
-22
-22
-22
-23
-23
-22
-21
-21
-20
-21
-19
-18
-17
-16
-15
-15
-13
-12
-12
-10
-9
-9
-8
-6
-7
-5
-5
-5
-3
-3
-2
-2
-1
0
1
0
0
1
1
2
3
4
4
5
5
5
6
7
7
8
9
8
10
9
11
11
12
12
12
13
14
14
15
14
15
14
15
14
14
14
13
12
11
10
10
8
7
5
4
4
2
1
-1
-1
-3
-4
-5
-6
-7
-8
-9
-9
-9
-10
-10
-9
-10
-9
-9
-10
-10
-10
-8
-9
-9
-9
-8
-8
-8
-7
-7
-6
-7
-6
-6
-5
-4
-5
-4
-4
-4
-4
-4
-3
-2
-2
-2
-1
-1
0
2
1
2
3
4
4
4
6
6
6
7
7
8
8
8
9
8
9
9
8
9
9
8
8
8
8
7
7
7
7
6
5
5
5
4
4
3
2
2
2
1
1
0
-1
-2
-2
-3
-4
-5
-6
-6
-7
-7
-8
-8
-8
-8
-9
-10
-9
-9
-10
-10
-10
-10
-10
-10
-9
-10
-11
-10
-9
-8
-8
-8
-8
-7
-7
-7
-5
-5
-4
-4
-3
-2
-1
1
1
1
3
4
5
6
6
7
8
9
8
9
10
9
11
11
11
11
11
11
11
10
10
10
10
10
10
10
10
9
8
8
8
7
7
7
7
7
6
6
5
4
4
4
3
3
2
1
1
-1
0
-2
-2
-2
-4
-5
-5
-6
-6
-7
-7
-8
-8
-8
-8
-9
-10
-10
-11
-10
-11
-11
-11
-11
-11
-10
-10
-10
-10
-9
-8
-8
-7
-6
-6
-5
-4
-3
-4
-2
-1
0
0
1
1
2
2
3
4
4
4
5
5
5
5
6
7
6
6
6
7
6
6
6
6
7
5
6
5
5
5
5
5
5
4
4
4
3
4
4
3
3
3
2
1
3
2
1
2
1
0
0
1
0
0
0
-1
-1
-1
-1
-2
-1
-3
-2
-2
-3
-4
-3
-3
-3
-3
-3
-4
-3
-3
-4
-3
-3
-3
-3
-2
-3
-3
-2
-1
-2
-2
-1
-2
0
-1
-1
-1
0
-1
0
0
0
0
1
1
1
0
0
1
0
1
1
0
1
2
0
0
1
1
0
1
1
2
1
1
1
1
1
0
0
0
1
0
1
1
0
0
1
0
1
0
0
0
0
0
0
0
-1
0
0
0
0
-1
0
0
0
0
0
0
0
-1
-1
0
-1
-1
0
0
-1
0
-1
0
-1
0
0
0
0
0
0
0
-1
-1
-1
1
0
0
0
0
0
1
0
0
0
0
0
0
1
0
1
1
0
0
0
-1
0
1
1
0
0
1
1
0
0
0
0
1
0
0
0
0
0
1
0
1
1
0
1
0
0
0
0
0
1
0
0
0
0
0
0
0
0
-1
-1
0
0
-1
-1
-1
-1
-1
0
-1
-1
0
-1
0
0
0
0
1
0
0
0
-1
1
0
0
0
0
0
0
-1
0
0
0
0
0
0
0
0
0
0
0
1
0
0
0
0
0
0
0
0
-1
1
0
0
0
0
0
0
0
0
0
0
0
1
0
0
0
0
0
0
0
-1
0
-1
0
0
0
0
-1
0
-1
0
1
0
-1
0
0
0
0
1
0
0
0
0
0
0
-1
0
0
0
0
-1
0
0
0
1
0
1
1
0
0
0
0
0
0
0
0
0
0
1
0
1
0
0
0
0
0
0
0
1
0
0
0
1
0
1
1
0
0
1
0
-1
0
0
1
0
0
0
0
0
0
0
0
0
0
0
0
0
-1
0
0
0
0
0
0
0
0
0
-1
0
1
0
0
0
0
0
0
0
-1
1
0
0
0
1
0
1
0
0
0
0
0
0
0
-1
0
1
0
0
0
1
0
0
0
0
-1
1
1
0
0
1
0
0
0
0
0
0
0
0
-1
0
0
0
0
1
0
0
0
0
0
0
-1
-1
1
0
0
1
0
0
-1
0
-1
1
0
1
0
0
0
0
1
-1
0
0
0
0
0
0
0
0
0
0
0
0
0
0
-1
0
0
0
0
1
0
0
0
0
0
0
0
0
-1
0
0
0
-1
0
0
1
0
-1
0
0
0
0
1
1
1
0
0
-1
0
0
-1
0
0
0
0
-1
0
0
0
0
0
0
1
0
0
0
0
0
1
0
0
0
0
0
0
0
-1
1
-1
0
-1
0
0
0
0
0
0
0
0
0
0
0
0
0
0
1
0
0
0
0
0
0
0
0
0
0
0
0
0
0
-1
0
0
0
1
0
0
0
0
-1
0
-1
0
1
0
0
1
0
0
0
0
0
0
0
0
0
0
1
-1
0
-1
0
0
-1
0
0
0
0
-1
0
0
0
0
0
1
0
0
0
0
0
0
0
-1
0
0
0
0
0
0
-1
0
0
0
0
0
0
-1
0
-1
0
-1
0
0
1
0
0
0
0
0
0
0
0
0
0
0
0
1
0
0
0
0
1
0
-1
0
1
0
0
0
0
0
0
0
-1
-1
0
0
0
1
0
-1
0
0
-1
0
0
0
-1
0
0
1
0
0
0
0
0
0
1
0
0
0
0
1
0
0
0
1
1
0
0
0
0
0
0
1
0
1
0
0
0
1
0
0
0
-1
1
1
0
-1
0
0
0
0
0
0
0
0
0
0
0
1
0
1
0
0
0
0
0
-1
0
1
0
0
-1
0
-1
0
0
-1
0
0
0
0
0
0
0
0
0
0
0
0
0
0
0
0
0
0
0
0
0
0
0
0
0
0
0
0
0
0
0
0
0
-1
0
0
0
0
0
0
0
-1
0
0
1
0
0
0
0
0
0
0
0
0
0
0
0
0
0
0
0
0
0
0
1
-1
0
0
0
0
0
0
0
1
0
0
0
0
0
-1
0
0
0
0
0
0
0
0
0
0
-1
-1
-1
-1
0
-1
0
0
0
0
0
0
-1
-1
0
-1
0
0
0
-1
0
0
0
0
0
0
0
1
0
0
0
0
0
0
0
0
0
0
1
1
0
0
0
0
0
0
0
0
0
0
0
1
0
0
0
0
0
1
1
0
0
0
0
0
-1
0
0
0
0
0
0
1
0
0
1
0
0
0
1
0
0
1
0
1
1
0
0
0
0
0
0
0
0
0
0
1
0
1
1
-1
0
0
0
0
0
0
0
0
0
0
0
1
0
0
1
0
0
0
1
0
0
0
-1
0
0
0
0
0
0
0
0
0
0
1
0
0
0
-1
-1
0
0
0
0
0
0
0
0
0
0
-1
0
1
0
0
0
0
0
0
0
-1
0
1
0
0
0
0
-1
0
-1
-1
0
0
0
0
1
0
0
0
0
0
0
0
0
1
1
0
1
-1
0
0
0
0
0
0
0
0
0
0
0
0
0
0
0
0
0
0
0
0
0
0
0
0
0
0
0
0
-1
1
0
1
0
0
1
0
0
0
0
0
1
-1
0
0
0
0
0
1
0
0
-1
0
0
0
-1
1
0
0
1
-1
-1
0
0
0
0
0
0
0
0
0
0
0
-1
0
0
0
1
0
0
0
0
1
0
-1
-1
0
0
0
-1
0
0
0
0
0
-1
0
0
0
0
-1
0
0
0
0
0
0
0
0
0
0
0
0
0
0
-1
0
0
0
0
0
0
0
0
0
1
0
-1
0
0
0
0
0
0
0
0
0
0
0
0
0
0
0
0
0
0
0
-1
0
0
0
0
0
0
0
0
0
0
0
0
0
1
0
0
0
0
0
0
0
1
0
0
0
1
1
0
0
0
-1
1
1
0
0
0
0
0
0
0
1
0
0
0
1
0
0
0
0
0
-1
0
0
0
0
1
0
0
0
0
0
-1
-1
-1
0
0
0
0
-1
0
0
0
0
0
0
0
0
0
1
0
1
0
0
0
0
0
0
1
-1
0
1
-1
0
0
0
0
0
0
0
-1
0
0
0
-1
0
-1
0
0
0
0
0
-1
0
0
0
0
0
0
-1
0
0
0
0
0
0
0
0
-1
-1
0
0
0
0
0
1
0
0
0
0
0
-1
0
0
0
0
0
0
0
0
0
1
0
1
0
0
1
-1
1
0
0
0
-1
-1
0
0
0
-1
0
-1
0
0
0
-1
0
0
0
0
1
0
0
0
0
0
0
1
0
1
0
0
0
0
0
0
1
0
0
0
1
1
0
0
0
0
0
0
0
0
-1
1
0
0
0
0
0
0
0
1
0
0
-1
0
0
0
-1
-1
0
0
1
0
-1
0
0
0
0
0
0
-1
-1
0
0
-1
1
0
1
0
0
0
0
0
0
1
0
0
0
-1
0
0
0
0
0
1
-1
0
0
0
0
0
0
0
0
0
1
0
0
0
0
0
0
-1
0
0
-1
0
0
-1
0
0
0
0
0
0
0
0
1
0
0
-1
1
0
0
-1
-1
0
0
0
1
-1
0
0
0
-1
1
0
0
0
1
-1
0
0
0
0
0
0
0
0
0
0
0
-1
0
0
0
0
0
0
0
0
0
0
1
-1
0
0
-1
1
0
0
0
0
0
0
0
0
0
0
0
0
0
0
-1
0
0
0
0
0
0
0
-1
0
0
0
-1
0
0
-1
-1
0
0
0
0
0
1
1
-1
0
-1
0
0
0
0
0
0
0
0
1
0
0
0
0
-1
1
0
0
1
0
0
0
0
0
1
1
0
0
0
0
0
-1
0
-1
1
0
1
0
0
1
0
0
1
0
0
0
1
-1
-1
1
0
0
0
-1
0
0
1
0
0
0
0
0
0
-1
0
0
0
-1
0
0
1
1
-1
0
0
0
0
0
0
0
0
0
-1
1
0
0
1
0
0
0
0
1
-1
0
0
0
0
-1
1
0
0
-1
0
0
0
0
0
-1
0
-1
1
0
0
1
0
0
0
0
0
0
0
0
-1
0
0
0
1
0
1
0
0
0
0
-1
0
0
1
1
0
0
0
-1
-1
0
0
0
-1
0
0
1
0
1
0
0
1
0
0
1
0
0
0
0
0
0
0
0
0
0
0
-1
1
0
0
0
0
0
0
0
0
0
0
-1
0
-1
0
0
0
0
0
-1
0
0
0
1
0
0
0
0
0
0
0
0
0
-1
1
1
-1
0
0
0
0
0
0
0
0
0
0
0
0
0
-1
0
0
0
0
0
0
0
0
-1
0
0
0
0
-1
0
-1
0
0
0
0
0
-1
0
0
-1
0
0
0
1
0
0
0
0
0
0
1
0
0
0
0
0
1
0
0
0
1
1
0
0
0
0
0
0
0
0
1
1
1
0
0
-1
0
0
0
-1
-1
0
0
0
0
0
0
0
0
0
0
0
0
0
0
0
0
0
0
0
0
0
1
1
1
0
-1
0
0
0
0
0
0
1
-1
-1
0
0
0
0
0
1
0
-1
0
0
0
0
0
0
0
0
-1
0
0
0
0
1
0
0
0
0
0
-1
1
1
0
0
0
0
1
0
0
0
0
0
0
0
0
0
0
0
0
1
0
0
0
0
0
0
1
0
0
0
0
0
0
0
0
0
0
1
0
-1
0
0
0
0
-1
0
0
0
0
0
0
-1
0
0
-1
0
0
0
-1
1
0
0
0
0
0
0
0
0
0
0
0
0
0
-1
0
-1
0
0
0
0
0
0
0
0
0
1
0
0
0
0
0
0
0
0
0
0
0
1
0
0
0
0
0
0
0
0
0
-1
0
0
1
0
0
0
0
0
0
0
1
0
0
0
0
0
0
-1
0
1
0
0
0
0
0
0
0
0
-1
0
0
0
0
0
0
0
0
1
0
-1
0
1
0
0
-1
0
0
0
0
-1
0
0
0
0
1
0
0
0
0
0
0
0
0
-1
0
0
0
0
0
0
0
0
0
1
0
0
0
0
0
1
0
0
1
0
1
-1
0
0
0
0
0
0
0
0
-1
0
-1
-1
0
0
0
0
0
0
0
0
0
0
-1
0
-1
0
0
0
0
0
0
-1
0
0
0
0
0
0
0
0
0
0
0
0
0
0
0
0
0
1
1
0
-1
0
0
0
0
0
0
0
0
0
0
0
0
0
0
0
0
1
0
0
0
0
0
1
0
0
0
0
0
0
0
-1
-1
0
0
0
0
0
-1
-1
0
0
0
-1
1
0
0
-1
0
0
0
0
0
0
0
0
0
0
0
0
0
0
0
0
1
0
0
-1
0
0
0
0
0
0
1
0
0
-1
-1
0
0
0
0
-1
0
0
0
0
0
1
0
0
1
0
1
0
0
0
0
0
0
-1
0
0
0
0
0
0
1
0
0
0
0
0
0
-1
-1
0
-1
0
0
0
0
0
0
0
0
0
0
0
0
0
0
-1
0
0
0
0
1
0
0
0
0
0
0
0
0
0
0
-1
1
-1
0
0
0
0
0
0
0
0
1
0
1
0
0
0
1
-1
0
0
0
0
0
0
0
0
0
0
-1
0
0
0
0
1
1
0
1
0
0
0
0
0
0
0
0
0
0
-1
-1
-1
-1
0
0
0
0
0
-1
0
0
0
0
0
-1
0
-1
0
1
0
0
1
0
0
-1
0
-1
0
0
0
-1
0
1
-1
0
0
0
0
-1
0
1
0
-1
1
1
0
1
-1
0
0
1
0
0
-1
1
0
0
1
0
0
0
0
1
0
0
0
0
1
0
-1
0
-1
0
1
0
1
-1
0
1
0
0
0
0
0
-1
0
0
0
0
0
0
0
0
0
0
-1
0
1
0
1
0
-1
0
0
1
0
0
0
0
0
0
-1
0
-1
0
0
0
0
0
0
0
1
0
1
0
0
0
0
0
-1
0
0
0
0
0
-1
0
0
0
0
0
0
1
0
0
0
0
1
0
0
0
0
0
0
0
0
0
-1
0
1
0
0
0
0
0
0
0
0
0
0
0
0
0
0
0
-1
1
0
0
0
-1
0
0
0
1
0
0
0
-1
0
0
0
0
1
1
0
1
0
0
-1
0
-1
0
0
0
0
0
0
0
0
0
0
