-1
-1
0
0
0
0
-1
0
1
0
1
0
0
0
0
-1
0
0
0
-1
0
0
0
0
0
0
0
0
-1
0
0
0
1
0
1
0
-1
0
1
0
0
-1
0
0
0
0
0
0
1
0
1
0
0
0
0
0
1
0
1
0
0
0
1
0
0
0
0
0
-1
0
0
0
0
0
0
0
0
0
-1
0
0
0
0
0
0
0
0
0
0
1
0
1
0
0
1
0
0
1
0
0
1
0
0
1
0
0
0
0
0
0
0
0
0
0
0
1
0
0
-1
0
0
-1
0
-1
0
0
1
1
0
0
0
-1
0
0
0
0
0
0
1
0
0
-1
0
0
0
0
-1
0
1
0
0
0
0
0
-1
0
0
0
0
0
0
0
1
0
0
0
0
0
-1
0
0
0
0
0
1
0
0
0
0
0
0
0
1
0
-1
0
-1
1
0
0
0
0
-1
0
-1
0
0
0
0
-1
1
0
0
0
1
0
-1
0
1
1
0
-1
0
0
0
0
0
0
0
0
-1
0
0
0
0
1
-1
0
0
-1
0
0
0
0
0
1
1
0
0
0
-1
-1
0
0
0
1
0
0
0
0
0
0
1
0
0
-1
0
0
1
0
0
0
0
0
1
0
0
-1
0
0
0
0
0
0
0
0
1
0
0
0
0
0
0
0
0
1
0
0
0
0
0
0
-1
0
0
0
0
1
0
0
1
0
0
0
1
-1
0
-1
0
0
0
1
0
0
0
0
0
0
1
0
0
0
0
0
0
0
0
0
-1
0
0
0
1
0
0
0
1
0
0
0
0
0
0
0
0
0
0
1
0
1
0
-1
0
0
-1
0
0
0
-1
0
0
0
-1
0
-1
1
-1
1
0
0
0
0
0
1
0
1
0
0
0
0
0
0
0
0
0
0
0
1
0
0
-1
0
0
0
0
0
0
0
0
0
0
-1
0
0
1
0
0
-1
0
0
0
0
0
0
0
0
-1
0
1
0
0
0
0
1
0
0
0
0
0
-1
0
0
-1
0
0
0
0
0
0
0
0
0
0
0
1
1
1
1
0
0
-1
1
0
0
0
0
0
0
0
0
0
0
0
0
1
0
0
1
0
1
0
0
1
0
0
0
0
1
0
0
-1
0
0
1
1
0
0
-1
0
-1
-1
0
0
0
1
1
0
-1
0
1
0
0
0
0
1
0
1
-1
0
1
0
0
0
-1
0
0
0
1
0
-1
0
-1
-1
0
0
1
0
0
0
1
1
0
0
1
1
-1
0
-1
0
0
0
1
0
0
0
0
-1
0
0
-1
0
0
-1
-1
1
0
0
0
0
-1
0
1
0
0
0
-1
1
0
1
0
1
-1
0
0
0
-1
0
0
0
0
0
0
0
0
0
0
0
0
0
0
0
0
0
1
0
0
0
0
1
0
0
0
0
0
0
0
0
0
0
0
0
0
0
0
0
0
0
0
0
1
0
0
0
0
-1
0
0
1
0
0
0
0
0
-1
0
0
0
0
0
0
-1
0
0
-1
0
0
0
-1
0
0
0
0
-1
0
0
0
0
0
0
0
0
0
0
0
0
0
0
0
-1
0
0
0
-1
0
-1
0
-1
0
0
0
0
1
0
0
0
0
-1
1
0
0
0
0
0
1
0
0
0
0
0
0
1
0
0
0
0
-1
0
-1
0
0
0
0
0
0
0
0
0
0
0
0
0
0
0
0
0
1
0
1
1
0
1
0
0
0
0
0
1
0
1
0
0
0
1
0
0
-1
0
0
1
0
-1
0
0
0
0
-1
-1
1
0
0
1
0
0
1
0
0
0
-1
1
0
0
0
0
0
0
-1
0
0
0
0
0
0
0
0
0
0
0
0
0
0
0
0
0
0
0
0
-1
0
-1
0
-1
0
0
0
0
0
-1
0
-1
1
0
0
0
0
0
-1
0
-1
0
-1
0
0
0
0
-1
0
-1
0
1
0
0
0
0
0
0
1
0
0
0
0
0
0
-1
0
0
0
0
0
0
0
0
1
0
1
1
0
0
0
0
0
0
0
0
0
0
1
0
1
0
0
0
0
0
0
0
1
0
0
0
1
0
1
1
0
0
0
0
-1
0
0
1
0
0
0
0
0
0
0
0
0
0
0
0
0
-1
0
0
0
0
0
0
0
0
0
-1
0
1
0
0
0
0
0
0
0
-1
1
0
0
0
1
0
1
0
0
0
0
0
0
0
-1
0
1
0
0
0
1
0
0
0
0
-1
1
1
0
0
1
0
0
0
0
0
0
0
0
-1
0
0
0
0
1
0
0
0
0
0
0
-1
-1
1
0
0
1
0
0
-1
0
-1
1
0
1
0
0
0
0
1
-1
0
0
0
0
0
0
0
0
0
0
0
0
0
0
-1
0
0
0
0
1
0
0
0
0
0
0
0
0
-1
0
0
0
-1
0
0
1
0
-1
0
0
0
0
1
1
1
0
0
-1
0
0
-1
0
0
0
0
-1
0
0
0
0
0
0
1
0
0
0
0
0
1
0
0
0
0
0
0
0
-1
1
-1
0
-1
0
0
0
0
-1
0
0
0
0
0
0
0
0
0
1
0
0
0
0
0
0
0
0
0
0
0
0
0
0
-1
0
0
0
1
0
0
0
0
-1
0
-1
0
1
0
0
1
0
0
0
0
0
0
0
0
0
0
1
-1
0
-1
0
0
-1
0
0
0
0
-1
0
0
0
0
0
1
0
0
0
0
0
0
0
-1
0
0
0
0
0
0
-1
0
0
0
0
0
0
-1
0
-1
0
0
0
0
1
0
0
0
0
0
0
0
0
0
0
0
0
1
0
0
0
0
1
0
-1
0
1
0
0
0
0
0
0
0
-1
-1
0
0
0
1
0
-1
0
0
-1
0
0
0
-1
0
0
1
0
0
0
0
0
0
1
0
0
0
0
1
0
0
0
1
1
0
0
0
0
0
0
1
0
1
0
0
0
1
0
0
0
-1
1
1
0
-1
0
0
0
0
0
0
0
0
0
0
0
1
0
1
0
0
0
0
0
-1
0
1
0
0
-1
0
-1
0
0
-1
0
0
0
0
0
0
0
0
0
0
0
0
0
0
0
0
0
0
0
0
0
0
0
0
0
0
0
0
0
0
0
0
0
-1
0
0
0
0
0
0
0
-1
0
0
0
0
0
0
0
0
0
0
0
0
0
0
0
0
0
0
0
0
0
0
1
-1
0
0
0
0
0
0
0
1
0
0
0
0
0
-1
0
0
0
0
0
0
0
0
0
0
-1
-1
-1
-1
0
-1
0
0
0
0
0
0
-1
-1
0
-1
0
0
0
-1
0
0
0
0
0
0
0
1
0
0
0
0
0
0
0
0
0
0
1
1
0
0
0
0
0
0
0
0
0
0
0
1
0
0
0
0
0
1
1
0
0
0
0
0
-1
0
0
0
0
0
0
1
0
0
1
0
0
0
1
0
0
1
0
1
1
0
0
0
0
0
0
0
0
0
0
1
0
1
1
-1
0
0
0
0
0
0
0
0
0
0
0
1
0
0
1
0
0
0
1
0
0
0
-1
0
0
0
0
0
0
0
0
0
0
1
0
0
0
-1
-1
0
0
0
0
0
0
0
0
0
0
-1
0
1
0
0
0
0
0
0
0
-1
0
1
0
0
0
0
-1
0
-1
-1
0
0
0
0
1
0
0
0
0
0
0
0
0
1
1
0
1
-1
0
0
0
0
0
0
0
0
0
0
0
0
0
0
0
0
0
0
0
0
0
0
0
0
0
0
0
0
-1
1
0
1
0
0
1
0
0
0
0
0
1
-1
0
0
0
0
0
1
0
0
-1
0
0
0
0
1
0
0
1
-1
-1
0
0
0
0
0
0
0
0
0
0
0
-1
0
0
0
1
0
0
0
0
1
0
-1
-1
0
0
0
-1
0
0
0
0
0
-1
0
0
0
0
-1
0
0
0
0
0
0
0
0
0
0
0
0
0
0
-1
0
0
0
0
0
0
0
0
0
1
0
-1
0
0
0
0
0
0
0
0
0
0
0
0
0
0
0
0
0
0
0
-1
0
0
0
0
0
0
0
0
0
0
0
0
0
1
0
0
0
0
0
0
0
1
0
0
0
1
1
0
0
0
-1
1
1
0
0
0
0
0
0
0
1
0
0
0
1
0
0
0
0
0
-1
0
0
0
0
0
0
0
0
0
0
-1
-1
-1
0
0
0
0
-1
0
0
0
0
0
0
0
0
0
1
0
1
0
0
0
0
0
0
1
-1
0
1
-1
0
0
0
0
0
0
0
-1
0
0
0
-1
0
-1
0
0
0
0
0
-1
0
0
0
0
0
0
-1
0
0
0
0
0
0
0
0
-1
-1
0
0
0
0
0
1
0
0
0
0
0
-1
0
0
0
0
0
0
0
0
0
1
0
1
0
0
1
-1
1
0
0
0
-1
-1
0
0
0
-1
0
-1
0
0
0
-1
0
0
0
0
1
0
0
0
0
0
0
1
0
1
0
0
0
0
0
0
1
0
0
0
1
1
0
0
0
0
0
0
0
0
-1
1
0
0
0
0
0
0
0
1
0
0
-1
0
0
0
-1
-1
0
0
1
0
0
0
0
0
0
0
0
-1
-1
1
0
0
1
0
1
0
0
0
0
-1
1
1
-1
0
0
-1
0
0
-1
0
0
1
0
-1
0
0
1
0
0
0
-1
1
0
0
0
0
-1
0
1
-2
1
0
-1
0
0
-1
0
1
-2
1
1
-2
1
0
0
2
0
-1
2
0
-1
0
-1
0
0
0
0
0
0
-2
1
-1
0
1
1
-1
1
1
-1
0
0
-1
0
0
0
1
-1
1
-1
0
1
-2
1
2
-2
0
2
-2
2
-2
2
0
-2
0
1
0
-2
4
-4
1
1
-1
1
-2
1
2
-3
1
2
-4
2
-1
-2
4
-3
-1
4
-3
-2
4
-2
-1
2
-1
-1
1
-1
-3
3
-1
-1
1
2
-4
4
0
-5
4
-2
-1
2
0
-3
5
-4
1
3
-3
0
2
0
-3
3
1
-3
3
0
-2
2
0
0
1
1
-3
2
-2
1
-2
0
1
-1
2
-2
3
-2
0
2
-1
1
-2
3
-2
0
2
-2
1
-1
3
-3
1
0
0
-1
3
1
-6
8
-4
0
0
2
-3
2
2
-5
7
-4
1
1
1
-3
2
3
-6
4
0
-3
3
-2
-2
6
-5
-1
6
-3
-6
8
0
-7
7
-1
-2
1
1
0
-1
1
-1
1
-3
2
1
-5
4
-2
-3
5
0
-4
3
4
-8
3
4
-3
-2
4
0
-3
1
1
1
-3
4
0
-1
0
0
2
-6
6
0
-5
7
-2
-4
5
1
-10
8
2
-9
4
1
0
-4
6
-2
-3
6
-6
1
5
-5
1
1
-1
-2
5
-2
-6
8
-1
-8
6
2
-8
7
-1
-1
0
2
1
-6
7
-2
-4
3
-1
2
-8
8
0
-6
6
-3
-2
-1
8
-11
2
12
-18
15
-8
-2
6
-2
-3
-4
16
-17
9
1
-5
1
4
-4
1
0
-3
10
-16
8
1
-1
-5
2
6
-8
-1
12
-14
2
9
-14
15
-16
7
7
-14
7
-1
-1
1
-1
0
3
-7
11
-14
10
0
-10
14
-6
-6
10
0
-10
9
-7
12
-18
11
9
-30
35
-17
-11
24
-10
-14
25
-8
-17
28
-16
-5
11
1
-8
-2
23
-28
12
14
-29
20
2
-14
-1
29
-47
36
-2
-29
34
-14
-3
-1
16
-20
13
-5
2
0
-3
3
-6
13
-19
18
-10
-3
17
-22
12
10
-25
13
14
-31
31
-21
11
3
-17
19
-12
9
-14
19
-10
-6
20
-20
1
25
-33
18
3
-17
26
-33
24
-3
-18
27
-19
2
14
-16
5
-3
14
-18
3
22
-27
10
9
-6
-7
9
5
-20
16
7
-28
26
-7
-9
4
12
-14
-4
27
-39
36
-17
-11
30
-23
1
15
-14
7
0
-8
14
-14
12
-6
-6
21
-15
-22
59
-61
24
22
-49
47
-25
0
18
-25
19
-4
-15
31
-39
22
15
-39
26
15
-51
57
-34
3
25
-54
69
-55
20
9
-17
12
-7
5
-12
23
-23
9
12
-24
24
-17
9
-6
15
-22
14
1
-17
36
-57
59
-30
-8
18
0
-5
-22
47
-40
9
21
-36
27
-4
-5
-4
4
8
-9
4
-16
32
-17
-18
28
1
-27
16
10
-13
-7
12
17
-56
60
-21
-25
41
-22
-3
15
-4
-17
23
2
-30
28
-12
8
-9
15
-39
72
-61
-11
93
-112
60
-10
24
-61
38
38
-92
91
-59
20
-1
19
-50
51
-20
-20
67
-105
111
-93
70
-40
-1
27
-29
26
-33
54
-79
89
-68
17
38
-55
33
-14
24
-46
56
-43
12
24
-39
27
-14
23
-37
46
-58
68
-36
-36
84
-73
38
-33
33
0
-41
36
7
-35
26
16
-63
72
-36
-1
10
-12
17
-16
-4
46
-72
42
27
-67
41
5
-2
-37
53
-36
24
-25
15
17
-42
35
-4
-12
6
-7
21
-9
-29
51
-47
30
-8
-6
-14
41
-31
4
5
-11
36
-65
65
-27
-26
45
-13
-34
61
-60
32
15
-54
62
-31
-17
50
-55
30
18
-64
77
-55
0
72
-107
70
6
-76
108
-85
24
28
-50
47
-9
-54
90
-70
22
17
-44
63
-56
21
0
13
-33
54
-82
83
-20
-69
104
-68
8
43
-83
86
-41
6
-23
49
-36
8
12
-49
99
-130
111
-44
-24
31
17
-47
18
33
-54
55
-55
36
-5
-5
6
-17
21
-1
-3
-33
65
-62
40
1
-62
108
-107
81
-50
20
7
-17
29
-85
155
-152
47
70
-111
72
-16
-15
10
23
-62
72
-57
43
-7
-95
205
-203
74
56
-81
10
55
-42
-15
68
-112
135
-100
25
37
-53
37
-33
53
-51
-9
76
-73
1
50
-38
-4
33
-11
-61
97
-40
-37
54
-24
10
-38
82
-103
70
6
-79
97
-55
5
20
-3
-43
69
-53
-2
84
-144
139
-88
44
-14
-18
76
-166
205
-115
-12
46
2
-34
23
-19
0
63
-108
69
26
-96
52
72
-126
62
8
-27
21
-13
-6
48
-80
60
-33
44
-53
-7
122
-180
120
-18
-41
45
-44
57
-40
7
-12
56
-68
-6
133
-205
168
-80
31
-21
-8
76
-136
147
-115
90
-70
11
82
-131
105
-55
31
-34
26
-3
4
2
-60
115
-110
82
-63
26
34
-69
67
-74
109
-119
74
-12
-47
100
-115
103
-83
38
43
-121
129
-96
96
-104
66
-15
-26
79
-126
133
-124
112
-65
4
11
-12
54
-92
54
39
-69
-8
113
-149
91
-20
19
-42
-12
110
-145
106
-54
35
-59
60
20
-126
175
-157
126
-89
-4
109
-131
60
29
-20
-97
174
-110
-50
179
-179
95
-15
-53
106
-101
31
29
-17
-30
51
-11
-62
94
-71
34
-7
-16
19
9
-17
-5
6
22
-65
67
30
-141
139
-31
-42
-15
90
-31
-106
148
-50
-62
68
16
-71
37
35
-81
73
-39
16
10
-43
25
38
-39
-34
79
-70
52
-21
-17
3
48
-27
-110
247
-192
-20
137
-93
21
5
-4
-14
60
-120
150
-132
41
93
-146
65
66
-135
112
-6
-129
172
-93
-37
150
-187
96
93
-242
271
-206
29
194
-268
163
-32
-21
32
-30
-34
127
-132
42
55
-77
15
42
-31
13
-38
48
24
-100
94
-47
17
-38
99
-111
24
83
-103
71
-82
91
-30
-33
9
51
-40
-61
150
-133
58
-40
93
-90
-19
119
-109
8
83
-81
3
44
-37
65
-116
57
95
-133
-33
205
-191
57
20
20
-102
120
-52
-26
54
-54
89
-169
186
-85
1
-33
79
-35
-59
121
-121
83
-54
72
-91
13
116
-130
39
8
34
-96
96
-27
-60
147
-200
199
-154
8
159
-158
15
134
-179
61
97
-152
93
8
-76
80
-18
-42
35
-5
35
-104
114
-17
-103
163
-159
92
-11
-46
66
-8
-78
102
-79
18
68
-113
112
-118
143
-159
90
68
-155
75
65
-99
2
96
-106
77
-55
57
-58
11
40
-16
-37
42
36
-171
224
-125
-3
66
-103
153
-193
164
-60
-48
67
-2
2
-115
183
-108
-38
144
-148
79
-36
46
-67
29
103
-222
217
-139
60
12
-81
150
-185
163
-119
101
-85
18
89
-160
151
-126
137
-143
97
-12
-56
82
-95
112
-75
-12
82
-100
47
11
-45
59
-7
-55
33
20
-30
1
30
-38
7
71
-130
96
-6
-83
131
-92
-6
48
-6
-13
-32
66
-22
-95
150
-41
-108
90
68
-151
73
72
-157
96
83
-175
63
77
-102
72
-38
-9
69
-92
56
29
-120
112
19
-125
82
55
-137
113
-42
8
-29
2
104
-177
111
48
-103
-28
173
-142
-20
125
-76
-39
83
-64
73
-113
123
-73
1
53
-96
164
-234
217
-71
-123
170
-26
-123
110
38
-142
111
-4
-101
150
-127
22
104
-152
96
-7
-30
28
-41
56
-16
-50
35
81
-197
160
9
-151
164
-82
36
-57
74
-74
86
-110
62
120
-314
325
-169
-13
122
-155
202
-208
73
138
-221
76
71
-43
-69
88
32
-122
70
32
-22
-84
85
95
-235
142
44
-90
-22
74
36
-158
203
-192
137
-32
-78
141
-203
227
-145
9
91
-144
198
-241
198
-37
-137
164
-31
-51
-37
149
-148
99
-47
-3
43
-69
34
38
-68
44
28
-158
279
-263
68
130
-197
165
-113
97
-79
-42
238
-312
176
-13
-19
-10
-39
108
-109
103
-128
170
-154
63
61
-130
130
-124
98
-18
-127
223
-148
-1
87
-54
27
-76
84
-42
26
-75
117
-99
40
30
-101
145
-129
67
4
-8
-100
189
-134
-44
194
-201
102
-11
49
-202
283
-179
-27
175
-156
50
-2
71
-170
182
-79
-41
130
-152
72
24
-102
136
-67
-68
146
-123
42
-14
20
-71
140
-147
62
39
-139
195
-127
56
-42
93
-90
24
-18
33
-20
33
-51
49
42
-213
260
-113
-61
91
-4
-47
37
-85
156
-119
-78
295
-305
53
262
-360
135
161
-308
213
3
-203
257
-119
-81
240
-284
159
41
-111
2
126
-103
-50
213
-237
113
72
-158
120
37
-162
129
16
-146
159
-73
-67
144
-80
-60
156
-143
41
124
-239
185
-87
18
-21
-33
120
-152
130
-77
34
-12
-3
68
-127
86
29
-99
100
-78
102
-108
153
-125
-9
177
-269
181
-28
-71
26
24
-43
18
58
-104
136
-138
77
-32
26
-23
-22
90
-142
194
-171
60
19
43
-136
142
-55
-37
107
-165
194
-148
50
27
-16
-74
65
125
-287
233
-26
-138
127
-73
41
-53
29
38
-88
103
-177
272
-125
-122
240
-150
-24
104
-16
-189
289
-200
26
129
-243
291
-235
103
42
-160
148
71
-231
138
67
-157
71
63
-124
77
-19
-2
75
-179
179
-76
23
-46
33
25
-96
111
-48
-50
47
17
-70
68
-63
-17
131
-107
-15
143
-144
20
121
-142
74
26
-97
110
-23
-124
262
-265
60
238
-419
313
-8
-215
200
-20
-150
93
101
-261
268
-62
-170
196
-30
-181
221
-26
-193
259
-136
-123
254
-52
-261
333
-63
-330
446
-159
-207
335
-215
-33
219
-179
23
150
-237
193
-71
27
-80
41
49
-82
32
-3
67
-196
285
-198
-48
224
-169
-46
183
-70
-161
277
-187
-9
112
-102
67
-38
44
-71
114
-104
0
173
-310
271
-104
-55
132
-192
201
-98
-94
236
-147
-153
400
-340
76
169
-239
181
-53
-89
116
-20
-87
74
34
-120
153
-141
88
-46
-69
179
-108
-51
41
109
-192
125
36
-105
10
89
1
-161
113
62
-130
78
45
-89
103
-114
102
-74
10
29
14
-65
-27
186
-214
88
22
-11
-120
177
-84
-102
192
-97
-14
78
-62
19
34
-68
45
-2
-42
14
112
-220
228
-97
-125
298
-328
178
7
-31
-60
52
123
-268
223
-59
-74
77
64
-250
302
-142
-123
393
-494
317
-86
-2
4
27
-28
-80
115
-96
87
-98
164
-247
258
-87
-145
275
-217
77
114
-240
152
61
-266
287
-128
-17
4
123
-162
74
30
-43
50
-113
165
-184
140
-160
171
-71
-92
232
-221
130
-107
165
-179
61
59
-121
99
-55
39
-14
43
-3
-85
119
-91
31
-11
28
-34
-45
135
-142
134
-132
97
-15
-30
-10
43
18
-155
250
-162
-38
69
52
-146
134
-76
41
-47
1
145
-282
201
-4
-77
54
47
-145
165
-16
-234
404
-359
100
134
-113
-74
207
-128
-114
330
-342
159
9
-24
-43
63
5
-132
146
-12
-117
69
70
-137
68
77
-166
56
115
-156
101
65
-219
281
-153
-34
86
-62
36
-79
203
-289
207
-41
-77
116
-102
111
-131
164
-166
55
53
-84
109
-26
-152
145
32
-117
77
-54
131
-272
289
-126
-56
85
14
-29
-71
142
-174
138
-31
-18
-48
85
-64
21
83
-191
201
-96
-21
89
18
-164
152
86
-297
315
-138
-99
169
-119
0
76
-93
17
13
-37
84
-91
27
106
-174
144
61
-195
74
228
-435
328
10
-378
496
-221
-213
424
-308
-53
308
-178
-235
558
-439
-44
492
-507
130
148
-93
-226
457
-325
-40
360
-346
88
165
-133
-153
339
-238
-9
171
-188
4
151
-173
55
149
-234
255
-176
25
21
49
-142
86
13
-55
66
-94
137
-215
248
-114
-53
142
-145
143
-129
89
-76
172
-225
119
95
-182
27
196
-231
32
191
-192
83
-28
70
-221
322
-302
153
54
-288
375
-179
-49
53
46
-108
54
148
-274
159
65
-173
64
125
-218
109
104
-209
166
-27
-72
46
122
-338
373
-227
-95
318
-242
100
-28
19
-4
-116
247
-280
253
-162
56
78
-190
301
-380
329
-84
-160
190
108
-331
192
201
-536
486
-82
-296
291
71
-442
418
56
-560
561
-75
-383
451
-20
-470
598
-381
-35
348
-399
255
-19
-23
2
-14
-47
-5
-75
73
5
-124
136
29
-220
243
-112
-129
198
-170
113
-44
-5
84
-198
259
-161
42
121
-252
267
-140
-22
137
-72
-1
37
68
-174
104
-52
-7
26
-125
212
-215
205
-166
97
33
-165
328
-352
276
-212
95
79
-135
89
111
-46
-197
434
-421
162
128
-221
172
-55
-25
17
85
-298
267
-77
-175
292
-169
-146
338
-265
-5
208
-322
238
-70
-21
60
-107
33
-70
151
-162
204
-103
-19
127
-138
45
40
1
-230
368
-253
-13
208
-174
-76
245
-163
-169
490
-511
274
53
-183
33
64
-4
-202
384
-270
86
55
-19
-176
231
-36
-323
403
-154
-44
171
131
-312
265
62
-351
386
-22
-251
373
-13
-236
340
39
-347
506
-217
-129
449
-502
150
160
-258
57
9
-89
-2
91
-162
192
-172
-61
278
-257
165
-33
224
-214
227
149
-232
553
-145
126
102
285
-247
526
-132
-87
522
-479
416
-93
-59
-75
104
-93
-219
243
-166
-290
368
-403
-170
167
-331
-65
-109
-75
-324
286
-535
101
-203
-196
-119
-73
-4
-410
368
-416
57
-110
-77
10
42
26
-56
166
-49
117
15
25
192
-108
199
101
-183
355
49
-40
286
-88
204
123
75
39
119
23
-119
386
-364
368
-78
-43
166
-74
-57
-214
224
-585
286
-181
-312
205
-332
35
-171
-25
-265
254
-418
-114
80
-455
241
-123
30
-236
196
-139
41
167
-125
-74
75
94
40
476
37
320
509
153
523
410
-3
302
284
28
200
-41
121
-98
-44
199
-196
-44
-188
65
-137
117
-102
-21
169
-143
237
-113
100
-49
109
71
24
-17
-25
-28
-237
43
-354
46
-379
-41
-161
-165
-188
-386
69
-290
30
-133
39
-104
-56
173
-235
193
-86
76
-32
-44
17
-162
82
-262
75
-156
-176
-175
-155
-126
-244
-184
-189
-140
-208
-3
-115
-90
-120
18
-5
-103
205
-108
98
84
-12
125
7
177
-70
151
65
36
21
-31
132
26
216
172
70
148
68
9
85
66
167
112
156
318
89
298
203
196
117
288
220
148
307
168
225
107
93
161
57
171
200
100
100
195
144
-78
216
11
28
203
121
43
173
-61
77
81
-203
67
-27
-92
-85
83
-362
-227
-279
-545
-302
-543
-608
-533
-580
-787
-488
-836
-987
-705
-882
-766
-570
-526
-541
-422
-476
-491
-497
-438
-461
-349
-265
-243
-199
-249
-345
-422
-437
-581
-540
-628
-645
-553
-370
-186
-115
-28
58
343
640
874
1099
1297
1436
1772
1951
2082
2107
2144
2272
2327
2464
2355
2309
2099
2000
1940
1732
1660
1283
1172
960
776
609
276
-117
-269
-334
-545
-521
-647
-844
-848
-800
-861
-783
-765
-894
-728
-650
-671
-543
-632
-776
-702
-716
-839
-888
-1084
-1150
-1286
-1444
-1687
-1879
-2286
-2464
-2614
-2907
-3131
-3482
-3632
-3933
-4154
-4377
-4733
-4940
-4463
-2859
-1666
-1233
-1295
-794
325
1310
2015
2306
2711
3594
4727
5347
5433
5112
4949
4707
4271
4176
4425
4366
3545
2440
1737
1424
925
-37
-1160
-1681
-1545
-1253
-1383
-2357
-3312
-3546
-3518
-3301
-3040
-2464
-1914
-1428
-1272
-706
299
775
1226
1397
2536
4003
5321
5527
5088
4900
4857
5231
5009
4635
4035
3729
3720
3161
2290
1178
368
-122
-400
-560
-573
-854
-1387
-1715
-1898
-2073
-2338
-2746
-2831
-2585
-2332
-2340
-2859
-3307
-3463
-3374
-3338
-3574
-3953
-4296
-4559
-4742
-5067
-5463
-6059
-6427
-6692
-6746
-7277
-6712
-4736
-2571
-1058
-1512
-646
462
2419
3599
4098
4705
5370
7256
7909
8053
7182
6639
6351
5307
4941
4562
4922
4024
2149
832
-209
-428
-1460
-2837
-3928
-3713
-2550
-2197
-2714
-4355
-4757
-4174
-3395
-2556
-1932
-837
-167
252
213
715
1391
1680
2368
3342
4827
5669
6092
5937
5110
4459
4415
4967
4375
3788
3450
3329
2789
1371
637
126
-184
-498
-310
-23
10
-44
-487
-764
-1069
-1227
-1082
-1168
-1273
-1484
-1699
-2439
-3368
-3743
-4063
-4229
-4780
-5074
-5366
-5915
-6421
-6773
-7004
-7559
-7935
-8066
-7894
-7747
-7924
-7604
-5280
-2168
354
782
1088
2499
4607
6747
7374
7873
8227
9615
10638
10564
9589
8000
7113
5836
4873
4098
3695
2943
860
-1406
-3021
-3606
-4091
-5106
-6254
-6471
-5041
-3626
-3464
-4699
-5572
-4765
-3038
-1263
-99
1275
2437
3244
2974
2914
3472
4122
4216
4328
6045
7313
7472
5929
4514
3549
3072
3088
2978
2499
1527
1384
1379
652
-979
-1991
-1561
-746
-258
21
504
586
-11
-340
-461
-740
-1048
-1332
-1265
-1348
-1743
-2854
-4223
-5482
-6058
-6112
-6265
-6501
-7176
-7204
-7373
-7596
-8319
-8602
-8690
-8607
-8126
-7771
-7361
-7454
-5123
-1704
1843
2741
2584
3724
5811
8689
9589
9789
9711
10731
11681
11480
10080
7862
6521
5029
3798
2759
2218
1595
-698
-3582
-5706
-6028
-5659
-6133
-7076
-7301
-5372
-3083
-2151
-3179
-4217
-3232
-840
1864
3449
4635
5702
6331
5810
4813
4677
5069
5103
4191
3691
4908
6010
5109
2134
-68
12
641
1103
809
691
412
641
1203
745
-240
-772
674
2185
2910
3107
3036
2685
1454
592
181
-90
-860
-1779
-2302
-2872
-3686
-5371
-7259
-8489
-8707
-8277
-8238
-8676
-9104
-8858
-8321
-8153
-8460
-8686
-8405
-7601
-6751
-5882
-5461
-4927
-2544
1471
5037
5632
5185
5990
8605
11096
11529
10943
10490
11074
11324
10322
8092
5324
3389
1789
373
-608
-1264
-2219
-4499
-7186
-8744
-8282
-7094
-6875
-7129
-6449
-3685
-692
402
-491
-1073
487
3439
6216
7429
7876
8177
8028
6829
5074
4125
3906
3238
1670
492
1091
2019
940
-2017
-3890
-3125
-1487
-443
-182
302
1003
2003
2730
2646
2311
2436
3797
5173
5571
5164
4424
3301
1764
377
-616
-1469
-2467
-3683
-4617
-5472
-6511
-7977
-9472
-9990
-9538
-8695
-8589
-8760
-8440
-7463
-6574
-6254
-6387
-6037
-5420
-4446
-3564
-3220
-3512
-3321
56
4139
6607
5672
4947
6271
8438
9858
8998
7946
7523
8294
8457
6889
4293
1712
216
-1074
-2075
-2282
-2041
-2386
-4487
-6533
-6761
-5116
-3633
-3753
-3878
-2113
1722
4531
4519
2611
1925
3708
6221
7707
7510
7193
6842
5827
3599
1467
469
-178
-1401
-2811
-2310
-717
-59
-1680
-3676
-3625
-1973
355
1683
2230
2727
4009
5401
5361
4279
3520
4137
4998
5075
4256
3136
1897
343
-1227
-2715
-3904
-4797
-5515
-6223
-6725
-7056
-7659
-8487
-8851
-8118
-6906
-6022
-5693
-5431
-4612
-3455
-2822
-2977
-3067
-2599
-2326
-2197
-2654
-3313
-4402
-4890
-1790
2082
4369
3044
1802
2794
4779
6101
5107
4528
4709
6283
7146
6074
3922
1410
308
-365
-360
-144
179
7
-1656
-3199
-3749
-2639
-1668
-2085
-2457
-1080
2460
4903
4471
2026
630
1714
3787
5229
4765
4318
4119
3696
2186
266
-738
-1168
-1605
-2252
-1425
855
2352
1389
-545
-620
1189
2947
3710
3761
4002
4714
5419
5113
3388
1743
1291
1820
1960
1099
90
-654
-1417
-2597
-3851
-4592
-5011
-5284
-5319
-4989
-4879
-5189
-5758
-6032
-5604
-4858
-4591
-4890
-4732
-4020
-3111
-2798
-3514
-4180
-4650
-4500
-4868
-5454
-6350
-5788
-2095
1796
4071
3035
2734
3801
5835
7107
6797
6941
7374
8664
8668
7065
4306
1609
352
-674
-1111
-1410
-1069
-1596
-3802
-5792
-6374
-4925
-3645
-3747
-3977
-2064
1651
3998
3802
1977
1508
3126
5421
6700
6299
6008
5707
5174
3474
1627
848
395
-505
-2118
-2097
-346
857
317
-975
-851
247
1744
2835
2889
2762
3187
4484
4832
3791
2347
1660
1738
1338
768
157
-433
-1320
-2260
-3070
-3862
-4687
-5538
-5913
-5881
-5578
-5652
-6078
-6382
-6057
-5434
-5186
-5368
-5450
-4826
-3947
-3193
-3026
-3271
-3765
-4375
-4813
-5136
-5457
-4146
-899
2894
4613
4315
4268
5025
6593
7256
7249
7017
7474
8373
8115
6474
3320
605
-994
-1688
-1994
-2214
-2070
-2685
-3967
-5335
-5533
-4426
-3271
-2841
-2345
-209
3014
5246
5213
3875
3397
4412
6164
6933
6591
5875
5263
4479
2923
1510
237
-735
-1744
-2287
-1996
-1225
-126
-47
-549
-761
371
2060
2694
2748
2964
4109
5016
4969
3911
2738
2037
1506
1196
651
20
-692
-1420
-2284
-3358
-4354
-5371
-6199
-6546
-6199
-5752
-5882
-6345
-6620
-6365
-5734
-5376
-5313
-5247
-4533
-3370
-2776
-2566
-2949
-3428
-4039
-4683
-4847
-4852
-3051
163
3253
4386
3697
3731
4504
5826
6130
5858
5879
6431
7025
6281
4532
1743
-547
-1769
-2348
-2349
-2164
-1760
-2292
-3493
-4553
-4508
-3278
-2183
-1732
-1189
979
3893
5727
5407
3785
3128
4008
5692
6184
5490
4856
4490
3964
2645
1234
-16
-749
-1190
-1324
-787
18
747
656
249
402
1374
2517
2906
2868
3247
4289
4998
4528
3232
1916
1133
794
303
-347
-745
-944
-1555
-2689
-3924
-5012
-5883
-6281
-6163
-5625
-5293
-5515
-6056
-6541
-6361
-6015
-5509
-5289
-4819
-4082
-3153
-2412
-2576
-3042
-3840
-4285
-4271
-4050
-1746
2036
5107
5263
3897
3978
4945
6244
6013
5383
5277
5955
6428
5331
3170
89
-2155
-3103
-3219
-3050
-2767
-2346
-2762
-3784
-4691
-4315
-2796
-1484
-1046
-400
1945
5045
6474
5343
3407
2975
4221
5791
6054
5288
4610
4171
3529
2070
708
-473
-863
-879
-848
-244
460
933
416
42
625
1874
3067
3039
2772
3085
3991
4412
3623
2394
1290
718
16
-768
-1537
-1870
-2001
-2487
-3451
-4741
-5517
-6123
-6354
-6217
-5848
-5388
-5519
-5885
-6487
-6455
-6133
-5936
-5500
-5004
-4005
-3483
-3120
-3360
-3863
-4301
-4896
-3865
-707
3742
6278
6136
5601
5627
6670
6698
6002
5392
5893
6885
6758
5115
2048
-949
-2834
-3561
-3741
-3507
-2773
-2371
-2793
-3716
-4078
-3153
-1800
-933
-483
1184
4281
6806
6830
4757
3080
3037
4188
4935
4695
4239
3663
3205
2021
429
-768
-1408
-1255
-1264
-667
351
1382
1600
781
500
1450
3434
4612
4703
4353
4466
4859
4550
3526
2172
1250
443
-481
-1453
-2252
-2715
-3331
-4142
-4984
-5604
-5965
-6327
-6496
-6349
-5973
-5595
-5587
-5634
-5789
-5886
-5765
-5745
-5385
-5026
-4336
-3804
-3579
-3521
-3830
-4053
-4434
-4097
-1209
3066
6117
6030
5225
5555
6473
6850
5771
4912
4980
5948
6161
4801
2050
-1278
-3391
-3897
-3451
-3044
-2454
-2060
-2410
-3075
-3284
-2231
-748
38
43
1240
4412
7589
7867
5355
2690
2284
3661
4829
4300
3193
2824
2637
1815
-52
-1447
-1895
-1385
-929
-461
495
1815
2533
1784
941
1360
3114
4718
5057
4688
4465
4633
4178
2820
1447
597
84
-673
-1405
-2022
-2371
-2968
-4021
-5152
-5764
-5778
-5622
-5531
-5476
-5466
-5289
-5111
-5415
-5944
-6058
-5729
-5558
-5602
-5615
-5198
-4867
-4589
-4931
-5177
-5227
-3633
-91
3704
5523
5073
5176
6157
7424
7289
6325
5807
6015
6407
5662
3890
1311
-1205
-2956
-3842
-3980
-3705
-2861
-2271
-2288
-2779
-2675
-1579
-192
680
1410
3251
6081
8022
7623
5615
3914
3570
3910
3760
2983
2434
2348
1743
-207
-2437
-3539
-3384
-2902
-2345
-1423
-36
1042
1320
1117
1435
2486
3851
4944
5688
6358
6842
6729
5425
3439
1849
1067
561
-302
-1368
-2151
-2804
-3615
-5011
-6388
-7145
-6971
-6461
-6145
-5880
-5717
-5736
-6019
-6348
-6477
-6002
-5780
-5350
-5378
-5013
-4728
-4815
-4935
-5379
-5086
-4696
-2162
1663
4965
5977
5373
5544
6227
7070
6672
5878
5842
6323
6366
5151
3028
281
-2081
-3494
-4020
-3778
-2877
-1972
-1861
-2274
-2430
-1857
-532
693
1387
2530
4925
7573
8290
6845
4553
3268
3198
3476
3177
2245
1738
992
-548
-2637
-4082
-3981
-3477
-2936
-2313
-790
1034
2071
2199
2202
2942
3975
5207
6141
6821
7320
7460
6895
5280
3486
1924
929
66
-929
-2056
-3015
-3590
-4478
-5649
-6859
-7478
-7243
-6595
-6199
-6023
-5958
-6140
-6329
-6536
-6204
-5938
-5781
-5526
-5279
-4823
-5019
-5503
-5578
-5487
-4122
-979
2727
5115
4876
4745
5041
6140
6562
5994
5495
5410
5691
5134
3882
1742
-725
-2617
-3547
-3580
-3367
-2711
-2173
-1964
-1817
-1437
-459
550
1084
1556
3627
6898
9260
8663
6009
3753
3210
3785
3693
2706
1715
1306
724
-1142
-3414
-4833
-4937
-4553
-3912
-2622
-761
955
1584
1401
1678
2812
4474
5729
6440
6941
7583
8040
7076
4964
3043
2144
1629
655
-848
-2393
-3342
-4173
-5352
-6812
-7704
-7777
-7430
-6869
-6601
-6168
-6017
-6074
-6317
-6179
-5725
-5334
-4836
-4545
-4260
-4391
-4607
-5070
-5372
-4866
-2026
2088
4970
5299
4499
4653
5197
5382
5048
4707
4802
4788
4345
3357
1782
-365
-2420
-3450
-3707
-3467
-2635
-1372
-430
-302
-577
-191
1026
2132
2853
4088
6435
8638
8831
6870
4384
3137
2901
2800
2019
1339
1207
652
-1027
-3156
-4662
-5350
-5090
-3865
-2412
-1011
540
1767
2335
2343
2870
4418
6112
6941
7209
7716
8251
7487
5271
3091
1866
1324
576
-743
-2094
-3043
-4027
-5611
-7363
-8314
-8271
-7845
-7347
-7050
-6858
-6878
-6971
-6903
-6935
-6500
-6174
-5519
-4761
-4290
-4057
-4814
-5500
-4736
-1515
2730
5002
5001
4864
5278
5868
5385
4661
4102
4107
3936
3099
2135
561
-1469
-3619
-4746
-4755
-3984
-2964
-2297
-1690
-1040
-156
794
1778
2473
3408
5511
8475
10543
9939
7686
5351
4288
3935
3139
1831
804
867
543
-1165
-3709
-5752
-6685
-6831
-5675
-3782
-1701
-142
896
1882
2909
3893
4850
6104
7523
8758
9610
9890
9020
7071
4784
3018
1634
478
-559
-1695
-2660
-3671
-5039
-7083
-8626
-9046
-8736
-8218
-7569
-6880
-6420
-6341
-6918
-7095
-6859
-6172
-5308
-4614
-3381
-2821
-2848
-3863
-4443
-2247
1338
4670
5157
4792
4636
4896
4697
3683
2859
2173
2015
1532
1221
433
-1198
-3173
-4666
-4980
-4584
-3302
-1822
-426
363
855
1687
2710
3573
3602
4443
6613
9264
10167
8607
6215
4308
3341
2213
667
-355
-362
-125
-1002
-2983
-5095
-6058
-5937
-5258
-4009
-2355
-309
1497
2779
3651
4358
5247
6141
7012
7976
8964
9490
8810
7065
4939
3270
1925
675
-743
-1943
-2766
-3636
-4720
-6204
-7783
-8730
-8913
-8488
-7842
-7219
-6810
-6674
-7009
-7274
-7328
-6829
-6003
-5197
-4167
-3535
-3076
-3303
-2244
419
3842
5658
5660
5566
5673
6143
5264
3864
2508
1922
1353
355
-742
-2223
-3604
-4990
-5787
-6045
-5531
-4055
-2399
-955
44
1261
2792
4243
4880
5380
6610
8709
10166
9652
7753
5839
4505
3217
1590
-35
-835
-1240
-1965
-3340
-4656
-5634
-5904
-5377
-4472
-3325
-1689
449
2378
3685
4649
5595
6605
7268
7852
8669
9499
9660
8449
6533
4679
3132
1604
-218
-1901
-2769
-3129
-3668
-4926
-6474
-7609
-8456
-8901
-8855
-8166
-7318
-6679
-6312
-6393
-6454
-6627
-6371
-6111
-5344
-4359
-3417
-2917
-2746
-908
2044
4970
5529
5088
5093
5576
5583
4519
3409
2584
1977
603
-789
-1981
-3140
-4300
-5299
-5753
-6052
-5500
-4084
-2155
-646
329
1467
3114
4822
5487
6085
7485
9630
10527
9267
7053
5164
3929
2529
780
-480
-637
-846
-2206
-4111
-5416
-5774
-5838
-5486
-4675
-3229
-1023
1487
3535
4508
4944
5375
6185
7050
7702
8382
9128
9094
7525
5285
3270
1801
226
-1494
-2889
-3394
-3321
-3985
-5327
-6689
-7297
-7682
-7790
-7646
-7361
-6650
-6364
-6431
-6968
-7117
-7050
-6842
-6183
-5370
-4390
-3946
-2141
876
4384
6305
6473
6539
6540
6635
5936
5147
4271
3302
1967
434
-873
-2517
-4189
-5953
-6950
-7586
-7641
-6675
-5068
-3191
-1848
-452
1349
3481
4733
5333
6574
8926
10995
11137
9819
8192
6863
5387
3156
1016
-278
-897
-1896
-3477
-5026
-6018
-6401
-6736
-6757
-5979
-3882
-1247
1273
3251
4763
5840
6723
7458
7978
8614
9142
9462
9007
7766
6054
4190
2413
356
-1557
-2955
-3696
-4202
-4957
-6021
-7088
-7790
-8198
-8285
-8076
-7503
-6768
-6348
-6073
-5822
-5510
-5338
-5386
-5105
-4383
-3323
-2842
-2051
299
3615
5959
6087
5706
5615
5796
5187
4083
3104
2284
1078
-726
-1959
-2664
-3440
-4953
-6471
-7227
-7223
-6455
-5218
-3541
-1865
-238
1201
2890
4558
5606
6506
7754
9226
9607
8649
7261
6195
5369
3822
1463
-678
-1771
-2354
-3381
-4512
-4882
-4756
-4807
-4820
-4340
-3014
-1162
717
2410
4117
5711
7093
8029
8461
8441
8206
8245
8099
7283
5710
4081
2720
1340
-414
-2595
-4247
-5192
-5857
-6580
-7209
-7333
-7516
-7765
-8183
-8281
-7954
-7691
-7589
-7540
-7015
-6237
-5743
-5442
-5080
-3362
-274
3347
6150
7637
8800
9265
9222
8206
7111
5919
4783
3263
1486
112
-1277
-2871
-5051
-6877
-8308
-9219
-9363
-8638
-7111
-5615
-4157
-2713
-628
1678
3687
5446
7357
9366
10292
10062
9220
8640
8239
7156
5166
2711
771
-590
-2228
-3999
-5503
-6143
-6820
-7436
-7550
-6500
-4751
-2792
-865
905
2799
4535
6122
7402
8471
9258
9750
9920
9355
8236
6821
5457
3987
2265
367
-1527
-3007
-4298
-5529
-6856
-7841
-8446
-8811
-9264
-9414
-9034
-8403
-8102
-8292
-8216
-7456
-6172
-5205
-4647
-4099
-2684
204
3841
6859
8148
8518
8649
9070
9064
8373
7116
5649
4008
2102
372
-944
-2043
-3614
-5567
-7468
-8746
-9075
-8552
-7703
-6839
-5661
-4063
-2005
145
1936
3629
5685
7957
9288
9180
8387
7869
7844
7560
6365
4609
2972
1696
181
-1568
-3269
-4535
-5655
-6903
-7675
-7230
-5574
-3614
-2038
-720
760
2462
4059
5481
6762
7870
8769
9284
9352
8967
8145
6861
5271
3525
1819
209
-1450
-3107
-4647
-5898
-6956
-8023
-9036
-9900
-10355
-10440
-10342
-10329
-10169
-9740
-8810
-7674
-6526
-5610
-4469
-2264
991
4692
7490
9303
10221
10798
10869
10405
9555
8294
6634
4631
3010
1852
691
-991
-3045
-4866
-6427
-7680
-8606
-8805
-8335
-7564
-6760
-5772
-4160
-2098
162
2279
4210
5804
6835
7330
7477
7430
7163
6638
5946
5085
4096
2906
1706
560
-583
-1934
-3454
-4918
-5942
-6239
-5746
-4624
-3146
-1525
-105
1157
2383
3814
5230
6355
7031
7436
7908
8274
8305
7664
6549
5196
3606
1877
42
-1699
-3235
-4660
-6096
-7502
-8639
-9487
-10003
-10323
-10569
-10829
-10905
-10632
-9916
-8923
-7950
-7184
-6268
-4319
-1261
2296
5041
6994
8349
9487
10259
10464
10139
9273
8043
6458
5029
3944
3072
1939
373
-1299
-2933
-4227
-5110
-5518
-5873
-6168
-6298
-5990
-5051
-3776
-2265
-675
1123
2728
3765
4292
4546
4842
4948
4695
4068
3374
2779
2156
1584
1158
1013
767
161
-848
-2025
-2803
-3148
-3020
-2606
-1985
-1261
-362
766
1965
3174
4201
4898
5259
5541
5926
6291
6378
6035
5355
4398
3314
2127
781
-757
-2405
-3874
-5133
-6152
-7006
-7561
-7913
-8153
-8372
-8468
-8242
-7773
-7249
-6828
-6402
-5870
-5251
-4504
-3303
-1627
277
1803
3038
4242
5516
6514
6777
6364
5549
4653
3706
2834
2233
1813
1482
1087
769
415
90
-176
-363
-639
-1155
-1711
-1923
-1603
-1156
-800
-450
211
870
1142
984
906
1086
1112
488
-652
-1531
-1747
-1534
-1293
-926
-246
598
1225
1473
1560
1612
1570
1459
1424
1639
2037
2529
3045
3445
3676
3697
3581
3543
3565
3708
3794
3747
3454
2990
2471
1877
1151
120
-967
-1931
-2651
-3343
-4123
-4917
-5522
-5821
-5942
-5974
-5834
-5373
-4702
-4179
-3946
-3811
-3639
-3372
-3195
-3107
-3023
-2765
-2241
-1447
-519
305
884
1273
1643
1965
2111
2097
1972
1785
1434
1045
818
784
896
997
1181
1431
1702
1967
2277
2614
2774
2630
2229
1777
1304
845
406
60
-180
-452
-810
-1201
-1500
-1705
-1890
-2097
-2193
-2034
-1692
-1322
-967
-542
26
644
1233
1744
2290
2876
3439
3787
3846
3717
3569
3455
3390
3341
3284
3235
3132
2949
2686
2489
2197
1681
880
79
-505
-867
-1133
-1553
-2168
-2790
-3339
-3775
-4024
-4072
-3905
-3741
-3636
-3512
-3173
-2707
-2411
-2421
-2605
-2562
-2153
-1549
-1068
-821
-831
-971
-1295
-1706
-1977
-1990
-1816
-1731
-1677
-1490
-1080
-612
-301
-89
126
360
515
593
800
1190
1619
1886
2059
2264
2509
2737
2873
2847
2570
2103
1475
855
357
2
-345
-747
-1075
-1192
-1021
-762
-559
-461
-326
-152
3
131
337
747
1281
1842
2259
2538
2749
2933
3081
3091
2968
2726
2529
2564
2768
2935
2812
2421
1940
1548
1269
918
489
-35
-607
-1112
-1544
-1904
-2230
-2528
-2768
-2843
-2768
-2584
-2341
-2120
-1957
-1839
-1795
-1747
-1608
-1364
-1051
-675
-367
-236
-286
-385
-442
-580
-838
-1206
-1548
-1763
-1911
-2098
-2404
-2708
-2970
-3114
-3125
-2934
-2489
-1896
-1309
-781
-285
194
591
891
1120
1273
1292
1139
998
1019
1211
1450
1665
1807
1869
1824
1693
1507
1264
955
612
305
97
28
71
173
311
492
678
890
1156
1469
1731
1856
1869
1873
1987
2200
2453
2719
2845
2818
2667
2487
2269
1970
1538
963
394
-114
-524
-871
-1240
-1601
-1885
-2026
-2009
-1942
-1881
-1777
-1599
-1258
-888
-578
-369
-186
58
338
649
932
1065
968
657
287
-36
-275
-497
-723
-952
-1184
-1446
-1714
-2039
-2390
-2771
-3081
-3228
-3248
-3241
-3293
-3266
-3149
-2865
-2537
-2133
-1763
-1362
-950
-606
-330
-122
155
470
745
920
992
1083
1156
1196
1213
1248
1337
1472
1598
1644
1613
1515
1430
1315
1217
1105
1048
1111
1253
1355
1422
1503
1714
1989
2246
2471
2632
2710
2630
2390
2057
1670
1224
743
301
14
-166
-301
-448
-596
-736
-842
-969
-976
-875
-788
-724
-678
-444
-69
322
600
801
1034
1344
1607
1704
1671
1459
1116
679
271
-32
-237
-358
-522
-767
-1025
-1222
-1402
-1639
-1939
-2272
-2511
-2597
-2630
-2694
-2813
-2872
-2919
-2927
-2956
-2985
-3044
-3109
-3133
-3120
-3035
-2904
-2676
-2332
-1959
-1541
-1117
-675
-217
187
507
789
1034
1225
1325
1356
1441
1552
1661
1751
1928
2214
2497
2647
2661
2674
2704
2703
2588
2433
2288
2190
2110
1978
1796
1553
1324
1106
868
577
258
-53
-281
-412
-501
-506
-405
-247
8
285
564
816
1041
1278
1442
1510
1538
1632
1716
1737
1620
1515
1485
1436
1246
956
723
557
406
210
-42
-243
-442
-578
-639
-685
-794
-952
-1100
-1223
-1267
-1345
-1419
-1520
-1568
-1664
-1731
-1864
-2086
-2361
-2688
-2966
-3230
-3469
-3724
-4026
-4306
-4500
-4483
-4411
-4280
-4012
-3599
-3042
-2389
-1697
-1021
-334
254
701
1052
1428
1795
2045
2185
2310
2543
2863
3111
3211
3340
3423
3431
3189
2837
2359
1833
1233
549
-17
-433
-649
-776
-766
-623
-389
-168
4
214
456
744
1072
1391
1753
2104
2415
2605
2696
2694
2697
2760
2772
2610
2286
1914
1557
1210
788
314
-68
-372
-422
-313
-126
32
56
-72
-184
-136
0
82
33
-80
-48
100
157
73
-121
-322
-577
-858
-1130
-1414
-1776
-2183
-2616
-3015
-3417
-3814
-4154
-4496
-4755
-4966
-5098
-5173
-5141
-4931
-4508
-3950
-3398
-2806
-2139
-1368
-478
343
1049
1679
2251
2744
3046
3165
3086
2949
2749
2587
2423
2205
2006
1843
1670
1444
1104
685
299
-125
-489
-792
-928
-902
-843
-678
-367
190
869
1508
2076
2621
3070
3329
3469
3515
3483
3376
3087
2748
2417
2165
1928
1600
1212
754
400
177
81
71
26
-71
-218
-262
-143
179
328
412
484
473
553
685
748
725
496
153
-95
-245
-426
-736
-1223
-1744
-2202
-2658
-3020
-3344
-3713
-4050
-4450
-4726
-4832
-4781
-4817
-4903
-4884
-4731
-4574
-4424
-4094
-3582
-2933
-2145
-1201
-170
960
2008
2904
3551
3888
3952
3801
3505
3067
2544
1993
1597
1341
1050
697
488
378
309
91
-242
-431
-663
-878
-1086
-1180
-954
-515
-30
423
1026
1707
2380
2942
3438
3876
4195
4327
4217
3907
3559
3217
2746
2101
1419
927
653
641
621
469
218
57
28
97
250
339
416
460
552
862
1107
1250
1162
844
604
539
547
401
109
-427
-1062
-1607
-2162
-2685
-3297
-3901
-4523
-5084
-5463
-5722
-5899
-6051
-6256
-6380
-6348
-6221
-6086
-6031
-5744
-4959
-3620
-2202
-777
754
2578
4350
5782
6626
6954
6871
6361
5571
4550
3600
2581
1581
658
-19
-475
-727
-894
-956
-1164
-1624
-2079
-2353
-2456
-2605
-2816
-2744
-2134
-1102
-52
922
2016
3241
4450
5321
5979
6386
6498
6302
5889
5334
4701
4008
3126
2119
1056
219
-382
-749
-1199
-1742
-2080
-1986
-1486
-826
-267
159
593
1089
1700
2185
2362
2103
1604
1199
987
769
274
-419
-1172
-1862
-2365
-2839
-3432
-4266
-5198
-6152
-6952
-7628
-8264
-8952
-9549
-9820
-9717
-9382
-8568
-6957
-4680
-2303
-32
2349
4858
7316
9052
9912
9901
9440
8544
7227
5604
4020
2470
996
-161
-954
-1494
-2018
-2428
-2761
-3243
-4005
-4745
-5175
-5230
-5160
-5090
-4612
-3232
-1263
823
2564
4246
5980
7514
8541
9113
9407
9142
8200
6915
5900
5023
3947
2434
850
-613
-1805
-2700
-3247
-3441
-3540
-3613
-3446
-2570
-1181
180
1159
2010
2960
3930
4670
4965
4785
4175
3257
2307
1593
1009
216
-1010
-2250
-3252
-4024
-4957
-6185
-7688
-9082
-10188
-11010
-11650
-12093
-12362
-12278
-11089
-8626
-5288
-2018
1146
4269
7387
10028
11912
12679
12429
11293
9419
7345
5528
3938
2081
64
-1515
-2467
-3055
-3461
-3868
-4645
-5847
-7029
-7710
-7813
-7630
-7331
-6685
-4983
-2313
749
3412
5695
7669
9214
10169
10449
10310
9620
8456
6693
5027
3736
2592
1245
-322
-1845
-3181
-4003
-4441
-4669
-4974
-5084
-4666
-3436
-1566
349
1948
3195
4389
5542
6404
6736
6356
5330
4149
3099
2348
1774
998
-136
-1484
-2720
-3715
-4788
-6247
-8047
-9851
-11357
-12453
-13184
-13832
-13593
-12015
-8992
-5428
-1739
2111
5845
9275
11713
12948
12968
12167
10474
8153
5754
3902
2313
675
-728
-1631
-2135
-2414
-2684
-3229
-4375
-5964
-7478
-8411
-8484
-8227
-7810
-6625
-4074
-679
2662
5290
7533
9254
10367
10566
9908
8963
7403
5400
3317
1980
1193
449
-615
-1808
-2837
-3541
-3919
-4251
-4507
-4667
-4436
-3667
-2115
-182
1623
3007
4055
5041
5900
6478
6476
5713
4407
3141
2243
1690
1098
234
-797
-1785
-2606
-3400
-4591
-6267
-8296
-10184
-11685
-12646
-13302
-13254
-11882
-9006
-5133
-1304
2420
6000
9335
11623
12599
12395
11386
9563
6964
4305
2247
956
-291
-1515
-2256
-2350
-2232
-2429
-2857
-3721
-5073
-6630
-7788
-7960
-7398
-6415
-5095
-2717
826
4551
7402
9075
9992
10282
9781
8604
6936
4990
2937
1067
-165
-713
-858
-1253
-2002
-2933
-3617
-3925
-4015
-4113
-4195
-4066
-3408
-2081
-313
1523
2994
4006
4715
5319
5800
5866
5197
3982
2636
1751
1365
1163
642
-345
-1499
-2532
-3504
-4665
-6215
-8199
-10128
-11448
-12056
-12059
-11040
-8671
-5324
-1831
1584
4971
8254
10773
11910
11623
10497
8945
6802
4235
2051
689
-203
-1091
-1716
-1946
-1977
-2282
-3038
-4186
-5546
-6922
-7996
-8139
-7344
-6000
-4329
-1808
1806
5634
8398
9617
9896
9754
9264
8029
6311
4314
2437
776
-465
-906
-1044
-1263
-2082
-3012
-3797
-4002
-3905
-3888
-3980
-3972
-3411
-2420
-990
335
1328
1829
2074
2465
2968
3433
3421
2861
2248
2002
2254
2530
2317
1408
-29
-1601
-3062
-4508
-6085
-7753
-9265
-10169
-10397
-10077
-9199
-7149
-4032
-621
2206
4619
6989
8954
9988
9855
8931
7661
6169
4358
2724
1804
1372
718
-263
-977
-1492
-2153
-3012
-4042
-5174
-6465
-7525
-7726
-6808
-5337
-3826
-2111
432
3645
6318
7722
8006
7963
7939
7617
6763
5523
4266
2999
1684
864
444
70
-822
-2170
-3299
-3679
-3397
-3041
-2955
-2875
-2379
-1629
-827
-30
466
480
47
-309
-228
255
704
747
582
636
1136
1530
1511
847
-354
-1894
-3499
-4955
-6305
-7456
-8517
-9190
-9460
-9035
-7734
-5170
-1816
1284
3476
5369
7290
8787
9385
8828
7740
6349
4826
3219
2148
1829
1520
641
-448
-847
-1061
-1554
-2559
-3573
-4412
-5228
-5639
-5430
-4207
-2798
-1637
-440
1489
3851
5445
5942
5762
5743
5714
5586
5118
4531
3859
2799
1588
751
665
312
-729
-2163
-2909
-2700
-1926
-1289
-1083
-787
-337
206
594
931
923
348
-585
-1269
-1313
-927
-608
-683
-818
-637
-105
176
-68
-846
-2060
-3480
-4996
-6238
-7328
-8218
-8938
-9427
-9334
-8301
-5585
-1971
1500
3868
5721
7626
9125
9740
9047
7741
5987
4193
2378
1336
1146
938
77
-1142
-1537
-1528
-1601
-2300
-3136
-3805
-4361
-4443
-4009
-2701
-1359
-403
421
1888
3822
5014
5195
4742
4575
4603
4587
4318
3928
3323
2274
1083
216
-22
-307
-852
-1626
-2098
-1900
-986
109
623
630
486
703
1068
1281
1084
585
-7
-560
-778
-536
1
130
-271
-771
-737
-457
-646
-1514
-2902
-4267
-5493
-6452
-7273
-7953
-8546
-9158
-9345
-8375
-5465
-1720
1528
3592
5401
7290
8779
9258
8487
7124
5273
3426
1796
1165
1331
1180
113
-1289
-1797
-1834
-1996
-2922
-3973
-4620
-4814
-4343
-3350
-1678
-253
602
1277
2430
3871
4635
4577
4018
3769
3886
4223
4314
3776
2770
1597
610
-237
-802
-1164
-1344
-1602
-1800
-1382
-222
1058
1436
1136
992
1355
1669
1560
1334
1218
928
388
149
632
1343
1266
337
-513
-707
-749
-1373
-2649
-3952
-5170
-6172
-7065
-7647
-8053
-8728
-9507
-9678
-7736
-4305
-702
1941
4028
6170
7884
8897
8685
7791
6251
4355
2379
1194
1333
1736
1334
-118
-1242
-1816
-2048
-2599
-3660
-4650
-5314
-4952
-3983
-2377
-722
418
1211
2035
3180
3944
4225
4001
3948
4043
4473
4884
4783
3922
2391
1041
-239
-1110
-1907
-2327
-2484
-2488
-2193
-1319
49
871
755
217
283
688
924
807
759
890
816
784
1153
2127
2826
2528
1619
959
764
332
-684
-2149
-3616
-5053
-6349
-7307
-7944
-8555
-9565
-10260
-9242
-6188
-2411
622
2750
4869
6782
7895
7870
7172
6143
4678
2938
1689
1691
2355
2364
1196
-250
-1218
-1862
-2661
-3716
-4705
-5384
-5383
-4599
-3154
-1445
-207
576
1253
2153
2933
3313
3464
3554
3848
4305
4899
4891
3980
2365
806
-451
-1427
-2045
-2369
-2259
-2161
-1851
-1161
48
882
681
143
61
315
219
38
180
494
398
-18
96
1010
2027
2118
1639
1321
1277
958
106
-763
-1665
-2707
-4111
-5361
-6107
-6750
-7778
-8760
-8102
-5504
-2158
612
2728
4869
6435
7141
6846
6234
5291
3896
2353
1425
1778
2446
2505
1420
339
-533
-1396
-2465
-3518
-4174
-4684
-4600
-3931
-2654
-1296
-360
155
465
1088
1706
2085
2377
2733
3320
3925
4390
4152
3153
1598
33
-1342
-2284
-2529
-2316
-1943
-1747
-1390
-593
449
936
669
255
241
337
152
-3
127
322
40
-380
-351
275
894
1071
960
915
819
331
-393
-1152
-1785
-2591
-3582
-4590
-5341
-6070
-6870
-7245
-6163
-3733
-923
1440
3343
5188
6321
6613
6001
5223
4305
3124
1971
1597
2332
3029
2837
1758
743
39
-760
-1770
-2797
-3361
-3467
-3084
-2343
-1434
-608
-263
-150
47
508
928
1322
1821
2504
3276
3824
3967
3244
1898
184
-1410
-2657
-3311
-3270
-2833
-2247
-1850
-1303
-508
349
652
446
464
790
983
703
370
258
55
-484
-1051
-1155
-660
-63
198
303
439
557
356
-206
-979
-1868
-2789
-3768
-4718
-5556
-6399
-7111
-7088
-5537
-2847
49
2305
3956
5254
5930
6077
5494
4690
3676
2690
2018
2089
3004
3692
3473
2322
1141
297
-223
-803
-1606
-2204
-2328
-1753
-968
-179
249
365
411
674
1302
2069
2828
3258
3671
3935
4094
3505
2423
941
-670
-2135
-3250
-3560
-3333
-2836
-2703
-2827
-2755
-2207
-1474
-1043
-794
-489
141
745
1046
1017
651
204
-542
-1115
-1368
-1205
-804
-549
-343
-231
12
2
-226
-844
-1656
-2643
-3603
-4393
-5324
-6251
-7115
-6743
-5044
-2605
-179
1564
3117
4124
4768
4684
4240
3683
3030
2480
2114
2392
2936
3285
2860
1787
704
20
-105
-253
-538
-899
-853
-318
196
529
428
366
504
1161
2058
3105
4037
4746
5085
5039
4654
3561
2046
280
-1110
-2124
-2539
-2476
-2190
-1832
-1785
-1859
-2059
-2048
-1966
-1924
-1702
-1343
-661
-270
-19
-205
-471
-754
-1044
-1190
-1406
-1203
-1030
-639
-535
-358
-357
-447
-731
-1245
-1820
-2440
-2819
-3310
-3970
-4849
-5228
-4660
-3143
-1295
239
1341
2264
2922
3280
3116
2743
2321
2024
1786
1670
1848
2219
2344
1883
870
-78
-431
-311
-75
-213
-351
-260
233
483
387
6
-18
406
1196
2190
3273
4427
5162
5652
5478
4934
3674
2035
378
-885
-1498
-1815
-1722
-1462
-1135
-952
-963
-1024
-1071
-1042
-1206
-1197
-1019
-713
-637
-994
-1370
-1757
-1846
-1974
-1959
-1819
-1477
-1084
-890
-737
-682
-621
-788
-1183
-1756
-2326
-2726
-2944
-3204
-3579
-3903
-3892
-3139
-1849
-386
731
1483
1929
2160
2234
2061
1869
1733
1752
1781
1805
1937
2116
2145
1784
1064
332
-36
37
173
101
-126
-253
-165
-190
-427
-801
-816
-398
409
1401
2408
3344
3967
4329
4330
3970
3198
2099
941
2
-532
-706
-667
-584
-536
-586
-689
-694
-648
-572
-603
-632
-520
-363
-332
-553
-897
-1205
-1359
-1378
-1256
-1026
-706
-359
-74
46
60
-18
-161
-416
-851
-1451
-1989
-2225
-2217
-2236
-2605
-3083
-3260
-2909
-2277
-1695
-1262
-957
-611
-291
25
216
342
392
386
404
568
856
1223
1537
1617
1556
1579
1857
2114
2105
1733
1218
771
399
111
-104
-275
-316
-187
251
866
1468
1823
1947
1876
1753
1537
1197
796
336
47
-13
220
450
634
691
693
777
803
867
871
992
1104
1103
1028
797
544
165
-143
-390
-524
-508
-395
-107
204
384
301
55
-204
-384
-586
-924
-1269
-1438
-1315
-1211
-1353
-1767
-2236
-2612
-2929
-3229
-3629
-3952
-4097
-3942
-3502
-2965
-2510
-2212
-1989
-1753
-1494
-1175
-736
-256
151
452
851
1435
2108
2561
2675
2476
2192
1918
1677
1437
1200
1049
964
1080
1415
1859
2214
2437
2550
2540
2369
1982
1521
1115
856
749
730
722
726
757
863
971
1059
1052
936
811
750
746
626
376
-30
-429
-693
-883
-993
-1015
-853
-604
-331
-107
4
-77
-348
-609
-778
-899
-1042
-1113
-1049
-951
-960
-1150
-1426
-1655
-1911
-2228
-2595
-2890
-3057
-3020
-2750
-2397
-2082
-1903
-1708
-1425
-1065
-664
-260
108
430
710
986
1281
1532
1678
1659
1581
1497
1448
1339
1112
857
660
646
742
907
1082
1290
1509
1798
2077
2168
1964
1590
1329
1209
1184
1120
981
789
622
588
706
837
801
662
576
656
812
784
498
70
-294
-525
-653
-774
-879
-912
-863
-735
-551
-410
-432
-598
-815
-946
-980
-984
-1010
-1059
-1131
-1245
-1446
-1744
-2106
-2473
-2810
-3095
-3237
-3207
-2966
-2578
-2183
-1838
-1490
-1056
-565
-35
454
865
1204
1479
1666
1791
1838
1776
1593
1393
1259
1131
976
775
598
451
367
306
279
333
482
744
1085
1492
1808
1939
1891
1791
1784
1832
1874
1806
1659
1426
1199
1024
926
868
725
517
306
292
399
441
269
-51
-355
-553
-621
-671
-720
-774
-788
-734
-629
-548
-537
-577
-651
-682
-685
-627
-531
-505
-644
-966
-1334
-1745
-2156
-2595
-3037
-3439
-3718
-3724
-3471
-3027
-2626
-2336
-2055
-1623
-992
-319
322
868
1251
1516
1671
1765
1834
1846
1681
1385
1201
1230
1276
1174
914
596
393
299
223
132
182
399
740
1109
1401
1560
1570
1552
1606
1774
1954
2056
2032
1911
1715
1513
1351
1232
1065
816
544
395
407
392
207
-111
-401
-610
-750
-809
-798
-772
-778
-786
-749
-665
-589
-569
-607
-656
-661
-589
-447
-356
-429
-709
-1078
-1423
-1727
-2048
-2437
-2874
-3245
-3416
-3312
-3003
-2650
-2375
-2100
-1707
-1159
-529
59
595
1051
1379
1495
1503
1555
1691
1712
1534
1328
1241
1310
1267
991
566
243
128
147
167
231
432
760
1115
1373
1520
1534
1516
1544
1668
1832
1921
1921
1776
1489
1131
827
683
605
443
174
7
39
180
174
-66
-379
-662
-852
-981
-993
-937
-905
-923
-944
-826
-616
-429
-364
-378
-386
-356
-283
-271
-405
-714
-1128
-1535
-1871
-2119
-2347
-2619
-2942
-3172
-3125
-2765
-2318
-1994
-1772
-1450
-945
-332
234
725
1168
1481
1620
1684
1811
2022
2134
2011
1777
1628
1582
1443
1088
597
204
33
31
93
199
352
565
808
1018
1125
1099
1044
1081
1264
1555
1822
1939
1857
1593
1257
955
743
556
295
15
-97
2
204
290
147
-152
-434
-658
-845
-960
-1029
-1078
-1125
-1115
-1021
-862
-707
-607
-531
-477
-391
-326
-320
-415
-589
-827
-1100
-1375
-1631
-1836
-2065
-2382
-2721
-2824
-2606
-2197
-1868
-1656
-1426
-1085
-662
-258
110
415
650
804
948
1200
1549
1824
1867
1750
1641
1572
1425
1078
633
292
153
217
334
441
564
708
915
1097
1167
1059
887
830
977
1269
1555
1715
1665
1413
1084
865
743
620
392
148
76
244
524
667
584
299
-40
-354
-573
-706
-808
-924
-1058
-1153
-1131
-1010
-892
-832
-802
-740
-628
-468
-359
-364
-472
-638
-822
-1006
-1175
-1375
-1667
-2022
-2325
-2378
-2150
-1800
-1500
-1331
-1199
-1021
-757
-490
-283
-118
39
223
457
790
1160
1439
1557
1562
1510
1436
1290
1010
658
391
310
409
564
655
713
809
1004
1220
1317
1254
1099
1024
1100
1305
1492
1540
1358
1001
674
492
439
335
139
-37
-22
235
557
710
595
309
-10
-301
-521
-700
-847
-984
-1142
-1254
-1303
-1260
-1188
-1161
-1135
-1066
-929
-755
-601
-519
-507
-577
-687
-793
-878
-998
-1237
-1533
-1743
-1711
-1441
-1075
-811
-708
-641
-523
-349
-175
-64
-32
28
137
317
583
856
1078
1163
1189
1194
1166
1035
812
576
427
429
517
644
716
746
802
946
1158
1304
1315
1229
1207
1302
1461
1540
1432
1149
780
490
359
337
284
153
43
96
328
577
686
574
305
-12
-295
-532
-755
-976
-1190
-1404
-1581
-1686
-1698
-1685
-1658
-1623
-1536
-1375
-1175
-979
-873
-851
-900
-949
-947
-938
-996
-1163
-1401
-1557
-1470
-1144
-750
-460
-328
-241
-91
128
313
398
400
384
399
492
660
843
963
998
1011
1037
1072
1038
921
769
684
704
786
835
836
820
829
913
1037
1160
1201
1178
1164
1211
1273
1259
1070
716
359
119
65
151
231
234
217
296
510
712
789
693
476
199
-77
-324
-535
-727
-935
-1180
-1411
-1549
-1562
-1522
-1508
-1529
-1524
-1411
-1235
-1051
-946
-909
-919
-932
-933
-932
-990
-1140
-1328
-1477
-1443
-1193
-848
-547
-361
-238
-87
110
318
478
561
580
596
639
736
837
872
846
814
851
912
946
922
866
861
904
974
969
925
874
872
935
1023
1096
1106
1079
1062
1078
1092
1035
825
473
103
-131
-171
-110
-62
-75
-68
41
253
441
483
379
191
-8
-233
-499
-772
-1024
-1239
-1414
-1542
-1595
-1565
-1485
-1432
-1411
-1371
-1273
-1120
-990
-926
-900
-873
-795
-711
-662
-696
-804
-955
-1070
-1077
-936
-717
-515
-367
-267
-133
28
234
441
601
694
740
791
855
907
902
830
760
764
849
946
1016
1061
1131
1261
1381
1422
1371
1279
1236
1266
1322
1348
1322
1229
1142
1116
1130
1095
927
630
302
103
60
112
118
47
-24
9
170
321
372
280
104
-117
-385
-687
-1013
-1311
-1568
-1794
-1948
-2009
-1969
-1876
-1804
-1751
-1685
-1560
-1388
-1241
-1172
-1165
-1166
-1111
-1012
-915
-877
-920
-1013
-1071
-1038
-880
-645
-443
-314
-250
-168
-38
114
254
365
473
565
663
784
886
945
930
897
873
901
964
1018
1069
1137
1234
1331
1387
1409
1409
1420
1457
1501
1520
1471
1363
1225
1123
1072
1019
908
723
509
366
338
374
384
330
264
274
382
512
573
534
416
242
23
-257
-565
-867
-1144
-1377
-1574
-1700
-1765
-1777
-1776
-1760
-1730
-1656
-1542
-1429
-1354
-1322
-1323
-1340
-1330
-1280
-1232
-1221
-1248
-1291
-1265
-1147
-941
-715
-547
-458
-408
-323
-199
-40
106
208
275
363
494
633
736
778
782
793
829
877
932
983
1041
1089
1122
1165
1207
1261
1288
1322
1366
1420
1451
1404
1279
1121
1002
917
838
739
613
502
447
453
498
526
543
556
593
664
714
731
673
543
357
154
-64
-301
-527
-744
-950
-1156
-1314
-1421
-1492
-1514
-1497
-1466
-1388
-1303
-1217
-1163
-1153
-1160
-1170
-1181
-1195
-1205
-1235
-1262
-1287
-1264
-1179
-1042
-885
-759
-657
-578
-472
-313
-137
16
139
258
362
471
559
634
685
719
765
813
891
966
1055
1130
1171
1170
1150
1136
1146
1165
1193
1205
1213
1196
1120
997
830
666
522
398
296
234
194
174
166
207
286
380
477
530
581
625
644
643
590
489
339
159
-53
-266
-486
-722
-969
-1170
-1305
-1368
-1376
-1334
-1275
-1219
-1160
-1131
-1122
-1143
-1171
-1202
-1242
-1259
-1257
-1252
-1241
-1243
-1256
-1237
-1172
-1069
-924
-780
-644
-501
-357
-211
-48
113
261
364
428
466
503
585
679
784
906
1037
1163
1268
1362
1422
1443
1445
1434
1401
1389
1378
1349
1321
1242
1105
921
735
548
375
237
157
104
83
64
68
121
199
294
360
397
439
486
539
577
584
556
476
335
143
-76
-318
-556
-780
-975
-1083
-1128
-1123
-1090
-1061
-1022
-1011
-997
-985
-992
-1006
-1030
-1066
-1109
-1129
-1131
-1120
-1107
-1123
-1132
-1135
-1105
-1029
-914
-773
-643
-504
-368
-216
-53
94
216
279
312
346
402
500
615
741
860
967
1074
1138
1171
1184
1202
1226
1227
1210
1179
1142
1079
976
852
714
556
391
260
176
149
137
123
104
88
110
157
218
268
321
376
439
514
595
643
649
585
460
276
74
-135
-336
-518
-660
-740
-765
-753
-758
-797
-853
-893
-915
-904
-883
-862
-875
-919
-940
-945
-934
-918
-923
-942
-961
-985
-984
-958
-914
-832
-735
-605
-466
-338
-224
-129
-48
21
92
166
257
354
465
567
691
796
882
920
931
962
988
1032
1063
1051
1024
957
865
778
673
566
453
357
275
230
193
172
157
159
155
164
195
237
315
433
559
649
713
731
729
683
601
469
305
140
-11
-127
-240
-330
-413
-474
-532
-602
-682
-752
-809
-851
-836
-821
-818
-838
-859
-875
-867
-833
-798
-771
-752
-736
-720
-706
-697
-682
-648
-619
-588
-522
-476
-417
-358
-312
-264
-206
-111
-6
126
250
356
475
584
685
751
801
828
874
928
950
965
948
887
813
724
662
598
546
522
469
395
329
268
210
179
154
156
189
257
358
473
588
655
677
649
581
489
370
250
133
37
-47
-112
-163
-204
-262
-339
-393
-454
-528
-597
-662
-716
-761
-788
-812
-854
-887
-889
-884
-863
-829
-806
-755
-723
-707
-694
-678
-668
-679
-681
-680
-669
-665
-655
-621
-589
-522
-443
-331
-198
-58
104
254
379
500
621
709
796
865
909
926
923
905
861
817
767
725
685
663
664
647
616
548
467
379
307
266
245
247
286
371
483
595
693
732
731
688
605
512
404
304
222
165
129
82
47
-6
-71
-125
-173
-216
-286
-356
-436
-502
-569
-656
-733
-786
-821
-807
-776
-755
-747
-737
-727
-705
-676
-648
-640
-671
-711
-745
-784
-821
-850
-860
-835
-796
-707
-611
-506
-382
-269
-138
-1
138
261
378
510
615
719
789
814
803
771
755
734
719
695
686
667
653
638
613
542
445
367
315
291
299
319
373
447
546
656
700
711
688
633
558
487
389
269
189
138
117
102
83
56
14
-13
-70
-135
-199
-238
-274
-321
-371
-426
-478
-526
-556
-568
-576
-583
-588
-605
-629
-631
-633
-664
-691
-734
-789
-846
-899
-934
-957
-973
-980
-962
-916
-850
-775
-650
-522
-380
-236
-102
41
178
307
424
512
570
640
673
695
729
762
789
823
842
813
769
685
600
522
451
394
364
370
404
453
519
575
619
649
660
660
651
611
551
496
411
334
268
212
159
115
94
75
69
43
3
-57
-116
-163
-204
-260
-305
-338
-385
-418
-426
-409
-403
-377
-383
-385
-389
-404
-423
-452
-486
-543
-599
-650
-680
-720
-732
-752
-787
-800
-798
-759
-710
-640
-568
-484
-395
-304
-198
-89
4
75
150
223
294
347
414
483
548
601
644
652
644
619
556
479
407
342
282
274
267
280
313
365
415
444
477
497
514
506
483
443
413
379
339
304
267
213
175
179
173
174
149
101
38
-28
-63
-119
-177
-220
-253
-265
-288
-284
-288
-273
-254
-247
-242
-254
-275
-299
-328
-376
-407
-434
-461
-484
-499
-517
-542
-567
-592
-605
-592
-570
-548
-523
-482
-445
-407
-353
-300
-241
-192
-135
-78
-27
31
89
157
215
286
333
370
395
400
394
369
342
326
330
332
336
341
350
350
361
372
393
431
463
487
494
484
463
416
379
356
335
317
298
282
269
260
244
219
181
136
99
57
22
0
-20
-25
-26
-28
-26
-1
16
33
28
6
-27
-89
-147
-205
-240
-288
-318
-336
-349
-382
-406
-404
-416
-421
-417
-411
-400
-399
-413
-429
-439
-444
-447
-412
-385
-350
-319
-277
-249
-231
-199
-171
-112
-73
-35
-20
-30
-32
-33
-19
-13
23
51
81
115
140
159
190
226
242
271
302
318
326
336
319
298
271
260
254
269
291
287
291
292
289
261
239
205
146
100
71
57
53
65
71
81
93
118
139
170
189
193
173
152
119
84
48
18
-3
-19
-39
-47
-51
-43
-38
-55
-71
-95
-103
-124
-162
-195
-243
-282
-298
-289
-288
-292
-281
-273
-256
-246
-221
-215
-224
-211
-199
-185
-194
-191
-186
-180
-157
-130
-99
-73
-52
-35
-18
4
18
45
67
88
106
132
154
155
149
129
121
120
125
122
120
124
127
125
109
93
61
36
5
-11
-19
-26
-31
-31
-11
13
52
81
104
118
144
149
150
133
123
115
103
105
107
117
120
143
159
163
159
148
130
96
61
21
-18
-51
-77
-94
-95
-91
-86
-67
-58
-48
-45
-43
-46
-54
-55
-60
-59
-61
-54
-61
-69
-87
-114
-132
-152
-156
-157
-156
-145
-140
-127
-121
-120
-118
-112
-101
-89
-74
-51
-37
-23
-12
0
2
8
10
4
1
-10
-15
-23
-16
-14
-8
-1
-4
-8
-7
5
12
33
59
84
105
121
135
135
137
130
117
107
101
106
111
114
107
97
77
47
19
-11
-39
-58
-72
-83
-85
-74
-57
-35
2
32
57
88
121
148
160
180
192
209
220
215
210
195
181
159
129
108
67
35
-8
-48
-77
-105
-131
-157
-176
-191
-192
-191
-189
-188
-172
-163
-161
-158
-155
-149
-150
-141
-151
-158
-175
-189
-195
-202
-206
-221
-218
-221
-214
-215
-210
-204
-184
-149
-110
-64
-30
0
33
66
100
123
153
175
198
213
218
216
205
192
167
142
113
92
69
58
43
40
43
43
62
73
101
124
151
180
205
242
266
292
304
314
320
323
332
328
335
318
298
265
225
185
131
88
40
-2
-43
-80
-111
-131
-148
-161
-167
-173
-177
-178
-186
-202
-232
-259
-286
-317
-343
-362
-374
-380
-383
-393
-398
-407
-411
-424
-426
-427
-417
-401
-374
-339
-301
-247
-197
-134
-70
-1
67
126
180
214
244
254
260
259
246
231
204
181
155
130
112
93
76
67
66
69
81
99
121
145
171
203
236
278
314
344
377
401
421
433
441
437
422
401
374
338
294
251
207
170
133
95
55
20
-7
-27
-43
-52
-62
-61
-60
-62
-75
-101
-135
-176
-218
-269
-316
-364
-399
-425
-442
-459
-471
-483
-500
-511
-522
-524
-519
-505
-483
-456
-413
-364
-307
-242
-165
-91
-21
41
87
122
144
165
177
184
192
195
190
180
165
148
130
103
78
56
42
40
53
69
94
125
163
203
238
279
315
348
380
402
424
434
445
438
429
407
382
350
314
278
240
209
176
147
112
86
55
33
7
-11
-26
-37
-41
-51
-67
-92
-123
-160
-206
-252
-299
-345
-382
-408
-424
-437
-448
-460
-470
-476
-481
-479
-472
-456
-434
-403
-367
-318
-270
-214
-161
-110
-60
-16
24
51
79
106
132
156
171
178
175
165
151
134
112
90
76
66
65
71
88
111
137
166
195
227
260
296
329
357
382
402
417
425
428
419
403
376
346
308
269
234
202
174
145
118
88
56
29
-4
-29
-52
-68
-80
-94
-112
-139
-168
-203
-237
-276
-313
-352
-384
-410
-431
-447
-458
-466
-472
-470
-467
-458
-446
-428
-404
-372
-331
-284
-238
-187
-140
-93
-50
-12
26
59
92
124
154
179
197
206
207
200
188
169
150
130
113
101
94
91
98
116
140
171
202
235
267
301
334
360
381
392
398
400
400
396
386
370
346
319
286
249
207
167
128
92
62
34
7
-16
-35
-49
-59
-68
-78
-92
-113
-141
-174
-211
-247
-283
-315
-347
-374
-398
-415
-428
-432
-435
-433
-429
-422
-415
-405
-391
-371
-344
-309
-272
-234
-196
-155
-116
-78
-44
-12
19
47
74
95
110
118
123
122
119
111
104
95
91
86
82
80
80
85
96
113
134
160
188
216
244
271
291
306
313
316
318
321
324
326
324
318
304
288
265
239
211
185
159
137
116
98
81
67
57
48
38
24
2
-27
-63
-102
-144
-184
-220
-252
-281
-307
-327
-343
-350
-351
-346
-337
-325
-314
-304
-294
-284
-270
-252
-230
-204
-178
-148
-118
-88
-62
-41
-23
-8
6
19
30
36
38
38
34
29
23
17
13
10
10
12
16
22
34
50
69
89
108
127
143
157
170
180
186
193
198
202
208
215
221
225
225
219
210
197
181
167
153
141
131
119
108
95
84
75
67
55
39
18
-9
-40
-76
-110
-145
-173
-197
-217
-232
-245
-253
-256
-254
-249
-240
-232
-224
-212
-201
-188
-174
-156
-139
-120
-99
-78
-59
-42
-27
-18
-11
-7
-4
-2
-2
-3
-4
-5
-8
-10
-11
-12
-13
-9
-1
9
23
39
58
79
98
115
129
141
152
161
169
175
180
185
190
195
199
203
206
208
207
203
195
185
174
165
156
147
138
128
115
102
87
72
54
32
6
-24
-56
-88
-120
-153
-182
-207
-228
-245
-260
-271
-280
-286
-285
-282
-278
-274
-269
-259
-246
-231
-215
-199
-181
-162
-139
-117
-98
-79
-64
-51
-39
-28
-18
-10
-2
6
17
26
37
48
58
68
78
89
100
115
130
147
164
180
192
200
205
207
206
202
199
194
192
189
190
190
189
188
186
183
180
175
169
162
155
146
137
127
115
103
90
74
57
37
13
-15
-46
-80
-115
-148
-177
-203
-222
-235
-246
-250
-254
-257
-259
-259
-256
-252
-248
-242
-236
-229
-219
-209
-198
-186
-174
-161
-147
-133
-118
-106
-95
-84
-74
-64
-54
-43
-31
-18
-5
9
25
42
59
76
90
105
119
135
151
166
178
188
196
201
201
198
191
184
178
172
168
164
159
155
153
150
146
145
144
146
148
149
147
143
136
129
119
108
94
77
59
38
17
-8
-34
-61
-85
-106
-123
-138
-149
-158
-165
-171
-176
-180
-185
-189
-187
-186
-182
-179
-176
-174
-173
-171
-168
-165
-160
-153
-143
-134
-123
-114
-107
-101
-94
-86
-79
-68
-57
-44
-29
-13
3
18
34
50
67
84
99
113
127
140
151
161
169
173
176
176
175
172
167
160
155
149
145
142
139
137
137
137
137
136
137
135
130
124
116
106
95
82
66
49
30
9
-12
-36
-58
-81
-102
-120
-135
-148
-159
-168
-175
-181
-187
-191
-193
-194
-191
-187
-183
-179
-174
-171
-169
-164
-160
-154
-148
-140
-133
-123
-113
-103
-94
-84
-74
-62
-50
-36
-21
-7
9
25
39
54
69
84
98
112
125
136
145
153
158
161
166
170
174
177
180
181
182
179
177
175
175
173
174
174
174
173
170
166
161
154
144
132
118
99
79
56
32
5
-21
-47
-72
-98
-121
-144
-165
-183
-196
-207
-216
-220
-222
-222
-220
-217
-212
-205
-195
-184
-171
-160
-148
-139
-130
-122
-114
-105
-98
-91
-84
-74
-67
-60
-53
-49
-42
-37
-28
-19
-7
5
20
33
47
61
74
86
95
104
112
118
122
124
126
127
129
131
134
136
138
140
141
140
140
139
137
134
131
126
123
119
116
111
106
99
91
79
66
50
31
11
-8
-27
-45
-64
-81
-97
-112
-126
-137
-146
-152
-154
-155
-152
-148
-141
-134
-126
-116
-105
-93
-80
-67
-53
-42
-32
-24
-17
-12
-7
-5
-3
-1
0
0
-1
-3
-6
-8
-9
-9
-8
-4
0
7
11
18
23
29
33
37
39
40
42
43
42
41
41
40
40
40
41
41
40
40
38
38
36
35
33
32
30
30
30
31
32
33
33
33
31
28
24
17
11
4
-4
-12
-19
-29
-37
-45
-54
-61
-67
-72
-74
-75
-74
-73
-69
-64
-58
-51
-43
-32
-24
-13
-5
5
13
19
25
30
33
35
35
37
36
35
34
33
31
30
27
26
25
25
24
24
23
23
22
21
19
17
15
12
11
9
7
5
3
2
0
-1
-3
-4
-6
-7
-9
-10
-12
-13
-12
-12
-11
-9
-7
-4
-1
1
3
5
6
6
5
4
1
-2
-7
-13
-18
-24
-32
-38
-44
-49
-54
-56
-58
-60
-60
-57
-54
-49
-43
-36
-29
-20
-12
-4
5
12
18
24
29
33
36
36
37
37
37
36
35
35
33
33
32
32
31
30
29
28
27
26
24
22
20
17
15
11
10
7
5
3
2
1
2
1
0
0
-2
-1
-1
-3
-4
-4
-4
-4
-4
-3
-2
-1
-1
0
0
1
1
0
0
-2
-4
-6
-8
-12
-16
-19
-22
-26
-30
-34
-35
-37
-38
-37
-38
-36
-33
-30
-27
-23
-19
-14
-10
-5
-1
3
6
9
11
13
13
15
14
14
14
13
14
14
15
15
15
15
16
17
17
18
17
18
16
16
15
15
13
12
10
9
6
6
5
4
3
2
3
2
1
1
1
1
0
0
-1
-1
0
-1
0
0
0
0
0
1
0
0
0
0
0
-1
-2
-3
-3
-7
-8
-10
-12
-14
-16
-16
-16
-17
-16
-15
-13
-12
-10
-8
-6
-5
-4
-2
-1
0
1
2
3
3
3
4
4
3
3
4
4
5
6
6
5
6
7
7
6
6
6
5
5
4
3
2
2
1
1
0
0
-1
-1
0
0
-1
-1
0
0
0
1
1
1
1
2
1
2
1
1
0
1
0
0
0
-2
-2
-3
-4
-4
-6
-6
-7
-9
-9
-11
-11
-11
-11
-11
-9
-9
-7
-6
-3
-1
1
3
5
6
8
8
8
8
8
9
8
7
6
6
6
6
5
5
5
4
5
5
4
5
4
4
3
3
2
1
0
0
-2
-2
-2
-3
-4
-4
-3
-3
-3
-3
-3
-2
-1
0
0
1
1
2
2
3
3
4
3
3
3
2
1
1
1
0
-1
-1
-2
-2
-3
-4
-5
-7
-6
-6
-8
-8
-8
-9
-8
-8
-7
-7
-5
-3
-2
-2
1
1
2
4
4
4
6
5
6
5
5
5
4
3
3
2
2
2
1
1
2
1
1
0
1
1
1
1
1
2
2
1
1
1
1
1
1
0
0
0
0
0
-1
0
-1
0
0
0
1
1
1
2
1
3
3
3
3
3
3
2
2
2
1
1
1
-1
0
-2
-2
-2
-2
-2
-4
-4
-5
-5
-5
-5
-5
-4
-4
-3
-3
-4
-3
-2
-1
-1
0
0
0
1
1
1
2
1
1
1
0
1
1
1
0
0
1
1
0
0
0
2
2
2
1
2
2
3
3
3
2
2
2
2
1
1
1
0
0
0
-1
-1
-1
-1
-1
-1
-1
-2
-2
-1
-2
-1
0
-1
-1
0
-1
0
0
0
1
0
-1
-1
0
0
-1
-1
-1
-1
-2
-1
-1
-2
-2
-2
-2
-2
-2
-2
-2
-2
-2
-1
-1
-1
0
0
0
0
1
1
1
1
2
2
3
2
2
3
2
3
3
3
4
3
3
3
4
3
2
2
2
1
2
2
0
0
0
0
-1
-2
-2
-1
-2
-2
-2
-2
-3
-3
-3
-3
-2
-2
-1
-2
-1
-1
0
0
0
0
0
0
-1
-1
-1
-1
-1
-1
-1
-1
-1
-1
-1
-2
-2
-2
-2
-2
-2
-1
-1
0
-2
-1
-1
0
0
0
1
-1
1
1
0
2
2
2
2
2
3
3
2
3
3
3
2
3
2
3
3
3
2
2
1
2
1
1
1
1
0
-1
-1
-1
-1
-2
-1
-2
-2
-2
-3
-3
-1
-2
-2
-1
-1
0
-1
-1
0
0
-1
-1
0
0
0
0
-1
0
-1
0
-1
0
-1
0
0
-1
0
-2
0
-1
-1
-1
-2
-2
-1
0
0
-2
0
-1
0
0
0
0
0
1
1
1
2
1
1
1
1
1
1
2
2
2
1
1
1
1
1
1
1
1
1
0
1
1
0
0
0
0
0
-1
0
0
-1
0
0
-1
-1
-1
-1
-1
0
0
-1
-1
-1
0
0
0
-1
-1
-1
0
1
0
0
0
0
0
0
0
0
-1
-1
0
0
-1
1
0
0
-1
0
-1
-1
-1
0
0
-1
-1
0
-1
0
0
0
0
0
1
0
0
1
1
1
1
0
1
1
1
1
1
1
0
0
0
0
0
0
0
0
0
0
-1
0
-1
0
0
0
0
-1
0
0
0
0
-1
0
0
-1
-1
-1
0
-1
0
0
-1
0
0
0
-1
1
0
0
1
1
0
1
1
0
0
0
0
1
0
0
0
0
-1
0
0
0
0
0
0
0
0
0
0
1
0
1
0
-1
2
0
0
0
0
0
0
0
0
0
0
0
0
0
0
0
0
0
0
0
0
0
0
-1
0
0
0
-1
0
0
-1
-1
0
0
0
0
0
0
1
-1
0
-1
0
0
0
0
0
0
0
0
0
0
0
0
0
-1
0
0
0
1
0
0
-1
0
0
0
1
0
0
0
0
0
-1
1
0
1
1
1
0
0
1
0
0
1
0
0
0
1
-1
-1
1
0
0
0
-1
0
0
0
0
0
0
0
0
0
-1
0
0
0
-1
0
0
1
1
0
0
0
0
0
0
0
0
0
0
-1
1
0
0
1
0
0
0
0
1
-1
0
0
0
0
-1
1
0
0
-1
0
0
0
0
0
-1
0
-1
1
0
0
1
0
0
0
0
0
0
0
0
-1
0
0
0
1
0
1
0
-1
0
0
-1
0
0
1
1
0
0
0
-1
-1
0
0
0
-1
0
0
1
0
1
0
0
1
0
0
1
0
0
0
0
0
0
0
0
0
0
0
-1
1
0
0
0
0
0
0
0
0
0
1
-1
0
-1
0
0
0
0
0
-1
0
0
0
0
0
0
0
0
0
0
0
0
0
-1
1
1
-1
0
0
0
0
0
0
0
0
0
0
0
0
0
-1
0
0
0
0
0
0
0
0
-1
0
0
0
0
-1
0
-1
0
0
0
0
0
-1
0
0
-1
0
0
0
1
0
0
0
0
0
0
1
0
0
0
0
0
1
0
0
0
1
1
0
0
0
0
0
0
0
0
1
1
1
0
0
-1
0
0
0
-1
-1
0
0
0
0
0
0
0
0
0
0
0
0
0
0
0
0
0
0
0
0
0
1
1
1
0
-1
0
0
0
0
0
0
1
-1
-1
0
0
0
0
0
1
0
-1
0
0
0
0
0
0
0
0
-1
0
0
0
0
1
0
0
0
0
0
-1
1
1
0
0
0
0
1
0
0
0
0
0
0
0
0
0
0
0
0
1
0
0
0
0
0
0
1
0
0
0
0
0
0
0
0
0
0
1
0
-1
0
0
0
0
-1
0
0
0
0
0
0
-1
0
0
-1
0
0
0
-1
1
0
0
0
0
0
0
0
0
0
0
0
0
0
-1
0
-1
0
0
0
0
0
0
0
0
0
1
0
0
0
0
0
0
0
0
0
0
0
1
0
0
0
0
0
0
0
0
0
-1
0
0
1
0
0
0
0
0
0
0
1
0
0
0
0
0
0
-1
0
1
0
0
0
0
0
0
0
0
-1
0
0
0
0
0
0
0
0
1
0
-1
0
1
0
0
-1
0
0
0
0
-1
0
0
0
0
1
0
0
0
0
0
0
0
0
-1
0
0
0
0
0
0
0
0
0
1
0
0
0
0
0
1
0
0
1
0
1
-1
0
0
0
0
0
0
0
0
-1
0
-1
-1
0
0
0
0
0
0
0
0
0
0
-1
0
-1
0
0
0
0
0
0
-1
0
0
0
0
0
0
0
0
0
0
0
0
0
0
0
0
0
1
1
0
-1
0
0
0
0
0
0
0
0
0
0
0
0
0
0
0
0
1
0
0
0
0
0
1
0
0
0
0
0
0
0
-1
-1
0
0
0
0
0
-1
-1
0
0
0
-1
1
0
0
-1
0
0
0
0
0
0
0
0
0
0
0
0
0
0
0
0
1
0
0
-1
0
0
0
0
0
0
1
0
0
-1
-1
0
0
0
0
-1
0
0
0
0
0
1
0
0
1
0
1
0
0
0
0
0
0
-1
0
0
0
0
0
0
1
0
0
0
0
0
0
-1
-1
0
-1
0
0
0
0
0
0
0
0
0
0
0
0
0
0
-1
0
0
0
0
1
0
0
0
0
0
0
0
0
0
0
-1
1
-1
0
0
0
0
0
0
0
0
1
0
1
0
0
0
1
-1
0
0
0
0
0
0
0
0
0
0
-1
0
0
0
0
1
1
0
1
0
0
0
0
0
0
0
0
0
0
-1
-1
-1
-1
0
0
0
0
0
-1
0
0
0
0
0
-1
0
-1
0
1
0
0
1
0
0
-1
0
-1
0
0
0
-1
0
1
-1
0
0
0
0
-1
0
1
0
-1
1
1
0
1
-1
0
0
1
0
0
-1
1
0
0
1
0
0
0
0
1
0
0
0
0
1
0
-1
0
-1
0
1
0
1
-1
0
1
0
0
0
0
0
-1
0
0
0
0
0
0
0
0
0
0
-1
0
1
0
1
0
-1
0
0
1
0
0
0
0
0
0
-1
0
-1
0
0
0
0
0
0
0
1
0
1
0
0
0
0
0
-1
0
0
0
0
0
-1
0
0
0
0
0
0
1
0
0
0
0
1
0
0
0
0
0
0
0
0
0
-1
0
1
0
0
0
0
0
0
0
0
0
0
0
0
0
0
0
-1
