0
0
0
0
0
-1
1
0
0
0
1
0
1
0
0
0
0
0
0
0
-1
0
1
0
0
0
1
0
0
0
0
-1
1
1
0
0
1
0
0
0
0
0
0
0
0
-1
0
0
0
0
1
0
0
0
0
0
0
-1
-1
1
0
0
1
0
0
-1
0
-1
1
0
1
0
0
0
0
1
-1
0
0
0
0
0
0
0
0
0
0
0
0
0
0
-1
0
0
0
0
1
0
0
0
0
0
0
0
0
-1
0
0
0
-1
0
0
1
0
-1
0
0
0
0
1
1
1
0
0
-1
0
0
-1
0
0
0
0
-1
0
0
0
0
0
0
1
0
0
0
0
0
1
0
0
0
0
0
0
0
-1
1
-1
0
-1
0
0
0
0
-1
0
0
0
0
0
0
0
0
0
1
0
0
0
0
0
0
0
0
0
0
0
0
0
0
-1
0
0
0
1
0
0
0
0
-1
0
-1
0
1
0
0
1
0
0
0
0
0
0
0
0
0
0
1
-1
0
-1
0
0
-1
0
0
0
0
-1
0
0
0
0
0
1
0
0
0
0
0
0
0
-1
0
0
0
0
0
0
-1
0
0
0
0
0
0
-1
0
-1
0
0
0
0
1
0
0
0
0
0
0
0
0
0
0
0
0
1
0
0
0
0
1
0
-1
0
1
0
0
0
0
0
0
0
-1
-1
0
0
0
1
0
-1
0
0
-1
0
0
0
-1
0
0
1
0
0
0
0
0
0
1
0
0
0
0
1
0
0
0
1
1
0
0
0
0
0
0
1
0
1
0
0
0
1
0
0
0
-1
1
1
0
-1
0
0
0
0
0
0
0
0
0
0
0
1
0
1
0
0
0
0
0
-1
0
1
0
0
-1
0
-1
0
0
-1
0
0
0
0
0
0
0
0
0
0
0
0
0
0
0
0
0
0
0
0
0
0
0
0
0
0
0
0
0
0
0
0
0
-1
0
0
0
0
0
0
0
-1
0
0
0
0
0
0
0
0
0
0
0
0
0
0
0
0
0
0
0
0
0
0
1
-1
0
0
0
0
0
0
0
1
0
0
0
0
0
-1
0
0
0
0
0
0
0
0
0
0
-1
-1
-1
-1
0
-1
0
0
0
0
0
0
-1
-1
0
-1
0
0
0
-1
0
0
0
0
0
0
0
1
0
0
0
0
0
0
0
0
0
0
1
1
0
0
0
0
0
0
0
0
0
0
0
1
0
0
0
0
0
1
1
0
0
0
0
0
-1
0
0
0
0
0
0
1
0
0
1
0
0
0
1
0
0
1
0
1
1
0
0
0
0
0
0
0
0
0
0
1
0
1
1
-1
0
0
0
0
0
0
0
0
0
0
0
1
0
0
1
0
0
0
1
0
0
0
-1
0
0
0
0
0
0
0
0
0
0
1
0
0
0
-1
-1
0
0
0
0
0
0
0
0
0
0
-1
0
1
0
0
0
0
0
0
0
-1
0
1
0
0
0
0
-1
0
-1
-1
0
0
0
0
1
0
0
0
0
0
0
0
0
1
1
0
1
-1
0
0
0
0
0
0
0
0
0
0
0
0
0
0
0
0
0
0
0
0
0
0
0
0
0
0
0
0
-1
1
0
1
0
0
1
0
0
0
0
0
1
-1
0
0
0
0
0
1
0
0
-1
0
0
0
0
1
0
0
1
-1
-1
0
0
0
0
0
0
0
0
0
0
0
-1
0
0
0
1
0
0
0
0
1
0
-1
-1
0
0
0
-1
0
0
0
0
0
-1
0
0
0
0
-1
0
0
0
0
0
0
0
0
0
0
0
0
0
0
-1
0
0
0
0
0
0
0
0
0
1
0
-1
0
0
0
0
0
0
0
0
0
0
0
0
0
0
0
0
0
0
0
-1
0
0
0
0
0
0
0
0
0
0
0
0
0
1
0
0
0
0
0
0
0
1
0
0
0
1
1
0
0
0
-1
1
1
0
0
0
0
0
0
0
1
0
0
0
1
0
0
0
0
0
-1
0
0
0
0
0
0
0
0
0
0
-1
-1
-1
0
0
0
0
-1
0
0
0
0
0
0
0
0
0
1
0
1
0
0
0
0
0
0
1
-1
0
1
-1
0
0
0
0
0
0
0
-1
0
0
0
-1
0
-1
0
0
0
0
0
-1
0
0
0
0
0
0
-1
0
0
0
0
0
0
0
0
-1
-1
0
0
0
0
0
1
0
0
0
0
0
-1
0
0
0
0
0
0
0
0
0
1
0
1
0
0
1
-1
1
0
0
0
-1
-1
0
0
0
-1
0
-1
0
0
0
-1
0
0
0
0
1
0
0
0
0
0
0
1
0
1
0
0
0
0
0
0
1
0
0
0
1
1
0
0
0
0
0
0
0
0
-1
1
0
0
0
0
0
0
0
1
0
0
-1
0
0
0
-1
-1
0
0
1
0
-1
0
0
0
0
0
0
-1
-1
0
0
-1
1
0
1
0
0
0
0
0
0
1
0
0
0
-1
0
0
0
0
0
1
-1
0
0
0
0
0
0
0
0
0
1
0
0
0
0
0
0
-1
0
0
-1
0
0
-1
0
0
0
0
0
0
0
0
1
0
0
-1
1
0
0
-1
-1
0
0
0
1
-1
0
0
0
-1
1
0
0
0
1
-1
0
0
0
0
0
0
0
0
0
0
0
-1
0
0
0
0
0
0
0
0
0
0
1
-1
0
0
-1
1
0
0
-1
0
0
0
0
0
0
0
0
0
0
0
-1
0
0
0
0
0
0
0
-1
0
0
0
-1
0
0
-1
-1
0
0
0
0
0
1
1
-1
0
-1
0
0
0
0
0
0
0
0
1
0
0
0
0
-1
0
0
0
1
0
0
0
0
0
1
1
0
0
0
0
0
-1
0
-1
1
0
1
0
0
1
0
0
1
0
0
0
1
-1
-1
1
0
0
0
-1
0
0
1
0
0
0
0
0
0
-1
0
0
0
-1
0
0
1
1
-1
0
0
0
0
0
0
0
0
0
-1
1
0
0
1
0
0
0
0
1
-1
0
0
0
0
-1
1
0
0
0
0
0
0
0
0
-1
0
0
1
0
0
1
0
0
0
0
0
0
1
-1
0
0
0
0
1
0
0
0
0
-1
0
0
0
0
1
2
-1
0
1
-1
-2
1
0
-2
0
0
1
0
0
2
-1
-1
2
0
-1
1
1
-2
1
0
0
1
-1
1
0
-1
1
0
0
0
1
-1
-1
2
-2
1
0
-2
1
1
-1
-2
1
0
0
-1
2
0
-2
1
0
0
0
0
2
-2
-1
3
-2
-3
5
-2
-2
3
0
-1
-1
0
3
-3
0
2
-2
1
-1
-1
2
-2
-2
1
1
-1
-1
1
0
-1
-1
1
-3
3
-2
0
2
-3
0
1
-4
2
3
-5
4
-2
1
-1
-1
2
-1
4
-5
1
5
-5
-2
7
-3
-4
8
-5
0
4
-4
2
2
-2
1
2
-1
-1
0
2
-4
3
1
-3
5
-1
-1
4
-3
-2
5
-5
1
2
-3
-1
3
-3
1
1
-2
3
-1
-2
0
4
-3
-1
2
-1
-1
2
-2
0
3
-3
-1
4
1
-6
4
2
-7
3
5
-5
0
7
-7
2
2
-4
4
0
-3
3
1
-5
4
0
-4
7
-5
-2
6
-3
-5
5
2
-6
3
3
-1
-2
0
2
0
-5
3
6
-7
-2
12
-10
-2
14
-9
-7
16
-7
-9
14
-3
-8
7
-1
-2
2
-2
4
-2
-4
7
1
-10
6
8
-11
-1
10
-2
-8
4
11
-15
5
8
-10
5
0
-5
8
-3
-8
12
-4
-3
4
-3
4
-4
-4
12
-11
0
9
-8
0
11
-10
-6
20
-16
3
4
-5
5
-4
-5
14
-6
-16
21
-6
-6
6
0
0
-1
1
3
-5
1
3
3
-6
-3
10
-5
-2
-2
6
-7
9
-10
8
-2
-4
9
-12
10
-2
-8
5
11
-18
5
4
-1
0
-12
19
-8
-8
9
-1
-1
1
0
-4
2
13
-21
9
12
-17
3
7
6
-16
3
10
1
-14
5
8
-10
4
3
-6
-7
19
-8
-9
5
8
-9
1
6
-8
5
-6
16
-25
20
-9
1
4
-14
21
-17
1
18
-15
-14
32
-15
-2
-3
1
21
-31
14
12
-18
-4
25
-9
-30
48
-21
-26
40
-10
-17
7
8
-1
-2
-8
21
-23
13
0
-3
7
-14
13
11
-36
34
0
-51
73
-40
-10
6
23
4
-47
23
23
-16
-6
2
-8
26
-24
8
4
-17
19
3
-15
-20
59
-53
16
28
-59
44
11
-24
-24
49
-26
10
12
-54
47
18
-35
-10
19
12
-9
-11
-3
8
26
-34
-10
41
-29
17
-11
-7
1
25
0
-61
57
11
-39
15
4
-12
11
24
-35
-14
46
-12
-10
-10
0
25
-6
-32
37
-30
35
-34
11
16
-42
39
10
-68
64
1
-56
63
-51
22
19
-34
10
-1
19
-17
-16
36
-27
35
-48
-6
89
-73
-24
58
1
-45
28
6
-26
19
18
-47
25
24
-38
10
11
-26
50
-58
36
-6
-5
5
13
-24
-15
69
-64
4
49
-12
-93
146
-92
11
17
-21
50
-74
40
15
-22
-13
41
-34
-7
48
-31
-36
81
-61
-14
82
-59
-34
69
9
-95
56
86
-184
132
20
-119
103
-57
35
-3
-52
71
-11
-68
43
71
-101
-25
136
-65
-83
126
-36
-72
104
-41
-42
50
-12
21
-30
-20
18
69
-84
-16
91
-67
-29
101
-75
-30
96
-35
-54
52
7
-49
117
-177
54
148
-167
43
51
-59
26
61
-135
76
33
-49
19
-19
-2
-1
79
-105
-5
95
-28
-101
137
-80
-46
143
-113
-2
85
-79
-28
154
-131
-52
199
-121
-86
190
-112
-30
69
-3
-22
-26
49
15
-56
-36
96
37
-148
12
183
-171
-21
144
-109
6
73
-59
-36
67
18
-75
30
-15
42
5
-87
54
59
-76
-7
72
-61
9
16
27
-102
105
3
-91
54
17
29
-107
57
75
-92
-46
121
-20
-97
84
40
-123
34
124
-144
21
55
-9
-39
-13
84
-77
57
-50
12
35
-33
3
2
-18
56
-36
-54
90
-18
-52
21
46
-27
-35
25
-7
48
-80
53
-20
-35
99
-50
-74
95
-13
-48
69
-77
63
-25
2
1
-16
44
-42
-11
66
-34
-19
27
-49
95
-85
15
42
-58
19
78
-122
6
118
-44
-133
149
0
-124
141
-83
18
-33
80
-60
-4
25
-19
81
-149
57
186
-289
98
146
-198
100
-50
63
-65
64
-32
-15
35
-24
39
-75
9
92
-69
-23
64
-89
131
-75
-63
74
24
-48
41
-75
37
77
-83
-27
86
-45
-33
116
-148
58
60
-39
-13
-83
184
-59
-145
154
-77
51
28
-174
213
-107
-1
75
-117
67
-19
108
-235
155
90
-198
130
-63
-2
106
-103
-25
74
-18
-1
-23
-46
161
-124
-49
179
-173
37
149
-193
58
15
49
-48
-60
87
-18
68
-240
325
-243
86
73
-116
37
6
48
-109
100
-121
251
-328
227
-39
-56
53
-69
99
-74
10
5
15
-35
33
14
-53
3
149
-215
83
90
-145
64
35
-76
92
-102
82
-17
-29
16
15
9
-113
184
-121
-30
26
179
-284
167
-16
3
-27
-23
95
-203
284
-244
160
-121
34
137
-146
16
6
91
-153
99
-51
68
-106
103
27
-144
95
-4
83
-260
220
34
-205
120
41
-7
-173
304
-262
115
-15
-8
28
-130
219
-186
121
-137
190
-112
-57
129
-55
-16
-3
-1
55
-55
-38
102
-52
-16
-26
160
-154
-70
261
-179
-71
167
-70
-35
101
-104
15
51
21
-175
168
60
-204
86
101
-98
-80
267
-359
257
-11
-148
97
45
-134
94
132
-341
247
80
-215
21
225
-293
222
-78
-96
173
-136
81
-121
213
-230
91
178
-319
107
195
-264
41
181
-185
36
123
-162
14
187
-231
81
73
-68
-54
154
-52
-179
308
-165
-124
344
-271
-69
327
-265
62
46
-16
-45
131
-180
38
206
-301
138
1
3
-22
16
-43
99
-146
127
-22
-173
292
-180
25
-48
243
-322
125
119
-204
180
-106
34
-4
7
-59
163
-235
151
165
-389
204
151
-266
37
241
-252
-4
134
-77
-28
87
-62
90
-137
92
-61
59
42
-254
377
-241
21
49
-5
17
-107
140
-57
-130
256
-178
-13
169
-207
188
-121
27
28
-103
221
-309
295
-201
175
-153
-10
211
-286
156
-20
58
-129
199
-281
316
-232
-16
257
-420
269
85
-220
157
-163
320
-320
115
123
-345
496
-436
216
7
-251
510
-460
78
332
-495
427
-253
-20
354
-593
478
-129
-130
213
-217
249
-325
397
-315
-40
414
-459
218
22
-133
235
-286
139
194
-531
507
-128
-228
277
-118
-34
108
-57
-125
277
-210
9
64
24
-30
17
-165
299
-183
-27
58
53
-68
-76
212
-140
-30
96
-10
-129
164
-90
40
-64
181
-303
343
-203
-1
71
-80
101
-98
36
-58
22
134
-208
32
325
-514
445
-328
175
66
-376
517
-317
-133
422
-354
32
171
-144
182
-252
168
-60
43
-36
-58
207
-263
200
-24
-68
15
48
65
-259
326
-205
-33
247
-212
-81
350
-269
-73
281
-215
73
-115
223
-306
285
-156
7
203
-527
653
-296
-258
435
-163
-77
106
-18
-44
-1
59
-8
-169
250
-130
-11
53
-34
106
-235
305
-270
143
-15
-73
187
-299
273
-127
-98
184
-125
192
-265
143
125
-282
173
-37
43
-178
220
-33
-205
293
-201
80
89
-297
355
-150
-193
262
-42
-222
274
-84
-150
333
-265
14
185
-150
15
15
38
-78
26
96
-141
86
-50
86
-160
180
-99
-49
149
-174
136
23
-143
32
120
-161
80
138
-361
342
-37
-259
316
-187
113
-103
-8
311
-540
376
55
-371
252
65
-185
98
-33
36
-9
-107
217
-75
-258
395
-133
-96
-69
282
-50
-370
420
-163
-87
-16
276
-273
55
201
-205
122
-155
255
-276
93
56
-81
-28
22
237
-482
543
-459
326
-160
-145
432
-507
303
-29
-12
-119
173
-100
52
-19
-90
235
-221
58
101
-92
-17
72
26
-147
91
49
63
-353
352
48
-371
195
194
-289
59
177
-102
-170
169
99
-324
126
241
-284
-65
403
-409
198
-18
10
-32
34
-33
-8
106
-273
371
-249
14
125
-90
51
-92
81
42
-174
201
-147
43
99
-162
61
127
-245
168
27
-34
-165
328
-213
-135
288
-145
-66
140
-126
84
99
-323
411
-249
-1
61
110
-300
188
108
-255
182
-52
101
-269
319
-140
-81
169
-116
119
-221
315
-322
251
-110
-88
203
-207
98
1
-85
60
71
-177
206
-75
-87
194
-142
-37
130
-24
-63
19
105
-172
268
-240
-36
227
-158
-100
178
-66
-86
153
-69
-74
33
177
-253
31
317
-424
245
67
-290
266
-103
-84
213
-240
292
-233
-33
361
-464
307
-74
-142
220
-168
28
-68
177
-176
110
7
-112
192
-180
92
-36
-15
129
-246
260
-132
-10
122
-241
317
-312
111
156
-227
123
-7
42
-171
126
5
-133
16
227
-333
272
-52
-126
232
-282
259
-252
175
-140
104
-10
-188
452
-452
243
0
15
-43
-117
352
-418
181
68
-157
92
-56
123
-117
116
-192
315
-228
-69
226
-233
173
-233
209
-89
69
-234
349
-124
-208
432
-441
277
-125
128
-241
224
-65
7
-18
4
242
-508
469
-232
-9
101
-181
174
-89
-47
170
-56
-99
149
-81
114
-150
4
53
-55
53
-132
283
-285
184
27
-67
-73
157
-43
-175
179
-16
-89
9
207
-280
223
-71
-83
166
-223
92
75
-166
78
89
-128
93
-101
175
-226
140
34
-85
55
-131
254
-295
181
-38
19
-26
-12
64
-201
251
-64
-93
37
233
-300
139
34
-11
-32
-74
242
-279
87
9
46
-165
143
-96
39
-2
-29
-24
73
-74
-95
279
-309
170
170
-445
436
-221
-46
134
-76
4
48
69
-78
16
83
-47
-222
402
-460
370
-177
-22
90
44
-19
-189
456
-499
277
3
-143
84
-32
73
-191
161
34
-166
150
-72
24
45
-114
40
149
-281
309
-157
-73
288
-295
122
-98
113
-42
-22
-33
267
-332
73
312
-539
411
-219
116
-162
31
209
-229
160
-86
201
-134
-73
271
-236
14
284
-432
310
-77
-51
41
-83
64
-37
-115
199
-277
209
-108
-21
277
-510
543
-275
-41
183
-180
126
-219
241
-84
-104
284
-248
148
9
-69
-101
281
-337
103
63
-76
-98
245
-94
-136
195
-109
72
-56
-20
100
-60
-22
44
15
-124
68
174
-333
189
106
-173
-30
299
-222
-96
354
-296
-7
163
-202
129
-191
256
-220
140
-41
141
-160
-65
369
-516
533
-469
405
-285
105
195
-400
426
-332
236
-114
-23
67
-142
135
-80
-89
144
-117
10
168
-225
281
-193
-36
334
-662
691
-405
-36
265
-161
72
28
76
-158
277
-229
6
95
-104
-47
156
-165
11
156
-64
-147
291
-115
-230
187
22
-300
183
-21
-2
-65
237
20
-343
543
-308
64
-49
19
-31
-118
273
-186
-88
421
-256
-38
146
-45
-26
-202
249
-274
104
11
-183
295
-268
160
236
-487
460
-214
12
-113
37
-27
-54
206
-200
114
43
75
-194
279
-219
-47
223
-180
-230
306
16
-389
481
-98
-43
107
42
84
-362
390
-191
71
-150
29
185
-358
204
189
-430
161
345
-518
268
49
-202
171
-228
323
-232
-133
297
-227
180
-282
365
-234
-108
482
-345
18
38
224
-321
-74
456
-423
100
163
-128
-64
280
-122
-248
378
-198
29
158
-429
489
-128
-407
608
-270
-250
407
-90
-296
285
68
-253
18
127
-139
-73
205
-120
-86
254
-398
416
-129
-135
282
-195
3
116
-144
2
154
-210
234
-70
31
157
-169
120
-102
-164
261
-285
30
4
124
-147
73
-68
75
192
-461
622
-496
242
179
-494
379
-222
31
186
-208
-12
402
-406
277
-82
-239
376
-349
195
-228
190
33
-305
366
-373
300
-151
-18
139
-172
202
-51
-73
105
86
-355
395
-283
74
86
-286
377
-406
465
-378
270
-69
-165
464
-494
250
27
-213
192
-114
-91
53
-13
118
-280
277
130
-329
328
-124
51
-53
92
-22
-283
366
-190
9
155
-323
387
-42
-241
306
-288
9
229
-325
90
16
-17
-6
104
-58
-83
184
-129
-72
-4
-49
86
-112
-145
264
-194
157
-2
-89
354
-332
286
91
-576
661
-334
-37
356
-567
701
-248
-265
568
-301
20
174
-122
190
-118
116
-239
308
-358
-40
368
-708
690
-269
-106
282
-315
390
-367
149
97
-294
277
119
-388
460
-105
-181
408
-468
337
-44
-89
-147
417
-434
52
329
-359
405
-246
327
-312
132
53
-371
386
-358
64
328
-347
84
352
-580
386
-31
-428
454
-278
23
61
-24
0
-100
52
-47
-59
-85
52
162
-511
365
-126
-169
119
-313
450
-452
82
175
-222
-31
221
-265
115
21
-205
580
-647
452
29
-394
517
-409
218
125
-309
342
15
-188
68
185
-155
-168
323
-104
-169
213
-230
117
123
-377
399
-205
32
178
-189
200
-348
256
-26
-183
256
-210
314
-215
287
-127
-17
225
-255
233
-128
110
195
286
99
272
390
134
183
184
31
-33
294
-452
213
-55
-248
271
-459
130
-200
-167
-174
-387
-75
-538
-163
-218
-277
-102
30
-418
-8
153
-459
254
-62
37
318
55
85
221
-7
56
93
-44
222
-100
137
-62
156
2
-215
92
-71
-61
-114
-158
-142
-135
-292
-132
-80
-213
81
-3
88
87
28
93
-54
109
70
179
177
213
332
499
319
312
586
211
672
249
210
486
-66
-60
12
-27
-483
15
-491
-598
-80
-766
-445
-735
-588
-605
-448
-572
-498
-166
-413
-54
-116
52
28
143
49
262
200
225
279
144
442
207
493
336
306
413
136
308
139
-19
-73
-39
-340
-130
-146
-311
-95
-247
-128
-173
-146
-137
-146
-266
-96
-129
-293
-124
-99
-9
-249
78
60
-78
66
-5
-104
26
0
-242
86
-140
-67
154
-145
61
132
135
133
191
150
172
341
68
356
301
410
395
299
549
230
229
254
98
183
246
128
257
128
282
243
135
389
197
381
186
227
339
180
166
202
261
202
267
220
319
159
107
321
122
264
111
335
106
-40
200
-216
-49
-176
-151
-107
-251
-160
-281
-412
-428
-458
-636
-436
-752
-681
-611
-889
-680
-797
-747
-812
-809
-925
-833
-906
-1109
-910
-1136
-1136
-1079
-956
-1009
-991
-647
-810
-636
-524
-577
-299
-282
-186
67
60
240
277
354
342
226
424
337
428
456
422
501
603
529
644
770
652
794
982
856
983
1104
1064
1332
1303
1453
1770
1778
1801
1966
1953
1902
1933
1848
1826
1741
1735
1655
1432
1326
1035
861
623
483
492
291
232
89
-111
-327
-483
-676
-889
-840
-923
-926
-1038
-1174
-1275
-1459
-1562
-1652
-1656
-1670
-1741
-1918
-2040
-2215
-2398
-2541
-2712
-2744
-2887
-3035
-3166
-3498
-3775
-3990
-4123
-4143
-4022
-3388
-2482
-1757
-1043
-539
153
826
1405
1925
2388
3111
3788
4474
4734
4857
5021
5066
4913
4416
4233
3961
3452
2932
2021
1546
1034
489
-143
-588
-992
-1342
-1572
-2170
-2534
-2834
-2678
-2652
-2390
-2111
-1319
-423
-325
269
566
1433
1770
2025
2710
3095
3636
3542
3668
3365
3099
2815
2647
2595
2208
2141
1558
1158
504
89
-379
-878
-957
-991
-910
-1306
-1703
-2088
-2469
-2961
-2934
-2805
-2747
-2651
-2890
-2880
-3155
-3542
-3877
-4284
-4142
-4067
-4014
-4220
-4586
-4805
-5023
-5186
-5445
-5401
-3964
-2418
-971
-263
233
1649
2252
3038
3280
3735
4713
5756
6690
6409
6431
6331
6115
5315
4200
4063
3761
3313
2117
1061
366
-227
-1061
-1860
-2499
-2609
-2214
-2459
-2796
-3360
-3070
-2746
-2547
-2400
-1801
-867
-389
96
233
1229
1988
2653
3549
4210
5323
5611
5673
5221
4808
4643
4364
4155
3613
3470
2975
2230
1330
507
-47
-698
-785
-801
-632
-806
-1178
-1582
-1932
-2142
-2329
-2437
-2578
-2392
-2596
-2762
-3192
-3693
-4166
-4599
-4686
-4997
-5241
-5641
-5921
-6350
-6821
-6982
-7286
-7254
-7281
-7126
-7228
-6221
-4058
-2204
-616
-374
1186
2821
4096
4816
4744
5757
6935
8488
8739
8520
8366
8275
7830
6230
5334
4851
4639
3407
1714
391
-462
-1172
-2495
-3418
-3996
-3552
-3367
-3832
-4391
-4481
-3852
-3371
-2804
-2422
-1363
-325
133
537
781
1463
1998
2660
3751
4943
5827
6121
6026
5824
5720
5624
5393
5064
4697
4361
3870
2969
2008
886
64
-339
-296
-32
-59
-480
-1042
-1315
-1520
-1692
-1917
-1992
-1832
-1851
-2041
-2647
-3300
-4038
-4815
-5199
-5450
-5276
-5634
-6207
-6754
-7305
-7563
-8105
-8229
-8425
-8080
-7591
-7431
-7429
-7469
-5154
-2537
-218
1007
1614
3844
5215
6690
6853
7016
7948
9193
10481
9966
9548
8739
8281
6843
4998
4268
3572
2904
674
-1372
-2735
-3409
-3929
-5069
-5401
-5339
-4502
-4286
-4675
-4891
-4401
-3071
-1934
-861
375
1702
2537
2850
2940
3281
3823
4255
4820
5638
6604
6889
6099
5218
4425
4280
3832
3483
3171
2902
2734
1896
880
-381
-1123
-1443
-1135
-479
95
278
-207
-571
-871
-898
-1041
-1213
-1064
-813
-673
-1389
-2494
-3541
-4452
-5039
-5625
-5603
-5756
-6317
-7018
-7938
-8408
-8826
-9123
-9067
-8949
-8355
-7752
-7481
-7765
-7192
-4206
-1130
1415
1901
3262
5574
7231
8431
8048
8394
9422
11237
11699
10662
9469
8406
7720
5559
3905
2986
2372
1123
-1478
-3603
-4851
-5033
-5669
-6393
-6611
-5602
-4207
-3989
-4337
-4496
-3231
-1408
248
1569
3014
4481
4988
4890
4567
4892
5173
5219
5027
5144
5790
5396
4004
2174
1406
1497
1355
1255
1062
1242
1086
626
-102
-818
-944
-440
565
1415
2032
2050
1542
905
481
370
186
-122
-308
-168
-589
-1706
-3301
-4736
-5468
-6278
-6566
-6738
-6981
-7380
-8213
-8641
-8990
-8958
-8890
-8680
-8219
-7475
-6545
-6342
-6439
-6516
-3471
154
3058
4065
4387
6757
8171
9458
8679
8409
9134
10582
11431
9734
8052
6173
5496
3544
1426
389
-376
-1013
-3464
-5543
-6854
-6734
-6533
-6940
-6453
-5115
-2829
-2124
-2191
-2471
-1182
1124
3110
4825
5865
6995
7239
6675
5817
5351
5159
4659
4185
3758
3813
3387
1752
-147
-1512
-1216
-704
-343
-57
328
675
426
282
145
334
834
1882
3105
3745
3770
3041
2063
1241
638
356
-163
-651
-1168
-1836
-2897
-4527
-5940
-7127
-7672
-8045
-8271
-8110
-8201
-8379
-8768
-8755
-8362
-7975
-7346
-6776
-5684
-4902
-4420
-4337
-4340
-1479
2090
5051
5612
5499
7280
8797
9686
8550
7897
8238
9521
9788
7774
5654
3829
3193
1300
-666
-1790
-2135
-2416
-4421
-6247
-7247
-6371
-5614
-5483
-4713
-3016
-407
510
448
97
1351
3567
5414
6720
7023
7603
7178
6144
4731
3601
3059
2249
1645
1077
1063
412
-1054
-2534
-3241
-2386
-1528
-717
48
907
1718
1863
1890
1954
2304
2981
3871
4655
4940
4637
3613
2376
1177
178
-466
-1371
-2186
-2930
-3607
-4636
-6044
-7444
-8414
-8808
-9005
-8797
-8418
-8021
-7625
-7594
-7405
-7111
-6664
-5870
-5143
-4222
-3492
-2965
-2949
-2986
-752
2545
5088
5441
5130
6608
8003
8813
7800
6679
6608
7713
8183
6443
4311
2684
2357
1006
-807
-1794
-2115
-2054
-3550
-5178
-5847
-5057
-3915
-3608
-2792
-1335
967
1811
1535
1122
1749
3758
5186
6013
6035
6091
5558
4139
2605
1514
1064
623
241
-62
-17
-390
-1055
-1613
-1694
-684
394
1767
2748
3565
4131
4153
3918
3691
3879
4072
4328
4312
4201
3448
1961
338
-1215
-2128
-3064
-3889
-4432
-4965
-5445
-6408
-7309
-8146
-8601
-8684
-8459
-7859
-7212
-6351
-6012
-5874
-5778
-5439
-4940
-4441
-3854
-3124
-2308
-2188
-2428
-2917
-857
2408
4737
5054
4366
5788
7228
7978
6789
5496
5678
6811
7518
5779
3787
2470
2253
1216
-712
-1665
-1923
-1574
-2857
-4508
-5312
-4730
-3449
-3147
-2407
-1176
804
1571
1202
742
1387
3140
4444
5193
5200
5460
4952
3620
2187
1122
967
718
593
430
492
640
66
-384
-590
367
1562
2520
3306
3847
4181
3698
3225
2760
2733
2768
2796
2878
2462
1825
578
-728
-1924
-2885
-3486
-4009
-4243
-4592
-4873
-5499
-6219
-6871
-7256
-7167
-7030
-6681
-6220
-5612
-5327
-5268
-5233
-5057
-4811
-4390
-3968
-3371
-2880
-2768
-3231
-2875
76
3224
5141
4420
4426
6041
7509
7903
6375
5687
6245
7664
7369
5141
3141
2187
1928
229
-1396
-2246
-2026
-2152
-4032
-5641
-6211
-4834
-3771
-3403
-2570
-866
1025
1480
1048
781
2057
3758
5167
5703
5853
5946
5087
3628
2080
1409
1256
1140
869
847
1190
976
-1
-961
-788
538
1576
2321
2908
3596
3836
3345
2845
2462
2674
3062
3444
3276
2592
1677
552
-668
-1954
-2899
-3460
-3817
-4115
-4431
-5083
-6014
-7032
-7668
-7784
-7602
-7254
-6980
-6639
-6309
-5954
-5755
-5609
-5354
-4785
-4147
-3540
-2834
-2560
-2583
-2967
-976
2680
5591
6092
4863
5658
7117
8360
7571
5961
5689
6629
7453
5787
3315
1440
1005
176
-1674
-2737
-2985
-2460
-3620
-5600
-6641
-5938
-4049
-3269
-2450
-1223
867
2093
2028
1470
1765
3339
4803
5972
6167
6224
5478
4047
2332
1109
754
755
902
837
1071
1009
334
-640
-1119
-131
1325
2463
3212
3787
4319
3961
3263
2693
2664
3045
3432
3500
2778
1664
283
-885
-2027
-3002
-3744
-4280
-4512
-4780
-5215
-6094
-7073
-7820
-7902
-7517
-7080
-6877
-6754
-6466
-6078
-5674
-5501
-5184
-4589
-3929
-3257
-2756
-2409
-2317
-2588
-670
2776
5893
6675
5469
5739
6745
8061
7556
6255
5630
6196
6920
5447
3041
1004
514
-146
-1715
-2828
-3060
-2390
-3142
-5054
-6384
-5833
-3805
-2585
-1641
-507
1386
2602
2633
2135
2196
3505
4822
5837
6020
5956
5319
3853
2096
637
177
230
511
572
907
1054
302
-749
-1297
-85
1395
2402
3006
3521
4126
4004
3438
2517
2284
2693
3419
3712
2884
1552
-29
-1158
-2073
-2869
-3537
-4201
-4626
-4997
-5371
-6172
-7231
-8010
-8142
-7581
-7114
-6713
-6552
-6441
-6188
-5934
-5407
-4883
-4156
-3673
-3116
-2484
-2024
-1923
-2107
-58
3183
6154
6765
5722
5882
6571
7576
6992
5886
5390
5782
5988
4266
2133
422
67
-675
-2111
-3054
-3109
-2380
-3205
-4872
-6048
-5172
-3215
-1785
-544
621
2227
2773
2754
2496
3002
4224
5179
5823
5823
5727
4882
3276
1421
193
-194
-82
180
381
609
561
60
-765
-773
384
1871
2946
3387
3859
4180
4074
3494
2696
2282
2407
3069
3392
2696
1074
-743
-2016
-2627
-3065
-3540
-4194
-4701
-5052
-5481
-5995
-6897
-7569
-7697
-7163
-6452
-6073
-5816
-5866
-5816
-5668
-5175
-4529
-3991
-3596
-3214
-2791
-2599
-2716
-2206
557
3894
6176
5814
5251
5767
6609
6867
5840
5200
5281
5965
5308
3002
968
109
59
-1006
-2386
-2870
-2190
-1529
-2793
-4460
-5229
-3728
-1794
-359
991
2385
3592
3394
2872
2677
3662
4771
5306
5451
5281
4949
3670
1786
-108
-1175
-1298
-1049
-654
-376
205
-182
-1045
-1571
-851
1074
2235
3115
3478
4151
4444
4092
3421
2482
2349
2660
3472
3571
2660
1038
-812
-1986
-2781
-3026
-3426
-3964
-4568
-4938
-5194
-6014
-6997
-7529
-7231
-6836
-6381
-5930
-5639
-5701
-6022
-5901
-5630
-4748
-4080
-3723
-3641
-3578
-3234
-3047
-965
1977
4795
5517
5025
5629
6279
7095
6405
5612
5418
6064
6478
4608
2369
633
596
156
-1169
-2255
-2279
-1027
-1316
-2828
-4533
-4219
-2408
-830
637
1922
3387
3662
3060
2271
2577
3848
4642
4906
4540
4401
3661
2147
229
-1445
-1972
-1912
-1136
-477
-110
-232
-1069
-1467
-1118
328
1823
2908
3670
4300
4771
4564
3863
2974
2575
2728
3108
3336
2947
1810
222
-1348
-2336
-3012
-3341
-3658
-3966
-4414
-4953
-5696
-6662
-7244
-7401
-7046
-6831
-6372
-6067
-5921
-6046
-6247
-6105
-5651
-4830
-4039
-3599
-3600
-3840
-3636
-1175
2173
4907
5281
4869
5646
6644
7240
6446
5671
5678
6363
6340
4566
2426
977
500
-289
-1557
-2348
-2227
-1245
-1346
-2541
-3856
-3742
-2338
-849
841
2506
4061
4182
3529
2710
2841
3751
4424
4632
4156
3922
3190
1803
-165
-1923
-2885
-3087
-2437
-1257
-192
-427
-1347
-1727
-985
605
1998
3250
4248
5019
5637
5601
4854
3851
3228
3262
3485
3629
3278
2089
512
-1018
-2100
-2885
-3417
-3998
-4392
-4557
-4741
-5449
-6486
-7098
-7210
-6945
-6673
-6188
-5896
-5947
-6110
-6207
-5974
-5618
-5095
-4537
-4217
-3911
-3845
-3651
-1606
1454
4254
4949
4686
5181
5924
6389
5771
5403
5656
6412
6115
4327
2372
1340
1138
140
-1245
-2114
-1797
-767
-725
-1809
-2941
-2798
-1705
-463
957
2749
4210
4305
3607
2665
2703
3435
4004
3891
3213
2940
2364
1353
-352
-1989
-3166
-3563
-2776
-1448
-122
0
-720
-1092
-409
1082
2275
3250
4141
5203
5928
5875
5028
3833
3075
2791
2855
2906
2750
1883
427
-1187
-2514
-3262
-3773
-4109
-4434
-4752
-4966
-5423
-6029
-6682
-7081
-7094
-6669
-6027
-5630
-5701
-6089
-6417
-6330
-5941
-5175
-4454
-4165
-4053
-4119
-2415
391
3148
4096
3785
4756
6042
7042
5998
4896
4813
5910
6592
4933
2814
1292
1477
1122
-327
-1830
-2483
-1556
-1089
-1472
-2356
-2262
-1108
-168
696
1772
3489
4449
4308
3486
3141
3653
4087
4044
3120
2292
1457
692
-121
-1152
-2192
-3326
-3638
-2712
-1168
-237
-609
-968
-521
972
2371
3282
3954
4616
5493
5899
5854
5057
4128
3423
3068
2856
2483
1962
937
-502
-2084
-3227
-3732
-4090
-4268
-4505
-4802
-5402
-5977
-6166
-6348
-6448
-6604
-6222
-5623
-5180
-5069
-5672
-6160
-6189
-5837
-5289
-4870
-4245
-3979
-3497
-1392
1319
3545
3758
3858
4695
5858
6440
5526
4803
4908
5895
5649
3866
2270
1694
1908
1057
-363
-1652
-1723
-869
-973
-1774
-2492
-1701
-395
533
1388
2351
3495
3751
3441
2865
3095
3723
3754
3139
2129
1629
874
-50
-1136
-1987
-2485
-2678
-2248
-1716
-827
-143
156
364
935
2185
3190
3964
4683
5419
5679
5462
5011
4345
3626
2800
2204
1709
1431
980
-41
-1494
-3025
-4074
-4542
-4557
-4626
-4776
-5027
-5376
-5788
-6325
-6553
-6746
-6749
-6351
-5832
-5429
-5704
-6138
-6655
-6643
-6428
-6034
-5707
-4567
-1397
1840
4085
3781
3510
4519
6050
6580
5501
4777
5225
6448
6172
4130
1787
648
745
391
-356
-1272
-1383
-943
-1191
-1923
-2654
-1860
-512
929
2178
3336
4444
4744
4410
3529
3449
4154
4818
4559
3416
2089
720
-285
-1247
-2229
-3153
-3460
-2787
-1786
-878
-589
-577
-369
316
1431
2585
3898
4802
5439
5600
5655
5458
4761
3866
3017
2691
2375
1899
943
-170
-1353
-2611
-3750
-4830
-5388
-5529
-5345
-5250
-5340
-5466
-5769
-6145
-6591
-6609
-6075
-5320
-4757
-4739
-5023
-5295
-5499
-5605
-5815
-5838
-5573
-3483
-64
3035
3973
3210
3438
4446
5553
5038
4035
3711
4592
5563
4941
3246
1378
506
9
-412
-761
-1077
-531
-136
-393
-1396
-1940
-1043
194
1501
2504
3770
4687
4942
4339
3460
3319
3593
3946
3328
2524
1499
616
-412
-1670
-2782
-3706
-3376
-2268
-908
-70
306
727
1229
2053
2807
3582
4247
4908
5602
5878
5823
5166
4338
3378
2492
1810
1150
523
-154
-983
-2030
-3136
-4206
-5176
-5893
-6130
-6061
-5912
-5645
-5461
-5514
-5950
-6553
-6732
-6542
-5912
-5348
-5139
-5084
-5069
-5248
-5764
-6342
-5382
-2269
1585
3987
3961
3946
4558
5617
5358
4145
3340
3727
4890
4789
3450
1903
1317
904
-435
-1909
-2654
-1730
-491
-272
-1020
-1686
-913
198
1191
1887
2872
4105
4867
5011
4528
4379
4446
4332
3541
2559
1788
1041
275
-658
-1790
-2954
-3324
-2849
-1961
-1342
-910
-385
288
1134
1980
2735
3482
4241
4987
5258
5410
5463
5224
4524
3742
3057
2465
1816
902
-91
-1249
-2205
-3364
-4540
-5247
-5668
-6091
-6626
-6818
-6668
-6480
-6315
-6424
-6597
-6605
-6243
-5756
-5387
-5038
-4741
-4596
-4541
-4766
-4387
-2410
663
3356
4132
4452
4887
5586
5426
4216
2830
2255
2902
3164
2390
1095
504
330
-412
-1558
-2696
-2736
-1922
-1091
-938
-1069
-316
826
2073
2858
3601
4165
4561
4866
4876
4965
5010
5069
4441
3335
2103
944
197
-561
-1401
-2589
-3322
-3151
-2402
-1379
-837
-514
-289
534
1811
2976
3924
4423
4928
5051
5289
5297
5006
4602
4093
3590
2779
1883
963
64
-955
-2144
-3435
-4507
-5093
-5445
-6028
-6847
-7452
-7592
-7455
-7251
-7157
-7113
-6980
-6609
-6053
-5592
-5185
-4981
-4691
-4434
-3288
-955
1688
3580
3996
4500
5389
6475
6443
5192
3493
2498
2470
2168
1179
-198
-894
-1081
-1533
-2361
-3428
-3754
-3358
-2896
-2705
-2411
-1073
705
2369
3396
4178
4736
5100
5307
5272
5388
5601
5747
5176
4250
3128
2024
950
-65
-967
-2180
-3039
-3339
-2880
-2158
-1630
-1251
-891
5
1100
2219
3089
3836
4636
5355
5896
5841
5485
5009
4728
4353
3643
2795
1921
1146
-61
-1506
-3023
-4169
-4975
-5731
-6421
-6951
-7106
-7242
-7673
-8120
-8394
-8325
-8062
-7596
-6982
-6261
-5455
-4883
-4468
-4145
-2436
121
2827
4398
5081
5988
6776
7189
6044
4609
3400
3175
2924
1853
509
-663
-1059
-1598
-2481
-3652
-4558
-4472
-3999
-3595
-3608
-3236
-1901
-46
1835
3179
4270
5082
5634
5645
5378
5466
5886
6051
5412
4417
3459
2809
2081
824
-693
-1918
-2310
-2367
-2431
-2383
-2030
-1446
-953
-267
538
1398
2159
2895
3803
4791
5572
5690
5323
5032
5048
4826
4068
2954
2095
1576
978
-318
-2225
-3941
-5000
-5669
-6356
-6995
-7388
-7670
-7952
-8355
-8818
-9058
-9039
-8793
-8323
-7443
-6397
-5506
-4765
-2973
-370
2448
4220
5367
6498
7581
8240
7596
6518
5235
4486
3542
2290
1041
118
-321
-1053
-1971
-3284
-4425
-4958
-5225
-5427
-5736
-5244
-3918
-1960
27
1711
3100
3985
4580
4604
4644
4915
5462
5807
5658
5331
4853
4465
3640
2451
1052
-32
-624
-1169
-1548
-1717
-1450
-1069
-786
-572
-249
561
1430
2194
2699
3276
3837
4181
4346
4510
4924
5055
4778
3935
3008
2196
1387
417
-824
-2137
-3384
-4343
-5239
-6195
-7179
-7879
-8134
-8272
-8409
-8874
-9226
-9331
-9005
-8325
-7606
-6763
-5831
-3893
-1279
1538
3378
4462
5505
6774
7892
7958
7341
6264
5563
4767
3572
2167
970
425
-121
-840
-1846
-2714
-3240
-3806
-4465
-5366
-5641
-5009
-3579
-1918
-417
926
1968
2990
3566
3661
3417
3305
3475
3581
3554
3355
3368
3406
3208
2506
1642
1068
736
254
-327
-413
3
538
707
708
969
1513
2060
2514
2981
3440
3629
3542
3495
3797
4066
3899
3299
2746
2517
2102
1119
-293
-1501
-2332
-2996
-3797
-4674
-5400
-5901
-6290
-6701
-7069
-7383
-7678
-8038
-8302
-8155
-7669
-7106
-6676
-6062
-4613
-2407
-147
1293
2320
3329
4570
5462
5641
5296
4702
4364
3966
3467
2731
2003
1421
973
695
307
-203
-775
-1229
-1581
-2116
-2601
-2754
-2246
-1320
-406
282
769
1422
1969
2111
1787
1403
1148
929
619
317
299
621
1096
1330
1378
1455
1615
1663
1575
1627
1910
2175
2295
2379
2598
2897
3066
3083
3002
3050
3110
2960
2669
2476
2440
2233
1786
1234
799
558
208
-257
-863
-1452
-1948
-2361
-2694
-3078
-3401
-3694
-3855
-4064
-4437
-4885
-5287
-5492
-5615
-5733
-5806
-5743
-5478
-5189
-4740
-4005
-2978
-1932
-1079
-206
714
1679
2331
2456
2259
2093
2143
2135
1853
1534
1526
1773
1968
1950
1827
1922
2168
2197
1720
1021
584
425
348
256
254
464
741
900
825
602
422
157
-339
-1048
-1522
-1496
-1157
-792
-693
-604
-193
662
1634
2271
2657
2911
3321
3720
4007
4017
3788
3520
3211
2949
2672
2338
1945
1558
1283
1164
1027
737
265
-233
-528
-637
-762
-873
-1006
-1044
-1165
-1305
-1475
-1638
-1740
-1999
-2339
-2735
-2931
-3011
-3131
-3428
-3856
-4111
-4203
-4169
-4241
-4385
-4543
-4603
-4420
-4015
-3327
-2530
-1682
-1000
-486
-23
470
957
1172
1181
1055
1010
1128
1343
1601
1904
2313
2719
3084
3372
3529
3423
2959
2215
1418
810
448
291
208
167
218
287
342
319
221
-19
-338
-590
-722
-674
-600
-476
-289
95
710
1411
2074
2614
3133
3580
3865
3878
3649
3302
2847
2340
1900
1514
1209
1000
897
898
906
843
589
239
-100
-279
-320
-436
-644
-819
-835
-781
-798
-994
-1357
-1754
-2116
-2314
-2439
-2583
-2857
-3171
-3394
-3497
-3547
-3648
-3802
-3999
-4106
-4171
-4171
-4019
-3750
-3442
-3144
-2707
-2085
-1342
-723
-297
7
290
623
859
981
1024
1143
1390
1781
2291
2823
3317
3613
3707
3556
3233
2777
2291
1751
1194
817
620
549
459
413
437
505
461
271
28
-179
-281
-349
-413
-425
-316
-80
228
607
1018
1533
2164
2732
3022
2999
2778
2446
2111
1694
1300
982
885
968
1152
1325
1356
1367
1346
1364
1267
994
589
186
-89
-287
-456
-672
-904
-1128
-1273
-1360
-1449
-1693
-2013
-2292
-2548
-2830
-3199
-3544
-3767
-3853
-3895
-3954
-4026
-4032
-4110
-4290
-4463
-4407
-4071
-3569
-3016
-2463
-1897
-1353
-815
-351
32
294
518
794
1192
1730
2255
2731
3153
3490
3723
3839
3914
3889
3661
3241
2749
2397
2114
1773
1323
912
704
613
516
364
286
278
195
-24
-320
-517
-564
-570
-505
-244
243
797
1219
1462
1670
1913
2023
1862
1444
967
618
413
305
322
460
719
1090
1525
1866
2072
2049
1835
1556
1205
933
648
406
253
121
55
-72
-214
-412
-715
-1040
-1437
-1899
-2378
-2870
-3223
-3525
-3768
-4013
-4228
-4393
-4566
-4703
-4914
-5084
-5115
-4917
-4513
-3948
-3304
-2698
-2131
-1626
-1189
-793
-295
266
761
1140
1425
1807
2251
2685
2976
3210
3581
4007
4267
4177
3838
3485
3234
2978
2561
2030
1544
1241
1069
921
807
695
614
539
411
172
-154
-391
-517
-558
-531
-420
-103
365
800
1017
1008
959
853
594
214
-130
-330
-355
-218
29
380
792
1299
1798
2192
2450
2475
2347
2127
1891
1608
1379
1211
1100
920
657
326
13
-244
-640
-1157
-1766
-2296
-2752
-3142
-3610
-4059
-4378
-4532
-4565
-4698
-4909
-5077
-5066
-4926
-4720
-4439
-4009
-3440
-2835
-2249
-1729
-1170
-615
-114
257
504
757
1057
1352
1590
1828
2181
2632
3116
3535
3765
3835
3749
3528
3202
2816
2440
2128
1943
1795
1660
1513
1386
1296
1238
1135
946
699
400
129
-126
-294
-396
-414
-341
-198
24
221
366
325
118
-170
-447
-575
-650
-565
-362
15
503
969
1459
1944
2440
2725
2805
2698
2557
2431
2263
2011
1623
1266
918
637
298
-101
-535
-1024
-1531
-2133
-2702
-3230
-3692
-4141
-4535
-4809
-4958
-5053
-5135
-5153
-5028
-4696
-4303
-3881
-3431
-2881
-2247
-1593
-986
-507
-110
192
389
486
536
604
769
1023
1321
1640
1983
2339
2692
2901
2947
2841
2676
2500
2275
2080
1908
1822
1803
1764
1743
1788
1863
1867
1764
1560
1270
942
620
317
1
-224
-373
-431
-370
-186
-13
8
-69
-252
-471
-688
-868
-985
-984
-789
-402
157
831
1528
2107
2596
2887
3069
3112
3040
2901
2589
2213
1795
1471
1135
786
289
-258
-774
-1324
-1863
-2490
-3087
-3710
-4267
-4754
-5126
-5353
-5536
-5574
-5430
-5070
-4564
-4019
-3408
-2704
-1918
-1184
-611
-156
192
460
605
599
559
452
402
440
563
816
1106
1430
1703
1882
1960
1883
1724
1558
1431
1313
1225
1242
1402
1625
1835
1983
2112
2266
2360
2337
2144
1850
1506
1169
911
702
511
336
228
203
164
40
-224
-516
-825
-1100
-1297
-1440
-1464
-1338
-1020
-574
-37
595
1234
1776
2103
2316
2466
2567
2625
2530
2351
2132
2011
1860
1548
1082
566
23
-592
-1299
-2056
-2794
-3430
-3968
-4463
-4900
-5261
-5393
-5298
-4986
-4570
-4110
-3505
-2685
-1807
-1084
-533
-79
393
719
882
827
687
610
624
650
694
737
839
970
1043
1035
875
715
544
355
77
-158
-178
-20
258
556
928
1353
1813
2258
2513
2641
2633
2595
2527
2495
2402
2308
2223
2159
2081
1821
1489
1025
483
-145
-764
-1289
-1693
-1975
-2127
-2049
-1855
-1426
-1009
-550
-135
255
607
823
998
1090
1218
1272
1366
1367
1317
1190
993
795
450
-2
-620
-1268
-1934
-2639
-3390
-4095
-4729
-5018
-4971
-4574
-3933
-3156
-2284
-1348
-381
489
1160
1546
1749
1764
1752
1596
1406
1125
903
803
804
943
963
979
746
415
-141
-808
-1476
-2142
-2599
-2970
-2990
-2772
-2197
-1531
-839
-189
533
1277
1901
2321
2580
2913
3324
3795
4130
4430
4592
4636
4408
3998
3374
2605
1729
783
-113
-878
-1389
-1817
-2033
-2061
-1856
-1560
-1333
-1170
-1042
-844
-662
-538
-501
-426
-231
53
290
377
408
368
242
-110
-676
-1412
-2098
-2818
-3615
-4381
-4988
-5082
-4730
-3951
-3048
-1913
-638
800
2088
3015
3604
3729
3674
3347
2998
2425
1991
1644
1513
1546
1565
1644
1543
1371
823
-44
-1188
-2298
-3262
-4065
-4584
-4796
-4551
-4036
-3245
-2391
-1427
-509
293
916
1351
1780
2111
2514
2910
3356
3816
4233
4532
4566
4338
3787
3007
2026
1000
-34
-874
-1405
-1614
-1517
-1263
-842
-354
85
309
265
49
-255
-636
-985
-1199
-1174
-909
-621
-372
-283
-291
-505
-976
-1713
-2647
-3622
-4568
-5425
-6127
-6179
-5527
-4212
-2791
-1224
399
2150
3799
4848
5237
5002
4674
4129
3501
2603
1905
1486
1443
1668
1822
2073
2078
2014
1409
443
-798
-2071
-3068
-3903
-4300
-4368
-3742
-2748
-1514
-405
537
1420
2067
2372
2162
1802
1445
1427
1583
1876
2252
2573
2891
2933
2678
1926
835
-378
-1483
-2413
-3033
-3195
-2875
-2146
-1203
-164
819
1657
1980
1857
1295
594
-162
-876
-1349
-1565
-1411
-1109
-695
-469
-575
-1088
-1880
-2694
-3745
-4877
-6126
-6757
-6418
-5065
-3170
-1361
656
2721
4958
6384
6912
6347
5253
3951
2497
1229
0
-622
-876
-491
105
779
1181
1256
1058
236
-930
-2452
-3450
-4037
-3978
-3469
-2410
-663
1253
3097
4363
5316
5646
5430
4514
3301
2164
1370
1183
1160
1372
1407
1476
1356
949
156
-1082
-2370
-3619
-4303
-4511
-4099
-3288
-2131
-876
409
1587
2331
2326
1486
369
-712
-1457
-2024
-2244
-2089
-1553
-771
-237
-61
-412
-1215
-2455
-3997
-5578
-7116
-7825
-7375
-5558
-3229
-781
1936
4683
7288
8565
8674
7530
5969
4100
2124
312
-1015
-1566
-1608
-925
-184
669
1017
939
247
-1110
-2647
-4206
-5028
-5287
-4666
-3314
-1178
1387
3629
5336
6316
6807
6531
5542
3884
2373
1357
1004
1079
1477
2138
2585
2716
2242
1455
164
-1439
-3091
-4389
-4918
-4780
-3887
-2508
-933
486
1688
2629
2977
2397
988
-510
-1728
-2485
-2953
-2953
-2528
-1730
-1007
-760
-1065
-1913
-3049
-4649
-6389
-8056
-8553
-7626
-5272
-2578
96
2946
5775
8285
9173
8741
7088
5290
3267
1283
-455
-1618
-1873
-1717
-916
-174
578
565
166
-835
-2279
-3849
-5267
-5555
-5179
-3772
-1875
815
3617
5961
7370
7707
7477
6475
4930
2863
1140
39
-231
61
630
1223
1483
1323
745
-43
-1237
-2604
-3784
-4235
-3910
-3110
-1834
-219
1482
2715
3415
3580
3231
2242
742
-697
-1612
-1914
-1920
-1708
-1335
-911
-806
-1283
-2313
-3685
-5331
-7043
-8682
-9196
-8112
-5511
-2324
533
3434
6055
8372
9197
8588
6725
4474
2466
673
-644
-1546
-1705
-1482
-818
-213
156
-170
-1068
-2314
-3881
-5246
-6274
-6080
-5091
-3281
-933
1937
4974
7229
8342
8110
7424
6154
4544
2578
1083
444
394
779
1138
1605
1342
443
-856
-2066
-3127
-4201
-4821
-4788
-3881
-2617
-1110
531
2100
3025
3169
2784
2172
1341
151
-850
-1426
-1260
-816
-342
81
253
-25
-1009
-2417
-3860
-5252
-6707
-7957
-7908
-6009
-2758
490
3036
5320
7322
8723
8500
7001
4688
2615
893
-372
-1107
-1429
-1179
-904
-468
-432
-647
-1377
-2545
-3888
-5418
-6374
-6617
-5453
-3634
-1366
1099
3709
6149
7496
7629
6701
5543
4139
2732
1420
876
1024
1407
1640
1803
1702
778
-790
-2591
-3829
-4741
-5244
-5117
-4185
-2697
-1184
256
1556
2550
2718
2199
1290
558
-244
-1080
-1626
-1671
-937
-355
40
12
-304
-1136
-2695
-4248
-5718
-6697
-7654
-7612
-5854
-2509
1314
4105
6386
8069
9417
9413
8116
5909
3600
1932
774
276
-75
49
80
187
-58
-760
-1762
-3134
-4345
-5768
-6614
-6726
-5481
-3425
-1140
1241
3573
5867
7003
6951
5798
4597
3479
2617
1879
1565
1827
2174
2505
2384
1946
625
-1259
-3144
-4517
-5406
-5834
-5501
-4362
-2781
-1331
-104
966
1676
1645
941
76
-456
-836
-1252
-1508
-1281
-572
51
310
114
-431
-1363
-2875
-4514
-6054
-7014
-7688
-7429
-5714
-2628
912
3572
5714
7156
8260
8139
6977
5151
3257
2020
1239
1183
1284
1532
1538
1438
1038
238
-1007
-2568
-3815
-4907
-5445
-5454
-4293
-2407
-330
1602
3327
5004
5774
5613
4560
3610
2972
2693
2629
2801
3152
3346
3406
3095
2316
713
-1373
-3220
-4315
-4839
-5015
-4688
-3715
-2349
-1212
-439
68
285
-38
-957
-1886
-2424
-2581
-2677
-2669
-2159
-1228
-427
-155
-323
-734
-1477
-2693
-4059
-5297
-6157
-6693
-6110
-4092
-949
1997
4015
5545
6678
7494
6982
5652
3786
2268
1279
765
848
1063
1276
1107
903
450
-247
-1505
-2782
-3809
-4447
-4572
-4200
-2779
-1017
891
2390
3803
4981
5422
5076
4147
3484
3196
3333
3575
3947
4073
4027
3566
2808
1575
-314
-2156
-3567
-3943
-3874
-3470
-2702
-1645
-478
341
869
1048
799
-90
-1222
-2145
-2535
-2821
-3171
-3191
-2697
-1819
-1368
-1316
-1684
-2319
-3197
-4279
-5276
-6092
-6788
-6712
-5365
-2528
706
3066
4732
5665
6586
6578
5727
4146
2521
1463
829
891
1148
1511
1414
1145
726
251
-682
-1930
-3021
-3838
-4059
-3929
-3001
-1657
-148
1175
2332
3389
3849
3752
3109
2600
2419
2636
3122
3707
4032
3972
3529
2832
1811
246
-1426
-2786
-3321
-3186
-2618
-1839
-981
-82
852
1611
2149
2110
1400
375
-535
-1076
-1661
-2466
-3069
-3027
-2516
-2151
-2028
-2031
-2127
-2532
-3275
-4119
-4872
-5711
-6018
-5199
-3046
-217
2003
3735
4750
5651
5679
5052
3757
2255
1071
231
182
357
636
444
169
-162
-456
-1020
-1881
-2541
-3138
-3122
-2920
-2044
-982
164
1305
2235
3254
3591
3525
2960
2605
2587
2757
3211
3533
3704
3364
2722
1946
923
-300
-1757
-2937
-3524
-3525
-3157
-2531
-1865
-1115
-345
420
1215
1640
1632
1075
571
161
-348
-996
-1718
-1913
-1881
-1774
-1794
-1786
-1697
-1948
-2346
-3002
-3643
-4413
-4884
-4414
-2602
-74
2021
3613
4528
5451
5643
5143
3910
2405
1196
252
22
31
280
167
-61
-389
-673
-1106
-1762
-2325
-2907
-3072
-2963
-2175
-1163
-177
679
1417
2310
2841
3004
2748
2544
2614
2874
3404
3670
3639
3047
2133
1221
214
-714
-1780
-2607
-3025
-2996
-2693
-2361
-1983
-1477
-929
-356
282
707
956
792
551
255
-238
-922
-1629
-1972
-2187
-2334
-2481
-2540
-2468
-2543
-2605
-2843
-3237
-3857
-4364
-3963
-2484
-98
1983
3659
4647
5510
5841
5473
4652
3386
2437
1561
1346
1333
1449
1299
717
78
-699
-1194
-1795
-2121
-2507
-2692
-2615
-2066
-1113
-338
383
849
1587
2144
2546
2643
2691
2960
3445
3892
4035
3726
3007
1956
629
-509
-1552
-2209
-2793
-3037
-2922
-2640
-2404
-2270
-1897
-1345
-645
-158
203
376
332
162
-109
-432
-976
-1513
-1842
-1817
-1790
-1900
-2102
-2284
-2442
-2693
-3057
-3579
-4195
-4841
-4744
-3670
-1348
1024
2938
4083
4812
5371
5180
4622
3368
2410
1716
1616
1796
1883
1857
1342
734
-170
-896
-1551
-1898
-2092
-2199
-1984
-1501
-647
24
608
1029
1721
2496
2997
3266
3273
3614
4159
4604
4670
4064
3165
1912
667
-433
-1404
-2192
-2948
-3248
-3208
-3069
-3067
-3087
-2862
-2207
-1290
-374
391
717
731
363
95
-181
-644
-1307
-1850
-1841
-1702
-1603
-1771
-1933
-2134
-2501
-2945
-3554
-4209
-5040
-5521
-5112
-3360
-918
1290
2887
3861
4743
4956
4802
3991
3125
2432
2063
2229
2411
2478
1952
1183
226
-601
-1329
-1915
-2194
-2362
-2200
-1922
-1304
-744
-259
112
584
1492
2348
3127
3404
3789
4477
5141
5507
4993
4161
2857
1514
427
-431
-1061
-1883
-2448
-2659
-2682
-2777
-3017
-3147
-2829
-2078
-1088
-36
605
843
464
63
-156
-362
-792
-1420
-1556
-1383
-1072
-1067
-1244
-1433
-1755
-2244
-2944
-3634
-4321
-5092
-5469
-4877
-2965
-632
1219
2316
3104
3727
3888
3655
2898
2293
1899
1906
2251
2571
2571
1892
884
-152
-834
-1264
-1555
-1722
-1745
-1500
-1158
-711
-402
-102
152
611
1381
2198
2914
3373
3977
4628
5110
5052
4412
3380
2044
878
77
-473
-1076
-1776
-2351
-2654
-2951
-3257
-3419
-3231
-2583
-1760
-745
224
847
883
250
-266
-525
-577
-854
-1160
-1107
-722
-292
-185
-261
-560
-942
-1581
-2364
-3173
-3997
-4798
-5152
-4656
-2992
-958
867
2022
2731
3211
3299
3158
2618
2100
1717
1719
2013
2359
2364
1755
687
-349
-924
-1210
-1384
-1644
-1739
-1588
-1246
-843
-594
-275
42
541
1189
1830
2530
3207
4021
4577
4891
4800
4353
3506
2356
1312
535
10
-649
-1322
-2007
-2514
-3038
-3439
-3488
-3106
-2439
-1779
-1031
-324
235
272
-294
-924
-1245
-1164
-1090
-1176
-996
-573
87
341
232
-103
-516
-1035
-1872
-2776
-3703
-4365
-4811
-4649
-3543
-1794
119
1483
2347
2888
3160
3235
2870
2421
1958
1943
2290
2751
2941
2483
1638
625
-113
-632
-1098
-1533
-1855
-1736
-1425
-959
-642
-325
-26
231
624
977
1588
2140
2904
3473
3985
4249
4237
3846
2895
2010
1186
745
104
-704
-1538
-2276
-2776
-3165
-3260
-2983
-2498
-1858
-1346
-742
-172
111
-208
-947
-1567
-1833
-1723
-1644
-1333
-909
-179
479
787
632
54
-569
-1267
-2032
-2974
-3862
-4436
-4700
-4431
-3506
-1934
-122
1312
2106
2465
2614
2747
2474
1969
1486
1570
2240
2886
3125
2734
2015
1153
404
-254
-759
-1148
-1278
-1063
-577
-12
340
483
453
533
661
917
1297
1792
2378
2897
3456
3759
3930
3617
2935
2190
1493
1045
299
-520
-1373
-1910
-2154
-2364
-2503
-2540
-2231
-1716
-1202
-787
-506
-385
-640
-1316
-2007
-2403
-2240
-1844
-1339
-773
-74
595
850
560
-164
-865
-1533
-2164
-2932
-3492
-3709
-3766
-3727
-3523
-2604
-1162
272
1172
1552
1673
1744
1730
1564
1432
1563
2041
2593
2963
2982
2594
1790
776
-49
-434
-489
-464
-400
-186
192
473
423
186
11
69
202
407
675
1131
1676
2227
2718
3080
3381
3237
2796
2100
1535
1013
429
-64
-524
-699
-888
-1040
-1201
-1289
-1192
-1082
-893
-844
-843
-1060
-1447
-1948
-2249
-2105
-1642
-962
-368
167
491
530
277
-232
-762
-1294
-1713
-1935
-1971
-1923
-2053
-2342
-2710
-2808
-2524
-1894
-1227
-700
-324
-104
119
313
561
758
912
1067
1273
1573
1707
1635
1290
1026
1012
1159
1377
1422
1391
1174
916
658
510
448
341
189
5
-18
30
162
297
392
600
862
1160
1302
1199
926
568
363
230
136
59
13
134
283
455
549
602
599
483
273
65
-40
-61
-6
204
608
1076
1440
1532
1351
978
533
83
-341
-679
-839
-786
-626
-501
-571
-827
-1166
-1485
-1714
-1932
-2112
-2330
-2493
-2617
-2669
-2688
-2753
-2754
-2646
-2375
-2109
-1943
-1860
-1696
-1354
-913
-448
-19
407
782
1068
1234
1399
1589
1744
1771
1700
1566
1412
1216
1029
917
918
987
1009
991
904
811
726
712
748
836
1037
1272
1506
1588
1560
1564
1574
1570
1371
1040
679
343
157
71
180
410
682
916
1037
1037
900
634
296
-42
-300
-390
-334
-221
-168
-189
-273
-419
-644
-913
-1176
-1371
-1482
-1531
-1551
-1579
-1679
-1889
-2177
-2507
-2760
-2907
-2934
-2901
-2794
-2514
-2073
-1566
-1203
-966
-773
-493
-167
30
164
306
527
769
939
1104
1240
1304
1303
1281
1311
1364
1384
1371
1263
1103
911
737
635
641
792
1056
1344
1543
1669
1751
1832
1841
1699
1412
1082
874
816
840
895
941
963
923
832
705
597
449
252
31
-116
-157
-137
-121
-192
-322
-481
-625
-757
-878
-1009
-1150
-1250
-1239
-1141
-1035
-997
-1113
-1336
-1553
-1705
-1786
-1835
-1892
-1923
-1915
-1786
-1515
-1192
-898
-712
-595
-497
-385
-272
-168
-107
-112
-138
-100
21
163
265
291
309
354
440
501
502
434
326
176
46
3
109
297
495
693
848
1013
1097
1105
1035
950
900
915
988
1107
1243
1347
1383
1329
1222
1063
939
856
774
679
631
656
745
834
861
809
689
572
474
337
107
-222
-531
-714
-768
-765
-786
-836
-930
-1072
-1251
-1414
-1524
-1550
-1519
-1405
-1223
-1022
-883
-866
-924
-1015
-1068
-1076
-1066
-1031
-1011
-1008
-1027
-1049
-997
-846
-631
-402
-225
-105
-54
-13
77
201
320
385
390
399
430
472
476
471
516
623
772
887
910
849
757
679
647
696
844
1012
1123
1112
1041
993
989
953
883
803
761
756
723
673
613
621
676
736
757
703
630
518
383
221
46
-135
-303
-401
-424
-409
-454
-574
-741
-846
-840
-724
-547
-427
-330
-249
-158
-124
-214
-406
-674
-919
-1152
-1402
-1664
-1862
-1951
-1940
-1839
-1687
-1573
-1568
-1619
-1585
-1345
-945
-552
-283
-105
98
324
525
644
714
784
915
1120
1336
1473
1462
1310
1114
975
911
893
885
872
861
838
820
794
770
726
651
626
643
724
752
700
642
609
653
634
546
395
232
157
163
215
199
140
89
84
87
36
-101
-310
-503
-572
-482
-295
-112
17
108
200
294
321
244
71
-142
-330
-465
-552
-677
-871
-1120
-1375
-1633
-1933
-2278
-2595
-2771
-2731
-2531
-2221
-1876
-1544
-1261
-996
-713
-463
-270
-105
118
431
783
1113
1352
1493
1555
1547
1479
1362
1232
1084
923
803
745
682
581
464
421
440
495
543
593
689
829
969
1038
1025
969
862
702
535
381
273
195
169
172
200
242
292
309
257
170
91
106
179
245
262
234
230
241
288
321
307
207
80
-6
-32
-39
-105
-201
-362
-564
-793
-1029
-1285
-1575
-1867
-2147
-2337
-2425
-2444
-2410
-2291
-2071
-1805
-1537
-1281
-1013
-706
-370
-58
196
393
566
733
907
1048
1139
1162
1138
1091
992
848
658
447
214
20
-81
-75
-25
31
129
279
463
636
754
830
881
923
954
970
1008
1030
1013
949
867
783
675
552
451
412
463
594
751
896
963
926
828
713
610
501
369
230
124
75
74
81
48
-47
-201
-381
-565
-743
-921
-1104
-1282
-1446
-1580
-1681
-1778
-1899
-2027
-2136
-2186
-2185
-2110
-1971
-1781
-1550
-1308
-1051
-790
-497
-194
100
347
532
690
816
907
917
879
834
837
864
855
790
679
560
412
260
128
77
113
175
259
366
499
615
657
655
644
668
702
720
735
783
852
915
940
921
895
864
847
846
867
918
964
968
921
843
748
623
494
391
323
263
172
41
-119
-290
-459
-625
-765
-873
-947
-980
-1002
-1024
-1066
-1138
-1200
-1251
-1298
-1323
-1376
-1450
-1573
-1730
-1886
-1968
-1915
-1735
-1498
-1272
-1083
-913
-752
-612
-477
-344
-180
-10
176
369
544
661
702
710
730
763
766
729
680
659
654
653
634
596
551
516
512
532
586
653
731
826
934
1025
1074
1072
1064
1081
1133
1174
1194
1181
1113
990
845
696
586
525
500
488
449
390
287
162
-18
-212
-385
-516
-583
-605
-593
-579
-578
-565
-526
-468
-402
-352
-340
-397
-491
-605
-715
-785
-841
-897
-989
-1132
-1318
-1525
-1687
-1739
-1673
-1552
-1410
-1260
-1119
-956
-799
-638
-509
-399
-270
-118
70
245
397
514
628
731
784
774
714
633
526
430
352
335
370
433
511
582
672
745
798
842
939
1090
1228
1309
1315
1284
1219
1109
987
890
799
697
576
469
395
318
222
120
63
47
19
-24
-78
-142
-202
-266
-314
-337
-331
-307
-286
-260
-238
-215
-213
-198
-178
-159
-180
-275
-409
-573
-712
-828
-931
-1055
-1218
-1389
-1531
-1572
-1538
-1473
-1421
-1380
-1310
-1164
-940
-694
-466
-294
-163
-21
133
282
383
436
468
520
586
627
637
621
608
595
554
499
432
403
446
544
691
827
915
937
924
897
889
865
835
814
790
771
705
609
506
394
312
243
210
200
199
201
219
279
330
337
271
170
74
-2
-57
-106
-139
-153
-146
-119
-90
-90
-137
-225
-324
-397
-457
-505
-588
-726
-864
-979
-1076
-1188
-1338
-1516
-1682
-1785
-1799
-1692
-1529
-1355
-1194
-1048
-833
-587
-344
-158
-44
43
127
238
381
548
698
827
916
959
974
946
892
826
739
644
542
453
410
411
450
504
551
583
598
607
590
532
464
419
423
440
438
405
356
325
310
302
302
313
332
352
378
409
439
440
415
384
339
312
289
259
198
112
39
-30
-79
-135
-179
-231
-285
-327
-386
-459
-578
-742
-935
-1126
-1274
-1398
-1488
-1578
-1667
-1728
-1726
-1625
-1467
-1284
-1111
-953
-797
-630
-429
-207
6
195
344
481
628
790
938
1052
1122
1135
1102
1040
955
846
707
554
423
334
284
279
288
312
347
385
434
461
466
430
364
322
325
357
376
374
366
359
335
308
281
260
252
262
316
396
465
491
459
396
318
221
132
45
-18
-76
-115
-139
-160
-189
-231
-280
-322
-378
-467
-581
-716
-845
-978
-1078
-1174
-1256
-1318
-1410
-1489
-1561
-1565
-1495
-1365
-1194
-1034
-858
-687
-502
-292
-52
198
427
614
747
832
891
939
974
1002
1009
974
899
816
719
617
504
398
315
285
283
287
302
345
407
465
496
495
479
435
388
364
356
358
336
302
305
333
387
396
356
305
249
224
218
221
212
179
117
51
1
-39
-99
-168
-227
-282
-324
-351
-350
-333
-316
-309
-316
-350
-418
-514
-625
-745
-836
-894
-933
-963
-1037
-1128
-1246
-1353
-1403
-1382
-1292
-1162
-1017
-843
-651
-447
-253
-65
117
276
396
475
538
590
646
697
756
801
816
797
756
714
668
613
551
507
506
532
572
619
644
647
632
624
627
626
628
626
628
628
609
565
505
441
389
365
345
307
245
186
158
153
154
118
44
-63
-160
-238
-279
-297
-332
-375
-414
-420
-405
-375
-349
-332
-310
-285
-249
-238
-265
-335
-427
-528
-633
-739
-867
-1010
-1159
-1296
-1384
-1405
-1360
-1284
-1185
-1056
-915
-736
-541
-354
-184
-29
98
213
310
392
466
540
633
725
782
802
794
764
698
616
543
491
475
490
548
639
742
823
855
850
827
785
729
667
621
603
605
611
593
555
496
429
361
291
203
120
40
-2
-15
-18
-18
-56
-112
-170
-219
-261
-316
-377
-443
-478
-494
-484
-444
-384
-331
-305
-288
-307
-357
-455
-588
-726
-859
-970
-1067
-1172
-1258
-1355
-1434
-1466
-1444
-1357
-1241
-1108
-951
-783
-602
-407
-201
-10
139
269
389
505
605
694
774
851
916
944
937
913
865
810
760
705
677
691
742
798
863
927
961
963
943
917
876
818
755
707
660
639
590
532
470
401
349
280
221
153
111
97
109
117
108
100
64
13
-68
-145
-220
-281
-323
-353
-369
-394
-424
-465
-478
-500
-520
-561
-627
-720
-833
-948
-1059
-1146
-1229
-1305
-1385
-1455
-1519
-1565
-1577
-1541
-1441
-1316
-1167
-1003
-837
-658
-472
-282
-92
79
233
360
479
602
713
813
880
917
921
902
870
832
795
764
740
725
725
746
787
822
849
855
853
846
820
784
732
686
646
616
591
565
551
530
520
499
473
440
400
370
342
320
302
272
230
173
108
37
-40
-118
-201
-275
-352
-417
-479
-536
-574
-589
-593
-602
-630
-694
-769
-851
-923
-988
-1066
-1146
-1227
-1294
-1357
-1412
-1468
-1506
-1508
-1458
-1335
-1170
-981
-788
-591
-396
-204
-10
172
332
470
587
695
798
880
946
983
1005
1010
992
965
916
860
801
747
717
708
715
742
766
778
786
787
770
738
701
663
630
609
594
585
571
549
522
494
452
388
316
245
175
113
65
19
-28
-85
-150
-221
-288
-349
-407
-460
-509
-551
-582
-589
-591
-573
-540
-523
-529
-553
-592
-644
-700
-761
-833
-912
-986
-1051
-1111
-1170
-1231
-1294
-1326
-1318
-1255
-1129
-988
-811
-626
-447
-261
-91
79
237
396
533
651
748
825
873
898
896
878
843
815
775
732
681
639
611
600
620
645
679
708
724
729
731
731
717
690
650
607
564
521
477
441
397
357
312
264
211
157
112
71
45
18
17
6
-22
-66
-105
-142
-176
-205
-238
-263
-293
-318
-336
-350
-367
-389
-429
-469
-508
-554
-593
-651
-718
-787
-867
-940
-1011
-1073
-1150
-1220
-1280
-1312
-1300
-1233
-1122
-988
-831
-675
-515
-349
-191
-46
92
213
332
442
540
617
684
730
764
777
778
769
740
714
686
665
649
652
676
701
733
758
770
774
775
772
763
750
723
678
618
569
515
476
440
394
350
302
250
211
174
145
112
80
49
18
-2
-31
-57
-91
-125
-169
-211
-250
-282
-306
-332
-354
-375
-402
-423
-453
-493
-529
-569
-604
-654
-711
-766
-832
-900
-972
-1044
-1117
-1175
-1221
-1235
-1205
-1141
-1042
-912
-765
-609
-445
-285
-132
19
161
294
406
498
568
619
654
667
661
641
608
568
536
498
475
461
454
465
480
508
543
587
618
639
652
652
649
633
609
575
533
495
465
441
415
393
370
349
332
313
289
259
215
164
120
81
47
6
-32
-59
-91
-122
-150
-189
-223
-264
-295
-308
-322
-327
-331
-329
-335
-355
-389
-432
-481
-537
-589
-654
-713
-763
-813
-854
-904
-938
-965
-963
-937
-875
-783
-673
-544
-412
-271
-137
-11
104
194
266
325
373
401
421
427
424
413
404
402
388
378
370
375
391
413
441
477
511
542
567
588
598
597
580
559
530
494
453
410
366
323
291
276
272
272
284
287
285
274
251
224
176
137
86
50
16
-13
-33
-64
-85
-127
-168
-210
-255
-288
-318
-344
-357
-358
-361
-358
-365
-381
-406
-441
-474
-515
-548
-579
-610
-640
-681
-719
-763
-790
-807
-808
-784
-749
-686
-608
-512
-405
-297
-193
-100
-8
69
145
214
272
326
367
407
430
452
471
483
494
506
514
521
532
536
542
537
526
514
493
473
443
412
383
354
329
299
270
237
216
198
189
182
172
170
171
172
170
157
140
119
102
84
64
44
15
-14
-53
-95
-136
-173
-205
-239
-263
-286
-295
-299
-290
-275
-256
-246
-244
-254
-275
-299
-330
-362
-396
-431
-469
-506
-544
-574
-601
-615
-616
-603
-575
-532
-477
-404
-324
-237
-146
-54
46
141
228
306
373
434
485
517
531
530
518
505
480
458
440
422
409
393
376
362
337
321
297
276
256
235
228
213
206
192
187
174
159
143
121
107
87
79
69
68
64
66
69
66
57
43
26
6
-14
-36
-58
-81
-102
-115
-125
-135
-139
-143
-146
-149
-156
-151
-146
-141
-141
-157
-180
-212
-244
-280
-324
-370
-417
-451
-484
-511
-539
-561
-568
-565
-541
-509
-464
-413
-351
-288
-221
-156
-92
-35
15
70
123
175
215
239
255
255
249
239
226
219
216
223
235
247
261
277
287
298
307
320
335
348
366
381
404
420
424
428
417
409
393
370
344
318
298
272
244
213
180
147
112
75
38
1
-35
-72
-97
-114
-122
-127
-129
-135
-134
-130
-126
-126
-125
-122
-121
-120
-126
-136
-156
-174
-199
-227
-255
-283
-313
-341
-365
-383
-403
-423
-450
-472
-483
-484
-480
-468
-446
-416
-381
-345
-313
-284
-255
-225
-194
-162
-128
-99
-65
-30
-4
21
46
69
92
114
144
176
211
246
274
305
334
359
387
411
436
457
477
499
518
529
530
518
508
488
461
431
396
366
334
301
270
238
206
174
140
111
84
59
39
21
6
-6
-14
-17
-16
-17
-17
-19
-20
-21
-26
-31
-45
-55
-76
-99
-120
-145
-167
-194
-217
-242
-271
-302
-343
-381
-422
-460
-485
-504
-516
-522
-522
-512
-499
-482
-468
-456
-439
-423
-404
-382
-357
-336
-317
-290
-266
-229
-187
-146
-104
-67
-22
19
67
115
160
212
259
302
342
377
407
437
461
483
500
516
527
527
521
502
487
471
454
431
403
380
348
325
297
272
253
234
219
201
191
182
172
166
161
160
154
148
127
108
87
65
40
7
-28
-69
-106
-141
-178
-217
-256
-291
-323
-351
-375
-400
-424
-444
-462
-477
-487
-492
-490
-486
-481
-469
-460
-446
-432
-416
-398
-378
-355
-330
-304
-274
-250
-227
-203
-175
-143
-107
-69
-33
9
52
92
134
172
215
251
291
327
358
389
409
429
444
462
476
487
492
494
493
488
481
467
451
430
410
392
371
349
325
302
276
258
234
209
188
170
158
144
131
113
94
78
53
22
-9
-41
-72
-100
-128
-153
-183
-215
-246
-275
-298
-319
-340
-361
-380
-395
-406
-419
-430
-446
-463
-474
-477
-477
-475
-471
-471
-466
-463
-453
-448
-435
-421
-408
-388
-367
-341
-314
-278
-243
-207
-164
-124
-83
-43
4
47
93
138
176
216
254
293
328
364
397
422
446
467
482
496
506
513
516
515
510
502
493
480
465
445
427
410
396
383
362
344
320
296
275
253
228
204
180
151
120
90
61
35
10
-13
-40
-69
-97
-126
-152
-180
-206
-232
-253
-270
-290
-309
-329
-350
-369
-386
-400
-415
-427
-443
-453
-459
-462
-460
-459
-453
-446
-431
-413
-398
-381
-363
-345
-328
-303
-282
-257
-227
-196
-160
-120
-78
-40
1
41
80
115
153
185
220
252
278
303
321
339
356
369
378
387
399
405
407
408
401
388
379
365
346
333
323
308
300
293
287
274
267
258
243
234
215
196
175
161
145
130
110
88
71
45
23
-6
-31
-58
-83
-106
-134
-155
-175
-196
-219
-237
-260
-280
-296
-315
-330
-342
-352
-361
-369
-372
-378
-377
-375
-370
-361
-345
-332
-323
-309
-296
-277
-258
-239
-219
-201
-174
-147
-120
-91
-61
-34
-7
21
44
67
90
114
135
159
183
204
222
239
251
259
271
278
281
284
290
288
289
290
285
279
275
267
253
246
240
227
220
214
203
191
179
166
147
135
119
100
83
69
52
36
19
-2
-24
-43
-62
-79
-97
-111
-123
-136
-148
-162
-175
-189
-199
-207
-218
-230
-238
-245
-253
-256
-260
-266
-266
-263
-260
-257
-250
-241
-230
-214
-200
-187
-172
-155
-139
-121
-104
-89
-70
-52
-31
-12
7
29
48
70
88
106
124
146
167
187
207
224
239
250
260
267
270
273
275
277
276
272
264
256
249
242
231
215
200
186
172
157
137
114
93
75
57
38
20
1
-12
-26
-42
-57
-71
-89
-107
-121
-134
-147
-156
-167
-181
-194
-201
-207
-216
-220
-223
-227
-225
-221
-220
-220
-217
-213
-209
-202
-194
-189
-182
-171
-159
-148
-137
-124
-115
-102
-88
-73
-59
-40
-24
-8
9
23
38
55
73
87
103
121
136
150
163
174
181
192
204
212
218
229
234
235
234
233
227
219
212
199
188
181
173
163
155
149
140
129
115
99
82
68
53
35
21
10
-2
-14
-24
-38
-51
-63
-78
-94
-110
-122
-137
-148
-158
-167
-177
-185
-192
-200
-205
-211
-214
-214
-211
-208
-207
-203
-199
-193
-188
-183
-174
-164
-151
-139
-128
-117
-104
-89
-76
-62
-49
-34
-20
-6
8
21
33
48
63
77
91
104
116
128
141
154
162
171
181
186
190
196
199
201
202
204
205
201
199
193
184
178
170
161
154
146
139
128
118
106
95
82
71
57
46
36
24
11
-2
-16
-31
-44
-57
-72
-86
-100
-116
-130
-144
-154
-167
-177
-185
-195
-202
-207
-211
-215
-216
-215
-213
-210
-205
-199
-192
-181
-170
-159
-146
-129
-115
-100
-84
-67
-53
-39
-25
-12
2
16
29
42
54
66
77
86
95
102
110
118
127
133
142
150
155
161
166
168
171
172
173
172
172
171
169
166
162
159
153
148
139
132
124
114
105
95
85
74
61
50
36
24
11
-2
-15
-27
-40
-53
-65
-78
-92
-105
-118
-130
-142
-154
-164
-173
-181
-188
-193
-198
-201
-204
-205
-204
-204
-199
-194
-186
-178
-168
-157
-144
-132
-118
-103
-88
-73
-58
-43
-27
-11
3
17
31
44
55
67
77
87
97
105
112
120
126
131
136
139
143
145
147
148
147
147
147
147
147
146
143
140
138
134
130
127
122
117
112
108
104
99
91
84
76
67
57
47
37
25
15
5
-5
-15
-26
-36
-48
-58
-70
-82
-93
-105
-115
-124
-134
-141
-150
-157
-164
-170
-175
-178
-182
-183
-184
-183
-178
-174
-169
-162
-153
-143
-133
-122
-109
-97
-83
-69
-54
-40
-25
-10
4
19
33
45
58
69
79
88
98
107
114
120
125
130
134
137
139
139
139
140
139
138
137
135
133
130
127
123
119
113
108
101
95
89
84
77
71
65
57
50
41
33
24
14
5
-3
-12
-21
-29
-38
-46
-56
-64
-73
-81
-90
-99
-107
-115
-123
-129
-135
-141
-146
-151
-153
-156
-158
-159
-158
-157
-154
-150
-145
-139
-130
-122
-112
-101
-90
-78
-65
-51
-40
-26
-12
2
16
30
42
54
67
77
87
97
105
113
119
126
132
136
140
143
146
147
147
147
145
143
140
137
133
128
123
117
111
105
97
90
82
74
66
59
50
43
35
27
18
11
4
-4
-12
-19
-26
-33
-39
-47
-54
-61
-67
-75
-81
-88
-94
-100
-106
-110
-115
-120
-124
-127
-130
-132
-133
-134
-135
-135
-133
-131
-127
-124
-119
-114
-107
-100
-92
-83
-75
-65
-55
-45
-34
-24
-13
-2
8
18
27
37
46
54
62
71
77
84
91
97
102
107
112
115
118
121
121
122
122
121
121
119
116
113
111
107
103
99
94
89
83
78
72
66
60
53
47
40
34
27
20
14
7
0
-6
-13
-20
-27
-33
-39
-46
-51
-58
-65
-70
-75
-80
-86
-90
-95
-99
-102
-105
-108
-109
-110
-111
-110
-110
-109
-106
-103
-100
-96
-91
-86
-79
-72
-66
-58
-52
-44
-35
-28
-21
-13
-6
1
8
15
20
28
35
39
44
50
55
59
64
67
71
75
78
80
82
84
85
85
85
86
85
85
84
83
81
80
77
75
71
68
65
61
57
52
48
42
37
31
26
20
15
9
3
-3
-8
-14
-19
-25
-29
-35
-39
-43
-47
-50
-54
-58
-60
-64
-65
-67
-68
-70
-71
-70
-71
-71
-70
-69
-68
-65
-65
-61
-59
-56
-52
-49
-44
-42
-38
-34
-30
-25
-22
-18
-13
-10
-6
-2
1
4
8
12
15
19
22
25
29
32
34
38
40
42
45
46
48
50
51
52
54
54
55
54
54
54
54
52
51
49
47
45
43
40
38
33
31
28
25
21
17
14
10
7
3
0
-4
-7
-10
-12
-15
-17
-20
-22
-24
-27
-28
-30
-32
-33
-34
-36
-36
-37
-37
-37
-38
-38
-38
-37
-37
-37
-36
-35
-34
-33
-31
-31
-30
-28
-27
-25
-23
-22
-20
-19
-17
-15
-12
-10
-8
-6
-3
-1
2
5
8
10
13
16
18
21
22
25
27
29
31
33
34
37
37
38
39
40
40
39
38
38
36
37
36
33
32
30
28
25
23
20
18
14
12
9
6
2
-1
-4
-7
-9
-13
-14
-17
-19
-22
-23
-25
-26
-27
-28
-30
-30
-31
-31
-31
-30
-30
-29
-28
-27
-26
-25
-24
-23
-22
-20
-19
-18
-16
-15
-13
-13
-12
-10
-9
-8
-7
-5
-5
-3
0
0
2
4
5
6
8
10
12
12
14
16
17
17
19
20
22
22
23
23
24
24
25
24
25
24
24
23
22
22
20
19
18
17
15
14
12
9
8
7
5
3
1
-1
-2
-4
-6
-7
-9
-11
-13
-13
-14
-15
-15
-17
-17
-17
-17
-18
-17
-17
-16
-16
-16
-15
-16
-14
-14
-14
-12
-12
-12
-11
-10
-9
-10
-8
-8
-7
-6
-6
-5
-4
-3
-3
-2
0
0
1
1
2
3
4
5
5
6
6
7
8
8
9
9
10
10
10
10
11
11
11
11
11
11
11
10
10
10
9
10
9
8
8
7
7
6
6
6
4
4
3
3
3
2
0
0
-1
0
-1
-2
-3
-3
-4
-4
-4
-5
-5
-6
-6
-6
-6
-7
-6
-6
-6
-7
-6
-7
-6
-6
-6
-6
-6
-6
-5
-6
-5
-5
-5
-5
-5
-3
-4
-4
-3
-3
-2
-2
-2
-2
-1
-1
0
0
1
1
1
1
2
2
3
3
3
4
4
4
4
4
5
5
6
6
5
6
6
6
6
5
6
5
5
4
4
4
4
4
4
2
2
2
1
1
1
0
0
0
-1
-2
-2
-2
-3
-3
-3
-4
-3
-4
-4
-4
-4
-5
-4
-4
-4
-4
-4
-4
-3
-3
-3
-2
-2
-2
-1
-1
-2
1
0
0
0
1
1
1
1
2
2
2
2
3
2
2
2
2
3
3
3
3
2
2
2
2
3
2
1
2
2
1
1
1
1
1
0
0
1
1
-1
0
-1
-1
-2
-1
-2
-2
-2
-3
-2
-2
-3
-3
-3
-3
-4
-3
-3
-4
-3
-3
-3
-3
-3
-3
-2
-2
-2
-2
-1
-2
-2
-2
0
-1
0
0
1
0
1
1
1
1
2
1
2
2
3
1
2
3
2
2
3
2
2
3
3
3
3
3
3
3
3
2
3
3
3
2
3
3
3
3
2
2
2
2
2
1
2
1
1
1
0
1
0
-1
0
-1
-1
-2
-1
-1
-2
-1
-2
-2
-2
-3
-2
-3
-3
-3
-3
-3
-3
-3
-3
-4
-3
-3
-2
-2
-2
-1
-2
-2
-2
-1
-1
-1
0
-1
-1
0
0
0
1
0
1
0
0
0
1
0
1
1
2
1
1
1
1
0
0
1
1
1
0
1
2
2
1
2
1
1
2
2
1
2
1
1
1
1
1
1
1
1
1
0
1
0
1
1
0
0
0
0
0
-1
-1
-1
0
-2
-1
-2
-1
-1
-1
-1
-1
-2
-1
-2
-2
-1
-1
-1
-1
-2
-2
-2
-1
-1
-1
-2
0
0
-1
-1
-1
-1
-1
0
0
0
0
0
0
0
0
1
0
0
1
1
0
1
1
0
0
0
0
1
1
0
0
1
0
0
1
1
1
1
0
1
1
0
0
1
1
1
0
1
0
1
1
0
1
0
0
0
0
0
1
0
0
0
1
0
0
0
0
-1
-1
-1
0
0
0
0
0
0
-1
-2
-1
-1
-1
-2
-2
-1
-1
-1
-1
0
-1
-1
-1
-1
-1
0
0
-1
0
0
0
0
0
1
0
0
1
1
1
1
0
1
1
1
1
1
1
2
1
1
1
1
1
1
1
2
1
0
1
1
1
1
1
1
0
0
0
0
0
0
0
0
0
0
-1
-1
0
-1
0
0
-1
-1
-1
-1
0
-1
-1
-1
-1
-1
-1
-1
-1
-1
-1
-1
-1
0
-1
-1
0
0
0
-1
0
0
-1
0
0
0
0
0
0
1
0
1
1
0
0
1
1
1
0
1
1
1
1
1
1
0
2
1
0
1
1
1
0
2
1
1
1
1
0
1
1
0
1
1
0
1
0
0
0
0
0
0
0
0
0
0
0
0
0
0
-1
0
-1
-1
-1
-1
-1
-1
0
-1
-1
0
-1
-1
-1
-1
-1
0
-1
-1
0
-1
-1
-1
0
-1
0
0
-1
-1
-1
0
0
-1
0
0
-1
0
0
-1
0
0
0
0
0
0
0
0
0
1
-1
0
0
0
0
1
0
0
0
1
0
0
0
1
1
0
-1
0
0
1
0
0
0
0
1
0
1
1
0
1
0
1
0
0
0
0
1
0
0
1
0
1
0
0
0
1
0
0
0
0
0
1
0
0
1
0
1
-1
0
0
0
0
0
0
0
0
-1
0
-1
-1
0
0
0
0
0
0
0
0
0
0
-1
0
-1
0
0
0
0
0
0
-1
-1
0
0
0
0
0
0
0
0
0
0
0
0
0
0
0
0
1
1
0
-1
0
0
0
0
0
0
0
0
0
0
0
0
0
0
0
0
1
0
0
0
0
0
1
0
0
0
0
0
0
0
-1
-1
0
0
0
0
0
-1
-1
0
0
0
-1
1
0
0
-1
0
0
0
0
0
0
0
0
0
0
0
0
0
0
0
0
1
0
0
-1
0
0
0
0
0
0
1
0
0
-1
-1
0
0
0
0
-1
0
0
0
0
0
1
0
0
0
0
1
0
0
0
0
0
0
-1
0
0
0
0
0
0
1
0
0
0
0
0
0
-1
-1
0
-1
0
0
0
0
0
0
0
0
0
0
0
0
0
0
-1
0
0
0
0
1
0
0
0
0
0
0
0
0
0
0
-1
1
-1
0
0
0
0
0
0
0
0
1
0
1
0
0
0
1
-1
0
0
0
0
0
0
0
0
0
0
-1
0
0
0
0
1
1
0
1
0
0
0
0
0
0
0
0
0
0
-1
-1
-1
-1
0
0
0
0
0
-1
0
0
0
0
0
-1
0
-1
0
1
0
0
1
0
0
-1
0
-1
0
0
0
-1
0
1
-1
0
0
0
0
-1
0
1
0
-1
1
1
0
1
-1
0
0
1
0
0
-1
1
0
0
1
0
0
0
0
1
0
0
0
0
1
0
-1
0
-1
0
1
0
1
-1
0
1
0
0
0
0
0
-1
0
0
0
0
0
0
0
0
0
0
-1
0
1
0
1
0
-1
0
0
1
0
0
0
0
0
0
-1
0
-1
0
0
0
0
0
0
0
1
0
1
0
0
0
0
0
-1
0
0
0
0
0
-1
0
0
0
0
0
0
1
0
0
0
0
1
0
0
0
0
0
0
0
0
0
-1
0
1
0
0
0
0
0
0
0
0
0
0
0
0
0
0
0
-1
1
0
0
0
-1
0
0
0
1
0
0
0
-1
0
0
0
0
1
1
0
1
0
0
-1
0
-1
0
0
0
0
0
0
0
0
0
0
0
0
0
1
0
0
0
0
0
0
0
0
0
0
0
0
0
0
0
0
0
0
1
0
0
0
1
0
0
0
0
0
0
0
0
1
1
0
0
1
0
0
0
0
0
1
0
0
-1
1
0
-1
-1
0
0
0
0
0
1
0
1
0
0
0
1
0
-1
0
-1
0
0
-1
0
0
0
-1
0
0
0
0
0
0
0
0
1
-1
0
0
0
0
-1
0
0
0
0
0
1
0
0
0
0
0
0
0
0
1
1
0
0
0
0
0
0
0
0
0
1
0
-1
0
0
0
0
0
0
0
0
0
0
1
0
1
1
1
0
0
0
0
0
0
0
0
0
0
0
0
-1
0
0
0
-1
0
-1
0
0
0
0
0
0
0
-1
1
0
1
0
0
0
0
1
1
0
-1
0
1
-1
0
0
0
0
0
0
0
0
0
0
0
0
0
1
-1
0
0
0
0
0
0
0
-1
0
-1
0
0
0
0
0
-1
0
1
0
0
0
1
0
0
0
0
0
0
0
0
0
0
0
0
0
0
1
0
1
0
-1
-1
-1
0
0
0
0
0
0
0
-1
0
0
1
-1
0
1
0
0
0
0
0
0
0
-1
0
0
0
0
0
0
0
0
0
0
0
0
0
0
0
-1
0
0
0
0
0
0
1
0
1
0
0
0
1
0
0
-1
1
0
-1
0
0
-1
0
0
0
0
-1
0
0
0
0
1
0
0
0
1
0
0
1
-1
0
0
0
0
0
0
-1
0
1
0
0
0
1
-1
0
0
0
0
0
0
0
-1
0
1
0
-1
0
0
-1
-1
0
0
0
0
-1
-1
-1
0
0
0
0
0
0
0
0
0
1
0
-1
0
1
0
1
0
0
0
-1
0
0
0
0
0
0
-1
1
0
0
0
0
1
0
0
0
-1
0
1
0
0
0
0
0
0
0
0
0
0
-1
1
-1
0
1
0
0
0
0
0
0
0
0
0
0
0
0
0
0
0
1
0
0
0
0
-1
1
0
-1
0
0
0
0
0
0
0
0
0
0
-1
0
0
0
-1
0
0
1
1
0
0
0
0
-1
0
1
0
-1
0
0
0
0
-1
0
0
0
0
0
-1
-1
0
0
0
0
1
0
0
0
0
-1
0
0
0
1
0
0
0
0
1
0
-1
0
0
-1
0
0
0
0
0
0
0
0
0
0
0
1
0
0
0
0
-1
-1
0
-1
0
0
0
-1
0
0
0
0
1
1
-1
0
0
-1
-1
0
0
-1
0
0
-1
0
0
-1
1
-1
0
0
-1
0
0
0
0
0
0
0
1
0
0
-1
1
1
0
0
0
0
0
0
0
0
0
1
0
0
0
0
0
0
-1
0
0
-1
0
0
1
0
0
1
0
0
0
1
0
1
0
0
0
0
1
-1
0
0
0
1
0
-1
0
0
0
0
0
-1
0
0
0
0
1
0
0
1
0
0
0
1
0
0
0
0
0
1
0
0
0
0
0
0
0
1
0
0
0
0
-1
0
0
-1
-1
0
-1
0
0
0
1
1
0
0
0
-1
1
0
0
0
0
1
0
1
0
0
1
1
0
0
0
0
0
-1
0
0
0
-1
0
0
1
0
0
0
0
1
0
1
0
0
0
0
-1
0
0
0
0
0
-1
0
0
0
1
1
0
0
-1
0
0
1
0
0
-1
1
0
0
0
0
-1
0
0
0
0
0
0
0
0
0
0
0
1
0
0
0
-1
0
1
0
0
1
-1
0
-1
-1
0
0
0
0
0
0
0
0
-1
0
-1
1
0
1
1
0
0
0
