0
-1
0
0
0
0
-1
0
0
0
0
0
0
1
0
0
0
0
0
1
0
0
0
0
0
0
1
0
1
-1
0
0
0
1
1
1
0
0
1
1
0
0
0
0
0
0
1
0
0
0
0
0
0
0
0
0
0
0
0
-1
0
-1
0
0
0
0
0
0
0
0
-1
0
-1
0
1
0
0
1
0
0
0
1
0
0
0
0
0
0
1
0
1
-1
0
0
0
0
1
0
1
-1
0
0
0
0
0
1
0
0
0
0
0
0
-1
-1
0
0
0
0
0
0
-1
0
0
0
0
0
0
-1
0
-1
0
0
0
0
1
0
0
1
0
0
0
0
1
1
0
0
1
1
0
0
0
1
1
1
0
0
1
0
0
0
0
0
0
0
-1
-1
0
0
0
0
0
-1
0
-1
-1
0
-1
-1
-1
0
0
1
-1
0
0
0
0
0
1
0
0
0
0
1
0
0
0
1
1
1
1
0
0
0
0
1
0
1
0
0
0
1
0
0
0
-1
0
1
-1
-1
0
0
0
-1
0
0
0
0
0
0
0
1
0
0
0
0
0
0
0
0
1
1
1
1
-1
0
0
0
1
0
0
1
1
0
0
0
0
0
0
0
0
0
0
0
0
0
0
0
-1
0
-1
0
0
0
0
-1
-1
0
0
-1
0
-1
0
-1
0
0
0
0
0
0
1
0
1
1
1
1
0
1
1
1
1
1
1
1
1
0
0
1
0
0
0
0
0
0
0
-1
-1
-1
-1
-1
-1
-1
-1
0
-1
-1
-1
-1
-1
-1
0
0
-1
0
0
0
0
0
1
1
0
0
0
0
1
0
1
1
1
0
1
1
0
0
1
0
0
1
1
-1
0
1
0
0
0
0
0
1
0
0
0
0
0
-1
-1
0
-1
-1
0
0
-1
-1
0
-1
-1
-1
0
-1
-1
0
0
1
0
0
0
0
0
1
1
0
0
0
0
1
0
1
1
1
1
0
2
1
1
1
1
0
0
0
1
1
0
0
1
0
1
-1
-1
0
-1
-1
0
-2
-2
0
-1
0
1
-1
0
0
-1
1
-1
0
1
0
1
0
1
-1
0
2
-2
2
1
-1
2
-1
1
2
-1
1
1
-2
2
2
-2
2
0
-1
2
-1
0
2
-1
1
0
-1
0
0
0
0
0
-1
1
0
0
1
-1
-1
-1
1
-1
-1
1
-3
1
0
-3
2
-2
0
3
-3
0
2
-3
1
1
-3
2
0
-1
1
0
1
-1
0
2
-3
3
1
-3
5
-1
-2
4
-3
-1
4
-3
0
3
-4
1
2
-4
3
0
-3
4
-2
-1
3
-3
0
3
-4
2
2
-4
4
0
-3
4
-2
-2
4
-2
0
3
-1
-1
4
-2
-1
4
-3
0
3
-3
0
3
-3
0
4
-4
1
3
-5
2
2
-5
3
2
-4
4
1
-6
5
-1
-4
6
-4
-1
5
-5
2
2
-3
2
0
-2
1
0
0
1
-1
1
1
-1
1
-3
2
1
-3
2
-1
-2
3
-1
0
2
-2
0
3
-4
1
2
-5
4
-1
-3
4
-3
0
2
-2
1
0
-1
-1
1
0
-1
2
-1
-1
2
-2
0
2
-1
0
2
-3
2
1
-2
2
-2
1
0
0
1
1
0
-1
2
0
-1
3
-2
0
0
-1
1
-1
0
1
-1
1
-1
0
1
-1
1
0
0
0
-1
0
2
-4
5
-4
0
4
-4
-1
4
-1
-4
6
-6
-1
3
-1
-3
5
-6
-1
10
-12
4
7
-12
7
4
-13
12
-4
-9
14
-9
-4
11
-10
2
7
-8
0
11
-11
0
16
-19
6
9
-16
10
1
-8
5
3
-4
3
4
-8
7
-3
1
3
-6
9
-4
-1
7
-9
6
-1
-6
9
-7
0
-1
7
-9
2
5
-6
-1
5
1
-9
9
-5
0
7
-11
8
0
-6
8
-3
-8
14
-16
6
12
-25
19
-2
-14
19
-17
5
4
-11
11
-11
11
-17
10
8
-32
42
-31
-4
38
-44
22
10
-27
21
-4
-9
9
-1
-5
5
2
-7
9
-11
9
9
-29
33
-4
-31
38
-5
-28
38
-21
-6
32
-46
39
-8
-18
19
0
-6
-10
26
-18
-6
18
-2
-20
21
0
-18
11
6
-15
0
18
-16
-5
16
-12
-8
21
-21
9
-1
1
-2
-1
5
-1
-11
14
9
-37
37
-9
-20
26
-14
-1
11
-22
29
-25
6
7
-10
4
5
-7
-11
36
-53
45
-12
-26
33
-14
-3
2
17
-26
12
13
-26
23
-8
-11
30
-34
17
12
-33
36
-17
-4
23
-25
9
12
-17
6
6
-4
-1
-4
21
-27
14
5
-16
13
6
-23
22
-4
-12
14
-4
-6
8
-4
-4
19
-41
41
-17
-13
25
-26
25
-29
11
20
-37
15
17
-25
-2
31
-41
24
9
-34
34
-13
-8
16
-11
5
0
-13
24
-25
3
24
-38
34
-19
1
1
0
13
-30
31
-15
1
1
-8
36
-59
45
9
-52
55
-33
18
-5
2
-5
5
9
-18
14
0
-9
16
-14
7
18
-48
53
-12
-44
55
-11
-44
61
-24
-41
68
-32
-40
84
-73
8
85
-145
115
-17
-72
77
-18
-40
47
-7
-38
46
-19
-15
17
1
-14
10
-12
17
-12
-4
-8
44
-59
13
62
-95
60
16
-78
77
-29
-10
17
-17
31
-36
17
7
-4
-25
46
-32
-6
38
-50
55
-44
5
48
-58
6
42
-19
-38
51
5
-50
28
24
-34
-8
35
-6
-42
60
-18
-46
83
-84
58
-12
-41
69
-38
-2
-10
55
-78
31
67
-128
99
-8
-88
139
-131
68
11
-64
76
-63
65
-91
100
-56
-29
99
-113
76
-13
-26
24
-15
16
-15
7
2
-4
2
18
-34
-6
78
-108
62
30
-80
64
-28
-5
44
-80
65
32
-134
136
-32
-73
71
-1
-15
-25
30
24
-76
67
-23
-22
52
-75
90
-84
48
-1
-20
-8
58
-78
45
18
-52
24
36
-67
34
29
-71
74
-56
38
-10
-13
-18
99
-156
117
8
-106
95
-8
-44
16
21
-21
13
-49
100
-97
43
23
-70
78
-60
49
-57
79
-65
-14
101
-114
58
-20
42
-64
23
60
-109
91
-36
-23
62
-58
19
17
-10
-49
128
-175
126
12
-140
159
-70
-12
-35
163
-213
116
44
-154
160
-83
-21
98
-130
132
-115
73
-22
-8
16
-41
102
-169
177
-92
-34
111
-72
-58
171
-174
61
81
-138
62
63
-126
101
-9
-117
191
-168
82
8
-54
31
25
-35
-36
120
-138
68
46
-124
112
-29
-60
101
-79
4
76
-97
44
48
-121
110
-13
-99
151
-134
85
-23
-40
79
-68
26
-3
38
-107
131
-78
-4
57
-56
20
23
-46
11
84
-171
172
-70
-85
187
-149
8
110
-83
-75
205
-164
-6
135
-127
19
88
-134
92
24
-147
199
-154
42
82
-144
105
1
-106
148
-98
-21
120
-118
21
75
-91
28
70
-133
119
-40
-52
108
-119
111
-93
43
19
-50
45
-35
61
-135
188
-154
54
63
-142
132
-54
-10
9
31
-42
-13
93
-132
92
6
-85
68
30
-109
110
-30
-86
144
-98
3
64
-45
-64
173
-176
76
46
-92
25
74
-99
33
69
-126
91
-34
64
-170
229
-144
-19
114
-98
41
13
-54
76
-45
-62
186
-222
157
-70
45
-95
139
-82
-59
187
-219
147
-55
16
-3
-46
124
-158
107
6
-143
263
-300
206
-32
-116
162
-127
75
-52
55
-46
5
21
-2
-6
-38
77
-43
-66
184
-206
99
45
-122
116
-75
52
-81
126
-111
14
104
-149
77
50
-112
91
-51
7
49
-82
35
67
-106
4
140
-169
77
16
-37
7
29
-45
36
-8
-46
121
-157
107
-17
-39
39
0
-42
58
-59
67
-84
91
-66
-15
139
-221
174
-39
-63
83
-67
33
65
-197
230
-102
-59
99
-22
-50
24
42
-52
-9
91
-115
45
69
-123
79
-16
7
-28
20
4
-21
23
0
-43
52
-1
-71
107
-99
70
-20
-65
164
-199
136
-30
-46
70
-58
16
30
-37
-1
54
-64
0
84
-88
14
42
-34
3
0
6
15
-50
62
-15
-64
112
-109
85
-47
-15
61
-46
-1
26
-5
-47
96
-105
39
92
-225
250
-119
-83
215
-205
122
-83
92
-73
18
-3
23
-12
-50
121
-122
36
63
-77
-9
94
-83
-4
77
-76
11
57
-66
19
48
-81
58
-16
-28
78
-98
39
72
-142
106
4
-81
46
50
-98
56
35
-101
78
18
-104
147
-168
147
-65
-48
137
-147
94
-73
129
-182
159
-45
-106
185
-149
67
-14
-8
-2
49
-103
125
-97
36
44
-140
220
-235
154
-23
-72
82
-43
36
-88
142
-155
119
-49
-10
31
-33
26
2
-33
35
26
-165
261
-177
-4
94
-34
-66
90
-47
33
-39
-11
112
-176
150
-91
62
-45
-30
116
-107
-2
139
-206
168
-78
-14
91
-156
221
-258
246
-188
93
42
-186
322
-406
378
-260
85
120
-298
334
-234
98
-23
-6
83
-174
181
-83
-39
112
-156
170
-132
42
95
-201
207
-73
-100
185
-189
199
-215
165
-45
-46
49
-40
71
-120
144
-172
196
-198
145
-21
-92
69
66
-140
81
15
-29
-47
83
-30
-41
56
-25
38
-72
70
-47
39
-92
157
-152
84
-37
59
-106
91
-44
21
-43
70
13
-156
233
-194
123
-62
-32
110
-96
32
40
-75
75
-46
38
-60
62
4
-143
233
-171
-5
170
-229
177
-105
33
6
-22
-22
57
-15
-39
84
-125
149
-133
106
-130
202
-264
214
-52
-92
147
-132
152
-167
130
-50
-10
-22
91
-96
-27
121
-45
-80
74
46
-131
105
-24
8
-43
64
-55
40
-16
-6
77
-143
126
-31
-34
5
57
-97
72
-32
1
-2
21
-45
18
32
-77
119
-127
164
-239
267
-196
34
130
-224
240
-143
14
58
-40
8
-3
33
-43
-18
65
-49
-11
30
21
-116
170
-196
194
-111
-37
154
-208
186
-152
143
-124
40
133
-225
130
82
-185
129
-39
40
-59
-18
155
-232
197
-114
52
-18
-23
28
30
-131
178
-119
26
29
-51
96
-220
316
-303
139
62
-127
85
-82
152
-168
111
-66
69
-110
109
-28
-6
-31
21
100
-241
266
-141
21
-41
129
-128
33
45
4
-97
53
139
-318
302
-145
-14
50
23
-71
41
15
-62
64
-25
2
19
-68
99
-41
-71
189
-236
181
-56
-91
232
-275
128
104
-221
173
-49
-80
156
-124
2
88
-72
-10
71
-118
108
17
-189
295
-210
-8
175
-186
51
69
-55
-55
158
-135
-27
159
-180
79
40
-20
-82
163
-120
-25
142
-200
197
-144
16
145
-203
107
71
-169
82
149
-366
367
-141
-154
313
-204
-12
103
-23
-136
230
-181
69
-4
71
-195
214
-80
-51
98
-108
119
-149
134
-11
-138
155
-21
-125
138
-51
47
-138
198
-207
116
9
-80
78
-17
-33
55
-23
-29
65
-78
53
-37
72
-158
235
-227
110
87
-241
255
-183
135
-151
145
-78
-31
147
-231
246
-181
70
41
-95
67
34
-160
209
-70
-163
250
-84
-174
238
-21
-268
383
-326
202
-53
-116
262
-270
90
100
-102
-71
239
-207
-39
233
-162
-66
201
-128
-52
189
-208
159
-83
-37
219
-345
281
-57
-172
257
-182
32
92
-103
50
-22
8
28
-100
190
-241
235
-187
100
41
-240
393
-377
203
22
-171
167
-46
-116
242
-276
160
5
-110
142
-143
180
-232
212
-102
-29
110
-128
78
37
-119
108
-61
24
31
-87
125
-124
93
-83
132
-143
4
206
-287
160
99
-330
357
-186
1
76
-81
89
-159
212
-191
135
-111
83
57
-223
241
-89
-106
191
-152
61
-5
-11
68
-198
337
-380
294
-148
45
11
-83
155
-170
60
76
-112
95
-117
195
-238
175
-10
-172
301
-369
388
-332
150
71
-175
94
68
-181
189
-112
76
-79
8
97
-136
76
-66
203
-380
423
-256
58
50
-54
3
4
-16
56
-18
-114
250
-287
200
-99
58
-55
38
-35
43
-61
72
-18
-84
151
-134
34
65
-97
79
-42
3
100
-254
351
-275
69
80
-27
-135
148
23
-175
131
65
-202
90
152
-256
184
-81
60
-119
141
0
-207
256
-110
-96
200
-122
-23
64
5
-57
25
75
-187
165
-24
-49
24
56
-82
29
-15
66
-140
169
-85
-90
188
-81
-127
214
-53
-193
245
-36
-195
244
-84
-209
389
-299
30
168
-223
157
-83
126
-207
194
-68
-78
107
-70
118
-212
234
-128
-36
75
55
-189
178
-44
-30
-18
150
-258
203
17
-248
374
-383
240
4
-148
42
157
-208
130
-8
-76
83
-59
36
20
-81
58
91
-294
359
-270
159
-174
251
-247
136
38
-177
255
-282
272
-239
184
-127
157
-174
82
42
-98
62
20
-120
141
8
-243
346
-279
74
137
-171
11
132
-93
-62
205
-170
-74
331
-315
28
285
-381
233
-26
-80
45
23
45
-160
110
34
-63
-65
184
-146
39
-21
80
-238
270
-96
-119
222
-147
14
70
24
-248
339
-234
33
133
-210
136
85
-225
220
-80
-77
143
-129
88
-28
-24
18
-39
52
4
-94
151
-53
-107
161
-30
-208
309
-232
18
236
-399
395
-249
15
192
-193
37
49
-23
2
9
-36
89
-131
109
-102
135
-176
120
-3
-151
307
-315
177
0
-70
8
68
-67
18
32
-8
-44
86
-112
108
-10
-123
96
65
-141
30
111
-139
42
36
-71
39
12
-20
4
-52
112
-155
196
-208
188
-50
-160
286
-266
104
166
-330
229
-9
-97
71
71
-123
7
131
-309
529
-572
429
-225
-35
250
-328
313
-337
365
-405
478
-433
195
24
-94
33
111
-211
134
133
-390
439
-278
104
-52
112
-218
277
-191
22
95
-174
260
-239
112
-31
-8
88
-75
-28
31
61
-100
-18
154
-211
212
-123
45
-38
-65
121
-27
23
-163
323
-301
148
-61
22
45
-161
236
-180
46
68
-32
-44
22
-64
187
-239
213
-175
79
105
-243
207
-70
-67
80
-19
14
60
-233
314
-234
79
94
-218
207
-55
-71
103
17
-163
126
43
-205
162
54
-358
559
-417
123
135
-353
496
-532
438
-358
224
-14
-256
459
-507
395
-204
-92
348
-521
483
-359
253
-167
35
191
-497
714
-734
524
-157
-121
196
-85
44
-104
144
-208
308
-259
209
-75
-63
156
-148
171
-279
332
-189
-9
297
-500
482
-235
-7
102
-45
77
-132
104
29
-138
191
-138
39
65
-225
449
-588
436
-50
-275
342
-236
25
123
-194
78
-18
0
-34
-37
122
-169
194
-249
171
4
-131
115
-123
125
-107
80
-66
48
-82
50
69
-144
144
-45
-100
242
-318
317
-128
-28
102
-153
242
-323
373
-228
-47
355
-534
411
-99
-106
101
28
-107
27
83
-210
179
-124
-22
78
-7
-96
183
-222
156
-133
85
-122
193
-210
117
30
-204
331
-386
455
-429
382
-289
98
119
-271
277
-131
16
89
-51
20
64
-150
252
-223
143
-57
107
-121
197
-274
278
-86
-139
256
-184
219
-253
289
-285
293
-173
-21
166
-223
128
-17
12
-7
16
0
19
-176
225
-219
149
-134
82
-34
1
89
-224
145
-33
-89
81
-69
-87
162
-155
191
-278
222
-142
62
0
-203
316
-234
30
103
58
-132
167
-35
108
-35
130
-92
64
158
-234
201
-83
-21
-6
0
-115
-131
164
-251
114
-90
-154
146
-256
103
-4
-206
178
-133
37
81
-81
151
37
22
-140
430
-411
228
148
-247
262
-185
100
-177
-52
-93
-25
-22
-161
71
-128
-162
91
-183
-31
165
-448
321
-41
-58
178
-108
275
-344
492
-83
-9
276
-126
295
-115
80
132
28
69
-96
196
-49
-180
71
-35
-83
-184
134
-63
-259
120
-158
88
-103
-188
280
-183
-77
32
51
-88
-85
208
-67
88
-21
-71
280
-266
-5
183
-163
156
-190
220
43
-142
273
-163
124
27
-3
160
-111
83
-23
130
94
-274
355
-215
50
126
-80
102
-110
276
-193
149
-3
3
283
-120
112
155
-16
97
44
120
51
57
150
106
118
55
71
61
-63
-19
10
-196
118
-347
145
-202
-113
-48
-229
-15
-255
77
-298
21
-145
-102
53
-94
-58
34
-25
-32
-20
3
-75
15
-110
-98
-20
-205
-90
-194
-206
-201
-209
-230
-275
-326
-228
-385
-248
-269
-188
-151
-140
0
-88
-42
66
5
59
144
212
251
113
386
167
325
309
199
341
291
215
233
271
80
175
132
166
9
74
122
89
10
136
139
60
255
171
189
301
224
294
399
321
349
375
465
340
377
331
320
306
171
294
194
92
101
171
-102
-87
-41
-204
-153
-258
-241
-174
-412
-314
-305
-458
-468
-484
-577
-632
-666
-780
-767
-868
-1035
-915
-1021
-1113
-1000
-1004
-1012
-935
-998
-893
-851
-943
-603
-814
-338
-24
250
508
384
946
1087
1204
1211
1303
1610
1458
1741
1750
1546
1825
1341
1542
994
836
864
492
403
-201
-8
-171
-330
-550
-614
-248
-547
-475
-443
-205
193
21
416
555
870
829
935
1145
922
1335
972
1097
1108
1146
1112
864
883
641
697
340
187
160
-92
-104
-347
-498
-636
-972
-984
-1229
-1303
-1419
-1689
-1715
-1996
-2023
-2460
-2710
-2936
-3127
-3149
-3576
-3874
-4134
-4432
-4470
-4974
-4864
-3487
-2506
-1285
-1715
-619
498
1179
1836
1532
2920
3409
4583
5046
5101
5798
5420
5956
4812
4124
4071
3972
3921
2183
1272
744
310
1
-1169
-1288
-2065
-2525
-2950
-3497
-3420
-3588
-3039
-3052
-3049
-2510
-1949
-1279
-1642
-1498
-759
434
2163
2507
3849
4363
5275
5261
4881
5474
5039
5506
4872
5095
4745
3814
3217
1812
1352
94
-146
-54
-34
75
-583
-747
-1314
-1880
-1963
-1986
-1566
-1564
-1468
-1455
-2078
-2555
-3324
-3500
-4017
-4058
-3979
-4373
-5046
-6018
-6612
-7163
-8020
-8293
-8527
-8405
-8840
-8750
-6162
-4269
-2326
-2447
-1118
1180
2685
4298
4255
5610
6823
8149
9142
8583
9303
9065
9255
7464
5718
5557
5344
5277
2677
677
-517
-1253
-1538
-2650
-2988
-3633
-4307
-4830
-5570
-5169
-4748
-3728
-3393
-3310
-2406
-1464
-274
-665
-857
-399
755
2322
3003
3962
4306
4960
5283
5546
5969
6003
6286
6227
6191
5782
5005
4044
3015
2173
1350
870
838
897
895
517
-143
-701
-1211
-1343
-1317
-1138
-887
-923
-1116
-1810
-2690
-3706
-4784
-5408
-5590
-5391
-5703
-6311
-7285
-7927
-8673
-9323
-9950
-10226
-9848
-9850
-9561
-9869
-7712
-4445
-1628
-406
-293
2469
4592
6485
6776
7404
9433
10331
11372
10510
10615
10471
10202
8980
6027
4818
4376
4920
2866
-504
-2704
-3666
-3582
-4316
-4693
-4871
-5446
-6059
-6911
-6735
-5716
-4322
-2903
-2601
-1788
-457
1372
1970
1000
857
1741
3927
5111
5505
5348
5307
5493
5136
4950
4865
5571
5642
5503
5162
4843
4242
2974
2011
1229
972
830
1218
1708
1327
687
-162
-462
-838
-1182
-993
-952
-1027
-1528
-1965
-2799
-3972
-5150
-6012
-6390
-6648
-6733
-7006
-7655
-8583
-9064
-9301
-9608
-9894
-10081
-9578
-9239
-9045
-9318
-8184
-4504
-851
1632
1451
2655
5083
7310
8611
8586
10006
11039
11835
11505
10784
10747
10057
8991
5998
3721
2870
3434
2747
-805
-4280
-6148
-5740
-5309
-5463
-5627
-5988
-6423
-6847
-6519
-5122
-3654
-2024
-1188
-247
1319
3304
4682
3894
2976
3065
5004
6675
6927
6280
5414
5134
4240
3478
3091
3446
3688
3277
3008
3032
3007
2077
1060
486
468
974
1709
2697
2880
2178
1397
858
598
99
-42
18
-248
-975
-1834
-2671
-3985
-5585
-6830
-7452
-7767
-7993
-8164
-8804
-9745
-10405
-10379
-10125
-10285
-10557
-10206
-9198
-8739
-8622
-8921
-6294
-1783
2215
3796
3084
5385
7890
10571
10953
10672
12049
12582
13365
11791
10962
10291
9328
7393
3559
1596
948
1387
-697
-4908
-7860
-8580
-7174
-6693
-6739
-6635
-6433
-6073
-5990
-4912
-3263
-1252
526
1405
2978
4819
6850
7037
5418
4345
4680
6682
7450
6870
5409
4220
3359
2255
1328
876
1035
1130
833
815
980
943
387
-413
-362
328
1856
3133
3939
3631
2842
2273
1931
1757
1214
923
323
-442
-1313
-2332
-3550
-5332
-6909
-7911
-8302
-8362
-8440
-8778
-9581
-10263
-10348
-9979
-9782
-9718
-9470
-8757
-7711
-7278
-6940
-7124
-4589
-135
3921
5354
4203
6194
8754
11300
11025
10236
11238
11707
12074
10097
9074
8081
6896
4764
1121
-482
-997
-481
-2437
-6408
-8880
-8975
-6919
-6044
-5706
-5329
-4886
-3994
-3572
-2304
-656
1290
2960
4079
5661
7247
8383
7604
5600
4371
4755
6223
6476
5477
4042
2969
1956
606
-256
-315
-22
-147
-20
361
689
350
-236
-293
112
918
2072
3402
3885
3261
2348
1979
1793
1157
399
-241
-808
-1531
-2340
-3373
-4938
-6677
-7880
-8392
-8610
-8807
-9014
-9255
-9618
-9765
-9578
-9227
-9111
-9166
-8412
-7605
-6470
-6459
-5598
-2046
2087
5357
4768
5398
7427
9666
10784
9925
10692
11189
11392
10125
8041
7226
6022
4778
1894
-692
-1785
-1720
-1695
-4321
-7353
-8946
-8048
-6104
-4899
-3786
-3147
-2696
-2440
-1780
70
1922
3682
4692
5616
6810
7643
7700
5908
3936
2859
3387
4225
4087
3328
1996
743
-716
-1321
-896
-250
125
101
626
1264
1711
1671
1612
1854
2393
3347
4412
5356
5104
4042
2950
2278
1809
908
99
-673
-1642
-3021
-4390
-5522
-6944
-8353
-9399
-9640
-9758
-9839
-9988
-10111
-10143
-10137
-9476
-9035
-8582
-8310
-7331
-6226
-5517
-5415
-3939
449
4416
6448
5452
6204
8455
10127
10509
9603
10387
11004
10688
8697
6437
5647
4702
3233
424
-1678
-2250
-1960
-2451
-5175
-7693
-8411
-6863
-5144
-4016
-2784
-1873
-1417
-1747
-1319
537
2814
4538
4912
5326
6197
6801
6117
3931
2203
1773
2708
3333
3064
2294
1198
223
-516
-316
580
1422
2013
2374
2652
2850
3109
3359
3407
3289
3524
4387
5152
5091
4027
2657
1521
598
-186
-1013
-1781
-2644
-3806
-5170
-6462
-7533
-8656
-9451
-9953
-9760
-9393
-9221
-9425
-9636
-9462
-9016
-8347
-7634
-7138
-6549
-5888
-5039
-4788
-4060
-316
3713
6578
5822
6009
8047
9711
10264
8955
9538
10484
10588
8973
6237
5237
4199
3193
812
-1535
-2144
-2030
-1843
-4232
-6819
-7937
-6897
-5004
-3933
-2529
-1590
-998
-1222
-1316
-42
1996
3944
4644
4897
5409
6020
5599
3731
1844
1025
1857
2859
2973
2181
922
26
-500
-253
572
1589
2485
3045
3470
3374
3306
3245
3328
3516
3573
4169
4727
5047
4194
2683
1360
413
-204
-1074
-1716
-2434
-3420
-4773
-6318
-7433
-8587
-9249
-9596
-9471
-9144
-9080
-9129
-9443
-9325
-9077
-8530
-7914
-7388
-6631
-6076
-5425
-4998
-4741
-1780
2408
5991
6389
5589
7368
9334
10636
9659
9374
10346
10494
9327
6721
5457
4895
3798
1620
-1041
-2166
-2188
-1776
-3261
-6125
-7822
-7497
-5410
-4066
-2894
-1907
-1444
-1293
-1504
-452
1315
3223
4245
4365
4956
5564
5625
4146
2022
926
1240
2553
2893
2400
1383
215
-372
-209
1143
2117
2713
3269
3997
4359
3947
3750
3884
4133
4023
4066
4620
4882
4195
2524
1235
459
-355
-1156
-2076
-2734
-3811
-4992
-6208
-7528
-8533
-9296
-9450
-9432
-9322
-9215
-9448
-9612
-9513
-9056
-8600
-7992
-7586
-6857
-6384
-5828
-5445
-4755
-1189
2854
6050
5867
5902
8015
9841
10583
9285
9761
11080
11279
9344
6214
5318
5012
4034
1409
-1271
-2179
-2008
-1781
-3617
-6160
-7490
-6945
-5412
-4251
-2781
-1664
-1193
-1501
-1880
-769
1309
3317
3976
3932
4330
4890
4918
3628
1914
995
1464
2526
2875
2533
1591
636
-169
178
1552
2807
3592
3902
4397
4504
4313
4126
4146
4290
4230
4312
4430
4279
3233
1604
455
-238
-710
-1427
-2223
-3067
-4250
-5383
-6574
-7535
-8409
-8959
-9005
-9000
-8885
-9064
-9366
-9563
-9585
-9066
-8612
-7834
-7372
-7005
-6499
-6008
-5538
-5036
-1793
2527
5890
5939
5618
7573
9704
10620
9422
9507
10951
11552
9898
6759
5341
5082
4395
2026
-908
-2311
-2196
-1696
-3224
-5914
-7401
-6857
-5134
-4114
-2942
-1867
-1187
-1185
-1513
-541
1322
3535
4441
4333
4332
4643
4760
3662
2135
1140
1492
2575
2885
2327
1195
532
112
268
1391
2741
3820
4044
4279
4424
4373
4134
4169
4371
4318
4322
4408
4502
3479
1672
162
-474
-568
-1172
-2034
-3064
-4161
-5356
-6586
-7493
-8506
-9073
-9294
-9145
-9052
-9308
-9492
-9857
-9721
-9320
-8558
-7831
-7461
-6948
-6509
-5742
-5448
-4724
-1468
2767
5986
5913
5765
7572
9735
10539
9348
9240
10412
11162
9617
6510
4967
4611
3988
1609
-1164
-2535
-2592
-2348
-3841
-6137
-7410
-6800
-5075
-3903
-2754
-1859
-1254
-1051
-1099
-30
1794
3894
4873
4832
4852
4935
4778
3584
2333
1774
2350
3345
3415
2702
1482
704
228
364
1376
2493
3468
3866
4114
4051
3715
3593
3688
3899
3864
3928
4065
3911
2916
1180
-218
-972
-1314
-1792
-2441
-3274
-4375
-5533
-6645
-7559
-8494
-8917
-8848
-8580
-8389
-8763
-9048
-9183
-8926
-8436
-7955
-7282
-6860
-6286
-5770
-5233
-5159
-3823
-173
3690
5797
5165
5879
7862
9599
9261
7919
8480
9892
10010
7606
4760
3897
3930
2964
229
-2337
-3208
-2606
-2535
-4357
-6300
-6708
-5205
-3473
-2398
-1259
-384
203
310
459
1737
3556
5310
5750
5360
5233
5219
4721
3150
1685
1324
2229
3200
3000
1817
318
-462
-491
177
1104
1867
2629
3239
3611
3389
3006
2873
3065
3286
3405
3665
3770
3455
2213
662
-474
-1093
-1433
-1932
-2442
-3353
-4338
-5405
-6368
-7392
-8322
-8537
-8454
-8111
-8134
-8430
-8733
-8988
-8778
-8237
-7440
-6874
-6685
-6365
-5714
-5077
-4660
-2299
1590
5053
5647
5147
6644
8852
9900
8510
7586
8646
9925
9108
6039
3709
3215
3219
1744
-966
-2963
-3335
-2606
-3070
-5013
-6552
-6211
-4210
-2487
-1277
-366
335
815
908
1502
2842
4634
5825
5833
5455
5143
4786
3744
2220
1017
904
1802
2343
2079
794
-456
-1035
-808
326
1336
2114
2634
3196
3688
3671
3396
3217
3418
3646
3812
3830
3628
2882
1492
167
-779
-1319
-1925
-2650
-3319
-4085
-4971
-5973
-6806
-7590
-8255
-8412
-8138
-7788
-7841
-8170
-8351
-8346
-7887
-7288
-6665
-6470
-6190
-5727
-5023
-4684
-3663
-339
3381
5623
4898
5304
7419
9482
9129
7202
7102
8611
9343
7220
4021
2557
2672
2447
373
-2132
-3376
-2846
-2272
-3376
-5247
-5979
-4652
-2587
-1093
-71
759
1432
1706
1737
2377
3823
5463
6177
5666
4931
4426
3892
2601
1002
155
501
1406
1647
1115
80
-677
-1002
-546
458
1526
2367
2992
3514
3719
3636
3441
3481
3535
3526
3494
3423
3083
2058
699
-463
-1291
-1995
-2710
-3228
-3735
-4393
-5211
-5893
-6690
-7501
-7932
-7791
-7271
-7084
-7179
-7325
-7534
-7353
-7177
-6535
-6179
-5952
-5770
-5219
-4773
-4026
-1444
1842
4325
3936
4092
6049
8501
8827
6766
5869
6968
8301
7215
4316
2513
2205
2100
519
-1537
-2892
-2684
-2031
-2620
-4177
-5296
-4325
-2366
-637
447
1005
1606
2168
2552
2873
3570
4874
5882
5850
5072
4231
3525
2508
1297
152
7
611
1123
1113
258
-460
-973
-570
498
1617
2339
2916
3625
4151
4220
3757
3512
3476
3624
3666
3410
2970
1982
717
-633
-1675
-2485
-3170
-3742
-4398
-5039
-5773
-6275
-6883
-7562
-7990
-8088
-7638
-7177
-6893
-6987
-7262
-7300
-7025
-6482
-6129
-5816
-5594
-4978
-4602
-3150
-165
3051
4469
3509
4060
6353
8875
8618
6751
5996
6993
7672
6168
3707
2401
2231
1556
-191
-1903
-2741
-2357
-2044
-2770
-4350
-5028
-3683
-1391
453
1138
1141
1475
2255
3034
3326
3817
4755
5496
5289
4395
3453
2590
1527
210
-707
-734
37
735
721
84
-535
-549
209
1270
2271
2949
3678
4410
4890
4876
4513
4106
3750
3791
3909
3901
3327
2150
783
-581
-1712
-2714
-3614
-4237
-4696
-5318
-5883
-6312
-6784
-7471
-8190
-8427
-8175
-7547
-7008
-6842
-6892
-6972
-6820
-6856
-6639
-6626
-6071
-5524
-4091
-1034
2116
4178
3422
3297
4768
7248
8056
6865
6194
6694
7312
6077
3755
2254
1859
1503
19
-1477
-2361
-2261
-1928
-2263
-3286
-4346
-3908
-2095
201
1726
2070
1914
2157
2992
3785
4254
4733
5220
5270
4693
3790
2753
1671
383
-924
-1578
-1357
-500
94
287
-41
-495
-435
656
2393
3468
3963
4220
5030
5738
5641
4826
3919
3758
4021
4131
3654
2643
1270
-177
-1486
-2622
-3598
-4550
-5156
-5571
-5717
-6014
-6642
-7468
-8058
-8197
-7959
-7611
-7180
-6736
-6483
-6410
-6260
-6157
-5963
-6155
-6287
-6234
-4997
-1642
2097
4385
3562
2998
4349
6954
7614
6066
5052
5795
6984
6209
3964
2317
1904
1525
-147
-1907
-2786
-2284
-1373
-1440
-2407
-3688
-3580
-2079
-15
1522
1903
1938
2312
3120
3743
3984
4377
4769
4827
4205
3476
2634
1699
475
-830
-1610
-1642
-920
-1
465
373
50
155
1105
2455
3513
4164
4630
5280
5859
5978
5429
4523
3865
3719
3664
3416
2725
1734
402
-1215
-2828
-3975
-4482
-4993
-5759
-6510
-6765
-6741
-7012
-7519
-8022
-8210
-7976
-7566
-7071
-6625
-6369
-6233
-6216
-5861
-5618
-5736
-6252
-5524
-2304
1827
4425
4050
3732
4982
7173
7471
5896
4804
5344
6294
5621
3826
2617
2167
1519
-260
-2019
-2919
-2622
-1723
-1334
-1837
-2914
-2955
-1508
612
1907
1856
1540
2150
3462
4175
4081
3993
4316
4438
3820
2966
2158
1497
433
-886
-1807
-1657
-836
-265
-21
296
601
772
1103
2018
3216
4170
4644
4989
5545
5960
5720
4820
4061
3779
3495
2845
2183
1655
944
-543
-2504
-4057
-4674
-4942
-5723
-6789
-7374
-7182
-6960
-7260
-7825
-8241
-8189
-8011
-7594
-7046
-6460
-6202
-6034
-5747
-5430
-5519
-5608
-3904
-648
2759
3841
3930
4877
6748
7622
6371
4898
4682
5345
5092
3723
2621
2399
2112
559
-1347
-2667
-2811
-2338
-1912
-1785
-2093
-2079
-1437
190
1767
2433
1856
1480
2274
3648
4580
4704
4682
4415
3867
3177
2651
2338
1587
290
-1052
-1505
-1103
-513
-287
-189
23
232
574
1259
2279
3259
3775
4151
4687
5364
5706
5264
4599
4193
4043
3559
2679
1793
1061
359
-895
-2477
-3986
-4908
-5500
-6313
-6987
-7436
-7554
-7724
-8006
-8163
-8169
-8154
-8128
-7897
-7150
-6415
-5917
-5746
-5399
-5238
-4800
-3132
-374
2360
3243
3783
5044
7269
8206
6979
5167
4633
5143
4714
3279
2201
2224
2194
844
-995
-2379
-2652
-2563
-2613
-2991
-3479
-3130
-1899
30
1459
1756
1189
903
1428
2157
2699
3118
3966
4510
4114
3162
2461
2563
2262
1134
-186
-721
-254
324
605
829
1148
1438
1542
1707
2328
3302
3901
4091
4257
4849
5368
5314
4909
4523
4381
3991
3168
2116
1192
445
-512
-1807
-3002
-3777
-4432
-5321
-6332
-7119
-7524
-7838
-8113
-8351
-8263
-7969
-7855
-7829
-7736
-7395
-6943
-6536
-6082
-5786
-5174
-3679
-1409
863
2018
2685
3697
5445
6704
6670
5717
5146
5187
4861
3737
2746
2740
3069
2622
1327
19
-507
-553
-902
-1751
-2810
-3133
-2644
-1328
28
672
387
-129
-21
480
783
827
1115
1722
2222
2246
2084
2343
2784
2757
1930
1271
1492
2252
2626
2562
2599
2742
2764
2435
2197
2413
2753
2815
2591
2618
3051
3360
3354
3250
3358
3434
3195
2668
1997
1121
25
-1056
-1871
-2325
-2651
-3265
-4109
-5008
-5728
-6287
-6811
-7130
-7204
-7140
-7120
-7076
-6959
-6805
-6876
-6966
-6902
-6575
-6150
-5389
-4032
-2143
-454
507
1304
2336
3608
4415
4562
4464
4700
4855
4474
3621
3230
3552
3969
3893
3347
2904
2622
2235
1453
252
-905
-1621
-1623
-1023
-281
-71
-479
-943
-1001
-797
-849
-1176
-1336
-1131
-716
-330
65
679
1379
1840
1955
2124
2562
3224
3850
4438
4729
4642
4234
3917
3816
3601
3072
2440
2190
2243
2300
2062
1821
1856
2010
1990
1751
1526
1224
617
-328
-1341
-1930
-2092
-2183
-2569
-3160
-3640
-4049
-4535
-5120
-5415
-5366
-5207
-5119
-5010
-4775
-4513
-4529
-4861
-5271
-5329
-5134
-4942
-4906
-4743
-4051
-3024
-2114
-1803
-1549
-837
343
1384
1904
2179
2460
2702
2738
2680
2942
3634
4497
5095
5309
5188
4891
4591
4111
3304
2100
1007
445
339
346
18
-464
-855
-1126
-1459
-1885
-2117
-2085
-1828
-1667
-1593
-1407
-1005
-432
37
466
1124
2190
3438
4394
4916
5062
5150
5124
4894
4381
3785
3374
3199
3099
2727
2243
1794
1602
1621
1515
1185
675
183
-189
-593
-1078
-1461
-1645
-1722
-1880
-2236
-2567
-2838
-3059
-3318
-3604
-3752
-3652
-3418
-3224
-3238
-3436
-3626
-3811
-3958
-4087
-4182
-4160
-4073
-3931
-3837
-3901
-4108
-4376
-4433
-4090
-3406
-2680
-2140
-1611
-935
-133
612
1208
1750
2332
2892
3383
3825
4167
4315
4204
3908
3633
3517
3544
3462
3078
2485
1885
1435
1010
530
-31
-450
-636
-608
-471
-289
-117
-91
-190
-361
-368
-154
286
825
1367
1912
2424
2893
3231
3367
3307
3099
2957
2970
3087
3138
2990
2766
2550
2430
2328
2076
1683
1212
795
452
115
-188
-482
-749
-1019
-1225
-1330
-1318
-1290
-1375
-1605
-1862
-2102
-2222
-2226
-2238
-2349
-2638
-2942
-3238
-3459
-3662
-3855
-3891
-3852
-3806
-3857
-4027
-4236
-4413
-4426
-4238
-3930
-3696
-3503
-3236
-2758
-2107
-1453
-875
-324
309
999
1693
2339
2817
3004
2959
2849
2823
2898
2989
2964
2819
2587
2411
2367
2337
2148
1734
1208
860
803
945
1032
943
689
390
207
181
312
508
629
760
1006
1394
1768
1949
1912
1754
1693
1803
2044
2304
2537
2670
2748
2755
2631
2354
1932
1545
1285
1124
935
718
466
201
-134
-477
-672
-664
-568
-541
-623
-769
-916
-1079
-1224
-1329
-1417
-1569
-1887
-2341
-2774
-3058
-3208
-3340
-3522
-3685
-3762
-3793
-3893
-4087
-4227
-4194
-3995
-3760
-3506
-3205
-2909
-2662
-2524
-2337
-1974
-1457
-900
-434
-8
396
777
1122
1426
1640
1818
2036
2247
2407
2406
2332
2289
2292
2269
2065
1822
1769
1979
2151
2049
1779
1556
1461
1327
1074
792
613
545
552
691
984
1309
1482
1426
1306
1260
1358
1534
1682
1831
2034
2331
2556
2580
2317
1981
1745
1626
1552
1414
1229
1053
883
653
446
287
198
115
50
21
10
10
-90
-288
-544
-743
-930
-1192
-1536
-1907
-2246
-2515
-2770
-3039
-3342
-3596
-3833
-4029
-4203
-4293
-4271
-4194
-4046
-3773
-3377
-3000
-2758
-2640
-2513
-2248
-1869
-1484
-1223
-1065
-889
-636
-332
-80
159
423
704
1009
1297
1568
1776
1849
1764
1552
1377
1307
1311
1348
1367
1408
1522
1650
1739
1701
1559
1368
1252
1201
1200
1242
1350
1493
1570
1603
1614
1713
1891
2059
2192
2325
2527
2776
2949
2923
2684
2341
2066
1887
1771
1610
1422
1221
1023
820
640
466
287
55
-142
-217
-166
-56
-82
-216
-427
-557
-629
-748
-990
-1295
-1568
-1778
-1986
-2199
-2447
-2729
-2994
-3246
-3420
-3543
-3639
-3744
-3794
-3704
-3508
-3259
-3013
-2814
-2650
-2453
-2162
-1866
-1610
-1440
-1356
-1237
-1069
-883
-781
-707
-573
-354
-74
256
604
849
923
839
731
721
736
682
570
521
604
748
847
871
912
964
996
1035
1123
1349
1602
1778
1804
1849
2024
2269
2462
2543
2632
2873
3240
3551
3735
3799
3763
3535
3154
2764
2464
2257
2016
1725
1436
1274
1152
995
684
341
157
59
46
11
-83
-220
-381
-548
-710
-822
-935
-1149
-1397
-1645
-1815
-1966
-2221
-2519
-2791
-2938
-3005
-3069
-3174
-3241
-3255
-3266
-3249
-3119
-2843
-2578
-2387
-2276
-2100
-1811
-1566
-1423
-1361
-1225
-1062
-944
-964
-1043
-1041
-972
-852
-740
-552
-310
-86
64
191
281
331
334
310
325
310
266
233
280
393
440
476
590
866
1189
1399
1511
1601
1813
2030
2188
2249
2299
2439
2623
2861
3154
3444
3711
3841
3804
3605
3334
3047
2760
2492
2164
1824
1529
1337
1211
1015
731
467
303
297
258
161
22
-121
-315
-517
-709
-801
-841
-971
-1192
-1484
-1705
-1914
-2196
-2532
-2772
-2854
-2850
-2857
-2921
-2978
-3018
-3041
-2995
-2837
-2596
-2413
-2309
-2183
-1969
-1777
-1677
-1616
-1554
-1471
-1396
-1356
-1329
-1342
-1334
-1294
-1190
-993
-772
-539
-322
-78
181
352
453
513
592
649
639
637
670
702
688
662
763
1021
1299
1449
1519
1620
1787
1966
2060
2095
2101
2123
2202
2316
2504
2767
3075
3360
3430
3335
3187
3069
2966
2749
2401
2024
1703
1462
1247
1025
861
734
623
549
461
469
439
321
75
-219
-450
-587
-651
-743
-822
-1001
-1230
-1482
-1716
-2003
-2266
-2527
-2754
-2896
-2898
-2849
-2906
-3011
-3092
-3079
-3003
-2890
-2760
-2686
-2587
-2440
-2337
-2306
-2311
-2294
-2237
-2208
-2252
-2290
-2226
-1996
-1731
-1488
-1189
-692
-87
387
694
886
1076
1251
1342
1306
1219
1212
1226
1251
1250
1342
1535
1738
1863
1894
1873
1839
1795
1744
1709
1650
1595
1567
1616
1877
2263
2635
2946
3114
3234
3263
3225
3049
2766
2447
2058
1712
1428
1190
993
855
780
725
755
840
767
774
667
477
219
-52
-267
-453
-601
-694
-689
-804
-914
-1038
-1236
-1508
-1854
-2262
-2594
-2778
-2839
-2923
-2977
-3080
-3159
-3226
-3258
-3285
-3374
-3503
-3649
-3710
-3735
-3792
-3963
-4126
-4051
-3676
-3121
-2540
-1923
-1182
-254
727
1534
2051
2301
2500
2633
2663
2505
2218
1951
1825
1806
1795
1788
1799
1863
1861
1645
1257
819
475
285
141
-22
-90
63
434
961
1537
2153
2818
3412
3875
4154
4242
4117
3766
3301
2805
2318
1832
1364
1025
818
671
553
505
475
419
300
264
244
258
217
11
-191
-215
-47
-168
-370
-690
-922
-1040
-1217
-1525
-1863
-2181
-2528
-2950
-3478
-3865
-4198
-4510
-4910
-5301
-5571
-5746
-5876
-6089
-6359
-6375
-5843
-4902
-3762
-2584
-1265
360
2116
3656
4640
5169
5536
5671
5428
4721
3827
3039
2381
1759
1156
719
514
396
182
-252
-858
-1540
-2193
-2676
-2942
-3018
-2901
-2563
-1836
-694
767
2330
3744
4894
5831
6552
6873
6759
6262
5479
4556
3571
2561
1581
720
96
-305
-591
-705
-680
-583
-442
-323
-250
-206
-62
73
144
214
351
496
460
219
-90
-435
-747
-1111
-1526
-1954
-2339
-2626
-2952
-3414
-4024
-4685
-5387
-6083
-6832
-7595
-8057
-7740
-6573
-5019
-3515
-1940
152
2664
4943
6284
6697
6681
6582
6134
5033
3621
2416
1671
1178
760
424
244
155
-48
-627
-1558
-2679
-3823
-4729
-5241
-5251
-4856
-4144
-3077
-1544
458
2771
4893
6447
7371
7914
8104
7746
6819
5444
3860
2357
1049
-131
-1025
-1623
-1911
-2132
-2173
-1919
-1419
-811
-390
-145
105
533
915
1025
988
1092
1300
1315
1064
699
441
302
71
-384
-912
-1380
-1870
-2565
-3470
-4518
-5607
-6759
-7967
-8872
-8890
-7804
-6106
-4270
-2349
13
2757
5249
6806
7268
7123
6737
5984
4661
2956
1468
499
-3
-316
-462
-391
-131
-10
-420
-1368
-2685
-3888
-4839
-5358
-5373
-4931
-3957
-2564
-753
1347
3590
5698
7340
8303
8578
8260
7439
6173
4567
2717
904
-709
-2016
-2966
-3509
-3637
-3565
-3369
-3057
-2527
-1731
-860
-226
105
366
735
1033
1061
876
649
537
492
420
383
469
582
464
133
-237
-633
-1312
-2389
-3665
-4980
-6190
-7226
-7529
-6569
-4682
-2694
-820
1590
4579
7215
8594
8577
7948
7160
5989
4014
1670
-110
-1059
-1534
-1897
-2029
-1852
-1546
-1441
-1877
-2832
-4049
-5101
-5810
-5924
-5437
-4491
-3098
-1219
1047
3335
5473
7155
8252
8674
8478
7647
6315
4641
2851
979
-753
-2213
-3432
-4354
-4787
-4703
-4340
-3837
-3192
-2332
-1229
-83
867
1532
1989
2187
1909
1228
500
-98
-624
-1200
-1762
-2031
-1785
-1394
-1266
-1456
-1703
-1955
-2598
-3575
-4758
-5955
-7080
-7732
-7061
-5098
-2454
-32
2461
5554
8916
11219
11724
10941
9757
8441
6452
3730
1103
-594
-1386
-1878
-2238
-2304
-2045
-1845
-2112
-2979
-4223
-5343
-6084
-6213
-5535
-4105
-2183
36
2392
4698
6691
8226
8985
8890
8061
6942
5550
3836
1898
-28
-1736
-3203
-4382
-5334
-5898
-5990
-5661
-5093
-4229
-3050
-1631
-91
1218
2218
2804
3121
2978
2294
1296
326
-396
-1064
-1683
-2090
-2024
-1594
-1345
-1576
-2176
-2860
-3655
-4774
-6110
-7529
-8749
-9358
-8541
-6207
-3070
-158
2433
5338
8657
11247
11991
11056
9543
8238
6661
4445
1961
266
-454
-810
-1267
-1798
-1943
-2015
-2382
-3380
-4720
-5783
-6262
-5969
-4824
-2922
-519
2038
4462
6586
8295
9688
10279
9825
8568
7140
5742
4091
2111
-24
-2037
-3785
-5242
-6410
-7197
-7388
-7017
-6177
-4993
-3441
-1633
92
1595
2583
3196
3349
3043
2246
1138
338
-141
-495
-1030
-1354
-1255
-890
-864
-1629
-2880
-4188
-5367
-6545
-7932
-9264
-10231
-10270
-8653
-5547
-1890
1117
3754
6472
9429
11357
11482
10099
8423
7018
5575
3710
1730
436
-256
-815
-1722
-2692
-3421
-4017
-4876
-6056
-7078
-7355
-6790
-5438
-3261
-424
2531
5053
7066
8666
9975
10798
10747
9838
8568
7327
6018
4285
2217
21
-2059
-4105
-5882
-7188
-7864
-7790
-7088
-5772
-3991
-1986
18
1677
2910
3524
3614
3292
2501
1418
392
-61
-93
-114
-341
-530
-504
-547
-1059
-2358
-4105
-5803
-7322
-8424
-9355
-10002
-10334
-9657
-7126
-3397
437
3209
5654
8085
10423
11423
10763
9036
7348
5999
4400
2497
712
-308
-1021
-1876
-3108
-4341
-5254
-5896
-6691
-7529
-7917
-7447
-6133
-4101
-1358
1670
4449
6496
7945
9091
10125
10729
10430
9403
8018
6728
5170
3266
957
-1387
-3770
-5913
-7486
-8216
-8030
-7231
-5914
-4125
-1965
168
1897
3001
3542
3559
3178
2595
1747
889
278
187
389
348
72
-307
-655
-1151
-2118
-3513
-4978
-6242
-7216
-7921
-8398
-8600
-8446
-6939
-3990
-287
2672
4838
7015
9265
10971
10876
9509
7648
6336
5028
3161
1051
-539
-1415
-2335
-3630
-5053
-6089
-6688
-7104
-7665
-7933
-7615
-6419
-4588
-2143
762
3621
5987
7451
8477
9347
10257
10541
10011
8787
7364
5772
3875
1659
-792
-3278
-5655
-7528
-8561
-8577
-7865
-6675
-5105
-3108
-945
930
2097
2533
2559
2369
2106
1651
1104
760
710
976
1147
922
320
-473
-1186
-2009
-3174
-4594
-5896
-6776
-7267
-7666
-7924
-8044
-6944
-4435
-1037
1988
4216
6491
8759
10844
11308
10475
8918
7715
6696
5167
3182
1374
265
-807
-2311
-4159
-5617
-6490
-7096
-7794
-8277
-8075
-6979
-5300
-3215
-695
2077
4423
6024
7005
7965
9023
9548
9290
8273
7284
5861
3988
1724
-486
-2510
-4553
-6240
-7334
-7354
-6589
-5482
-4335
-2989
-1345
100
1024
1231
1047
696
441
269
36
-79
10
259
413
374
2
-606
-1388
-2123
-2980
-4059
-5034
-5945
-6321
-6603
-6694
-6837
-6190
-3983
-944
1956
3800
5791
7777
9641
10094
9253
7848
6756
6143
5002
3483
2010
1194
417
-898
-2658
-4283
-5280
-5874
-6515
-7060
-6897
-5821
-4134
-2225
-1
2275
4254
5562
6229
6888
7686
8378
8331
7606
6754
5602
3928
1762
-426
-2349
-4217
-5678
-6570
-6523
-5703
-4694
-3527
-2468
-1203
-206
362
425
-57
-574
-988
-1042
-968
-760
-425
3
262
239
-283
-1085
-1929
-2706
-3484
-4477
-5223
-5787
-5943
-6117
-6112
-6197
-5586
-3635
-909
1851
3529
5389
7047
8729
9035
8096
6788
5762
5441
4630
3555
2498
1974
1470
314
-1460
-3196
-4397
-5062
-5799
-6329
-6295
-5402
-3920
-2148
-29
2113
4004
5204
5904
6631
7723
8470
8525
7722
6888
5726
4070
1985
-184
-1840
-3421
-4588
-5230
-4958
-3972
-3099
-2389
-1866
-1126
-381
-127
-250
-927
-1550
-1932
-1938
-1613
-1274
-787
-275
43
3
-486
-1286
-2049
-2798
-3502
-4463
-5242
-5761
-6077
-6364
-6626
-6804
-6223
-4264
-1460
1230
2943
4801
6504
8040
8295
7397
6088
5088
4777
4245
3409
2635
2272
1878
890
-757
-2448
-3812
-4588
-5391
-6026
-6154
-5522
-4302
-2913
-1045
1021
2965
4217
5019
5943
7264
8380
8759
8292
7562
6541
4879
2816
636
-1039
-2519
-3686
-4306
-4066
-3015
-1982
-1307
-940
-559
-100
70
0
-540
-1223
-1645
-1631
-1238
-792
-365
99
329
355
-60
-918
-1714
-2497
-3086
-3992
-4885
-5602
-6143
-6533
-7024
-7312
-7213
-5649
-3086
-105
1845
3621
5303
6753
7405
6750
5719
4578
4326
4028
3489
2855
2503
2206
1259
-306
-2025
-3409
-4254
-4943
-5672
-5947
-5611
-4571
-3460
-2067
-398
1379
2871
3753
4722
6034
7738
8587
8609
7908
7074
5629
3602
1316
-700
-2112
-3251
-3847
-3959
-3214
-2124
-1308
-819
-538
-141
79
2
-369
-902
-1349
-1493
-1279
-858
-331
182
707
858
788
207
-396
-979
-1473
-2035
-3009
-3842
-4738
-5322
-6072
-6568
-7143
-6636
-4788
-2032
678
2303
4077
5224
6329
6237
5526
4593
3981
4000
3761
3346
2994
2732
2107
753
-1073
-2670
-3812
-4397
-5107
-5672
-5694
-5153
-4263
-3354
-2110
-649
782
1860
2684
3944
5817
7503
8326
8314
7925
7141
5423
3274
950
-736
-2118
-3128
-3672
-3733
-2964
-2271
-1756
-1534
-1277
-880
-699
-757
-1043
-1377
-1445
-1310
-1043
-574
-121
519
728
807
657
350
73
-303
-636
-1255
-2079
-3008
-3932
-4724
-5535
-6263
-6905
-6652
-4819
-2148
671
2358
3890
5050
6094
6508
6036
5508
4899
4934
4867
4547
4092
3397
2363
705
-1250
-2885
-4034
-4711
-5442
-6101
-6263
-5823
-4858
-3998
-3038
-1756
-288
1064
2048
3248
5056
6951
8060
8068
7614
6954
5669
3749
1657
78
-1080
-2014
-2671
-2893
-2623
-2295
-2140
-2180
-2034
-1678
-1418
-1337
-1461
-1535
-1472
-1315
-1006
-672
-284
96
387
524
457
300
-68
-344
-641
-994
-1602
-2431
-3291
-4105
-4892
-5828
-6605
-6999
-5750
-3558
-873
1071
2460
3990
5047
6043
6041
5916
5509
5460
5663
5668
5279
4546
3365
1804
11
-1573
-2799
-3863
-4495
-5140
-5416
-5342
-4736
-4003
-3421
-2570
-1406
-67
1137
2325
3671
5254
6484
7224
7107
6703
5862
4455
2873
1211
52
-1138
-2015
-2494
-2713
-2653
-2702
-2634
-2597
-2435
-2110
-1941
-1774
-1606
-1257
-900
-568
-151
237
462
586
609
683
569
223
-105
-312
-305
-711
-1457
-2322
-3060
-3912
-4982
-6037
-6536
-6602
-6019
-4474
-2239
415
1948
3156
4062
5286
6344
6310
5972
5579
5881
6130
5547
4379
2992
1840
522
-1240
-2687
-3642
-4038
-4555
-5150
-5117
-4501
-3614
-3083
-2645
-1518
60
1719
2614
3275
4382
5745
6871
6911
6549
5934
5141
3943
2394
1001
-79
-1095
-1974
-2745
-3003
-3024
-3043
-3149
-3269
-3025
-2618
-1978
-1432
-1066
-814
-476
-128
71
28
-83
-12
148
210
-50
-198
-287
-406
-790
-1568
-2252
-2970
-3721
-4665
-5505
-5844
-5674
-5587
-5059
-3766
-1621
730
1964
3073
3928
5187
6138
6160
5918
5436
5407
5208
4227
3091
1886
1083
95
-1282
-2299
-3146
-3391
-3651
-3859
-3863
-3592
-2971
-2233
-1390
-182
1044
2035
2544
2814
3517
4329
5186
5539
5568
5550
5099
4505
3367
2094
830
-416
-1231
-2096
-2427
-2609
-2732
-2766
-2858
-2491
-1949
-1289
-793
-606
-564
-469
-290
-119
-249
-407
-344
-100
131
-94
-422
-749
-900
-1084
-1568
-2155
-2698
-3063
-3351
-3790
-4074
-4308
-4489
-4760
-4426
-3276
-1437
300
1274
2412
3392
4760
5174
4626
3761
2906
2817
2564
2153
1676
1204
998
434
-248
-864
-1551
-1921
-2349
-2350
-2076
-1569
-922
-505
-112
265
622
629
347
289
975
2280
3654
4506
4801
4725
4384
3744
2601
1354
413
-182
-569
-985
-1169
-1103
-972
-901
-1017
-955
-686
-374
-294
-502
-603
-523
-440
-471
-658
-781
-848
-836
-893
-1147
-1372
-1400
-1069
-719
-652
-804
-942
-962
-1104
-1715
-2361
-2884
-3194
-3621
-3970
-3393
-2091
-370
562
986
1255
1654
2130
1806
1180
349
135
531
860
1216
1258
1394
1500
1323
1228
939
843
750
689
680
516
501
320
78
-361
-704
-686
-647
-401
-45
711
1615
2194
2485
2314
2111
1822
1423
933
395
122
1
-3
11
69
187
220
74
-93
-94
75
195
14
-291
-557
-656
-738
-918
-1100
-1162
-1098
-937
-702
-265
188
521
861
1018
1273
1336
1271
976
435
-98
-687
-1076
-1339
-1517
-1812
-2278
-2634
-2695
-2579
-2532
-2713
-2991
-3012
-2741
-2304
-2016
-1868
-1588
-1106
-379
384
1114
1772
2212
2533
2692
2789
2725
2451
2053
1589
1257
928
670
439
221
30
-209
-343
-432
-421
-430
-547
-602
-468
-219
1
76
111
276
533
831
1008
1198
1434
1597
1754
1811
1865
1846
1641
1409
1092
828
462
82
-62
-113
-100
-119
-85
194
542
887
1094
1225
1419
1556
1629
1579
1503
1393
1151
716
212
-307
-746
-1227
-1807
-2386
-2956
-3442
-4020
-4621
-5118
-5427
-5504
-5486
-5253
-4724
-3871
-2904
-2032
-1310
-760
-266
151
481
829
1189
1591
1975
2306
2627
2869
2854
2502
1879
1227
615
118
-217
-391
-384
-360
-279
-111
101
368
499
581
715
1012
1463
1966
2462
2864
3054
3045
2869
2595
2256
1820
1352
862
475
261
231
201
23
-261
-514
-533
-414
-237
-7
235
559
804
1041
1229
1395
1490
1373
1091
690
373
49
-315
-800
-1322
-1732
-2114
-2464
-2859
-3218
-3456
-3613
-3684
-3632
-3412
-3069
-2743
-2433
-2077
-1696
-1395
-1226
-1138
-959
-569
-20
577
1086
1465
1692
1758
1659
1422
1016
504
24
-325
-478
-578
-614
-623
-663
-705
-728
-603
-383
-110
170
487
896
1346
1784
2114
2338
2437
2404
2266
2137
2067
2018
1951
1852
1739
1599
1407
1217
1043
888
756
632
566
557
558
581
647
754
891
972
886
662
415
196
-82
-481
-860
-1180
-1379
-1525
-1592
-1590
-1564
-1525
-1520
-1483
-1381
-1229
-1169
-1232
-1354
-1461
-1534
-1622
-1862
-2131
-2229
-2064
-1727
-1454
-1220
-996
-662
-335
-156
-203
-418
-619
-706
-706
-676
-696
-706
-622
-466
-239
-59
27
18
47
188
428
621
714
771
914
1182
1464
1608
1604
1635
1822
2095
2358
2447
2398
2315
2284
2293
2252
2157
1946
1630
1280
1068
1023
1028
968
868
843
927
1024
1026
872
576
243
-58
-371
-729
-1062
-1352
-1534
-1591
-1484
-1279
-1110
-987
-937
-886
-849
-821
-833
-889
-990
-1096
-1166
-1231
-1341
-1522
-1764
-2021
-2188
-2185
-2084
-1993
-1945
-1947
-1929
-1838
-1651
-1435
-1307
-1276
-1189
-946
-588
-236
70
371
648
862
963
1024
993
878
683
504
455
504
657
812
987
1204
1451
1616
1656
1700
1841
2063
2228
2252
2180
2097
2035
1896
1603
1240
997
913
932
948
966
1023
1071
1057
891
632
370
144
-86
-330
-515
-632
-665
-680
-724
-757
-747
-685
-637
-622
-584
-475
-372
-319
-348
-433
-482
-504
-580
-752
-1019
-1271
-1499
-1703
-1948
-2258
-2562
-2765
-2819
-2761
-2648
-2559
-2506
-2385
-2144
-1802
-1434
-1071
-715
-326
123
509
791
961
1036
1073
1054
982
907
914
1052
1223
1337
1407
1460
1561
1659
1767
1799
1772
1737
1750
1835
1927
1950
1820
1592
1400
1343
1356
1312
1172
1048
1013
1053
1056
913
684
443
250
118
7
-87
-212
-349
-446
-456
-433
-467
-584
-655
-616
-499
-398
-359
-374
-415
-478
-575
-655
-657
-606
-639
-729
-825
-897
-1031
-1307
-1669
-2018
-2303
-2556
-2772
-2842
-2769
-2629
-2483
-2352
-2170
-1920
-1652
-1352
-1006
-611
-212
95
329
504
659
767
825
914
1060
1243
1423
1489
1503
1538
1580
1553
1435
1308
1292
1420
1511
1496
1410
1386
1471
1550
1527
1381
1282
1301
1383
1434
1426
1404
1339
1224
1031
874
762
674
594
539
574
617
605
507
362
279
231
136
-53
-250
-330
-351
-435
-654
-889
-1016
-1070
-1113
-1182
-1225
-1224
-1214
-1281
-1387
-1489
-1587
-1733
-1974
-2171
-2305
-2406
-2536
-2692
-2734
-2641
-2485
-2334
-2193
-1976
-1658
-1275
-927
-639
-404
-206
-25
169
397
635
849
1029
1228
1442
1593
1576
1446
1306
1248
1223
1150
1039
1007
1113
1249
1269
1179
1116
1148
1240
1314
1357
1429
1546
1646
1677
1650
1566
1424
1207
977
828
814
868
929
1013
1119
1222
1230
1115
886
615
364
141
-41
-210
-390
-589
-773
-939
-1086
-1203
-1282
-1323
-1363
-1379
-1370
-1323
-1262
-1246
-1277
-1331
-1399
-1495
-1625
-1791
-1929
-2056
-2208
-2354
-2387
-2226
-1971
-1785
-1683
-1566
-1328
-1024
-739
-531
-361
-163
73
345
611
838
1046
1196
1326
1415
1417
1320
1170
1054
967
880
761
649
632
717
839
913
903
919
1009
1151
1324
1475
1552
1545
1466
1413
1375
1335
1213
1084
1074
1152
1242
1283
1288
1311
1348
1290
1127
897
641
371
114
-88
-254
-431
-640
-840
-1016
-1100
-1169
-1242
-1289
-1285
-1231
-1192
-1170
-1173
-1176
-1168
-1187
-1262
-1368
-1506
-1627
-1699
-1743
-1790
-1918
-2087
-2169
-2153
-2031
-1887
-1788
-1687
-1556
-1333
-1041
-742
-466
-213
46
303
576
805
990
1093
1134
1122
1043
950
862
794
759
739
726
737
808
945
1100
1201
1231
1247
1314
1423
1532
1606
1616
1581
1525
1492
1471
1453
1386
1336
1314
1341
1376
1347
1279
1195
1124
1027
895
715
529
360
253
168
41
-165
-387
-532
-620
-687
-774
-859
-906
-941
-981
-1038
-1080
-1127
-1171
-1203
-1192
-1145
-1155
-1240
-1373
-1491
-1584
-1750
-2016
-2311
-2527
-2538
-2405
-2221
-2053
-1879
-1688
-1487
-1253
-998
-739
-519
-304
-92
152
343
473
538
549
554
535
549
580
617
671
739
768
823
891
1015
1162
1266
1313
1313
1335
1398
1509
1614
1666
1662
1651
1643
1621
1538
1398
1258
1147
1079
1013
961
912
866
858
849
822
728
605
474
372
290
211
101
-45
-200
-346
-464
-587
-691
-764
-781
-771
-745
-724
-704
-693
-693
-689
-728
-814
-972
-1164
-1355
-1516
-1703
-1917
-2131
-2293
-2334
-2292
-2188
-2073
-1935
-1787
-1631
-1442
-1224
-972
-744
-539
-342
-105
143
311
394
441
527
669
763
772
756
765
813
851
879
875
918
1018
1136
1267
1334
1380
1413
1482
1562
1625
1614
1537
1457
1404
1352
1240
1099
959
854
771
686
618
597
632
676
699
671
593
494
374
253
139
30
-93
-259
-414
-528
-574
-600
-606
-600
-560
-491
-432
-409
-418
-397
-381
-423
-546
-705
-876
-1041
-1187
-1349
-1546
-1760
-1978
-2168
-2273
-2288
-2234
-2131
-2028
-1891
-1700
-1441
-1149
-892
-692
-490
-240
16
225
377
497
603
704
771
804
791
755
702
657
637
648
689
752
850
980
1115
1220
1304
1381
1480
1553
1595
1575
1517
1463
1399
1319
1198
1080
993
927
843
761
696
682
694
673
583
461
342
217
102
-10
-113
-216
-325
-419
-489
-499
-486
-464
-420
-348
-257
-176
-139
-138
-143
-122
-114
-171
-311
-484
-676
-869
-1071
-1321
-1597
-1884
-2136
-2333
-2408
-2392
-2288
-2166
-2026
-1879
-1664
-1388
-1104
-847
-609
-333
-41
221
406
497
538
574
591
594
545
468
378
307
255
245
292
364
474
604
755
909
1041
1147
1227
1327
1444
1532
1558
1548
1523
1507
1477
1402
1307
1214
1114
1002
894
804
746
694
626
531
408
269
105
-48
-171
-245
-320
-412
-490
-520
-468
-393
-321
-266
-202
-129
-88
-72
-74
-76
-71
-101
-183
-305
-450
-604
-806
-1043
-1311
-1567
-1795
-2008
-2162
-2204
-2119
-1946
-1739
-1554
-1372
-1160
-933
-705
-487
-278
-66
114
230
265
252
230
218
191
166
138
101
60
25
25
49
114
195
311
451
632
813
949
1053
1174
1343
1482
1554
1546
1493
1463
1444
1401
1315
1209
1100
987
892
811
734
671
623
578
532
445
304
145
6
-80
-141
-207
-273
-335
-341
-326
-291
-263
-235
-168
-115
-74
-45
-38
-77
-148
-250
-359
-478
-627
-789
-964
-1146
-1328
-1507
-1692
-1845
-1944
-1948
-1864
-1705
-1507
-1310
-1141
-983
-823
-656
-470
-308
-164
-46
41
88
111
119
124
114
71
18
-36
-52
-42
-5
53
131
269
441
630
812
956
1049
1130
1229
1340
1431
1473
1470
1457
1448
1423
1364
1247
1112
997
927
889
865
820
761
714
670
623
521
379
240
136
76
27
-28
-89
-137
-158
-149
-134
-129
-142
-181
-218
-232
-223
-231
-275
-349
-424
-492
-585
-701
-846
-1014
-1179
-1332
-1476
-1614
-1741
-1837
-1876
-1819
-1690
-1519
-1373
-1247
-1101
-921
-711
-518
-343
-195
-81
18
95
124
115
61
-3
-53
-88
-94
-89
-56
-3
66
178
310
484
664
813
942
1064
1183
1281
1361
1407
1400
1379
1362
1337
1295
1216
1125
1035
969
920
873
826
774
741
708
662
598
499
380
276
194
110
32
-13
-40
-55
-62
-48
-34
-24
-31
-72
-98
-135
-167
-197
-225
-266
-326
-426
-577
-750
-943
-1130
-1313
-1473
-1597
-1700
-1808
-1891
-1904
-1840
-1718
-1576
-1428
-1275
-1092
-871
-636
-432
-283
-173
-75
-4
20
9
-25
-53
-59
-34
-2
33
76
123
185
259
375
511
664
825
984
1120
1216
1265
1260
1240
1223
1200
1179
1143
1077
999
935
861
793
732
682
649
615
590
564
539
518
485
430
368
318
275
238
209
185
162
135
102
68
33
3
-39
-95
-148
-190
-225
-280
-352
-438
-516
-594
-672
-786
-914
-1032
-1125
-1211
-1307
-1410
-1507
-1575
-1588
-1542
-1454
-1317
-1187
-1073
-950
-817
-680
-575
-489
-419
-351
-280
-229
-195
-180
-169
-138
-76
-1
78
166
272
390
514
661
802
933
1050
1152
1238
1281
1288
1282
1273
1275
1266
1226
1164
1091
1025
966
895
823
768
723
700
688
684
686
685
664
623
565
502
427
344
273
209
143
73
3
-75
-146
-203
-255
-309
-345
-364
-369
-370
-390
-432
-479
-534
-589
-657
-745
-847
-954
-1044
-1129
-1235
-1345
-1441
-1518
-1558
-1564
-1536
-1487
-1424
-1348
-1264
-1172
-1083
-992
-903
-809
-706
-590
-475
-383
-305
-234
-145
-45
64
184
306
412
514
635
755
870
969
1061
1145
1208
1248
1268
1267
1257
1233
1199
1162
1120
1086
1076
1074
1051
1036
1013
987
987
976
951
908
850
787
715
625
510
383
245
128
19
-72
-161
-249
-314
-369
-423
-463
-475
-466
-431
-394
-367
-356
-352
-368
-404
-452
-502
-554
-610
-680
-758
-846
-955
-1060
-1159
-1249
-1326
-1378
-1406
-1421
-1410
-1375
-1304
-1210
-1117
-1018
-903
-777
-646
-504
-358
-219
-94
20
125
212
274
344
405
453
512
572
650
723
787
833
882
937
971
1015
1070
1112
1124
1125
1113
1106
1095
1084
1078
1055
1034
1011
980
940
883
812
720
630
552
459
368
282
185
88
0
-75
-148
-200
-239
-275
-319
-366
-390
-401
-398
-386
-371
-362
-344
-338
-343
-354
-383
-432
-499
-560
-632
-720
-828
-939
-1051
-1162
-1252
-1336
-1406
-1456
-1481
-1481
-1465
-1400
-1310
-1204
-1099
-995
-869
-729
-574
-416
-256
-113
19
132
232
316
380
447
498
550
597
649
696
736
789
832
876
917
957
1003
1050
1106
1144
1161
1172
1161
1143
1125
1110
1095
1062
1018
965
900
826
739
656
575
488
423
363
301
236
175
115
56
11
-24
-60
-91
-126
-160
-174
-177
-191
-200
-221
-245
-261
-277
-298
-332
-371
-427
-496
-584
-673
-772
-872
-972
-1056
-1131
-1185
-1227
-1274
-1301
-1324
-1314
-1296
-1259
-1201
-1136
-1041
-951
-841
-723
-605
-479
-354
-243
-136
-29
64
157
225
287
349
417
480
534
588
639
691
742
796
844
889
936
973
997
1015
1023
1026
1006
983
963
938
899
850
801
740
680
608
541
481
420
371
317
280
246
212
188
167
158
149
140
120
100
80
63
59
47
27
7
-15
-46
-85
-134
-191
-251
-314
-380
-459
-550
-637
-725
-808
-888
-967
-1038
-1099
-1150
-1186
-1206
-1225
-1226
-1208
-1190
-1162
-1120
-1062
-996
-911
-825
-749
-650
-536
-439
-353
-256
-175
-101
-24
63
147
233
314
393
464
533
608
676
734
788
836
884
920
945
957
960
969
966
954
930
911
887
864
837
798
747
692
651
604
557
510
463
420
388
358
319
285
248
221
203
192
176
157
130
105
81
53
17
-36
-100
-161
-213
-268
-316
-373
-437
-499
-559
-620
-682
-744
-812
-873
-924
-958
-984
-991
-1002
-1006
-1002
-998
-981
-960
-929
-896
-860
-814
-759
-698
-632
-557
-482
-404
-320
-231
-144
-54
42
139
226
306
374
438
502
555
594
634
673
705
735
757
771
775
786
791
791
785
785
785
783
777
763
745
716
687
659
641
608
572
539
510
479
442
404
359
316
271
237
205
181
151
125
96
64
29
-20
-74
-126
-169
-209
-247
-279
-306
-342
-390
-437
-492
-544
-597
-652
-709
-762
-803
-839
-872
-908
-939
-965
-986
-995
-994
-985
-976
-957
-931
-898
-854
-807
-744
-677
-595
-511
-421
-334
-253
-167
-93
-18
51
119
184
243
304
361
421
478
532
583
620
658
688
721
745
766
785
802
817
829
846
854
861
860
859
856
844
829
804
777
741
702
658
606
556
503
454
401
346
288
239
203
169
136
91
48
0
-42
-87
-131
-180
-227
-270
-309
-344
-380
-414
-453
-495
-543
-586
-630
-667
-698
-721
-743
-766
-787
-804
-817
-829
-829
-826
-815
-798
-781
-760
-740
-712
-678
-640
-595
-548
-493
-443
-386
-325
-264
-201
-137
-70
-7
56
118
176
234
288
346
399
448
492
534
578
613
646
670
693
711
728
741
747
751
747
743
732
717
698
673
641
603
569
532
495
447
406
368
335
292
248
206
167
139
109
82
45
12
-25
-60
-100
-142
-181
-218
-250
-285
-315
-349
-383
-414
-441
-465
-490
-514
-538
-559
-579
-592
-602
-609
-613
-615
-616
-616
-611
-605
-595
-585
-566
-542
-519
-491
-454
-410
-366
-325
-287
-246
-201
-154
-102
-51
0
50
96
143
191
238
280
316
351
391
434
475
511
541
567
590
613
630
642
644
642
637
631
619
601
577
550
523
491
458
420
383
347
313
279
249
223
196
171
149
130
108
87
61
36
12
-13
-39
-68
-98
-127
-156
-184
-212
-243
-281
-318
-357
-389
-422
-459
-493
-521
-544
-564
-581
-597
-609
-614
-614
-613
-609
-599
-585
-566
-541
-512
-479
-446
-410
-371
-330
-291
-253
-212
-168
-127
-87
-47
-2
44
91
131
171
212
255
296
331
368
407
446
483
518
550
575
591
605
619
627
626
619
607
593
575
551
520
489
461
431
397
358
322
285
252
222
196
169
140
108
77
48
18
-13
-48
-83
-114
-143
-171
-199
-225
-250
-273
-293
-312
-332
-354
-381
-404
-425
-443
-460
-476
-490
-500
-507
-513
-516
-519
-517
-514
-507
-495
-479
-461
-440
-413
-383
-352
-320
-284
-248
-213
-181
-149
-111
-70
-30
8
47
89
134
173
208
241
275
312
347
383
417
450
479
501
519
536
547
550
545
537
529
520
505
483
457
429
403
376
344
313
283
256
230
206
181
155
122
90
59
31
1
-24
-48
-68
-88
-107
-125
-144
-160
-176
-193
-211
-229
-243
-257
-271
-291
-309
-327
-342
-352
-360
-366
-370
-370
-374
-376
-381
-380
-378
-372
-359
-348
-335
-322
-303
-286
-262
-239
-210
-184
-161
-137
-113
-86
-61
-32
-7
21
52
81
110
134
161
189
217
238
259
283
307
332
349
362
367
374
379
379
372
366
359
349
337
324
313
301
287
272
253
234
216
201
187
171
152
127
104
80
59
36
13
-8
-25
-42
-57
-76
-97
-120
-143
-165
-186
-206
-229
-250
-269
-286
-302
-313
-327
-334
-342
-341
-339
-333
-326
-315
-302
-291
-279
-269
-254
-241
-225
-209
-187
-161
-138
-114
-94
-71
-53
-34
-16
5
26
44
63
78
99
117
137
149
166
182
198
210
218
227
231
238
241
247
248
249
244
241
235
230
227
222
217
211
206
200
194
186
178
171
161
148
135
126
114
98
78
58
43
28
11
-9
-30
-47
-63
-78
-92
-107
-125
-146
-164
-181
-195
-209
-224
-234
-243
-249
-256
-262
-261
-256
-248
-238
-229
-219
-211
-199
-188
-175
-161
-147
-133
-117
-100
-83
-67
-52
-36
-18
-1
15
31
44
56
64
75
86
99
111
118
127
137
148
154
157
158
158
160
157
155
152
151
149
148
146
144
143
141
140
134
127
121
118
116
114
110
103
98
91
83
73
62
50
39
27
15
7
-5
-15
-27
-38
-51
-64
-76
-88
-98
-111
-122
-133
-141
-152
-161
-170
-177
-184
-192
-198
-200
-201
-200
-197
-195
-190
-184
-177
-166
-153
-138
-123
-110
-95
-78
-61
-44
-27
-11
7
23
37
53
67
81
91
99
108
119
127
134
139
142
144
143
144
144
142
138
134
132
129
127
125
122
119
115
110
107
104
102
101
100
97
95
92
87
83
76
71
64
56
49
40
31
22
14
4
-7
-17
-27
-37
-48
-60
-72
-84
-98
-110
-121
-132
-144
-154
-164
-172
-178
-184
-188
-190
-192
-192
-192
-192
-189
-184
-181
-174
-167
-157
-147
-134
-122
-110
-97
-84
-69
-54
-40
-25
-11
5
20
34
49
62
77
89
102
113
123
133
141
147
154
160
164
167
169
171
172
171
170
168
166
164
161
159
155
154
152
148
145
141
137
132
125
118
110
101
91
81
70
59
50
38
27
16
5
-7
-19
-32
-45
-59
-73
-87
-100
-113
-124
-136
-145
-154
-162
-170
-176
-182
-187
-188
-191
-190
-190
-188
-185
-182
-180
-175
-170
-164
-157
-149
-142
-133
-123
-113
-103
-92
-80
-68
-55
-40
-24
-8
7
22
37
52
67
79
91
101
112
120
127
134
140
146
150
154
156
159
160
160
161
160
159
157
156
153
150
146
141
136
129
123
116
108
99
91
80
70
59
48
37
26
15
2
-9
-22
-33
-45
-57
-70
-81
-92
-102
-111
-118
-126
-131
-137
-141
-145
-147
-148
-150
-150
-149
-148
-145
-143
-140
-137
-132
-127
-122
-115
-108
-98
-90
-81
-71
-59
-48
-36
-24
-11
1
14
26
39
49
60
70
78
86
93
100
104
108
111
115
117
119
122
123
124
124
125
125
124
123
120
118
115
112
108
104
99
95
90
83
77
71
64
58
49
41
32
23
12
1
-10
-21
-33
-44
-55
-66
-77
-87
-95
-104
-112
-120
-127
-131
-136
-141
-144
-146
-147
-148
-148
-146
-144
-142
-138
-134
-128
-123
-116
-109
-102
-94
-85
-76
-65
-55
-44
-33
-21
-9
2
13
24
35
45
55
63
71
79
85
90
94
99
103
105
107
109
111
112
114
115
115
115
116
116
116
115
114
111
110
108
104
101
97
93
87
82
75
69
63
55
46
39
30
22
12
2
-8
-17
-26
-37
-45
-53
-62
-68
-75
-81
-87
-91
-95
-99
-103
-106
-107
-109
-110
-110
-110
-109
-109
-107
-105
-100
-98
-93
-88
-83
-77
-71
-65
-59
-53
-46
-39
-33
-25
-18
-12
-4
2
9
14
20
26
30
34
38
42
46
48
51
53
55
57
59
59
60
61
60
61
61
61
61
60
60
60
59
57
56
55
54
52
50
48
46
44
40
38
33
31
28
24
19
15
11
7
2
-1
-5
-9
-14
-16
-20
-23
-25
-27
-28
-31
-33
-36
-37
-39
-41
-42
-43
-44
-47
-46
-47
-47
-46
-45
-44
-43
-41
-39
-36
-35
-31
-28
-27
-23
-20
-18
-15
-11
-8
-6
-2
1
2
5
8
10
13
15
17
20
21
24
25
27
27
28
29
30
29
30
30
29
28
27
25
25
23
21
20
19
17
15
14
11
9
7
5
3
0
-2
-4
-5
-7
-9
-11
-11
-13
-14
-14
-15
-15
-15
-15
-15
-15
-15
-14
-15
-14
-14
-15
-14
-13
-14
-14
-13
-13
-13
-11
-10
-8
-8
-6
-5
-3
-1
0
2
3
5
6
8
9
9
10
11
11
12
12
12
12
12
13
13
13
13
14
13
13
13
12
13
12
12
11
11
10
10
9
8
7
5
5
3
2
0
-1
-4
-5
-8
-9
-10
-12
-14
-15
-17
-18
-19
-20
-21
-20
-20
-20
-20
-19
-18
-16
-15
-13
-12
-10
-9
-7
-5
-5
-2
-1
0
1
3
3
5
6
7
7
8
9
10
9
10
10
10
11
10
10
10
10
10
10
9
10
9
8
8
7
7
7
7
7
7
6
6
6
5
5
5
4
3
2
1
1
0
-1
-2
-3
-4
-4
-5
-6
-7
-6
-8
-8
-9
-10
-11
-10
-12
-13
-13
-14
-13
-14
-14
-14
-14
-14
-13
-13
-11
-10
-9
-7
-6
-4
-3
-1
0
2
3
5
6
7
9
9
10
11
12
13
12
14
13
14
14
15
15
14
14
14
13
13
13
14
12
12
12
11
10
10
10
8
8
7
7
6
5
4
2
2
0
0
-1
-3
-5
-6
-7
-8
-9
-10
-11
-12
-14
-14
-15
-15
-16
-16
-16
-16
-15
-16
-15
-14
-14
-13
-14
-12
-11
-12
-11
-10
-10
-9
-8
-8
-7
-5
-5
-4
-3
-2
-2
-1
0
1
2
4
4
5
6
6
7
8
8
10
10
10
10
11
11
10
11
10
11
11
11
10
10
10
9
9
8
8
8
7
7
6
6
6
5
5
4
4
3
2
2
1
0
0
0
-1
-3
-3
-4
-5
-5
-6
-7
-6
-7
-8
-8
-7
-8
-7
-9
-8
-8
-8
-8
-8
-8
-8
-7
-6
-7
-6
-5
-5
-5
-5
-4
-4
-4
-2
-2
-2
-2
0
0
0
1
1
2
2
2
3
3
4
4
4
4
6
5
5
6
5
6
6
5
5
7
7
7
7
6
7
6
7
6
7
6
7
6
5
5
4
5
3
3
2
2
1
0
-1
-2
-2
-3
-4
-4
-5
-5
-6
-8
-8
-8
-8
-9
-8
-9
-9
-9
-9
-9
-8
-8
-8
-8
-7
-6
-6
-6
-5
-4
-3
-3
-2
-1
0
0
1
2
3
3
3
4
3
5
5
4
5
5
5
5
5
6
6
6
5
6
5
6
4
4
5
4
4
4
4
3
3
3
3
2
2
1
2
0
1
0
0
0
0
0
-1
-1
-1
-1
-2
-2
-2
-2
-3
-2
-2
-3
-3
-3
-3
-3
-3
-3
-3
-3
-3
-3
-3
-3
-3
-4
-3
-3
-3
-2
-3
-2
-2
-2
-2
-1
-2
-1
0
0
0
1
0
1
1
2
2
2
3
3
3
3
4
3
4
3
4
3
3
4
4
4
4
3
3
3
3
3
3
3
3
2
2
1
1
1
0
0
1
0
0
0
-1
-1
-2
-1
-1
-2
-2
-3
-2
-4
-3
-4
-3
-4
-3
-4
-3
-4
-4
-3
-3
-3
-3
-4
-3
-3
-4
-4
-3
-3
-3
-3
-3
-2
-2
-2
-3
-1
-1
-1
-1
-1
-1
0
0
1
0
0
1
2
2
3
2
2
3
3
3
4
3
3
3
4
4
5
3
4
4
3
3
3
4
2
3
3
2
3
2
2
2
2
2
1
1
0
0
0
0
1
0
0
-1
-1
-1
0
-1
-1
-1
-2
0
0
-1
-2
-1
-1
-1
-2
-1
-2
-1
-1
-1
-2
-1
-1
-1
-1
-1
-2
-1
-1
-2
-2
-1
-1
-1
-1
-2
-1
-2
-1
-1
-1
-1
0
0
-1
0
-1
-1
0
0
-1
0
0
0
0
0
0
1
0
0
1
0
1
1
1
1
0
0
1
1
0
1
0
1
0
1
1
1
1
1
1
1
0
1
1
1
1
0
1
1
1
0
1
1
1
1
0
0
1
0
0
1
0
0
0
1
-1
0
0
0
0
0
0
-1
1
-1
0
0
-1
0
-1
0
0
-1
-1
0
0
0
0
0
0
-1
-1
-1
-1
-1
-1
0
0
0
-1
0
0
-1
-1
0
-1
0
0
1
-1
0
1
1
0
0
1
0
1
1
0
0
1
0
0
0
0
0
0
1
1
0
0
0
0
0
0
0
0
-1
0
0
0
-1
0
-1
0
-1
0
0
-1
-1
-1
-1
0
-2
0
-1
-1
0
-1
0
0
0
-1
0
-1
0
0
1
0
0
0
0
1
1
0
0
0
0
1
0
0
0
1
1
1
1
1
1
0
1
1
1
1
1
1
1
1
1
1
1
2
0
1
1
1
0
0
1
1
1
0
0
0
1
1
0
0
0
0
0
0
-1
0
0
0
0
-1
-1
-1
0
-1
-1
-1
-1
0
0
-1
-1
-2
-1
0
-1
-1
-1
-1
0
-1
0
-2
0
1
0
-1
0
-1
-1
0
-1
-1
0
0
0
0
1
0
0
0
0
0
1
1
0
1
1
0
1
0
0
0
0
0
0
1
1
0
0
0
1
1
1
0
0
1
0
0
0
0
0
0
0
0
0
0
0
0
-1
1
0
1
0
0
1
0
0
0
0
0
0
-1
0
0
0
0
0
1
0
0
-1
0
0
0
-1
1
0
0
1
-1
-1
0
0
0
0
0
0
0
0
0
0
0
-1
0
0
0
0
0
0
0
0
1
0
-1
-1
0
0
0
-1
0
0
0
0
0
-1
0
0
0
0
-1
0
0
0
0
0
0
0
0
0
0
0
0
0
0
-1
0
0
0
0
0
0
0
0
0
1
0
-1
0
0
0
0
0
0
0
0
0
0
0
0
0
0
0
0
0
0
0
-1
0
0
0
0
0
0
0
0
0
0
0
0
0
1
0
0
0
0
0
0
0
1
0
0
0
1
1
0
0
0
-1
1
1
0
0
0
0
0
0
0
1
0
0
0
1
0
0
0
0
0
-1
0
0
0
0
0
0
0
0
0
0
-1
-1
-1
0
0
0
0
-1
0
0
0
0
0
0
0
0
0
1
0
1
0
0
0
0
0
0
1
-1
0
1
-1
0
0
0
0
0
0
0
-1
0
0
0
-1
0
-1
0
0
0
0
0
-1
0
0
0
0
0
0
-1
0
0
0
0
0
0
0
0
-1
-1
0
0
0
0
0
1
0
0
1
0
0
-1
0
0
0
0
0
0
0
0
0
1
0
1
0
0
1
-1
1
0
0
0
-1
-1
0
0
0
-1
0
-1
0
0
0
-1
0
0
0
0
1
0
0
0
0
0
0
1
0
1
0
0
0
0
0
0
1
0
0
0
1
1
0
0
0
0
0
0
0
0
-1
1
0
0
0
0
0
0
0
1
0
0
-1
0
0
0
-1
-1
0
0
1
0
-1
0
0
0
0
0
0
-1
-1
0
0
-1
1
0
1
0
0
0
0
0
0
1
0
0
0
-1
0
0
0
0
0
1
-1
0
0
0
0
0
0
0
0
0
1
0
0
0
0
0
0
-1
0
0
0
0
0
-1
0
0
0
0
0
0
0
0
1
0
0
-1
1
0
0
-1
-1
0
0
0
1
-1
0
0
0
-1
1
0
0
0
1
-1
0
0
0
0
0
0
0
0
0
0
0
-1
0
0
0
0
0
0
0
0
0
0
1
-1
0
0
-1
1
0
0
-1
0
0
0
0
0
0
0
0
0
0
0
-1
0
0
0
0
0
0
0
-1
0
0
0
-1
0
0
-1
-1
0
0
0
0
0
1
1
-1
0
-1
0
0
0
0
0
0
0
0
1
0
0
0
0
-1
1
0
0
1
0
0
0
0
0
1
1
0
0
0
0
0
-1
0
-1
1
0
1
0
0
1
0
0
1
0
0
0
0
-1
-1
1
0
0
0
-1
0
0
1
0
0
0
0
0
0
-1
0
0
0
-1
0
0
1
1
-1
0
0
0
0
0
0
0
0
0
-1
1
0
0
1
0
0
0
0
1
-1
0
0
0
0
-1
1
0
0
-1
0
0
0
0
0
-1
0
-1
1
0
0
1
0
0
0
0
0
0
0
0
-1
0
0
0
1
0
1
0
0
0
0
-1
0
0
1
1
0
0
0
-1
-1
0
0
0
-1
0
0
1
0
1
0
0
1
0
0
1
0
0
0
0
0
0
0
0
0
0
0
-1
1
0
0
0
0
0
0
0
0
0
0
-1
0
-1
0
0
0
0
0
-1
0
0
0
1
0
0
0
0
0
0
0
0
0
-1
1
1
-1
0
0
0
0
0
0
0
0
0
0
0
0
0
-1
0
0
0
0
0
0
0
0
-1
0
0
0
0
-1
0
-1
0
0
0
0
0
-1
0
0
-1
0
0
0
1
0
0
0
0
0
0
1
0
0
0
0
0
1
0
0
0
1
1
0
0
0
0
0
0
0
0
1
1
1
0
0
-1
0
0
0
-1
-1
0
0
0
0
0
0
0
0
0
0
0
0
0
0
0
0
0
0
0
0
0
1
1
1
0
-1
0
0
0
0
0
0
1
-1
-1
0
0
0
0
0
1
0
-1
0
0
0
0
0
0
0
0
-1
0
0
0
0
1
0
0
0
0
0
-1
1
1
0
0
0
0
1
0
0
0
0
0
0
0
0
0
0
0
0
1
0
0
0
0
0
0
1
0
0
0
0
0
0
0
0
0
0
1
0
-1
0
0
0
0
-1
0
0
0
0
0
0
-1
0
0
-1
0
0
0
-1
1
0
0
0
0
0
0
0
0
0
0
0
0
0
-1
0
-1
0
0
0
0
0
0
0
0
0
1
0
0
0
0
0
0
0
0
0
0
0
1
0
0
0
0
0
0
0
0
0
-1
0
0
1
0
0
0
0
0
0
0
1
0
0
0
0
0
0
-1
0
1
0
0
0
0
0
0
0
0
-1
0
0
0
0
0
0
0
0
1
0
-1
0
1
0
0
-1
0
0
0
0
-1
0
0
0
0
1
0
0
0
0
0
0
0
0
-1
0
0
0
0
0
0
0
0
0
1
0
0
0
0
0
1
0
0
1
0
1
-1
0
0
0
0
0
0
0
0
-1
0
-1
-1
0
0
0
0
0
0
0
0
0
0
-1
0
-1
0
0
0
0
0
0
-1
0
0
0
0
0
0
0
0
0
0
0
0
0
0
0
0
0
1
1
0
-1
0
0
0
0
0
0
0
0
0
0
0
0
0
0
0
0
1
0
0
0
0
0
1
0
0
0
0
0
0
0
-1
-1
0
0
0
0
0
-1
-1
0
0
0
-1
1
0
0
-1
0
0
0
0
0
0
0
0
0
0
0
0
0
0
0
0
1
0
0
-1
0
0
0
0
0
0
1
0
0
-1
-1
0
0
0
0
-1
0
0
0
0
0
1
0
0
1
0
1
0
0
0
0
0
0
-1
0
0
0
0
0
0
1
0
0
0
0
0
0
-1
-1
0
-1
0
0
0
0
0
0
0
0
0
0
0
0
0
0
-1
0
0
0
0
1
0
0
0
0
0
0
0
0
0
0
-1
1
-1
0
0
0
0
0
0
0
0
1
0
1
0
0
0
1
-1
0
0
0
0
0
0
0
0
0
0
-1
0
0
0
0
1
1
0
1
0
0
0
0
0
0
0
0
0
0
-1
-1
-1
-1
0
0
0
0
0
-1
0
0
0
0
0
-1
0
-1
0
1
0
0
1
0
0
-1
0
-1
0
0
0
-1
0
1
-1
0
0
0
0
-1
0
1
0
-1
1
1
0
1
-1
0
0
1
0
0
-1
1
0
0
1
0
0
0
0
1
0
0
0
0
1
0
-1
0
-1
0
1
0
1
-1
0
1
0
0
0
0
0
-1
0
0
0
0
0
0
0
0
0
0
-1
0
1
0
1
0
-1
0
0
1
0
0
0
0
0
0
-1
0
-1
0
0
0
0
0
0
0
1
0
1
0
0
0
0
0
-1
0
0
0
0
0
-1
0
0
0
0
0
0
1
0
0
0
0
1
0
0
0
0
0
0
0
0
0
-1
0
1
0
0
0
0
0
0
0
0
0
0
0
0
0
0
0
-1
1
0
0
0
-1
0
0
0
1
0
0
0
-1
0
0
0
0
1
1
0
1
0
0
-1
0
-1
0
0
0
0
0
0
0
0
0
0
0
0
0
1
0
0
0
0
0
0
0
0
0
0
0
0
0
0
0
0
0
0
1
0
0
0
1
0
0
0
0
0
0
0
0
1
1
0
0
1
0
0
0
0
0
1
0
0
-1
1
0
-1
-1
0
0
0
0
0
1
0
1
0
0
0
1
0
-1
0
-1
0
0
-1
0
0
0
-1
0
0
0
0
0
0
0
0
1
-1
0
0
0
0
-1
0
0
0
0
0
1
0
0
0
0
0
0
0
0
1
1
0
0
0
0
0
0
0
0
0
1
0
-1
0
0
0
0
0
0
0
0
0
0
1
0
1
1
1
0
0
0
0
0
0
0
0
0
0
0
0
-1
0
0
0
-1
0
-1
0
0
0
0
0
0
0
-1
1
0
1
0
0
0
0
1
1
0
-1
0
1
-1
0
0
0
0
0
0
0
0
0
0
0
0
0
1
-1
0
0
0
0
0
0
0
-1
0
-1
0
0
0
0
0
-1
0
1
0
0
0
1
0
0
0
0
0
0
0
0
0
0
0
0
0
0
1
0
1
0
-1
-1
-1
0
0
0
0
0
0
0
-1
0
0
1
-1
0
1
0
0
0
0
0
0
0
-1
0
0
0
0
0
0
0
0
0
0
0
0
0
0
0
0
0
0
0
0
0
0
1
0
1
0
0
0
1
0
0
-1
1
0
-1
0
0
-1
0
0
0
0
-1
0
0
0
0
1
0
0
0
1
0
0
1
-1
0
0
0
0
0
0
-1
0
1
0
0
0
1
-1
0
0
0
-1
0
0
0
-1
0
1
0
-1
0
0
-1
-1
0
0
0
0
-1
-1
-1
0
0
0
0
0
0
0
0
0
1
0
-1
0
1
0
1
0
0
0
-1
0
0
0
0
0
0
-1
1
0
0
0
0
1
0
0
0
-1
0
1
0
0
0
0
0
0
0
0
0
0
-1
1
-1
0
1
0
0
0
0
0
0
0
0
0
0
0
0
0
0
0
1
0
0
0
0
-1
1
0
0
0
0
0
0
0
0
0
0
0
0
-1
0
0
0
-1
0
0
1
1
0
0
0
0
-1
0
1
0
-1
0
0
0
0
-1
0
0
0
0
0
-1
-1
0
0
0
0
1
0
0
0
0
-1
0
0
0
0
0
0
