0
0
-1
0
-1
-1
0
0
0
0
1
0
0
0
0
0
0
0
0
1
1
0
1
-1
0
0
0
0
0
0
0
0
0
0
0
0
0
0
0
0
0
0
0
0
0
0
0
0
0
0
0
0
-1
1
0
1
0
0
1
0
0
0
0
0
1
-1
0
0
0
0
0
1
0
0
-1
0
0
0
0
1
0
0
1
-1
-1
0
0
0
0
0
0
0
0
0
0
0
-1
0
0
0
1
0
0
0
0
1
0
-1
-1
0
0
0
-1
0
0
0
0
0
-1
0
0
0
0
-1
0
0
0
0
0
0
0
0
0
0
0
0
0
0
-1
0
0
0
0
0
0
0
0
0
1
0
-1
0
0
0
0
0
0
0
0
0
0
0
0
0
0
0
0
0
0
0
-1
0
0
0
0
0
0
0
0
0
0
0
0
0
1
0
0
0
0
0
0
0
1
0
0
0
1
1
0
0
0
-1
1
1
0
0
0
0
0
0
0
1
0
0
0
1
0
0
0
0
0
-1
0
0
0
0
0
0
0
0
0
0
-1
-1
-1
0
0
0
0
-1
0
0
0
0
0
0
0
0
0
1
0
1
0
0
0
0
0
0
1
-1
0
1
-1
0
0
0
0
0
0
0
-1
0
0
0
-1
0
-1
0
0
0
0
0
-1
0
0
0
0
0
0
-1
0
0
0
0
0
0
0
0
-1
-1
0
0
0
0
0
1
0
0
0
0
0
-1
0
0
0
0
0
0
0
0
0
1
0
1
0
0
1
-1
1
0
0
0
-1
-1
0
0
0
-1
0
-1
0
0
0
-1
0
0
0
0
1
0
0
0
0
0
0
1
0
1
0
0
0
0
0
0
1
0
0
0
1
1
0
0
0
0
0
0
0
0
-1
1
0
0
0
0
0
0
0
1
0
0
-1
0
0
0
-1
-1
0
0
1
0
-1
0
0
0
0
0
0
-1
-1
0
0
-1
1
0
1
0
0
0
0
0
0
1
0
0
0
-1
0
0
0
0
0
1
-1
0
0
0
0
0
0
0
0
0
1
0
0
0
0
0
0
-1
0
0
0
0
0
-1
0
0
0
0
0
0
0
0
1
0
0
-1
1
0
0
-1
-1
0
0
0
1
-1
0
0
0
-1
1
0
0
0
1
-1
0
0
0
0
0
0
0
0
0
0
0
-1
0
0
0
0
0
0
0
0
0
0
1
-1
0
0
-1
1
0
0
-1
0
0
0
0
0
0
0
0
0
0
0
-1
0
0
0
0
0
0
0
-1
0
0
0
-1
0
0
-1
-1
0
0
0
0
0
1
1
-1
0
-1
0
0
0
0
0
0
0
0
1
0
0
0
0
-1
1
0
0
1
0
0
0
0
0
1
1
0
0
0
0
0
-1
0
-1
1
0
1
0
0
1
0
0
1
0
0
0
1
-1
-1
1
0
0
0
-1
0
0
1
0
0
0
0
0
0
-1
0
0
0
-1
0
0
1
1
-1
0
0
0
0
0
0
0
0
0
-1
1
0
0
1
0
0
0
0
1
-1
0
0
0
0
-1
1
0
0
-1
0
0
0
0
0
-1
0
-1
1
0
0
1
0
0
0
0
0
0
1
0
-1
0
0
0
1
0
1
0
-1
0
0
-1
0
0
1
1
0
0
0
-1
-1
0
0
0
-1
0
0
1
0
1
0
0
0
0
0
1
0
0
0
0
0
0
0
0
0
0
0
-1
1
0
0
0
0
0
0
0
0
-1
1
-1
0
-1
0
0
0
0
0
0
0
0
0
0
0
0
0
0
0
-1
0
0
0
0
1
1
-1
0
0
0
0
0
1
0
0
0
0
0
-1
1
0
0
0
0
-1
0
0
0
0
-1
0
-1
0
0
0
0
-1
0
-1
0
0
1
-1
0
0
-1
0
0
0
0
0
0
0
0
0
0
1
0
0
0
-1
0
0
0
0
0
1
1
0
-1
0
-1
0
0
1
0
1
0
0
0
-1
0
0
0
-1
-1
-1
-1
0
0
1
0
1
-1
0
-1
0
1
0
0
-1
1
-2
0
-1
1
0
0
1
0
1
0
0
-1
1
0
0
1
0
2
-1
0
-1
0
0
0
1
1
1
-2
0
0
0
0
0
1
0
0
-1
0
0
0
0
1
0
0
0
0
1
0
1
0
0
0
0
1
2
1
0
-1
-1
-1
0
0
1
1
1
0
-1
-1
-1
0
1
2
0
-1
0
-1
-1
1
1
2
0
1
-1
0
-1
0
0
0
0
1
1
1
0
0
0
0
-1
-1
-1
0
1
0
1
-2
1
-2
-1
1
0
1
0
1
-2
-1
-1
-1
3
1
2
1
-2
0
-2
0
2
1
1
-2
-1
-2
0
-1
2
1
2
0
-1
0
-3
0
-2
0
-1
1
0
2
-1
2
1
2
2
-1
-2
-3
0
-2
3
1
5
1
2
-2
-2
-5
-2
-4
0
0
2
4
1
2
-1
0
0
2
0
-1
-3
-1
-2
1
4
3
3
-1
2
-5
-1
-3
1
-1
4
2
-1
3
-3
5
-3
1
-5
-5
-2
-3
-3
-2
2
-1
9
5
7
4
-1
0
-7
-5
-4
-2
1
4
3
0
4
-2
-1
0
-4
4
-2
5
-1
-5
-1
-5
1
3
2
3
1
0
3
-5
4
0
1
2
-3
0
-1
3
-1
6
-5
3
-10
-3
-8
-1
0
2
7
3
14
-6
8
-15
0
-9
0
0
2
4
3
3
-3
5
-3
7
-6
0
-9
2
-1
2
0
1
-3
-1
-2
-1
6
4
11
-9
-1
-13
2
1
8
4
6
0
0
-3
-6
2
-2
-4
-3
-11
-6
-1
3
10
11
20
7
3
-7
-18
-11
-8
2
1
4
7
-2
6
-3
4
1
4
-2
-5
-7
-7
6
-4
8
-2
-2
-2
1
7
-4
7
-9
6
-3
5
-1
-6
-8
-6
-1
3
14
8
10
-1
-9
-15
-16
-2
1
5
17
0
7
-3
-9
-11
-4
2
13
17
16
6
-1
-13
-14
-25
-9
-3
6
3
12
1
10
3
-3
-2
-6
0
3
-4
-1
8
3
10
7
-6
-3
1
2
-8
-3
-7
-12
5
-14
8
5
22
9
2
-4
-26
6
-18
10
-1
14
3
6
-1
-7
5
-12
2
-14
0
-1
-7
18
4
10
2
-1
-5
-2
4
3
2
-9
-7
-6
0
7
4
5
-5
-4
-13
2
-5
6
17
19
2
-6
-14
-8
-8
-7
10
-4
12
5
3
-5
6
-2
13
-1
-14
3
-20
12
-16
3
12
14
14
-6
-12
-16
1
1
10
0
-4
0
1
-2
0
4
-2
1
10
-11
4
-6
5
-7
5
-7
0
2
-2
10
2
4
-9
1
-5
-6
2
-17
9
4
-9
8
0
12
1
2
-8
-12
12
-11
16
8
-4
14
-28
12
-14
10
-1
5
2
-2
-9
-10
6
-8
10
-4
9
-3
12
5
-9
9
-20
-5
-6
0
1
27
-5
5
6
-14
7
-10
0
-6
-12
10
-1
3
19
-8
8
-15
2
-3
3
6
2
-4
-6
13
-3
-3
12
-10
6
-8
-21
14
-29
43
-22
29
-7
-16
-10
-11
4
5
17
-3
11
-2
-2
16
-10
-7
4
-12
12
-2
9
-6
3
-7
6
-12
-5
17
-30
10
2
4
-1
11
-2
-3
-6
1
4
-7
13
-21
19
-13
16
16
-8
10
-12
-16
-14
11
-16
6
11
6
13
-7
14
-26
22
-21
-6
-3
-10
10
-8
29
-16
38
-3
-8
-4
-16
-13
-5
-2
14
9
22
-3
-8
-9
-7
9
-9
5
-6
14
-6
4
-23
8
-7
38
-11
-8
19
-13
10
-14
-13
-7
8
-9
7
15
10
2
-11
-8
7
-15
10
2
-21
20
4
10
7
-5
2
-31
8
-7
-20
15
25
8
-9
17
-25
8
-8
21
-33
35
-22
11
-3
-33
18
8
8
4
-8
-7
22
-16
2
-17
16
-11
14
-7
6
-11
13
3
-17
17
14
-22
-5
15
-33
27
-15
17
0
-17
20
-20
10
3
-9
14
1
5
-31
11
-14
20
0
0
5
-17
47
-40
21
-20
-17
-20
15
16
11
24
-17
-2
0
-21
16
-13
5
-9
9
12
-12
23
-14
20
-24
12
-11
-20
24
-25
14
0
9
-8
8
6
-7
28
-25
6
-16
-25
34
-14
19
-7
19
-27
-4
1
-15
22
2
5
8
-14
-16
33
-39
44
12
-21
45
-68
23
-25
11
0
0
15
-34
42
-33
4
-7
0
10
-1
24
-34
15
-9
-10
19
-19
27
-10
4
27
-39
34
-30
17
22
-31
12
-14
-13
5
2
-14
17
2
-2
12
-17
-3
8
-26
23
3
-3
-4
6
7
0
-16
-2
4
2
25
3
-10
-12
19
-24
-25
36
-35
16
39
-35
6
-18
30
-20
13
-2
-14
15
-35
20
-9
11
28
-19
34
-17
-11
-9
-16
18
-5
8
-14
27
-22
18
-8
-25
30
-6
14
-17
1
-6
2
5
-14
13
3
4
-6
-9
15
-27
25
-18
13
4
-17
20
-23
14
0
4
-3
-7
11
-43
56
-37
36
-2
-2
-22
20
-30
11
6
16
-1
-22
26
-32
10
-10
21
-30
48
-19
9
-27
3
-13
-7
23
23
-9
-2
40
-57
4
3
-15
22
-4
3
1
-13
9
17
-25
18
-10
-27
35
-20
26
-14
4
18
-49
48
-29
9
29
-27
25
-53
17
-8
6
17
-14
41
-33
-1
-9
-18
16
-1
10
-17
21
5
-14
-15
26
-25
26
0
16
-9
-23
43
-41
-14
20
-19
14
0
10
21
-65
64
-31
-2
-15
39
-46
0
72
-96
92
-64
54
-59
36
7
-20
31
-18
9
-17
-3
19
-25
-11
17
-24
20
12
-3
8
13
-35
24
-1
-61
49
-26
25
20
-12
49
-61
40
-67
31
7
-33
48
-15
-3
-28
68
-55
-1
61
-47
20
-38
16
-19
-11
45
-42
43
10
-11
-19
36
-48
12
1
-25
29
0
37
-39
49
-31
5
1
-35
6
-20
9
14
-1
-3
3
19
-12
13
-32
32
-53
43
-32
6
18
-18
43
-26
25
-30
45
-22
-11
18
-62
38
-7
-13
10
2
40
-55
65
-48
14
14
-63
60
-57
49
-40
44
-34
41
-15
-13
41
-45
12
-10
36
-55
41
-43
28
-12
-27
49
-72
120
-50
37
-43
8
4
-57
49
-80
105
-52
40
-34
30
15
-23
14
-47
-4
20
-12
-19
73
-72
80
-58
53
-39
14
19
-33
32
-67
80
-67
-12
44
-34
42
-37
58
-36
18
-25
8
-14
-31
58
-63
95
-67
37
-24
-25
48
-22
11
8
25
-49
25
-33
15
3
-45
96
-97
36
11
-29
23
-37
58
-74
50
19
-28
35
-37
64
-79
59
-23
44
-59
57
-18
-66
105
-107
44
-29
39
-40
-1
64
-16
-43
66
-10
-142
95
-58
-24
77
23
-2
53
6
19
-46
-28
13
-46
-31
58
-38
63
-21
89
-55
-30
46
-87
12
-28
42
-93
139
-63
44
9
-13
-6
-4
22
-39
-8
52
-52
52
-85
68
-15
2
48
-42
74
-98
105
-119
13
15
-60
113
-85
67
-35
43
-25
12
-22
-37
46
-73
7
-23
25
39
30
-12
62
-41
36
-73
1
-21
-38
71
-43
74
-46
104
-82
58
-23
-64
37
-36
44
-13
-24
14
36
-9
-27
55
-47
22
-35
1
-23
-43
40
-5
38
15
-10
24
-85
34
-23
-11
2
13
19
47
-16
15
26
-42
20
-54
19
12
18
-18
67
-20
-32
48
-45
-14
-73
51
-22
-17
42
-21
21
-36
15
-39
-22
39
-17
40
-18
86
-32
13
92
-124
119
-96
40
13
-93
129
-148
92
-56
43
-46
-21
78
-138
53
-42
-31
-6
11
46
-45
80
13
1
26
-22
75
-108
124
-32
11
47
-10
-5
-57
31
-82
-62
26
-76
-13
7
-12
26
-38
104
-101
73
-40
-10
63
-27
158
14
109
7
95
-40
-9
-29
-27
-28
27
-89
10
-17
-72
3
-46
-16
-74
40
-73
15
-34
-17
-2
-33
12
0
-2
68
41
89
54
20
70
-69
35
-75
-29
-9
34
52
39
131
-20
29
-49
-70
-100
-14
-100
2
-39
62
9
-23
81
-114
64
-70
70
-103
94
-9
2
38
-55
78
-84
87
-3
-4
48
0
23
-45
44
-61
18
16
-77
73
-32
56
-62
96
-97
39
-50
-11
13
-53
34
-13
51
-42
71
-13
61
-69
35
-38
-94
67
-6
-40
60
48
-13
39
-74
62
-115
52
-55
16
8
25
-34
53
-41
-25
47
-111
57
-5
1
-47
165
-130
67
-7
-19
6
-23
72
-104
51
-50
34
-67
27
-18
15
34
11
80
-35
102
-53
28
-47
55
-49
31
5
4
6
-34
11
0
-65
-32
7
-69
63
-51
35
-52
-7
18
4
27
10
30
36
31
15
-8
12
-14
-18
-21
68
3
33
-22
13
-71
-56
23
-105
37
-36
93
-7
33
5
-31
-30
-58
-2
-52
-17
123
42
87
8
57
-91
37
-54
-77
86
-89
38
18
49
-90
49
8
-66
15
-16
62
-48
44
-20
-49
-4
-67
-40
-39
23
46
97
46
33
23
-23
-68
-33
0
-11
6
27
29
48
-3
44
38
-6
73
-57
-13
-3
-71
15
-57
-20
-15
8
-90
8
27
-79
112
-49
36
5
49
-15
-63
89
-73
50
9
68
-57
77
-9
5
63
-80
36
-86
-108
-38
-15
-26
-11
102
69
-2
78
-14
-31
-62
-9
22
-15
-34
45
-14
-4
-31
-41
45
40
26
96
57
-84
33
-97
6
-111
-40
49
-56
55
-19
38
-35
89
35
-31
4
-88
14
-31
-17
103
30
112
63
-3
11
-135
-46
-139
17
-78
133
103
63
241
-4
16
-117
-84
-131
-103
19
20
-2
47
44
33
-65
60
-147
-29
3
-50
8
-12
77
-16
-31
111
-90
40
9
38
-59
137
81
-41
62
-21
11
-110
39
-31
-133
31
-41
11
-12
49
-44
78
12
31
85
-36
45
-53
-1
19
34
47
12
57
-57
56
-73
-12
-48
-7
-43
-40
29
-22
-82
-1
-7
-38
6
24
9
21
52
40
112
-45
7
-116
-82
-97
-24
-34
8
66
57
75
35
40
3
-45
-58
-33
-74
-100
-36
25
32
9
26
126
-1
97
26
33
-80
51
-32
15
23
57
283
8
219
1
86
-41
-104
-140
-169
-49
-181
-70
-116
-20
-44
-16
45
-50
-2
28
6
33
-67
26
-66
-39
47
94
98
39
156
119
21
23
0
-82
-133
-120
-81
-170
-110
-91
-89
-42
-103
-66
-49
16
57
173
105
90
175
114
79
60
90
22
85
96
56
82
95
58
12
24
-10
-46
-51
-50
-80
-45
-43
-47
-36
-93
-35
-32
1
-24
4
-12
3
25
41
50
62
29
19
15
29
41
28
34
-9
-2
-29
-5
34
13
-96
-12
-19
7
-29
-5
-69
-78
-91
-101
-41
-103
-12
-7
39
24
19
27
-33
3
-6
-28
33
-21
56
74
19
18
28
-33
-29
-10
-4
46
-11
-3
21
-46
-18
-23
-87
-77
-64
-72
-52
0
38
24
30
15
59
16
113
69
123
112
210
358
263
285
101
90
-67
-69
-42
-130
-92
-158
-55
-125
-130
-270
-255
-292
-295
-237
-206
-171
-165
-36
-36
41
17
33
18
19
39
91
22
46
88
92
49
49
94
13
52
41
59
-53
-19
-70
-102
-60
-36
14
28
32
73
118
104
48
11
-33
-25
-60
-8
5
-33
-63
-29
-36
-67
-115
-132
-110
-170
-154
-147
-147
-122
-100
-77
-36
-28
-6
42
24
6
-1
16
53
48
35
79
82
80
71
81
125
84
23
23
6
40
36
19
35
64
108
154
161
157
113
135
170
199
162
107
82
97
103
129
94
99
83
92
142
135
146
70
110
40
39
45
41
-5
-72
-33
3
79
42
77
86
92
65
20
23
14
40
22
24
84
98
135
112
97
55
24
-39
-152
-250
-333
-371
-389
-413
-425
-436
-370
-334
-303
-322
-318
-287
-247
-236
-227
-282
-280
-237
-189
-187
-219
-184
-187
-194
-259
-255
-297
-305
-329
-351
-309
-318
-287
-310
-283
-248
-248
-244
-272
-235
-190
-122
-59
48
135
227
325
404
491
520
560
537
545
545
511
489
495
532
524
531
588
712
807
877
964
1035
1115
1155
1195
1202
1165
1153
1103
1049
984
872
739
583
428
282
143
-24
-200
-300
-335
-343
-379
-403
-431
-426
-448
-415
-441
-514
-607
-687
-673
-741
-828
-974
-1058
-1159
-1245
-1357
-1494
-1648
-1813
-1997
-2163
-2291
-2357
-2348
-2370
-2346
-2370
-2287
-2229
-2111
-2102
-2130
-2254
-2413
-2276
-1907
-1297
-715
3
892
2065
3293
4444
5254
5778
5988
5966
5754
5163
4355
3145
1977
878
149
-485
-937
-1206
-1222
-946
-508
114
543
876
1017
1229
1530
1765
1864
1781
1749
1783
1980
2095
2097
1887
1603
1346
1031
719
176
-379
-965
-1352
-1571
-1632
-1574
-1487
-1345
-1068
-690
-311
-57
31
-79
-245
-489
-774
-1134
-1575
-2016
-2455
-2796
-3041
-3232
-3488
-3771
-4068
-4333
-4688
-5104
-5531
-5834
-6078
-6243
-6434
-6649
-6436
-5523
-3845
-2144
-353
1557
3991
6510
8865
10570
11399
11600
11160
10519
9171
7325
4709
2138
-212
-1940
-3389
-4546
-5298
-5719
-5578
-5210
-4456
-3869
-3376
-3191
-2851
-2127
-1329
-550
73
1066
2223
3589
5044
6369
7464
7983
8400
8434
8222
7400
5969
4177
2325
729
-834
-2152
-3193
-3720
-3850
-3436
-2574
-1459
-396
516
1337
2091
2798
3179
3153
2865
2580
2375
2171
1997
1663
1211
596
73
-419
-1090
-2097
-3399
-4811
-6082
-7087
-8066
-8925
-9688
-10179
-10592
-10609
-10330
-9789
-9273
-8895
-8492
-8122
-7185
-5619
-3189
-700
1931
4653
7880
11223
14204
16101
16530
15951
14458
12604
9613
6050
1515
-2668
-6282
-8675
-10183
-11135
-11226
-10670
-8869
-6768
-4288
-2371
-912
12
767
1759
2576
3232
3527
4173
5206
6714
8289
9564
10299
10354
10120
9292
7886
5407
2125
-1538
-4930
-7621
-9667
-10832
-11128
-10229
-8138
-4937
-1006
2983
6476
9081
11040
12357
12840
12231
10520
8265
5977
4066
2450
1131
-43
-1075
-1876
-2364
-2658
-3261
-4244
-5520
-6791
-7762
-8537
-9121
-9591
-9815
-9630
-9082
-8116
-7167
-6362
-6003
-5765
-5547
-5079
-4633
-4550
-4865
-5476
-5201
-3765
-1194
1160
3202
5129
7506
10291
12639
13750
13045
11360
9116
7113
4397
1088
-2900
-6306
-8613
-9468
-9304
-8778
-7558
-6070
-3563
-926
1777
3430
4229
4284
4204
4433
4521
4534
4145
4209
4482
5356
6241
6776
6628
5697
4528
2925
1126
-1458
-4375
-7225
-9346
-10360
-10332
-8823
-6314
-3052
757
5344
10099
14004
16363
17259
16912
15367
12874
9573
5629
1482
-2230
-4947
-6330
-6777
-6615
-6313
-5659
-4686
-3682
-3224
-3458
-4201
-5333
-6340
-7068
-7325
-7521
-7566
-7182
-6242
-4963
-3822
-2905
-2552
-2797
-3335
-3925
-4477
-5345
-6539
-8187
-9536
-9438
-7574
-4703
-2083
549
3502
7358
11269
14489
15603
14782
12812
10645
8404
4966
639
-4491
-8057
-9924
-9771
-9182
-8117
-6359
-3858
-399
2782
5499
6173
5914
4804
4326
3975
3309
2319
1351
1581
2372
3968
5175
5932
5587
4740
3854
2606
767
-2154
-5200
-7700
-8793
-8697
-7428
-4896
-1528
2411
6793
11682
15854
18084
18306
17049
14663
11227
7057
2427
-2352
-6394
-8909
-9736
-9295
-7991
-6277
-4528
-2571
-740
300
102
-1158
-2897
-4791
-6301
-7243
-7706
-8047
-7989
-7025
-5419
-3840
-2955
-2625
-2776
-3428
-4382
-5519
-6690
-8134
-9604
-11076
-11810
-10828
-7835
-3674
327
4276
8346
13004
17140
19934
20040
17715
14073
10364
6524
1423
-4383
-10108
-13408
-14419
-13210
-11340
-8844
-5503
-1566
2903
6341
8558
8327
6953
4900
3506
2479
1184
230
-170
1269
3338
5910
7672
8495
7966
6485
4762
2196
-1247
-5660
-9450
-12084
-12780
-11654
-8717
-4437
463
6068
11860
17102
20394
21284
19815
16432
11819
6574
1174
-4245
-8890
-11778
-12320
-10794
-8200
-5122
-2263
341
2371
3567
3245
1149
-1823
-4974
-7449
-9000
-9347
-9249
-8614
-6865
-4145
-1453
214
1089
845
-311
-2132
-4182
-6564
-9280
-11515
-12998
-13685
-14006
-13049
-9971
-4614
1262
6295
10508
14573
18501
20905
20973
18052
13352
8002
3216
-1525
-6657
-11618
-15006
-15356
-13072
-9244
-5642
-1956
2024
6338
9550
10739
9908
7266
3967
918
-575
-1484
-2111
-2028
-217
3234
6680
9397
10317
9736
7785
5258
2052
-2149
-6934
-11529
-14358
-14885
-13023
-9652
-4721
1395
7933
14307
19618
22858
23134
20736
16254
10333
3721
-2668
-8321
-12973
-15439
-15065
-12273
-8260
-3883
358
3779
6156
7318
6867
4354
516
-3510
-6857
-9171
-10168
-9844
-8639
-6483
-3425
-284
1838
2589
2117
666
-1649
-4525
-7612
-10803
-13427
-14808
-14986
-14329
-13374
-11845
-8600
-2959
3611
8904
12402
15078
17705
19504
19608
16926
11854
5863
878
-2907
-6571
-10367
-13398
-13857
-11546
-7158
-2924
538
3552
6508
8826
9698
8831
5919
1896
-1614
-2884
-2457
-1655
-741
1333
4708
8319
11097
11853
10388
6958
2835
-1302
-5549
-10105
-14389
-16960
-16738
-13669
-8936
-3206
2909
9337
15542
20827
23977
23967
21034
15856
9439
2570
-3759
-9476
-14123
-16728
-15930
-12340
-7515
-2454
2419
6685
9551
11021
10485
7880
3467
-1368
-5796
-9363
-11656
-12580
-11960
-9972
-6484
-2460
976
3205
4372
4197
2285
-730
-4249
-8186
-12299
-15499
-17081
-17226
-16332
-14892
-12979
-9490
-3141
4704
11183
15329
18024
20447
22120
22203
19073
12662
4821
-1478
-5501
-8814
-12259
-15315
-15516
-12323
-6616
-1256
2563
4913
6711
8390
8848
7348
3306
-1398
-4926
-5285
-3400
-852
1442
4188
8247
12323
15148
14844
11634
5981
37
-5185
-9859
-14447
-18540
-20139
-18446
-13283
-6645
229
6561
12608
17897
21757
23493
22119
17836
11703
5760
304
-4552
-8635
-11313
-12299
-11044
-7321
-2633
1483
4380
6509
7648
7659
6285
3403
-840
-5356
-8821
-10790
-11330
-10958
-9636
-7347
-4017
-44
3631
5911
6394
5534
3712
1072
-2301
-5991
-9924
-13500
-15793
-16176
-15014
-13323
-11498
-9831
-7753
-4082
1855
7701
11281
12952
14437
16356
17528
16931
13252
7467
1603
-1909
-4010
-6277
-9159
-11377
-10997
-8128
-3769
-594
1166
1851
2790
3918
4421
3344
539
-2075
-3058
-1236
1759
4636
6690
9014
11571
13268
13181
10494
5782
-592
-6403
-11028
-14268
-16776
-17890
-16582
-12499
-6009
1069
7776
12980
17060
19428
20073
18596
15094
10001
4122
-1137
-5188
-7350
-8201
-7753
-6286
-3400
195
3355
5443
6131
5345
3188
624
-2176
-5156
-8073
-9805
-9856
-8328
-5610
-2255
1092
4106
6692
8183
8074
6198
3101
-856
-5108
-9132
-12472
-14960
-16245
-16079
-14644
-12322
-9552
-6630
-4195
-2943
-3273
-3731
-2277
1482
5346
7846
9423
11731
14997
18027
18827
16025
10387
4431
296
-3148
-7213
-12400
-16542
-17519
-14640
-9859
-5803
-3017
-529
2970
6537
8992
9007
7044
4444
3565
5094
7216
8297
8311
8759
9476
9908
8547
4739
-1262
-7474
-12204
-15361
-17101
-17820
-16626
-13274
-7310
212
7635
13511
17404
19538
19890
18737
15643
10646
4402
-1137
-4904
-6759
-6868
-5657
-3823
-1534
1589
4455
5808
5192
3066
-210
-3713
-6528
-8518
-9880
-10205
-8695
-5491
-950
3846
7622
9555
10023
9459
7483
3906
-1063
-6471
-11258
-14443
-15791
-15533
-14130
-11772
-8741
-5513
-2656
-758
-157
-1122
-3732
-7605
-10374
-9447
-5023
110
4483
8674
13977
19814
24120
24242
19273
11031
2922
-3273
-8817
-14766
-20813
-24044
-22257
-15566
-7409
-785
3905
8149
12652
16057
16833
14060
8926
3637
1000
1298
2463
2695
2617
3800
5743
7019
5880
1955
-3931
-9611
-13562
-15700
-16396
-15722
-13199
-8457
-1288
7012
14125
18426
20195
19969
17948
14170
8927
2741
-3489
-8188
-10318
-9713
-7126
-3678
-490
2422
5189
7050
6979
4777
1169
-2962
-6378
-8154
-8285
-7320
-5295
-2124
1899
6096
9444
10890
10085
7580
3905
-680
-5708
-10376
-14170
-16566
-17060
-15737
-12849
-8972
-4883
-1589
615
1681
1477
7
-2683
-6635
-11710
-15279
-13975
-7421
899
7964
13551
19104
24733
28385
27340
20198
9037
-2200
-10604
-16419
-21013
-24712
-25677
-21681
-12558
-1496
7458
13078
16451
18732
19388
17589
12915
6123
-707
-4628
-4227
-1462
1172
3075
5066
6880
7459
5722
1116
-5677
-12613
-17423
-19305
-18250
-14863
-9778
-3297
4477
12593
18828
21694
21225
18130
13080
7276
1438
-3924
-8079
-10363
-10210
-7751
-3285
1565
5127
6794
7250
6730
4959
2291
-1021
-4555
-7348
-7995
-6404
-3641
-757
1857
4149
6163
7674
7769
5732
2072
-2121
-6125
-9537
-11961
-13267
-13696
-13067
-11087
-7861
-4100
-880
1136
1720
1091
-386
-2396
-5105
-8932
-13845
-17720
-16800
-9556
947
10008
16125
20802
25452
28816
27981
20586
7927
-5226
-14549
-19504
-22033
-23418
-22891
-18079
-8554
3250
12690
17556
18765
18149
16453
13170
7761
613
-5935
-9213
-7630
-3052
1604
4941
7144
8372
7730
4859
-567
-7644
-14462
-18595
-19298
-16722
-11355
-4380
3209
10418
16637
20360
20756
18186
13576
7544
1272
-3831
-6998
-8167
-7837
-6205
-3393
689
4847
7398
7628
6338
4196
1644
-679
-2638
-4597
-6260
-6427
-4670
-1871
678
2463
3250
3770
4307
4296
2906
337
-2615
-5419
-7673
-9067
-9555
-9723
-9343
-7967
-5546
-2674
-36
1707
2037
981
-961
-3211
-6060
-9657
-14096
-17903
-17341
-10255
984
11023
17731
21858
25057
26570
24598
17005
4545
-8577
-17883
-21670
-21881
-19835
-16502
-10576
-2037
7871
15226
18008
16720
13112
8749
4077
-243
-4666
-7599
-7681
-3594
2533
8076
11235
11754
10141
6225
432
-7029
-14199
-19338
-20795
-18650
-13305
-5734
2653
10491
16530
19908
19671
16426
11469
6168
799
-3941
-7247
-8199
-6681
-3719
-914
1020
2978
5073
6391
5956
4378
2233
95
-1468
-1995
-2319
-3028
-3392
-2684
-943
901
2400
3070
3318
3476
3559
2884
1227
-1060
-3712
-6257
-8230
-9195
-9562
-9490
-8778
-6969
-4342
-1459
832
1797
1047
-1242
-4175
-7126
-10273
-14356
-18822
-20581
-15553
-3840
9376
18864
23706
25940
26704
25013
18808
7474
-5956
-16720
-21411
-20635
-16816
-12186
-7161
-1087
5595
10760
12182
10135
6104
2183
-591
-1690
-1708
-889
1204
5070
9963
13469
13931
11276
6692
765
-6039
-12900
-18336
-20704
-19264
-14563
-7953
-431
6793
12688
16199
16922
14741
10348
5468
1549
-1051
-2769
-3596
-3152
-1117
1575
3487
3641
3033
3026
3414
3336
2680
1790
808
90
14
-2
-731
-1706
-2132
-1728
-776
509
1478
2009
2422
2921
2765
1502
-265
-2341
-4687
-7024
-8587
-9309
-9233
-8248
-6415
-4295
-2045
-3
916
-63
-2552
-5784
-9131
-12525
-15671
-18782
-20085
-16129
-5430
8069
18457
23720
24880
24213
21737
16862
7798
-3213
-12495
-16347
-15408
-11752
-7631
-4344
-1364
1331
3712
3996
2689
552
-381
76
1943
4210
6229
8061
9984
11791
11759
9484
5369
907
-3574
-8019
-12178
-15209
-15873
-13634
-9211
-4434
92
4004
7313
9524
10515
9694
7343
4873
3547
3350
3219
2650
1844
1615
1988
2199
1430
612
756
1824
2758
3332
3368
2705
1584
716
120
-705
-1219
-1269
-672
86
1120
1670
1687
1490
1257
412
-1104
-2403
-3491
-4824
-6564
-7858
-8463
-8263
-7334
-5780
-4340
-3089
-1844
-1299
-2490
-5189
-8330
-10966
-12855
-14016
-15363
-16284
-13236
-4157
8318
18230
23022
23254
21609
19210
15666
8979
-6
-8261
-12459
-12352
-9757
-6815
-5069
-3931
-2773
-1064
-194
-9
-105
760
2726
5465
8035
9486
10046
10120
10023
8828
6110
2414
-985
-3696
-6267
-8994
-11392
-12362
-11448
-9046
-6223
-3300
-385
2649
5506
7913
9210
9191
8374
7809
7739
7301
6021
4100
2583
1961
1652
938
259
308
830
1164
1155
773
-9
-783
-991
-719
-323
335
1235
1948
2157
1923
1016
-207
-1045
-1390
-1872
-2454
-2718
-2760
-3179
-4117
-5216
-6188
-6740
-6598
-5857
-5367
-4912
-4321
-4175
-5394
-7402
-9484
-11056
-11798
-11866
-12427
-13160
-10283
-1740
9770
18600
22445
21814
19618
17090
13932
8086
158
-6978
-10578
-10341
-8039
-5664
-4952
-5158
-5338
-4694
-4082
-3415
-2526
-459
2694
6465
9755
11460
11724
11057
10160
8521
5930
2821
255
-1613
-3350
-5608
-8222
-10106
-10640
-9666
-8093
-6170
-3855
-777
2851
6400
8855
9807
9704
9356
9126
8450
7067
5223
3970
3542
3430
2772
1535
79
-1313
-2448
-3400
-4055
-4123
-3110
-1171
995
2893
4262
4754
4182
2820
1011
-892
-2351
-2780
-2407
-1884
-1561
-1621
-2114
-3189
-4603
-5944
-6722
-6690
-5893
-4903
-4199
-3847
-4068
-5203
-7171
-9284
-11111
-12140
-12099
-11324
-11284
-10544
-6031
3150
13237
19600
20882
18488
15289
12372
9069
3814
-2020
-6315
-7182
-5488
-3004
-1868
-2904
-4915
-6758
-7519
-7377
-5776
-2966
1088
5419
9242
11544
12141
11346
9763
7989
6107
4318
2909
2157
1235
-718
-4031
-7850
-10973
-12288
-11869
-10223
-7827
-4451
-329
3927
7468
9422
9511
8659
8251
8569
9123
9226
9141
8938
8497
7133
4374
527
-3348
-6379
-8189
-8470
-7110
-4453
-1402
1287
3093
3863
3635
2826
1765
1053
961
1297
1677
1663
1123
-357
-2728
-5416
-7761
-9178
-9336
-8116
-5887
-3555
-2121
-2072
-3386
-5565
-8182
-10659
-12381
-13098
-12394
-10886
-9217
-8750
-8117
-4349
3440
12258
17741
18572
16217
13354
10949
8417
4419
-10
-3283
-3839
-2456
-852
-731
-2760
-5656
-8200
-9426
-9154
-6916
-3134
1633
5864
8579
9531
9384
8971
8585
8270
7673
7124
6994
6873
5444
2107
-2677
-7712
-11648
-13264
-12578
-10408
-7647
-4561
-1527
1308
3553
4923
5522
5910
7193
9200
11475
13253
14108
13457
10985
7275
3079
-854
-4013
-5857
-6468
-6016
-4859
-3432
-2362
-1891
-1767
-1792
-1624
-894
847
3232
5716
7079
6508
3971
324
-3512
-6907
-9231
-10182
-9519
-7654
-4965
-2482
-1122
-1747
-4251
-7255
-9813
-11387
-11858
-11368
-10376
-9424
-8584
-8224
-8779
-8067
-3683
4193
11961
16567
17375
15536
12950
10346
7195
3223
-92
-1441
-585
1138
2120
950
-2349
-6197
-9097
-10331
-9852
-7466
-3544
1013
4761
6714
6994
6559
6681
7702
9196
10033
10245
10169
9245
6382
1514
-4137
-8900
-11610
-11895
-10557
-8483
-6218
-4146
-2634
-1559
-841
131
2217
5601
9549
12831
15329
16529
16115
13868
10091
5248
722
-1994
-2933
-3203
-3225
-3149
-3480
-4530
-5760
-6517
-6497
-5167
-2787
101
2840
5529
7303
7283
5125
1392
-2827
-6385
-8211
-8234
-7247
-6130
-5168
-4498
-4291
-4965
-6182
-7996
-10055
-11673
-11918
-11121
-9933
-9111
-9246
-10684
-11384
-7512
1025
10787
16628
17655
15216
12354
10260
8208
5467
2840
1738
1888
2760
2919
1936
-893
-4631
-8230
-10628
-10605
-8025
-3816
23
2370
2908
2431
2175
3101
5802
9470
12768
14497
14667
13401
10240
4950
-1638
-7608
-11140
-11438
-9413
-6730
-5007
-4778
-5775
-6801
-6958
-5922
-3494
829
7013
13597
18460
20321
19616
17097
13063
7940
3033
22
-939
-808
-876
-1753
-3422
-5578
-7778
-9671
-10369
-9206
-6455
-2904
751
3906
5758
5764
4183
2133
407
-1032
-2401
-3716
-4618
-4913
-4925
-5415
-6494
-7717
-8851
-9992
-10739
-10788
-10579
-10860
-11072
-10979
-10840
-11340
-11214
-7222
1113
11048
16917
17392
14376
11256
9055
7030
5116
3753
3964
4869
5780
5232
3012
-887
-5113
-8132
-9286
-8460
-6554
-3975
-1593
9
11
-1295
-2715
-2165
1719
7824
13760
17216
17928
16216
12527
7181
1128
-4062
-6953
-6989
-5409
-3718
-2986
-3765
-6251
-9446
-11710
-11568
-8313
-2338
4884
11251
15717
18051
17776
15350
11839
8430
5838
4633
4645
4647
3502
1037
-2406
-6257
-9205
-10401
-9805
-7916
-5464
-3386
-2183
-1434
-1048
-1240
-1778
-1967
-1351
-190
1168
1764
744
-1850
-4771
-6910
-7904
-8079
-8044
-8152
-8481
-8992
-10012
-11103
-12149
-13139
-14571
-13972
-8284
1803
12172
16979
15935
11272
7431
6069
6331
6904
6980
7394
7567
7583
6013
2932
-1732
-5787
-7255
-6210
-3610
-1414
-179
-738
-2623
-5816
-8979
-10058
-7168
-493
6932
12613
15267
15435
13551
9886
5692
2268
701
1207
2943
4195
3647
601
-4237
-8923
-11220
-10629
-8155
-4485
49
4483
6973
7160
6135
5142
4872
5439
6951
9171
11495
12268
10465
6950
3039
-503
-3344
-4933
-5069
-4391
-4005
-4577
-6126
-7808
-8908
-9271
-8965
-7958
-6206
-4153
-2446
-1620
-1575
-1848
-2171
-2429
-2549
-2496
-2770
-3920
-5865
-8059
-9716
-11100
-12215
-13456
-12729
-7836
97
7708
10504
9257
5991
4025
4286
5842
7968
9789
11243
10907
8607
4377
-172
-3851
-5247
-4303
-2072
626
2503
2900
991
-2640
-7087
-10494
-10990
-7817
-1863
4501
8983
10549
9882
7957
5576
3270
2007
2582
4823
7460
8551
6805
2670
-2141
-5686
-7048
-6188
-3932
-1334
1203
2893
3569
3421
3063
2967
3176
3751
4683
5862
6735
6658
5675
4470
3601
2927
2302
1730
1049
148
-1313
-3487
-6053
-8242
-9310
-9320
-8731
-8100
-7800
-8041
-8546
-9023
-9098
-8626
-7641
-6431
-5145
-3590
-2397
-1976
-3274
-5669
-8889
-9972
-6547
76
6428
8243
7002
4351
3416
4019
5302
6526
7534
8768
8889
7824
5038
2042
-966
-2879
-3677
-3472
-2514
-1606
-1069
-1951
-3871
-6232
-7453
-6660
-3479
1031
5045
7169
7329
6446
5337
4326
3862
4430
6010
7881
8671
7469
4194
252
-2583
-3672
-3784
-3489
-2609
-1170
365
942
519
-49
179
1622
3657
5786
7494
8612
9130
8933
8102
6532
4473
2111
184
-1018
-1479
-1672
-2175
-3212
-4551
-5252
-5584
-6132
-7175
-8444
-9396
-10090
-10430
-10380
-10122
-9901
-10132
-10299
-10130
-9170
-8350
-8127
-8884
-8502
-4061
3332
10736
13111
11289
7555
5328
5324
6216
7286
7622
7829
7109
5686
2900
-60
-2664
-4043
-3930
-3089
-2004
-1516
-1824
-3109
-4857
-6382
-6796
-5707
-2958
952
4781
7003
7458
6832
5942
4907
4202
4403
5502
6422
5769
3380
258
-1388
-1138
-1
543
155
-409
-483
121
673
415
-346
-358
1118
3416
5435
6384
6474
6211
5935
5758
5602
5743
5800
5527
4671
3310
1659
-319
-2545
-4950
-6787
-7740
-8111
-8438
-9229
-10388
-11530
-11836
-11247
-10572
-10527
-11082
-11366
-11130
-10711
-10944
-11991
-11164
-6469
1133
7694
9862
8855
6737
6259
7641
9808
11635
12628
12633
11190
8920
5963
3084
38
-2099
-3068
-3472
-3927
-5080
-6713
-8543
-9765
-10174
-9755
-7958
-4278
447
4262
5714
5536
5217
6013
7333
8372
8675
8897
9363
9338
8019
5472
3116
1435
166
-1437
-3085
-4552
-5638
-6043
-5804
-4761
-3183
-1191
1061
2986
4696
6054
7290
8316
8957
9115
8859
8410
7691
6568
5051
3433
1831
146
-2046
-4513
-6442
-7457
-8092
-8879
-9872
-10918
-11622
-12306
-13241
-14381
-15266
-15534
-15272
-14688
-13972
-10772
-5133
1734
6250
6734
5568
4722
6374
8831
11125
12338
12937
12936
12119
10276
7263
4587
2420
1516
897
-81
-1723
-4024
-6441
-8760
-10349
-11113
-10862
-9692
-7389
-4671
-2615
-1463
-240
1799
4282
6315
7642
8379
9171
10003
10313
9810
8985
8574
7867
6163
3395
685
-1410
-2612
-3120
-3450
-3713
-4111
-4186
-3899
-3445
-2720
-1510
393
2622
4316
4589
5488
5609
5508
5988
6102
7229
7740
7609
6262
3914
1033
-2148
-5770
-8214
-7232
-6025
-7519
-11397
-16745
-20295
-20944
-20803
-20684
-20772
-17570
-10299
-573
5022
4223
1872
2062
5758
8843
11797
14171
15229
14626
13476
11775
8383
5232
3691
4557
4971
3657
1100
-2314
-5855
-8769
-10060
-10552
-10855
-10020
-7123
-3457
-1888
-2256
-2683
-1926
-116
1925
4328
6340
7870
8695
8758
8490
8293
8911
9574
9378
7705
5545
3960
2709
1685
141
-1416
-2860
-3781
-4196
-4919
-5301
-4856
-2963
-775
817
1530
1748
2000
2163
2806
3865
5093
5822
5342
3870
2025
576
-662
-1768
-2662
-3405
-4730
-6694
-8951
-11289
-13392
-15563
-17650
-19642
-18702
-13939
-7638
-3067
-2715
-3746
-4206
-2175
1602
5739
9775
12708
14354
13828
12302
10379
9329
8831
8483
8232
7214
5518
2613
-1143
-5117
-8373
-10228
-10752
-9909
-8381
-6970
-6524
-6842
-6755
-5650
-3382
-811
1658
3825
5623
6996
7706
8294
9205
10496
11432
11385
10245
8778
7423
5941
4342
2403
514
-1225
-2568
-3371
-4024
-4619
-4971
-4240
-2517
-685
354
631
995
1675
2640
3570
4309
4818
4518
3271
1642
716
487
171
-865
-2384
-3969
-5874
-8146
-10870
-13423
-15417
-16723
-17409
-15496
-11225
-6183
-3443
-3953
-4527
-3834
-371
3820
7556
10110
11670
12306
11676
10317
8256
6927
6154
6319
6508
5626
3593
515
-2671
-5423
-7364
-8067
-7999
-7383
-6613
-5962
-5798
-5698
-5149
-4183
-3003
-2017
-715
956
2892
4497
5289
6124
7477
9391
10728
10780
9708
7971
6861
6402
6411
5584
3603
1349
-494
-1343
-2092
-2693
-3161
-3028
-2537
-2088
-1807
-1753
-1399
-1023
-410
330
1071
1838
2201
2127
1534
1050
1043
847
-153
-2087
-4100
-5927
-7493
-9228
-10959
-12832
-13248
-10857
-6960
-3482
-3617
-5398
-6720
-5380
-1361
2724
5906
7616
8587
8301
7482
6442
6230
6953
7807
8724
8610
7225
4225
185
-3246
-5269
-5985
-6243
-6393
-6092
-5720
-6153
-7464
-8483
-8014
-6030
-3580
-1748
-555
398
1807
3940
6292
8525
9546
10096
10367
10427
10018
8790
7887
7166
6213
4271
2064
11
-1491
-2827
-4072
-4253
-3768
-2896
-2804
-3434
-3883
-3785
-3056
-2031
-676
617
1513
1611
879
106
5
713
926
168
-1268
-2924
-4798
-7098
-9046
-10904
-10651
-7730
-3416
-101
-820
-3140
-5360
-4981
-2141
1255
4452
6742
8359
8216
7035
5304
4783
5440
6338
7338
7274
6358
3926
410
-3180
-5940
-7007
-7236
-6741
-6201
-5964
-6462
-7713
-8128
-7512
-5686
-3700
-1952
-174
1806
4376
6380
7843
8384
8898
9594
10096
10053
9049
8264
7568
6755
5254
3360
1663
-72
-1625
-3221
-4221
-4304
-3784
-3386
-3725
-4161
-4608
-4824
-4836
-4544
-3497
-2037
-515
162
-69
-487
-724
-842
-1294
-2157
-3129
-3989
-4757
-5795
-7038
-6649
-4354
-1136
435
-676
-2130
-2428
-374
2341
4431
5665
6767
7647
7450
6222
4335
3837
4284
5601
6656
6608
5426
2841
-253
-3078
-4869
-5673
-6226
-6581
-6714
-6503
-6844
-7693
-8193
-7688
-6248
-4980
-3891
-2494
169
3571
5915
6648
6607
7381
8783
9869
9920
9224
8619
8199
7710
6609
5191
3727
2380
1287
161
-714
-1518
-2273
-3291
-4829
-6424
-7372
-7408
-6957
-6318
-5631
-4635
-3765
-3556
-4097
-4539
-4113
-2870
-1734
-1508
-2155
-3487
-5044
-6588
-5939
-3020
1127
3675
2841
938
-708
-195
1293
2889
4607
6162
7316
7276
6456
4949
4329
4161
4678
5857
6481
6270
4322
1449
-1129
-3125
-4172
-4988
-5183
-4964
-4672
-5302
-6892
-8233
-8714
-7719
-6124
-3569
-710
1678
3191
3485
3812
4300
5472
6937
7978
8537
8393
8041
7274
6405
5366
4628
4307
3803
3144
1645
-144
-1881
-3255
-4097
-4819
-5287
-5506
-5373
-5291
-5430
-5719
-5945
-5629
-5349
-5018
-4913
-4758
-4655
-5165
-6103
-7103
-7520
-7678
-5945
-2778
1118
3381
2845
1821
1260
2721
4898
6775
8289
9354
9725
8833
7276
5569
4799
4258
4211
4566
4682
4332
2643
153
-2099
-3694
-4653
-5656
-5984
-5469
-4567
-4840
-6302
-7522
-7587
-5606
-3186
-844
1020
2461
3783
3906
3605
3565
4514
5832
6441
6341
5911
6089
5977
5421
4174
3073
2874
2691
2286
860
-558
-1311
-1409
-1350
-2086
-3058
-4051
-4658
-5296
-5746
-5697
-5267
-4853
-5306
-6045
-6640
-6746
-6573
-6814
-7437
-8410
-9569
-8765
-5623
-863
2489
2413
1275
850
2726
5473
7873
9572
10712
11128
10217
8949
7559
7214
6832
6343
6120
5660
4834
2508
-525
-3142
-4860
-5756
-6567
-6682
-6127
-5265
-5490
-6660
-7083
-5980
-3721
-1870
-674
567
1956
3395
4092
4263
4387
4722
5295
5720
6081
5673
4572
3129
2118
1919
1817
1453
430
-587
-1370
-1978
-2578
-3201
-3312
-2974
-2570
-2621
-3355
-4173
-4568
-4170
-3494
-2862
-2606
-2943
-3817
-5245
-6618
-7801
-8506
-8852
-7480
-4283
-362
2278
1969
562
-601
199
2621
5747
8687
10459
10917
9970
8816
7715
7358
7015
6735
6789
6527
5560
3283
255
-2441
-4568
-5840
-6456
-5994
-4752
-3496
-3518
-4661
-5650
-5672
-4346
-2749
-1063
432
1839
2933
3281
3331
3264
3500
3669
3933
4468
5047
5247
4463
3151
1814
899
463
-66
-822
-1837
-2619
-3161
-3583
-4141
-4875
-5412
-5822
-5815
-5725
-5342
-4973
-4858
-5044
-5446
-5765
-6105
-6521
-7098
-7285
-7059
-5302
-2218
1380
3996
4184
3286
2269
2847
4621
6843
8956
10416
11079
10523
9557
8223
7508
6842
6204
5922
5673
5381
3837
1131
-1892
-4460
-5792
-6255
-5377
-3642
-2014
-1724
-2934
-4026
-4247
-3406
-2606
-1553
307
2662
4536
4534
3290
1793
1059
1168
1747
2818
3691
3939
3168
1705
317
-876
-1586
-2152
-2531
-2750
-3024
-3384
-3891
-4409
-5053
-5501
-5599
-5336
-5022
-5135
-5329
-5606
-5741
-6172
-6885
-7724
-8211
-8274
-7529
-5214
-2159
999
2017
1634
819
1041
2688
4870
7234
9105
10514
10865
10560
9841
9281
8834
8166
7841
7865
7784
6587
3829
650
-1927
-3401
-4136
-4318
-3653
-2444
-1535
-1976
-3231
-4155
-3901
-2799
-1636
-284
1283
3124
4298
4537
4396
4500
5009
5322
5243
4967
4712
4180
3048
1505
-105
-1194
-2144
-3193
-4408
-5530
-6271
-6933
-7599
-8329
-8695
-8883
-8966
-9081
-8971
-8408
-7661
-7269
-7230
-7661
-7995
-7975
-6581
-3135
837
4000
4310
3265
2060
2268
3763
5595
7780
9507
10748
10225
8917
7253
6143
5515
5024
5334
5965
6365
5284
2652
-139
-2229
-3038
-3435
-3255
-2391
-1264
-766
-1878
-3200
-3946
-3520
-2817
-2378
-1305
210
2015
2772
2656
2527
2936
3846
4423
4993
5426
5794
5573
4815
4108
3440
3051
2443
1665
851
-80
-1141
-2696
-4397
-5869
-6656
-6993
-7560
-8357
-9545
-10456
-11292
-11796
-12100
-12213
-12040
-11109
-8270
-4604
-1206
-132
-255
-293
730
2824
5145
7776
10198
12017
12266
11584
10457
9619
8976
8177
7885
7872
7658
6566
4117
1499
-776
-2392
-3704
-4492
-4357
-3696
-3385
-4293
-5285
-5705
-5269
-4749
-4574
-3843
-2314
-384
835
1051
986
1351
2135
2898
3546
4171
4595
4463
3833
3270
3026
3031
2846
2402
2044
1631
1040
28
-1108
-1962
-2719
-3280
-3944
-4518
-5234
-6055
-6967
-7807
-8509
-9369
-10122
-10541
-8949
-5889
-2304
-594
-932
-1637
-1698
-362
1478
3889
6477
8857
10238
10254
9423
8287
7552
6938
6928
7549
8197
8335
6825
4189
1249
-953
-1945
-2200
-1812
-1275
-920
-1769
-3526
-5138
-5922
-5490
-5034
-4344
-3449
-2237
-1169
-994
-1242
-1321
-613
353
1258
1811
2137
2185
1812
1372
994
977
999
689
278
-200
-395
-775
-1442
-2214
-2798
-2917
-2856
-3032
-3555
-4201
-4555
-4698
-4805
-5119
-5528
-6002
-6360
-5508
-3689
-978
996
1670
1522
1117
1441
2180
3487
4866
6337
7683
8486
8727
7952
6816
5314
4336
4191
4657
5475
5404
4551
2772
814
-971
-2370
-2683
-2297
-1398
-1248
-1777
-2541
-3130
-3360
-3972
-4328
-4097
-2739
-729
828
1553
1537
1344
1006
782
918
1610
2550
3056
3084
2665
2148
1569
686
-141
-727
-938
-1078
-1457
-2102
-2846
-3434
-4069
-4809
-5553
-5969
-6012
-5998
-6143
-6571
-6798
-6843
-6690
-6485
-6088
-5088
-3552
-1598
56
1232
1911
2464
3015
3787
4752
5879
7098
8149
8861
8916
8457
7677
6855
6066
5527
5188
4972
4570
3834
2777
1486
79
-1294
-2326
-2794
-2775
-2459
-2129
-1966
-2007
-2394
-2975
-3479
-3397
-2615
-1377
-179
723
1233
1461
1408
1034
728
741
1215
1803
2242
2248
1954
1331
526
-175
-789
-1011
-1009
-767
-714
-1099
-1759
-2605
-3149
-3657
-3945
-4322
-4551
-4461
-4358
-4298
-4753
-5277
-5930
-6238
-6206
-5751
-4894
-3916
-2707
-1776
-903
-220
525
1377
2331
3437
4522
5649
6505
7020
6829
6370
5911
5607
5470
5252
5020
4687
4348
3891
3116
1922
493
-533
-1034
-1006
-758
-589
-535
-766
-974
-1287
-1348
-1310
-1050
-519
92
834
1310
1748
2007
2038
1740
1229
1126
1325
1704
1738
1496
1163
609
-98
-1013
-1641
-2102
-2313
-2492
-2761
-2950
-3305
-3609
-4141
-4629
-4793
-4644
-4294
-3985
-3569
-3174
-2898
-2827
-2884
-2632
-2181
-1719
-1636
-2023
-2274
-2062
-1025
141
1179
1700
1829
2008
2110
2339
2335
2466
2558
2742
3001
3278
3744
3751
3282
2228
1331
1125
1521
2150
2431
2587
2290
1722
946
239
25
-2
313
567
1003
1456
1464
1088
293
-28
154
804
1568
2040
2351
2322
2165
1781
1413
1041
780
660
551
528
202
-427
-1405
-2528
-3404
-3876
-3803
-3459
-3158
-3130
-3386
-3737
-4082
-4038
-3708
-3106
-2380
-1776
-1345
-1156
-1017
-806
-444
-152
95
173
-22
-374
-1041
-1792
-2249
-2225
-1791
-1205
-736
-421
-230
-191
-293
-326
-162
142
528
942
1443
1990
2337
2237
1816
1511
1729
2437
3250
3762
4004
3841
3227
2397
1660
1408
1526
1789
1930
2014
2090
2036
1769
1293
857
552
418
539
852
1250
1366
1118
552
-148
-739
-1181
-1334
-1298
-1235
-1237
-1515
-1870
-2192
-2476
-2651
-2722
-2442
-1918
-1431
-1170
-1030
-806
-457
-36
279
550
753
830
759
550
329
285
230
-14
-284
-623
-913
-1161
-1651
-2204
-2698
-3125
-3354
-3594
-3755
-3668
-3506
-3092
-2498
-1861
-1313
-1144
-1050
-912
-529
54
610
1215
1778
2163
2255
2276
2468
3107
3906
4500
4704
4598
4356
3967
3468
2996
2660
2496
2378
2040
1491
873
367
-84
-366
-647
-798
-878
-904
-920
-958
-921
-858
-723
-566
-435
-194
12
38
44
-71
-36
30
71
212
254
377
273
-58
-128
-154
-175
-426
-741
-936
-870
-713
-567
-444
-437
-457
-728
-1029
-1152
-1064
-759
-656
-689
-725
-754
-938
-1325
-1748
-2141
-2442
-2696
-2878
-2890
-2829
-2881
-2937
-2857
-2468
-1903
-1352
-798
-193
532
1147
1520
1692
1856
2266
2657
2950
3096
3245
3379
3436
3200
2796
2358
1822
1394
906
572
333
63
-201
-536
-770
-848
-762
-649
-384
-167
173
273
541
744
896
1364
1359
1521
1379
1258
1136
927
885
547
343
95
94
62
-18
-137
-349
-349
-410
-294
-267
-293
-263
-340
-409
-490
-599
-581
-552
-518
-481
-365
-232
-291
-418
-696
-777
-756
-675
-773
-771
-906
-1208
-1428
-1851
-1790
-1565
-1153
-916
-908
-975
-1048
-1037
-1040
-857
-545
-259
-94
28
29
51
104
147
108
221
252
205
153
-20
-26
-165
-143
-237
-278
-283
-351
-384
-447
-246
-6
322
519
567
549
472
607
801
1180
1549
1998
2276
2357
2412
2096
1924
1770
1911
2040
2203
2130
1809
1404
742
351
84
-110
-323
-580
-768
-899
-785
-751
-677
-685
-852
-790
-757
-684
-490
-289
-160
18
178
230
435
309
127
94
-81
231
384
486
421
266
208
117
102
-194
-166
-201
-279
-228
-652
-1019
-1600
-2078
-2407
-2444
-2269
-2152
-2175
-2487
-2823
-3077
-3147
-3010
-2644
-2394
-2188
-2002
-1892
-1764
-1532
-1178
-781
-238
247
660
1014
1430
1845
2185
2386
2618
2870
3133
3326
3356
3156
2780
2451
2236
2049
1988
1847
1559
1226
896
684
556
304
209
43
-148
-240
-347
-253
-195
-115
-78
-102
-64
41
87
186
250
294
349
461
553
901
995
1115
1130
1211
1319
1388
1368
1000
943
646
789
629
383
264
-175
-549
-982
-1088
-1243
-1291
-1586
-1885
-2253
-2559
-2541
-2636
-2690
-2749
-2733
-2830
-2907
-2777
-2581
-2235
-1883
-1587
-1304
-1094
-902
-696
-501
-250
64
272
328
540
615
664
741
671
617
556
560
492
439
381
490
508
415
315
278
330
287
381
241
364
571
680
818
923
772
660
678
714
997
1040
1124
1212
1349
1436
1419
1260
1104
1119
1099
1307
1363
1363
1433
1211
900
762
685
763
849
684
462
146
49
-125
-115
-236
-319
-244
-420
-423
-524
-620
-667
-699
-625
-501
-397
-550
-449
-695
-694
-713
-655
-461
-572
-665
-782
-917
-883
-677
-819
-846
-1027
-1366
-1331
-1337
-1172
-1112
-1020
-1046
-1042
-1063
-1199
-1179
-1148
-1012
-838
-487
-463
-488
-473
-664
-415
-267
-46
368
531
662
781
650
574
596
451
615
714
993
1240
1261
1040
820
719
489
615
756
1081
1169
1070
798
406
377
382
395
686
669
748
816
645
438
387
393
444
640
626
877
815
753
675
449
509
362
407
105
150
16
28
240
-122
-109
-311
-523
-656
-731
-740
-614
-558
-797
-730
-816
-679
-748
-889
-875
-887
-711
-862
-744
-697
-727
-517
-593
-609
-447
-511
-314
-470
-214
-226
-95
99
-78
234
-38
-146
-259
-456
-287
-153
-52
-133
-94
-253
-289
-442
-555
-340
-323
-51
94
210
208
66
127
239
315
536
589
714
802
838
1018
884
707
810
586
651
729
481
682
638
529
335
256
82
10
-20
-158
-95
-174
-102
-154
-333
-275
-274
-52
-126
-105
-268
-274
-123
2
87
115
281
102
142
-87
14
158
273
165
103
-80
-171
-144
-326
53
-13
174
153
25
-38
-32
-26
-270
-79
-334
-270
-161
-242
-176
-320
-425
-515
-440
-404
-274
-445
-660
-691
-687
-599
-327
-126
-123
-107
-94
-180
130
206
503
481
614
677
805
846
658
566
385
215
210
202
186
232
140
-59
-145
-348
-516
-714
-773
-602
-578
-496
-370
-360
-274
-261
-312
-45
-9
276
340
438
478
477
531
526
401
414
387
622
640
735
553
365
149
-75
-138
-289
-119
-111
105
114
108
-34
-144
-287
-389
-395
-416
-402
-130
-33
179
268
95
10
-271
-406
-308
-235
40
178
279
351
123
-21
-230
-238
-191
82
127
246
283
69
254
8
-11
-114
-333
-179
-235
4
9
-141
-286
-490
-582
-603
-450
-417
-115
-194
-117
-122
-265
-120
-302
70
30
316
423
367
502
199
476
273
531
417
461
537
141
309
-95
11
130
-63
282
39
120
81
-31
-162
-193
-145
-385
-53
-210
-71
-35
-175
-41
-179
-34
-138
-203
-162
-142
86
-52
39
89
200
335
266
277
108
133
198
244
435
331
422
187
82
25
-40
140
55
78
-80
-241
-331
-404
-384
-460
-342
-517
-411
-483
-365
-345
-487
-295
-329
-115
-83
-65
-87
-104
81
225
250
286
461
292
491
298
215
166
-132
146
156
353
550
439
320
22
-125
-273
-226
-174
-266
-141
-51
-11
59
44
-224
-274
-432
-369
-156
-140
-113
-124
-92
-144
-148
-96
-7
-13
23
218
283
256
258
250
196
12
117
132
244
435
281
237
180
45
96
107
135
212
184
95
68
-106
-128
-81
-136
55
-17
-14
78
-121
-50
-164
-161
-153
-309
15
-46
-21
-25
-133
-249
-132
-255
-118
-20
-86
169
22
123
181
-171
-45
-173
-195
-150
-206
58
-142
91
91
-149
-224
-292
-547
-487
-522
-329
-280
-173
-98
-35
-125
-36
13
73
232
168
220
134
239
164
339
182
286
218
228
379
511
494
349
229
57
121
10
91
126
45
276
42
327
136
17
15
-154
-15
171
274
353
293
85
101
-164
91
37
214
225
152
109
13
-9
-308
-105
-363
-180
-58
-80
169
-117
-183
-392
-437
-512
-346
-224
-296
-99
-342
-173
-319
-260
-379
-528
-160
-488
-144
-125
-92
-78
-46
-211
-223
-88
-179
80
30
-123
202
109
43
109
43
-110
92
153
197
284
267
234
172
39
199
189
192
305
123
363
143
223
121
-24
185
71
229
264
148
110
95
74
-74
103
-54
-29
94
42
309
174
185
177
-157
146
-52
211
187
92
18
-112
-170
-230
-62
-106
1
-180
-125
-189
-277
-262
-332
-344
-264
-78
26
25
-20
-77
-294
-251
-221
-139
-1
-23
194
145
42
265
-120
-103
-98
-290
2
68
121
159
29
-164
-120
-313
-208
-57
23
-21
59
75
-58
150
72
128
67
214
246
13
188
-164
69
113
28
311
67
66
72
-83
14
19
-33
-101
-5
127
88
263
45
79
-121
18
139
41
162
-19
26
-138
37
-137
78
-147
-82
197
-59
182
-52
-34
-218
-260
-78
-245
145
-147
56
-93
-4
160
-97
42
38
-24
99
15
233
109
23
-24
50
-93
-23
-11
-27
94
-51
-43
-34
-68
-99
-38
-299
-35
-135
-129
41
-233
46
76
-140
127
-130
75
106
158
226
75
94
157
-133
25
41
-84
-89
-7
-58
142
-8
78
-48
-163
92
-128
-35
-69
-211
-27
-70
-40
144
-62
52
-43
-130
-63
80
4
168
200
161
230
161
139
134
132
114
9
51
105
133
250
126
184
116
-11
-195
-93
-167
-23
-58
-62
-149
-81
-134
-167
-181
-220
-134
-192
-135
-11
-155
77
-27
-66
65
-224
-59
-69
-88
59
-110
-57
-201
-166
13
-63
107
108
61
-109
142
-73
184
217
112
344
63
225
-55
-75
32
50
-1
8
20
-69
-55
-7
-134
-119
-221
-259
-232
-111
12
134
110
127
79
101
-57
-26
177
212
357
292
365
254
5
145
133
-1
212
105
39
184
45
-108
-45
-50
-227
-81
-92
-58
-45
-94
-57
-132
4
-205
4
-226
-239
-12
-109
122
137
-58
-16
-99
-11
-130
-8
-114
-102
-46
-125
-45
43
-100
-44
-70
-31
-55
-50
5
-199
123
-99
85
134
70
65
4
-40
-145
20
-108
87
140
-18
44
-41
56
-3
47
-12
2
61
51
136
158
206
74
-54
45
32
38
43
97
165
-35
225
9
39
-25
46
-38
-42
168
69
88
6
-55
-19
-153
-107
-44
-100
66
-48
-9
-46
-177
19
-18
17
-61
-138
-42
-182
-70
53
72
85
-14
-58
-123
70
-93
54
-171
-84
-43
-31
138
-45
54
-66
-42
20
-155
93
-124
-189
-96
-84
130
16
63
86
39
-59
49
20
20
109
-57
105
82
173
100
21
81
5
38
50
95
72
10
-3
13
-172
25
13
-138
-21
-12
2
73
89
-64
88
-94
-129
-45
-53
58
94
65
-60
110
18
-167
170
-149
109
-41
-95
123
13
126
-47
94
-55
-47
4
-2
97
0
39
-66
-95
-87
-134
-22
-37
159
-37
36
-81
-263
-34
-227
72
-97
84
-2
17
136
-16
131
-6
-32
-2
20
83
64
17
41
86
64
71
88
0
51
-15
-102
12
28
40
208
83
20
-74
-170
-79
-13
-1
169
5
77
-67
1
-99
-292
171
-242
111
52
-94
69
-111
81
-133
155
-63
-21
-29
-24
95
20
100
-31
-93
22
-95
38
-72
-159
55
-175
115
-21
-39
46
-43
36
-204
90
-181
-53
-44
-85
56
-55
46
-130
192
21
97
-20
-78
168
-142
69
-37
98
193
177
253
89
100
-107
28
88
88
179
-18
106
-5
-61
-107
-195
-166
-64
42
49
156
21
-7
-81
-125
46
-181
-3
16
-90
201
53
6
152
-41
-67
-76
-151
-47
-73
-54
30
-22
26
17
-67
-66
-68
-101
-201
28
-174
117
-9
16
2
-165
96
-93
9
-25
86
40
114
215
-34
118
42
34
11
-2
84
49
45
145
-56
4
65
-65
-18
10
-104
88
56
55
97
-68
56
-97
-39
-72
-26
16
82
127
20
68
-6
-34
114
-25
-19
-56
-39
-9
-13
44
21
-84
57
-113
74
34
77
-52
37
-1
-156
6
-171
27
7
103
52
105
-57
-174
-143
-268
-194
-96
11
132
-25
23
-20
-83
-81
-92
-81
25
85
150
60
-33
80
-54
73
-39
128
-80
88
140
-62
43
-168
-23
-171
14
16
76
157
-92
109
-63
-14
-70
-66
124
-45
230
84
195
135
30
45
-148
-11
-174
11
179
42
57
-5
-85
-69
-16
16
29
45
-58
28
14
-85
24
-50
-27
77
84
37
182
-66
-52
-88
-140
-112
51
48
12
78
67
-41
8
-111
-91
38
-43
19
-59
4
62
30
27
-29
57
72
-42
171
-124
39
-171
-81
24
-31
130
-74
130
-79
-22
63
-183
-92
-85
37
-35
103
26
-1
75
-141
19
-97
42
-57
78
79
77
18
22
60
-133
-44
46
50
119
40
79
0
26
-45
-1
-14
-51
15
-15
72
-103
-9
-72
-116
13
-37
10
-5
-91
-57
-32
43
-147
108
2
17
197
-27
129
42
101
10
-26
99
-55
177
-9
60
41
-139
-36
-155
26
-87
42
2
35
71
-127
-12
-150
-78
-162
-82
27
-48
88
31
-38
139
-114
-28
34
-46
24
149
-22
-1
-38
-95
4
-58
5
43
61
-7
43
-67
21
-35
12
-92
45
36
-22
20
61
120
-12
143
-91
-112
76
-98
80
152
90
44
135
16
-103
43
-178
42
-8
65
192
16
119
-126
-25
51
-100
182
35
121
81
8
-48
-33
-85
-77
53
-40
31
0
-65
-53
-54
-107
-147
-234
-81
-90
-109
177
40
50
54
-48
-37
-78
56
84
76
73
-16
53
-16
-70
29
-42
6
-13
88
10
-28
26
-96
-77
-54
-98
95
-141
16
-73
-7
39
-11
-60
-34
0
-101
146
-61
-27
36
-67
48
89
72
3
107
6
81
-4
-11
5
-78
41
63
61
80
56
50
67
26
11
30
-48
68
56
66
137
-78
94
34
-31
127
-50
34
-167
31
-97
-22
-81
-116
35
-81
-44
-135
22
-183
-33
87
-86
28
-1
-33
-2
-18
3
13
-52
73
17
38
-22
-95
22
108
35
61
53
-190
56
-101
-31
70
-114
96
72
-33
1
0
-142
16
-54
6
-106
127
-63
-33
93
61
-11
-19
-85
-92
-23
123
-71
109
3
-72
103
-39
88
12
2
157
5
5
129
-8
38
77
45
-69
91
9
16
30
55
-32
135
-8
-72
-10
-12
-31
121
-51
49
-65
-21
6
-37
0
-122
4
-24
3
-53
-19
-49
87
8
-48
97
-87
-46
4
-67
34
73
-156
-51
31
-13
60
16
-20
-63
-36
-16
-86
-23
103
-108
-13
4
-58
21
-65
-42
-19
-77
-53
112
29
-95
128
-26
-12
49
-100
33
41
14
109
-22
5
-42
-14
104
38
181
8
-11
26
-17
49
-28
1
-14
-46
-21
-24
113
-67
109
-10
-74
7
-92
73
67
-45
26
24
-91
101
35
84
-43
64
-86
31
66
42
67
-52
27
-41
18
12
-128
2
-97
-179
102
-123
-27
-9
-35
-162
70
38
-67
82
-83
-27
-30
-25
-5
9
51
72
58
94
90
1
-63
-120
-35
22
0
4
63
-61
18
60
-69
63
71
-38
34
76
17
32
67
-44
-12
119
91
-38
29
0
-80
117
-27
-29
38
-62
-84
-17
-40
-23
9
-110
5
-28
-27
40
-27
6
-22
52
107
36
20
70
-86
72
-32
40
53
49
102
-19
-44
-86
-7
-39
-96
-30
-22
-37
9
-1
-6
11
39
-43
-68
-14
-106
-27
-25
1
42
-9
22
45
-42
-186
-25
-90
1
47
166
-30
38
27
-154
29
-76
-30
-88
67
18
153
65
6
48
17
-64
65
-109
8
58
46
71
123
4
15
19
-56
42
-78
20
16
-6
105
-45
-40
-12
-60
20
-8
-19
32
-30
-24
-9
75
42
51
-42
-20
72
-85
80
29
-30
66
-48
85
-33
-51
-28
13
47
-14
30
-44
8
-36
-10
70
-66
35
-106
-45
-7
17
12
-68
72
-51
-45
3
19
38
-36
73
-61
47
-67
6
4
1
92
-24
51
-66
8
-69
37
1
19
-93
35
40
46
-37
-29
-73
18
6
-11
55
4
33
-26
-36
-70
29
-9
-3
17
32
59
-149
70
-76
-42
45
40
60
56
82
-32
11
-44
-43
0
8
5
21
83
-48
10
125
-32
-60
-39
-29
8
-1
-8
7
-41
-31
6
-50
26
-27
18
13
-20
18
0
-1
7
17
-29
-38
10
-13
-1
15
-18
44
3
-66
33
20
71
-44
-33
14
31
-45
37
3
-16
-40
-8
-55
59
62
-76
9
-42
64
-35
-20
60
-14
4
-38
-19
4
53
72
-83
42
26
62
-86
68
33
11
27
-12
11
30
46
-62
-2
37
2
22
-45
-29
-11
-45
22
-39
-14
-28
40
10
24
1
29
-34
-8
21
-30
50
-6
-16
89
78
16
-25
-73
-11
-16
-21
45
35
17
30
4
-27
-7
-106
-8
-92
-1
20
4
40
-2
-17
-88
-7
-75
-15
20
-11
44
24
-39
78
-3
-38
4
-46
11
-55
32
-48
84
-6
26
25
-30
52
-66
37
-49
31
6
-55
41
30
31
-2
30
6
-21
55
-23
-54
89
-39
15
-11
-70
64
-20
24
-27
56
-7
15
22
-23
5
26
-62
15
-27
40
55
-13
-26
-14
21
-60
-30
11
13
-41
42
30
-13
-8
15
-40
-46
-12
-36
-16
-6
19
10
41
-9
-69
7
5
-49
57
37
-57
19
-14
6
14
36
74
-16
12
-61
-4
26
16
55
54
8
-4
-12
-65
34
-8
-29
0
63
7
38
32
-73
-15
-2
58
-46
17
-14
5
-4
-14
20
-8
-57
-22
17
9
72
-18
-29
-63
-11
3
4
26
-6
42
20
19
64
-18
-47
-20
-45
-66
58
73
-26
10
-7
-11
18
-7
-12
-36
-6
15
-47
14
-27
16
50
-47
-14
-8
-8
5
5
2
8
-25
25
-52
-12
0
22
-7
29
-5
26
16
-44
23
-68
-25
25
15
16
16
13
1
-22
-48
18
-29
14
7
0
43
9
-10
18
-30
30
-4
-22
54
3
9
-30
15
-4
18
-33
45
6
2
11
-26
-27
40
-8
-35
29
-32
30
-15
10
36
38
-21
-7
-22
38
-18
-16
-26
16
43
-48
17
19
5
10
20
-11
0
-23
-38
-16
19
-1
14
5
29
41
8
-56
-4
-56
-33
26
-56
18
44
-8
31
35
3
-12
-15
-11
-36
32
-4
19
19
1
28
-12
36
-69
7
-11
-34
58
-26
-18
18
3
0
20
26
-42
-22
-42
16
6
-4
-19
-27
66
-50
24
22
-43
27
8
-32
33
14
21
-7
-13
9
27
5
-3
-16
9
35
7
6
-6
-24
-5
-19
14
17
-21
-25
-20
2
-15
7
-9
-22
38
-6
12
15
-21
-13
-43
1
12
-44
22
7
13
-23
-9
-29
-14
45
1
-16
9
48
-34
-11
3
-1
-11
3
4
53
8
-24
51
-49
39
12
-14
-28
-11
-2
-1
35
5
-4
10
10
-21
-10
-32
29
4
36
2
2
31
-40
-3
39
38
-18
-27
32
17
-5
-21
43
17
-68
23
-24
-32
-6
4
37
-18
14
-17
14
-33
9
4
-13
7
-10
35
-19
13
-8
-22
-37
21
19
1
23
-16
-18
38
-17
-18
19
-26
19
-15
10
-11
-47
23
-3
-19
-1
46
-26
3
17
-32
16
3
1
5
-7
10
13
-9
8
-22
22
1
20
-32
0
19
10
-5
-11
-20
33
11
12
10
-13
-18
-14
23
-8
10
-13
11
8
-12
14
16
-16
-10
11
-26
1
-15
3
13
-13
13
3
-19
-24
-1
22
-42
21
-6
-4
11
-6
-11
-4
17
11
27
-4
-1
-4
-26
-17
20
-48
13
12
-10
22
3
10
-20
-32
19
5
-13
11
1
11
-13
27
-22
-15
13
-6
-3
4
12
30
-7
32
-6
-12
23
-27
6
11
-15
31
-24
-9
2
-5
-10
-18
28
-11
36
13
7
36
-49
36
-22
-9
7
18
-10
13
28
-7
-10
2
32
-54
35
-30
-12
-15
6
15
-22
27
-24
-13
13
8
13
4
33
-30
-4
-6
-37
-14
30
7
-13
31
-5
8
3
-14
-5
-19
7
35
-44
18
27
-11
6
4
21
-4
-31
-17
-1
-18
-3
8
20
-14
7
-1
-34
0
-27
9
-11
-8
20
6
15
-17
0
1
-14
-17
7
23
10
5
32
-25
24
0
-24
10
-20
-15
7
47
-29
18
11
-10
-15
12
11
-41
15
-10
-7
19
7
-14
6
-6
-15
22
-14
2
8
5
-18
21
7
-20
12
-31
6
37
1
-1
-8
-1
-7
1
23
-13
-2
-20
28
-12
12
20
1
3
-6
-1
-6
-25
3
-1
-19
20
12
10
10
-3
23
11
-23
-6
16
-11
-25
1
4
9
5
1
-2
17
4
-9
-12
-3
-9
-2
9
19
12
21
-12
-9
-2
-6
5
-7
14
-10
14
-4
-37
22
-7
-21
-2
-21
20
-15
-3
26
20
-4
20
-9
3
-12
-11
9
-1
-9
-5
7
7
10
-25
0
-12
-10
9
14
7
-35
18
-10
-13
22
13
-27
17
31
-29
-6
-9
-21
25
1
-7
19
2
-5
6
11
-3
-24
0
0
-1
-6
3
-14
-15
3
-22
2
-2
-3
13
-5
-15
15
-18
-2
24
4
7
20
-8
5
4
1
7
-1
-8
6
25
1
16
-9
-3
1
5
-6
5
19
-23
-19
33
-7
-11
3
2
-15
8
20
-22
26
-1
-16
-17
-8
32
-8
-1
-4
-11
-1
-2
4
-20
-3
11
-5
20
-13
-4
-6
15
3
-16
32
-15
-7
20
-23
4
2
-9
12
-5
2
-9
21
2
-12
17
-11
4
-13
-18
3
6
13
-9
20
7
0
4
-14
-11
1
-18
15
0
8
17
9
5
-7
5
-8
10
-12
-2
5
-7
7
0
-2
6
4
-11
-5
7
-9
-5
4
-1
-2
-9
5
-7
-2
1
1
0
-5
8
-16
7
4
-7
14
-1
0
3
3
-4
-13
8
-6
-8
-6
-1
-11
0
12
15
3
0
-7
13
-17
-11
10
-16
-2
-3
-5
-3
8
8
13
-4
-6
6
-10
-14
-14
4
-3
5
5
4
3
9
-3
-1
2
8
5
12
8
-1
10
9
-7
1
-2
-14
1
-7
-1
-8
9
-13
-1
11
-24
7
3
-2
-7
10
-8
-4
16
2
8
6
6
-5
6
1
3
3
7
4
-4
11
-4
6
-9
6
4
-4
-4
-7
-12
-6
-3
-5
17
-6
5
-2
-8
-5
1
-15
-4
5
2
12
2
5
12
0
4
7
-10
5
-5
-4
-2
-2
-3
-3
3
-1
9
-12
-2
-6
-2
2
-7
3
2
-5
2
-5
5
-5
4
5
1
-3
-2
4
3
0
-12
4
-4
6
1
0
11
1
1
5
-3
-3
-1
-2
-5
7
1
2
-3
1
4
-1
-6
9
5
6
10
-2
-4
-4
-4
-6
3
3
3
6
2
-9
-7
-12
-4
0
7
-10
8
8
0
-3
0
-3
-12
-6
1
-6
-1
-1
4
3
-6
6
-1
-5
0
-1
-6
6
4
2
3
0
2
5
1
6
3
2
-6
5
-5
-7
5
-2
4
-3
4
0
6
-1
-5
3
-3
-2
-4
5
-1
0
8
-3
6
-4
-1
0
-6
2
-2
3
-1
1
2
-1
-2
-6
-4
-3
1
-1
6
5
3
0
6
1
-1
6
2
0
0
0
0
-2
-2
-4
-4
1
-4
0
-1
3
1
-6
0
-1
0
-3
3
1
0
2
1
-1
-1
-2
0
-1
-1
-1
-1
0
1
1
-2
4
1
-2
2
-3
-3
-1
-3
4
-1
5
3
2
3
-3
-1
-3
-4
0
2
0
4
5
3
3
3
3
-3
-2
-3
-4
-2
-2
2
1
4
1
1
-3
-1
-3
-5
-4
-2
0
0
1
4
1
0
3
-1
-1
-3
-2
-2
-2
-1
0
1
0
-1
0
-2
-5
-2
0
0
3
4
4
3
4
2
-1
3
-1
1
2
-1
1
2
-1
-1
-1
1
-3
-3
-1
-4
-4
-1
-2
1
-2
1
-1
1
-2
-2
2
-3
5
0
6
3
3
2
0
0
1
-3
2
-1
-2
-2
0
-3
-2
1
-3
2
0
1
0
1
1
0
2
1
0
1
2
-1
3
3
1
1
3
-1
0
-1
-1
0
-3
4
-1
1
-2
-1
-1
-3
-1
-1
-1
-1
1
0
-1
0
1
-1
-1
2
-1
1
2
1
1
2
1
-1
-1
-3
-4
-3
-1
-2
2
2
3
3
2
-1
-3
-2
-4
-3
0
1
2
5
3
1
0
0
-3
-4
0
-3
1
1
1
1
1
0
1
2
1
2
0
4
-2
2
0
1
0
1
-1
0
-2
-1
-1
-1
0
-1
0
0
-1
-1
-1
0
0
0
0
0
1
-1
2
0
1
0
1
0
0
0
0
-1
0
0
0
-1
1
-1
-1
-1
-2
-2
-3
-1
0
0
0
2
1
0
-1
-1
-4
-4
-4
-2
-2
1
2
3
3
2
0
0
0
-1
0
1
1
1
2
1
0
0
0
-1
0
-1
0
0
0
-1
-1
-1
-1
-1
0
1
1
1
1
2
2
1
0
1
1
1
2
2
2
2
2
2
3
1
1
0
0
-1
-1
0
-1
0
0
0
1
-1
0
-1
-1
-1
-1
1
2
2
2
2
0
0
0
0
0
0
1
1
2
1
0
-1
-2
-3
-2
-2
-2
-2
0
1
1
1
1
1
-1
-1
-1
-2
-2
-2
-2
-1
-1
0
0
1
1
0
-1
-1
-2
-3
-2
-1
-1
0
0
0
0
1
1
0
0
0
1
0
1
1
2
1
1
1
0
0
1
1
1
0
0
0
0
0
0
1
0
1
2
1
0
0
-1
0
0
1
0
1
1
0
-1
-1
-1
-2
0
-1
0
1
1
1
1
1
0
0
0
1
0
1
2
2
2
2
1
1
0
0
0
0
0
-1
0
0
0
0
0
0
1
1
0
0
0
-1
-1
-1
-1
-1
0
0
0
0
0
0
0
-1
0
0
0
-1
-1
0
-1
-1
-1
-1
-1
0
-2
0
-1
-1
-1
0
1
0
1
1
1
2
1
1
2
1
1
1
0
0
1
0
0
0
0
-1
0
-1
-1
0
0
-1
0
-1
0
0
0
-1
0
0
1
0
0
0
1
1
0
-1
0
-1
-1
-1
0
-1
0
0
1
0
0
1
0
0
0
0
0
0
0
1
1
1
1
0
0
-1
0
-1
-1
-1
-1
-2
-1
-1
-1
0
0
-1
-1
0
0
0
0
0
1
1
2
1
1
1
1
1
1
1
1
0
0
-1
0
0
-1
-1
-1
-1
-1
-1
-1
-1
-1
0
0
0
0
0
0
0
1
1
1
2
1
1
1
2
1
0
0
0
-1
1
1
-1
-1
-1
0
-1
-1
-1
0
-1
-1
-1
0
-1
-1
0
0
0
0
1
0
1
0
1
0
0
0
0
0
0
0
0
0
0
0
-1
-1
-1
-1
0
0
0
0
0
0
0
1
0
1
-1
0
0
0
0
0
1
0
1
1
0
0
0
0
-1
0
0
0
-1
0
0
0
-1
0
-1
0
0
0
0
0
-1
0
0
1
0
1
0
0
0
0
0
0
0
0
0
0
-1
-1
0
0
0
0
0
1
0
0
0
0
-1
-1
0
0
0
1
0
0
0
0
0
0
0
0
0
-1
1
0
1
0
0
0
-1
-1
0
0
0
-1
0
0
0
1
0
0
0
0
0
0
1
0
0
0
-1
0
0
1
0
0
0
0
0
0
0
0
0
0
0
-1
1
1
0
1
1
1
1
0
0
0
-1
1
0
0
0
0
0
1
1
1
0
0
-1
0
0
0
-1
-1
-1
0
0
0
-1
0
-1
0
-1
0
0
-1
-1
0
0
-1
1
0
1
1
1
1
1
1
1
1
0
0
1
0
1
1
0
0
0
1
-1
-1
-1
-1
-1
0
-1
-1
0
0
0
0
0
0
-1
0
0
0
0
0
0
0
1
0
0
0
0
0
0
0
0
0
1
0
0
-1
1
0
-1
-1
-1
0
0
0
1
-1
0
0
-1
-1
0
0
0
0
1
0
1
1
0
0
0
0
0
0
0
0
1
0
1
1
1
0
0
0
0
0
-1
-1
0
-1
0
0
-1
1
0
-1
-1
-1
0
-1
0
0
1
1
1
1
0
0
-1
0
0
0
0
0
0
0
-1
0
0
0
-1
-1
0
-1
-1
-1
0
1
0
1
1
2
0
1
0
0
0
1
0
0
0
0
0
1
0
0
0
0
-2
0
0
-1
0
0
0
0
1
0
1
1
0
0
0
0
0
-1
1
-1
1
0
0
0
0
0
0
0
0
-1
0
0
1
0
0
1
0
0
1
0
0
0
1
1
1
0
0
1
0
-1
0
0
0
-1
0
0
0
0
-1
-1
0
-1
0
0
0
-1
0
0
-1
1
0
0
1
0
0
0
1
1
0
1
0
0
0
0
1
0
0
-1
-1
0
0
0
-1
-1
0
-1
1
0
0
1
0
0
0
1
1
0
1
0
-1
0
0
0
1
0
1
0
-1
-1
0
-1
0
0
0
0
-1
0
0
-1
-1
0
0
0
-1
0
1
1
0
1
0
0
1
1
0
1
0
0
0
0
0
1
0
0
0
0
0
-1
1
0
-1
0
-1
0
0
-1
-1
-1
0
-1
0
-1
0
0
0
0
0
-1
0
0
0
1
1
1
1
0
0
0
0
0
1
0
1
1
-1
0
0
0
0
0
0
0
-1
0
-1
0
-1
0
-1
-1
0
0
0
0
0
0
0
-1
0
0
0
0
0
0
-1
0
0
0
1
0
0
0
0
-1
0
0
0
0
-1
0
0
0
0
0
0
0
0
-1
0
0
1
0
0
0
1
1
0
0
0
0
0
0
1
1
1
1
1
1
0
-1
0
0
0
-1
-1
0
0
0
0
0
0
0
0
0
-1
0
0
0
0
0
0
0
0
0
0
0
1
1
1
1
-1
0
0
0
0
0
0
1
-1
-1
0
0
0
0
0
1
0
-1
0
0
0
0
0
0
0
0
-1
0
0
0
0
1
0
0
0
0
0
-1
1
1
0
0
0
0
1
0
0
0
0
0
0
0
0
0
0
0
0
1
0
0
0
0
0
0
1
0
0
0
0
0
0
0
0
1
0
1
0
-1
0
0
0
0
-1
0
0
0
0
0
0
-1
0
0
-1
0
0
0
-1
1
0
0
0
0
0
0
0
0
0
0
0
0
0
-1
0
-1
0
0
0
0
0
0
0
0
0
1
0
0
0
0
0
0
0
0
0
0
0
1
0
0
0
0
0
0
0
0
0
-1
0
0
1
0
0
0
0
0
0
0
1
0
0
0
0
0
0
-1
0
1
0
0
0
0
0
0
0
0
-1
0
0
0
0
0
0
0
0
1
0
-1
0
1
0
0
-1
0
0
0
0
-1
0
0
0
0
1
0
0
0
0
0
0
0
0
-1
0
0
0
0
0
0
0
0
0
1
0
0
0
0
0
1
0
0
1
0
1
-1
0
0
0
0
0
0
0
0
-1
0
-1
-1
0
0
0
0
0
0
0
0
0
0
-1
0
-1
0
0
0
0
0
0
-1
0
0
0
0
0
0
0
0
0
0
0
0
0
0
0
0
0
1
1
0
-1
0
0
0
0
0
0
0
0
0
0
0
0
0
0
0
0
1
0
0
0
0
0
1
0
0
0
0
0
0
0
-1
-1
0
0
0
0
0
-1
-1
0
0
0
-1
1
0
0
-1
0
0
0
0
0
0
0
0
0
0
0
0
0
0
0
0
1
0
0
-1
0
0
0
0
0
0
1
0
0
-1
-1
0
0
0
0
-1
0
0
0
0
0
1
0
0
1
0
1
0
0
0
0
0
0
-1
0
0
0
0
0
0
1
0
0
0
0
0
0
-1
-1
0
-1
0
0
0
0
0
0
0
0
0
0
0
0
0
0
-1
0
0
0
0
1
0
0
0
0
0
0
0
0
0
0
-1
1
-1
0
0
0
0
0
0
0
0
1
0
1
0
0
0
1
-1
0
0
0
0
0
0
0
0
0
0
-1
0
0
0
0
1
1
0
1
0
0
0
0
0
0
0
0
0
0
-1
-1
-1
-1
0
0
0
0
0
-1
0
0
0
0
0
-1
0
-1
0
1
0
0
1
0
0
-1
0
-1
0
0
0
-1
0
1
-1
0
0
0
0
-1
0
1
0
-1
1
1
0
1
-1
0
0
1
0
0
-1
1
0
0
1
0
0
0
0
1
0
0
0
0
1
0
-1
0
-1
0
1
0
1
-1
0
1
0
0
0
0
0
-1
0
0
0
0
0
0
0
0
0
0
-1
0
1
0
1
0
-1
0
0
1
0
0
0
0
0
0
-1
0
-1
0
0
0
0
0
0
0
1
0
1
0
0
0
0
0
-1
0
0
0
0
0
-1
0
0
0
0
0
0
1
0
0
0
0
1
0
0
0
0
0
0
0
0
0
-1
0
1
0
0
0
0
0
0
0
0
0
0
0
0
0
0
0
0
1
0
0
0
-1
0
0
0
1
0
0
0
-1
0
0
0
0
1
1
0
1
0
0
-1
0
-1
0
0
0
0
0
0
0
0
0
0
0
0
0
1
0
0
0
0
0
0
0
0
0
0
0
0
0
0
0
0
0
0
1
0
0
0
1
0
0
0
0
0
0
0
0
1
1
0
0
1
0
0
0
0
0
1
0
0
-1
1
0
-1
-1
0
0
0
0
0
1
0
1
0
0
0
1
0
-1
0
-1
0
0
-1
0
0
0
-1
0
0
0
0
0
0
0
0
1
-1
0
0
0
0
-1
0
0
0
0
0
1
0
0
0
0
0
0
0
0
1
1
0
0
0
0
0
0
0
0
0
1
0
-1
0
0
0
0
0
0
0
0
0
0
1
0
1
1
1
0
0
0
0
0
0
0
0
0
0
0
0
-1
0
0
0
-1
0
-1
0
0
0
0
0
0
0
-1
1
0
1
0
0
0
0
1
1
0
-1
0
1
-1
0
0
0
0
0
0
0
0
0
0
0
0
0
1
-1
0
0
0
0
0
0
0
-1
0
-1
0
0
0
0
0
-1
0
1
0
0
0
1
0
0
0
0
0
0
0
0
0
0
0
0
0
0
1
0
1
0
-1
-1
-1
0
0
0
0
0
0
0
-1
0
0
1
-1
0
1
0
0
0
0
0
0
0
-1
0
0
0
0
0
0
0
0
0
0
0
0
0
