0
0
0
0
0
0
0
1
0
0
0
0
0
0
1
0
0
0
0
0
0
0
0
0
0
1
0
-1
0
0
0
0
-1
0
0
0
0
0
0
-1
0
0
-1
0
0
0
-1
1
0
0
0
0
0
0
0
0
0
0
0
0
0
-1
0
-1
0
0
0
0
0
0
0
0
0
1
0
0
0
0
0
0
0
0
0
0
0
1
0
0
0
0
0
0
0
0
0
-1
0
0
1
0
0
0
0
0
0
0
1
0
0
0
0
0
0
-1
0
1
0
0
0
0
0
0
0
0
-1
0
0
0
0
0
0
0
0
1
0
-1
0
1
0
0
-1
0
0
0
0
-1
0
0
0
0
1
0
0
0
0
0
0
0
0
-1
0
0
0
0
0
0
0
0
0
1
0
0
0
0
0
1
0
0
1
0
1
-1
0
0
0
0
0
0
0
0
-1
0
-1
-1
0
0
0
0
0
0
0
0
0
0
-1
0
-1
0
0
0
0
0
0
-1
0
0
0
0
0
0
0
0
0
0
0
0
0
0
0
0
0
1
1
0
-1
0
0
0
0
0
0
0
0
0
0
0
0
0
0
0
0
1
0
0
0
0
0
1
0
0
0
0
0
0
0
-1
-1
0
0
0
0
0
-1
-1
0
0
0
-1
1
0
0
-1
0
0
0
0
0
0
0
0
0
0
0
0
0
0
0
0
1
0
0
-1
0
0
0
0
0
0
1
0
0
-1
-1
0
0
0
0
-1
0
0
0
0
0
1
0
0
1
0
1
0
0
0
0
0
0
-1
0
0
0
0
0
0
1
0
0
0
0
0
0
-1
-1
0
-1
0
0
0
0
0
0
0
0
0
0
0
0
0
0
-1
0
0
0
0
1
0
0
0
0
0
0
0
0
0
0
-1
1
-1
0
0
0
0
0
0
0
0
1
0
1
0
0
0
1
-1
0
0
0
0
0
0
0
0
0
0
-1
0
0
0
0
1
1
0
1
0
0
0
0
0
0
0
0
0
0
-1
-1
-1
-1
0
0
0
0
0
-1
0
0
0
0
0
-1
0
-1
0
1
0
0
1
0
0
-1
0
-1
0
0
0
-1
0
1
-1
0
0
0
0
-1
0
1
0
-1
1
1
0
1
-1
0
0
1
0
0
-1
1
0
0
1
0
0
0
0
1
0
0
0
0
1
0
-1
0
-1
0
1
0
1
-1
0
1
0
0
0
0
0
-1
0
0
0
0
0
0
0
0
0
0
-1
0
1
0
1
0
-1
0
0
1
0
0
0
0
0
0
-1
0
-1
0
0
0
0
0
0
0
1
0
1
0
0
0
0
0
-1
0
0
0
0
0
-1
0
0
0
0
0
0
1
0
0
0
0
1
0
0
0
0
0
0
0
0
0
-1
0
1
0
0
0
0
0
0
0
0
0
0
0
0
0
0
0
-1
1
0
0
0
-1
0
0
0
1
0
0
0
-1
0
0
0
0
1
1
0
1
0
0
-1
0
-1
0
0
0
0
0
0
0
0
0
0
0
0
0
1
0
0
0
0
0
0
0
0
0
0
0
0
0
0
0
0
0
0
1
0
0
0
1
0
0
0
0
0
0
0
0
1
1
0
0
1
0
0
0
0
0
1
0
0
-1
1
0
-1
-1
0
0
0
0
0
1
0
1
0
0
0
1
0
-1
0
-1
0
0
-1
0
0
0
-1
0
0
0
0
0
0
0
0
1
-1
0
0
0
0
-1
0
0
0
0
0
1
0
0
0
0
0
0
0
0
1
1
0
0
0
0
0
0
0
0
0
1
0
-1
0
0
0
0
0
0
0
0
0
0
1
0
1
1
1
0
0
0
0
0
0
0
0
0
0
0
0
-1
0
0
0
-1
0
-1
0
0
0
0
0
0
0
-1
1
0
1
0
0
0
0
1
1
0
-1
0
1
-1
0
0
0
0
0
0
0
0
0
0
0
0
0
1
-1
0
0
0
0
0
0
0
-1
0
-1
0
0
0
0
0
-1
0
1
0
0
0
1
0
0
0
0
0
0
0
0
0
0
0
0
0
0
1
0
1
0
-1
-1
-1
0
0
0
0
0
0
0
-1
0
0
1
-1
0
1
0
0
0
0
0
0
0
-1
0
0
0
0
0
0
0
0
0
0
0
0
0
0
0
0
0
0
0
0
0
0
1
0
1
0
0
0
1
0
0
-1
1
0
-1
0
0
-1
0
0
0
0
-1
0
0
0
0
1
0
0
0
1
0
0
1
-1
0
0
0
0
0
0
-1
0
1
0
0
0
1
-1
0
0
0
-1
0
0
0
-1
0
1
0
-1
0
0
-1
-1
0
0
0
0
-1
-1
-1
0
0
0
0
0
0
0
0
0
1
0
-1
0
1
0
1
0
0
0
-1
0
0
0
0
0
0
-1
1
0
0
0
0
1
0
0
0
-1
0
1
0
0
0
0
0
0
0
0
0
0
-1
1
-1
0
1
0
0
0
0
0
0
0
0
0
0
0
0
0
0
0
1
0
0
0
0
-1
1
0
0
0
0
0
0
0
0
0
0
0
0
-1
0
0
0
-1
0
0
1
1
0
0
0
0
-1
0
1
0
-1
0
0
0
0
-1
0
0
0
0
0
-1
-1
0
0
0
0
1
0
0
0
0
-1
0
0
0
0
0
0
0
0
1
0
-1
0
0
-1
0
0
0
0
0
0
0
0
0
0
0
1
0
0
0
0
-1
-1
0
-1
0
0
0
-1
0
0
0
0
1
1
-1
0
0
-1
-1
0
0
-1
0
0
-1
0
0
-1
1
-1
0
0
-1
0
0
0
0
0
0
0
1
0
0
-1
1
1
0
0
0
0
0
0
0
0
0
1
0
0
0
0
0
0
-1
0
0
-1
0
0
1
0
0
1
0
0
0
1
0
0
0
0
0
0
1
-1
0
0
0
1
0
-1
0
0
0
0
0
-1
0
0
0
0
1
0
0
1
0
0
0
1
0
0
0
0
0
1
0
0
0
0
0
0
0
1
0
0
0
0
-1
0
0
-1
-1
0
-1
0
0
0
1
1
0
0
0
-1
1
0
0
0
0
1
0
1
0
0
1
1
0
0
0
0
0
-1
0
0
0
-1
0
0
1
0
0
0
0
1
0
1
0
0
0
0
-1
0
0
0
0
0
-1
0
0
0
1
1
0
0
-1
0
0
1
0
0
-1
1
0
0
0
0
-1
0
0
0
0
0
0
0
0
0
0
0
1
0
0
0
-1
0
1
0
0
1
-1
0
-1
-1
0
0
0
0
0
0
0
0
-1
0
-1
1
0
1
1
0
0
0
0
0
0
0
0
0
0
0
0
0
0
1
0
-1
0
0
0
0
0
0
-1
0
0
-1
0
0
0
0
0
0
0
1
1
0
0
0
0
0
0
0
-1
0
0
0
0
0
0
-1
-1
0
0
0
0
0
1
0
1
-1
0
0
-1
0
0
0
1
0
0
0
0
0
0
0
1
0
1
0
0
0
-1
-1
0
0
0
0
1
0
-1
0
0
0
0
1
0
-1
0
0
0
0
0
1
0
0
0
0
0
0
0
0
0
0
1
0
0
0
0
0
0
0
0
0
0
0
0
0
-1
-1
0
0
0
0
0
0
-1
0
0
-1
0
0
0
0
0
0
0
0
0
0
0
0
0
0
0
0
0
-1
0
0
1
0
0
-1
1
0
0
0
0
0
0
0
0
0
0
-1
1
0
0
-1
0
0
0
1
0
-1
0
0
0
0
0
0
0
1
-1
0
-1
0
-1
-1
0
0
0
1
0
0
0
0
0
1
0
-1
-1
0
0
0
0
0
0
0
-1
0
-1
0
0
0
0
0
0
1
0
0
0
0
0
-1
-1
0
0
0
0
0
0
1
0
1
0
0
0
0
-1
0
0
0
-1
0
0
0
0
0
0
0
0
-1
0
0
0
0
0
1
0
-1
0
1
0
0
-1
-1
0
0
0
0
0
1
0
0
0
0
0
0
0
1
0
1
0
0
0
1
0
0
0
0
0
-1
0
0
0
0
0
0
-1
0
0
-1
0
0
0
0
0
0
0
0
0
0
1
0
1
0
0
1
0
0
1
0
0
1
0
0
1
0
0
0
0
0
0
0
0
0
0
0
1
0
0
-1
0
0
0
0
-1
0
0
1
1
0
0
0
-1
0
0
0
0
0
0
1
0
0
-1
0
0
0
0
-1
0
1
0
0
0
0
0
0
0
0
1
0
0
0
0
0
0
1
0
0
0
0
0
0
1
0
0
1
0
0
0
1
0
1
0
0
1
-1
0
-2
1
-1
1
0
0
1
-1
1
-1
0
0
0
-2
2
0
-2
3
0
-1
1
0
1
1
2
-1
-1
0
0
-2
0
1
-2
2
2
-1
-1
1
0
-2
0
1
0
-3
2
2
-3
2
1
0
1
1
-2
2
-2
-1
0
-1
-1
3
0
1
2
0
-2
-2
1
-2
-2
3
3
-2
2
3
-3
0
-3
2
1
-5
2
2
2
-4
8
-1
1
-6
1
4
-7
2
4
2
-6
4
2
-3
1
0
2
-4
0
-2
6
0
-2
5
-5
-4
-3
0
-1
3
4
1
2
-3
0
-1
-1
-3
4
-4
-2
1
4
-5
7
3
-5
4
-3
4
-11
8
0
0
-5
8
-1
-8
4
-2
4
-9
10
2
1
-10
6
6
-16
2
5
2
-9
7
7
-2
-4
4
7
-9
-7
6
-1
-8
5
3
1
0
1
1
2
-2
-4
2
-3
-6
1
4
2
0
7
-2
-4
1
-6
2
-1
5
2
-2
8
-10
1
-3
10
-14
9
3
-11
3
-6
7
-4
11
4
3
0
-2
-10
-6
-4
-1
-5
17
10
4
0
9
-14
-19
5
-6
-3
3
22
-4
-1
9
-1
-13
-4
6
-12
0
6
6
-2
5
8
-3
-6
-4
2
-12
2
4
6
11
-5
6
-2
-6
-7
0
5
-2
-5
14
0
-6
4
10
-9
-5
2
-2
-2
-6
10
-8
7
-4
-1
12
-6
6
4
6
-8
-4
3
-9
-1
-4
6
12
-7
9
8
-16
-13
2
-6
-6
12
3
7
8
-5
12
2
-10
8
-5
-16
-4
-2
-1
-10
10
14
-1
17
5
0
-19
9
-20
0
-9
3
1
-2
3
23
5
-7
15
-8
-9
-1
1
-3
-5
6
1
0
-12
13
-4
5
12
-13
-2
-10
2
-5
2
19
-6
-11
17
-14
-3
11
7
17
-8
-5
22
-29
-25
12
-7
17
12
1
13
-16
-18
-10
-1
4
-20
-2
13
9
18
30
13
0
-5
-1
-40
-18
-23
20
-6
0
51
-24
-13
-1
20
-26
28
13
-17
7
16
-9
-5
20
-4
-39
-2
-2
-39
16
38
-18
-14
44
14
-57
20
33
-16
-22
48
0
-27
11
-18
-16
4
3
20
1
-6
21
-11
-36
9
1
-43
-6
32
-2
11
48
27
-20
10
10
-65
-7
13
-37
11
69
-8
-15
33
-11
-68
-11
27
-12
-10
31
-1
-12
9
8
-41
-21
19
-5
27
39
30
-5
1
-27
-13
-4
-25
18
-11
5
-25
20
8
26
30
15
-6
-27
-17
-45
4
-28
0
18
3
11
30
2
13
16
-19
-37
-3
-44
30
-17
33
23
19
39
-14
8
-20
-14
-71
17
-6
6
22
41
40
-56
4
22
-67
-11
14
-13
-7
-19
78
-22
-13
19
10
7
-19
18
-8
-39
16
-4
-6
32
19
-15
43
-51
15
-15
-2
-2
-8
4
-23
23
-1
49
-28
19
-25
-7
-15
6
11
0
-24
40
6
-37
-9
0
-17
-45
80
2
-1
17
33
29
-71
12
3
-1
-11
17
-32
-26
-14
11
-15
25
41
15
-19
52
-77
-33
31
-17
0
39
107
-121
45
-34
-23
-56
49
-5
7
17
76
-2
-33
-23
-15
-46
-79
141
-63
35
86
-27
-10
5
-7
-102
10
13
-29
24
103
-7
9
11
9
-66
-33
0
-28
-12
-25
128
-43
31
-4
-12
48
-100
63
-46
-2
-23
-32
129
-169
143
5
22
48
-79
79
-120
62
-78
15
-23
-2
42
4
24
-27
22
-20
-25
12
50
-48
33
-20
35
-23
13
13
-53
117
-68
-32
-12
95
-142
-13
97
-95
46
-33
170
-170
37
94
-155
143
-52
55
23
-127
119
-116
58
-45
-8
70
-38
51
-8
-21
-5
-44
12
71
-73
24
-11
58
-99
69
-18
-65
-1
66
0
-23
57
-13
-12
-5
-34
52
-71
86
-20
-11
139
-203
98
-75
74
-92
34
46
-72
97
-111
140
-109
0
37
1
-9
-24
48
-106
55
-5
-23
109
-38
89
-109
95
-138
30
-7
15
32
-28
21
10
-14
-62
47
30
-43
34
-5
-29
15
-37
58
-79
64
-14
24
16
-57
86
-37
-54
86
-64
22
-111
128
-74
44
25
-10
37
-111
115
-124
74
-64
70
-25
-80
228
-195
179
-105
51
-49
-66
-2
-119
151
-66
77
-8
152
-108
62
21
-74
-8
-71
63
-205
168
-23
37
86
-19
-6
-23
36
-73
-13
-72
41
-37
42
12
75
-79
10
42
-25
7
14
18
-40
30
49
-61
-38
59
-49
19
-31
30
17
-44
50
16
-64
15
71
-97
-4
30
7
-38
14
93
-48
-16
78
-3
-38
-46
0
-58
41
-25
69
-4
85
-109
79
6
-59
-20
-13
-57
-39
44
-7
115
-46
97
-72
24
-7
-82
13
-38
35
28
91
-49
25
6
-87
38
-52
80
-80
-11
65
96
-135
36
111
-102
-57
-19
73
-143
23
1
131
-115
80
118
-87
39
-65
80
-202
101
35
-41
69
19
26
-51
35
-103
15
-66
48
-23
92
-47
29
8
-100
-30
34
16
9
114
47
-38
-4
-63
-31
-45
-29
84
63
4
-38
131
-138
13
-87
50
-76
-21
63
-54
122
-92
105
48
-2
-86
3
58
-114
51
-4
92
-85
-50
63
0
-91
95
59
-10
-107
140
-81
-109
62
-80
153
-120
176
-78
38
-40
15
-9
-10
6
-71
69
-55
-21
-33
129
-75
55
-31
83
-132
127
-165
184
-62
4
1
-27
12
-63
81
-56
4
27
-20
17
40
-28
-58
21
27
-17
77
20
-31
-39
6
-10
-36
-58
2
73
-66
38
62
-39
61
-17
118
-107
48
15
-169
38
-120
106
-83
167
-9
42
30
-26
-46
-3
28
-185
120
-22
-17
-74
173
-22
-90
146
-32
0
-53
96
-158
77
-80
-39
28
-2
69
-38
132
-159
135
-56
-1
127
-82
106
-122
38
-155
24
-36
20
14
70
104
-129
102
-34
-29
-98
86
-87
-3
-1
25
57
21
-26
27
123
-63
-60
104
-193
-102
144
-4
-2
35
-14
108
-26
-42
45
-107
-45
-72
171
-83
48
56
-20
49
-54
103
-119
-64
-39
12
71
-83
167
12
-111
127
-75
-99
138
-65
-31
8
7
-67
60
174
-262
243
-49
-156
181
-135
15
-40
96
-59
48
66
-71
-63
42
-84
111
-114
145
28
-94
-19
-15
-61
-1
-6
162
-110
100
78
-146
46
-88
-10
74
22
20
-12
53
-16
5
-37
-57
-23
-52
17
79
51
3
-21
11
-59
-78
100
-20
-101
85
32
32
18
67
-24
-127
3
8
-77
72
22
-27
-29
133
-63
43
-5
79
-118
-23
33
-53
56
-147
69
14
58
34
43
-21
-127
55
-56
16
17
7
15
44
34
-33
54
-121
16
-21
-29
78
-24
56
-87
110
-61
-56
80
-80
30
-53
134
-134
99
-11
-18
71
-117
86
-82
-23
14
91
-34
62
-2
-37
35
-67
65
-42
-155
168
-119
112
-8
22
21
-160
201
-161
-23
73
-57
58
118
-140
102
-46
-189
170
-15
-61
123
100
-219
43
145
-261
230
-8
-104
75
-115
124
-197
171
-46
-72
102
15
75
-143
164
-71
-108
80
-45
-69
-95
208
-173
211
-10
42
0
-97
-18
-147
116
-87
75
79
-19
42
96
-33
111
-143
-110
13
-129
-20
-35
136
10
156
26
-35
43
-12
-110
-119
98
-95
-26
180
13
10
147
-172
130
-247
-35
117
-122
134
-30
25
4
15
-70
109
-186
101
-1
-88
207
-146
62
-60
61
-63
86
-15
-136
164
-101
147
-135
21
13
-162
202
-88
88
-54
118
-77
16
-100
-12
-18
-28
129
-81
224
-150
56
67
-9
-82
77
-117
-58
115
-149
130
-119
70
-47
91
-150
119
0
-181
283
-163
151
-57
19
9
-139
-19
-78
117
-35
128
26
156
-169
61
-19
-129
31
-67
116
-232
279
-121
5
22
-16
139
-166
176
-218
159
-187
109
-157
13
45
-16
213
-184
300
-292
138
-93
35
141
-135
135
-59
71
-132
54
-78
58
16
-127
96
-95
59
-45
45
-190
29
34
-29
56
85
135
-232
331
-259
101
76
-254
193
-88
137
-177
242
-132
-13
64
-234
90
7
43
-160
163
-106
62
-15
-117
199
-147
150
-64
163
-128
57
-84
-145
206
-213
188
29
-22
-39
26
98
-191
94
-60
-39
65
-43
67
-22
41
42
15
-39
-30
62
-58
-19
3
-47
58
-94
28
86
-52
66
9
65
-93
-101
21
-15
-48
-48
-116
261
-69
72
104
91
-84
-49
131
-21
-82
-143
89
-58
-47
38
109
-18
45
-64
-77
40
-240
113
-33
73
2
221
-85
79
-50
-86
-99
-112
209
-160
266
65
-5
-45
100
-110
-47
-72
34
-102
-71
99
-90
319
-208
6
105
-57
-40
-23
110
-63
-11
2
-148
216
-196
183
140
-113
-34
-160
141
-193
106
161
-91
104
-21
-93
61
-141
34
59
-76
11
70
108
-199
112
-14
-84
-14
101
-171
-42
107
87
76
4
-15
-41
137
-338
289
-92
-122
425
-174
21
57
-184
-3
-27
-31
-67
49
-108
8
145
9
-114
-21
-73
-127
211
-162
261
3
-52
137
-191
141
-66
79
-74
168
83
-223
321
-222
-173
169
-100
-18
223
-93
-7
198
-208
62
-152
41
-245
-31
20
-192
429
-285
337
-128
138
-103
-88
107
-160
103
30
105
-128
176
-72
-48
168
-130
-55
-1
106
-161
253
-294
116
-53
-159
196
-283
346
-245
217
96
-91
300
-217
23
24
-143
-61
-8
62
-88
182
-89
49
102
-255
176
-116
-115
34
-233
152
21
-61
177
-110
88
4
121
96
-124
243
-30
-66
101
-148
-138
-4
-76
-23
55
155
-60
251
-246
-48
-118
112
-169
5
22
-220
183
-106
275
-44
97
31
95
93
-127
265
-232
-23
64
-56
-7
-125
299
-329
55
247
-328
227
-156
-152
-2
-237
50
-151
389
-209
228
171
-185
102
-135
-16
46
-23
-16
151
-48
50
-56
105
-106
-27
153
-120
94
-53
-47
9
-6
67
-216
231
-112
-9
-2
108
-26
-87
175
-175
305
-450
418
-179
84
-13
39
32
-58
71
-100
197
-396
145
-85
39
-86
56
-34
14
65
-171
315
-174
1
41
61
-126
69
-62
-80
211
-298
279
-109
119
-206
290
42
-268
360
-471
474
-547
352
-337
252
21
-280
621
-633
643
-641
541
-245
-143
178
-299
357
-400
400
-386
578
-504
262
-42
-88
159
-373
512
-500
307
-369
440
-295
276
-99
-30
268
-555
603
-623
579
-439
151
170
-297
363
-401
400
-236
57
-16
140
-314
207
-207
145
19
-146
403
-270
241
-310
278
-289
17
10
-145
174
-244
301
-90
55
-12
-52
157
-152
10
197
-253
97
53
-67
85
-25
-56
78
-34
-26
73
161
-134
88
90
-214
113
-249
250
-102
-57
1
161
-362
152
21
-116
228
-261
216
-42
-117
-56
151
-30
-32
96
-49
-28
136
-72
36
52
-203
247
-238
229
-277
231
-129
133
-32
-227
432
-525
558
-420
267
16
-131
154
-239
364
-481
396
-310
122
9
-186
320
-367
342
-298
122
65
-234
223
-180
1
160
-5
23
61
-34
303
-466
418
-264
-60
127
-202
392
-515
512
-488
252
146
-424
461
-367
94
79
-11
42
-150
143
-218
190
-75
-123
109
-47
6
103
-123
66
123
-178
82
-24
-21
-166
267
-106
75
1
-55
150
-126
-53
139
-233
277
-308
279
-201
110
60
-89
194
-289
133
-95
153
-268
334
-292
261
-257
230
-166
-21
186
-236
310
-254
204
-181
79
16
-2
47
-76
111
12
-131
135
-96
65
-38
54
-47
62
-107
84
-68
19
13
19
20
-200
217
-153
-23
34
-95
245
-285
315
-166
13
157
-319
394
-277
-56
158
-113
176
-258
278
-148
54
46
-85
121
-121
-16
75
55
-185
205
-273
312
-273
157
60
-227
260
-160
6
104
-126
26
76
-77
26
-72
95
-96
37
-10
-89
126
-76
127
-246
323
-169
-31
152
-214
309
-400
419
-291
99
106
-144
193
-336
358
-401
464
-359
146
11
-205
291
-218
231
-305
393
-490
486
-428
241
-113
308
-331
110
154
-487
678
-637
451
-308
212
-199
41
221
-352
472
-545
577
-590
418
-130
-3
180
-376
476
-473
510
-493
355
-147
-96
162
-188
165
-86
-13
161
-65
4
-59
62
-20
-165
323
-392
354
-183
-103
294
-339
283
-53
-127
192
-145
-39
12
89
-186
77
155
-228
399
-244
-12
90
-60
-50
58
-82
-125
276
-386
260
162
-323
158
12
-68
73
-157
158
-55
-95
131
-100
98
-87
182
-122
157
-113
74
-50
114
-132
34
84
-303
418
-376
315
-210
127
-111
71
48
-221
311
-388
234
-136
3
69
-232
400
-445
359
9
-262
304
-88
-97
181
-88
-212
383
-254
18
220
-89
-136
189
-146
-186
415
-524
402
-133
-146
320
-399
442
-396
206
-2
-178
474
-545
343
-28
-103
168
-101
131
-216
177
-210
180
-19
-103
104
-82
187
-470
556
-306
-3
211
-370
344
-303
27
292
-338
341
-263
147
123
-447
618
-413
233
-25
-217
248
-233
252
-288
401
-399
89
240
-495
368
-181
77
89
64
-365
433
-178
-14
231
-465
403
-450
429
-246
219
-313
227
-35
-76
209
-277
337
-481
562
-574
363
-44
-176
430
-499
316
-190
82
10
117
-192
134
-4
-83
159
-361
464
-444
270
-113
22
78
-195
215
-162
133
-141
227
-193
46
126
-285
276
-196
84
185
-413
456
-417
146
144
-314
422
-391
277
-113
-2
92
-192
77
-15
108
-48
132
-187
260
-277
93
31
-86
143
-133
150
-63
-92
233
-267
97
31
-222
441
-375
132
54
-91
-54
-7
149
-113
169
-108
-5
107
-364
375
-310
104
8
-80
215
-121
140
-139
134
-151
13
88
-65
156
-208
184
-170
-76
108
-2
10
-60
115
-98
142
-55
-158
280
-313
149
134
-205
314
-314
115
-157
243
-323
76
314
-420
427
-362
365
-226
145
-157
-75
269
-546
622
-411
256
-81
-109
345
-194
8
-246
182
-35
-12
-16
89
-148
175
82
-93
156
-246
29
210
-226
146
-96
-10
2
-10
-32
70
-133
11
-18
88
55
-257
216
-81
162
60
85
-86
84
-270
105
-23
-13
114
-42
281
-333
247
-225
-74
101
-197
74
-17
54
-10
-15
3
-54
-80
135
-49
174
113
-10
-42
100
-299
167
-114
10
-24
88
-176
-40
334
-178
153
-51
-257
136
11
-116
231
-140
58
-141
-68
-5
-105
297
-34
23
188
-280
258
-200
53
-39
-50
169
-239
298
-146
31
-58
61
-143
268
-277
118
-57
-190
181
-104
300
-89
125
-182
27
-65
106
-18
27
121
-87
180
-256
242
-138
135
197
-314
472
-446
345
-209
13
207
-189
379
-171
108
-129
-6
75
110
-33
81
190
-140
126
-188
153
-1
-63
164
-28
215
-146
66
13
-133
3
-91
107
-61
-19
-15
-153
-59
-271
-98
-92
70
-130
-58
-60
-302
33
-354
-41
-132
125
25
-35
127
-252
156
-259
452
202
254
22
-46
215
-89
209
-238
74
151
-11
183
41
-67
40
-133
121
-566
-23
-47
136
458
-250
208
-79
46
173
-7
-72
293
-366
192
-160
32
133
-191
476
-590
580
-116
17
-20
-390
-109
231
64
4
153
-316
28
-29
228
-271
98
-232
-287
226
-256
-58
-273
-278
-197
-45
-108
80
38
52
-40
130
-162
-276
283
-353
533
89
297
426
32
375
-153
554
201
83
492
-42
306
312
-208
242
-276
-135
-97
-161
236
-197
171
-406
-158
-349
-291
-188
-260
114
-203
227
-3
144
61
-96
-127
-170
132
104
-34
78
-99
195
105
210
303
-251
244
-399
164
-313
-455
-238
-481
81
-162
145
-32
-93
-202
-308
-65
-69
92
159
40
189
94
431
-128
-6
4
-89
383
127
48
-92
73
-34
-23
207
-18
118
162
162
-12
16
-255
2
-101
-81
-41
-168
149
92
62
466
134
280
139
65
350
56
234
-15
131
173
316
301
61
212
-7
5
-325
-245
-344
-470
-145
-467
-290
-266
-383
-48
-97
-16
11
-34
-23
-31
98
54
34
-143
-80
-179
46
-245
-160
-193
-449
-186
-532
-565
-403
-515
-407
-155
-352
-101
-208
-197
-14
19
361
45
293
183
364
640
276
661
449
472
724
416
506
188
496
539
356
616
187
305
339
189
235
330
285
449
396
401
461
547
348
433
536
423
547
577
449
292
160
-42
21
-57
-197
-258
-408
-819
-1000
-1160
-1196
-1251
-1241
-1226
-1212
-1167
-1256
-1243
-1174
-1417
-1336
-1282
-1180
-1125
-1087
-1094
-1163
-1056
-961
-530
-385
-8
140
268
408
265
255
254
473
809
986
1241
1121
1248
1022
985
981
940
1173
1195
1401
1347
1353
1334
1356
1438
1485
1720
1960
1991
2191
2248
2180
2224
2078
1890
1803
1629
1651
1750
1558
1253
950
463
2
-358
-805
-1053
-1176
-1332
-1774
-2119
-2858
-3457
-3930
-4357
-4572
-4850
-5114
-5654
-6134
-6608
-7103
-7364
-7395
-7014
-7042
-7176
-7042
-5487
-1968
1650
3636
3041
1835
1324
3171
5835
7360
8046
7952
8696
9716
10248
9573
7652
5912
4918
5203
6014
6409
5866
3792
1640
191
-383
-171
-387
-738
-1170
-1336
-1265
-1468
-1840
-2467
-2226
-1643
-593
587
1078
886
12
-900
-1404
-1001
-506
-223
-1137
-2575
-4052
-5040
-5952
-6778
-7906
-9343
-10090
-10991
-11961
-13070
-15026
-14665
-11699
-6006
308
1332
1452
-1364
9
3313
6989
10186
10236
11594
12624
14626
15177
13510
11587
8820
8327
8135
8873
9464
7511
4347
-521
-3781
-5015
-5007
-4628
-5466
-6432
-6394
-5697
-4073
-3895
-3520
-3531
-2344
-308
1714
3851
4267
3770
3109
3737
5986
7831
8007
6146
3628
1948
1000
507
-1171
-2901
-4593
-5715
-6049
-7621
-9761
-12936
-15367
-16592
-16680
-16170
-16602
-17361
-18677
-15625
-9672
-737
4849
4889
3029
843
5093
10011
15466
17357
16998
17376
18062
19516
18625
16298
12656
9394
7926
7799
8632
7791
4082
-1541
-7447
-10082
-10209
-9260
-9142
-10986
-12109
-12420
-10372
-7861
-5164
-3034
-1821
132
2223
5081
7167
7349
6795
6609
8407
11411
13225
12108
8380
4068
1139
342
-168
-1483
-3567
-6169
-8131
-9559
-11750
-13886
-17024
-18954
-19410
-18683
-17267
-17380
-18316
-19602
-15722
-8938
1510
6740
6757
4986
3164
8310
13242
18649
20055
19722
19669
19845
20616
19156
16893
12990
9475
7443
6695
7180
5841
1610
-4270
-9953
-11935
-11364
-10099
-10256
-11935
-12954
-12871
-10652
-8540
-5567
-3484
-1700
234
2310
5541
7519
7796
7015
7224
9759
13283
14951
13269
8965
4285
1239
150
-675
-2019
-4037
-6552
-8102
-9985
-12155
-14675
-18053
-19420
-20013
-18199
-17390
-17177
-19434
-19530
-14913
-6765
4543
6897
7327
3157
4145
9767
15360
20195
19871
19933
19391
20167
20234
18270
15687
11184
8328
6155
5788
6360
3669
-865
-7452
-11943
-12533
-11008
-9330
-10423
-12042
-13532
-12561
-10387
-7720
-4231
-2190
178
1880
4252
7489
8866
8842
7795
8564
11870
15346
16332
13062
8066
3161
512
-373
-1345
-2528
-5338
-7612
-9672
-11704
-13407
-16302
-18757
-20089
-19894
-17981
-17055
-16798
-19555
-19365
-14507
-5623
5982
8372
8337
3807
4708
10541
16142
21428
21224
21101
20077
20158
19737
17453
15157
10724
7967
5724
5070
5549
2388
-2577
-9568
-13718
-13387
-11148
-8932
-10231
-12070
-13738
-13008
-10613
-7824
-3704
-1320
1136
2528
4532
7750
9160
9539
8658
9726
12774
15880
16100
11955
6225
875
-1279
-1511
-1742
-2801
-5851
-8754
-11075
-13077
-14338
-16574
-18464
-19350
-19212
-17271
-17204
-17146
-20018
-17937
-12343
-1641
8285
9301
8634
3496
6722
11861
18210
22385
22214
22206
20365
19738
17883
15676
13467
10024
7918
5601
5363
4865
817
-4921
-12230
-14588
-13052
-10052
-8522
-10546
-12393
-14000
-12706
-10767
-7048
-2845
178
2450
3030
5147
7313
8791
8760
8376
10241
13805
16313
15085
9989
4174
-118
-1441
-1470
-1597
-3025
-6402
-9249
-12135
-13390
-14735
-15838
-17089
-17679
-17267
-16045
-15781
-16814
-19179
-19251
-12914
-3438
9116
11791
10571
5202
3874
9808
15700
22420
23247
22807
20636
18602
16861
14157
12808
10221
8342
6417
5145
5205
1859
-3812
-11288
-15536
-13876
-10336
-7078
-8519
-11594
-14450
-15020
-12622
-9260
-3680
3
2350
2812
2966
5304
6794
7781
7765
9380
12975
16285
16415
12170
6359
1293
-599
-178
559
396
-2567
-6772
-10387
-12838
-13220
-14054
-14447
-15424
-15494
-15040
-14788
-15865
-17891
-20038
-18108
-10637
-86
10779
11164
8403
1650
2222
8669
15861
22255
22243
21385
18500
16373
14155
12093
11730
10699
9845
7410
5768
4616
708
-4921
-11673
-13626
-10765
-6654
-4698
-7960
-12057
-15591
-15016
-11992
-7086
-1223
1723
3204
1490
1027
2339
4429
6899
8496
11249
14016
15857
14213
9521
4070
63
-392
842
2250
1906
-1756
-6450
-10862
-12999
-13325
-13177
-12770
-13267
-13433
-14462
-15331
-17277
-18613
-19715
-17237
-9960
-367
9621
9638
6253
-301
318
7136
14916
21523
21851
20749
17203
14306
11960
11070
12619
13213
12418
8830
5730
3815
440
-3992
-9281
-10352
-7512
-4292
-3678
-7908
-12307
-15642
-14827
-11372
-6037
-215
2295
2495
-680
-2055
-812
2605
6796
9442
11788
13135
13500
11590
7436
3230
779
1199
2913
4002
2961
-1083
-6426
-10714
-12625
-11849
-10819
-9854
-10221
-11712
-13816
-15956
-17355
-18259
-18028
-17434
-11432
-4273
5897
8995
5521
667
-2857
3905
11156
19638
22180
20990
17766
13261
11163
10114
13017
15238
15265
11510
6199
3589
1460
-1135
-5118
-7788
-6369
-4294
-3690
-6971
-11772
-14989
-15478
-12124
-7725
-1907
1368
1413
-1587
-5432
-4313
-419
5740
9711
10892
10985
9916
8864
6620
4494
3181
3396
4704
5190
4524
965
-4039
-8638
-10943
-10116
-8303
-6787
-6933
-9061
-12155
-15498
-16875
-17323
-16113
-15441
-13480
-8140
-1913
5475
4802
1869
-2474
-1531
5772
13036
19567
19867
17929
13819
10603
9388
10536
14535
16230
14946
9499
4667
2464
863
-429
-3365
-4173
-3758
-3523
-4798
-8638
-11682
-13537
-12139
-8885
-4610
-246
641
-845
-4703
-6070
-3022
2266
7664
9447
9048
7567
6646
6166
5393
4957
4624
5008
5152
4436
2551
-854
-4801
-7600
-8942
-7854
-6420
-5607
-6685
-10145
-13598
-16587
-16506
-15656
-13601
-13111
-11610
-8086
-3094
2404
2094
1217
-1640
222
4851
10792
16207
17313
16550
12712
9844
8246
10140
13791
15426
13748
8676
5057
2784
1608
392
-1683
-2102
-2523
-2846
-4757
-7723
-9909
-11015
-9293
-6721
-3065
-450
-337
-1922
-4540
-4332
-1548
3150
6851
7987
7570
6314
5627
5026
4644
4641
4906
5394
4921
3604
1173
-2076
-4772
-6672
-6563
-5743
-4875
-5547
-7664
-11111
-14145
-15336
-14463
-12264
-11263
-11177
-12211
-10351
-6997
-1541
1565
1678
658
-782
2543
6441
11887
14626
14790
13097
9733
8152
7838
10434
12569
13060
10928
7111
4092
1904
1349
994
584
233
-1074
-2663
-5006
-6839
-7249
-6655
-4631
-3042
-1353
-934
-1413
-2297
-2964
-1619
636
3760
5615
5989
5316
4079
3330
2830
3187
4101
5037
4881
3040
138
-2562
-4064
-4443
-4361
-4223
-4611
-5459
-7461
-9789
-11779
-12318
-11195
-9911
-9026
-10009
-11037
-11963
-10300
-6952
-2587
958
1694
1874
1006
2562
4672
7859
10740
11829
11671
9271
7735
7080
8637
10341
10708
9347
6545
4836
3585
3086
2223
1338
888
-118
-1082
-2589
-3358
-3474
-3222
-2709
-2402
-1419
-754
-438
-1026
-1760
-1299
-55
1937
3212
3772
3625
2967
2441
1989
2401
2757
2795
1961
752
-133
-1024
-2067
-3404
-4319
-4546
-4598
-4916
-5816
-6737
-7161
-7297
-7115
-7202
-7003
-7050
-7551
-8372
-8821
-7969
-5551
-2401
435
1627
638
-623
-1321
359
2908
5536
7221
7340
6547
4757
3537
3253
4401
6278
7471
7428
5864
4228
3013
2199
1762
1585
2427
3380
3699
2574
763
-635
-1047
-331
578
1806
2274
2188
1049
-460
-1202
-1022
363
1661
2498
2375
1454
412
-653
-930
-606
128
546
102
-752
-1824
-2427
-2845
-2997
-2728
-2383
-1895
-1870
-2188
-2645
-3282
-3515
-3319
-2463
-1484
-1178
-1499
-2369
-3157
-3916
-4589
-4601
-4191
-2837
-2040
-1577
-2420
-3636
-4250
-4169
-2598
-1134
518
1109
731
-32
-596
188
1681
3551
4745
4995
4548
3996
3986
4482
5356
5943
6116
5516
4657
4221
4051
4325
3909
3274
2498
1662
1290
587
314
-307
-876
-1507
-2084
-1958
-1661
-1239
-1390
-1690
-1796
-1374
-683
-218
-4
-13
87
328
464
307
-29
-398
-361
-150
207
451
480
285
-105
-550
-888
-1095
-1391
-1674
-2266
-2655
-3181
-3495
-3917
-4271
-4588
-4782
-4843
-4739
-4492
-4193
-3647
-3150
-2403
-1939
-1625
-1629
-1533
-1052
0
1603
2927
3748
3419
2730
2369
2897
4231
5263
5658
5309
4756
4069
3199
2644
2662
3259
3468
2912
1961
1110
599
-189
-1074
-1900
-1893
-1402
-913
-926
-1584
-1749
-1544
-613
108
532
816
852
1193
1385
1848
1858
1678
1382
1132
1324
1327
1430
897
275
-462
-795
-805
-644
-629
-1158
-1822
-2538
-2499
-2278
-1969
-2062
-2279
-2375
-2234
-1778
-1483
-1399
-1672
-1863
-1674
-977
-104
367
115
-750
-1517
-1742
-1166
-189
703
1166
975
194
-744
-1066
-560
369
1022
1122
972
736
379
-135
-704
-735
-330
376
704
574
221
-215
-314
-342
24
527
986
1260
1166
1027
837
791
730
861
986
1249
1479
1431
1163
576
341
450
1134
1614
1848
1282
503
-167
-249
135
348
371
-43
-192
-600
-712
-1011
-984
-1054
-1147
-1148
-1019
-548
-191
-229
-736
-1194
-1223
-451
449
1160
1476
1294
783
186
-107
446
1309
2046
2176
1632
1010
409
270
219
248
94
-146
-448
-793
-1198
-1737
-2163
-2561
-2563
-2435
-2229
-2066
-2142
-2292
-2617
-2727
-2561
-2164
-1692
-1333
-1054
-852
-731
-575
-311
146
718
1202
1492
1573
1635
1671
1742
1757
1797
1947
2093
2204
1925
1315
638
175
166
269
421
425
406
194
-187
-712
-1023
-887
-359
265
662
793
696
500
229
38
145
586
1318
1925
2078
1740
1164
782
687
903
1211
1479
1463
1077
421
-300
-771
-900
-646
-264
40
23
-501
-1460
-2351
-2545
-2077
-1354
-1040
-1202
-1645
-1985
-2082
-1888
-1514
-1131
-735
-473
-223
-56
94
155
64
96
427
1000
1541
1626
1130
360
-282
-305
138
685
884
527
-228
-1140
-1623
-1535
-974
-377
-147
-305
-686
-992
-1051
-899
-633
-288
5
306
505
585
662
777
1016
1326
1582
1720
1781
1680
1565
1452
1380
1397
1189
981
751
672
722
607
318
-206
-660
-986
-1064
-1061
-1109
-1255
-1443
-1480
-1365
-1117
-1034
-1118
-1272
-1217
-753
-39
589
771
563
262
217
603
1168
1632
1719
1334
745
312
333
743
1180
1190
683
-168
-813
-932
-602
-149
16
-121
-504
-858
-1060
-1102
-1085
-1034
-965
-814
-600
-439
-388
-431
-433
-338
-127
130
314
391
341
210
70
-22
66
290
543
570
330
19
-100
-15
46
-69
-333
-535
-562
-523
-515
-475
-444
-397
-513
-686
-702
-449
10
387
486
424
334
365
474
643
882
1143
1272
1171
893
594
563
681
887
894
679
403
100
-72
-176
-121
28
177
237
106
-92
-222
-200
-53
96
144
116
120
168
258
364
402
439
405
306
178
92
74
26
-100
-296
-416
-493
-517
-654
-846
-992
-1064
-1079
-1206
-1353
-1494
-1508
-1435
-1339
-1155
-992
-885
-910
-951
-820
-475
3
348
464
444
372
381
394
528
777
1071
1253
1172
883
578
472
526
691
804
777
662
518
327
156
73
136
341
517
562
474
275
115
117
261
469
618
678
630
512
305
187
223
373
469
377
187
-44
-195
-283
-279
-266
-225
-212
-315
-553
-846
-1006
-966
-771
-654
-745
-983
-1203
-1201
-990
-730
-550
-546
-596
-650
-580
-408
-183
23
140
138
49
8
53
214
432
515
474
351
249
208
199
266
388
503
531
461
299
177
133
221
398
557
651
609
494
317
196
223
370
542
629
627
558
418
249
112
53
112
195
199
71
-163
-386
-551
-611
-550
-396
-240
-249
-474
-782
-968
-908
-658
-425
-369
-461
-618
-691
-637
-443
-164
48
137
87
40
46
84
99
68
62
160
361
561
582
389
84
-108
-83
73
276
400
412
308
127
-43
-89
-43
76
188
255
313
353
320
202
21
-102
-60
110
363
526
563
399
75
-234
-346
-142
168
354
232
-127
-450
-614
-570
-437
-322
-268
-291
-326
-383
-436
-486
-537
-536
-472
-353
-267
-196
-195
-185
-121
-38
97
200
302
345
316
250
210
208
185
209
305
470
544
429
172
-90
-200
-125
79
326
522
519
345
52
-159
-165
1
265
466
557
484
299
93
-99
-170
-40
232
522
607
409
43
-339
-519
-425
-116
135
180
-63
-444
-695
-758
-608
-464
-370
-347
-350
-369
-438
-508
-565
-532
-417
-283
-196
-189
-228
-209
-96
34
90
61
32
56
150
224
226
153
43
-19
50
244
433
472
285
-22
-226
-168
90
363
469
421
313
234
216
253
312
339
374
448
577
685
636
405
95
-56
86
421
725
755
455
-10
-419
-555
-386
-75
195
228
-51
-482
-826
-897
-696
-417
-261
-270
-399
-527
-609
-663
-661
-588
-430
-224
-99
-126
-248
-343
-312
-175
-32
52
67
46
14
-29
-57
-67
-22
68
201
285
261
98
-122
-291
-270
-23
307
496
374
94
-146
-146
101
454
697
702
503
293
227
323
470
572
602
585
552
529
543
527
425
249
62
-23
37
152
197
72
-190
-455
-619
-637
-527
-388
-339
-408
-545
-654
-692
-655
-587
-515
-434
-313
-199
-166
-209
-223
-138
12
135
155
95
35
50
93
124
152
176
185
157
108
39
-16
-96
-190
-237
-165
20
160
124
-89
-339
-402
-245
52
354
503
463
283
88
24
133
363
624
763
774
690
561
448
363
305
282
336
404
437
352
129
-141
-393
-501
-454
-306
-191
-189
-323
-524
-692
-752
-664
-539
-410
-317
-253
-221
-253
-304
-307
-226
-53
135
235
192
41
-137
-214
-170
-6
206
314
255
51
-155
-268
-272
-209
-107
7
94
80
-32
-175
-287
-275
-139
89
289
391
377
240
131
91
197
391
565
672
673
618
524
434
364
306
265
275
300
298
228
80
-90
-247
-338
-347
-310
-276
-317
-399
-460
-502
-476
-453
-474
-462
-399
-269
-134
-67
-48
-77
-73
-10
76
146
122
37
-64
-99
-52
65
186
221
137
-44
-217
-283
-204
-63
50
74
12
-62
-136
-189
-174
-94
44
177
264
242
162
92
88
173
262
374
430
476
486
424
368
296
269
251
227
202
157
108
38
-66
-175
-279
-302
-261
-246
-292
-391
-484
-488
-415
-329
-274
-341
-399
-392
-303
-154
-25
63
76
73
68
112
124
102
77
31
57
90
145
197
178
90
-22
-125
-178
-156
-69
30
95
66
-50
-148
-233
-196
-57
122
278
307
238
102
23
64
176
307
394
443
448
416
355
292
255
244
228
230
223
188
123
3
-156
-247
-252
-198
-156
-216
-316
-423
-464
-427
-347
-278
-274
-303
-342
-338
-307
-228
-126
-56
0
16
49
42
53
76
68
63
37
26
0
-7
-12
2
-7
-60
-141
-134
-113
-34
2
-39
-111
-206
-245
-165
-24
142
220
190
88
21
54
142
259
315
371
394
410
444
466
449
402
311
255
278
346
359
299
159
12
-1
14
78
-6
-125
-268
-348
-311
-233
-206
-250
-306
-342
-312
-243
-144
-147
-200
-342
-383
-338
-178
-2
73
124
33
-6
-130
-203
-230
-195
-133
-74
-14
-47
-77
-137
-151
-139
-123
-91
-92
-183
-201
-152
-44
76
132
115
54
-7
-24
45
148
247
256
298
294
362
384
385
318
211
165
153
239
296
366
262
170
84
72
112
113
101
3
-17
-45
22
62
52
46
3
-42
-57
-28
-18
31
-14
-61
-133
-190
-205
-214
-195
-190
-156
-162
-182
-237
-261
-301
-313
-282
-230
-173
-214
-218
-254
-227
-218
-138
-137
-97
-44
20
75
46
66
24
40
56
97
183
188
253
182
178
202
173
235
136
152
67
94
98
95
127
79
83
-22
2
-47
37
30
54
43
-4
47
-7
125
128
198
160
99
117
99
121
178
124
65
14
-78
-60
-91
-84
-56
-49
-62
-126
-193
-311
-320
-363
-211
-174
-107
-126
-190
-160
-303
-153
-193
-16
-7
75
100
60
86
-26
77
25
128
175
171
181
164
122
108
94
53
57
60
60
17
-7
-18
-24
37
13
0
-68
-100
-94
-76
18
29
90
98
61
91
77
80
53
101
83
133
192
144
174
17
10
-83
-85
-79
-54
3
-28
-16
-142
-166
-302
-317
-258
-223
-98
-29
-66
-132
-197
-265
-191
-140
-26
0
50
44
42
31
6
28
28
136
121
200
195
169
117
74
96
29
181
109
165
83
37
20
-33
83
38
67
1
-15
-71
-27
-9
25
102
53
82
45
33
4
25
-34
13
61
106
97
91
14
-74
-54
-162
-17
-82
-69
-37
-108
-120
-214
-184
-200
-186
-117
-158
-123
-130
-130
-128
-135
-159
-118
-86
-58
-20
43
43
57
45
9
97
34
162
90
139
189
57
216
5
90
138
79
258
102
144
61
45
67
81
76
23
103
10
99
49
130
126
81
116
29
113
3
110
21
-59
39
-79
59
-5
50
-39
-100
-147
-192
-127
-280
5
-260
-101
-164
-198
-98
-239
-48
-237
-101
-148
-143
-143
-76
-88
-138
28
-144
70
-50
63
21
-97
163
-126
164
110
59
114
-6
118
-66
111
62
36
164
31
172
33
75
129
-25
164
-21
136
16
71
86
3
219
75
250
155
95
71
-12
135
-53
116
123
-118
78
-107
21
-20
-15
-81
-44
-116
-288
0
-187
-103
-39
-187
-149
-109
-262
18
-134
-143
64
-188
63
-145
-37
37
-108
62
49
27
57
59
-46
50
0
108
44
151
3
-11
-20
-78
-63
7
26
18
-56
32
-94
11
-15
-115
111
-131
155
-10
145
51
90
264
-15
327
27
237
145
26
205
-77
192
-81
146
-43
8
126
-138
114
-110
-90
-28
-150
-43
-119
-104
-70
-162
-57
-185
-57
-154
-121
24
-2
85
-130
112
-147
-57
-49
-79
112
40
147
54
60
64
-101
40
-8
-74
80
-113
15
-101
2
47
-11
64
-148
-30
-199
-82
-64
-16
-11
27
34
-98
119
-7
62
133
100
126
86
124
122
146
45
82
18
-14
160
35
160
48
92
-111
41
-73
21
35
-62
-4
-33
-61
-93
-9
-65
-40
-32
84
-117
20
-109
-218
-29
-86
87
105
16
-46
-22
-162
-68
-71
-54
93
-99
45
-25
-31
135
-123
20
-35
-256
233
-198
68
5
-197
123
-68
-2
71
5
-21
-79
-18
-2
72
99
24
163
-50
173
199
-133
76
-30
-79
184
53
123
97
81
-52
-39
-1
-43
44
24
26
-7
30
-56
-79
-8
25
28
67
-105
21
-169
-15
-215
134
-13
171
134
-27
37
-32
-181
69
28
-162
179
75
-9
220
-227
-54
101
-318
240
-250
196
-159
66
97
-286
64
-129
86
-96
97
-61
-120
119
-198
166
-74
-58
130
-273
252
-195
75
191
-193
203
-78
-4
49
-114
171
-85
221
-30
64
-74
-183
35
-61
34
110
96
21
64
6
-63
34
-75
70
-47
38
72
-29
114
71
-157
188
-219
206
-24
-59
36
-112
18
-2
-53
-167
101
32
-163
241
-291
68
83
-109
171
-42
-10
42
-28
18
-158
27
-74
-104
119
-165
94
-81
-82
77
-157
-10
-137
-43
53
-96
325
-288
176
-48
-80
153
-60
185
-23
246
-47
39
181
-288
316
-153
131
177
-92
64
-187
156
-21
-48
213
-222
117
104
-311
269
-140
-94
283
-157
122
-30
-108
-130
36
-7
-63
218
-236
124
38
-139
197
-86
10
133
-54
103
-62
113
-139
-95
199
-272
104
34
-123
78
-197
-135
79
-122
124
-148
-149
-105
-194
40
62
65
38
60
-106
149
-72
-36
110
-85
183
-7
166
-39
37
74
-79
166
-79
103
-64
1
-18
-23
111
-26
38
28
-183
108
-31
74
13
8
-66
49
-42
-60
133
32
-133
152
3
-153
319
-124
26
221
-166
134
-88
130
-61
-42
205
-303
205
-60
-121
75
-176
-199
-40
-102
-100
236
-188
-36
-83
-146
-59
77
-70
-26
144
-146
-57
152
-214
-29
196
-44
130
90
14
-36
22
-124
197
-41
193
-40
8
41
-103
105
-26
111
-19
158
-21
58
-67
-182
192
-204
38
122
-267
307
-56
103
74
-31
53
-67
-24
152
-31
37
122
-221
248
-205
23
15
-203
123
-119
29
-22
-37
31
-215
203
-369
181
21
-122
176
-357
234
-267
85
70
-226
337
-333
264
-141
31
72
-15
75
-187
80
-28
31
220
-194
139
-189
-14
136
-149
424
-147
265
-131
-82
147
-190
135
-61
78
30
-50
293
-311
268
-103
-234
304
-323
157
136
-142
81
79
-195
-8
184
-203
294
-193
-76
-5
-107
6
-114
115
-11
22
-6
-119
-107
-94
65
-72
120
61
-151
139
-12
-173
312
-175
69
35
-63
63
-112
316
-326
343
-86
-45
159
-68
-58
31
-233
-36
131
-182
218
-93
38
8
-104
74
30
-135
83
-16
-76
188
-67
33
-2
-35
-74
147
-196
311
-58
-133
226
-290
38
151
-227
279
-185
-4
180
-74
1
29
-65
-100
214
-265
290
-38
-30
159
-201
175
-131
99
159
-129
232
-113
-35
98
-232
187
-95
176
-104
-90
111
-362
236
-141
55
290
-352
176
-266
-75
-109
126
20
-131
272
-191
115
122
-171
250
-207
83
-204
43
4
71
218
-207
255
-287
-92
72
-84
140
-40
73
-113
19
41
-92
113
-245
97
-104
130
87
-227
204
-130
54
-64
162
-50
-25
126
-62
104
77
140
-232
226
-245
-43
178
45
-168
159
6
-173
296
-100
-7
47
-28
-99
147
-49
-276
222
-217
-114
79
-115
1
-48
229
-203
252
-26
-164
175
-95
-114
170
36
-209
353
-208
124
117
-127
40
-9
-34
-93
257
-219
-74
154
-313
228
-86
-34
39
92
-84
-37
90
-78
-157
280
-130
0
206
-190
182
-171
277
-386
287
29
-265
406
-293
222
-130
40
-41
32
122
-136
164
-85
-31
23
-84
-49
59
18
-116
128
-112
29
-65
-94
74
-149
110
-40
-135
319
-181
1
319
-347
218
-33
0
28
68
-93
-24
67
-157
212
-53
212
-161
114
-202
63
-101
-150
375
-253
166
-81
31
-116
-5
169
-390
160
74
-212
265
-29
-32
-60
-30
251
-386
602
-356
75
76
-249
192
-39
211
-205
158
-161
-59
109
-340
381
-243
87
107
-154
-7
-21
9
-104
107
-93
78
19
13
-50
265
-357
132
69
-119
106
34
-73
77
63
-160
189
-195
113
-75
55
91
-206
191
-238
151
-44
176
-24
-76
174
-309
107
41
-14
71
-15
21
-113
62
-99
28
95
37
57
-13
65
-321
252
-209
83
67
-108
157
-313
298
-234
135
13
-191
284
-220
138
-144
-15
-127
8
98
-194
397
-257
91
124
-203
95
-49
34
40
-4
44
9
-9
82
-95
163
-183
-62
55
-122
81
184
55
-100
129
-206
9
-45
233
-123
201
-9
-216
205
-21
-189
186
-87
-232
379
-312
182
-42
0
40
-126
213
-224
105
-39
-61
-50
55
-36
-45
107
-141
113
99
-51
64
16
-93
20
-55
19
-189
336
-311
227
-42
-148
221
-260
108
-100
-7
31
-23
121
-171
217
-154
-46
268
-342
306
-27
-41
-11
-28
8
21
52
27
-95
88
-20
-85
228
-219
-4
70
-104
96
-16
52
134
-188
-27
9
-126
130
66
-23
-22
-131
-13
-103
139
-45
35
44
10
-141
230
-76
-64
59
-61
-112
124
-19
-85
219
16
40
-84
144
-240
153
1
4
147
-176
104
-119
18
42
-28
77
-130
264
-160
23
108
-331
95
15
-81
50
10
129
-129
153
-231
58
33
-216
315
-213
108
5
-42
137
-164
47
-34
-76
99
81
-118
158
-55
23
-16
-28
62
-68
44
-77
80
-53
17
4
-24
28
-2
-3
23
-67
57
-231
180
55
-235
335
-200
20
80
-192
260
-180
71
188
-135
104
35
-197
149
-123
48
64
-15
-43
-18
59
-129
174
-272
336
-360
213
-16
-195
198
-167
121
-67
60
-75
158
-194
116
113
-133
37
30
-114
131
31
53
-60
-74
207
-308
308
-110
-191
274
-268
105
41
-200
175
-244
141
-184
206
-158
186
-180
108
15
-177
243
-284
286
-124
3
143
-82
-31
173
-305
297
-122
134
-79
-37
49
-187
176
-137
172
-99
103
-179
118
39
-108
213
-202
29
61
-74
121
71
-88
73
-39
-70
-77
64
-102
81
-128
236
-262
244
-120
-60
173
-219
188
-93
44
-7
0
-87
173
-153
31
-32
8
61
-139
188
-151
20
86
-65
135
-81
58
-61
11
-36
83
-51
69
-52
37
-52
94
-86
14
87
23
-1
-115
293
-349
176
-22
-13
-22
-18
-57
-47
183
-164
95
51
-171
85
24
-123
292
-302
77
61
-187
135
124
-189
121
28
-145
141
-33
-111
120
-91
26
-78
3
26
-19
2
-21
-29
-29
11
93
95
-163
176
-186
-22
55
-59
73
34
81
-170
220
-234
115
-69
52
59
-79
182
-143
158
-79
-23
31
-61
51
33
-42
-66
131
-132
123
-11
-107
11
-56
120
-167
196
-199
92
-79
62
25
-28
115
-190
135
-162
-24
22
94
-71
166
29
-196
206
-209
25
-10
-49
83
33
-53
65
42
-72
5
124
-161
62
55
-102
132
-48
187
-221
159
-91
-45
84
40
-34
97
-73
62
-203
159
-51
-139
270
-277
136
99
-204
106
94
-288
194
4
-125
214
-248
180
-283
311
-231
-7
302
-380
384
-213
14
96
-232
192
-153
194
-26
-57
180
-272
147
-114
62
-80
112
-44
-7
84
-129
39
-67
29
-54
95
38
-116
16
18
-46
11
37
-12
4
112
-61
-32
50
-21
49
19
-60
99
-99
26
-18
-1
62
-34
175
-314
132
-108
-93
200
-137
152
-110
15
28
29
-46
44
-19
71
-32
-22
165
-246
200
-148
70
22
45
-164
234
-99
-24
68
-132
1
-25
-52
103
-31
-42
20
-43
-3
-2
76
-72
-19
138
-35
-70
278
-276
125
-53
76
-68
39
15
-132
166
54
-234
198
-142
-21
93
-71
153
-256
171
-149
134
-32
-55
152
-171
95
-43
86
-146
178
-159
41
59
-70
71
-126
155
-214
179
-11
-17
101
-134
74
-98
59
-20
78
1
17
-4
-156
181
-176
123
11
-21
106
-219
118
-35
-4
6
-76
121
-96
25
59
-164
234
-249
143
-59
69
-108
53
73
-112
119
-86
115
-125
109
20
-176
338
-280
178
-128
56
-64
23
83
-25
44
71
-213
137
-97
-231
390
-353
286
-45
-188
305
-381
324
-221
50
86
-219
266
-177
54
30
22
43
-78
153
-210
109
-92
-16
166
-75
-5
173
-179
67
-74
-44
0
49
35
-80
76
-60
-94
64
57
-85
163
-191
126
-130
38
47
-72
126
-57
67
-130
204
-114
32
-11
98
-118
115
-52
-107
170
-123
93
-37
-128
151
-160
92
-104
169
-120
-82
150
-239
84
17
41
37
-148
353
-432
258
-10
-147
267
-162
178
-216
234
-224
120
-114
110
-110
73
134
-279
166
-131
102
-108
240
-151
78
47
-83
58
-70
22
9
-105
106
141
-226
274
-184
23
-105
-11
-4
153
0
-46
47
-225
141
-94
55
97
45
-53
5
21
-78
-109
234
-266
160
76
-164
175
-106
77
-81
119
-31
22
-26
-11
-40
7
-1
-33
50
-114
72
0
-72
89
-49
35
-127
107
-29
-50
97
-149
81
-12
0
49
-51
-24
-50
33
160
-229
323
-343
259
-141
-21
167
-135
131
-264
332
-174
-52
110
-95
158
-172
129
-81
46
10
-34
13
95
-116
-34
108
-53
52
18
-106
173
-260
83
-20
44
83
-205
393
-448
374
-307
134
28
-216
287
-325
254
-75
-139
287
-214
143
-120
-48
192
-385
439
-250
102
-104
-41
81
-57
194
-64
-18
31
-132
131
34
13
114
-175
59
-88
185
-21
-100
107
18
-158
44
52
-71
-63
103
-4
-188
296
-160
25
66
-88
118
-165
174
-76
38
23
-87
139
-239
267
-84
-107
197
-237
160
-113
70
-80
-39
91
-120
219
-272
194
-38
-153
122
-59
33
-27
-15
-24
64
105
-142
123
13
-46
-19
135
-103
32
-8
5
-58
62
80
-362
522
-300
-17
186
-296
86
-38
114
-112
178
-70
-125
123
-70
-118
208
-119
-84
246
-211
53
41
-12
-154
192
14
-202
244
-107
-78
133
45
-247
304
-161
-36
96
43
-111
79
170
-400
387
-174
6
25
97
-203
138
-116
24
-14
30
45
-79
82
-102
117
-117
120
-53
18
-42
-49
35
-68
85
-7
161
-81
-53
62
-176
80
25
60
-24
94
-95
-8
-77
92
-60
20
33
84
-111
41
-11
-89
119
-133
156
-85
-12
-55
12
80
-129
124
-50
-35
65
38
-191
275
-168
36
123
-132
-34
103
-33
-127
240
-232
77
82
-75
23
-83
150
-180
94
30
-157
95
-74
114
-85
70
-49
-8
-5
56
-12
29
72
-119
170
-91
-86
231
-177
-22
105
17
-232
216
27
-174
303
-181
-55
85
-116
92
-44
-20
69
25
-17
32
-69
22
-26
-9
100
-186
66
-84
98
-38
-42
120
-175
188
-162
184
-124
-24
106
-108
29
19
2
17
-40
81
-86
-14
-1
20
113
-171
134
18
-48
-53
144
-176
173
-74
-16
41
-7
63
-65
81
-171
101
-18
-43
103
-102
-75
67
4
14
-121
89
-20
-65
62
20
-35
-96
138
-165
241
-95
-115
223
-191
142
-111
45
189
-227
82
67
-61
43
2
-4
57
-138
28
66
11
-15
86
-154
47
-36
-73
79
-36
99
-61
48
-34
-26
-81
128
-147
129
90
-248
266
-154
53
-57
107
-26
-3
77
-146
39
-54
48
-83
90
-40
44
-9
-111
64
52
-125
198
-190
155
-170
102
2
-104
275
-265
136
-16
9
-84
88
75
-102
71
80
-176
182
-169
-30
163
-207
139
-4
-63
-5
5
22
-101
152
-1
-115
167
-89
20
-56
47
-1
-11
-70
77
31
5
-69
76
113
-283
205
-92
50
-43
16
45
-148
154
-58
-9
14
-55
86
-140
53
82
-133
125
-21
-113
89
-5
-105
147
-141
126
-74
-1
-29
31
-46
14
40
-54
60
-64
-9
132
-148
200
-115
-65
144
-75
28
17
-25
26
-23
-14
62
-67
47
-91
139
-127
111
-78
-99
89
15
5
-47
95
-85
13
20
22
-33
85
-122
81
101
-188
166
-131
69
13
-84
150
-108
9
28
-14
-24
-25
32
-8
-31
23
13
19
-61
46
-102
51
31
-39
127
-58
28
-46
-72
52
0
-33
118
-112
98
1
-42
24
-24
68
-40
36
41
-41
-54
35
1
-11
21
-1
-38
48
-39
9
26
-29
-72
67
88
-202
117
-35
14
-112
147
-58
-50
140
-175
208
-143
75
-16
58
-49
-27
110
-168
15
116
-98
-17
118
-39
-31
59
-86
-43
89
-96
22
32
-26
-54
55
68
-49
-83
130
-71
30
-4
1
96
-89
18
-16
32
51
-81
121
-109
-5
25
-91
169
-180
120
-19
-77
43
-29
40
-86
57
-7
-62
38
135
-174
65
99
-160
44
50
6
-55
73
-72
25
-59
7
12
22
11
-52
167
-208
86
-80
170
-121
-11
236
-257
195
-99
113
-115
-25
189
-109
-2
76
-138
57
-67
175
-90
-91
94
-18
-7
11
-51
13
-17
-28
49
-60
-4
-43
105
-52
23
9
-39
29
-6
-49
112
-206
214
-70
-10
-4
29
23
-61
132
-180
21
82
12
-126
182
-81
-30
71
-24
-50
33
-10
-6
34
-92
121
-139
50
17
-27
26
-35
68
-2
-87
193
-146
16
34
-63
70
-109
71
-112
144
-24
-70
81
20
-81
18
22
96
-234
199
-41
-46
47
18
83
-167
180
-18
-160
93
43
-117
129
-101
89
-100
101
-106
21
93
-101
16
33
50
-184
119
46
-99
27
-18
27
0
2
-34
3
41
-74
14
111
-127
84
-76
45
56
-159
168
-100
131
-98
33
56
-41
19
-76
40
66
-127
38
75
-90
80
-97
149
-66
-63
93
-66
68
-21
-92
138
-157
140
-144
6
201
-231
213
-211
188
-123
21
24
18
-44
6
-5
72
-68
-34
106
-111
117
-209
168
-76
17
-10
-10
17
8
-74
17
57
-20
-77
64
9
16
-75
21
43
-14
-23
-42
161
-116
22
-2
38
18
-107
96
-27
-3
-1
-67
158
-133
55
12
-11
36
-63
37
41
-74
67
-18
-21
73
-58
3
-24
-17
57
-100
83
-65
-45
98
-91
79
-73
114
-100
-47
168
-30
-37
-48
118
-64
10
15
63
-51
70
-18
-79
99
-69
-49
48
43
-76
-16
83
-56
-29
1
-9
4
52
-52
40
-16
-60
74
-20
-10
63
-43
-10
14
18
-6
18
-17
63
-90
18
64
-62
22
-24
-48
21
35
-58
-19
55
-30
-55
44
41
-68
-4
43
14
-81
107
-86
15
23
34
-71
-25
70
-41
107
-122
198
-112
-46
102
-74
19
-27
62
-15
-16
18
-27
9
-56
21
77
-81
63
7
-47
29
-6
-31
-23
51
-27
-54
80
14
-154
242
-91
4
4
-27
12
-57
71
-78
80
40
-85
-21
95
-8
-67
72
-13
23
-94
92
-37
41
-36
-37
95
-82
123
-188
73
52
-30
-98
115
-51
36
-49
-6
17
-41
37
-126
246
-157
75
-108
14
47
-69
82
-56
81
7
-51
57
-24
-54
96
-54
61
-58
32
55
-70
-8
71
-17
-44
54
-7
-41
12
4
-35
3
-16
-53
95
-11
-51
21
30
-13
-106
81
15
-12
-26
59
-47
13
-6
7
-22
-17
49
-56
27
30
-74
76
-4
-81
111
-86
51
-56
14
62
-56
3
10
-7
15
-70
101
-72
-34
148
-158
79
22
-11
-11
-23
129
-111
41
83
-51
10
-64
78
-37
-79
131
-94
33
26
-91
102
-26
-37
-36
51
-9
-56
28
32
18
-69
-2
74
-67
19
37
-65
34
60
-56
-22
31
7
-17
-4
44
-64
73
-74
21
-15
23
40
-124
180
-94
-8
-25
38
23
-89
84
11
-24
-48
53
-3
4
-49
13
12
-26
-5
29
19
-23
5
-15
7
-35
103
-93
61
-1
-14
-6
-61
99
16
-132
71
80
-60
-47
-23
88
-84
81
-79
23
55
-60
21
-9
28
-4
-38
54
-15
-31
46
9
68
-48
33
-58
40
-34
29
-98
62
24
-105
53
4
5
-22
75
-80
15
-7
29
-46
25
-24
41
4
-10
7
-24
31
8
-74
125
-25
38
-28
26
-33
-41
127
-133
17
65
-80
-28
92
12
-68
-36
68
-56
-24
28
-10
5
56
-38
-22
27
11
-36
4
95
-98
12
36
-12
-50
17
36
-50
9
60
-91
37
45
-98
37
57
-67
14
30
2
-2
-30
38
-60
74
-20
-6
-15
50
-67
14
45
20
-87
91
33
-135
83
-29
20
-5
1
45
-72
9
51
-60
81
7
-79
34
26
5
-80
25
-15
-3
4
-11
63
-19
-79
34
8
-54
-3
1
-10
19
-14
-25
35
28
-29
-78
90
-27
-5
-2
5
-2
-18
33
-21
107
-97
56
-5
20
-9
-22
45
-53
67
-24
-22
9
12
-2
37
-51
66
-19
-24
26
-28
61
-71
5
-11
48
-38
-46
40
34
-13
-80
50
60
-50
-24
48
-25
4
-39
5
23
39
-72
39
62
-26
-38
30
13
-28
9
-42
77
-39
-3
4
-11
79
-34
-35
35
-27
-28
-33
80
-31
-46
26
-3
31
-21
0
11
6
-45
44
20
-72
55
15
9
-8
40
-67
43
-34
23
16
-37
38
-72
60
5
-93
29
29
-88
41
39
67
-119
74
30
-105
17
80
-81
-44
131
-8
-85
105
29
-140
26
93
-53
-50
68
11
-68
-6
-1
16
-1
3
-7
18
16
-60
15
0
-2
-18
61
26
-46
47
-52
45
-39
-20
61
-10
-45
3
95
-120
2
97
-15
-98
56
35
-47
-11
91
-14
-35
32
-29
-26
25
-27
-3
14
-14
-63
25
29
-1
-23
24
14
-48
8
37
-7
-20
23
47
13
-66
26
36
-25
-23
41
22
-63
-14
44
-1
-51
-7
17
-22
30
-3
-20
58
-92
41
2
6
-40
1
72
-60
37
16
-4
-12
39
1
13
-26
6
-22
-20
-1
24
10
39
-48
33
-15
-74
44
-32
103
-123
81
-6
-37
-27
-16
45
-16
10
17
41
-48
-17
-9
60
-12
-28
46
10
-58
76
-19
-73
81
-15
-38
-32
80
-9
-36
51
-47
23
43
-31
-14
-14
21
-13
-45
84
8
-89
53
24
-84
22
111
-141
-16
105
-113
12
57
26
-83
27
72
-85
21
66
-32
-62
67
17
-45
19
2
-10
39
16
-49
52
26
-31
21
0
49
-77
-30
67
-47
-33
-10
115
-79
-37
13
48
-69
-36
83
-6
-7
-36
22
-6
-41
-16
19
20
-51
20
64
29
-36
-46
40
-3
-67
8
101
-65
-83
99
50
-99
-3
110
-90
14
-27
48
-45
25
-13
-16
56
-17
-57
27
75
-26
-31
17
26
-42
21
-33
89
0
-38
-8
49
-72
-54
47
-4
33
-48
-10
51
-21
56
-23
11
16
6
-44
-3
41
-46
-18
15
18
-64
65
16
-10
-1
21
-67
50
2
-51
45
29
-1
-94
55
66
-93
23
83
-70
-28
3
6
22
-45
-31
71
74
-90
8
78
36
-163
52
65
-35
-81
64
58
-77
-17
59
-21
-35
-10
48
39
-57
-45
59
-3
-47
3
26
-7
4
80
-4
-72
2
44
-35
-59
102
-61
-50
66
-13
-4
5
67
-78
-6
53
-61
14
6
-15
-23
24
-27
-25
74
-3
-23
7
67
-48
-50
63
0
-9
-12
67
-55
-57
51
14
-28
-24
59
-41
15
38
-34
-24
71
-73
-71
164
-73
-81
95
24
-112
57
77
-45
-68
90
10
-74
50
57
-59
-80
98
26
-142
100
14
-88
30
49
-62
-9
105
-76
-42
95
4
-117
122
17
-71
37
45
-105
57
39
-80
1
60
27
-109
46
94
-113
8
67
25
-45
-52
116
-99
-35
32
15
56
-61
5
33
-47
-49
31
-7
12
5
-62
79
-5
-32
-6
-21
55
-32
-39
87
-11
-63
56
39
-30
70
-11
-65
3
26
-35
-13
69
-69
36
-69
57
-12
-23
63
-50
11
-63
18
-3
18
19
-13
-7
26
30
-51
-7
61
-17
-22
-16
90
-43
-93
69
44
-28
-49
83
-36
-44
49
-16
-21
54
-11
8
-28
44
-22
-55
35
23
0
-44
36
16
-32
13
6
42
-33
-40
26
10
-76
-14
106
-27
-60
52
7
-42
-17
46
-25
-21
78
-67
47
9
-54
21
23
-50
-56
91
5
-37
45
7
19
-11
-49
13
24
-16
-12
1
51
-79
1
50
71
-143
54
87
-97
-7
50
33
-106
49
62
-35
-33
23
-35
9
55
11
-69
10
43
-64
39
4
2
-13
-29
-4
13
44
-73
18
83
-78
5
12
-9
51
-58
-32
74
22
-71
47
7
-46
3
-17
69
-19
13
-14
-26
15
-32
-6
88
-86
29
55
-46
-15
12
53
-63
-9
20
13
27
-48
-5
29
-40
21
47
52
-104
-11
62
-23
-23
21
32
-58
37
-46
37
-15
-46
20
41
-30
-45
48
-22
8
-12
30
11
-53
16
4
22
42
-36
4
-24
77
-64
5
84
-99
43
1
8
-8
-41
-25
89
-85
-29
60
-4
-32
37
10
-16
-19
-16
37
-28
16
-7
32
32
-58
14
45
-35
-24
7
69
-102
31
16
-20
-9
-29
53
-17
-22
26
68
-105
80
17
-52
-42
63
-81
-7
89
-40
32
-22
31
-47
31
4
-35
25
19
-43
-2
27
34
-50
21
70
-80
-2
55
-13
-37
37
41
-66
-27
57
-61
31
49
-30
-1
35
-52
-6
13
34
-71
17
-56
33
27
-30
3
26
4
-76
83
1
1
-24
3
81
-32
-63
42
24
-27
-15
27
-29
15
-48
18
23
-34
41
-50
69
-34
-41
130
-76
-25
67
-30
-38
13
34
-14
-82
56
-21
-14
33
27
-8
-7
15
-47
40
-37
24
-11
-19
85
-59
7
45
-84
19
3
42
-56
62
4
-61
46
55
-58
-43
46
-8
-16
-8
24
-26
26
-18
30
-52
54
9
-54
41
13
-14
-32
-19
8
12
14
-30
40
42
-71
25
23
-39
-14
43
-9
-12
13
-13
-49
16
68
-39
6
13
-27
21
37
-42
-46
52
-22
10
15
-3
2
-12
-20
40
5
-32
28
9
-42
15
-6
-37
46
-2
22
1
-8
-29
28
-42
22
33
19
-86
62
68
-88
-3
9
3
-93
96
41
-39
-21
-18
66
-25
-23
48
-2
-48
-27
69
11
-82
71
-11
-23
-18
59
-35
-24
67
-35
-23
17
-20
2
52
10
-13
-71
74
-34
-63
31
38
-15
-29
43
29
-60
16
56
-53
5
-30
5
10
15
-22
-14
96
14
-94
-3
40
-44
-3
87
-8
-4
-43
-9
42
-29
8
-6
-18
-1
26
-12
-50
37
-4
22
-4
5
-46
35
-9
-20
22
24
-9
-27
80
-48
-50
22
11
-36
-10
40
-5
32
26
-41
15
18
-74
19
61
-71
-33
38
37
-16
16
26
-25
-24
5
44
1
-68
31
34
-84
34
20
-26
-42
83
-33
-26
86
-30
-17
29
13
-44
4
16
-20
5
39
3
-14
-5
-10
-8
-8
4
-3
0
-15
3
-52
28
35
26
-52
26
-2
-29
-26
60
-6
-29
41
-11
-17
-50
71
-18
37
65
36
-93
27
-16
-26
34
-36
-7
27
40
-56
16
-59
15
-5
28
-21
10
-30
10
18
54
-65
2
16
-4
-13
16
11
-7
2
14
-12
-8
-20
-1
23
-36
14
22
7
8
-51
4
-26
37
32
16
11
-76
22
-51
23
32
58
-77
-37
75
4
-74
118
36
-159
86
-72
50
-30
40
3
-27
12
-24
21
7
6
27
-19
-28
-21
-2
31
6
40
-37
20
-35
32
-18
55
-86
40
30
-50
-5
43
-4
25
-9
-85
91
-56
-64
73
46
-48
-8
7
40
-56
17
28
-20
16
-62
65
-7
-18
-59
43
8
77
-45
21
6
-35
-11
6
17
-30
-41
20
41
-56
61
-17
-19
-5
0
15
9
-47
16
54
0
-109
44
5
4
20
-53
61
-18
29
-44
66
-1
-23
-28
56
-19
-50
33
0
22
-55
29
3
38
-77
56
-2
-53
37
5
42
-29
-8
3
-20
26
-53
-16
80
-43
-7
14
24
-19
-19
2
11
40
-29
13
-23
-17
4
39
8
-58
26
20
29
-77
56
-76
45
7
-45
55
-31
-21
-3
50
-44
-5
42
17
-27
-8
77
-24
-39
52
-44
60
-10
-45
-9
-6
-26
43
-27
45
-37
-18
29
-28
44
-28
-8
-2
-11
53
-16
-14
-14
-3
50
-86
47
31
-33
34
-30
53
13
-29
-33
-8
19
-14
40
-48
3
26
-45
15
12
22
-7
-32
33
7
7
-50
42
7
-63
38
-7
-27
0
24
21
-48
2
29
-19
8
1
-2
5
-41
40
-22
48
-44
40
0
-18
39
-22
0
-26
43
8
-32
3
15
-22
15
-18
29
2
-44
28
-27
38
-38
-35
65
-11
3
1
25
-25
-77
74
-33
55
13
18
-9
-42
32
-55
23
-6
29
0
-12
2
25
-82
32
-5
16
25
-32
51
-78
56
-19
3
7
-22
8
-6
53
-29
-2
-5
13
-12
-56
55
-6
-10
10
-39
19
-36
8
-10
42
44
-69
40
0
26
-24
25
-26
-61
31
-9
24
10
4
17
-49
62
-46
-15
56
8
-49
-4
7
11
9
14
22
-59
40
-27
-10
11
25
-35
-25
51
-22
1
28
-5
11
-11
21
