0
0
0
0
0
0
0
0
0
0
0
0
0
0
0
1
1
1
0
-1
0
0
0
0
0
0
1
-1
-1
0
0
0
0
0
1
0
-1
0
0
0
0
0
0
0
0
-1
0
0
0
0
1
0
0
0
0
0
-1
1
1
0
0
0
0
1
0
0
0
0
0
0
0
0
0
0
0
0
1
0
0
0
0
0
0
1
0
0
0
0
0
0
0
0
0
0
1
0
-1
0
0
0
0
-1
0
0
0
0
0
0
-1
0
0
-1
0
0
0
-1
1
0
0
0
0
0
0
0
0
0
0
0
0
0
-1
0
-1
0
0
0
0
0
0
0
0
0
1
0
0
0
0
0
0
0
0
0
0
0
1
0
0
0
0
0
0
0
0
0
-1
0
0
1
0
0
0
0
0
0
0
1
0
0
0
0
0
0
-1
0
1
0
0
0
0
0
0
0
0
-1
0
0
0
0
0
0
0
0
1
0
-1
0
1
0
0
-1
0
0
0
0
-1
0
0
0
0
1
0
0
0
0
0
0
0
0
-1
0
0
0
0
0
0
0
0
0
1
0
0
0
0
0
1
0
0
1
0
1
-1
0
0
0
0
0
0
0
0
-1
0
-1
-1
0
0
0
0
0
0
0
0
0
0
-1
0
-1
0
0
0
0
0
0
-1
0
0
0
0
0
0
0
0
0
0
0
0
0
0
0
0
0
1
1
0
-1
0
0
0
0
0
0
0
0
0
0
0
0
0
0
0
0
1
0
0
0
0
0
1
0
0
0
0
0
0
0
-1
-1
0
0
0
0
0
-1
-1
0
0
0
-1
1
0
0
-1
0
0
0
0
0
0
0
0
0
0
0
0
0
0
0
0
1
0
0
-1
0
0
0
0
0
0
1
0
0
-1
-1
0
0
0
0
-1
0
0
0
0
0
1
0
0
1
0
1
0
0
0
0
0
0
-1
0
0
0
0
0
0
1
0
0
0
0
0
0
-1
-1
0
-1
0
0
0
0
0
0
0
0
0
0
0
0
0
0
-1
0
0
0
0
1
0
0
0
0
0
0
0
0
0
0
-1
1
-1
0
0
0
0
0
0
0
0
1
0
1
0
0
0
1
-1
0
0
0
0
0
0
0
0
0
0
-1
0
0
0
0
1
1
0
1
0
0
0
0
0
0
0
0
0
0
-1
-1
-1
-1
0
0
0
0
0
-1
0
0
0
0
0
-1
0
-1
0
1
0
0
1
0
0
-1
0
-1
0
0
0
-1
0
1
-1
0
0
0
0
-1
0
1
0
-1
1
1
0
1
-1
0
0
1
0
0
-1
1
0
0
1
0
0
0
0
1
0
0
0
0
1
0
-1
0
-1
0
1
0
1
-1
0
1
0
0
0
0
0
-1
0
0
0
0
0
0
0
0
0
0
-1
0
1
0
1
0
-1
0
0
1
0
0
0
0
0
0
-1
0
-1
0
0
0
0
0
0
0
1
0
1
0
0
0
0
0
-1
0
0
0
0
0
-1
0
0
0
0
0
0
1
0
0
0
0
1
0
0
0
0
0
0
0
0
0
-1
0
1
0
0
0
0
0
0
0
0
0
0
0
0
0
0
0
-1
1
0
0
0
-1
0
0
0
1
0
0
0
-1
0
0
0
0
1
1
0
1
0
0
-1
0
-1
0
0
0
0
0
0
0
0
0
0
0
0
0
1
0
0
0
0
0
0
0
0
0
0
0
0
0
0
0
0
0
0
1
0
0
0
1
0
0
0
0
0
0
0
0
1
1
0
0
1
0
0
0
0
0
1
0
0
-1
1
0
-1
-1
0
0
0
0
0
1
0
1
0
0
0
1
0
-1
0
-1
0
0
-1
0
0
0
-1
0
0
0
0
0
0
0
0
1
-1
0
0
0
0
-1
0
0
0
0
0
1
0
0
0
0
0
0
0
0
1
1
0
0
0
0
0
0
0
0
0
1
0
-1
0
0
0
0
0
0
0
0
0
0
1
0
1
1
1
0
0
0
0
0
0
0
0
0
0
0
0
-1
0
0
0
-1
0
-1
0
0
0
0
0
0
0
-1
1
0
1
0
0
0
0
1
1
0
-1
0
1
-1
0
0
0
0
0
0
0
0
0
0
0
0
0
1
-1
0
0
0
0
0
0
0
-1
0
-1
0
0
0
0
0
-1
0
1
0
0
0
1
0
0
0
0
0
0
0
0
0
0
0
0
0
0
1
0
1
0
-1
-1
-1
0
0
0
0
0
0
0
-1
0
0
1
-1
0
1
0
0
0
0
0
0
0
-1
0
0
0
0
0
0
0
0
0
0
0
0
0
0
0
0
0
0
0
0
0
0
1
0
1
0
0
0
1
0
0
-1
1
0
-1
0
0
-1
0
0
0
0
-1
0
0
0
0
1
0
0
0
1
0
0
1
-1
0
0
0
0
0
0
-1
0
1
0
0
0
1
-1
0
0
0
-1
0
0
0
-1
0
1
0
-1
0
0
-1
-1
0
0
0
0
-1
-1
-1
0
0
0
0
0
0
0
0
0
1
0
-1
0
1
0
1
0
0
0
-1
0
0
0
0
0
0
-1
1
0
0
0
0
1
0
0
0
-1
0
1
0
0
0
0
0
0
0
0
0
0
-1
1
-1
0
1
0
0
0
0
0
0
0
0
0
0
0
0
0
0
0
1
0
0
0
0
-1
1
0
-1
0
0
0
0
0
0
0
0
0
0
-1
0
0
0
-1
0
0
1
1
0
0
0
0
-1
0
1
0
-1
0
0
0
0
-1
0
0
0
0
0
-1
-1
0
0
0
0
1
0
0
0
0
-1
0
0
0
0
0
0
0
0
1
0
-1
0
0
-1
0
0
0
0
0
0
0
0
0
0
0
1
0
0
0
0
-1
-1
0
-1
0
0
0
-1
0
0
0
0
1
1
-1
0
0
-1
-1
0
0
-1
0
0
-1
0
0
-1
1
-1
0
0
-1
0
0
0
0
0
0
0
1
0
0
-1
1
1
0
0
0
0
0
0
0
0
0
1
0
0
0
0
0
0
-1
0
0
-1
0
0
1
0
0
1
0
0
0
1
0
0
0
0
0
0
1
-1
0
0
0
1
0
-1
0
0
0
0
0
-1
0
0
0
0
1
0
0
1
0
0
0
1
0
0
0
0
0
1
0
0
0
0
0
0
0
1
0
0
0
0
-1
0
0
-1
-1
0
-1
0
0
0
1
1
0
0
0
-1
1
0
0
0
0
1
0
1
0
0
1
1
0
0
0
0
0
-1
0
0
0
-1
0
0
1
0
0
0
0
1
0
1
0
0
0
0
-1
0
0
0
0
0
-1
0
0
0
1
1
0
0
-1
0
0
1
0
0
-1
1
0
0
0
0
-1
0
0
0
0
0
0
0
0
0
0
0
1
0
0
0
-1
0
1
0
0
1
-1
0
-1
-1
0
0
0
0
0
0
0
0
-1
0
-1
1
0
1
1
0
0
0
0
0
0
0
0
0
0
0
0
0
0
1
0
-1
0
0
0
0
0
0
-1
0
0
-1
0
0
0
0
0
0
0
1
1
0
0
0
0
0
0
0
-1
0
0
0
0
0
0
-1
-1
0
0
0
0
0
1
0
1
-1
0
0
-1
0
0
0
1
0
0
0
0
0
0
0
1
0
1
0
0
0
-1
-1
0
0
0
0
1
0
-1
0
0
0
0
1
0
-1
0
0
0
0
0
1
0
0
0
0
0
0
0
0
0
0
1
0
0
0
0
0
0
0
0
0
0
0
0
0
-1
-1
0
0
0
0
0
0
-1
0
0
-1
0
0
0
0
0
0
0
0
0
0
0
0
0
0
0
0
0
-1
0
0
1
0
0
-1
1
0
0
0
0
0
0
0
0
0
0
0
1
0
0
-1
0
0
0
1
0
0
0
0
0
0
1
0
0
1
-1
0
-1
0
-1
-1
-1
0
0
0
1
-1
0
0
0
1
0
0
-1
0
0
0
0
0
0
0
0
-1
0
0
0
0
0
0
0
1
0
-1
1
1
-1
0
0
-1
1
0
-1
0
1
0
0
1
-1
0
1
-1
-1
1
-1
-1
0
-1
0
1
0
-1
1
1
-1
-1
1
0
0
1
0
1
1
-1
0
2
0
0
0
-1
0
0
0
0
1
1
-1
1
0
-1
0
0
0
1
0
1
0
-1
1
0
0
1
0
0
-1
-1
0
0
0
0
0
0
0
0
0
-1
0
-1
-1
2
-1
-1
1
0
-1
0
2
-1
1
0
0
0
0
1
0
0
0
2
-1
0
2
-1
0
1
1
-2
0
1
-1
0
1
0
0
0
0
-1
0
0
-1
0
-1
0
0
1
0
1
0
0
0
0
-1
1
0
-1
0
1
0
-2
1
-1
-1
1
0
-1
0
1
-1
0
0
0
1
-2
1
0
0
0
1
0
-2
2
0
-1
1
0
-1
0
0
0
0
0
1
0
1
-1
0
0
0
0
0
3
-2
0
0
0
-2
-1
2
-2
2
0
-1
1
-1
-2
1
0
-4
2
3
-3
0
3
-2
-1
4
1
-1
0
-2
-2
-2
4
-1
-1
2
4
-3
-2
5
-8
-1
4
0
-2
6
-1
-2
2
-2
3
-5
-6
4
4
-4
5
1
-8
5
-2
-1
0
0
-1
4
-1
3
0
0
1
-3
4
-7
1
7
-11
10
4
-6
-1
6
-8
0
8
-11
2
3
1
2
5
-2
0
-5
-2
-9
10
-4
1
13
1
-1
-8
11
-15
-4
5
-5
9
0
-1
8
-5
-14
9
7
-14
3
18
-7
-8
9
-3
-12
4
11
-10
3
-1
6
2
-5
3
-5
10
-6
-28
21
18
-27
17
14
-14
-11
14
-2
-15
16
-8
13
-4
-10
6
-2
-7
-6
25
2
-18
9
8
-21
-11
20
-8
-5
16
13
-16
3
9
-33
20
23
-25
4
25
-32
-12
19
-18
-19
39
1
-15
36
-17
-21
11
4
-46
38
15
-44
42
17
-30
-2
30
-41
-13
43
-24
-12
26
21
-24
-11
29
-12
-41
23
25
-44
35
14
-4
-21
-7
-5
-12
7
0
37
-9
7
31
-30
6
-21
-18
19
-23
3
18
12
2
9
2
-6
-36
-4
14
-20
-2
42
-9
8
35
-16
-17
-5
-17
2
8
-13
14
-6
4
27
-9
2
1
-13
-11
-16
17
7
-6
-6
34
-11
-24
34
-11
-5
-4
-5
-1
18
-31
29
-2
-29
40
-13
-8
12
-8
-9
3
12
14
-23
22
2
-27
-9
28
-25
12
14
-36
33
-4
-24
31
12
-30
17
-3
9
-29
0
24
-18
-4
20
17
-41
57
-15
-14
16
-42
12
-8
1
23
-7
7
-11
2
-26
9
25
-17
18
-7
8
-17
23
-26
-23
48
-33
-2
46
7
-30
26
-1
-21
3
-13
-2
-9
33
3
-29
52
-42
-19
19
0
-37
38
2
-14
32
-15
4
-2
-25
4
-14
18
-7
-9
45
7
-10
14
-4
-33
-11
7
2
16
-9
31
3
-16
-10
24
-52
4
10
-21
29
17
-22
31
9
-47
-3
-3
-2
5
21
3
7
-5
-10
1
-25
21
-18
4
35
-25
43
9
-26
-14
-6
-2
13
-16
-22
43
-42
26
14
-44
15
27
-21
21
20
-55
31
2
-9
-13
-4
49
-21
-2
40
-27
-40
16
-16
22
-33
6
37
-24
-11
59
-47
-1
19
-21
-2
20
-12
-8
26
8
-17
-5
16
-24
-15
8
19
-11
2
69
-52
-6
30
-51
-16
53
-13
-40
19
52
-62
4
63
-40
-45
50
-61
21
44
-67
57
49
-90
68
2
-42
47
-19
-37
48
-20
-47
61
-14
-61
65
46
-43
-15
30
-36
-51
51
-66
52
22
-20
12
55
-36
-33
55
5
-79
35
44
-53
3
25
-12
-15
14
-3
38
-40
0
16
-45
6
20
-13
5
14
0
48
-82
52
-20
-33
22
30
-25
35
-47
1
36
-34
43
-7
-33
10
-36
50
6
-55
67
-4
-72
37
102
-87
-39
64
21
-90
55
39
-63
-30
54
-14
-43
30
47
-15
2
15
-20
-46
16
-2
0
-4
78
-13
-39
-11
24
-63
32
49
-53
49
-45
34
41
-57
24
-65
1
15
-40
60
13
-84
34
87
-79
92
-42
35
-8
-95
80
-57
-85
60
73
-111
94
17
15
-17
-44
31
-55
27
-65
63
74
-44
-51
107
-56
-113
178
-55
-71
93
-88
43
35
-43
22
-67
21
64
-102
48
99
-151
109
27
-149
115
-22
-46
100
-77
-37
47
-40
89
-77
-18
78
-60
66
23
-92
95
-111
23
62
-62
28
40
-87
53
39
-126
128
-36
-5
74
-127
65
-52
-14
34
11
3
65
-11
39
-45
-35
-13
-26
43
56
-129
9
98
-114
28
102
-19
-177
159
65
-171
45
76
-77
6
29
21
-40
-7
87
-101
0
68
-99
-14
151
-58
-58
43
105
-175
26
167
-112
-106
177
-12
-168
147
13
-139
83
55
-161
69
49
-90
116
50
-125
-20
87
-28
-51
122
-24
-81
20
51
-53
-32
109
-51
-7
3
-12
53
-66
-42
104
-52
-74
116
19
-75
88
-49
-26
17
-5
-42
-10
149
-152
110
87
-121
14
121
-132
-104
149
-100
-70
88
20
-141
109
69
-118
53
73
-30
-79
182
-143
-57
146
-111
-36
190
-11
-147
190
-71
-162
85
52
-169
73
116
-155
132
13
-109
-87
90
-69
50
63
48
-45
48
18
-106
115
-177
64
37
14
-56
178
-69
-24
76
-69
-48
-6
-53
-10
113
-183
200
-34
-24
109
-60
-39
-60
45
-129
76
-5
-20
61
25
87
-129
60
-19
-112
64
145
-211
154
13
-89
40
18
-39
-35
74
28
58
-170
141
-161
0
68
53
-13
16
21
-164
117
-33
-2
-90
118
-15
-31
172
-172
74
-93
40
-25
-79
160
-113
111
-69
108
-139
72
47
-125
138
-17
-50
0
13
-77
-10
-13
26
126
-59
15
66
-133
58
41
-39
-101
93
63
-85
24
34
-101
8
42
-69
-14
52
-95
145
3
-12
-13
7
18
-62
66
-122
91
-28
19
66
64
-72
34
-132
11
95
-107
94
67
-170
108
-8
-154
208
-50
-112
132
3
-216
270
-147
-59
192
-181
60
-14
39
-135
135
6
-65
31
52
-115
7
109
-103
90
13
-32
76
-86
94
-39
-65
52
1
-142
167
-43
-40
114
-66
-54
5
17
-97
96
-100
51
-27
65
-4
44
37
-59
37
21
5
-169
160
-9
-97
172
-93
-13
-4
89
-53
-86
87
-137
78
-84
56
-111
149
-44
20
101
-87
-25
-27
163
-252
195
-36
37
-7
-18
15
-62
59
8
3
10
14
-44
66
-131
85
-91
40
83
-130
67
9
2
-17
109
-76
-118
61
-84
-14
-16
100
8
-43
263
-87
-72
102
-108
-114
73
-105
-8
53
53
10
192
-119
69
-130
-27
50
-63
47
-130
136
-167
191
22
-1
10
16
9
-188
253
-312
37
-21
59
11
96
20
-2
15
-96
193
-238
140
-98
43
-55
8
51
-59
31
-65
202
-16
-74
130
-77
-67
-29
-14
-9
-153
122
92
16
130
-27
-164
-25
-20
-30
-71
37
-23
9
106
31
119
-89
4
40
-58
37
-55
25
-61
80
41
-141
123
82
-54
45
75
-145
26
-74
-113
24
-34
4
85
50
-40
114
-161
114
-129
-257
181
-48
85
70
233
-165
155
29
-97
-78
-29
-2
-55
-3
5
74
16
90
49
-110
-182
-29
32
-127
63
-37
56
144
-19
70
4
-132
147
-108
-33
145
-105
-30
213
59
-237
136
-79
-150
209
-41
-82
68
50
14
63
-84
-41
-131
1
60
-40
-64
70
89
8
185
-168
3
25
-64
72
-26
-189
17
65
44
21
-42
81
-64
165
-54
-95
-51
75
-132
160
-24
-195
190
22
-61
115
-106
-82
109
133
-8
-69
47
-122
115
-46
-21
-127
27
79
-46
133
12
-201
136
-30
-38
-72
108
-126
38
9
20
-57
93
72
-130
149
-240
137
-146
218
-98
26
17
-55
185
-139
295
-302
321
-273
160
-61
-48
-21
-175
196
-335
319
-143
33
-64
113
-20
-11
79
-196
-4
-92
147
-42
164
11
0
-47
-16
58
-43
-54
-42
198
-134
166
-75
42
-92
40
53
-62
-71
85
-133
103
-26
-101
103
121
-17
78
30
-191
-111
-36
-25
-25
189
-78
230
-95
-2
-192
62
41
-91
171
-114
23
42
15
-70
185
-114
-22
89
-81
-116
59
12
-37
37
4
-34
-11
156
-165
133
-54
63
-171
244
-225
173
56
-89
196
-151
111
-162
113
-83
-119
173
-90
-42
-81
68
-63
129
13
-127
101
-5
-151
80
102
-142
195
-177
137
-80
196
-132
82
27
-199
59
-51
-4
-4
100
-99
-31
-120
89
-98
178
-25
-24
29
-42
95
-167
431
-242
194
-30
81
-45
37
11
-103
13
-138
-77
-233
261
-137
1
99
-15
-122
52
-96
-126
199
-161
244
-116
39
44
-120
249
62
153
-86
290
-154
135
-80
-114
-65
-112
-10
-169
31
-73
-69
97
8
-154
121
-27
62
-108
64
-60
-74
163
61
23
247
-63
310
-161
-89
-28
-171
199
-336
343
-229
-25
56
-77
122
-186
193
-163
133
-78
117
-87
-83
-81
57
1
-42
193
-141
220
-181
300
-321
198
-46
-100
232
-96
156
-18
-92
24
-199
61
62
-155
190
-245
206
-346
315
-285
60
57
-89
129
38
-24
31
31
53
100
40
88
-196
-89
32
68
-130
255
-215
-66
-2
-32
129
37
26
-37
-43
-14
-55
7
-80
160
-68
62
94
-147
115
-241
26
-3
109
-54
252
-159
-22
-38
-67
104
-174
247
-229
203
-191
237
-136
8
-23
23
17
108
49
-47
107
-60
-72
-63
-75
-89
166
22
51
-40
-57
-16
43
106
-89
-3
-23
-42
47
2
-187
113
80
-19
169
-174
54
-216
241
-216
157
-50
-50
71
-15
-23
-169
287
-247
355
-275
123
-20
-61
180
-155
166
-221
258
-103
205
-159
13
-44
102
97
-127
22
-104
84
-229
165
-67
-82
11
49
-112
139
-196
-63
54
-52
131
-97
281
-88
85
48
-96
119
-107
187
-43
7
-51
46
-89
125
-111
-101
-9
2
-150
130
-95
-75
-84
-109
143
-94
152
-149
365
-112
116
-79
9
-76
94
53
27
141
-228
179
-80
56
-167
291
-127
170
-8
-291
169
-228
125
-172
177
-302
151
95
-225
66
11
-129
57
148
-58
127
-8
-131
-149
71
-159
100
285
-59
-87
204
-131
182
-181
167
-178
-24
303
-184
145
-76
174
-177
296
-336
43
-68
-1
0
-171
163
-296
284
-203
278
-309
160
-39
13
-62
-52
317
-363
245
-405
243
-362
356
-362
145
37
-314
502
-403
527
-559
392
-345
156
-178
171
170
-123
346
-267
316
-226
225
-312
398
-176
199
144
-109
195
-299
185
-250
266
-42
129
97
-114
65
-57
-138
240
-74
16
150
-27
23
-152
248
-236
131
-86
-22
43
48
54
-246
76
-183
124
-190
241
-333
-91
128
-203
105
-189
114
-286
212
-14
-120
135
125
-58
-65
114
-285
95
-188
61
-94
174
-48
-50
78
64
-148
61
-188
-24
-35
56
146
-151
490
-470
347
-77
-110
12
100
59
-48
262
-129
89
-155
171
-223
258
-165
31
-136
293
-276
275
45
-59
104
153
89
-52
239
-557
310
-130
-95
-56
140
-147
358
0
-137
-50
-258
178
-195
-13
-111
166
186
-31
-174
19
-109
-115
87
-419
540
-602
594
-250
-60
127
-428
692
-550
524
-683
698
-223
260
-432
-44
-544
44
824
-529
860
-506
860
-849
824
-1240
451
-6
266
836
-352
529
-981
698
-412
959
-610
605
237
310
-406
-238
-64
-649
657
-800
850
-596
241
-510
-228
-300
-488
401
-163
723
-266
-120
-336
-61
-663
239
278
368
398
152
328
-378
-113
-530
571
198
399
404
-212
-274
-330
-324
-274
-85
-312
66
202
-80
-408
-242
-549
30
223
225
258
-103
333
-185
399
-172
21
77
27
306
205
417
-430
176
62
311
-253
320
-32
-85
355
-515
413
-254
-336
-251
43
-76
-209
-265
-187
17
-458
-176
176
107
-161
184
47
-31
140
18
-9
56
-87
33
371
-7
9
158
205
37
-52
-191
295
-47
-152
318
211
345
-146
254
-229
120
11
-167
681
-386
294
-54
5
-176
-10
204
123
147
-27
114
-254
159
-704
477
-300
-268
-76
-316
-14
-938
413
-674
102
-205
-252
71
-167
30
-150
200
-140
117
-250
235
-97
-102
119
327
-139
204
162
-69
428
23
730
-73
453
-28
-42
210
-550
249
-54
339
259
599
274
38
-316
8
-12
-121
131
-233
326
-668
-250
-647
-584
-345
-254
311
160
238
31
163
-90
-235
-435
-94
-347
-307
-172
-47
-248
-403
-38
-138
166
69
582
490
560
451
392
173
14
237
397
794
-28
706
165
222
325
-88
505
122
384
383
788
345
46
-5
29
-57
-129
69
-158
-126
-540
-315
-797
-854
-648
-750
-8
-379
-30
-247
-228
-433
-789
-399
-745
-449
-590
-549
-723
-882
-851
-803
-862
-667
-486
-301
-48
-140
198
61
276
210
361
672
390
693
484
730
419
527
649
360
800
622
667
605
683
726
647
737
692
568
442
320
313
389
465
382
215
175
342
137
358
388
570
578
333
664
532
573
197
257
491
355
475
59
31
-141
-536
-378
-649
-612
-905
-1051
-840
-1089
-1086
-1573
-1659
-1762
-2008
-1814
-1692
-1717
-1886
-2136
-2141
-1986
-1750
-1700
-1618
-1673
-1920
-1705
-1727
-1510
-1418
-1253
-982
-561
-239
-235
100
412
1018
2006
2801
3609
4129
4362
4882
4968
5118
5197
5470
5530
5598
5625
5231
4894
4339
3577
2905
2393
2037
1927
1457
1105
194
-561
-1114
-1517
-1826
-2212
-2834
-3467
-3569
-3951
-3868
-3836
-3958
-4156
-4298
-4203
-4018
-4327
-5051
-5599
-6121
-6482
-6751
-7161
-7810
-8560
-9409
-10403
-10905
-8929
-5207
891
3302
2803
604
-331
2528
5067
8007
8159
8989
10164
12389
13973
12275
9194
6196
5734
7132
8157
8630
7708
5491
2585
-889
-2770
-3818
-3938
-3859
-4240
-3561
-2442
-715
-540
-2160
-3049
-2568
839
2784
3905
3253
2046
1578
1844
3763
4358
3545
2121
1912
2914
2350
72
-2869
-4181
-4044
-4022
-4123
-5604
-7631
-10268
-11812
-12494
-12387
-13013
-13238
-13632
-13122
-13609
-14106
-11447
-7055
494
2738
3114
663
1375
5395
9160
12479
12251
12775
14382
17261
18931
16468
12371
8397
7729
9168
9762
9793
7458
4358
462
-3757
-5506
-7006
-6632
-7120
-8411
-9092
-9561
-8227
-8092
-8205
-8086
-5665
-652
3657
6443
5825
4734
4787
6631
9553
11024
10897
9502
8454
7513
5674
2676
-437
-1994
-1582
-1067
-1500
-4270
-7702
-11124
-13197
-14189
-14148
-13794
-14005
-14669
-15125
-16245
-17197
-19030
-18788
-14110
-6077
3697
6971
6948
2987
3189
6385
10800
14404
15519
17496
19563
21944
21207
16954
11286
7063
7065
8979
10720
10697
8043
3486
-2546
-7768
-9790
-9909
-8900
-9275
-9937
-10550
-10619
-10226
-10786
-10542
-9774
-5620
571
6374
8936
7307
4682
4202
6815
10785
13459
13873
12231
9686
7160
4507
1608
-1395
-2494
-2236
-1172
-1647
-4920
-9356
-13942
-16004
-16588
-15978
-15213
-15111
-15248
-16408
-17463
-19542
-19790
-15297
-7141
3766
7613
7128
3706
3373
7494
11308
14525
14887
17045
20142
22803
22503
16962
11088
6395
6801
9141
10675
10700
7215
2875
-3265
-8208
-9911
-9522
-7798
-8128
-9138
-10282
-10284
-9243
-9221
-8816
-7981
-4075
1712
5853
7510
5775
3997
4348
6970
11372
13833
13686
11213
8706
6914
4382
1018
-2198
-2834
-1957
-1878
-3769
-7551
-11123
-13850
-15485
-15635
-15456
-14458
-14642
-14700
-16257
-17614
-19801
-19622
-13730
-4592
6353
7999
6063
996
2134
7422
12565
16071
15777
17553
19600
22162
20986
15580
9740
5990
7587
10570
12016
10875
6223
1176
-5018
-8765
-8662
-6975
-5161
-6821
-8708
-10367
-10261
-9357
-9609
-8252
-6713
-1910
2367
4422
4772
2480
1717
2724
6662
11345
13601
12685
9685
7058
4850
2504
485
-1355
-853
-918
-1921
-4544
-8628
-11077
-13358
-13243
-13261
-12789
-12888
-13694
-14373
-16394
-17637
-20202
-17306
-9986
1259
9038
6722
2120
-2826
2221
8698
15161
16907
16210
17437
18645
19871
16443
11228
7043
6128
9392
11469
11651
8454
2742
-2624
-8306
-9249
-7173
-3723
-3054
-6241
-9461
-11632
-10607
-9491
-7948
-5523
-2802
1448
3489
4033
2722
839
1199
4071
9173
13285
13770
10970
7004
4191
2212
1191
484
113
330
-950
-3187
-7088
-10731
-12603
-12862
-11371
-11102
-10864
-12305
-12868
-14921
-16267
-18754
-18661
-12009
-2118
9361
9154
4395
-3004
-2114
5276
12674
17681
16754
16696
16767
17580
16270
11510
8064
5880
8013
10054
10317
8340
2886
-2282
-8377
-10855
-9008
-4630
-1467
-4107
-8980
-13425
-13569
-10399
-7266
-3485
-1400
1543
3073
3351
2759
1416
1979
4183
9079
13505
15356
13108
8396
4303
1596
1242
1693
2205
2112
-58
-3423
-7634
-11296
-13051
-13133
-11347
-10538
-10562
-12033
-13521
-14979
-16744
-17965
-19690
-15030
-6318
6224
11755
7176
-469
-5765
880
9604
18430
19964
18064
16869
15860
16080
12820
9905
8169
8291
10503
9786
8795
4395
-715
-6211
-11180
-10071
-6356
-1038
-1701
-7301
-13573
-16169
-12580
-7923
-3081
-448
917
2255
1823
1943
1422
1991
4209
7792
12699
15235
14478
9870
4932
1839
1129
2457
3367
3242
785
-3394
-7553
-11126
-12988
-13078
-11809
-10257
-10636
-12026
-14510
-15697
-17290
-17647
-19308
-17020
-9362
2102
11895
8818
1521
-6915
-2665
7579
18249
22674
19728
16691
14250
14534
13665
11484
10721
9824
11108
9766
7859
5137
467
-3558
-9295
-9813
-6987
-1810
-479
-6052
-12889
-17413
-14633
-8967
-3323
408
655
1160
-366
-361
573
2254
5276
7806
11466
13641
13474
10198
5744
2969
2140
3524
4502
4117
1573
-2905
-7135
-10466
-12093
-11760
-10958
-9506
-10362
-11889
-14835
-16132
-16993
-16899
-17389
-17056
-10945
-1985
9085
8774
2651
-5856
-4981
5145
15815
22395
20153
16182
12823
12350
13142
12457
12788
12238
11663
9422
5644
4128
1517
-394
-5188
-8293
-7120
-3662
-795
-5035
-11661
-16943
-15919
-9792
-4151
369
508
-27
-1869
-2837
-761
2068
6297
8661
10478
11775
11568
10313
7492
5575
4568
4782
5404
4871
3118
-1112
-5366
-8785
-10624
-10438
-10263
-9248
-10053
-11952
-14669
-16862
-17086
-17035
-16184
-17055
-13621
-7346
2583
7578
3610
-2487
-6646
921
10763
19806
20986
17299
13514
11367
12503
13126
14317
15024
13948
11078
5772
3176
2434
2097
-261
-5545
-7224
-6300
-2807
-3408
-8628
-14208
-16408
-12088
-6622
-1497
214
-660
-2314
-4433
-2863
757
5654
9010
9689
9977
9653
9733
9016
7931
7078
6035
5936
5250
4354
1571
-2338
-5796
-8339
-9217
-9538
-9316
-9452
-10968
-13284
-15962
-17080
-17019
-16135
-15775
-16256
-12807
-7019
2342
5010
1979
-3355
-4666
3080
11357
18789
18712
16084
12893
11447
12174
12739
14767
15705
14502
10225
4582
2750
3277
4015
786
-4817
-7271
-6392
-2966
-3978
-8442
-13626
-14602
-10088
-4970
-651
-358
-1465
-3285
-4347
-1865
2089
6651
8548
8199
7568
7586
8702
9038
8631
7139
5496
4607
3900
3367
1143
-1856
-5426
-8167
-9240
-9400
-8455
-8486
-10141
-13101
-16005
-16753
-15737
-14522
-14222
-15975
-14279
-9854
-795
4544
3342
-1110
-4687
673
7935
16016
17993
16600
13815
11178
10875
11268
13806
15720
15344
11544
5871
3211
3712
4806
2899
-2305
-5279
-5236
-2510
-2601
-6232
-10748
-12959
-10553
-6852
-2666
-686
-641
-2279
-4488
-3939
-1051
3451
6681
7902
7548
6765
6216
6446
6844
6852
6222
5249
4346
3174
1866
-644
-3521
-6698
-8136
-7628
-5933
-5207
-7255
-10735
-14117
-14442
-12990
-10492
-10439
-12129
-15171
-16287
-12174
-4866
4085
5651
2907
-2908
-3447
1934
9252
15865
16712
15216
11386
9109
8669
9585
12303
13653
13741
10286
5975
3285
2546
2925
1233
-711
-2210
-2129
-2137
-4314
-7117
-9321
-8414
-6049
-3580
-1541
-1421
-1470
-3003
-3398
-2209
395
3788
5837
6851
6251
5052
4052
4246
5491
6340
6096
4374
2687
1094
-614
-2632
-4476
-5164
-4853
-4217
-4843
-7118
-10026
-11634
-11236
-9859
-9370
-9996
-11786
-12907
-14122
-13871
-10571
-4871
2364
4046
2184
-2710
-3467
334
6362
12480
14428
14373
10880
7957
6235
7067
10644
13560
14982
11354
6409
2430
1837
3481
3463
2394
133
-694
-1379
-2836
-4549
-6359
-5772
-4853
-3236
-2024
-1319
-470
-1524
-2186
-2907
-1592
978
3591
5431
5232
4247
2851
2647
3093
3917
4399
3859
2615
662
-1015
-1626
-1876
-2435
-3785
-4969
-4981
-5022
-5525
-7278
-8680
-9391
-8845
-8320
-8059
-8843
-10447
-11682
-12770
-10666
-6559
-130
3303
2227
-1675
-4946
-2639
2488
9110
12217
11874
9174
5916
4897
5239
8319
11830
14049
12654
7886
3705
1740
3059
4640
5391
4967
2884
619
-2294
-4082
-4505
-3687
-1756
-801
-98
-559
-1421
-2665
-3968
-3758
-2343
505
2896
4209
3661
1867
99
-344
831
2602
3624
3561
2557
920
-707
-1736
-1721
-1371
-1266
-2001
-3056
-4599
-5828
-6737
-6405
-5577
-5064
-5271
-6211
-7016
-7804
-8286
-9057
-9528
-9709
-7671
-4034
256
1564
-795
-4106
-5058
-1391
3542
7828
8955
8367
6372
4546
4015
5329
8568
11226
12085
9722
5999
3484
3275
5312
6720
6520
4508
1836
169
-814
-476
-181
-53
-320
-1297
-1974
-2508
-2218
-1857
-1588
-1638
-1711
-1173
-407
333
301
-123
-272
338
1298
1865
1943
1859
1648
1272
582
158
-8
-155
-485
-1391
-2353
-3156
-3429
-3263
-3102
-3173
-3638
-4416
-5129
-5552
-5240
-4899
-4874
-5525
-6727
-7767
-8387
-7854
-6055
-3708
-1606
-1062
-1414
-2154
-1963
-641
1446
3816
5374
6243
5854
5064
4333
4605
6268
8329
9910
9359
7538
5436
4575
4830
5166
5214
4475
3600
2101
593
-628
-1024
-615
-285
-240
-925
-1857
-2794
-3247
-3031
-2726
-2269
-1788
-882
-46
121
-308
-771
-475
197
1021
1647
1929
1846
1360
908
664
573
427
-31
-806
-1557
-1743
-1488
-1264
-1728
-2737
-3406
-3315
-2522
-1888
-2190
-3353
-4598
-5125
-4728
-4241
-3826
-4176
-4951
-6070
-6362
-4921
-2544
-152
-113
-940
-2398
-1990
83
2923
5583
6000
5301
3440
2771
3287
5050
7238
8141
7902
5752
3972
2926
3323
4152
4283
3920
2619
1259
-247
-1302
-1575
-1401
-743
-632
-980
-1673
-2463
-2646
-2972
-2651
-2296
-1525
-822
-386
112
231
491
574
1078
1736
2192
2699
2945
3165
2570
1478
473
-11
246
448
563
-244
-1532
-2753
-3174
-2598
-2031
-1621
-1862
-2133
-2528
-2905
-2984
-2952
-2508
-2498
-2589
-2681
-2411
-1622
-1308
-1393
-2264
-2938
-3281
-2736
-1219
577
1711
1050
-414
-1618
-1543
-518
666
1779
2170
2049
1285
428
132
580
1935
3155
3395
2579
1491
774
525
665
1079
1967
2335
2146
1139
122
-340
-273
490
826
1014
717
621
587
534
785
1100
1800
2253
2401
2271
1809
1510
1362
1445
1644
1497
1152
307
-592
-1161
-1210
-780
-660
-930
-1658
-2314
-2723
-2639
-1925
-1103
-538
-924
-1587
-2003
-1587
-494
751
1631
1589
1047
446
420
725
996
997
641
256
-186
-615
-1119
-1735
-2223
-2586
-2781
-2704
-2373
-2157
-2427
-3091
-3752
-3879
-3491
-2552
-1623
-1106
-1132
-1406
-1292
-923
-155
628
1663
2484
2851
2763
2470
2507
2621
2836
3006
3325
3678
3691
3262
2394
1571
1162
1349
1873
2126
1604
339
-1148
-2055
-2002
-1151
-311
-122
-404
-876
-1250
-1517
-1506
-886
20
700
870
649
386
156
321
859
1651
2061
1897
1462
928
656
432
509
795
1141
1476
1115
315
-747
-1327
-1234
-843
-495
-603
-933
-1424
-1796
-2134
-2366
-2364
-2134
-1728
-1535
-1597
-1910
-2203
-2391
-2275
-1892
-1285
-752
-596
-726
-969
-987
-635
-145
375
707
817
831
643
568
594
775
792
481
181
116
412
716
683
437
195
153
136
-46
-85
53
396
544
364
132
66
419
992
1393
1319
961
798
1053
1409
1607
1664
1734
1778
1632
1282
978
774
772
789
661
294
-341
-801
-983
-777
-702
-913
-1360
-1744
-1844
-1646
-1180
-713
-368
-415
-589
-670
-432
63
607
1086
1357
1346
1043
729
687
1009
1540
2023
2267
2019
1198
221
-289
8
624
974
640
-137
-1010
-1658
-1823
-1560
-1071
-819
-997
-1635
-2260
-2649
-2521
-2073
-1557
-1164
-1134
-1312
-1736
-2063
-2045
-1575
-903
-363
-47
64
-68
-383
-802
-842
-317
652
1495
1700
1178
272
-312
-124
740
1623
1889
1495
731
227
275
666
1197
1284
1124
770
589
533
517
510
498
619
702
724
475
141
-28
147
580
992
1125
897
466
49
-63
123
401
669
688
522
188
-113
-101
93
396
487
303
-24
-405
-577
-647
-498
-218
86
275
110
-233
-747
-1061
-1137
-820
-353
-60
-97
-582
-1100
-1538
-1613
-1299
-831
-525
-686
-1169
-1673
-1863
-1750
-1461
-1173
-939
-792
-726
-703
-694
-720
-663
-390
211
903
1309
1144
556
39
70
738
1583
2157
2168
1720
1100
641
580
901
1349
1623
1558
1180
773
540
552
613
624
537
449
407
319
203
31
-34
-68
-29
14
4
-14
-121
-263
-471
-493
-302
-9
133
51
-127
-213
-113
122
327
335
79
-293
-467
-338
-61
171
154
6
-301
-657
-913
-1022
-874
-781
-662
-625
-770
-1079
-1502
-1590
-1320
-794
-515
-627
-1003
-1282
-1160
-720
-91
358
570
567
464
378
289
342
602
1017
1339
1289
1047
841
966
1174
1271
1223
1034
775
458
286
250
198
113
-13
-70
-220
-468
-664
-695
-446
-245
-186
-327
-540
-587
-465
-228
-61
-5
-59
-144
-138
-60
71
151
130
80
24
63
122
185
205
111
30
-85
-112
-116
-124
-83
1
136
186
140
-47
-290
-453
-376
-16
452
640
454
70
-166
-37
275
530
540
398
288
278
328
309
184
56
24
59
78
34
-23
-107
-242
-419
-572
-538
-395
-231
-190
-345
-611
-815
-822
-600
-322
-169
-208
-351
-450
-453
-367
-262
-134
0
103
216
293
217
25
-192
-190
28
326
522
461
150
-252
-414
-286
34
269
304
169
-50
-163
-148
-37
112
244
303
308
266
266
334
452
604
739
818
844
797
686
565
538
641
818
975
949
760
526
387
422
452
357
109
-201
-407
-537
-552
-561
-614
-819
-1107
-1283
-1311
-1172
-1041
-878
-745
-698
-803
-931
-948
-781
-502
-212
4
75
52
-26
-38
-23
108
275
433
468
331
105
-103
-159
-102
-18
-6
-96
-223
-318
-371
-441
-531
-520
-392
-202
-77
-82
-191
-238
-140
112
414
687
924
1045
1067
970
896
941
1115
1313
1368
1252
1084
992
910
823
660
477
303
187
157
107
-52
-399
-777
-980
-958
-768
-590
-534
-644
-833
-972
-985
-846
-609
-325
-85
13
-54
-241
-335
-210
62
274
304
160
-65
-305
-465
-458
-266
-27
65
-82
-421
-691
-741
-539
-285
-182
-245
-400
-456
-415
-304
-163
15
211
295
244
181
291
540
745
783
692
657
754
899
920
832
770
836
963
1008
874
600
374
250
261
345
384
286
-4
-405
-739
-863
-711
-479
-328
-352
-555
-822
-1054
-1121
-1030
-747
-416
-177
-173
-358
-529
-524
-328
-49
164
258
195
63
-11
47
183
237
192
107
80
99
94
22
-97
-192
-204
-126
-50
-78
-197
-268
-180
13
183
186
102
50
91
205
319
417
499
580
648
634
551
424
337
345
431
475
394
247
95
-22
-104
-132
-112
-120
-189
-296
-411
-494
-504
-415
-282
-162
-144
-218
-299
-312
-237
-112
8
99
137
150
139
53
-75
-166
-111
6
81
-3
-182
-346
-408
-372
-311
-249
-171
-98
-110
-206
-310
-306
-177
6
156
187
137
79
101
146
156
159
198
313
431
501
471
371
276
247
292
368
404
334
203
96
87
108
96
54
32
23
-25
-141
-244
-249
-157
-75
-105
-189
-249
-245
-183
-85
1
19
-13
-51
-62
-12
73
166
211
154
66
9
13
47
48
1
-71
-134
-155
-143
-164
-196
-256
-306
-351
-374
-366
-342
-334
-352
-370
-395
-333
-191
-17
71
63
71
121
215
276
308
366
446
491
470
399
372
393
428
434
391
383
352
266
132
44
-4
-27
-72
-133
-178
-240
-288
-318
-288
-221
-168
-162
-238
-353
-396
-284
-104
-1
-34
-170
-240
-196
-83
-13
-3
-9
26
48
-22
-146
-238
-201
-118
-38
-52
-71
-76
-57
-76
-137
-207
-199
-84
34
160
181
177
122
96
93
167
353
529
599
444
235
134
232
439
560
522
382
260
194
199
221
250
178
35
-112
-159
-50
66
20
-210
-451
-546
-412
-186
-13
5
-121
-305
-434
-422
-289
-71
90
121
-20
-206
-304
-268
-185
-119
-94
-44
-8
-37
-133
-308
-393
-363
-140
63
76
-118
-370
-448
-360
-137
25
92
58
-16
-30
-22
22
55
98
160
231
278
280
289
286
291
296
349
400
437
421
321
188
111
165
305
447
485
379
215
69
92
166
208
181
81
20
-39
-50
-58
-100
-228
-395
-452
-384
-242
-144
-108
-172
-340
-496
-522
-454
-357
-252
-158
-109
-172
-306
-429
-443
-341
-163
42
121
62
-114
-203
-183
-13
145
213
210
174
173
182
262
284
236
121
78
176
319
387
292
87
-93
-119
17
157
162
14
-173
-324
-324
-188
28
200
217
78
-125
-213
-141
71
267
338
292
227
222
274
294
261
268
313
409
487
538
474
291
61
-115
-155
-124
-54
-43
-114
-239
-328
-350
-379
-416
-462
-501
-534
-511
-436
-420
-443
-487
-519
-470
-351
-193
-91
-51
-64
-100
-83
-6
154
269
300
287
232
244
208
238
250
333
417
463
376
204
70
3
41
56
100
67
11
-34
-93
-173
-205
-190
-134
-110
-91
-110
-61
51
148
171
108
68
24
68
153
265
315
276
200
141
161
188
191
140
86
48
10
-81
-173
-252
-243
-226
-249
-314
-332
-344
-351
-342
-303
-208
-109
-23
13
-16
-127
-238
-272
-174
10
204
330
345
280
132
67
76
166
226
197
68
-66
-79
27
183
262
225
100
-21
-54
-5
56
57
54
25
38
37
-1
-19
-87
-86
-54
55
130
109
3
-116
-196
-200
-120
-13
38
-74
-160
-225
-167
-107
-61
-78
-136
-101
-62
-69
-117
-87
-48
-15
24
63
99
74
77
49
18
-25
19
87
184
242
183
74
-94
-108
-63
72
169
188
141
27
-16
-64
-11
44
119
138
132
99
28
-35
-134
-74
40
234
352
398
346
101
-100
-265
-305
-372
-371
-340
-290
-195
-80
63
111
114
30
-115
-157
-135
0
142
207
165
4
-96
-119
17
120
184
129
1
-99
-149
-30
50
108
49
-28
-81
-127
-155
-158
-113
-67
-9
55
100
67
-33
-130
-181
-136
-62
42
131
110
49
-36
-104
-164
-106
-53
-13
18
48
97
93
101
57
19
9
89
192
186
207
136
143
112
122
194
213
215
107
50
-39
-75
-85
-106
-106
-130
-69
-35
-43
-50
-163
-195
-181
-116
-72
-87
-104
-141
-87
-45
49
93
104
79
19
-25
-34
-20
14
53
3
-16
-50
-21
8
11
-24
-119
-156
-220
-167
-149
-133
-116
-100
5
38
62
-6
17
54
104
154
182
204
135
194
234
326
281
238
217
100
40
-25
58
88
97
98
-20
-130
-213
-223
-203
-197
-147
-80
-13
-39
-122
-222
-298
-223
-90
102
182
168
21
-102
-89
3
189
330
435
318
72
-51
-90
-11
45
101
119
51
5
-126
-179
-227
-216
-184
-204
-133
-129
-112
-211
-171
-184
-135
0
23
66
-28
-28
-47
-8
150
295
358
317
301
124
36
9
48
112
136
202
131
82
-49
-87
-71
-91
10
-10
12
-73
-137
-174
-206
-102
-128
-186
-264
-160
-125
-49
-27
-56
-98
-69
-72
-101
-23
-21
62
134
186
197
183
131
70
2
74
187
346
381
284
125
-68
-142
-124
-30
94
103
8
-189
-240
-250
-110
-21
-91
-163
-296
-329
-346
-215
-34
88
180
193
109
-74
-189
-113
56
263
386
443
378
128
24
-86
-48
-5
123
209
110
78
-60
47
12
57
-140
-168
-250
-324
-195
-216
24
87
130
59
-32
-76
-184
-147
-66
-34
53
192
287
112
16
-109
-99
-23
24
66
52
-29
-53
-64
21
117
67
9
-86
-95
23
3
75
-71
-12
-99
-167
-109
-109
-14
-3
159
-4
-35
65
156
173
-48
-9
-22
-14
-38
105
221
144
191
32
-6
-39
56
-27
36
82
-32
14
32
75
3
39
15
-270
-108
-159
-70
-20
-12
136
-43
47
-16
-159
-263
-199
-56
33
182
141
106
65
-36
-8
-141
-9
-41
35
73
25
39
-11
-53
-40
-84
-34
176
46
47
-100
-50
-272
-163
-130
-75
40
24
229
70
52
-53
-109
-171
-182
-17
131
202
218
83
191
123
136
0
-36
15
-130
-90
-91
-20
4
154
90
116
130
-61
-250
-211
-66
-83
64
118
204
171
38
87
-105
-170
-119
-79
163
-88
-26
58
52
109
11
79
-89
-102
108
76
-49
82
155
160
69
116
-5
-67
-180
-209
-160
-86
-131
-54
109
-53
57
-14
0
-135
-196
-81
-344
-52
-240
70
142
229
299
-2
131
-212
-79
-291
-47
81
182
406
196
221
47
31
-137
-11
-10
-218
-70
-115
52
90
313
164
15
33
-112
-199
-272
-159
-15
158
208
173
-91
-58
-100
-76
-33
54
132
-54
108
7
8
105
12
-21
49
64
-94
-139
-79
-81
-69
-20
262
120
57
-120
-77
-252
-225
-31
44
-33
45
-44
73
-66
-77
-13
-39
116
18
338
-84
14
-42
-96
75
-154
90
9
88
228
90
236
28
-30
-19
-205
56
-198
-88
24
62
111
-81
106
-145
-41
-73
-181
-90
-157
-64
108
342
65
141
-22
-88
-236
8
-32
-34
32
-56
129
146
174
51
3
-183
-23
-183
4
-155
188
209
198
147
121
104
-256
139
-135
-45
-136
-125
-178
34
235
-72
0
-157
-53
-67
35
-11
-58
7
-22
32
60
121
-165
-117
-44
-16
-1
-38
288
47
201
34
78
168
47
-87
-4
71
-121
103
-68
67
-196
108
5
-58
-48
-30
-20
-133
19
65
129
53
3
-114
-146
-308
-87
111
183
189
192
-24
-44
-176
-48
24
245
273
-13
-187
-209
-10
-164
86
216
220
132
104
-4
-110
-265
-214
-83
-83
-127
51
91
-68
22
-81
-212
-168
-146
-164
84
21
95
175
-13
15
31
-77
-64
-153
-41
54
194
217
104
-26
-18
-95
-61
-35
-132
57
225
113
129
312
-129
-54
-125
26
-80
-27
48
29
151
54
36
-18
85
73
129
-133
277
190
95
-30
-278
-206
-230
42
-55
187
-108
-109
-129
51
-140
-71
-86
84
-119
1
244
-173
126
19
-106
-12
-131
42
-69
11
-32
-77
-6
135
-2
102
-49
-16
100
-8
111
152
-20
-29
156
113
-56
-7
-24
-16
-115
-21
81
-88
73
210
30
13
-194
-170
-26
-114
-120
26
53
130
56
67
-31
-211
-92
-126
-125
422
218
189
-42
18
-113
-120
196
19
143
-8
242
20
-61
-43
-51
54
-27
49
-179
-209
-96
-377
-341
-79
-190
-91
2
-7
118
7
-39
104
-82
-21
277
136
291
312
379
198
162
-5
-144
117
473
76
104
74
-273
-357
-290
-326
-269
-84
-191
-29
-342
-217
-402
-67
-112
201
195
80
205
-179
-115
-35
76
29
218
585
369
525
192
-253
-153
-155
-21
146
285
449
307
-42
-181
-546
-337
-446
71
25
97
109
-234
-106
-93
91
-126
-76
-160
-233
-248
-169
-255
110
273
267
88
301
-96
12
8
59
88
187
301
311
417
-3
-210
-39
-175
-77
42
289
-185
-141
-84
-499
-155
-427
303
-182
26
158
-95
-170
-189
-74
-272
305
223
214
-50
265
-21
66
150
214
-201
-85
433
-45
58
-52
27
-153
271
-188
-92
-32
-141
-107
-200
171
-49
314
108
245
-239
-23
41
-182
-33
64
126
-119
5
91
-183
-123
197
-71
-134
54
-178
310
7
315
108
-306
181
-111
270
-144
-6
-61
78
273
145
-84
-294
-246
-389
-75
-140
-85
36
-12
-146
107
30
-76
30
-226
175
-271
121
-69
-246
-51
263
86
35
-47
177
44
112
259
87
46
300
181
142
-111
-125
-239
-47
-154
-113
173
-114
120
-186
-95
-143
82
283
151
145
-72
142
-308
-30
-117
217
101
12
94
-379
-39
-89
-99
113
-45
301
76
156
122
92
-72
-135
-111
-138
90
128
85
-39
129
-19
-18
-276
-107
-152
-8
21
56
9
-65
-2
184
-55
-101
52
-207
-107
24
63
-43
158
249
158
209
-47
88
-192
-134
-80
-3
87
101
176
-51
-205
-192
-173
-119
24
-178
223
-100
131
-4
-124
-152
-47
-29
38
279
198
-61
38
-2
54
70
25
-24
-74
46
-17
158
28
-24
-2
-160
114
34
39
-1
-58
-88
71
-32
-87
194
109
-64
-57
113
-272
170
-26
2
-66
-113
-29
-305
-37
25
-85
33
-46
206
2
0
97
-147
37
-23
292
82
-17
261
-311
131
-19
-42
-13
-457
230
-163
141
139
-11
19
-134
63
-288
-319
-195
-57
-14
293
96
46
10
6
153
-194
235
84
190
35
157
151
-86
35
76
-35
98
-16
116
72
97
251
-375
-45
-71
-315
-50
-39
-158
44
-143
-50
-195
14
-15
-16
230
-242
89
-218
21
109
74
219
158
248
55
160
87
-116
92
178
-206
348
-232
97
7
-272
57
-257
-92
85
-81
183
-160
-137
-174
-259
13
-149
-11
132
161
53
158
12
-98
-142
115
19
139
322
5
24
-13
26
-219
-25
-9
16
-21
40
-19
-144
-164
14
-273
152
-113
52
-111
89
13
64
450
-163
357
120
-73
-144
-207
-161
-98
-13
103
341
79
286
18
-105
-161
36
-395
230
-425
316
-17
7
103
-168
254
-315
272
-106
-124
64
-12
15
126
60
18
8
-114
-54
-274
-190
-104
130
92
79
323
-4
12
-127
-159
15
-276
176
80
-146
279
-201
148
-41
-7
75
-90
64
35
-55
105
-94
290
-53
-120
-105
-132
-316
-53
54
109
192
101
120
-64
59
-103
16
-65
41
-170
136
-75
373
63
103
-95
-29
57
-134
-95
28
-102
-45
123
-271
233
-142
212
-48
-274
169
-155
137
-83
200
217
-317
284
-215
-41
207
-223
163
-271
49
98
-194
251
-51
-67
178
-55
96
-145
159
-96
-8
78
-1
72
93
31
38
-103
115
224
-295
199
-100
-83
-30
-50
-176
-129
202
-111
49
-26
-21
-315
303
-326
190
-120
20
205
-260
191
-5
-1
56
117
116
86
-44
95
-128
70
-102
-98
21
-113
66
35
18
44
-173
325
-232
28
-206
30
-127
-239
160
68
-67
287
119
-241
187
-310
204
-193
215
-50
44
112
-22
129
-265
167
-41
22
-39
88
-57
-92
144
51
-105
194
-168
-31
171
-257
244
52
-12
20
-3
14
-129
-11
-67
-284
22
-206
-96
125
44
38
-3
87
49
-89
37
13
134
63
90
239
-88
-3
-147
-75
-24
-184
141
74
33
216
-236
165
-85
-262
-26
-27
-30
-136
58
-147
-43
262
-222
73
22
-311
306
-221
140
167
-42
259
80
209
-94
89
-14
-142
-12
-4
80
94
31
139
-23
4
-47
-31
0
-196
-71
67
-192
24
-15
4
-4
-19
176
-63
17
50
16
-44
0
269
-82
-24
176
-329
31
-189
132
-106
19
105
-106
56
139
-151
148
-149
-31
-243
-38
280
-260
261
-105
141
-146
120
-168
-21
253
-238
197
-75
225
-42
125
22
-82
22
120
-32
50
-5
-217
-9
-77
28
-57
-21
-10
-119
-15
10
-157
189
-47
138
-45
108
-133
-26
-75
-14
34
-91
46
170
-147
172
-10
5
107
-93
232
-232
114
-308
149
119
-144
365
-241
103
-89
-90
22
-140
193
-163
123
45
123
-36
-139
65
-67
-219
236
-136
-92
96
-17
114
49
-175
-6
-93
-80
100
2
97
117
73
60
20
-168
149
-32
23
-123
112
-7
124
-42
148
-221
88
-281
8
29
-61
257
-200
164
15
-243
40
85
-241
285
-222
121
5
-105
54
-206
158
-257
217
222
-60
338
-109
-4
124
-306
97
-70
-12
226
-157
210
-217
126
28
-167
194
-230
118
-241
54
77
-148
137
-46
-2
-21
-49
-95
-83
151
-14
115
22
124
-29
-104
8
-247
118
-26
278
2
188
31
-140
288
-314
298
-170
70
126
-113
102
-330
-16
-145
-91
-38
-157
-49
-111
-81
-55
75
-233
175
-89
226
55
122
113
-115
245
147
-118
582
-460
182
92
-215
341
-357
185
-184
125
18
-137
36
-158
-270
187
-340
-35
-233
213
-127
83
122
-170
196
-79
98
-34
318
-119
184
153
21
-32
43
-70
-71
36
-71
5
88
-162
81
-4
-126
83
-135
145
-68
182
-212
132
0
43
-17
-79
228
-264
114
-86
-25
47
-232
286
-99
54
76
-283
323
-378
94
-144
-61
90
-242
117
105
14
255
287
-75
13
-244
7
-175
52
-52
68
312
-53
175
-100
-98
21
-12
-113
16
18
-130
116
100
-98
98
51
-133
-11
-163
-120
-11
78
-15
227
107
20
1
33
-65
-224
102
24
101
155
25
-38
-141
-137
-3
-212
109
-192
15
149
-293
5
-77
-29
121
29
-110
101
-34
155
-78
227
-72
4
352
-60
269
-185
82
5
-249
297
-226
73
22
-66
154
-241
9
-67
-87
110
-126
90
-127
20
-35
-77
174
-223
127
-28
-11
262
-131
56
191
-49
142
-162
170
-147
124
38
-106
113
-159
-116
138
-287
282
-172
142
-26
-262
153
-269
245
-158
225
47
1
30
-167
-185
97
-128
-52
235
-16
65
-20
77
-73
58
53
-41
67
-167
9
-139
124
19
-169
332
-271
193
-50
-147
142
-158
333
-92
197
143
-277
176
-366
43
-56
-224
328
-93
72
26
67
-123
-1
-73
-104
61
-27
187
-186
167
-166
30
0
-6
23
-84
328
-158
286
-122
-120
114
-200
138
-191
48
24
-181
273
-38
-29
228
-248
234
-177
-44
87
-205
78
-37
114
55
-67
187
-137
79
61
-215
190
-306
155
-155
-9
142
-183
307
-263
148
-94
27
95
-149
248
-208
100
-30
-163
239
-319
117
-28
-46
9
-94
252
-49
-30
239
-297
282
-87
-125
481
-534
427
-356
50
200
-341
339
-98
137
94
-203
321
-425
272
-235
197
46
-222
243
-304
95
-49
-40
162
-103
-44
161
-222
93
-220
130
-220
91
-49
75
107
-136
226
-136
171
-246
255
38
-124
289
-198
162
-193
30
129
-324
344
-240
20
166
-184
47
-133
61
-98
136
68
-95
112
-113
-29
273
-259
212
-264
130
-131
78
39
-18
-90
-120
-22
-129
223
-133
166
-139
271
-165
123
-60
-63
180
-28
186
-96
-16
41
55
-155
49
-31
-114
111
44
-168
105
-202
-53
76
-92
132
-126
82
58
-122
39
-74
-36
-82
181
39
-28
175
-8
77
14
107
-213
173
-99
-19
229
-241
140
37
-243
75
-64
-137
173
-148
234
-26
-48
45
7
-158
142
-127
88
9
-82
129
-155
225
-152
181
-134
57
-8
-137
-81
-23
95
-69
56
81
-125
141
-44
79
-162
102
-16
-117
152
-186
146
-69
7
150
-149
163
-34
-54
71
-40
-71
141
-199
92
150
-275
354
-357
239
-156
-1
31
-115
355
-259
225
-90
-93
62
-39
45
-20
107
-117
76
58
-272
233
-271
183
-193
175
52
2
40
-50
39
-155
127
-113
-54
-34
-48
33
11
57
-3
43
-16
125
-100
82
170
-248
388
-444
249
73
-205
53
107
-282
165
-55
-14
14
80
-133
-2
-39
-261
140
-112
-35
156
47
0
-19
97
-196
-71
116
14
85
0
156
140
-88
166
-208
-48
88
-290
253
-137
52
130
-42
97
-215
176
-171
-66
155
-338
248
-134
42
195
-176
224
-108
-55
139
-271
236
-252
267
-60
87
45
-120
189
-243
168
-128
15
135
-159
56
70
-106
8
-155
15
-108
-45
70
-52
200
-57
219
-104
133
-26
-136
147
-201
100
-71
60
-22
-9
83
-75
106
-58
-75
126
-129
170
-182
42
76
-45
42
9
-77
-86
109
-46
21
86
-51
-87
136
-203
-21
125
-14
33
68
-71
35
-46
25
-50
-11
106
-35
96
-140
68
-160
-16
0
-82
135
10
14
78
-71
-24
7
20
45
107
-68
104
-7
-26
-28
75
-125
4
92
-101
86
-49
121
-69
-9
43
-258
200
-324
48
64
-193
212
-20
52
161
-27
167
-19
-40
99
-185
-8
44
-307
100
52
-194
343
-83
-36
73
-89
-150
117
-68
-10
52
108
-175
144
-76
-41
154
-186
167
53
-70
-21
-54
-45
-60
-81
178
-78
126
-62
147
-184
162
-7
-58
144
-1
-169
121
51
-176
147
-79
89
-29
39
-106
145
-194
-16
1
-100
246
-311
331
-81
-36
6
-64
-64
214
-165
52
66
-266
82
-24
-27
100
-70
302
-116
108
-76
-64
5
8
-46
11
-10
-229
140
23
-36
102
121
-198
266
-112
71
-115
230
-112
69
115
-247
231
-192
42
-27
-146
87
13
43
-25
25
45
-162
19
2
-66
136
-181
169
-216
94
141
-344
467
-279
125
209
-307
309
-239
42
-100
-31
135
-60
186
34
-38
7
-129
-4
-15
-68
72
-3
92
-108
6
-124
14
-16
-74
43
13
137
-119
-56
286
-334
276
59
-181
242
-202
-90
42
-68
195
-339
216
-64
-57
60
-60
125
-229
290
-54
-4
80
-228
74
-99
63
-16
22
102
81
83
-239
52
-84
-43
120
22
131
-37
114
-3
49
-188
-15
38
-185
266
-151
145
-138
22
-54
-54
72
-100
82
-13
-135
361
-35
-18
182
-213
74
-105
87
37
-186
199
-95
-22
131
-193
48
-95
4
-33
-43
174
-95
3
-38
-7
35
-108
173
-171
213
-84
4
114
-99
124
16
11
-2
-162
-46
-23
3
-85
88
150
-79
159
-72
76
-35
-182
177
-225
116
12
2
134
-112
75
-62
16
44
-97
55
66
-130
145
-279
100
-85
-43
42
16
12
69
16
33
74
-192
117
-48
35
-60
96
-104
-29
134
-177
169
-34
-109
246
-145
88
-130
-9
-14
-93
260
-263
203
-83
-34
118
-98
-6
81
-167
235
-140
-65
195
-258
205
-126
44
52
13
3
-36
78
-57
-134
194
-174
116
-13
-85
95
-18
19
110
72
-152
141
2
-207
76
-155
-94
112
-173
58
33
25
98
-14
101
39
-229
204
-183
108
84
-249
229
-118
13
147
90
-89
-37
19
-45
-129
158
-170
91
200
-67
53
13
-51
-31
41
-107
194
-202
111
-225
87
-182
5
210
-277
308
-192
44
17
178
-33
-26
90
-105
-8
42
-113
44
-31
-8
145
-41
134
-219
144
-15
-148
220
-184
166
-40
18
35
-83
94
-240
275
-209
-80
193
-336
140
7
61
-48
132
-70
63
-30
-26
-39
22
-58
25
67
-54
-27
96
-125
118
25
-63
112
-186
172
-33
-105
10
19
-123
97
-83
81
-68
50
83
-73
143
-149
129
-24
-165
267
-207
36
-19
-7
96
78
55
2
8
-153
-46
6
-237
317
-145
-8
296
-362
291
-201
-7
154
-68
108
-52
49
-192
14
25
-262
241
-14
18
165
-169
188
-183
89
-31
-288
251
-218
173
92
-152
207
-154
221
-129
14
140
-482
466
-360
6
306
-328
347
-218
-18
-8
-113
237
-148
172
103
-18
99
-107
-74
-81
84
-94
72
8
33
-113
70
-115
8
118
-180
262
-107
17
-1
-108
-54
131
-70
85
161
-115
71
-47
94
-102
67
67
-78
112
-174
134
-336
159
-29
-193
259
-110
158
-45
-54
176
-242
144
36
-219
417
-411
348
-174
-31
81
-155
164
-32
87
-81
76
-39
12
-29
-56
-13
-67
23
4
3
-27
-76
153
-83
-91
28
-59
80
-60
43
109
-172
-3
29
-143
166
-18
-16
136
6
-103
55
64
-123
190
12
19
-40
-35
-76
44
-91
13
183
-184
164
-91
-84
9
-26
-17
53
-55
25
138
-174
180
-116
141
-55
158
-4
-134
113
-82
-86
-14
96
-78
168
-227
294
-284
-26
56
-56
-6
50
3
15
8
-11
108
-72
52
31
50
-69
119
-89
-98
-72
41
35
28
-1
40
-35
-59
17
-100
117
-121
42
49
-73
151
-165
5
70
-119
159
75
-35
88
-74
45
43
-152
138
-196
151
-44
78
38
-165
260
-254
182
-35
-170
165
-307
262
-191
-26
96
-315
257
-161
118
112
-132
270
-178
134
-31
-176
210
-137
-27
105
-111
126
-14
41
-70
-54
-95
24
-57
-97
251
-190
194
25
19
101
-204
145
-108
-77
81
21
-37
-10
23
-12
-115
140
-74
-21
101
-108
164
-21
-3
77
-2
-44
-77
74
-199
63
35
-112
184
-37
35
27
-32
59
-90
27
40
-67
35
-10
17
-120
115
-47
62
-29
-32
74
55
-65
214
-150
98
-229
58
-72
-180
217
-146
123
-27
151
-31
54
15
7
5
-85
21
36
-111
33
-22
52
-104
227
-118
61
92
-206
-11
-53
15
-7
-94
150
-133
61
5
-77
31
-91
203
-134
247
-185
21
29
-51
150
-118
110
57
-200
147
-69
4
22
-43
26
11
-97
88
-36
67
-64
-5
-58
80
-98
40
116
-142
111
-80
16
-17
54
-89
64
-94
-37
63
-108
95
15
17
31
-25
140
-62
56
-140
73
51
-149
178
-103
-65
90
-229
246
-145
31
138
-161
153
-65
66
-11
65
108
-330
309
-236
66
50
-130
202
-230
230
-160
7
115
-329
134
13
-117
250
-154
110
-50
14
25
-146
104
-97
85
-28
-13
51
31
-210
227
-177
111
78
-49
239
-194
295
-233
39
-75
23
-128
87
6
-31
66
-18
76
-201
152
-166
91
-130
53
46
-58
122
-37
46
37
-83
73
-11
42
-128
0
164
-289
296
-111
-100
220
-181
48
-8
-10
-115
90
13
-93
176
-117
139
31
-158
188
-88
5
-21
80
7
-43
-36
82
-175
64
36
-120
100
-120
43
-58
-9
43
-139
267
-315
324
-67
-199
433
-429
341
-153
122
-24
-124
182
-241
168
-107
48
-29
-36
120
-99
-30
81
-144
57
-30
-100
73
16
-44
4
-16
-31
131
-99
70
43
-85
131
-58
3
75
-114
158
-106
52
88
-156
255
-215
40
2
-107
141
-161
225
-9
-101
164
-268
139
-30
-223
251
-209
135
2
-128
150
14
-15
146
-136
89
-120
67
-57
58
-52
11
27
-65
119
-71
67
-23
72
-134
218
-175
-31
40
-132
147
-122
-14
95
-98
10
29
33
-90
38
40
-11
-57
79
35
-3
59
20
-30
-49
47
-41
71
-45
-37
134
-204
166
-88
14
24
10
-14
69
-82
56
-187
110
-115
28
88
-212
244
-235
257
-116
7
1
-67
2
7
54
45
-72
129
-121
61
-32
-11
98
-115
34
-40
135
-93
50
-37
10
-108
54
-108
76
-57
87
-25
52
37
-52
53
-78
10
-93
149
-28
-2
38
-79
-4
68
-149
84
-14
1
112
-139
233
-223
145
45
-54
182
-311
295
-242
53
175
-309
319
-199
33
2
-126
77
-163
171
-122
-39
42
29
88
-66
100
-66
11
151
-43
56
-11
-201
102
-56
69
34
-123
127
-128
81
-45
-62
162
-264
273
-22
-196
164
-288
272
-302
155
118
-156
206
-109
28
59
-74
10
106
-81
-7
63
40
-116
60
-94
43
-51
93
-66
50
31
-28
-37
24
-17
-40
166
-221
121
12
6
-91
69
107
-201
231
-87
-131
158
-65
-68
35
-79
-5
100
-77
108
-37
-2
-57
13
70
-127
85
9
-51
83
12
-21
-58
115
-75
90
-10
43
-91
77
-55
-53
144
-201
56
195
-283
310
-297
230
-178
-55
178
-334
227
-87
107
-14
40
-50
17
59
-80
15
20
-139
188
-143
43
148
-145
80
-3
-27
62
-103
104
-54
27
7
63
13
-108
130
-237
154
-142
99
-22
0
-55
72
65
-43
18
-62
-1
-24
48
-113
153
-150
82
2
-48
-12
88
-179
-10
142
-181
211
-7
-34
2
-10
27
-57
25
-6
-30
73
-88
48
50
-131
227
-94
-13
89
-165
159
-126
19
119
-195
138
-61
-39
85
-92
147
-74
24
34
1
-46
-72
21
0
-1
97
37
-130
113
-126
34
10
-15
26
-68
-32
79
-37
-6
53
-83
97
-6
-12
10
71
-130
250
-170
-29
215
-340
301
-245
64
209
-381
315
-128
-44
210
-276
260
-172
99
-31
92
-38
-122
175
-220
241
-237
138
-172
4
194
-365
385
-231
63
233
-290
315
-263
107
-41
-45
159
-88
51
-41
82
-176
146
0
-213
174
-83
42
-1
-74
-46
17
-11
-48
61
-10
84
0
-4
-71
-15
-24
151
-149
222
-109
1
53
-106
82
-40
-33
67
-44
115
-44
-32
37
-158
186
-53
-61
113
-33
-40
52
-13
2
-78
90
-17
-26
77
-134
-41
90
-102
81
83
-55
-39
61
-58
26
-80
91
23
-116
141
-135
69
19
-113
172
-72
14
71
76
-95
-20
131
-218
128
-69
-83
163
-208
209
-151
22
31
-127
231
-299
290
-148
-65
145
-200
218
-119
110
41
-130
176
-106
39
47
-58
81
-60
7
-58
73
-131
35
24
-96
142
-69
-7
35
-28
6
-80
102
-75
-30
93
-40
63
-54
62
-46
-13
80
-41
57
18
-97
31
-13
-43
95
-12
85
-79
50
-58
-22
4
-92
69
-12
-85
199
-196
140
-24
-42
99
-234
182
-67
5
8
-23
18
-27
134
-107
-38
146
-248
279
-201
28
90
-21
51
-53
97
-67
11
15
-74
-8
80
-74
19
15
-37
66
-2
-70
70
15
-87
41
-22
46
-67
-8
54
-48
49
50
-200
211
-146
-56
168
-209
228
-91
75
-86
72
-61
-63
100
-204
297
-213
245
-91
-58
256
-331
179
-77
-32
146
-132
111
-110
69
24
-139
252
-313
239
-126
14
41
-75
22
-17
-21
-43
74
-104
108
-112
159
-138
114
-24
-62
174
-296
336
-130
-124
306
-435
321
-142
-41
171
-308
367
-311
233
-85
-123
263
-380
325
-204
17
167
-224
307
-264
242
-90
-3
132
-193
220
-190
7
54
-106
169
-126
47
-79
18
71
-47
52
-96
144
-89
28
27
-43
83
-57
3
46
-85
41
-30
14
-61
89
-79
-9
31
-9
95
-75
33
-25
36
37
-114
78
-110
27
50
8
34
-83
81
-118
137
-77
1
30
-54
78
-59
51
33
-28
32
-63
-25
59
-165
98
-71
124
-14
-10
87
-171
89
-96
27
0
48
-45
16
-67
133
-10
68
-114
62
9
-140
114
-167
169
-1
-10
59
-112
49
-60
62
-16
13
123
-216
72
-98
-30
55
-36
109
-32
-4
30
-35
58
-95
144
-80
-9
60
-112
92
-101
26
93
-37
86
-7
-59
-25
42
-58
-76
82
-90
144
-78
112
-13
-117
60
-32
16
-34
7
6
-14
38
-29
94
-108
151
-66
-90
171
-201
120
-19
23
7
14
32
-109
94
-131
46
82
-89
83
-78
67
-126
-8
37
-69
136
-85
140
-170
90
38
-166
275
-248
149
-30
-90
163
-183
190
-42
-18
54
-117
128
-196
180
13
-47
97
-149
95
-96
22
106
-197
254
-183
-14
76
-155
172
-114
77
81
-151
80
-86
22
-10
11
80
-109
74
10
-112
67
-45
10
13
-17
-5
-43
88
-73
27
-6
60
5
-35
28
-26
65
-109
66
47
30
-47
-13
68
-119
33
-41
45
105
-248
270
-119
-51
170
-259
233
-132
-17
106
-112
23
77
-116
143
-130
101
38
-121
153
-184
99
-28
-25
85
-78
-5
44
-86
92
-139
104
-24
-48
85
10
-36
-51
138
-124
89
-9
-6
29
-91
144
-207
40
107
-193
258
-184
154
-42
-121
121
-134
124
-54
-7
42
-8
-53
75
-71
2
48
25
4
14
-42
23
8
-30
-16
-4
-63
122
-94
-15
110
-142
109
-7
-36
116
-99
75
-2
-98
95
-54
30
24
-97
116
-82
-64
160
-190
120
17
-86
79
-63
79
-63
12
13
-37
157
-219
194
-94
50
-46
86
40
-220
262
-202
58
20
-65
215
-218
153
-104
-96
90
-103
151
-115
61
-19
-121
124
-33
22
-49
-24
123
-131
95
21
-77
102
-75
79
-16
5
-66
-27
21
-21
-24
89
-47
-20
128
-152
53
-5
-69
49
-20
70
5
1
-13
-16
2
-47
91
-112
116
33
-73
66
-145
61
-6
-32
93
-55
-3
-60
54
-11
-1
89
-91
119
-48
-52
62
-56
-12
63
26
-94
85
-80
56
-6
2
70
-72
43
-48
-7
22
-58
76
-91
57
6
-28
-25
16
36
-42
56
-50
21
6
-60
44
12
28
7
-41
34
-24
23
-41
4
-38
57
41
-68
56
25
-79
-7
27
-122
93
24
-78
80
-10
14
27
-77
119
-172
110
-41
27
43
-118
195
-162
65
50
-135
189
-191
79
52
-139
168
-145
3
96
-58
17
-20
23
-57
31
51
16
30
-17
16
8
-9
-37
42
-86
27
67
-75
-46
94
-99
85
15
-80
50
-41
27
-66
50
-34
33
-78
80
21
-134
191
-171
34
27
-135
182
-128
73
95
-141
141
-44
27
27
-105
104
3
-111
120
5
-83
39
-94
155
-165
70
67
-85
90
-75
52
-108
57
-34
-40
24
-18
-35
31
7
15
36
-20
-5
58
-106
71
-84
61
17
-91
220
-263
223
-57
-39
79
-146
92
-91
83
-16
-71
154
-145
14
102
-193
198
-104
51
45
0
-53
21
27
-74
77
-86
143
-96
-24
63
-10
-80
116
-79
-15
106
-119
96
-42
56
-75
35
1
-87
129
-119
88
18
-164
140
-58
43
-43
28
-45
80
-92
51
29
-46
81
-67
41
-59
-3
85
7
-43
87
-100
54
-31
50
-84
-20
64
-46
-51
140
-81
-56
62
-28
-13
16
131
-236
174
17
-200
210
-108
3
0
-14
55
-97
192
-12
-49
48
-117
19
10
-14
8
-6
-10
50
-19
-23
-13
152
-197
97
91
-209
129
-85
107
-71
36
44
-109
74
-51
39
-16
-30
81
-88
60
-1
-77
147
-158
144
-102
0
68
-84
53
-16
29
-28
-14
6
-2
-76
77
-65
85
29
-25
142
-191
183
-189
72
-27
-70
115
-174
194
-131
-32
137
-182
151
-47
-62
189
-230
170
-86
4
116
-89
127
-72
13
-24
-7
16
-116
205
-127
72
-52
19
43
-106
178
-268
180
-67
-93
175
-114
38
-50
2
155
-125
111
-103
49
11
-82
87
-121
154
-105
111
-66
3
-27
-100
98
-27
3
7
-39
-8
4
55
-36
1
57
-98
51
20
-22
-2
94
-75
-11
116
-119
62
-70
79
79
-144
200
-139
15
38
-72
75
-111
8
-16
27
66
-25
-19
48
-106
-26
44
-20
18
50
-150
188
-116
-6
88
-145
174
-89
26
4
-3
-90
126
-112
139
-86
27
105
-156
142
-159
83
-18
-11
92
-67
36
-63
-3
58
-132
117
-49
-61
100
-98
33
-33
88
-52
10
45
9
-35
-59
157
-183
134
-122
63
83
-166
199
-40
-16
58
-124
97
-110
50
-47
-47
140
-155
216
-148
97
-36
-82
142
-164
108
-11
7
49
-67
62
-89
51
-13
-98
109
-99
24
51
-11
0
-48
49
-32
1
-22
30
7
-30
46
-15
33
-10
32
55
-5
-20
3
-45
35
4
-48
-24
73
-24
-73
58
-48
-26
35
-16
1
48
-60
-3
-4
9
29
32
-16
-18
14
-66
69
-15
-67
77
-39
39
5
-16
20
9
-38
100
-152
117
17
-153
141
-8
-32
-56
48
-40
23
0
-50
63
111
-114
15
59
-90
81
-18
30
-28
4
-49
14
23
2
-102
78
1
38
-27
-37
75
-135
91
-50
89
-33
-84
170
-119
16
46
-92
72
-13
22
-98
65
0
-87
39
28
-62
37
78
-34
-50
-60
70
-57
67
12
12
26
-31
36
-78
30
60
-90
45
34
-67
45
-24
46
-77
40
47
-13
44
-77
60
-34
-38
-71
70
-4
-42
57
12
-14
25
2
-19
-39
-16
23
-53
27
12
34
-9
-28
46
0
-26
89
-33
-40
5
30
-78
46
38
-1
16
-38
114
-153
106
-10
-28
29
-73
-10
-20
27
41
-46
100
-95
30
-31
-122
193
-219
128
18
-12
58
-13
65
-69
-19
31
5
-18
12
-34
64
-63
92
-85
43
-20
-93
127
-114
21
-31
74
-27
23
64
-115
66
-6
2
-23
12
53
-92
55
-10
-32
0
10
-15
63
-51
-19
5
40
42
-105
123
-133
71
-17
-16
20
6
-9
-22
-18
55
6
-15
25
-44
21
-90
88
41
-68
14
8
-16
-39
49
-22
15
40
-27
-16
48
-36
-20
81
-88
44
-5
-64
89
-11
-1
10
-6
-31
38
-35
6
3
-30
-10
52
-62
34
2
-57
89
-59
106
-54
-3
-36
42
-48
39
38
-82
49
-38
-17
43
6
-52
22
12
-64
98
0
-43
65
-103
54
-57
80
-8
-34
16
-4
22
-6
-13
16
15
0
-17
30
0
12
-22
25
39
-74
29
-1
-53
49
-41
72
-38
-19
92
-85
41
-26
38
-42
4
-7
17
26
-44
53
-32
-22
6
-5
23
-51
-23
19
11
22
-2
-2
-57
-1
21
-6
30
-28
-3
41
-1
-26
11
-15
-15
-26
29
-6
44
-15
-21
50
-5
-34
3
-7
-7
-3
-30
34
-64
29
3
12
32
-45
27
13
5
-10
15
1
25
-3
-12
-12
40
-19
14
-4
-12
-40
17
-25
-18
50
-24
29
-15
16
-45
-6
11
1
35
-25
1
41
-52
25
32
-51
74
-38
25
9
-48
17
-7
12
13
-12
17
-28
-15
35
21
-13
-39
-21
-33
32
16
-38
59
-5
-8
10
-10
30
-38
18
-1
18
9
-8
35
-3
2
17
-31
10
-9
-31
40
-25
-1
-5
14
-8
-8
18
-50
32
-38
8
-16
11
3
-28
16
20
-1
-65
32
-14
36
4
32
11
-1
-26
-14
-14
8
13
-1
11
3
-17
-1
21
-32
63
-13
-10
17
1
-35
15
-5
-32
42
-21
7
6
2
3
-10
5
2
1
-31
7
2
-5
-20
50
-30
-5
-11
15
29
-8
-12
-12
23
-54
3
7
-11
7
7
6
25
-22
18
1
-30
2
-1
17
4
22
-35
47
-30
3
15
-19
14
-21
8
-11
35
-19
-11
26
7
-25
25
-3
-26
34
-25
6
7
0
-16
18
-10
-22
12
5
32
-37
31
-24
1
19
-30
17
0
3
9
-21
3
-23
15
6
-27
33
-9
-24
14
0
-12
9
10
-17
30
4
-1
26
-36
29
-47
5
-3
-2
30
-24
15
24
-21
0
19
-4
-20
-5
16
-11
0
12
1
3
11
0
5
4
-3
-14
-26
17
-11
-9
3
3
-14
-6
-2
-9
1
-8
16
-1
11
0
-8
22
-2
22
-1
9
2
-13
-5
-1
17
-9
16
-14
0
-10
-8
10
6
1
-3
-2
8
-9
-1
15
0
-6
-4
3
-5
-24
-4
-4
-12
2
0
2
-7
-2
-2
16
-5
4
6
13
3
-15
-7
10
-11
-1
26
9
-5
-1
16
-6
1
-2
-9
10
-13
-6
-12
-13
6
1
4
9
7
-15
7
-5
-10
2
8
8
10
7
8
-2
-7
5
-3
4
-2
-4
14
11
-15
8
-13
-6
-4
-5
0
-4
-2
-5
-2
-1
7
-4
-3
-8
2
4
-1
7
5
-1
2
3
-2
7
-19
-3
4
-8
0
10
-10
6
6
2
3
-7
4
-8
-4
0
9
-3
4
11
-7
8
13
-4
-4
18
-13
8
-4
-9
1
3
14
-2
1
1
2
-5
-1
-6
12
-5
-16
-2
-11
3
13
3
0
6
4
-6
-1
-4
3
6
-3
8
1
-1
0
-5
-13
-7
-4
-2
0
2
-3
3
3
-5
0
1
-1
1
-12
4
0
-6
-3
0
1
0
6
1
14
2
-2
3
1
2
-1
6
2
-4
-8
3
-9
-9
1
-3
-2
1
2
2
0
-2
5
1
5
2
-7
5
-5
-2
10
-6
6
9
0
-8
-3
0
-4
-3
4
2
4
0
-2
6
-3
0
2
5
-2
-4
-2
-1
-1
-7
-2
2
3
3
-1
-1
-2
-5
-1
-7
5
0
5
7
3
2
4
-3
3
-4
0
-1
4
-3
-8
3
-2
-3
-4
1
1
-1
-4
4
0
1
-6
0
0
-3
-4
0
1
-1
3
3
6
6
4
5
-3
-8
-4
-5
-3
-2
0
4
0
0
-2
3
-1
2
1
5
1
3
1
1
1
-2
2
-4
-2
-6
0
-2
0
-3
5
2
4
1
3
-1
-1
-4
-3
0
0
3
2
6
1
4
1
4
-2
-2
-3
-3
-3
-1
2
0
2
0
5
1
0
-4
-3
-5
-3
-3
-3
-1
0
0
0
7
6
5
-2
-2
-1
-2
-5
-2
1
0
-1
-1
0
-3
-4
-1
2
3
1
1
2
-1
-1
2
4
2
2
2
0
-3
-3
1
0
-2
-1
2
1
1
1
5
0
-2
-4
-1
-3
-2
-2
2
2
0
0
1
1
-1
0
0
4
2
0
-2
1
1
1
0
1
0
-4
-3
-2
0
-4
-3
-3
2
-1
0
-1
0
-2
-1
0
2
2
2
3
3
4
4
3
1
0
0
2
2
1
0
-1
-3
0
0
2
-2
-2
-2
-2
-2
-1
0
-2
-1
-2
2
0
-1
-2
0
-1
-1
0
1
1
0
-1
0
0
0
1
1
1
-1
2
1
1
-1
1
0
-1
-1
0
-1
-1
-2
-1
0
-1
0
1
2
0
0
0
1
0
0
0
1
-1
0
-1
0
-2
-2
-2
-1
0
2
3
3
2
-1
0
-1
0
-3
-1
-1
0
0
1
0
1
1
1
0
-1
-1
0
0
0
0
2
2
1
0
0
-1
-1
-2
-2
-1
0
0
1
2
3
3
2
2
0
-2
-3
-3
-4
-3
-2
-1
0
1
2
2
2
1
0
0
0
0
1
0
1
2
1
1
0
0
-1
-2
-2
-3
-2
-2
-1
-1
1
0
0
1
0
0
-1
0
0
0
1
1
2
1
1
0
1
0
0
0
0
0
0
0
-1
-1
-2
-2
-2
-2
-1
-1
0
0
2
2
2
2
1
0
0
0
0
0
0
-1
1
0
0
-1
0
0
0
1
0
0
0
0
-1
-1
-2
-2
-2
-1
-2
0
0
2
2
3
3
2
1
1
0
-2
-2
-2
-2
0
0
0
0
1
1
1
0
-1
0
-1
-1
0
-1
0
1
0
0
0
0
1
0
0
0
1
0
-1
0
1
0
0
0
0
0
1
0
0
-1
0
-1
-1
-1
-1
-1
0
-1
0
0
0
-1
0
0
0
0
-1
1
1
1
2
1
1
0
-2
-2
-1
-1
-1
-1
0
1
1
1
1
1
1
0
0
-1
-1
-1
-1
0
1
1
2
1
1
2
2
1
1
0
-1
-1
-2
-1
-1
-1
0
0
1
0
1
1
0
0
-1
-1
-1
-2
-1
0
0
0
