0
1
0
0
0
0
0
0
0
0
1
1
0
1
-1
0
0
0
0
0
0
0
0
0
0
0
0
0
0
0
0
0
0
0
0
0
0
0
0
0
0
0
0
-1
1
0
1
0
0
1
0
0
0
0
0
1
-1
0
0
0
0
0
1
0
0
-1
0
0
0
0
1
0
0
1
-1
-1
0
0
0
0
0
0
0
0
0
0
0
-1
0
0
0
1
0
0
0
0
1
0
-1
-1
0
0
0
-1
0
0
0
0
0
-1
0
0
0
0
-1
0
0
0
0
0
0
0
0
0
0
0
0
0
0
-1
0
0
0
0
0
0
0
0
0
1
0
-1
0
0
0
0
0
0
0
0
0
0
0
0
0
0
0
0
0
0
0
-1
0
0
0
0
0
0
0
0
0
0
0
0
0
1
0
0
0
0
0
0
0
1
0
0
0
1
1
0
0
0
-1
1
1
0
0
0
0
0
0
0
1
0
0
0
1
0
0
0
0
0
-1
0
0
0
0
0
0
0
0
0
0
-1
-1
-1
0
0
0
0
-1
0
0
0
0
0
0
0
0
0
1
0
1
0
0
0
0
0
0
1
-1
0
1
-1
0
0
0
0
0
0
0
-1
0
0
0
-1
0
-1
0
0
0
0
0
-1
0
0
0
0
0
0
-1
0
0
0
0
0
0
0
0
-1
-1
0
0
0
0
0
1
0
0
0
0
0
-1
0
0
0
0
0
0
0
0
0
1
0
1
0
0
1
-1
1
0
0
0
-1
-1
0
0
0
-1
0
-1
0
0
0
-1
0
0
0
0
1
0
0
0
0
0
0
1
0
1
0
0
0
0
0
0
1
0
0
0
1
1
0
0
0
0
0
0
0
0
-1
1
0
0
0
0
0
0
0
1
0
0
-1
0
0
0
-1
-1
0
0
1
0
-1
0
0
0
0
0
0
-1
-1
0
0
-1
1
0
1
0
0
0
0
0
0
1
0
0
0
-1
0
0
0
0
0
1
-1
0
0
0
0
0
0
0
0
0
1
0
0
0
0
0
0
-1
0
0
-1
0
0
-1
0
0
0
0
0
0
0
0
1
0
0
-1
1
0
0
-1
-1
0
0
0
1
-1
0
0
0
-1
1
0
0
0
1
-1
0
0
0
0
0
0
0
0
0
0
0
-1
0
0
0
0
0
0
0
0
0
0
1
-1
0
0
-1
1
0
0
0
0
0
0
0
0
0
0
0
0
0
0
-1
0
0
0
0
0
0
0
-1
0
0
0
-1
0
0
-1
-1
0
0
0
0
0
1
1
-1
0
-1
0
0
0
0
0
0
0
0
1
0
0
0
0
-1
1
0
0
1
0
0
0
0
0
1
1
0
0
0
0
0
-1
0
-1
1
0
1
0
0
1
0
0
1
0
0
0
1
-1
-1
1
0
0
0
-1
0
0
1
0
0
0
0
0
0
-1
0
0
0
-1
0
0
1
1
-1
0
0
0
0
0
0
0
0
0
-1
1
0
0
1
0
0
0
0
1
-1
0
0
0
0
-1
1
0
0
-1
0
0
0
0
0
-1
0
-1
1
0
0
1
0
0
0
0
0
0
0
0
-1
0
0
0
1
0
1
0
0
0
0
-1
0
0
1
1
0
0
0
-1
-1
0
0
0
-1
0
0
1
0
1
0
0
1
0
0
1
0
0
0
0
0
0
0
0
0
0
0
-1
1
0
0
0
0
0
0
0
0
0
0
-1
0
-1
0
0
0
0
0
-1
0
0
0
1
0
0
0
0
0
0
0
0
0
-1
1
1
-1
0
0
0
0
0
0
0
0
0
0
0
0
0
-1
0
0
0
0
0
0
0
0
-1
0
0
0
0
-1
0
-1
0
0
0
0
0
-1
0
0
-1
0
0
0
1
0
0
0
0
0
0
1
0
0
0
0
0
1
0
0
0
1
1
0
0
0
0
0
0
0
0
1
1
1
0
0
-1
0
0
0
-1
-1
0
0
0
0
0
0
0
0
0
0
0
0
0
0
0
0
0
0
0
0
0
1
1
1
0
-1
0
0
0
0
0
0
1
-1
-1
0
0
0
0
0
1
0
-1
0
0
0
0
0
0
0
0
-1
0
0
0
0
1
0
0
0
0
0
-1
1
1
0
0
0
0
1
0
0
0
0
0
0
0
0
0
0
0
0
1
0
0
0
0
0
0
1
0
0
0
0
0
0
0
0
0
0
1
0
-1
0
0
0
0
-1
0
0
0
0
0
0
-1
0
0
-1
0
0
0
-1
1
0
0
0
0
0
0
0
0
0
0
0
0
0
-1
0
-1
0
0
0
0
0
0
0
0
0
1
0
0
0
0
0
0
0
0
0
0
0
1
0
0
0
0
0
0
0
0
0
-1
0
0
1
0
0
0
0
0
0
0
1
0
0
0
0
0
0
-1
0
1
0
0
0
0
0
0
0
0
-1
0
0
0
0
0
0
0
0
1
0
-1
0
1
0
0
-1
0
0
0
0
-1
0
0
0
0
1
0
0
0
0
0
0
0
0
-1
0
0
0
0
0
0
0
0
0
1
0
0
0
0
0
1
0
0
1
0
1
-1
0
0
0
0
0
0
0
0
-1
0
-1
-1
0
0
0
0
0
0
0
0
0
0
-1
0
-1
0
0
0
0
0
0
-1
0
0
0
0
0
0
0
0
0
0
0
0
0
0
0
0
0
1
1
0
-1
0
0
0
0
0
0
0
0
0
0
0
0
0
0
0
0
1
0
0
0
0
0
1
0
0
0
0
0
0
0
-1
-1
0
0
0
0
0
-1
-1
0
0
0
-1
1
0
0
-1
0
0
0
0
0
0
0
0
0
0
0
0
1
0
0
0
1
0
0
-1
0
0
0
0
0
0
1
0
0
-1
-1
0
0
1
0
-1
0
0
1
0
0
1
0
0
0
0
1
0
0
0
0
0
0
-1
0
0
0
0
0
0
1
0
0
0
0
0
0
-1
-1
1
-1
0
-1
0
0
0
-1
-1
1
1
-1
-1
1
0
0
-1
0
1
-1
-1
1
1
0
-1
1
2
-1
-1
0
1
0
-2
1
0
0
0
0
0
0
1
0
-1
1
1
1
-1
0
1
1
-1
0
0
0
-1
0
1
0
0
0
1
-1
0
1
0
0
0
1
0
0
0
1
1
0
0
0
0
0
0
0
-1
-1
0
0
0
-1
1
0
0
-2
0
1
0
-1
0
-1
0
-1
0
0
-1
0
2
0
-2
-1
2
0
-1
0
1
0
-1
1
0
0
-1
0
1
-1
-1
1
1
-1
0
1
1
1
-2
-1
1
1
0
-1
0
1
-1
0
1
0
-1
0
0
0
0
0
0
0
1
1
0
-2
-2
2
2
-1
-1
1
1
0
-1
1
1
-1
-3
1
2
-1
-4
1
3
-2
-3
2
3
-1
-3
1
3
0
0
-1
2
-1
-2
1
3
0
-2
0
3
0
-4
1
2
0
-2
0
3
-1
-4
4
1
-4
0
4
0
-2
0
-1
1
1
0
-4
1
4
-3
-2
2
3
-3
-3
2
3
0
-2
-1
1
2
-2
-1
2
0
-3
1
2
-3
-1
3
4
-5
-6
4
10
-6
-9
7
6
-3
-11
7
7
-3
-4
-2
9
-4
-3
3
2
-2
-2
1
-1
2
0
-1
4
0
-8
4
4
-3
-3
7
-1
-4
3
3
-5
3
4
-1
-5
-4
9
2
-9
-2
7
5
-7
-8
10
9
-9
-8
8
5
-7
-3
0
5
8
-11
-7
12
3
-10
2
8
-3
-5
-1
8
-5
8
-4
-5
2
3
1
-6
7
5
-7
-7
11
0
-3
-3
6
-1
-2
-2
4
-3
3
4
-10
1
3
6
-8
-3
8
1
-10
3
1
0
8
-3
-2
-6
6
5
-8
0
11
-9
-3
3
4
2
-7
2
-1
1
-3
0
6
-3
-3
-5
11
3
-16
-2
13
3
-5
-8
6
7
-5
-4
-8
11
3
-8
5
-3
2
-1
10
-14
1
4
-2
2
1
12
-17
7
-2
4
-16
18
-2
-8
10
-9
8
-4
5
-15
10
3
-8
2
0
8
-5
1
3
-6
2
3
-5
5
-3
-3
3
19
-22
-25
28
21
-12
-29
6
24
-1
-19
0
8
6
-8
-4
4
4
-2
-14
15
8
-21
9
7
-3
2
-10
3
5
2
-9
12
-10
5
1
-2
-2
-1
6
-17
21
-13
0
17
-11
-6
-1
10
-12
11
1
-16
5
19
-13
-13
21
-5
-20
26
-7
-15
10
12
-10
-7
11
-7
-1
5
10
-21
6
16
-22
3
26
-21
-27
39
21
-57
2
52
-17
-29
29
1
-32
25
20
-43
-5
50
-15
-46
43
30
-69
19
34
-13
-31
12
35
-26
-11
15
-4
5
11
-33
4
41
-19
-32
16
40
-33
-26
25
32
-28
-41
47
16
-33
-16
36
9
-45
31
-18
9
18
-25
-9
26
20
-49
0
44
-6
-34
8
20
-6
-3
-1
-14
11
10
-6
-16
12
27
-51
16
35
-22
-21
10
30
-45
11
30
-11
-15
4
29
-62
45
15
-40
-9
54
-20
-48
67
-20
-30
10
42
-45
-19
78
-50
-17
35
1
-30
-8
66
-64
3
46
-41
6
21
-15
-13
13
21
-58
17
71
-81
10
46
-12
-57
37
29
-40
16
-9
11
-3
0
-11
3
32
-18
-34
18
33
-31
-15
24
0
-6
12
-18
0
7
27
-47
-1
45
-34
14
-19
29
-15
-21
55
-34
-23
19
30
-43
30
-17
-10
29
-28
20
-7
17
-27
9
3
-22
43
-21
-8
-1
7
12
-18
8
-13
10
19
-9
-21
-1
42
-31
11
-48
45
35
-66
31
-8
25
-30
-19
54
-25
-19
27
3
-19
-7
17
3
-2
-32
47
-15
-1
-19
14
33
-64
44
-23
13
15
-36
26
-23
17
11
-14
-19
30
10
-47
21
5
-6
11
-12
21
-31
34
-7
-40
39
-20
41
-54
10
42
-36
12
-12
21
-17
15
-23
4
13
-12
26
-38
31
-8
-18
40
-53
47
-32
0
23
-33
67
-81
57
-36
-5
70
-83
33
-24
52
-32
-16
33
-56
90
-72
9
36
-55
49
16
-75
40
30
-46
16
-5
7
4
-9
3
-11
35
-45
5
49
-65
21
49
-64
27
18
-50
59
-63
54
-6
-48
35
2
12
-49
70
-27
-48
77
-40
-28
49
-13
0
-32
58
-56
49
-12
-59
92
-64
41
-52
7
69
-46
-11
-2
24
2
-27
3
31
-27
17
-25
13
15
-11
-2
3
-7
5
-5
-18
49
-20
-7
-10
1
33
-28
-10
21
-8
26
-42
20
-5
23
-42
20
41
-85
115
-137
99
20
-139
179
-168
154
-97
-24
102
-87
66
-98
127
-74
14
6
-46
74
-48
4
-31
102
-89
-36
159
-150
92
-102
82
12
-63
42
-48
92
-97
65
-52
42
16
-71
51
5
5
-67
76
-6
-32
23
-46
73
-44
6
6
5
-12
-49
130
-110
39
8
-51
66
-66
32
43
-36
-25
14
35
-8
-48
13
44
-53
35
-35
49
3
-90
115
-78
32
10
-20
-6
9
19
-11
-27
18
30
-57
57
-60
30
38
-61
38
-54
86
-56
-31
91
-103
109
-82
36
-11
3
27
-92
127
-98
51
-40
28
24
-40
34
-108
197
-168
71
-13
-55
138
-147
77
-25
40
-59
48
-53
65
14
-117
82
9
-9
-56
60
6
-15
-12
-7
30
-3
-18
-29
68
-42
-11
25
22
-20
-48
65
-7
-35
-35
100
-51
-12
32
-12
21
-82
109
-70
34
-19
-32
120
-157
103
-67
64
12
-106
139
-104
77
-53
-9
40
-71
59
8
-13
-88
167
-60
-108
157
-98
27
-7
-16
52
-72
107
-93
-36
106
-13
-71
85
-58
7
19
-24
60
-103
52
37
-37
-40
73
-30
-11
14
-10
50
-111
135
-119
44
66
-157
177
-100
17
24
-18
1
-42
86
-89
75
-74
48
12
-24
46
-117
162
-137
43
53
-110
131
-112
39
21
7
-34
6
40
-50
22
-24
46
-42
25
-49
61
-10
-55
83
-34
-24
25
-31
51
-73
83
-93
86
-25
-54
124
-155
141
-83
-15
90
-74
26
-58
111
-76
-6
47
-41
55
-99
107
-91
61
5
-43
40
-71
154
-181
74
47
-97
105
-71
7
27
-16
25
-37
-31
142
-161
21
142
-210
185
-113
65
-17
-79
180
-189
122
-77
31
50
-69
-16
55
18
-65
30
-74
197
-197
58
47
-69
81
-113
106
-37
-21
71
-100
40
37
-75
96
-55
23
-28
-49
144
-111
39
-40
74
-77
48
-23
-39
101
-117
119
-116
101
-59
-6
81
-118
82
-30
-16
62
-74
98
-71
-55
170
-179
107
2
-111
134
-96
30
-19
22
56
-97
21
75
-82
21
10
-43
48
4
-29
10
-4
82
-77
-87
244
-240
109
-28
-58
212
-241
106
16
-49
73
-108
46
91
-134
-4
150
-148
117
-141
117
17
-141
170
-169
150
-23
-92
51
61
-93
28
41
-72
90
-125
115
-20
-101
190
-217
116
66
-210
196
-55
-36
33
-16
37
-28
-12
48
-65
49
5
-67
99
-119
170
-135
-11
97
-71
4
-50
104
-31
-15
34
-109
204
-187
41
98
-164
193
-167
34
102
-114
8
66
-21
-35
34
-30
75
-105
6
159
-211
130
-93
91
7
-173
229
-112
36
-36
32
30
-108
91
9
-112
93
10
-97
131
-116
39
63
-55
35
-138
212
-86
-121
115
67
-158
96
-29
4
109
-191
199
-189
87
115
-261
247
-168
53
144
-315
355
-227
-7
155
-185
220
-244
101
110
-209
190
-108
22
48
-45
-23
69
-69
48
-24
-3
59
-124
144
-91
-28
129
-137
90
22
-214
320
-216
45
27
-39
118
-202
152
-53
10
31
-92
77
-20
0
-40
81
-11
-53
16
-36
112
-107
-36
202
-153
6
90
-137
115
-55
-41
61
7
-38
21
-46
109
-115
59
22
-55
48
-75
112
-108
0
72
21
-59
-53
107
61
-236
214
-119
14
81
-175
175
-15
-130
217
-200
54
139
-248
201
-116
69
-24
-170
373
-269
-5
224
-285
242
-144
-36
183
-232
180
-40
-105
127
-65
34
-100
229
-283
184
6
-154
197
-177
114
-56
-22
139
-129
-102
359
-312
7
136
8
-28
-254
394
-80
-334
376
-93
-132
176
-167
195
-231
181
14
-260
340
-206
46
-33
53
53
-205
267
-155
-58
102
98
-249
84
186
-205
54
5
102
-143
-16
218
-236
65
48
-26
-42
63
-25
-4
12
-21
-20
27
78
-227
202
-21
-72
29
49
-29
-89
210
-186
50
12
44
-127
40
200
-297
115
178
-225
64
23
41
-116
32
119
-176
81
48
-69
36
4
26
-91
129
-91
-47
23
104
-111
-107
373
-437
211
77
-124
79
-142
246
-208
24
22
-34
229
-310
182
57
-83
53
-101
106
29
-102
-61
105
-49
-3
-61
29
99
-158
54
79
-91
59
-87
105
-19
-95
178
-129
98
-80
72
-41
-34
103
-65
-8
59
-14
-196
415
-451
267
-24
-226
400
-426
303
-72
-119
109
-53
57
-49
-17
122
-128
9
186
-264
199
-116
-4
113
-150
221
-308
296
-131
-83
124
-81
21
-20
31
-15
15
-1
44
-178
309
-294
118
78
-139
134
-186
198
45
-246
162
62
-131
87
-84
93
-85
89
-128
77
7
-48
20
-35
165
-286
259
-121
30
17
-92
210
-249
145
-41
12
27
-192
194
96
-313
194
37
-59
32
-127
147
-64
-7
-9
-48
157
-160
67
-44
164
-273
296
-179
14
142
-246
285
-234
164
-179
204
-71
-148
272
-207
123
-43
-46
112
-44
-66
104
-130
92
-73
14
94
-92
-4
12
149
-199
83
15
-54
33
21
-85
156
-152
18
186
-318
340
-287
205
-147
85
48
-202
326
-415
380
-124
-181
234
-166
131
-75
-83
217
-209
73
-24
82
-26
-112
177
-113
54
-91
72
-1
78
-123
-1
194
-265
131
-30
-43
171
-210
59
108
-136
89
-65
12
40
-67
8
49
-38
-2
47
-42
-5
22
17
-63
75
2
-74
88
-9
-48
69
-45
-66
109
-100
89
-66
16
83
-159
166
-78
-29
62
-55
-30
86
-113
90
-50
7
71
-205
301
-252
93
60
-96
127
-115
64
16
-83
69
-27
121
-181
160
-12
-63
-42
161
-263
209
-17
-272
419
-281
68
9
-3
-23
98
-108
28
-47
80
-31
-153
258
-245
216
-138
-15
234
-209
54
12
187
-317
202
-39
-36
43
-149
228
-236
173
-61
-55
173
-214
42
230
-377
305
-171
15
211
-340
237
46
-167
-12
217
-217
104
-70
72
2
-111
105
-28
45
-86
30
12
57
-184
242
-143
30
93
-213
259
-181
37
-31
152
-237
241
-180
47
110
-279
343
-283
170
-23
-154
217
-178
74
10
-27
79
-102
25
24
-10
-13
10
35
-32
-5
80
-91
4
148
-235
230
-154
55
93
-275
351
-298
206
-112
35
48
-134
161
-165
99
-107
138
-107
6
56
13
-91
125
-162
48
155
-291
278
-207
238
-324
306
-64
-178
243
-177
177
-156
93
-70
89
-59
-49
147
-162
96
55
-245
304
-169
-122
373
-433
312
-164
45
79
-186
238
-233
138
-26
-59
65
-24
14
28
-41
-22
165
-267
258
-200
109
41
-175
149
-55
57
-83
32
93
-142
18
159
-233
160
-100
90
-90
-12
175
-243
228
-156
44
99
-191
160
-22
-133
160
-11
-129
87
100
-227
207
-131
-30
200
-249
173
-123
129
-34
-152
242
-161
70
-90
164
-143
14
90
-182
290
-212
12
18
141
-245
133
-43
90
-124
54
56
-127
216
-323
344
-207
40
88
-189
243
-155
40
71
-156
107
40
-146
193
-230
256
-153
-28
65
-7
4
-48
-30
146
-133
1
161
-297
383
-339
149
65
-134
88
-126
239
-262
201
-207
271
-180
-71
236
-280
298
-333
283
-145
30
-18
20
-7
82
-193
184
-38
-96
146
-185
246
-253
106
8
39
-51
-43
110
-24
-81
41
110
-166
114
-113
98
38
-244
288
-240
220
-111
-89
193
-105
19
-50
124
-67
-87
164
-129
60
36
-160
247
-196
-4
110
-25
-124
162
-110
123
-119
-18
210
-272
209
-114
-12
188
-310
279
-143
-14
104
-179
228
-146
15
90
-87
38
-27
0
35
-5
-145
217
-70
-160
278
-212
102
-36
-28
107
-125
29
106
-129
97
-42
-28
81
-108
86
-86
77
-19
-9
-12
91
-192
144
1
-96
65
-22
37
-34
-5
78
-115
55
112
-224
182
-94
-20
73
-118
237
-293
216
-80
19
-6
-75
128
-118
76
-11
-1
-11
-23
68
-55
-27
104
-154
228
-236
122
66
-199
209
-119
49
-5
-67
151
-167
88
4
-101
77
21
-84
91
-38
-71
189
-222
181
-119
61
-59
53
21
-63
74
-84
134
-162
131
-91
26
83
-153
143
-98
26
38
-145
228
-192
56
73
-160
219
-245
206
-71
-97
229
-272
218
-38
-85
101
-131
144
-78
-16
83
-154
259
-308
179
48
-245
382
-361
206
-80
41
-17
-39
95
-162
158
-65
4
-55
81
-12
-12
-31
11
86
-120
-3
114
-118
70
3
-105
226
-220
141
-71
-42
197
-314
304
-85
-75
32
-28
158
-226
111
-57
44
48
-244
298
-122
-2
34
-116
189
-121
70
-167
275
-188
-19
80
-41
50
-44
47
-90
75
1
-59
53
-23
-23
146
-304
300
-159
14
161
-304
212
110
-265
131
45
-82
134
-206
200
-43
-62
52
-32
67
-32
-85
61
-29
-5
76
-259
309
-163
-34
162
-150
120
-6
-51
57
-96
77
51
-95
-73
172
-47
-63
79
-176
290
-165
-41
120
-43
106
-254
210
-104
-15
16
-34
29
30
-111
51
119
-180
152
-92
126
-209
196
-142
43
32
-171
279
-94
-36
-15
227
-363
279
-105
-85
212
-176
75
-83
166
-232
169
-56
-68
214
-340
401
-305
140
81
-236
161
-17
10
-97
59
-29
99
-195
265
-341
354
-235
40
65
-209
297
-260
217
-73
-57
-87
247
-236
65
5
68
-86
108
-20
-232
485
-524
337
-187
106
40
-170
175
-194
339
-319
91
21
102
-64
-22
-42
-26
252
-349
153
1
2
-22
67
-121
-63
252
-262
67
-31
35
-3
40
-81
-9
224
-189
125
-105
-5
313
-315
-110
482
-363
96
246
-279
149
97
-12
-48
81
-44
114
-15
68
88
-48
158
-20
79
-97
233
-74
49
113
54
-124
162
23
-154
312
-190
35
67
30
-46
132
-221
126
119
-147
139
-243
354
-422
329
-103
-174
221
-398
348
-218
42
-34
-198
39
99
-238
197
-46
32
-5
-99
190
-374
208
-116
-135
27
42
-429
239
-190
-125
-30
-204
-13
-305
176
-291
-83
-102
-130
85
-101
-65
92
-161
120
-46
-59
80
-182
138
-220
227
-74
-9
26
111
-11
-20
189
-318
515
-271
168
159
-181
384
-211
371
21
-15
155
222
-30
302
22
114
315
-131
360
-127
197
-57
2
-1
-39
-24
168
-144
-80
206
-146
332
-8
40
293
7
242
89
231
98
-5
77
-10
-168
-10
-361
-253
-94
-443
-176
-280
-267
-340
-127
-268
-61
-58
-5
55
102
245
-43
328
105
106
152
120
161
91
-62
-6
42
-247
53
-132
-79
-222
-135
43
-277
3
-232
61
-93
-132
106
-48
-77
14
113
30
-55
48
-27
209
-18
-302
224
-151
-61
118
-233
173
-106
99
91
-113
163
-145
145
-91
-58
122
44
17
110
53
293
218
79
275
-34
159
83
182
50
3
-18
-120
30
-111
-80
-129
-22
-48
-10
-49
-132
-56
-52
49
-32
19
-17
-53
45
83
-27
-75
74
-2
-6
-57
-61
-27
84
38
49
213
96
116
207
110
182
177
57
224
56
97
186
6
91
-55
-105
-31
78
-27
9
36
-22
8
41
5
-101
-26
-239
-118
-124
-287
-394
-301
-400
-382
-422
-510
-230
-473
-293
-366
-372
-304
-446
-385
-417
-357
-519
-449
-417
-540
-560
-450
-527
-519
-431
-530
-401
-396
-430
-304
-354
-286
-227
-266
-101
-254
-69
1
-4
132
148
265
313
485
530
700
813
969
1072
1113
1221
1272
1392
1399
1484
1683
1783
1770
1834
1786
1798
1653
1630
1619
1476
1430
1290
1182
1058
880
673
528
363
303
189
116
19
-129
-133
-305
-432
-441
-593
-670
-771
-829
-971
-940
-1119
-1216
-1350
-1365
-1286
-1461
-1398
-1478
-1578
-1675
-1804
-1982
-2066
-2357
-2338
-2457
-2669
-2691
-2984
-2992
-3325
-3583
-3882
-4025
-4168
-4446
-4300
-3753
-2461
-1423
-1014
-617
68
1375
2427
2967
3365
3949
4898
5474
5869
5860
5626
5577
5186
4842
4293
4016
3501
2637
1719
927
442
-205
-844
-1475
-2045
-2407
-2658
-3136
-3440
-3557
-3373
-3080
-2685
-2182
-1465
-725
-50
790
1476
2169
2543
3237
4041
4688
5087
4921
4893
4511
4135
3752
3198
2746
2329
2040
1715
1163
487
-86
-572
-768
-990
-959
-978
-1066
-1004
-1216
-1404
-1742
-1932
-1939
-1862
-1822
-1682
-1662
-1878
-2264
-2628
-2652
-2898
-3226
-3622
-3797
-3985
-4408
-4708
-5255
-5553
-6153
-6236
-6551
-6774
-7293
-6991
-4928
-2820
-1161
-1339
-509
963
3215
4427
4762
5133
5941
7623
8314
8365
7581
7193
6848
6130
5244
4417
4236
3514
2084
520
-447
-976
-1792
-2740
-3522
-3737
-3586
-3611
-4011
-4465
-4463
-3878
-3393
-2703
-2104
-1094
-178
307
658
1036
2187
2677
3543
4517
5985
6698
6434
6112
5504
5355
4694
4347
3786
3461
3076
2371
1676
585
-333
-1096
-1067
-1092
-832
-532
-491
-628
-857
-867
-942
-1164
-1185
-1121
-999
-1007
-1481
-2052
-2778
-3000
-3199
-3320
-3686
-4254
-4349
-4400
-4809
-5462
-5969
-6434
-6665
-6928
-6855
-7104
-7373
-7735
-7782
-8270
-6773
-3767
-748
1075
597
2406
4409
7426
7658
7504
8255
9726
11468
11184
10612
8962
8359
7236
6031
4348
3062
2791
1178
-1031
-3109
-4084
-4531
-5528
-6408
-6622
-5876
-5167
-5121
-5430
-5366
-4509
-3271
-1737
-429
890
2413
3534
3810
3747
4062
4635
4768
4979
5507
6403
6931
6057
4826
3610
3414
2968
2339
1974
1604
1550
952
254
-672
-1380
-1769
-1704
-953
-39
427
244
1
-10
-54
-80
-250
-368
-245
39
-174
-908
-1994
-3184
-3738
-4037
-4141
-4606
-5186
-5367
-5217
-5348
-5854
-6577
-7075
-6824
-6435
-6351
-6407
-6597
-6545
-6730
-6699
-7057
-7125
-3784
167
3737
3478
3427
5402
8162
10222
8946
8782
9708
11857
11855
10570
8580
6721
5505
3403
1856
246
72
-809
-3192
-5668
-7006
-6967
-6852
-7145
-7442
-6275
-4291
-2895
-2922
-3168
-2318
-638
1474
3414
4696
6048
6975
6952
6322
5710
5721
5259
4706
4447
4636
4498
3201
1094
-589
-964
-1070
-1143
-1200
-596
9
199
68
-314
-440
-174
394
1043
2114
2847
2819
2155
1418
865
240
-357
-941
-1247
-1282
-1418
-2222
-3465
-4605
-5463
-5652
-5629
-5729
-5859
-5582
-5052
-4696
-4399
-4606
-4891
-5008
-4450
-3801
-3294
-3256
-2973
-2935
-3110
-3507
-4278
-4644
-5173
-2086
1881
5167
4439
3116
4823
7338
9020
7053
6439
7258
9406
9544
7781
5680
3532
2573
812
-416
-1630
-1727
-1959
-3663
-5431
-6548
-5841
-5136
-4922
-4630
-3082
-685
641
426
-119
785
2611
4575
5624
6198
7000
7382
6658
5144
4069
3432
2611
1518
923
816
376
-924
-2846
-3795
-3423
-2340
-1862
-1417
-631
538
1700
2174
2120
1905
2235
2655
3194
3534
3379
2515
1406
579
-27
-859
-1906
-2895
-3004
-2588
-2552
-3293
-4443
-5128
-5309
-4938
-4670
-4556
-4544
-4352
-3722
-3109
-2946
-3750
-4353
-4199
-3172
-2615
-2697
-3020
-3209
-3179
-3645
-4141
-5203
-6092
-6105
-2631
1931
4569
3465
2229
4102
6923
8303
6712
6223
7856
9962
9989
8089
5745
3717
2404
916
-123
-757
-569
-915
-2952
-5141
-6314
-5592
-4553
-4143
-3754
-1824
790
1957
1250
320
1078
2842
4828
5856
6289
6776
6844
5724
3942
2372
1361
476
-407
-706
-772
-1262
-2569
-3810
-4066
-3368
-2663
-1943
-955
521
2204
3363
3746
3458
3420
3585
3775
3976
4095
4090
3430
2257
874
-107
-1312
-2424
-3036
-3025
-2750
-3062
-3756
-4785
-5365
-5698
-5736
-5537
-5285
-4674
-4012
-3274
-2994
-3298
-3880
-3961
-3349
-2767
-2516
-2763
-2800
-2796
-2840
-3132
-4169
-5236
-6526
-5037
-1017
3000
4065
2348
2766
4973
7826
7491
5887
5904
7932
9784
8939
6786
4180
2532
1020
-135
-954
-1240
-1146
-2244
-3960
-5677
-5908
-5045
-4271
-3876
-2879
-273
2125
2698
1430
776
1754
3687
5253
5747
5988
6085
5662
4169
2151
666
-477
-1296
-1718
-1685
-1495
-1721
-2504
-3425
-3329
-2482
-1233
-189
966
2458
3925
4904
4718
4063
3562
3534
3660
3947
4112
3452
2217
968
-20
-1093
-2288
-3218
-3390
-2971
-2622
-2921
-3654
-4467
-5182
-5249
-4874
-4280
-3951
-3513
-3007
-2532
-2501
-2848
-3183
-3631
-3353
-3061
-2441
-2665
-2980
-3384
-3638
-4042
-5292
-6614
-7438
-4526
-88
3352
2641
1452
3053
6176
7934
6245
5435
7027
10034
10638
8584
5942
3988
3080
1661
459
-433
-282
-404
-2026
-4014
-5456
-5042
-4289
-3938
-3730
-2040
543
1920
1312
50
309
1940
3809
4406
4599
4790
5004
4143
2527
1052
64
-744
-1503
-1596
-1347
-822
-1369
-2373
-2577
-1696
-534
-83
798
2043
3593
4447
4384
3906
3376
3149
2906
3108
3320
3091
2260
1225
320
-649
-1521
-2300
-2715
-2669
-2346
-2398
-3000
-3790
-4602
-4852
-4575
-4355
-4414
-4301
-3865
-3679
-3565
-3786
-4172
-4506
-4254
-3813
-3629
-3644
-3903
-3807
-3977
-3973
-4746
-5641
-6597
-3808
1034
4902
4224
2033
3404
6864
9307
7248
5539
6576
9774
10385
7899
4628
2511
1853
718
-201
-1145
-1257
-1494
-3006
-4768
-5836
-5027
-3971
-3554
-3234
-1512
1364
2739
1905
220
645
2437
4435
4996
4656
4596
4547
3843
2121
556
-433
-1198
-1820
-1701
-449
556
-274
-2111
-2373
-428
1241
1499
1416
2848
4584
5328
4633
3538
3071
2942
2955
2999
3120
2601
1416
143
-881
-1606
-2301
-2925
-3264
-3151
-2719
-2733
-3511
-4681
-5459
-5308
-4499
-3992
-4164
-4367
-3720
-3248
-3267
-3989
-4251
-4052
-3678
-3506
-3580
-3490
-3932
-4226
-4223
-4111
-4378
-5441
-4897
-1650
2563
4654
3541
3378
5203
8272
8765
7404
6746
8136
9749
9022
6740
4011
2686
1494
330
-845
-1635
-1863
-3010
-4649
-5908
-5850
-4852
-4330
-4224
-3362
-1027
1049
1517
441
198
1423
3242
4579
4711
4643
4606
4157
2971
1474
321
-486
-1173
-1276
-373
864
831
-618
-1774
-944
871
2007
2065
2529
3769
4871
4936
3910
3016
2703
2837
2926
2802
2394
1589
498
-661
-1737
-2553
-3037
-3274
-3419
-3361
-3349
-3650
-4477
-5462
-5959
-5704
-5026
-4689
-4597
-4355
-3780
-3525
-3625
-4132
-4471
-4199
-3676
-3474
-3637
-3609
-3711
-3886
-4184
-4470
-4336
-1620
1703
4298
4153
3770
4977
7434
9015
7863
6902
7549
9491
9232
6914
3929
2234
1661
803
-477
-1716
-2090
-2811
-4288
-5614
-5995
-4881
-3726
-3295
-3074
-1475
925
2239
1720
689
1303
3106
4942
5267
4702
4347
4125
3196
1596
-69
-1038
-1518
-1471
-821
-139
22
-536
-981
-660
323
1271
2309
3381
4535
5083
4934
4205
3265
2712
2744
3039
2967
2323
1234
152
-847
-1933
-2856
-3476
-3775
-3669
-3404
-3463
-4105
-4998
-5591
-5475
-5320
-5037
-4598
-4355
-4087
-4179
-3855
-3668
-3479
-3384
-3331
-3343
-3665
-3668
-3816
-3900
-4541
-4974
-5318
-3654
31
3428
4491
3203
3339
5392
8001
8128
6783
6670
8323
9539
8136
5271
2703
1609
869
31
-694
-1308
-1707
-3069
-4668
-5781
-5653
-4357
-3344
-2703
-1719
316
1887
1903
895
739
2113
3913
4891
4913
4916
4700
3666
1818
70
-1002
-1355
-1251
-631
-48
123
-455
-1286
-1291
-364
997
1933
2739
3864
5065
5506
4815
3466
2495
2344
2716
2798
2392
1703
887
-139
-1572
-3021
-4050
-4257
-3912
-3477
-3215
-3486
-4055
-4730
-5186
-5290
-5033
-4553
-3960
-3441
-3223
-3237
-3689
-4031
-4532
-4296
-3889
-3525
-3741
-4646
-5345
-6106
-6247
-4661
-1407
1667
2589
2208
3232
5727
7878
7485
6350
6598
8503
9385
8199
5633
3512
2542
1696
979
-72
-825
-1745
-2774
-3674
-4057
-3914
-3503
-3329
-3001
-1406
996
2810
2871
1772
1680
2780
4364
4888
4511
4389
4365
3734
1981
17
-1373
-1905
-2305
-2177
-1442
-541
-635
-1747
-2123
-1135
382
1313
1866
2900
4338
5244
5215
4598
3865
3378
3315
3363
3216
2454
1419
392
-450
-1295
-2482
-3562
-4235
-4408
-4408
-4494
-4720
-5101
-5388
-5343
-4975
-4617
-4502
-4449
-4142
-3632
-3299
-3372
-3743
-4294
-4449
-4631
-4737
-5009
-5423
-5743
-6235
-4520
-1526
1571
1889
1069
1907
4937
7660
7317
5990
6042
8316
9182
7583
4759
2895
2543
1993
1277
380
-175
-875
-2153
-3251
-3729
-3137
-2618
-2334
-2206
-859
1431
3009
2905
1599
1453
2875
4698
5230
4634
4093
3883
3231
1634
-193
-1428
-2055
-2182
-2047
-1315
-514
-579
-1393
-1643
-407
948
1755
2018
2992
4465
5313
4863
3760
3039
2939
3251
3203
2874
2150
1397
584
-469
-1773
-2929
-3518
-3530
-3272
-3397
-4144
-4971
-5701
-5942
-5862
-5451
-4887
-4592
-4256
-4067
-3985
-4163
-4259
-4460
-4408
-4139
-4058
-4043
-4959
-5845
-6855
-5971
-2552
908
2588
1512
1573
3690
6667
7179
5380
4869
6903
9300
8631
5803
2870
1947
1760
929
-54
-888
-1132
-1886
-2700
-3152
-3020
-2474
-2351
-2167
-1094
1252
3238
3837
2852
2206
2974
4369
5393
5050
4386
4056
3814
2854
1027
-862
-2244
-2739
-2499
-1742
-1020
-821
-1162
-1550
-963
9
921
1411
2308
3792
5038
5461
4750
3893
3306
3230
3132
2908
2638
2140
1454
394
-750
-2000
-3030
-3677
-3912
-3772
-4086
-4658
-5552
-5912
-5883
-5694
-5392
-5381
-5322
-5142
-4497
-3949
-3683
-3980
-4439
-4354
-4182
-4014
-4653
-5082
-5653
-4558
-1539
1400
2693
1372
1397
3221
6534
7367
6034
4936
6142
7859
7174
4907
2428
1747
1321
556
-493
-1359
-1744
-2643
-3614
-3936
-3415
-2470
-2106
-1880
-995
1231
3286
3955
3088
2622
3384
4860
5810
5399
4611
3952
3323
2188
600
-817
-1676
-2446
-2617
-1947
-1047
-837
-1358
-1495
-436
1003
1848
1975
2573
3972
5261
5601
4869
3817
3192
2988
2923
2765
2454
1781
672
-465
-1536
-2616
-3564
-4124
-4261
-3913
-3873
-4508
-5463
-6255
-6500
-6226
-5555
-5039
-4705
-4447
-4137
-4111
-4145
-4386
-4398
-4345
-4072
-4141
-4194
-4565
-4553
-2238
715
3152
2445
1928
2976
5975
7774
6850
5461
5669
7333
6916
4977
2459
1637
1481
713
-519
-1671
-2048
-2517
-3323
-3759
-3493
-2692
-2259
-2011
-1405
516
2581
3626
3140
2413
2958
4309
5692
5725
4995
4388
3955
2769
1131
-306
-956
-1274
-1554
-1538
-1296
-1001
-1051
-1230
-641
446
1295
1503
1813
2929
4332
5076
4732
3620
2691
2285
2123
1975
1626
1153
433
-393
-1333
-2343
-3385
-4271
-4732
-4508
-4169
-4218
-4890
-5617
-6146
-6250
-5928
-5400
-4952
-4714
-4308
-4188
-3812
-3940
-3736
-3795
-3552
-3800
-4007
-4319
-3819
-1435
1378
3728
3178
2523
2738
4955
6590
6300
5484
5804
7263
6956
4831
2026
736
623
51
-913
-1936
-2014
-2031
-2499
-2991
-3252
-2815
-2520
-2030
-1353
569
2566
3768
3389
2333
2342
3235
4651
4914
4568
4206
4109
3497
1982
367
-561
-473
-407
-70
178
538
624
353
694
1246
1954
1909
2030
2678
3934
4554
4105
3068
2028
1637
1016
637
151
-232
-654
-1154
-1562
-2403
-3430
-4556
-5102
-5064
-4756
-4627
-4927
-5224
-5738
-5683
-5768
-5702
-5575
-5303
-4666
-4156
-3829
-3988
-4090
-4097
-4023
-4478
-4861
-4842
-2557
953
4244
4762
3744
3249
4479
6302
6394
5781
5548
7045
7254
5659
2785
961
523
-118
-1091
-2247
-2584
-2538
-2674
-3053
-3292
-2894
-2456
-1902
-1227
240
2019
3283
3490
2605
2313
2837
4033
4756
4518
3832
3431
3067
2078
674
-311
-341
46
228
494
920
1356
1328
1405
2055
2946
3421
3332
3507
4190
4751
4308
3342
2451
2037
1564
575
-419
-1031
-1284
-1692
-2219
-2813
-3500
-4240
-5026
-5408
-5433
-5360
-5503
-5696
-5765
-5725
-5806
-5872
-5748
-5435
-5116
-4875
-4676
-4265
-3882
-3747
-3929
-4359
-4745
-4991
-3399
-122
3527
5219
4905
4631
5398
6628
6422
5406
4921
6173
6918
5870
3370
1330
593
-285
-1607
-3056
-3472
-2933
-2478
-2487
-2668
-2511
-2173
-1673
-1190
-104
1425
2872
3591
3124
2687
2757
3469
3706
3297
2776
2747
2824
2171
964
-258
-282
172
450
564
1062
2216
2898
3124
3109
3598
4002
4272
4457
4826
5203
4932
4135
3034
2350
1590
614
-584
-1295
-1599
-1884
-2430
-3109
-3773
-4516
-5169
-5779
-6039
-5976
-5893
-5993
-6260
-6457
-6438
-6184
-6189
-6215
-6150
-5785
-5266
-4757
-4257
-3901
-3998
-4228
-4702
-3991
-1392
2258
4892
5420
5514
6139
7797
8105
6867
5046
5033
5831
5620
3924
1760
790
-7
-1226
-3197
-4402
-4250
-3485
-2931
-2654
-2237
-1649
-975
-480
211
1391
2600
3591
3690
3457
3205
3354
3544
3086
2194
1511
1289
837
156
-766
-1060
-886
-647
-308
199
1152
2082
2900
3576
4182
4633
4909
5206
5694
6225
5947
5207
4221
3399
2625
1451
35
-1248
-1811
-2193
-2499
-3231
-3972
-4527
-4919
-5369
-6011
-6366
-6440
-6356
-6338
-6250
-6372
-6269
-6273
-6139
-6079
-6006
-5933
-5605
-5195
-4716
-4524
-4815
-5129
-5079
-2731
752
4243
5406
5720
6227
7874
9014
8514
7194
6388
6985
6656
5361
3170
1985
1263
46
-1867
-3746
-4482
-4273
-3811
-3515
-3031
-2272
-1449
-483
105
913
1703
2586
3159
3110
3173
3407
3883
3764
2941
1876
1398
918
127
-993
-1454
-1223
-847
-633
-250
507
1338
2043
2649
3384
4043
4355
4697
5428
6274
6523
5705
4790
4021
3549
2597
1193
-198
-1162
-1829
-2478
-3086
-3659
-4143
-4741
-5417
-5956
-6454
-6855
-7181
-7186
-7058
-6909
-6787
-6601
-6352
-6377
-6561
-6849
-6766
-6410
-5616
-5088
-4955
-5196
-4149
-1568
1803
4062
4885
5610
7095
8882
9233
8379
7209
7206
7000
6171
4464
3263
2638
1753
144
-1737
-2885
-3432
-3540
-3811
-3657
-3061
-2010
-906
140
1084
1874
2374
2635
2571
2525
2641
3127
3634
3784
3323
2535
1620
507
-729
-1849
-2463
-2513
-1867
-934
109
966
1887
2617
3257
3550
3707
3843
4556
5565
6292
6322
5912
5347
4595
3652
2292
981
-261
-1159
-2000
-2585
-3139
-3633
-4247
-4916
-5550
-6095
-6566
-7010
-7414
-7671
-7709
-7681
-7536
-7241
-6846
-6598
-6609
-6861
-6904
-6711
-6283
-5867
-5378
-3945
-1394
1536
3480
4414
5245
6677
8187
8638
8038
7152
6984
6854
6197
4929
3772
3119
2276
945
-745
-1968
-2615
-2848
-3080
-3160
-2866
-2195
-1197
-158
898
1807
2439
2712
2564
2232
2057
2306
2790
3125
3163
2912
2352
1425
282
-712
-1197
-1349
-1425
-1392
-868
326
1668
2558
2814
2963
3143
3412
3663
4066
4679
5284
5569
5405
5097
4629
3855
2522
1024
-206
-1074
-1735
-2405
-3137
-3816
-4430
-5042
-5687
-6331
-6939
-7455
-7826
-7952
-7930
-7769
-7497
-7187
-6951
-6857
-6866
-6908
-6763
-6749
-6670
-6235
-4631
-1943
855
2774
3761
4761
6251
7708
8078
7475
6673
6497
6507
5959
4814
3755
3246
2793
1802
414
-752
-1489
-2029
-2679
-3174
-3115
-2442
-1517
-687
141
1099
2030
2542
2431
1982
1607
1672
1961
2237
2409
2584
2736
2548
1932
964
187
-376
-720
-828
-556
258
1201
2012
2440
2751
3017
3291
3396
3354
3469
3645
3867
3973
4168
4272
4175
3600
2622
1504
348
-735
-1889
-2819
-3459
-3804
-4182
-4738
-5461
-6112
-6534
-6897
-7348
-7847
-8029
-7856
-7508
-7301
-7337
-7297
-6968
-6749
-6902
-7222
-6843
-5203
-2621
-166
1438
2735
4414
6429
7776
7984
7394
6930
6821
6556
5951
5243
4856
4489
3694
2448
1254
316
-558
-1630
-2749
-3418
-3527
-3205
-2855
-2357
-1646
-716
229
854
1191
1386
1645
1876
1987
2009
2093
2338
2690
2947
3017
2824
2391
1744
1153
767
737
952
1221
1446
1665
1865
2086
2348
2538
2709
2744
2747
2585
2470
2522
2763
3009
2998
2730
2201
1613
817
-185
-1272
-2296
-3212
-3987
-4666
-5213
-5647
-5970
-6322
-6742
-7087
-7240
-7171
-7000
-6917
-6951
-6966
-6824
-6492
-6302
-6385
-6565
-6217
-4932
-2814
-730
809
1891
3141
4749
6206
6940
6832
6504
6319
6209
5887
5431
5107
4891
4533
3812
2878
1971
1058
85
-932
-1717
-2154
-2383
-2544
-2553
-2293
-1813
-1293
-999
-780
-437
155
800
1196
1304
1245
1293
1454
1708
1961
2255
2554
2768
2928
3095
3405
3691
3735
3456
3079
2834
2677
2519
2369
2361
2473
2548
2423
2140
1830
1635
1460
1242
1011
833
631
274
-292
-1041
-1840
-2619
-3397
-4193
-4895
-5395
-5649
-5814
-6051
-6309
-6355
-6089
-5736
-5605
-5692
-5867
-5920
-5884
-5854
-5987
-6301
-6414
-5871
-4426
-2508
-777
401
1375
2561
3911
5021
5482
5553
5588
5767
5797
5574
5262
5075
5020
4795
4280
3543
2808
2078
1266
375
-521
-1291
-1849
-2142
-2282
-2276
-2174
-1970
-1756
-1524
-1177
-727
-189
267
567
664
622
586
607
840
1330
2026
2784
3480
4087
4639
4955
4866
4407
3734
3207
2884
2778
2740
2694
2617
2504
2302
1951
1468
892
416
79
-100
-215
-342
-582
-962
-1401
-1918
-2525
-3172
-3783
-4256
-4545
-4752
-4997
-5171
-5204
-5062
-4956
-4884
-4877
-4811
-4821
-4919
-5101
-5251
-5408
-5692
-5960
-5998
-5350
-4080
-2598
-1424
-495
512
1812
3092
4067
4618
4977
5323
5546
5539
5392
5291
5262
5082
4612
4064
3670
3459
3077
2414
1577
737
-49
-827
-1561
-2144
-2439
-2497
-2367
-2058
-1519
-871
-299
19
55
-78
-231
-327
-368
-193
352
1334
2510
3525
4242
4678
4890
4838
4462
3889
3356
3075
3022
3102
3174
3144
2915
2489
1914
1303
824
435
118
-196
-379
-552
-671
-831
-1066
-1414
-1905
-2487
-3089
-3580
-4005
-4342
-4642
-4857
-4937
-4921
-4848
-4784
-4797
-4842
-4929
-5041
-5175
-5318
-5438
-5622
-5849
-6069
-5958
-5297
-4139
-2856
-1725
-682
553
1982
3325
4265
4716
4953
5093
5230
5236
5174
4976
4742
4405
4091
3841
3737
3685
3450
2966
2173
1257
270
-642
-1527
-2193
-2520
-2404
-2018
-1498
-1027
-600
-253
-52
-3
-142
-282
-343
-68
557
1464
2365
3052
3586
4016
4350
4397
4124
3656
3271
3096
3081
3169
3143
3010
2672
2191
1660
1196
800
399
118
-63
-70
-196
-348
-546
-707
-916
-1334
-1800
-2358
-2799
-3216
-3628
-4053
-4464
-4778
-5018
-5138
-5204
-5279
-5358
-5479
-5525
-5482
-5462
-5529
-5778
-5979
-6162
-6094
-5685
-4747
-3417
-2026
-701
518
1901
3269
4364
4916
5090
5171
5262
5208
5001
4755
4525
4288
3954
3689
3615
3664
3532
3076
2357
1514
640
-283
-1095
-1707
-1992
-2047
-1958
-1718
-1338
-880
-490
-268
-202
-112
-27
173
472
1068
1750
2422
2907
3259
3585
3838
3915
3670
3325
2997
2863
2809
2790
2681
2561
2392
2114
1722
1320
975
696
515
400
264
28
-191
-364
-531
-807
-1212
-1761
-2215
-2559
-2917
-3373
-3945
-4479
-4977
-5288
-5542
-5741
-5908
-5998
-5937
-5940
-5949
-6130
-6329
-6566
-6594
-6206
-5333
-4115
-2902
-1590
-210
1447
2969
4198
4913
5384
5663
5707
5530
5109
4680
4205
3886
3615
3487
3446
3371
3163
2753
2183
1403
497
-389
-1057
-1485
-1751
-1929
-2070
-2004
-1782
-1367
-959
-573
-312
-109
119
405
749
1110
1527
1948
2491
3049
3572
3791
3726
3358
2915
2536
2285
2110
1953
1930
2010
2219
2385
2450
2324
2145
1991
1869
1723
1430
1010
517
71
-355
-708
-1024
-1390
-1809
-2348
-2890
-3456
-4035
-4682
-5360
-5995
-6453
-6657
-6757
-6841
-7008
-7153
-7192
-7036
-6950
-6853
-6547
-5762
-4505
-3139
-1726
-300
1451
3296
4958
6022
6560
6676
6521
6126
5481
4788
3998
3331
2737
2317
2077
1982
1887
1557
1014
340
-306
-972
-1548
-1947
-2058
-1904
-1673
-1329
-842
-129
530
971
1154
1276
1397
1532
1573
1709
1986
2427
2815
3038
3094
3008
2895
2613
2201
1586
994
533
342
436
856
1521
2314
2971
3381
3608
3682
3684
3506
3093
2466
1806
1165
572
-98
-839
-1696
-2512
-3308
-4001
-4649
-5373
-6129
-6881
-7457
-7917
-8219
-8509
-8620
-8724
-8697
-8681
-8389
-7496
-6029
-4202
-2590
-998
645
2723
4582
6026
6683
6875
6700
6296
5699
4957
4236
3416
2635
1870
1398
1032
679
209
-298
-734
-1188
-1646
-2068
-2222
-2094
-1800
-1398
-908
-131
734
1626
2219
2607
2776
2830
2808
2651
2495
2279
2233
2259
2359
2326
2141
1854
1463
1036
462
-58
-585
-836
-902
-559
169
1160
2127
2929
3659
4298
4822
4934
4661
4049
3390
2727
2165
1615
986
208
-750
-1728
-2701
-3649
-4692
-5868
-7079
-8153
-8966
-9526
-9764
-9825
-9796
-9811
-9751
-9179
-7865
-5846
-3866
-2112
-346
1788
4210
6330
7710
8120
7993
7456
6683
5606
4378
3113
1874
830
66
-336
-560
-763
-1055
-1442
-1922
-2524
-3034
-3208
-2963
-2437
-1691
-724
533
1893
3193
4233
4837
4994
4784
4416
3985
3584
3055
2500
2135
1923
1613
1073
356
-398
-1139
-1791
-2318
-2643
-2718
-2503
-1913
-881
486
1900
3090
4095
4974
5722
6109
5991
5404
4521
3603
2704
1880
1138
414
-422
-1335
-2225
-3061
-4021
-5255
-6628
-8000
-9183
-10090
-10737
-11183
-11595
-11546
-10563
-8345
-5491
-2831
-520
1776
4343
6679
8220
8642
8302
7482
6376
5050
3736
2533
1334
247
-610
-1075
-1363
-1768
-2468
-3336
-4101
-4714
-5127
-5268
-4836
-3842
-2299
-446
1530
3454
5152
6550
7441
7737
7428
6737
5926
5184
4306
3407
2596
2050
1491
668
-512
-1747
-2846
-3700
-4395
-4892
-4985
-4697
-3927
-2796
-1212
513
2141
3419
4400
5185
5750
5978
5712
5039
4163
3441
2945
2657
2299
1622
628
-491
-1578
-2863
-4353
-6095
-7800
-9208
-10163
-10747
-11172
-11296
-10477
-8423
-5495
-2653
-234
2166
4794
7375
9043
9563
9070
8227
7036
5665
4047
2445
818
-711
-1982
-2829
-3302
-3862
-4631
-5628
-6437
-6967
-7191
-7060
-6397
-5120
-3335
-1084
1311
3680
5733
7355
8449
8853
8707
8100
7397
6525
5470
4296
3392
2792
2127
997
-505
-1957
-3199
-4069
-4787
-5183
-5359
-5145
-4520
-3327
-1620
70
1477
2319
2945
3440
3795
3758
3312
2667
2006
1594
1469
1506
1440
1003
192
-792
-1840
-3044
-4494
-6208
-7848
-9216
-9995
-10456
-10529
-9422
-7038
-3719
-815
1766
4256
7202
9946
11501
11578
10652
9535
8000
6273
4355
2687
913
-765
-2253
-3200
-3728
-4331
-5267
-6553
-7580
-8323
-8616
-8444
-7541
-5851
-3680
-1022
1782
4503
6590
8020
8735
8856
8496
7601
6509
5169
3972
2768
1868
1192
558
-360
-1583
-2681
-3492
-3855
-4130
-4172
-4045
-3399
-2466
-1182
203
1469
2420
2867
3075
3101
3122
2830
2327
1643
1035
621
349
47
-492
-1337
-2511
-3866
-5115
-6259
-7485
-8688
-9785
-10440
-10769
-9940
-7679
-4293
-1023
1583
4043
6698
9575
11403
11851
10801
9382
7861
6289
4623
3044
1614
164
-840
-1519
-1864
-2421
-3240
-4440
-5635
-6486
-7041
-7058
-6583
-5309
-3422
-901
1728
4034
5711
6735
7207
7075
6501
5439
4316
3121
2113
1173
386
-56
-507
-1084
-1897
-2567
-2980
-2962
-2637
-2287
-1867
-1179
-291
603
1526
2197
2527
2329
1904
1474
1250
1243
1017
783
688
875
1173
1024
362
-683
-1948
-3407
-5051
-6637
-7957
-8927
-9640
-10177
-10206
-8889
-6171
-2715
216
2539
4630
6749
8710
9808
9739
8594
7077
5462
4193
3082
2102
882
-331
-1207
-1636
-1850
-2377
-3108
-4033
-4606
-4808
-4514
-3904
-3070
-1754
2
2181
4022
5312
5794
5944
5911
5656
5087
4106
3345
2522
1825
842
191
-523
-1424
-2597
-3731
-4308
-4414
-3772
-2954
-1873
-850
240
1097
1907
2424
2345
1648
576
-331
-953
-992
-945
-828
-654
-386
50
382
419
-259
-1432
-3015
-4498
-5899
-6928
-7756
-8421
-8809
-8739
-7103
-4177
-312
2456
4428
5985
7843
9497
9774
8900
7087
5407
3612
2094
933
288
-521
-1558
-2504
-2900
-2738
-2939
-3436
-4292
-4578
-4328
-3504
-2305
-864
912
2690
4645
6166
7044
6791
5992
5041
4198
3275
2312
1755
1258
754
78
-172
-227
-488
-1388
-2590
-3189
-2889
-1917
-887
95
978
1792
2418
2837
2947
2632
1783
414
-918
-1696
-1911
-1891
-1878
-1984
-2029
-2033
-1971
-2218
-2760
-3712
-4923
-6145
-7174
-7692
-8076
-8201
-8512
-7903
-5827
-2296
1312
3693
5599
7327
9376
10402
10195
8889
7222
5418
3269
1389
108
-627
-1713
-2776
-3587
-3555
-3567
-3868
-4471
-4765
-4318
-3678
-2443
-1092
854
2582
4253
5653
6560
6552
5433
4273
3329
2909
2145
1518
846
506
-88
-553
-783
-1003
-1460
-2465
-3049
-2936
-1741
-324
1128
2331
3546
4427
4841
4779
4193
3333
1910
446
-870
-1437
-1507
-1514
-1539
-1551
-1321
-1501
-2060
-3035
-4349
-5793
-6957
-7769
-8399
-8831
-9118
-9349
-8449
-5896
-2117
1196
3284
4972
6645
8648
9557
9219
7719
6020
4309
2513
976
26
-783
-1820
-2830
-3319
-2938
-2760
-2879
-3677
-3868
-3381
-2500
-1262
-101
1504
3059
4725
6092
6765
6599
5727
4659
3733
2844
1920
1015
20
-779
-1839
-2515
-3064
-3346
-3623
-4078
-4188
-3763
-2384
-657
985
2267
3346
4174
4674
4541
4009
3103
1975
900
9
-208
-295
-355
-632
-807
-835
-881
-1300
-2186
-3301
-4362
-5213
-5879
-6346
-6835
-7349
-7578
-6256
-3685
-376
1661
3241
4612
6281
7456
7361
6607
5197
4042
2432
961
-239
-778
-1642
-2688
-3512
-3533
-3098
-2957
-3090
-3505
-3019
-2079
-694
549
1558
2680
3736
5073
5750
5908
5212
4318
3496
3016
2724
2159
1308
263
-699
-1712
-2497
-3348
-3817
-4259
-4391
-4166
-3260
-1664
-155
924
1753
2546
3096
3071
2563
1971
1255
543
-239
-657
-653
-747
-1101
-1610
-1815
-1851
-2097
-2584
-3361
-3923
-4381
-4686
-4883
-4812
-4863
-4943
-3867
-1389
1706
3521
4598
5481
6748
7737
7528
6601
5233
4138
2773
1338
240
-540
-1687
-3087
-4225
-4514
-4292
-4201
-4319
-4428
-3559
-2022
-191
1378
2485
3396
4199
5146
5708
5659
5004
4039
3470
3265
3374
2979
2283
1169
-315
-1971
-3312
-4190
-5004
-5661
-6172
-5737
-4457
-2443
-821
539
1704
2782
3534
3684
3485
2793
2048
1069
456
71
-87
-491
-1217
-1920
-2592
-3126
-3874
-4691
-5491
-6042
-6410
-6498
-6390
-6097
-6146
-5540
-3597
-353
2863
4822
6436
7571
8819
9170
8817
7771
6331
4734
3055
1767
1017
280
-1085
-2621
-3832
-4190
-4500
-4585
-4866
-4906
-4184
-2715
-538
1368
2941
4063
5072
6006
6542
6410
5686
4732
4167
4085
3785
3262
2399
1528
123
-1555
-3064
-4183
-5130
-6320
-7217
-7079
-5804
-4206
-2856
-1655
-231
1106
2002
2283
2326
2166
1644
1079
879
1085
1188
792
153
-541
-1112
-1962
-2965
-4020
-4889
-5740
-6390
-6724
-6837
-6984
-7133
-5849
-3321
21
2398
4470
6085
7418
8005
7797
7496
6581
5496
3840
2575
1699
1227
237
-1053
-2458
-3429
-4003
-4287
-4271
-4464
-4109
-3307
-1747
35
1655
3074
4251
5490
6464
6956
7000
6679
6303
5892
5347
4545
3620
2595
1522
192
-1034
-2231
-3233
-4146
-5154
-5744
-5909
-5379
-4588
-3518
-2443
-1445
-630
-171
159
317
293
-77
-373
-307
74
318
178
-247
-837
-1550
-2456
-3424
-4276
-5089
-5780
-6456
-6879
-7265
-7354
-6111
-3821
-812
1649
3977
5958
7301
8055
8182
8092
7398
6365
5006
3880
2951
2137
809
-719
-2213
-3478
-4346
-4999
-5239
-5427
-5159
-4365
-3053
-1428
11
1280
2306
3531
4757
5793
6433
6670
6992
7088
7036
6327
5349
4106
2781
1513
520
-230
-1073
-2081
-3000
-3431
-3502
-3323
-3330
-3201
-2738
-1946
-1296
-1117
-1074
-952
-727
-558
-432
-155
64
139
-24
-258
-652
-1508
-2630
-3728
-4520
-5180
-5822
-6508
-7245
-7940
-8007
-6734
-4476
-1903
323
2408
4156
5346
6127
6505
6667
6336
5933
5557
5295
4951
4116
2742
986
-729
-2186
-3363
-4412
-5164
-5550
-5259
-4510
-3403
-2090
-791
270
1096
2225
3436
4523
4804
4947
5251
5933
6242
5777
4792
3432
2253
1309
912
539
-108
-1080
-1876
-2155
-1928
-1600
-1449
-1383
-1165
-709
-357
-326
-611
-1009
-1224
-1251
-970
-554
-140
83
204
235
0
-584
-1456
-2353
-3253
-4090
-4826
-5541
-6479
-7358
-7543
-6367
-4264
-1967
109
1696
2951
3784
4461
4699
4531
4194
4078
4344
4663
4738
4210
3083
1604
159
-1071
-2101
-3135
-4024
-4547
-4539
-4045
-3278
-2357
-1451
-572
562
1778
3036
3924
4325
4548
4803
5216
5294
4730
3686
2422
1400
883
636
456
-136
-926
-1735
-2240
-2236
-2193
-2169
-2145
-1807
-1230
-873
-913
-1210
-1396
-1299
-911
-399
107
446
595
593
486
241
-154
-715
-1409
-1990
-2499
-2872
-3557
-4480
-5364
-5573
-4711
-3265
-1426
-36
1239
2074
2864
3603
3941
4034
3811
3922
4255
4796
4954
4354
3125
1717
526
-405
-1245
-2168
-3121
-3865
-4172
-4075
-3676
-3207
-2618
-1801
-773
481
1663
2585
3119
3402
3734
3985
4177
3875
3000
1914
1005
613
337
121
-321
-873
-1451
-1952
-2097
-2112
-1983
-2018
-1966
-1837
-1640
-1510
-1535
-1517
-1357
-770
14
776
1213
1391
1311
1095
831
482
104
-370
-720
-1075
-1430
-1841
-2497
-3106
-3666
-3662
-3233
-2503
-1639
-843
36
711
1339
1816
2286
2686
3066
3467
3788
3877
3631
3134
2501
1941
1374
856
215
-419
-1059
-1649
-2117
-2471
-2536
-2416
-2000
-1411
-689
68
749
1289
1744
2167
2509
2680
2627
2327
1816
1270
795
578
460
212
-205
-696
-1048
-1229
-1270
-1286
-1409
-1508
-1613
-1700
-1713
-1659
-1580
-1429
-1106
-573
145
800
1223
1306
1295
1305
1219
966
619
347
85
-159
-464
-762
-1085
-1452
-1906
-2407
-2867
-3230
-3393
-3274
-2846
-2355
-1833
-1272
-597
148
893
1460
1673
1652
1567
1579
1623
1687
1663
1477
1259
1027
839
549
201
-165
-420
-391
-165
239
662
1006
1277
1622
2073
2470
2657
2615
2470
2375
2352
2320
2115
1807
1400
917
428
-29
-393
-777
-1139
-1397
-1491
-1503
-1586
-1754
-2011
-2239
-2343
-2263
-1979
-1593
-1175
-764
-361
-43
156
190
76
-101
-213
-299
-431
-648
-916
-1187
-1418
-1677
-2088
-2594
-3047
-3148
-2858
-2325
-1811
-1379
-890
-229
562
1296
1798
1944
1834
1706
1761
1967
2152
2153
1949
1725
1610
1531
1280
738
106
-373
-489
-266
136
535
854
1078
1291
1547
1776
1906
1841
1701
1638
1686
1837
1930
1887
1722
1453
1139
735
255
-209
-566
-777
-864
-900
-979
-1118
-1407
-1793
-2125
-2314
-2294
-2180
-1979
-1742
-1496
-1281
-1146
-1136
-1250
-1422
-1560
-1574
-1484
-1413
-1443
-1481
-1553
-1575
-1697
-1818
-1899
-1988
-2009
-1903
-1499
-945
-300
360
1045
1686
2196
2478
2603
2624
2543
2381
2228
2198
2148
2013
1838
1695
1624
1413
998
580
340
412
630
862
997
1041
1008
911
864
848
844
748
625
583
648
781
905
930
757
433
22
-355
-584
-703
-765
-752
-731
-705
-731
-871
-1092
-1365
-1582
-1647
-1575
-1334
-1099
-907
-862
-990
-1225
-1425
-1525
-1599
-1695
-1759
-1772
-1766
-1735
-1679
-1502
-1311
-1199
-1321
-1466
-1465
-1197
-798
-339
146
680
1266
1819
2271
2568
2711
2663
2436
2197
2078
2030
1878
1523
1093
759
599
457
282
110
88
225
425
615
730
775
772
753
784
854
870
830
744
737
830
966
1052
1060
950
686
337
29
-248
-492
-685
-840
-932
-1037
-1140
-1288
-1444
-1641
-1848
-1986
-1979
-1837
-1674
-1582
-1585
-1596
-1636
-1648
-1641
-1626
-1610
-1641
-1672
-1657
-1573
-1413
-1139
-836
-640
-565
-564
-482
-228
153
563
979
1454
1966
2451
2874
3213
3424
3420
3238
2931
2593
2211
1799
1372
933
511
130
-111
-235
-243
-161
10
168
159
26
-54
5
186
329
317
264
229
290
356
424
511
535
519
448
446
466
400
217
7
-139
-267
-451
-701
-928
-1099
-1262
-1479
-1717
-1904
-1994
-2010
-1994
-1965
-1990
-2050
-2117
-2143
-2074
-2004
-1995
-2009
-2030
-2056
-1989
-1760
-1413
-1087
-867
-701
-468
-120
268
647
963
1267
1596
1964
2339
2684
2943
3122
3262
3386
3445
3323
3057
2683
2314
1946
1569
1184
840
588
440
408
412
350
147
-117
-275
-244
-105
-44
-78
-102
-74
48
182
253
214
76
-38
-70
-11
93
144
77
-75
-204
-280
-396
-645
-1003
-1394
-1734
-2001
-2205
-2384
-2521
-2572
-2526
-2391
-2205
-2065
-1981
-1934
-1839
-1691
-1605
-1607
-1663
-1671
-1545
-1343
-1150
-954
-710
-428
-116
208
549
896
1138
1288
1426
1665
1981
2270
2433
2554
2774
3077
3289
3311
3180
2960
2715
2404
2060
1744
1472
1230
1010
862
718
514
253
2
-125
-166
-185
-228
-256
-232
-172
-81
-12
13
-6
-57
-55
3
99
178
159
1
-191
-352
-461
-593
-837
-1197
-1593
-1929
-2181
-2377
-2576
-2754
-2902
-2933
-2815
-2637
-2461
-2325
-2226
-2034
-1788
-1563
-1434
-1379
-1252
-1055
-838
-723
-673
-555
-371
-112
188
539
912
1229
1416
1597
1829
2062
2211
2245
2305
2450
2603
2735
2784
2774
2689
2514
2373
2243
2107
1905
1679
1509
1353
1076
690
305
67
-41
-141
-216
-270
-307
-354
-410
-453
-473
-520
-616
-675
-575
-345
-82
101
160
164
106
33
-70
-227
-464
-755
-1034
-1222
-1364
-1537
-1717
-1901
-2047
-2174
-2261
-2291
-2276
-2250
-2244
-2173
-2006
-1831
-1755
-1751
-1668
-1463
-1199
-1016
-906
-753
-537
-317
-63
238
570
861
1066
1259
1476
1762
2013
2168
2265
2329
2338
2288
2208
2096
2014
1948
1884
1885
1950
2011
2007
1984
1913
1719
1385
975
650
463
347
227
77
-54
-172
-274
-362
-451
-579
-749
-892
-897
-744
-518
-339
-264
-229
-208
-192
-241
-375
-598
-847
-1063
-1198
-1226
-1242
-1314
-1412
-1518
-1593
-1641
-1670
-1687
-1722
-1740
-1757
-1724
-1656
-1634
-1657
-1713
-1667
-1471
-1219
-991
-807
-596
-357
-70
242
545
816
1004
1109
1200
1379
1607
1809
1919
1956
1925
1832
1680
1530
1430
1391
1385
1386
1408
1490
1606
1699
1720
1627
1395
1068
781
611
532
492
418
341
264
187
120
52
-49
-214
-372
-445
-439
-391
-351
-324
-302
-304
-297
-354
-463
-628
-836
-1027
-1175
-1272
-1378
-1473
-1532
-1557
-1515
-1455
-1364
-1267
-1198
-1148
-1124
-1097
-1119
-1179
-1298
-1458
-1576
-1604
-1505
-1334
-1166
-995
-828
-577
-253
133
524
840
1083
1261
1457
1666
1879
2003
1989
1918
1849
1766
1670
1565
1497
1448
1410
1391
1394
1401
1365
1297
1191
1036
813
554
347
234
166
113
56
-8
-51
-67
-103
-163
-257
-327
-354
-330
-245
-153
-116
-96
-74
-73
-94
-180
-319
-497
-681
-864
-1050
-1217
-1378
-1515
-1619
-1642
-1550
-1360
-1156
-1018
-905
-858
-842
-841
-895
-997
-1132
-1295
-1452
-1488
-1380
-1159
-950
-810
-689
-526
-266
40
380
693
944
1151
1364
1594
1802
1911
1872
1746
1649
1598
1565
1513
1419
1335
1317
1342
1396
1427
1372
1283
1157
1052
928
743
518
328
235
184
159
115
60
0
-82
-172
-213
-229
-264
-347
-428
-438
-407
-378
-396
-448
-508
-570
-682
-818
-973
-1158
-1373
-1551
-1650
-1668
-1642
-1589
-1450
-1216
-940
-706
-566
-531
-555
-609
-699
-857
-1023
-1192
-1315
-1361
-1274
-1066
-801
-575
-423
-282
-101
118
332
537
761
980
1193
1424
1608
1736
1788
1732
1668
1662
1681
1606
1463
1303
1216
1209
1245
1229
1161
1088
1018
1005
1006
950
777
557
368
285
260
230
174
91
37
30
88
169
196
103
-21
-126
-180
-246
-406
-565
-686
-754
-839
-977
-1136
-1296
-1440
-1570
-1644
-1666
-1649
-1623
-1528
-1371
-1164
-977
-824
-733
-682
-672
-716
-816
-954
-1065
-1143
-1159
-1165
-1137
-1038
-863
-642
-415
-202
-3
191
404
642
887
1141
1348
1477
1579
1656
1743
1774
1759
1696
1607
1510
1407
1327
1263
1179
1088
1045
1045
1077
1076
1022
927
820
661
449
240
72
-16
-54
-49
-3
84
195
285
352
392
390
319
176
-14
-206
-361
-490
-610
-718
-838
-979
-1118
-1232
-1306
-1338
-1391
-1430
-1444
-1423
-1372
-1305
-1217
-1130
-1044
-958
-882
-841
-840
-873
-943
-1017
-1059
-1099
-1182
-1262
-1319
-1245
-1047
-796
-531
-313
-94
152
423
700
972
1193
1352
1492
1597
1700
1732
1698
1622
1569
1534
1515
1466
1397
1336
1276
1258
1250
1236
1188
1103
980
869
755
572
340
126
-21
-73
-48
12
76
155
220
261
286
259
170
16
-162
-324
-455
-547
-641
-701
-750
-799
-842
-887
-907
-920
-929
-952
-980
-1022
-1028
-1034
-994
-931
-873
-787
-708
-644
-593
-583
-634
-740
-875
-1017
-1158
-1253
-1274
-1258
-1186
-1035
-824
-593
-408
-223
-9
209
437
647
859
1081
1253
1367
1439
1483
1487
1457
1425
1389
1351
1302
1231
1153
1120
1111
1098
1048
973
878
774
690
609
517
387
259
185
167
192
240
281
296
292
263
230
197
147
64
-62
-182
-319
-429
-485
-540
-604
-683
-746
-787
-785
-768
-785
-837
-902
-948
-931
-879
-835
-797
-750
-701
-647
-582
-570
-594
-694
-814
-928
-996
-1020
-1059
-1074
-1097
-1074
-1012
-926
-797
-646
-500
-333
-153
59
293
528
719
870
992
1097
1211
1277
1321
1341
1356
1337
1312
1246
1157
1065
987
925
852
778
701
642
597
572
573
585
550
482
413
372
359
352
310
265
239
204
204
195
160
75
-38
-129
-218
-276
-330
-383
-426
-482
-537
-577
-627
-651
-683
-717
-741
-740
-740
-739
-732
-719
-722
-746
-748
-749
-746
-770
-783
-804
-820
-837
-857
-900
-926
-930
-930
-897
-836
-707
-555
-375
-186
13
235
443
622
777
923
1058
1154
1228
1270
1279
1262
1214
1140
1046
935
823
701
618
569
539
508
483
489
487
500
523
513
463
408
350
308
264
248
244
213
181
151
123
85
46
3
-51
-83
-111
-122
-138
-165
-193
-215
-253
-283
-301
-357
-424
-497
-549
-601
-665
-721
-789
-834
-836
-824
-784
-741
-712
-690
-685
-688
-720
-787
-878
-945
-989
-997
-981
-949
-888
-791
-680
-554
-406
-224
-26
171
393
603
791
940
1053
1124
1175
1201
1169
1111
1023
919
847
769
687
637
597
569
569
590
616
623
627
603
572
537
481
433
380
326
293
279
263
222
171
111
44
-5
-37
-76
-105
-117
-125
-115
-94
-82
-84
-105
-148
-226
-303
-390
-497
-600
-701
-752
-798
-799
-777
-732
-689
-638
-600
-583
-558
-571
-602
-651
-723
-781
-823
-857
-861
-847
-830
-798
-751
-668
-558
-414
-259
-98
74
228
404
571
722
831
913
967
980
968
938
897
843
809
780
766
776
808
838
857
866
849
816
752
662
565
465
372
295
258
229
201
181
147
114
99
67
27
-11
-59
-98
-102
-98
-110
-137
-163
-192
-229
-265
-302
-368
-447
-514
-566
-610
-644
-657
-665
-664
-635
-599
-564
-531
-503
-468
-435
-408
-409
-423
-447
-498
-546
-583
-614
-638
-633
-611
-580
-543
-485
-425
-345
-253
-171
-66
41
143
239
349
439
523
596
651
707
744
779
807
843
851
879
887
885
870
830
770
684
607
510
432
351
297
251
222
213
196
185
162
135
92
55
34
2
-27
-44
-63
-99
-128
-143
-179
-221
-243
-261
-274
-294
-306
-317
-333
-338
-337
-325
-313
-304
-306
-309
-310
-309
-306
-304
-310
-323
-343
-360
-382
-407
-447
-500
-545
-581
-599
-601
-596
-582
-555
-527
-501
-464
-412
-362
-303
-233
-151
-69
21
123
230
327
423
522
614
693
766
830
869
890
894
870
828
772
713
646
586
539
495
460
436
424
409
389
367
339
304
272
239
207
176
148
125
89
50
8
-21
-49
-79
-94
-109
-140
-175
-201
-232
-259
-265
-274
-260
-241
-224
-216
-200
-194
-204
-224
-265
-300
-341
-380
-412
-441
-475
-511
-559
-605
-646
-660
-678
-682
-690
-689
-699
-710
-723
-723
-714
-695
-662
-601
-505
-403
-288
-165
-36
97
230
352
460
557
656
735
812
870
910
924
912
887
838
792
737
683
633
581
537
506
471
424
383
350
305
267
238
207
177
163
156
149
142
131
122
108
98
87
68
39
15
-6
-22
-35
-44
-56
-53
-54
-69
-65
-59
-65
-83
-109
-151
-216
-279
-346
-407
-448
-481
-498
-523
-537
-539
-547
-560
-597
-636
-687
-737
-769
-797
-805
-800
-769
-723
-666
-588
-506
-417
-335
-245
-145
-36
66
172
286
395
500
598
692
755
806
833
838
824
786
736
666
603
537
485
444
399
367
331
304
275
259
241
225
222
217
218
219
218
203
190
178
156
132
113
93
67
50
39
29
21
28
45
55
58
60
64
57
42
14
-18
-69
-120
-165
-205
-246
-293
-322
-352
-375
-399
-429
-455
-490
-519
-554
-591
-629
-667
-689
-709
-718
-723
-713
-686
-655
-622
-576
-515
-442
-370
-277
-181
-81
6
93
184
258
327
380
432
455
465
463
447
430
411
387
371
360
348
331
325
318
306
309
317
324
335
351
367
371
377
374
375
376
368
359
338
315
292
278
267
255
244
227
207
197
180
166
147
123
96
69
46
14
-19
-50
-84
-118
-150
-176
-202
-228
-254
-277
-293
-304
-320
-338
-360
-385
-416
-445
-468
-491
-511
-524
-526
-528
-522
-518
-492
-470
-435
-400
-355
-314
-278
-237
-203
-165
-131
-96
-66
-36
-15
8
30
50
64
84
104
122
137
156
173
192
216
230
247
263
286
308
332
354
375
393
409
422
440
455
460
459
447
436
416
399
377
359
342
327
314
304
281
253
224
197
171
143
120
90
66
37
13
-18
-51
-91
-131
-166
-202
-225
-247
-258
-276
-287
-303
-321
-340
-357
-367
-375
-382
-388
-391
-386
-376
-370
-359
-359
-354
-358
-357
-361
-361
-360
-357
-351
-344
-334
-325
-313
-302
-287
-265
-241
-211
-183
-146
-111
-72
-36
-8
26
53
92
127
169
208
248
289
328
368
398
429
454
475
489
499
504
506
508
505
503
490
481
467
461
457
449
444
432
428
412
397
372
335
294
244
195
143
96
50
6
-32
-68
-96
-125
-146
-168
-187
-201
-213
-226
-237
-243
-243
-244
-247
-252
-258
-262
-269
-273
-283
-294
-308
-318
-332
-346
-364
-378
-392
-408
-423
-445
-455
-470
-469
-467
-454
-441
-426
-402
-383
-361
-341
-318
-289
-261
-221
-182
-137
-91
-41
12
65
117
167
209
245
275
301
324
340
360
382
412
440
471
497
519
540
561
577
583
581
577
571
560
546
524
493
457
418
374
329
277
230
181
136
93
54
20
-15
-45
-76
-99
-116
-125
-127
-129
-132
-134
-134
-135
-142
-153
-170
-187
-203
-220
-239
-259
-284
-303
-326
-349
-377
-405
-430
-449
-458
-460
-453
-444
-434
-423
-413
-401
-382
-367
-343
-323
-296
-270
-240
-208
-177
-144
-116
-86
-64
-36
-15
13
35
61
85
109
138
164
198
232
271
311
347
378
399
419
435
449
462
467
473
470
466
455
440
419
392
365
335
306
273
241
206
173
141
112
86
63
43
27
19
13
11
7
2
-5
-14
-21
-31
-37
-46
-54
-63
-71
-85
-101
-123
-148
-172
-198
-222
-247
-268
-284
-300
-308
-315
-317
-317
-311
-304
-297
-290
-288
-282
-279
-270
-265
-256
-251
-244
-240
-235
-231
-223
-211
-197
-176
-156
-133
-111
-85
-61
-35
-7
20
47
77
108
141
174
206
235
262
281
298
309
320
325
329
327
324
316
307
299
286
271
252
234
217
204
191
180
165
153
144
139
136
134
131
125
120
113
105
93
79
62
48
35
22
11
-3
-14
-29
-44
-64
-84
-106
-123
-139
-152
-164
-174
-181
-185
-188
-192
-195
-203
-209
-216
-223
-233
-243
-252
-257
-260
-258
-260
-260
-261
-257
-249
-239
-227
-216
-203
-191
-172
-153
-130
-107
-82
-54
-26
3
30
60
82
103
120
133
145
153
161
165
168
164
161
152
148
141
137
132
127
122
121
121
126
131
139
147
157
167
175
184
190
198
203
209
213
218
221
223
224
220
216
209
201
190
178
161
141
116
90
63
34
9
-15
-35
-54
-71
-89
-107
-129
-152
-177
-201
-224
-241
-255
-264
-271
-275
-279
-285
-286
-288
-288
-290
-289
-287
-282
-273
-261
-245
-229
-209
-190
-169
-150
-131
-114
-96
-79
-60
-40
-20
-2
12
20
24
27
25
28
29
33
36
39
40
43
47
57
69
84
101
120
140
160
180
201
220
239
257
275
292
307
322
334
346
355
362
364
361
352
338
319
296
268
239
207
177
147
118
88
59
27
-5
-39
-75
-109
-142
-174
-202
-228
-251
-273
-293
-310
-324
-336
-343
-346
-349
-348
-347
-342
-335
-326
-314
-300
-285
-269
-253
-234
-214
-194
-172
-149
-126
-104
-83
-62
-43
-26
-12
2
12
24
31
37
40
44
47
51
59
67
77
88
101
117
132
151
169
190
210
233
255
278
297
314
330
343
354
363
368
371
369
362
351
337
318
294
267
237
205
173
139
103
68
32
-6
-42
-80
-115
-150
-182
-213
-241
-265
-284
-302
-316
-327
-336
-343
-347
-353
-356
-356
-355
-348
-339
-327
-313
-299
-288
-274
-260
-246
-230
-211
-188
-164
-136
-108
-80
-53
-28
-4
18
38
57
72
88
102
116
129
141
153
164
174
183
191
199
207
214
220
227
234
245
255
266
276
286
293
298
299
298
294
288
280
271
261
250
236
216
192
164
133
100
65
30
-5
-37
-69
-99
-129
-158
-184
-209
-231
-249
-265
-275
-281
-283
-285
-284
-284
-282
-280
-276
-273
-270
-266
-261
-256
-250
-244
-238
-231
-222
-208
-192
-174
-155
-133
-109
-84
-59
-36
-15
4
24
42
58
71
84
96
109
120
131
140
150
159
172
184
194
202
210
219
229
239
249
259
269
279
288
297
305
311
313
313
310
302
291
277
261
240
218
193
165
133
98
62
25
-9
-45
-78
-112
-145
-175
-204
-227
-248
-267
-283
-296
-306
-314
-319
-324
-329
-332
-332
-330
-327
-323
-319
-312
-304
-294
-284
-271
-258
-244
-227
-207
-186
-163
-138
-113
-91
-68
-45
-24
-3
17
37
53
68
81
95
110
125
139
152
163
174
183
193
203
212
219
227
236
246
258
271
283
294
303
311
317
322
321
319
313
307
299
290
278
259
238
213
184
156
123
91
55
19
-16
-51
-83
-116
-148
-178
-205
-232
-255
-276
-295
-312
-326
-337
-344
-347
-347
-346
-342
-338
-331
-321
-309
-296
-281
-265
-248
-228
-206
-183
-159
-136
-110
-85
-61
-36
-14
7
27
48
67
84
100
113
124
135
146
155
163
169
173
176
179
180
181
182
182
182
180
180
180
182
184
188
190
193
195
196
195
193
189
186
183
178
172
164
153
141
126
111
94
75
56
36
12
-11
-34
-58
-81
-106
-130
-156
-178
-198
-219
-237
-251
-263
-273
-277
-281
-282
-280
-278
-275
-270
-263
-253
-242
-229
-214
-200
-183
-167
-151
-134
-116
-99
-81
-64
-44
-25
-7
9
24
39
52
64
76
88
99
110
121
130
140
149
157
165
172
179
186
193
200
205
210
213
215
217
217
218
217
217
214
211
207
200
192
183
173
162
151
138
125
110
94
77
59
41
19
-1
-24
-46
-68
-90
-112
-131
-150
-167
-182
-198
-210
-220
-230
-238
-244
-248
-251
-251
-251
-249
-244
-239
-232
-223
-215
-204
-193
-181
-169
-156
-142
-127
-113
-98
-81
-64
-47
-31
-15
1
16
30
44
56
66
78
88
98
108
118
129
139
149
158
167
173
179
182
185
188
189
190
191
191
191
191
188
183
177
169
159
148
137
124
112
98
84
71
58
43
27
11
-6
-22
-38
-51
-64
-74
-83
-91
-98
-105
-111
-118
-124
-130
-136
-140
-143
-145
-146
-145
-145
-144
-143
-142
-142
-141
-139
-137
-133
-130
-125
-119
-111
-103
-93
-83
-70
-59
-47
-35
-22
-11
-1
9
18
26
36
43
49
55
61
69
74
79
85
90
94
97
101
104
105
107
109
110
110
109
108
106
104
100
96
91
85
78
71
62
54
46
38
30
23
16
8
1
-6
-12
-18
-24
-29
-33
-36
-38
-41
-41
-43
-43
-46
-46
-47
-48
-49
-51
-51
-54
-55
-55
-56
-55
-54
-52
-51
-48
-45
-42
-40
-36
-32
-29
-27
-23
-21
-17
-14
-10
-7
-3
1
5
7
10
12
13
14
14
15
16
16
17
19
19
21
22
22
24
26
26
26
27
28
28
28
27
27
26
23
21
19
17
15
13
11
9
7
5
2
1
-2
-4
-7
-10
-11
-13
-13
-15
-16
-16
-16
-16
-15
-15
-14
-15
-13
-14
-13
-13
-14
-15
-15
-15
-15
-14
-12
-12
-10
-9
-8
-6
-4
-2
-2
0
0
1
2
4
5
6
8
9
10
11
13
13
13
13
13
12
12
11
10
10
8
9
9
8
8
8
8
8
9
9
7
7
6
7
6
5
3
3
2
2
2
0
-1
-1
-3
-3
-4
-6
-7
-9
-11
-11
-13
-14
-14
-15
-15
-16
-16
-16
-15
-14
-13
-12
-12
-11
-9
-8
-7
-6
-6
-4
-4
-2
-3
-1
0
1
2
3
3
4
5
6
7
7
8
8
8
8
8
7
8
7
7
7
7
6
6
6
6
7
7
7
6
7
7
7
7
6
8
7
6
6
6
6
6
6
6
4
4
4
3
2
2
0
-1
-2
-3
-5
-6
-7
-9
-10
-10
-11
-12
-12
-13
-14
-14
-14
-14
-13
-13
-13
-12
-12
-11
-10
-9
-8
-6
-6
-4
-4
-4
0
-1
0
1
3
4
5
6
7
7
8
8
9
9
9
8
8
8
8
8
8
7
7
7
7
7
7
6
6
7
5
5
5
4
4
3
3
3
3
1
1
0
0
-1
-1
-1
-2
-2
-3
-3
-3
-4
-4
-4
-4
-6
-4
-5
-6
-5
-5
-5
-6
-5
-5
-5
-4
-4
-4
-3
-3
-3
-3
-1
-2
0
0
1
1
2
3
3
3
4
3
3
3
4
2
2
4
2
2
3
1
1
1
2
1
1
1
1
1
1
0
1
1
1
0
1
1
1
1
0
0
0
0
0
-1
0
-1
-1
-1
-2
0
-1
-1
-1
-2
-2
-2
-2
-2
-3
-2
-3
-3
-3
-4
-3
-4
-4
-4
-4
-3
-4
-3
-4
-4
-3
-3
-2
-2
-2
-1
-2
-1
-1
0
0
0
1
1
1
2
3
2
4
3
4
4
3
4
4
3
4
4
4
4
3
3
3
2
2
3
3
2
2
3
3
3
2
3
2
2
3
2
2
2
1
0
0
0
0
0
-1
-1
-1
-2
-2
-3
-1
-2
-3
-2
-3
-2
-2
-3
-3
-3
-2
-4
-3
-4
-3
-2
-3
-3
-3
-3
-2
-3
-2
-1
-2
-2
-1
-1
-1
-2
-1
-1
-1
-1
0
0
-1
0
0
0
1
1
2
2
1
2
2
3
2
3
2
2
3
3
2
3
2
2
2
1
1
1
1
1
0
1
0
0
0
0
1
0
-1
0
0
-1
-1
0
-1
0
-1
-1
-1
-1
-1
-1
0
-1
-1
-1
-1
-1
0
-1
0
-1
1
0
0
-1
-1
-1
-1
-1
0
0
0
0
0
0
0
-1
0
0
0
0
0
0
1
1
1
1
0
1
1
0
0
1
1
0
1
1
0
1
1
1
1
1
1
1
1
1
0
0
1
0
0
0
0
1
-1
-1
0
-1
0
0
0
0
-1
-1
0
0
-1
0
-1
0
-1
-1
-1
-1
-1
-1
-1
0
-1
-1
-1
-1
0
-1
0
0
0
0
0
0
1
0
0
0
0
1
0
0
0
1
0
1
1
2
1
1
1
1
1
1
2
1
1
2
1
1
1
1
1
1
1
1
1
0
0
0
0
0
-1
0
0
-1
-1
-1
-1
-2
-1
-1
-2
-2
-1
-1
-2
0
-1
-1
-1
0
-1
0
0
-1
0
0
0
0
0
-1
0
-1
0
0
0
0
0
0
0
0
0
0
0
0
-1
0
-1
0
-1
0
0
0
0
1
0
0
0
1
1
1
1
0
1
0
1
1
2
1
1
1
0
1
1
1
1
0
1
0
0
1
0
-1
0
1
0
0
0
-1
0
0
0
0
-1
-1
0
-1
-1
0
0
0
-1
0
0
-1
0
1
0
0
-1
0
0
0
0
0
0
0
0
0
1
0
0
0
0
0
0
0
0
-1
0
0
0
0
0
0
0
0
0
1
0
0
0
0
0
1
0
0
1
0
1
-1
0
0
1
1
0
0
0
0
0
0
0
0
0
0
0
1
0
0
0
0
0
0
-1
0
-1
0
0
0
0
0
0
-1
-1
0
0
0
0
0
0
0
0
0
0
0
0
0
0
0
0
0
0
0
-1
0
-1
0
-1
0
0
0
0
0
0
0
0
0
0
0
0
1
0
0
0
0
0
1
0
0
0
0
0
0
0
-1
0
0
0
0
0
0
-1
0
0
0
0
-1
1
0
0
-1
0
0
0
0
0
0
0
0
0
0
0
0
0
0
0
0
0
0
0
-1
0
0
0
0
0
0
1
0
0
-1
-1
0
0
0
0
-1
0
0
0
0
0
1
0
0
0
0
1
0
0
0
0
0
0
-1
0
0
0
0
0
0
1
0
0
0
0
0
0
-1
0
1
-1
0
0
0
0
0
0
0
0
0
0
0
0
-1
0
-1
0
0
0
0
0
0
0
0
0
0
0
0
0
0
0
-1
1
-1
0
0
0
0
0
0
0
-1
1
0
1
0
0
0
0
-1
0
0
0
0
0
0
0
0
0
0
-1
0
0
0
0
1
1
0
1
0
0
0
0
0
0
0
0
0
0
-1
-1
-1
0
0
0
0
0
0
-1
0
0
0
0
0
-1
0
-1
0
1
0
0
1
0
0
-1
0
-1
0
0
0
-1
0
1
-1
0
0
0
0
-1
0
1
0
-1
1
1
0
1
-1
0
0
1
0
0
-1
1
0
0
1
0
0
0
0
1
0
0
0
0
1
0
-1
0
-1
0
1
0
1
-1
0
1
0
0
0
0
0
-1
0
0
0
0
0
0
0
0
0
0
-1
0
1
0
1
0
-1
0
0
1
0
0
0
0
0
0
-1
0
-1
0
0
0
0
0
0
0
1
0
1
0
0
0
0
0
-1
0
0
0
0
0
-1
0
0
0
0
0
0
1
0
0
0
0
1
0
0
0
0
0
0
0
0
0
-1
0
1
0
0
0
0
0
0
0
0
0
0
0
0
0
0
0
-1
1
0
0
0
-1
0
0
0
1
0
0
0
-1
0
0
0
0
1
1
0
1
0
0
-1
0
-1
0
0
0
0
0
0
0
0
0
0
0
0
0
1
0
0
0
0
0
0
0
0
0
0
0
0
0
0
0
0
0
0
1
0
0
0
1
0
0
0
0
0
0
0
0
1
1
0
0
1
0
0
0
0
0
1
0
0
-1
1
0
-1
-1
0
0
0
0
0
1
0
1
0
0
0
1
0
-1
0
-1
0
0
-1
0
0
0
-1
0
0
0
0
0
0
0
0
1
-1
0
0
0
0
-1
0
0
0
0
0
1
0
0
0
0
0
0
0
0
1
1
0
0
0
0
0
0
0
0
0
1
0
-1
0
0
0
0
0
0
0
0
0
0
1
0
1
1
1
0
0
0
0
0
0
0
0
0
0
0
0
-1
0
0
0
-1
0
-1
0
0
0
0
0
0
0
-1
1
0
1
0
0
0
0
1
1
0
-1
0
1
-1
0
0
0
0
0
0
0
0
0
0
0
0
0
1
-1
0
0
0
0
0
0
0
-1
0
-1
0
0
0
0
0
-1
0
1
0
0
0
1
0
0
0
0
0
0
0
0
0
0
0
0
0
0
1
0
1
0
-1
-1
-1
0
0
0
0
0
0
0
-1
0
0
1
-1
0
1
0
0
0
0
0
0
0
-1
0
0
0
0
0
0
0
0
0
0
0
0
0
0
0
0
0
0
0
0
0
0
1
0
1
0
0
0
1
0
0
-1
1
0
-1
0
0
-1
0
0
0
0
-1
0
0
0
0
1
0
0
0
1
0
0
1
-1
0
0
0
0
0
0
-1
0
1
0
0
0
1
-1
0
0
0
-1
0
0
0
-1
0
1
0
-1
0
0
-1
-1
0
0
0
0
-1
-1
-1
0
0
0
0
0
0
0
0
0
1
0
-1
0
1
0
1
0
0
0
-1
0
0
0
0
0
0
-1
1
0
0
0
0
1
0
0
0
-1
0
1
0
0
0
0
0
0
0
0
0
0
-1
1
-1
0
1
0
0
0
0
0
0
0
0
0
0
0
0
0
0
0
1
0
0
0
0
-1
1
0
0
0
0
0
0
0
0
0
0
0
0
-1
0
0
0
-1
0
0
1
1
0
0
0
0
-1
0
1
0
-1
0
0
0
0
-1
0
0
0
0
0
-1
-1
0
0
0
0
1
0
0
0
0
-1
0
0
0
0
0
0
0
0
1
0
-1
0
0
-1
0
0
0
0
0
0
0
0
0
0
0
1
0
0
0
0
-1
-1
0
-1
0
0
0
-1
0
0
0
0
1
1
-1
0
0
-1
-1
0
0
-1
0
0
-1
0
0
-1
1
-1
0
0
-1
0
0
0
0
0
0
0
1
0
0
-1
1
1
0
0
0
0
0
0
0
0
0
1
0
0
0
0
0
0
-1
0
0
-1
0
0
1
0
0
1
0
0
0
1
0
0
0
0
0
0
1
-1
0
0
0
1
0
-1
0
0
0
0
0
-1
0
0
0
0
1
0
0
1
0
0
0
1
0
0
0
0
0
1
0
0
0
0
0
0
0
1
0
0
0
0
-1
0
0
-1
-1
0
-1
0
0
0
1
1
0
0
0
-1
1
0
0
0
0
1
0
1
0
0
1
1
0
0
0
0
0
-1
0
0
0
-1
0
0
1
0
0
0
0
1
0
1
0
0
0
0
-1
0
0
0
0
0
-1
0
0
0
1
1
0
0
-1
0
0
1
0
0
-1
1
0
0
0
0
-1
0
0
0
0
0
0
0
0
0
0
0
1
0
0
0
-1
0
1
0
0
1
-1
0
-1
-1
0
0
0
0
0
0
0
0
-1
0
-1
1
0
1
1
0
0
0
0
0
0
0
0
0
0
0
0
0
0
1
0
-1
0
0
0
0
0
0
-1
0
0
-1
0
0
0
0
0
0
0
1
1
0
0
0
0
0
0
0
-1
0
0
0
0
0
0
-1
-1
0
0
0
0
0
1
0
1
-1
0
0
-1
0
0
0
1
0
0
0
0
0
0
0
1
0
1
0
0
0
-1
-1
0
0
0
0
1
0
-1
0
0
