0
-1
0
0
1
0
0
0
0
0
0
-1
0
0
0
-1
0
0
1
1
-1
0
0
0
0
0
0
0
0
0
-1
1
0
0
1
0
0
0
0
1
-1
0
0
0
0
-1
1
0
0
-1
0
0
0
0
0
-1
0
-1
1
0
0
1
0
0
0
0
0
0
0
0
-1
0
0
0
1
0
1
0
0
0
0
-1
0
0
1
1
0
0
0
-1
-1
0
0
0
-1
0
0
1
0
1
0
0
1
0
0
1
0
0
0
0
0
0
0
0
0
0
0
-1
1
0
0
0
0
0
0
0
0
0
0
-1
0
-1
0
0
0
0
0
-1
0
0
0
1
0
0
0
0
0
0
0
0
0
-1
1
1
-1
0
0
0
0
0
0
0
0
0
0
0
0
0
-1
0
0
0
0
0
0
0
0
-1
0
0
0
0
-1
0
-1
0
0
0
0
0
-1
0
0
-1
0
0
0
1
0
0
0
0
0
0
1
0
0
0
0
0
1
0
0
0
1
1
0
0
0
0
0
0
0
0
1
1
1
0
0
-1
0
0
0
-1
-1
0
0
0
0
0
0
0
0
0
0
0
0
0
0
0
0
0
0
0
0
0
1
1
1
0
-1
0
0
0
0
0
0
1
-1
-1
0
0
0
0
0
1
0
-1
0
0
0
0
0
0
0
0
-1
0
0
0
0
1
0
0
0
0
0
-1
1
1
0
0
0
0
1
0
0
0
0
0
0
0
0
0
0
0
0
1
0
0
0
0
0
0
1
0
0
0
0
0
0
0
0
0
0
1
0
-1
0
0
0
0
-1
0
0
0
0
0
0
-1
0
0
-1
0
0
0
-1
1
0
0
0
0
0
0
0
0
0
0
0
0
0
-1
0
-1
0
0
0
0
0
0
0
0
0
1
0
0
0
0
0
0
0
0
0
0
0
1
0
0
0
0
0
0
0
0
0
-1
0
0
1
0
0
0
0
0
0
0
1
0
0
0
0
0
0
-1
0
1
0
0
0
0
0
0
0
0
-1
0
0
0
0
0
0
0
0
1
0
-1
0
1
0
0
-1
0
0
0
0
-1
0
0
0
0
1
0
0
0
0
0
0
0
0
-1
0
0
0
0
0
0
0
0
0
1
0
0
0
0
0
1
0
0
1
0
1
-1
0
0
0
0
0
0
0
0
-1
0
-1
-1
0
0
0
0
0
0
0
0
0
0
-1
0
-1
0
0
0
0
0
0
-1
0
0
0
0
0
0
0
0
0
0
0
0
0
0
0
0
0
1
1
0
-1
0
0
0
0
0
0
0
0
0
0
0
0
0
0
0
0
1
0
0
0
0
0
1
0
0
0
0
0
0
0
-1
-1
0
0
0
0
0
-1
-1
0
0
0
-1
1
0
0
-1
0
0
0
0
0
0
0
0
0
0
0
0
0
0
0
0
1
0
0
-1
0
0
0
0
0
0
1
0
0
-1
-1
0
0
0
0
-1
0
0
0
0
0
1
0
0
1
0
1
0
0
0
0
0
0
-1
0
0
0
0
0
0
1
0
0
0
0
0
0
-1
-1
0
-1
0
0
0
0
0
0
0
0
0
0
0
0
0
0
-1
0
0
0
0
1
0
0
0
0
0
0
0
0
0
0
-1
1
-1
0
0
0
0
0
0
0
0
1
0
1
0
0
0
1
-1
0
0
0
0
0
0
0
0
0
0
-1
0
0
0
0
1
1
0
1
0
0
0
0
0
0
0
0
0
0
-1
-1
-1
-1
0
0
0
0
0
-1
0
0
0
0
0
-1
0
-1
0
1
0
0
1
0
0
-1
0
-1
0
0
0
-1
0
1
-1
0
0
0
0
-1
0
1
0
-1
1
1
0
1
-1
0
0
1
0
0
-1
1
0
0
1
0
0
0
0
1
0
0
0
0
1
0
-1
0
-1
0
1
0
1
-1
0
1
0
0
0
0
0
-1
0
0
0
0
0
0
0
0
0
0
-1
0
1
0
1
0
-1
0
0
1
0
0
0
0
0
0
-1
0
-1
0
0
0
0
0
0
0
1
0
1
0
0
0
0
0
-1
0
0
0
0
0
-1
0
0
0
0
0
0
1
0
0
0
0
1
0
0
0
0
0
0
0
0
0
-1
0
1
0
0
0
0
0
0
0
0
0
0
0
0
0
0
0
-1
1
0
0
0
-1
0
0
0
1
0
0
0
-1
0
0
0
0
1
1
0
1
0
0
-1
0
-1
0
0
0
0
0
0
0
0
0
0
0
0
0
1
0
0
0
0
0
0
0
0
0
0
0
0
0
0
0
0
0
0
1
0
0
0
1
0
0
0
0
0
0
0
0
1
1
0
0
1
0
0
0
0
0
1
0
0
-1
1
0
-1
-1
0
0
0
0
0
1
0
1
0
0
0
1
0
-1
0
-1
0
0
-1
0
0
0
-1
0
0
0
0
0
0
0
0
1
-1
0
0
0
0
-1
0
0
0
0
0
1
0
0
0
0
0
0
0
0
1
1
0
0
0
0
0
0
0
0
0
1
0
-1
0
0
0
0
0
0
0
0
0
0
1
0
1
0
1
0
0
0
0
0
0
0
0
0
0
0
0
-1
0
0
0
-1
0
-1
0
0
0
0
0
0
0
-1
1
0
1
0
0
0
0
1
1
0
-1
0
1
-1
0
0
0
0
0
0
0
0
0
0
0
0
0
1
-1
0
0
0
0
0
0
0
-1
0
-1
0
0
0
0
0
-1
0
1
0
0
0
1
0
0
0
0
0
0
0
0
0
0
0
0
0
0
1
0
1
0
-1
-1
-1
0
0
0
0
0
0
0
-1
0
0
1
-1
0
1
0
0
0
0
0
0
0
-1
0
0
0
0
0
0
0
0
0
0
0
0
0
0
0
0
0
0
0
0
0
0
1
0
1
0
0
0
1
0
0
-1
1
0
-1
0
0
-1
0
0
0
0
-1
0
0
0
0
1
0
0
0
1
0
0
1
-1
0
0
0
0
0
0
-1
0
1
0
0
0
1
-1
0
0
0
-1
0
0
0
-1
0
1
0
-1
0
0
-1
-1
0
0
0
0
-1
-1
-1
0
0
0
0
0
0
0
0
0
1
0
-1
0
1
0
1
0
0
0
-1
0
0
0
1
0
0
-1
1
0
0
0
0
1
0
0
0
-1
0
0
-1
1
0
0
0
0
0
0
0
-1
0
0
-2
1
0
0
0
1
-2
1
1
-2
1
1
-2
0
1
-1
0
2
0
0
1
-1
0
0
0
1
-1
1
-1
0
1
-1
0
0
0
0
-1
0
0
0
0
-1
0
0
0
1
0
1
0
0
-3
2
0
-2
2
-2
1
0
0
0
-1
3
-2
0
2
-4
1
0
-1
0
0
0
0
1
-1
1
-2
1
0
0
1
1
-2
0
3
-5
5
-1
-5
7
-3
-5
7
-3
-6
9
-5
-2
7
-5
-2
5
-2
-3
6
-3
-2
3
-3
0
-1
1
-3
2
0
-2
2
-3
3
-3
3
0
-3
4
-4
1
0
-2
2
-2
1
0
-3
4
-4
2
2
-4
5
-5
3
-1
0
1
-1
1
-1
2
-3
4
-6
4
1
-6
6
-2
-3
6
-2
-6
11
-9
2
6
-10
9
-6
1
3
-5
2
2
-5
1
4
-6
5
-1
0
-2
3
0
-4
7
-2
-4
6
-1
-5
6
0
-6
5
1
-7
8
-4
-4
8
-6
1
5
-7
3
4
-7
4
3
-6
5
-1
-3
4
-3
2
1
-3
5
-5
3
0
-2
4
-4
4
-3
1
1
-2
3
-2
0
2
-4
1
0
-1
-2
3
-4
0
4
-6
4
1
-1
1
1
-1
-2
3
-1
-1
3
-1
0
3
-2
2
-1
0
3
-2
1
1
-2
0
4
-7
7
-2
-8
13
-9
0
8
-9
3
4
-7
4
4
-5
0
6
-9
2
6
-9
4
3
-5
0
4
-3
2
-1
2
0
-5
2
3
-3
-2
9
-8
-1
11
-15
7
6
-16
12
1
-9
5
9
-13
-1
19
-22
7
10
-15
4
15
-22
7
16
-25
17
-2
-6
3
3
-7
1
4
-3
-1
2
7
-12
7
1
-5
-3
7
-5
-7
18
-11
0
12
-16
3
16
-24
8
8
-15
11
14
-37
36
2
-39
42
-8
-33
27
19
-54
42
9
-52
53
-11
-35
46
-23
-8
17
-4
-6
0
19
-27
20
6
-29
26
-3
-16
18
-7
-8
10
0
-5
0
4
-1
-7
10
1
-28
43
-29
-1
23
-24
13
-1
1
-12
11
0
-15
15
1
-20
26
-8
-19
33
-22
-4
28
-36
25
-7
-4
3
-1
3
-13
22
-23
14
-3
-1
-4
4
0
0
5
-16
22
-10
-11
17
-6
-10
7
17
-35
34
-14
-11
32
-32
13
7
-8
-13
30
-20
-18
41
-34
14
12
-28
13
25
-38
7
34
-55
42
-10
-17
22
-22
22
-13
1
-3
7
3
-22
27
-17
3
3
-12
26
-31
18
5
-14
5
18
-29
25
-18
1
25
-50
46
-19
-14
40
-34
8
17
-26
22
-5
-16
15
-4
-5
9
0
-12
5
20
-29
23
-21
10
9
-18
10
11
-34
35
-2
-36
48
-35
12
12
-33
43
-34
-1
33
-33
14
-8
0
21
-34
19
11
-27
17
0
1
-5
-10
27
-25
4
10
-3
-9
8
-7
16
-28
15
25
-64
59
-8
-37
51
-28
-21
64
-61
8
47
-66
48
-13
-17
35
-36
26
-19
7
11
-22
7
19
-20
-5
24
-17
0
0
4
-4
-7
16
-10
-16
48
-44
-11
70
-76
28
30
-61
64
-28
-38
78
-51
-14
57
-39
-21
51
-14
-43
64
-54
36
-6
-24
37
-24
-3
33
-46
20
44
-97
80
5
-80
80
-18
-44
71
-50
-7
48
-59
42
-11
-21
27
-2
-7
-18
49
-51
9
36
-51
31
13
-62
79
-35
-39
89
-76
9
55
-57
0
68
-87
55
-11
-18
32
-27
12
-4
6
-10
8
7
-26
26
-3
-21
29
-22
0
27
-38
28
-3
-28
42
-23
-5
16
-15
-1
32
-59
57
-17
-36
67
-47
1
22
-9
-14
32
-47
48
-20
-25
48
-17
-41
55
1
-73
76
-2
-70
78
-29
-32
61
-44
3
22
-15
-11
42
-57
46
-18
-6
17
-5
-24
38
-1
-66
96
-44
-48
83
-31
-36
60
-38
-15
62
-49
-25
93
-94
33
49
-102
65
44
-121
94
12
-124
158
-67
-82
156
-110
-1
95
-118
59
24
-52
8
65
-102
76
-8
-38
33
-9
7
-31
53
-54
40
-36
52
-72
66
-29
-32
99
-146
147
-94
14
54
-82
73
-42
1
26
-23
9
8
-36
66
-61
6
72
-133
126
-47
-59
127
-101
-3
80
-66
-5
69
-98
81
-31
-17
38
-20
-20
22
39
-92
75
-7
-49
45
28
-104
108
-47
-27
75
-82
60
-39
42
-57
60
-34
-18
67
-83
65
-24
-20
39
-29
8
35
-98
95
11
-113
95
4
-76
54
44
-134
134
-22
-113
164
-104
-5
67
-40
-15
6
62
-113
95
-13
-79
121
-88
18
42
-81
84
-23
-59
89
-65
30
-3
-8
-9
18
11
-59
85
-72
34
4
-22
38
-68
91
-72
25
8
-16
23
-50
94
-110
54
56
-129
119
-59
-7
50
-55
31
-4
-19
34
-32
15
8
-46
88
-107
73
2
-64
80
-66
58
-59
23
66
-124
95
-9
-76
103
-20
-110
160
-89
-28
93
-86
49
-29
43
-82
110
-87
0
107
-157
130
-80
29
45
-111
94
-6
-64
78
-71
59
-8
-85
151
-117
3
80
-73
23
-2
29
-67
87
-95
79
-2
-92
104
-39
-22
40
-5
-64
104
-78
2
93
-152
104
23
-111
107
-52
3
30
-51
49
-1
-74
109
-57
-28
57
-8
-19
-46
121
-87
-22
73
-55
40
-46
24
70
-184
188
-38
-109
99
8
-36
-40
107
-110
86
-43
-40
113
-67
-57
86
35
-151
96
82
-191
100
112
-235
166
13
-142
135
-33
-45
10
95
-163
138
-25
-114
190
-171
81
33
-100
77
-13
-2
-25
14
59
-103
36
99
-139
30
59
-3
-88
65
38
-66
-12
38
64
-168
150
-80
62
-41
-44
109
-61
-39
74
3
-111
151
-116
50
14
-50
34
4
-3
-6
-54
135
-112
-28
170
-183
59
45
-8
-87
79
47
-152
156
-97
32
15
-33
9
52
-72
-6
138
-207
134
1
-26
-70
119
-23
-112
140
-80
33
-44
84
-107
111
-104
46
93
-247
278
-117
-123
233
-115
-104
199
-97
-62
109
-36
-22
-10
40
25
-106
73
47
-108
63
-3
-16
40
-103
121
-30
-66
23
118
-162
26
150
-192
90
34
-69
10
64
-67
-6
78
-83
10
95
-128
23
121
-134
7
77
2
-119
81
76
-139
36
23
105
-208
59
206
-263
43
167
-119
-80
143
-7
-95
-20
203
-175
-71
220
-58
-187
174
79
-270
202
9
-116
40
92
-130
47
51
-66
3
44
-22
-17
-1
53
-56
-1
23
73
-169
81
145
-263
141
44
-46
-108
206
-144
13
51
-36
12
-1
-1
-30
123
-215
164
13
-98
-51
265
-268
6
273
-310
130
-2
85
-208
164
15
-199
289
-256
137
-8
-32
-34
102
-78
-59
211
-266
190
-78
48
-86
112
-85
15
93
-208
275
-240
110
10
5
-98
147
-91
-9
89
-146
200
-236
175
-55
3
-53
90
-18
-102
176
-165
61
62
-94
23
40
-51
50
-51
17
47
-75
61
31
-165
205
-113
-71
191
-146
-8
86
21
-183
188
-21
-162
187
-10
-175
179
18
-205
187
-41
-48
-13
163
-238
141
76
-224
181
-3
-124
74
78
-134
25
48
26
-152
196
-101
2
29
-34
94
-183
194
-143
78
-40
-27
156
-257
205
-14
-112
57
75
-120
27
81
-98
-5
106
-95
1
133
-220
182
-72
44
-82
20
127
-204
154
-73
43
-64
111
-117
63
-10
-25
65
-59
12
22
28
-130
154
-51
-102
135
-31
-108
175
-91
-4
10
20
-27
-61
138
-127
22
83
-48
-16
23
14
-31
38
-84
139
-161
97
-10
-61
130
-187
202
-147
105
-86
63
21
-207
303
-164
-124
269
-114
-157
315
-272
118
-3
-35
50
-115
221
-310
311
-177
34
37
-71
123
-200
265
-285
223
-133
49
45
-104
93
-20
12
-102
203
-168
12
126
-89
-77
223
-252
155
-39
-45
83
-115
124
-115
118
-177
220
-178
47
43
-65
23
38
-52
27
97
-201
224
-196
119
43
-189
156
70
-266
191
94
-275
198
-15
-60
-38
128
-138
78
-1
-89
218
-281
168
18
-144
83
46
-47
-77
186
-164
95
-81
84
-43
39
-119
210
-153
-43
211
-250
196
-117
52
8
-58
89
-25
-78
122
-113
92
-105
96
15
-212
270
-91
-149
259
-148
-31
114
-34
6
-83
151
-160
100
-23
-68
121
-60
-80
174
-124
-53
185
-214
203
-150
-7
170
-250
157
31
-157
134
3
-78
76
-26
-5
-57
121
-25
-160
260
-166
-74
298
-383
291
-79
-126
223
-169
-12
135
-24
-186
305
-211
-3
144
-125
-27
112
-61
-83
237
-286
176
-25
-79
95
-65
-18
128
-188
160
-11
-132
193
-202
222
-228
213
-97
-66
159
-170
126
-153
189
-225
188
-60
-30
51
-31
69
-117
115
-49
-57
70
-1
-100
136
-72
17
-1
-12
28
-92
185
-228
168
-42
-36
22
47
12
-188
202
-72
-45
23
29
-26
30
-34
24
48
-116
168
-128
28
-14
35
-16
-85
206
-195
62
-4
82
-181
167
-34
-159
231
-102
-131
207
-92
-67
177
-132
42
-17
66
-56
-57
144
-109
-32
250
-325
174
104
-307
314
-108
-171
340
-285
63
129
-183
120
-35
11
-24
88
-138
62
145
-331
336
-187
27
44
-74
138
-222
204
-106
26
-4
-23
41
-43
112
-221
264
-178
31
-13
6
23
-47
122
-102
68
-77
143
-207
228
-220
162
-93
67
-87
-7
198
-345
339
-211
78
-60
117
-130
-13
174
-232
152
-45
-7
47
-65
113
-72
-17
105
-127
105
-107
108
-35
-69
144
-182
162
-62
-59
86
-58
26
-52
94
-96
-17
110
-87
-69
239
-237
52
186
-315
281
-92
-104
208
-217
148
-12
-110
228
-234
100
59
-150
197
-188
74
9
-77
130
-202
233
-227
148
27
-145
142
-51
-60
99
-58
-29
132
-237
260
-82
-117
171
-64
-14
41
18
-73
39
115
-242
194
63
-350
478
-435
263
-4
-331
467
-328
48
179
-221
62
162
-388
489
-368
116
172
-344
281
-82
-83
99
-30
3
28
-171
274
-228
83
71
-145
131
-92
60
29
-195
223
-108
22
-39
211
-379
253
188
-601
658
-383
11
228
-190
90
-86
153
-163
53
58
-122
130
-68
-37
145
-167
102
-24
-30
98
-121
149
-194
93
154
-319
334
-233
84
-9
-10
62
-221
346
-269
50
73
-14
-195
337
-251
12
252
-378
327
-279
252
-174
16
149
-217
204
-168
176
-150
105
-70
90
-178
249
-187
12
148
-332
315
-328
270
-301
189
-90
-59
-3
-65
33
-205
322
-436
253
-87
-102
127
-113
28
-51
-16
47
82
-134
77
46
57
-85
251
-144
-13
325
-276
311
-156
217
8
-27
239
-184
242
-160
294
-151
69
168
-153
139
-7
2
-119
213
-126
-65
221
-268
49
171
-351
198
38
-307
266
-57
7
-4
60
93
-231
159
-33
-98
-53
-11
-14
-292
188
-172
-155
159
-320
93
-8
-139
22
34
-57
-151
194
-128
-76
355
-311
114
139
-231
232
-20
-15
92
-94
321
-165
156
99
-190
239
-218
163
-103
-3
205
40
18
135
-17
-98
191
-171
-159
121
-133
35
-116
-6
-36
-20
174
-228
-2
-42
57
-140
-277
52
-150
-145
347
-269
75
180
-249
223
18
86
-105
309
60
-15
447
-171
57
275
-21
138
292
-151
169
69
-65
21
-116
103
-110
35
58
-167
65
-189
-116
25
-343
29
-24
-159
11
-194
-61
-80
-74
-84
-87
26
-104
84
-132
24
13
-112
118
17
-14
-57
76
-60
27
-25
47
-52
48
-6
-58
91
-36
30
33
62
19
148
-6
59
20
32
147
-103
111
23
-62
60
-29
-1
17
7
-78
113
-44
-103
70
1
-60
57
-154
23
-66
-110
133
-126
80
42
125
32
60
30
157
114
5
285
129
39
162
153
11
73
198
16
20
109
-6
137
63
-112
100
-80
-138
99
-145
-49
-60
-140
4
-166
-73
-139
-21
-174
-86
11
-132
15
-144
-51
-81
-146
-88
-160
-176
-135
-111
-116
-247
-89
-258
-236
-84
-337
-146
-177
-246
-121
-50
-87
-71
157
60
161
278
231
352
224
367
425
252
392
463
262
436
375
242
338
320
322
253
324
182
272
259
218
268
128
235
197
152
185
30
-15
-58
-93
-194
-185
-332
-346
-364
-620
-456
-578
-739
-545
-699
-715
-728
-803
-856
-773
-848
-940
-800
-946
-847
-816
-761
-732
-690
-581
-472
-298
-236
-193
12
48
161
246
346
540
425
702
625
648
748
743
743
689
779
584
721
762
607
624
658
631
569
558
469
464
584
520
427
437
473
613
634
837
806
1005
1090
1151
1263
1160
1324
1212
1223
1255
1080
1077
936
773
727
635
490
409
251
38
-42
-234
-449
-546
-663
-758
-880
-1045
-1252
-1347
-1526
-1687
-1753
-1973
-2098
-2316
-2500
-2640
-2918
-3160
-3232
-3396
-3555
-3683
-3805
-3965
-4005
-4079
-3820
-4101
-3652
-2321
-1348
-86
-18
988
1907
2624
3236
3185
3729
4219
4945
5387
5226
5280
5213
5057
4366
3469
3132
2527
2147
1231
525
60
-724
-1217
-1798
-1864
-2203
-2539
-2731
-2899
-2651
-2489
-2113
-2005
-1607
-467
453
1632
1986
2624
3163
3475
4005
4104
4537
4416
4271
4172
3656
3058
2319
1778
1343
876
650
446
258
-249
-954
-1513
-1863
-1780
-1688
-1534
-1732
-1870
-2062
-2520
-2895
-3396
-3489
-3681
-3648
-3563
-3930
-4344
-5316
-5944
-6654
-6841
-7113
-7286
-7530
-7142
-4635
-3117
-1579
-1800
-614
1356
2724
4092
4138
5110
6256
7684
8387
7883
7657
7461
7028
6044
4485
4020
3361
2649
1214
-411
-1090
-2106
-2355
-3216
-3405
-3643
-3878
-3860
-4381
-3671
-3241
-2214
-1845
-1593
-526
378
1375
1549
1746
2158
3297
4719
5611
6238
6092
6043
5732
4983
4319
3491
2917
2357
1877
1481
880
259
-650
-1570
-1974
-1782
-1103
-549
-405
-361
-228
-315
-547
-869
-1117
-1056
-1034
-1173
-1690
-2429
-3237
-4397
-5186
-5960
-6542
-7247
-8217
-8950
-9454
-9868
-10146
-10831
-10431
-7795
-4891
-2253
-1763
-215
1942
4106
5593
5737
6690
8018
9921
10643
10222
9752
9317
8740
7002
4665
3616
3006
2432
653
-1423
-2604
-3582
-3804
-4596
-4721
-4694
-4568
-4281
-4451
-3680
-2852
-1624
-1048
-575
624
1890
3032
3162
3075
3173
3729
4563
5355
6038
6145
5827
5267
4728
4047
3114
2218
1444
1146
1116
985
702
-120
-1094
-1531
-991
119
1150
1734
2000
2204
2214
1798
1000
196
-165
-35
-88
-714
-2050
-3743
-5387
-7036
-8263
-9271
-10059
-10899
-11668
-12284
-12552
-13122
-13641
-14369
-12631
-8545
-4544
-1503
-843
1838
4581
7186
8269
8171
9391
11199
13169
13314
12185
11240
10159
8679
6127
3543
2480
1696
709
-1704
-3884
-5164
-5730
-5998
-6473
-5955
-5355
-4475
-4243
-3959
-2847
-1606
32
687
1616
2997
4461
5358
4768
4215
3892
4387
4834
4889
4997
4562
3994
3040
2331
1770
1041
581
218
419
802
1250
1405
824
196
296
1546
3178
4181
4545
4531
4485
4254
3384
2131
822
95
-215
-704
-1860
-3712
-5849
-8037
-9782
-10947
-11848
-12528
-13207
-13822
-14099
-13955
-14105
-14139
-14371
-11494
-6381
-1761
1126
1792
4730
7657
10248
10668
10157
11103
12652
14057
13196
11114
9437
7904
5877
2648
-154
-1614
-2322
-3337
-5622
-7266
-7987
-7492
-6972
-6623
-5281
-3965
-2420
-1759
-818
870
2651
4467
5118
6007
6901
7714
7713
6361
4901
3964
4041
3974
3319
2252
963
87
-958
-1799
-2247
-2231
-1855
-1345
-459
573
1638
2143
2211
2271
3078
4922
6628
7563
7394
6926
6499
5684
4212
2255
614
-475
-1446
-2763
-4621
-6812
-9067
-11242
-12797
-13819
-14313
-14909
-15493
-15646
-15175
-14504
-14082
-14069
-10983
-5763
-336
2592
3348
6238
9212
12178
12085
11362
11778
13191
14248
12765
10425
8337
6684
4143
377
-2821
-4285
-4863
-5949
-8208
-9491
-9298
-8062
-6951
-6112
-4237
-2557
-641
438
1953
4149
6047
7871
8292
8897
9173
9257
8311
6065
4058
2599
2148
1424
231
-1256
-2771
-3949
-4864
-4965
-4573
-3825
-2844
-1525
316
2141
3841
4806
5219
5510
6467
8216
9775
10263
9429
8170
7110
5914
3909
1422
-979
-2534
-3836
-5216
-7078
-9403
-11622
-13396
-14540
-15209
-15662
-15865
-15904
-15231
-14476
-13349
-12877
-11321
-6210
-876
4035
4904
6617
9499
12313
13715
12258
11878
12125
13089
12217
9598
7030
4909
2736
-862
-4716
-6945
-7570
-7700
-9245
-10784
-10711
-9035
-6563
-4894
-2748
-708
1523
3267
4591
6791
8512
10511
11020
10941
10761
10036
8869
6117
3235
486
-1160
-2078
-2829
-3601
-5327
-6856
-7766
-7296
-6150
-4947
-3424
-1653
936
3271
5577
7200
8087
8568
8890
10045
11170
11898
11146
9391
7572
5413
3424
918
-1686
-3792
-5786
-7130
-8721
-10332
-12296
-14081
-15212
-15839
-15840
-15588
-15169
-14191
-13135
-11757
-10946
-9170
-4316
928
5698
6732
8060
10458
12929
14051
12543
11456
11229
11585
10272
7216
4426
2378
356
-2880
-6839
-8970
-9441
-8902
-9580
-10760
-10445
-8606
-5559
-3228
-747
1428
3513
5350
6628
8704
10109
11564
11600
10992
10251
8972
7556
4622
1506
-1739
-3751
-4560
-4934
-5223
-6200
-7159
-7734
-6940
-5259
-3309
-1336
640
3227
5876
8070
9461
9954
9976
9932
10357
10771
10585
9291
7286
5228
2778
19
-2758
-5018
-6723
-8371
-9777
-10989
-11948
-12827
-13876
-14594
-14915
-14417
-13560
-12432
-11201
-9845
-8688
-7523
-3586
1114
5775
7310
8140
10253
12061
13417
11891
10710
9986
10007
9316
6456
3686
1111
-715
-3284
-6650
-8951
-9982
-9357
-9244
-9655
-9609
-8478
-5918
-3398
-540
1995
4061
5884
6904
8742
10024
11155
11263
10515
9733
8075
6405
3666
941
-1950
-4251
-5647
-6184
-5911
-6092
-6350
-6728
-6104
-4435
-2584
-359
1582
3941
6254
8409
10051
10606
10572
10031
9927
9800
9205
7861
5598
3473
1247
-997
-3375
-5952
-7685
-9026
-9965
-11194
-12142
-12931
-13427
-13590
-13521
-13071
-12338
-11180
-9975
-8706
-7425
-3427
1331
5667
7113
7500
9703
11470
12686
11149
9918
9784
9893
8939
5736
2927
734
-1045
-3586
-6842
-8884
-9587
-9165
-9323
-9905
-9658
-8087
-5611
-3379
-778
2033
4390
6028
6865
8394
9911
11052
11071
10059
9219
8084
6577
3797
393
-2538
-4315
-5172
-5762
-6458
-6994
-6924
-6567
-5826
-4788
-2971
-686
1601
3749
5921
8247
10010
10784
10619
10270
10286
10336
9675
7888
5753
3734
1752
-587
-3448
-5967
-7767
-9051
-10145
-11540
-12799
-13747
-14453
-14696
-14783
-14043
-13126
-11773
-10420
-8396
-3646
1474
5926
7001
7863
10077
12280
13355
11658
10525
10257
10746
9813
6726
3502
724
-1419
-4265
-7317
-9308
-9980
-9540
-9868
-10451
-10260
-8511
-5432
-2699
201
2550
4712
6520
7857
9676
10863
12002
11893
11039
9866
8304
6565
3660
423
-2696
-4616
-5501
-6202
-7165
-8419
-9075
-8939
-8078
-6487
-4657
-2492
-282
2315
4876
7223
8940
9884
10429
10667
11303
11609
11131
9487
7408
5329
3009
449
-2354
-4691
-6691
-8565
-10428
-12139
-13301
-14374
-15234
-16038
-15919
-15090
-14011
-12634
-11284
-7067
-1659
3863
6637
7624
10049
12143
14016
13105
11873
11714
11847
11278
8023
4570
1676
-792
-3741
-7645
-10086
-11169
-10769
-10922
-11903
-12141
-10780
-7523
-4109
-638
2488
5024
7249
8988
11074
12672
13670
13927
13205
12411
10965
9013
6077
2382
-1087
-4023
-5812
-7203
-8376
-9530
-10603
-10967
-10736
-9459
-7839
-5684
-3195
-403
2639
5324
7642
9125
10140
10966
11844
12517
12183
10870
9160
7484
5799
3259
312
-2633
-5213
-7428
-9601
-11403
-13129
-14524
-15538
-16127
-16057
-15454
-14571
-13425
-12261
-8356
-2532
3365
6740
7532
9716
12160
14526
14221
12760
12166
12043
11500
8659
5266
2137
-884
-4387
-8487
-11207
-12363
-12285
-12528
-13406
-13453
-12066
-8895
-5694
-2267
1324
4494
7769
10094
12572
14224
15140
15386
14667
13897
12398
10473
7565
4147
643
-2522
-4596
-6593
-8309
-10210
-11513
-11970
-11783
-10615
-9114
-6813
-4414
-1677
1114
3711
6188
7895
9389
10396
11455
12110
11905
10879
9054
7290
5326
2989
315
-2423
-4514
-6716
-8799
-11022
-12691
-14284
-15727
-16559
-16426
-15281
-14066
-12805
-11307
-6541
-667
4922
7028
8057
10732
13534
15712
14776
13647
13307
13241
12100
8466
4858
1738
-1197
-4837
-9158
-11998
-13419
-13648
-14441
-15514
-15620
-13787
-10225
-6599
-2741
520
3637
6555
9196
12361
14602
16584
17091
16697
15792
14114
12124
8890
5318
1540
-1289
-2973
-4526
-6352
-8926
-10517
-11432
-11549
-11018
-9910
-7740
-5470
-2634
-13
2629
4844
6252
7527
8635
10209
11261
11357
10484
8907
7250
5091
2802
228
-2180
-4359
-6833
-9031
-11079
-12588
-14364
-16029
-16966
-16618
-15507
-14562
-13582
-11992
-6961
-780
4984
7408
8641
11594
14449
16559
15727
14870
14966
15080
13796
9999
6249
2885
-497
-4582
-9183
-12101
-13723
-14253
-15527
-17132
-17486
-16002
-12519
-9065
-5158
-1580
1760
5201
8048
11567
14067
16266
17194
16971
16525
15426
14154
11291
7865
4054
1134
-909
-2996
-5045
-7518
-9068
-10268
-10791
-10626
-9735
-7890
-5995
-3519
-1134
1401
3682
5418
6956
8054
9412
10206
10426
9800
8476
7001
4771
2627
266
-2032
-4432
-7184
-9669
-11813
-13569
-15272
-16799
-17556
-17227
-16439
-15508
-14549
-10678
-4701
1625
5256
6605
9499
12846
15984
16178
15398
15836
16755
16709
13683
9799
6450
3292
-510
-5424
-9251
-11788
-12908
-14336
-16502
-17963
-17889
-15575
-12588
-9196
-5622
-2530
864
3676
7081
10141
13034
15316
15997
16079
15295
14641
12923
10214
7010
3955
1960
64
-1698
-4087
-6599
-8619
-9828
-9694
-8863
-7292
-5750
-3844
-1720
486
2658
4241
5611
6589
7937
9426
10347
10219
8983
7489
5736
3751
1676
-578
-2632
-4983
-7354
-9769
-11990
-13931
-15818
-17238
-17672
-17182
-16100
-15265
-13405
-8631
-2866
2378
4292
6176
9174
12559
14729
14392
14462
15339
16267
15250
12062
9089
6463
3486
-621
-4816
-7586
-9163
-10369
-12630
-14902
-16045
-14977
-12583
-10068
-7439
-5007
-2321
381
3021
5880
8355
10843
12345
12913
12848
12439
11786
10014
7349
4613
2750
1613
232
-1690
-3881
-5647
-6891
-7621
-7604
-6999
-5717
-3982
-1901
229
2089
3523
4607
5565
6637
7960
9049
9241
8631
7537
6287
4728
2812
753
-1283
-3343
-5459
-7684
-9703
-11822
-13879
-15827
-16755
-16827
-16159
-15819
-14381
-10363
-4976
260
2341
4500
6824
9805
11536
11792
12609
13698
14769
13959
11734
9544
7205
4398
303
-3387
-5782
-6796
-7529
-9388
-11595
-13448
-12977
-10986
-8362
-5992
-4410
-2355
77
2891
5481
7377
9133
10276
10976
10815
10497
9796
8489
6431
3711
1852
446
-549
-2352
-4426
-5814
-6532
-6657
-6866
-6523
-5610
-3940
-1876
193
2293
3737
4920
5551
6532
7724
8667
9087
8551
7910
6677
5311
3627
1658
-155
-2262
-4133
-6145
-8057
-9913
-12120
-13905
-15255
-15311
-14928
-14234
-13836
-11716
-7305
-1946
2086
3407
5293
7518
10121
10935
10598
10992
11836
12331
10860
8419
6383
4350
1598
-2438
-5846
-7695
-7903
-8072
-9584
-11427
-12311
-10686
-7860
-5103
-3079
-1667
463
3085
5794
7768
9118
10288
10969
10893
10144
9258
8168
6588
4202
1824
67
-1154
-2692
-4683
-6376
-7366
-7716
-7704
-7292
-6417
-4975
-3016
-720
1468
3350
4873
6000
6768
7542
8175
8631
8511
7935
7027
5701
4159
2307
576
-1482
-3597
-5624
-7098
-8415
-10115
-12068
-13732
-14176
-13940
-13522
-13235
-10730
-6031
-598
2706
4019
5970
8363
10438
10220
9571
9951
11164
11435
9631
7174
5154
3105
63
-3976
-7193
-8841
-9000
-9192
-10268
-11768
-12421
-10980
-8294
-5206
-3000
-1487
536
3149
6312
8440
9911
10930
11638
11878
11257
10419
9103
7503
5161
2693
780
-748
-2151
-4319
-6302
-7601
-8031
-7994
-7896
-7374
-6322
-4407
-2153
188
2068
3593
4745
5633
6705
7619
8237
8126
7622
6921
5884
4453
2846
971
-743
-2615
-4457
-6077
-7448
-8842
-10593
-12387
-13253
-13108
-12487
-11963
-11440
-8379
-3795
1364
4103
5381
7437
9839
11872
11514
10778
10830
11704
11529
9304
6507
4239
2145
-1217
-5342
-8594
-10158
-10331
-10946
-12188
-13486
-13398
-11285
-8399
-5470
-3322
-1567
845
3721
6741
8892
10436
11690
12460
12603
12016
11132
9907
8482
6491
4150
1784
-335
-2137
-4331
-6559
-8206
-8860
-8564
-8462
-8094
-7089
-5016
-2382
-235
1567
3181
4763
5888
6810
7488
7890
7673
6977
6245
5266
4073
2372
190
-2167
-4372
-5961
-7185
-8359
-9819
-11715
-13226
-13562
-12994
-12327
-12308
-10404
-5987
-206
4006
5583
7235
9282
11697
12152
11558
11487
12400
12864
11430
8862
6614
4527
1439
-2966
-7184
-9677
-10297
-10566
-11719
-13438
-14329
-13220
-10738
-7766
-5290
-3600
-1651
910
4034
6794
8696
10286
11304
11952
11789
11392
10748
9733
7847
5394
3339
1786
322
-1765
-4080
-5799
-6822
-7384
-7871
-7822
-7042
-5554
-3658
-1694
252
1991
3501
4488
5425
6297
7001
7042
6533
6063
5611
4587
3012
1061
-717
-2486
-4460
-6021
-7244
-8295
-9873
-11657
-12748
-12764
-12354
-11973
-11966
-10378
-6314
-1128
3307
5052
6611
8413
10627
11820
11534
11226
11555
12013
11231
9082
6961
5332
3032
-616
-4798
-7696
-8601
-8889
-9913
-11758
-13090
-12330
-10073
-7307
-5064
-3593
-2284
-518
1741
4225
6264
7987
9161
9749
9820
9720
9493
8798
7366
5424
3736
2537
1463
-9
-1699
-3234
-4371
-5269
-5870
-5951
-5248
-3991
-2527
-1267
180
1655
2930
3544
3876
4463
5017
5149
4796
4339
3959
3229
2051
593
-969
-2480
-4100
-5321
-6109
-6795
-7876
-9181
-10199
-10441
-10636
-10948
-11180
-10708
-7830
-3704
875
3556
4786
6135
7789
9548
9912
9663
9597
10209
10227
9134
7372
5948
4489
1835
-1582
-4560
-6070
-6421
-7284
-8851
-10537
-10816
-9415
-7199
-5020
-3598
-2789
-1949
-338
1783
3843
5260
6394
7206
7667
7863
8112
8149
7528
5792
3771
2418
1839
1137
-258
-1725
-2625
-3254
-3899
-4267
-3908
-2791
-1869
-1293
-494
994
2764
3716
3834
3968
4428
4732
4479
3910
3538
3251
2350
986
-492
-1569
-2609
-4019
-5409
-6261
-6722
-7282
-8241
-9064
-9600
-9893
-10038
-9866
-9313
-8219
-5641
-2205
1503
3425
4536
5961
7961
9649
9748
9130
8652
8690
8171
6650
5225
4424
3638
1636
-1389
-4093
-5634
-6231
-7268
-8571
-9640
-9146
-7392
-5193
-3193
-2070
-1524
-1154
-200
1374
2964
4287
5163
6004
6633
7211
7557
7519
7014
5546
3911
2525
1944
1260
-173
-1921
-3150
-3303
-3197
-3033
-2757
-2168
-1518
-1097
-396
809
2447
3385
3701
3988
4548
4907
4494
3874
3408
3046
2167
813
-495
-1413
-2280
-3530
-4870
-5940
-6591
-7210
-8114
-9010
-9680
-9801
-9687
-9460
-9433
-8420
-5990
-2636
378
2078
3876
6004
8309
9291
8692
7704
7348
7355
6813
5781
5098
4965
4321
2432
-206
-2581
-3979
-5048
-6335
-7670
-8400
-7792
-6188
-4192
-2541
-1623
-1240
-767
-64
725
1469
2373
3504
4573
5410
6216
6747
6985
6455
5272
3877
2721
1888
877
-210
-1056
-1447
-1608
-1795
-2097
-2216
-2108
-1898
-1625
-1059
77
1570
2748
3524
4069
4629
4972
4905
4541
4142
3593
2714
1590
503
-236
-1090
-2309
-3727
-4971
-5791
-6510
-7222
-7982
-8633
-9192
-9590
-9732
-9675
-9517
-8971
-7107
-4152
-906
1345
2921
4514
6122
7052
6853
6415
6574
6886
6549
5510
4740
4723
4585
3440
1478
-335
-1500
-2302
-3412
-4757
-5980
-6401
-5713
-4104
-2238
-1102
-914
-886
-340
548
1142
1385
1763
2375
2894
3372
4087
5042
5470
4873
3819
3161
3081
2692
1604
296
-553
-990
-1536
-1972
-2006
-1700
-1423
-1198
-618
513
1753
2529
2930
3535
4558
5464
5819
5638
5383
5003
4257
3125
1646
239
-1128
-2380
-3488
-4333
-4944
-5597
-6358
-7238
-8143
-9089
-9794
-10142
-10155
-9854
-9468
-8569
-6768
-4400
-2077
-784
323
1903
3969
5669
6122
5871
5579
5511
5223
4468
3701
3506
3612
3355
2497
1362
467
-22
-675
-1671
-2967
-3856
-3822
-2833
-1554
-617
-138
214
677
1018
1084
1099
1287
1408
1179
770
848
1643
2615
2879
2358
1763
1616
1752
1515
765
-14
-464
-711
-799
-726
-240
482
1042
1390
1824
2733
3837
4680
5058
5230
5437
5688
5880
5663
5002
3982
2830
1733
733
-278
-1602
-3029
-4256
-5062
-5689
-6364
-7017
-7494
-7601
-7599
-7631
-7717
-7812
-7778
-7734
-7518
-7148
-6388
-5063
-3484
-1924
-912
8
1183
2503
3406
3368
2983
2945
3290
3323
2709
1952
1864
2448
2970
3118
2977
2989
3109
2896
2225
1185
365
14
158
419
526
409
302
382
490
457
97
-409
-929
-1472
-1994
-2366
-2369
-1920
-1264
-526
241
1092
1840
2272
2318
2226
2173
2189
2342
2650
3233
3926
4603
5165
5553
5728
5559
5101
4541
4085
3681
3141
2609
2228
1999
1581
687
-518
-1667
-2553
-3321
-4069
-4784
-5248
-5432
-5518
-5621
-5665
-5596
-5426
-5272
-5252
-5289
-5348
-5422
-5481
-5662
-5813
-5937
-5843
-5349
-4484
-3449
-2609
-1871
-1073
-85
794
1377
1783
2235
2834
3352
3692
3988
4340
4691
4866
4936
4984
4994
4814
4276
3448
2449
1484
680
72
-428
-949
-1566
-2012
-2110
-1976
-1864
-1954
-2087
-2178
-2153
-2063
-1810
-1259
-477
442
1331
2335
3393
4424
5140
5408
5284
4911
4515
4263
4218
4177
4011
3654
3292
3107
2982
2745
2258
1617
1030
592
355
304
261
-14
-574
-1198
-1609
-1856
-2126
-2518
-2847
-2971
-2942
-2923
-3078
-3424
-3817
-4201
-4532
-4760
-4887
-4957
-5100
-5323
-5530
-5592
-5507
-5413
-5430
-5485
-5278
-4595
-3584
-2569
-1703
-852
125
1277
2273
2892
3172
3195
3153
3049
3003
2988
3054
3193
3286
3336
3252
3129
2946
2558
1854
900
96
-332
-436
-483
-547
-458
-97
428
877
1169
1438
1676
1805
1790
1742
1789
1932
2131
2309
2566
2877
3154
3215
3062
2812
2519
2197
1789
1411
1138
1018
1034
1050
1146
1202
1203
1093
847
559
278
83
-68
-230
-398
-495
-580
-740
-1031
-1432
-1831
-2145
-2417
-2771
-3294
-3827
-4240
-4452
-4489
-4535
-4567
-4496
-4254
-3903
-3516
-3140
-2833
-2598
-2478
-2403
-2362
-2407
-2552
-2687
-2671
-2492
-2277
-2105
-1930
-1614
-1145
-617
-46
482
882
1058
1146
1247
1433
1635
1778
1933
2203
2696
3318
3937
4359
4542
4470
4298
4125
3938
3711
3399
3082
2807
2616
2449
2213
1886
1467
1005
650
457
405
375
327
288
347
498
622
677
688
736
809
840
840
860
905
895
830
749
706
695
678
590
405
177
-25
-208
-426
-726
-1123
-1458
-1609
-1636
-1641
-1705
-1730
-1690
-1660
-1697
-1777
-1819
-1830
-1874
-2027
-2187
-2268
-2250
-2229
-2300
-2441
-2596
-2722
-2918
-3144
-3426
-3644
-3783
-3897
-3989
-4093
-4090
-4040
-3886
-3649
-3241
-2581
-1754
-807
163
1155
2103
2914
3454
3699
3782
3863
3966
4083
4206
4396
4630
4837
4901
4802
4556
4130
3567
2978
2509
2190
1922
1576
1130
713
406
221
82
-105
-267
-351
-317
-204
-82
11
72
144
228
314
402
479
533
574
556
518
507
484
397
174
-95
-263
-340
-360
-356
-364
-356
-273
-92
143
339
356
275
172
69
-81
-306
-512
-635
-748
-934
-1166
-1381
-1518
-1683
-1949
-2241
-2451
-2532
-2649
-2869
-3047
-3085
-2978
-2835
-2764
-2719
-2626
-2465
-2291
-2219
-2308
-2452
-2500
-2372
-2076
-1727
-1338
-912
-420
121
694
1267
1774
2198
2497
2736
2950
3116
3189
3174
3115
3058
3065
3075
3061
2943
2731
2525
2303
2090
1781
1383
1004
681
435
246
132
58
-6
-116
-209
-261
-292
-279
-274
-241
-143
-7
175
348
486
526
495
498
597
638
527
276
78
53
81
99
37
-4
17
102
184
254
297
314
253
196
186
226
288
257
187
40
-118
-309
-503
-667
-867
-1108
-1342
-1546
-1727
-1905
-2048
-2084
-2038
-1940
-1888
-1870
-1907
-1991
-2038
-2102
-2173
-2296
-2405
-2383
-2267
-2096
-1994
-1962
-1881
-1713
-1477
-1179
-918
-613
-277
135
581
1023
1379
1633
1781
1877
1969
2036
2151
2298
2440
2548
2574
2593
2621
2592
2439
2150
1822
1500
1224
942
647
345
85
-95
-234
-356
-447
-481
-457
-398
-305
-184
-36
89
134
151
220
389
562
710
833
1025
1275
1515
1640
1672
1695
1733
1744
1645
1549
1490
1465
1358
1178
963
766
563
289
-11
-248
-408
-569
-847
-1154
-1379
-1483
-1563
-1720
-1869
-1966
-1923
-1852
-1805
-1780
-1746
-1689
-1604
-1535
-1482
-1476
-1546
-1682
-1886
-2066
-2217
-2369
-2527
-2693
-2845
-2941
-2973
-2974
-2942
-2837
-2524
-2058
-1517
-955
-342
342
1065
1696
2172
2494
2741
2872
2908
2808
2671
2560
2441
2280
2055
1807
1595
1372
1058
684
241
-146
-438
-647
-776
-850
-841
-711
-403
3
387
758
1135
1563
1947
2214
2347
2471
2580
2679
2703
2660
2626
2517
2340
2081
1779
1471
1153
855
512
140
-180
-412
-519
-567
-534
-472
-293
-71
133
223
216
175
94
-54
-266
-529
-743
-944
-1165
-1405
-1647
-1827
-1990
-2154
-2318
-2443
-2532
-2574
-2549
-2452
-2320
-2212
-2099
-1983
-1771
-1541
-1417
-1396
-1488
-1525
-1521
-1566
-1701
-1917
-2182
-2377
-2459
-2377
-2200
-1945
-1645
-1210
-663
-74
430
839
1175
1427
1579
1588
1568
1618
1758
1914
2054
2199
2440
2740
3019
3098
2956
2676
2372
2103
1809
1509
1191
944
746
618
593
695
893
1031
1043
977
925
987
1052
1058
1073
1108
1290
1543
1805
1951
1986
1930
1802
1583
1226
798
300
-152
-600
-956
-1211
-1334
-1321
-1296
-1228
-1136
-1012
-918
-920
-984
-999
-936
-807
-701
-620
-452
-313
-160
-98
-195
-394
-667
-907
-1088
-1294
-1481
-1706
-1915
-2050
-2174
-2277
-2419
-2695
-3065
-3516
-3893
-4176
-4450
-4716
-5040
-5282
-5291
-4914
-4230
-3394
-2499
-1470
-247
1135
2483
3571
4374
4959
5348
5504
5368
5028
4679
4437
4147
3822
3450
3138
3022
2859
2553
1970
1232
536
1
-365
-624
-833
-992
-986
-736
-290
219
675
1009
1227
1366
1394
1331
1163
960
745
650
721
902
1142
1309
1421
1419
1301
1000
517
-11
-544
-998
-1344
-1525
-1461
-1252
-932
-588
-141
307
701
888
989
1028
1041
1012
905
792
698
558
232
-196
-647
-1039
-1471
-2045
-2714
-3302
-3662
-3891
-4089
-4286
-4415
-4382
-4228
-4087
-4024
-4027
-4058
-4052
-4058
-4038
-4000
-3978
-3869
-3545
-2862
-1854
-702
405
1574
2815
4103
5187
5899
6226
6359
6322
6014
5493
4851
4342
3982
3618
3167
2631
2263
1993
1656
968
16
-932
-1634
-1995
-2200
-2302
-2344
-2105
-1610
-929
-255
353
858
1215
1367
1291
1096
903
734
543
388
385
653
1062
1454
1734
1943
2039
1932
1612
1139
671
229
-179
-486
-553
-444
-255
-64
193
546
843
970
921
854
789
607
337
36
-126
-287
-590
-1108
-1638
-2085
-2541
-3065
-3699
-4238
-4559
-4666
-4701
-4680
-4553
-4283
-3960
-3651
-3417
-3230
-3131
-3092
-3133
-3078
-2997
-2933
-2885
-2656
-1967
-833
547
1801
2996
4183
5510
6610
7194
7154
6748
6260
5622
4769
3686
2736
2174
1799
1443
882
433
201
-63
-621
-1637
-2577
-3191
-3325
-3243
-3064
-2714
-2051
-1037
62
1109
1912
2582
3021
3162
2960
2536
2149
1834
1505
1080
822
877
1215
1530
1592
1618
1655
1694
1546
1093
630
284
58
-143
-267
-221
-53
110
177
217
331
449
436
345
213
75
-130
-421
-713
-980
-1325
-1798
-2378
-2875
-3214
-3546
-3937
-4285
-4460
-4368
-4145
-3905
-3620
-3238
-2822
-2516
-2259
-2073
-1980
-2034
-2217
-2421
-2546
-2619
-2761
-2813
-2457
-1521
-206
1071
2132
3207
4370
5481
6107
6097
5653
5114
4569
3823
2891
1992
1492
1263
1045
611
135
-118
-354
-796
-1710
-2687
-3322
-3389
-3055
-2527
-1837
-904
307
1513
2581
3308
3782
3992
3923
3549
2914
2295
1832
1498
1122
794
705
917
1181
1243
1094
1013
1057
1007
708
321
82
39
14
-97
-170
-175
-88
-79
-121
-119
-35
52
114
199
268
297
190
-36
-242
-488
-856
-1409
-1943
-2357
-2668
-2959
-3249
-3393
-3376
-3202
-3037
-2836
-2596
-2353
-2221
-2277
-2347
-2390
-2413
-2555
-2814
-3042
-3101
-3034
-3071
-3164
-2962
-2149
-902
388
1422
2438
3545
4621
5252
5223
4791
4322
3874
3188
2278
1404
1019
983
858
460
-90
-455
-675
-1028
-1648
-2411
-2870
-2916
-2449
-1624
-518
725
1880
2914
3710
4413
4807
4856
4408
3633
2750
2014
1477
1033
602
125
-142
-202
-82
-103
-289
-443
-495
-381
-354
-292
-168
115
354
489
589
680
773
679
577
531
626
776
872
1003
1192
1268
1143
822
439
104
-370
-1027
-1709
-2193
-2461
-2680
-2953
-3135
-3096
-2939
-2757
-2656
-2563
-2447
-2336
-2278
-2271
-2260
-2319
-2453
-2661
-2820
-2964
-3021
-3073
-3181
-3441
-3767
-3852
-3277
-2171
-859
213
1248
2505
3924
5030
5380
5161
4767
4448
3964
3232
2413
1925
1698
1506
1149
662
296
1
-338
-811
-1505
-2025
-2224
-1871
-1087
-119
837
1648
2460
3112
3586
3622
3357
2840
2203
1481
752
276
-15
-134
-380
-628
-763
-668
-491
-484
-553
-528
-203
275
710
1058
1337
1596
1780
1874
1833
1680
1420
1169
1036
1041
1107
1150
1286
1464
1551
1437
1072
591
144
-335
-949
-1557
-2027
-2336
-2537
-2754
-2880
-2870
-2803
-2881
-3110
-3328
-3393
-3360
-3322
-3244
-3115
-2973
-2932
-3006
-3080
-3138
-3261
-3463
-3695
-3828
-3917
-3926
-3815
-3204
-2021
-515
930
2163
3458
4717
5817
6347
6258
5797
5219
4626
3894
3028
2235
1710
1389
1036
464
-158
-664
-1065
-1496
-2041
-2520
-2629
-2262
-1488
-528
463
1426
2248
2801
3073
3105
2958
2596
2096
1612
1223
1020
950
918
811
529
127
-268
-547
-702
-847
-858
-635
-116
531
1115
1510
1802
1950
1970
1759
1407
1085
850
871
952
1122
1255
1337
1474
1505
1379
985
436
-93
-579
-1050
-1530
-1960
-2298
-2490
-2718
-2942
-3148
-3280
-3418
-3547
-3560
-3371
-3003
-2651
-2344
-2170
-2030
-1928
-1931
-1984
-2126
-2316
-2485
-2647
-2721
-2799
-2817
-2844
-2846
-2883
-2950
-2690
-1932
-691
722
2007
3234
4487
5599
6187
6145
5622
4994
4287
3447
2533
1696
1229
947
711
361
5
-302
-659
-1088
-1625
-2131
-2408
-2284
-1645
-620
528
1542
2288
2758
3060
3125
3028
2763
2394
2020
1708
1519
1435
1353
1073
577
-97
-748
-1296
-1622
-1824
-1822
-1625
-1052
-206
700
1437
1858
2101
2129
2023
1794
1507
1210
1042
1042
1219
1423
1511
1535
1452
1202
710
-12
-725
-1267
-1718
-2123
-2504
-2644
-2608
-2604
-2768
-3048
-3233
-3335
-3411
-3452
-3275
-2884
-2323
-1806
-1399
-1036
-835
-796
-1087
-1465
-1803
-1992
-2120
-2246
-2282
-2224
-2023
-1890
-1801
-1927
-2028
-2251
-2155
-1692
-722
617
1868
3142
4098
5088
5661
5820
5434
4715
3952
3136
2399
1696
1292
1029
825
438
-105
-621
-1181
-1680
-2235
-2682
-2831
-2642
-1919
-986
231
1323
2176
2666
2802
2852
2731
2567
2241
2063
1903
1886
1797
1544
1189
556
-102
-901
-1486
-1888
-1987
-1755
-1329
-635
147
1032
1742
2244
2440
2413
2193
1898
1547
1221
1001
814
728
642
571
506
387
164
-213
-683
-1146
-1487
-1818
-2123
-2373
-2493
-2480
-2519
-2527
-2588
-2510
-2369
-2196
-1962
-1679
-1242
-854
-493
-289
-106
-51
-108
-284
-433
-497
-536
-583
-771
-959
-1189
-1453
-1813
-2311
-2769
-3187
-3559
-3822
-3920
-3556
-2757
-1453
-113
1192
2264
3122
3866
4246
4417
4088
3678
3190
2907
2671
2392
2097
1698
1337
758
153
-609
-1242
-1731
-2134
-2323
-2345
-1989
-1352
-505
395
1176
1767
2047
2158
2144
2160
2192
2225
2252
2262
2273
2178
2006
1593
1051
345
-391
-1023
-1524
-1710
-1675
-1396
-947
-481
3
416
726
855
787
589
348
227
213
318
429
630
829
1006
1133
1156
1118
918
644
329
102
-13
-120
-264
-435
-601
-734
-877
-1037
-1226
-1343
-1386
-1331
-1150
-862
-530
-202
1
95
46
-140
-358
-654
-922
-1230
-1479
-1707
-1877
-2070
-2308
-2596
-3002
-3379
-3715
-3975
-4130
-4257
-4208
-4087
-3659
-2998
-1996
-744
491
1726
2523
3259
3559
3913
3912
3813
3513
3189
3145
3073
3077
2741
2341
1782
1262
606
-90
-756
-1237
-1458
-1502
-1453
-1301
-962
-469
82
459
686
735
899
1117
1505
1814
2021
2082
2108
2115
1950
1699
1135
589
-94
-630
-1061
-1375
-1471
-1497
-1307
-1053
-689
-341
-50
107
160
183
208
306
457
654
888
1160
1482
1765
1927
2000
1958
1884
1749
1603
1411
1199
931
659
389
136
-73
-361
-689
-1070
-1406
-1640
-1782
-1868
-1875
-1823
-1662
-1492
-1276
-1144
-1085
-1066
-1174
-1270
-1464
-1596
-1734
-1849
-2004
-2134
-2196
-2274
-2358
-2516
-2665
-2875
-3079
-3294
-3389
-3384
-3168
-2843
-2285
-1516
-523
670
1696
2600
3090
3525
3785
4017
4097
4019
3975
3876
3871
3658
3340
2787
2152
1412
662
-24
-623
-1023
-1322
-1456
-1478
-1374
-1150
-874
-666
-511
-475
-377
-254
-58
199
501
852
1110
1311
1345
1332
1186
898
447
-120
-631
-1050
-1226
-1307
-1263
-1242
-1164
-1002
-768
-496
-317
-192
-71
187
547
993
1403
1817
2196
2512
2733
2828
2832
2781
2645
2440
2170
1899
1644
1376
1079
720
360
18
-250
-510
-706
-902
-1014
-1067
-1035
-924
-849
-787
-858
-900
-1011
-1085
-1177
-1256
-1255
-1261
-1217
-1199
-1194
-1265
-1380
-1559
-1763
-1991
-2170
-2268
-2286
-2196
-2042
-1798
-1555
-1307
-1098
-909
-733
-584
-468
-411
-366
-348
-271
-149
42
287
438
492
421
356
281
218
118
-56
-164
-254
-219
-187
-128
-92
-74
-52
-16
37
76
131
185
289
398
539
629
715
745
778
783
777
802
813
822
817
818
847
888
841
769
681
653
643
652
634
576
541
503
556
619
709
741
773
796
841
943
1081
1207
1269
1316
1345
1402
1409
1388
1285
1159
995
847
727
616
529
420
329
208
122
58
15
-34
-128
-231
-338
-397
-447
-492
-518
-566
-620
-670
-668
-681
-664
-683
-744
-809
-881
-910
-958
-1024
-1107
-1160
-1145
-1127
-1114
-1117
-1129
-1147
-1191
-1263
-1317
-1383
-1443
-1525
-1588
-1645
-1685
-1723
-1786
-1845
-1897
-1858
-1742
-1536
-1321
-1100
-886
-643
-388
-163
47
204
331
448
576
708
841
976
1105
1214
1303
1362
1404
1402
1375
1337
1300
1252
1202
1184
1182
1187
1158
1076
964
847
765
705
665
603
563
550
561
577
552
488
375
247
113
7
-50
-32
50
187
364
580
797
987
1117
1180
1190
1157
1119
1061
1022
977
949
921
877
822
735
651
541
425
316
203
101
22
-54
-116
-183
-266
-367
-485
-594
-690
-763
-845
-885
-912
-928
-967
-1024
-1069
-1105
-1114
-1119
-1100
-1064
-983
-897
-839
-825
-843
-862
-899
-951
-1042
-1143
-1220
-1267
-1285
-1307
-1332
-1370
-1406
-1446
-1479
-1493
-1490
-1495
-1500
-1456
-1334
-1121
-894
-684
-494
-294
-84
115
298
435
541
602
661
737
811
867
885
893
913
948
963
948
921
906
901
885
850
807
778
769
758
739
710
690
675
688
726
786
868
940
985
1012
1010
990
949
889
806
714
644
581
567
578
598
594
557
485
399
304
226
147
84
49
70
128
195
255
275
279
264
262
243
236
245
285
357
441
511
533
508
426
304
160
19
-116
-217
-296
-329
-314
-287
-254
-242
-246
-254
-288
-339
-427
-506
-582
-627
-651
-663
-675
-700
-739
-821
-931
-1065
-1203
-1335
-1456
-1557
-1645
-1718
-1778
-1828
-1879
-1936
-1977
-1984
-1960
-1929
-1871
-1744
-1554
-1335
-1118
-928
-751
-579
-428
-277
-119
49
247
451
649
833
976
1102
1193
1262
1304
1314
1311
1313
1336
1378
1413
1439
1462
1465
1469
1469
1446
1388
1293
1199
1139
1108
1067
989
884
771
666
569
480
376
260
140
48
-6
-29
-24
15
81
151
216
267
307
352
405
445
464
468
472
515
578
647
694
715
714
684
647
613
581
545
519
497
492
498
499
468
407
317
215
88
-60
-233
-395
-526
-630
-714
-792
-868
-937
-978
-1009
-1014
-1013
-1009
-1026
-1050
-1090
-1128
-1178
-1255
-1338
-1431
-1509
-1569
-1614
-1650
-1675
-1668
-1642
-1614
-1597
-1581
-1569
-1568
-1569
-1557
-1532
-1498
-1456
-1395
-1279
-1073
-813
-538
-293
-98
75
224
379
533
665
766
847
921
999
1077
1141
1187
1224
1218
1203
1177
1170
1181
1191
1184
1143
1101
1070
1078
1090
1094
1071
1019
968
933
918
909
867
768
627
468
320
175
45
-97
-241
-366
-459
-505
-522
-503
-452
-373
-283
-181
-83
13
126
254
411
553
690
814
945
1081
1199
1284
1307
1277
1209
1132
1038
961
884
815
752
697
648
598
525
421
281
109
-59
-218
-340
-427
-490
-531
-546
-548
-524
-514
-519
-539
-576
-598
-619
-635
-651
-665
-676
-689
-700
-716
-752
-811
-876
-947
-1007
-1059
-1098
-1126
-1136
-1135
-1137
-1136
-1152
-1172
-1190
-1217
-1254
-1297
-1342
-1379
-1347
-1255
-1099
-908
-726
-551
-380
-202
-32
117
219
291
345
385
439
486
515
515
518
500
482
467
442
420
409
421
444
481
536
611
694
760
802
807
793
788
803
835
858
866
854
841
809
750
667
535
386
233
105
17
-10
20
101
215
344
460
564
633
679
702
704
702
699
715
752
817
889
948
974
986
972
947
904
851
807
774
758
746
724
691
643
580
499
394
264
114
-37
-173
-290
-386
-471
-556
-651
-742
-844
-945
-1042
-1144
-1223
-1286
-1331
-1373
-1415
-1437
-1448
-1446
-1443
-1447
-1442
-1440
-1430
-1409
-1371
-1313
-1258
-1208
-1175
-1147
-1121
-1102
-1073
-1062
-1067
-1098
-1143
-1190
-1250
-1304
-1338
-1330
-1265
-1169
-1038
-901
-742
-559
-356
-136
77
274
446
608
768
919
1052
1156
1225
1278
1317
1352
1378
1381
1373
1331
1275
1205
1144
1113
1074
1027
962
885
805
740
686
640
594
550
510
466
428
375
314
247
185
128
94
82
90
144
227
350
476
591
679
725
746
756
759
751
738
723
711
701
695
686
660
603
526
438
363
311
274
269
267
277
285
294
301
297
270
222
145
53
-26
-94
-157
-217
-274
-329
-373
-413
-440
-466
-496
-536
-587
-635
-664
-688
-710
-725
-743
-740
-716
-687
-659
-642
-631
-620
-617
-625
-641
-660
-688
-710
-733
-758
-787
-839
-902
-986
-1077
-1176
-1263
-1338
-1391
-1422
-1425
-1399
-1336
-1254
-1152
-1043
-919
-768
-609
-436
-262
-87
86
254
412
556
663
752
816
874
909
946
980
1013
1043
1070
1087
1090
1068
1029
982
946
897
847
776
694
619
563
534
495
457
403
342
282
238
202
167
140
115
129
166
232
306
375
434
485
520
540
551
558
569
580
591
605
625
647
677
704
719
724
726
737
756
769
786
788
780
776
772
764
731
677
591
507
406
320
223
125
27
-76
-175
-272
-365
-469
-563
-662
-743
-811
-862
-906
-945
-984
-1019
-1052
-1081
-1115
-1158
-1198
-1229
-1256
-1276
-1289
-1303
-1315
-1338
-1366
-1399
-1428
-1457
-1478
-1496
-1497
-1484
-1465
-1439
-1415
-1387
-1358
-1312
-1253
-1192
-1137
-1090
-1038
-990
-916
-822
-716
-601
-483
-359
-226
-73
89
253
405
540
674
784
871
932
964
987
999
1016
1028
1047
1088
1128
1176
1216
1251
1259
1251
1237
1198
1149
1079
992
902
834
790
756
720
675
623
572
525
494
473
469
482
508
563
630
711
783
843
880
898
909
903
896
874
855
833
809
779
749
714
667
613
551
489
426
366
306
258
222
198
172
144
107
59
11
-34
-68
-101
-131
-163
-196
-222
-247
-276
-313
-348
-380
-407
-438
-468
-502
-541
-581
-626
-681
-737
-804
-871
-923
-955
-974
-983
-986
-993
-1001
-1014
-1027
-1042
-1063
-1082
-1108
-1121
-1130
-1133
-1136
-1134
-1130
-1132
-1141
-1165
-1200
-1247
-1290
-1327
-1362
-1384
-1378
-1353
-1309
-1240
-1138
-1011
-856
-686
-514
-335
-159
10
170
333
485
622
738
833
917
982
1047
1104
1142
1166
1184
1195
1198
1194
1181
1155
1121
1088
1064
1042
1041
1038
1028
1007
980
949
918
893
867
847
839
833
832
832
831
835
835
848
860
870
878
890
905
926
942
945
938
925
911
892
862
821
779
745
724
700
679
648
612
574
538
496
441
372
297
213
122
21
-83
-179
-267
-342
-409
-464
-516
-557
-594
-631
-674
-725
-779
-839
-903
-965
-1032
-1100
-1167
-1236
-1305
-1375
-1441
-1506
-1565
-1611
-1640
-1653
-1654
-1644
-1629
-1606
-1567
-1519
-1459
-1402
-1337
-1272
-1200
-1116
-1033
-951
-891
-841
-807
-794
-796
-818
-841
-870
-892
-911
-926
-928
-927
-913
-895
-867
-826
-771
-685
-585
-452
-304
-135
48
233
423
600
772
927
1064
1175
1270
1349
1419
1483
1540
1578
1609
1629
1639
1631
1605
1569
1519
1473
1421
1379
1331
1287
1246
1204
1162
1118
1076
1028
989
952
927
898
869
828
785
739
699
666
635
607
564
524
485
458
424
389
348
311
282
256
246
243
239
242
243
247
256
264
264
251
225
197
168
132
96
53
4
-40
-84
-127
-176
-231
-294
-366
-441
-515
-584
-652
-715
-772
-822
-866
-909
-951
-999
-1044
-1088
-1123
-1156
-1185
-1207
-1225
-1225
-1226
-1216
-1206
-1185
-1162
-1128
-1088
-1041
-987
-934
-868
-808
-746
-680
-619
-554
-495
-441
-395
-361
-339
-324
-316
-321
-328
-350
-377
-405
-439
-468
-500
-523
-541
-551
-552
-546
-522
-483
-416
-341
-250
-151
-49
56
164
275
388
499
605
710
806
892
965
1024
1074
1118
1151
1178
1191
1200
1209
1219
1226
1227
1221
1214
1207
1201
1192
1183
1172
1166
1162
1164
1170
1168
1166
1155
1145
1127
1102
1070
1031
989
949
905
856
800
740
674
607
535
457
373
292
213
138
70
7
-49
-104
-154
-203
-248
-291
-328
-359
-384
-406
-425
-443
-461
-486
-518
-560
-613
-678
-745
-811
-872
-931
-982
-1025
-1060
-1089
-1112
-1130
-1146
-1156
-1169
-1174
-1184
-1185
-1182
-1169
-1149
-1120
-1085
-1045
-1001
-956
-913
-871
-832
-793
-755
-717
-679
-643
-606
-574
-544
-519
-501
-484
-474
-459
-451
-438
-431
-422
-414
-405
-391
-375
-352
-323
-294
-264
-238
-206
-172
-133
-92
-50
-6
39
92
149
209
273
331
399
467
544
618
692
762
830
901
971
1041
1102
1151
1189
1215
1236
1245
1244
1232
1209
1180
1151
1127
1103
1083
1058
1032
1002
972
940
909
877
846
811
778
741
705
667
630
588
543
499
456
418
382
349
313
281
249
222
199
177
152
125
94
63
30
-7
-46
-89
-135
-182
-226
-273
-319
-370
-420
-469
-517
-564
-610
-651
-690
-726
-759
-789
-815
-837
-854
-865
-869
-869
-866
-860
-854
-845
-831
-816
-799
-787
-771
-758
-742
-723
-702
-678
-653
-626
-597
-563
-529
-498
-469
-444
-417
-394
-373
-355
-339
-324
-308
-291
-275
-262
-252
-241
-227
-214
-198
-185
-171
-156
-136
-108
-80
-49
-18
15
51
88
128
166
205
239
275
310
344
380
413
447
476
503
529
554
578
602
625
644
659
672
684
695
705
711
714
715
713
711
712
712
711
708
703
700
696
692
686
678
666
653
638
619
597
569
534
498
459
419
378
339
300
262
226
189
151
111
68
26
-14
-49
-82
-112
-139
-165
-189
-213
-234
-257
-280
-301
-322
-344
-365
-386
-409
-432
-454
-474
-491
-508
-521
-535
-546
-557
-567
-575
-580
-582
-584
-587
-589
-592
-592
-591
-588
-584
-580
-575
-569
-560
-550
-536
-519
-501
-483
-466
-451
-436
-422
-406
-387
-366
-343
-317
-291
-264
-235
-207
-178
-150
-123
-98
-73
-47
-22
7
35
66
94
123
150
174
193
209
221
231
240
250
258
265
273
278
282
286
290
292
294
297
301
304
306
307
310
311
314
315
316
316
316
314
312
310
308
305
301
297
292
288
281
274
268
261
257
254
252
249
244
237
228
218
206
193
179
165
150
137
122
108
94
80
64
49
33
17
3
-12
-21
-30
-37
-43
-47
-51
-55
-59
-62
-68
-74
-81
-86
-92
-97
-101
-106
-113
-120
-128
-136
-146
-156
-166
-175
-183
-189
-192
-193
-191
-190
-187
-183
-178
-173
-168
-162
-155
-148
-141
-134
-128
-123
-117
-112
-107
-101
-94
-86
-80
-72
-63
-53
-42
-29
-15
0
16
31
48
64
80
95
108
122
134
147
159
170
181
191
199
204
208
210
212
212
209
206
201
197
191
184
177
168
157
146
134
121
109
97
87
75
65
53
41
30
16
1
-12
-25
-37
-49
-59
-67
-75
-83
-90
-97
-103
-111
-116
-123
-129
-134
-137
-140
-143
-146
-148
-152
-153
-156
-158
-161
-163
-164
-166
-167
-167
-168
-167
-167
-166
-164
-160
-157
-154
-150
-147
-144
-141
-138
-135
-133
-132
-129
-128
-126
-125
-125
-125
-124
-123
-122
-120
-119
-118
-118
-117
-116
-113
-108
-101
-93
-82
-70
-56
-44
-33
-21
-10
2
13
27
43
60
81
101
121
140
158
174
189
201
213
224
233
242
251
258
265
269
274
278
283
285
288
291
293
294
294
293
291
288
286
282
278
275
270
265
261
254
248
239
231
222
212
203
194
185
176
165
156
143
131
118
104
89
74
60
44
30
15
-1
-17
-35
-53
-72
-92
-113
-133
-151
-168
-185
-202
-217
-233
-247
-262
-276
-291
-302
-312
-322
-330
-336
-341
-344
-346
-347
-347
-348
-349
-347
-345
-343
-338
-333
-326
-321
-313
-306
-297
-289
-280
-271
-262
-252
-245
-234
-226
-216
-206
-197
-187
-178
-168
-159
-148
-139
-127
-115
-104
-89
-75
-60
-44
-26
-10
6
23
39
54
71
87
103
119
135
150
167
182
197
211
226
238
251
263
274
284
294
303
311
317
322
326
330
332
333
334
333
332
330
328
325
322
318
314
308
302
296
288
282
274
265
257
249
239
231
222
212
201
191
180
168
155
142
130
117
104
91
77
64
52
37
24
11
-3
-18
-31
-45
-58
-73
-87
-101
-114
-127
-141
-153
-166
-177
-189
-200
-211
-222
-231
-239
-248
-254
-261
-267
-273
-277
-281
-285
-288
-291
-291
-292
-290
-288
-285
-281
-275
-270
-263
-255
-249
-241
-234
-225
-216
-208
-198
-189
-179
-171
-161
-152
-143
-134
-124
-115
-106
-96
-87
-78
-69
-59
-50
-40
-29
-19
-8
2
13
23
35
44
53
63
72
80
90
100
108
118
128
136
144
153
159
167
173
179
183
189
195
200
204
209
213
215
218
219
219
218
218
217
215
213
212
209
205
202
197
193
187
181
175
169
161
154
146
138
130
122
114
106
97
89
81
73
63
55
46
37
28
20
10
1
-6
-15
-22
-28
-36
-43
-48
-55
-62
-67
-74
-78
-84
-89
-93
-97
-100
-102
-106
-107
-108
-111
-112
-113
-114
-114
-115
-115
-114
-114
-113
-113
-113
-112
-111
-110
-109
-106
-105
-103
-99
-97
-93
-90
-86
-82
-78
-73
-68
-64
-58
-54
-47
-43
-38
-33
-29
-25
-21
-17
-15
-11
-8
-4
-1
3
6
8
11
14
17
21
23
26
29
32
35
39
42
44
46
48
51
52
54
55
57
57
58
58
58
57
57
56
56
54
53
52
50
48
47
45
43
41
38
36
34
31
30
26
25
21
18
16
13
10
8
4
2
-1
-4
-6
-8
-11
-12
-13
-16
-18
-18
-20
-22
-22
-23
-23
-24
-25
-26
-26
-26
-26
-27
-27
-27
-27
-28
-27
-28
-29
-29
-29
-30
-30
-30
-30
-31
-31
-31
-31
-30
-29
-29
-29
-27
-27
-26
-25
-23
-22
-19
-18
-17
-15
-13
-11
-9
-8
-5
-3
-2
1
2
5
6
8
11
12
14
16
18
18
20
21
23
24
26
27
28
28
30
30
30
31
31
31
32
31
32
31
31
31
31
30
31
30
29
28
27
27
26
24
23
24
22
21
21
19
18
16
16
14
14
12
11
9
8
7
6
6
3
2
1
1
0
-1
-2
-3
-4
-5
-6
-7
-8
-8
-9
-11
-12
-13
-13
-15
-15
-17
-17
-18
-19
-20
-21
-22
-23
-24
-24
-24
-25
-25
-25
-25
-24
-25
-25
-23
-23
-22
-21
-21
-20
-19
-20
-18
-19
-17
-17
-17
-16
-15
-14
-14
-14
-12
-11
-10
-10
-9
-8
-7
-7
-6
-4
-4
-2
-1
-1
0
1
2
3
4
5
5
6
5
8
7
9
9
10
10
10
11
12
12
12
12
12
13
13
13
14
13
13
13
13
13
13
13
13
13
13
12
12
12
12
11
12
11
11
12
11
11
10
10
9
10
9
9
9
8
8
8
6
6
5
5
4
3
3
2
1
0
0
-2
-2
-4
-4
-5
-6
-6
-6
-7
-7
-8
-8
-8
-8
-8
-8
-8
-8
-8
-8
-8
-7
-7
-7
-7
-6
-6
-5
-5
-5
-5
-6
-5
-5
-4
-5
-5
-4
-5
-5
-5
-4
-5
-4
-4
-3
-4
-4
-3
-3
-3
-3
-3
-2
-1
-2
-1
0
0
0
0
1
1
2
2
1
3
3
3
4
3
4
4
5
5
4
5
6
6
7
7
7
7
8
7
7
8
7
7
7
8
8
8
7
7
7
6
6
6
7
5
5
5
4
4
3
3
2
2
2
1
1
0
-1
-1
-2
-1
-2
-2
-3
-4
-4
-3
-4
-4
-4
-6
-4
-4
-5
-6
-5
-5
-5
-5
-5
-5
-5
-4
-4
-5
-4
-3
-4
-3
-3
-4
-3
-3
-4
-4
-3
-2
-2
-2
-4
-3
-3
-2
-2
-2
-2
-1
-1
-1
-1
-1
-1
0
0
-1
0
0
1
0
1
1
1
1
1
2
1
2
2
2
2
2
2
3
3
2
3
2
3
2
3
2
3
3
3
2
3
2
3
3
3
2
2
3
2
2
2
2
2
2
3
2
2
3
2
2
3
2
2
2
3
1
2
1
2
2
1
1
1
2
0
1
1
0
0
-1
0
0
-1
-1
-1
-1
-1
-1
-1
-1
-2
-2
-3
-3
-2
-3
-3
-3
-2
-3
-3
-3
-4
-4
-3
-4
-4
-4
-4
-5
-5
-4
-4
-5
-5
-4
-5
-4
-5
-5
-5
-4
-5
-5
-4
-4
-4
-4
-3
-3
-3
-3
-2
-2
-2
-1
0
0
0
1
1
3
2
3
3
4
4
5
5
4
5
5
5
5
4
5
5
5
5
4
5
5
4
4
4
3
3
3
4
3
3
3
2
3
2
2
2
1
1
2
2
1
1
2
2
3
3
3
3
2
2
2
2
2
2
2
2
2
1
1
1
1
0
0
1
0
-1
-1
-1
-1
-1
-2
-3
-3
-2
-2
-3
-3
-3
-3
-4
-3
-4
-3
-4
-4
-4
-4
-4
-4
-3
-4
-4
-3
-3
-3
-3
-3
-2
-3
-2
-1
-2
-2
-1
-2
-1
-1
0
-2
0
1
0
0
0
0
-1
1
0
0
1
1
1
1
1
1
0
0
1
0
1
1
1
1
1
0
1
0
0
0
0
0
0
1
1
0
1
0
1
1
1
1
1
1
1
1
1
2
1
2
2
1
2
2
2
2
1
2
2
2
2
2
3
2
2
2
1
2
2
1
2
1
1
1
2
2
1
1
0
0
1
0
0
1
0
0
0
-1
-1
0
-1
-1
-1
-1
-1
-1
-1
-2
-1
-1
-2
-1
-2
-1
-1
-1
-2
-1
-1
-1
-2
-2
-2
-1
-1
-2
-2
-1
-2
-1
-1
-1
-2
-1
-1
-1
-1
-1
-1
-1
-1
-1
-1
-1
-1
-1
0
0
0
0
0
0
0
1
1
0
1
1
0
1
1
1
2
2
1
1
2
1
1
2
1
2
1
2
2
1
1
2
2
2
2
2
1
1
1
1
1
0
1
1
1
1
1
1
1
0
1
1
1
0
0
0
0
0
1
0
1
0
0
0
1
0
-1
-1
-1
-2
0
0
-1
-1
-1
-1
-1
-2
-2
-1
-2
-2
-2
-1
-2
-2
-2
-2
-2
-3
-2
-2
-2
-3
-2
-2
-2
-2
-1
-2
-2
-2
-2
-2
-1
-1
-1
-1
-1
-1
0
0
0
0
0
0
0
1
1
2
0
1
1
1
1
1
2
0
1
2
1
2
2
2
1
1
2
2
1
2
2
2
1
1
1
2
1
1
1
1
0
1
1
1
1
1
1
0
1
0
0
0
1
0
1
1
-1
0
1
1
0
0
0
1
0
0
1
1
0
-1
0
0
0
1
0
0
0
0
0
1
0
1
0
-1
0
-1
0
0
-1
0
-1
-1
0
0
0
-2
0
-1
-1
0
-1
-1
-1
0
-1
-1
0
0
-1
-1
-1
-1
-1
0
-1
0
-1
-1
-1
-1
0
-1
0
-1
-1
-1
0
0
-1
-1
-1
-1
0
-1
-1
0
-1
0
0
-1
-1
-1
-1
0
0
0
-1
0
-1
0
0
0
-1
-1
-1
0
1
0
-1
0
0
0
0
0
0
-1
0
1
0
0
1
0
1
0
1
0
0
1
1
1
0
0
1
0
1
1
0
1
0
2
0
0
1
1
1
1
0
0
1
1
1
1
1
1
1
1
1
0
1
0
0
1
1
0
0
0
0
1
1
1
0
0
1
1
0
0
1
0
0
-1
-1
0
0
0
0
-1
0
0
-1
-1
0
-1
-1
0
0
-1
0
0
-1
-1
-1
-1
0
0
-1
-1
-1
-1
-1
-1
0
-1
-1
-1
0
0
-1
-1
0
-1
0
-1
-2
1
-1
-1
-1
-1
0
-1
-1
0
-1
-1
-1
0
0
-1
-1
0
0
0
0
0
0
0
-1
0
0
0
-1
0
1
-1
0
0
0
1
0
0
1
1
0
1
0
0
0
1
1
1
1
0
1
1
0
1
1
1
0
1
1
0
1
1
1
0
1
1
1
1
1
0
1
0
0
0
1
0
1
1
1
0
0
1
0
0
1
0
0
0
1
-1
-1
1
0
0
0
-1
0
0
0
0
0
-1
0
0
0
-1
0
0
0
-1
0
0
0
0
-1
0
0
0
0
0
0
-1
-1
0
-1
0
0
-1
0
0
0
-1
0
0
-1
0
0
0
0
-1
0
0
0
-1
-1
0
0
0
-1
-1
0
-1
1
0
0
1
0
0
0
0
0
0
1
0
-1
0
0
0
1
0
1
0
0
0
0
0
0
1
1
1
0
0
0
0
-1
0
0
0
-1
0
1
1
0
1
0
0
1
1
0
1
0
0
0
0
0
0
0
0
0
0
0
0
1
0
0
0
0
0
0
0
0
0
0
-1
0
-1
0
0
0
0
0
-1
0
0
0
0
0
0
0
0
0
-1
0
0
0
-1
1
1
-1
-1
0
0
0
0
0
0
-1
0
0
0
-1
0
-1
-1
0
0
0
0
0
-1
0
-1
0
0
0
0
-1
0
-1
0
0
0
0
0
-1
0
0
-1
0
1
0
1
0
0
0
0
0
0
1
0
0
0
0
0
1
0
0
0
1
1
0
0
0
0
0
0
0
0
1
1
1
1
0
-1
1
0
0
0
-1
0
0
0
0
1
0
0
0
0
0
0
0
0
0
0
0
0
0
0
0
0
1
1
1
0
-1
0
0
0
0
0
0
1
-1
-1
0
0
0
0
0
1
0
-1
0
0
0
0
0
0
0
0
-1
0
0
0
0
1
0
0
0
0
0
-1
1
1
0
0
0
0
1
0
0
0
0
0
0
0
0
0
0
0
0
1
0
0
1
0
0
0
1
0
0
0
0
0
0
0
0
1
0
1
0
-1
0
0
0
0
-1
0
0
0
0
0
0
-1
1
0
0
0
0
0
-1
1
0
0
0
0
0
0
0
0
0
0
0
0
0
-1
0
-1
0
0
0
0
0
0
0
0
0
1
0
0
0
0
-1
0
-1
0
0
0
0
1
0
0
0
0
0
0
0
-1
0
-1
0
0
1
0
0
0
-1
0
0
0
1
0
0
0
0
0
0
-1
0
1
0
0
0
0
0
0
0
0
-1
0
0
0
0
0
0
0
0
1
0
-1
0
1
0
0
-1
0
0
0
0
0
0
0
0
0
1
0
0
0
0
0
0
0
0
-1
0
0
0
0
0
0
0
0
0
1
0
-1
0
0
0
1
0
0
0
0
1
-1
0
0
0
0
0
0
0
0
-1
0
-1
-1
0
0
0
0
0
0
0
0
0
0
-1
0
-1
0
0
0
0
0
0
-1
0
0
0
0
1
0
0
1
0
0
0
1
0
0
1
0
0
1
1
0
0
0
0
0
0
1
1
1
0
1
0
1
0
0
1
0
0
1
0
1
0
1
0
1
1
0
0
1
0
0
0
-1
0
0
0
0
0
0
-1
-1
0
0
0
-1
1
0
-1
-1
0
0
0
0
0
0
-1
0
0
0
-1
0
0
0
-1
-1
0
-1
0
-1
0
0
0
0
-1
0
0
-1
0
-1
-1
-1
0
0
0
-1
0
0
0
0
0
0
-1
0
0
0
0
0
0
0
-1
0
0
-1
0
0
0
0
0
0
1
0
0
0
0
0
0
-1
-1
0
-1
0
0
0
0
0
0
0
1
0
0
0
1
0
0
0
0
0
0
0
1
0
1
1
0
1
0
0
0
0
0
-1
1
0
0
0
0
0
0
0
0
0
1
0
1
0
0
0
1
0
0
0
0
0
0
0
0
0
0
0
-1
0
0
0
0
1
1
0
1
0
0
0
0
0
0
0
0
0
0
-1
-1
-1
-1
0
0
0
-1
0
-1
0
0
0
0
0
-1
0
-1
0
1
-1
0
1
0
0
-1
0
-1
0
0
0
-1
0
1
-1
0
0
0
0
-1
0
1
0
-1
1
1
0
1
-1
0
0
1
0
0
-1
1
0
0
1
0
0
0
0
1
0
0
0
0
1
0
-1
0
-1
0
1
0
1
-1
0
1
0
0
0
0
0
-1
0
0
0
0
0
0
0
0
0
0
-1
0
1
0
1
0
-1
0
0
1
0
0
0
0
0
0
-1
0
-1
0
0
0
0
0
0
0
1
0
1
0
0
0
0
0
-1
0
0
0
0
0
-1
0
0
0
0
0
0
1
0
0
0
0
1
0
0
0
0
0
0
0
0
0
-1
0
1
0
0
0
0
0
0
0
0
0
0
0
0
0
0
0
0
1
0
0
0
-1
0
0
0
1
0
0
0
-1
0
0
0
0
1
1
0
1
0
0
-1
0
-1
0
0
0
0
0
0
0
0
0
0
0
0
0
1
0
0
0
0
0
0
0
0
0
0
0
0
0
0
0
0
0
0
1
0
0
0
1
0
0
0
0
0
0
0
0
1
1
0
0
1
0
0
0
0
0
1
0
0
-1
1
0
-1
-1
0
0
0
0
0
1
0
1
0
0
0
1
0
-1
0
-1
0
0
-1
0
0
0
-1
0
0
0
0
0
0
0
0
1
-1
0
0
0
0
-1
0
0
0
0
0
1
0
0
0
0
0
0
0
0
1
1
0
0
0
0
0
0
0
0
0
1
0
-1
0
0
0
0
0
0
0
0
0
0
1
0
1
0
1
0
0
0
0
0
0
0
0
0
0
0
0
-1
0
0
0
-1
0
-1
0
0
0
0
0
0
0
-1
1
0
1
0
0
0
0
1
1
0
-1
0
1
-1
0
0
0
0
0
0
0
0
0
0
0
0
0
1
-1
0
0
0
0
0
0
0
-1
0
-1
0
0
0
0
0
-1
0
1
0
0
0
1
0
0
0
0
0
0
0
0
0
0
0
0
0
0
1
0
1
0
-1
-1
-1
0
0
0
0
0
0
0
-1
0
0
1
-1
0
1
0
0
0
0
0
0
0
-1
0
0
0
0
0
0
0
0
0
0
0
0
0
0
0
0
0
0
0
0
0
0
1
0
1
0
0
0
1
0
0
-1
1
0
-1
0
0
-1
0
0
0
0
-1
0
0
0
0
1
0
0
0
1
0
0
1
-1
0
0
0
0
0
0
-1
0
1
0
0
0
1
-1
0
0
0
-1
0
0
0
-1
0
1
0
-1
0
0
-1
-1
0
0
0
0
-1
-1
-1
0
0
0
0
0
0
0
0
0
1
0
-1
0
1
0
1
0
0
0
-1
