0
0
0
0
0
0
0
-1
-1
0
0
0
0
0
0
-1
0
0
-1
0
0
0
0
0
0
0
0
0
0
0
0
0
0
0
0
0
-1
0
0
1
0
0
-1
1
0
0
0
0
0
0
0
0
0
0
-1
1
0
0
-1
0
0
0
1
0
-1
0
0
0
0
0
0
0
1
-1
0
0
0
-1
-1
0
0
0
1
0
0
0
0
0
1
0
-1
-1
0
0
0
0
0
0
0
-1
0
-1
0
1
0
0
0
0
1
0
0
0
0
0
-1
-1
0
0
0
0
-1
0
1
0
1
0
0
0
0
-1
0
0
0
-1
0
0
0
0
0
0
0
0
-1
0
0
0
1
0
1
0
-1
0
1
0
0
-1
0
0
0
0
0
0
1
0
1
0
0
0
0
0
1
0
1
0
0
0
1
0
0
0
0
0
-1
0
0
0
0
0
0
0
0
0
-1
0
0
0
0
0
0
0
0
0
0
1
0
1
0
0
1
0
0
1
0
0
1
0
0
1
0
0
0
0
0
0
0
0
0
0
0
1
0
0
-1
0
0
-1
0
-1
0
0
1
1
0
0
0
-1
0
0
0
0
0
0
1
0
0
-1
0
0
0
0
-1
0
1
0
0
0
0
0
-1
0
0
0
0
0
0
0
1
0
0
0
0
0
-1
0
0
0
0
0
1
0
0
0
0
0
0
0
1
0
-1
0
-1
1
0
0
0
0
-1
0
-1
0
0
0
0
-1
1
0
0
0
1
0
-1
0
1
1
0
-1
0
0
0
0
0
0
0
0
-1
0
0
0
0
1
-1
0
0
-1
0
0
0
0
0
1
1
0
0
0
-1
-1
0
0
0
1
0
0
0
0
0
0
1
0
0
-1
0
0
1
0
0
0
0
0
1
0
0
-1
0
0
0
0
0
0
0
0
1
0
0
0
0
0
0
0
0
1
0
0
0
0
0
0
-1
0
0
0
0
1
0
0
1
0
0
0
1
-1
0
-1
0
0
0
1
0
0
0
0
0
0
1
0
0
0
0
0
0
0
0
0
-1
0
0
0
1
0
0
0
1
0
0
0
0
0
0
0
0
0
0
1
0
1
0
-1
0
0
-1
0
0
0
-1
0
0
0
-1
0
-1
1
-1
1
0
0
0
0
0
1
0
1
0
0
0
0
0
0
0
0
0
0
0
1
0
0
-1
0
0
0
0
0
0
0
0
0
0
-1
0
0
1
0
0
-1
0
0
0
0
0
0
0
0
-1
0
1
0
0
0
0
1
0
0
0
0
0
-1
0
0
-1
0
0
0
0
0
0
0
0
0
0
0
1
1
1
1
0
0
-1
1
0
0
0
0
0
0
0
0
0
0
0
0
1
0
0
1
0
1
0
0
1
0
0
0
0
1
0
0
-1
0
0
1
1
0
0
-1
0
-1
-1
0
0
0
1
1
0
-1
0
1
0
0
0
0
1
0
1
-1
0
1
0
0
0
-1
0
0
0
1
0
-1
0
-1
-1
0
0
1
0
0
0
1
1
0
0
1
1
-1
0
-1
0
0
0
1
0
0
0
0
-1
0
0
-1
0
0
-1
-1
1
0
0
0
0
-1
0
1
0
0
0
-1
1
0
1
0
1
-1
0
0
0
-1
0
0
0
0
0
0
0
0
0
0
0
0
0
0
0
0
0
1
0
0
0
0
1
0
0
0
0
0
0
0
0
0
0
0
0
0
0
0
0
0
0
0
0
1
0
0
0
0
-1
0
0
1
0
0
0
0
0
-1
0
0
0
0
0
0
-1
0
0
-1
0
0
0
-1
0
0
0
0
-1
0
0
0
0
0
0
0
0
0
0
0
0
0
0
0
-1
0
0
0
-1
0
-1
0
-1
0
0
0
0
1
0
0
0
0
-1
1
0
0
0
0
0
1
0
0
0
0
0
0
1
0
0
0
0
-1
0
-1
0
0
0
0
0
0
0
0
0
0
0
0
0
0
0
0
0
1
0
1
1
0
1
0
0
0
0
0
1
0
1
0
0
0
1
0
0
-1
0
0
1
0
-1
0
0
0
0
-1
-1
1
0
0
1
0
0
1
0
0
0
-1
1
0
0
0
0
0
0
-1
0
0
0
0
0
0
0
0
0
0
0
0
0
0
0
0
0
0
0
0
-1
0
-1
0
-1
0
0
0
0
0
-1
0
-1
1
0
0
0
0
0
-1
0
-1
0
-1
0
0
0
0
-1
0
-1
0
1
0
0
0
0
0
0
1
0
0
0
0
0
0
-1
0
0
0
0
0
0
0
0
1
0
1
1
0
0
0
0
0
0
0
0
0
0
1
0
1
0
0
0
0
0
0
0
1
0
0
0
1
0
1
1
0
0
0
0
-1
0
0
1
0
0
0
0
0
0
0
0
0
0
0
0
0
-1
0
0
0
0
0
0
0
0
0
-1
0
1
0
0
0
0
0
-1
0
-1
1
0
0
0
0
0
0
0
0
0
0
0
0
0
0
0
0
1
-1
1
0
0
0
-1
1
-1
1
0
1
-1
1
0
0
1
-1
0
0
-1
1
-1
0
1
-1
1
-1
2
-1
0
0
-1
2
-3
0
0
0
1
0
0
1
-2
2
-3
2
-2
1
0
-1
2
-2
3
-2
1
-1
0
0
-1
1
-2
1
-1
0
1
-2
3
-2
1
0
-1
2
-3
2
-1
-1
2
-2
2
-1
0
1
-3
3
-3
3
-2
-1
3
-4
5
-5
3
0
-2
4
-4
6
-5
5
-4
3
-2
0
1
-4
5
-4
4
-4
2
-1
1
-2
3
-4
5
-5
5
-4
4
-2
0
3
-6
6
-7
7
-5
4
-3
2
-3
3
-4
3
-1
-1
5
-7
8
-9
11
-10
6
-2
-4
7
-9
10
-7
5
-2
0
2
-4
5
-6
6
-4
1
3
-5
5
-5
3
-1
0
2
-3
4
-3
1
0
-2
3
-4
4
-2
-1
3
-4
4
-3
1
1
-3
4
-4
3
-4
4
-4
4
-2
-2
6
-9
9
-7
3
1
-4
6
-7
6
-4
0
4
-4
3
0
-3
5
-6
3
-2
1
-1
5
-7
7
-5
0
4
-5
5
-4
3
-3
3
-4
2
-2
2
-5
7
-8
9
-7
4
0
-2
5
-6
6
-7
8
-8
6
0
-4
7
-7
6
-1
1
0
0
1
-2
3
-2
0
2
-4
7
-11
9
-7
2
6
-11
16
-15
9
0
-8
12
-14
7
-1
-6
11
-8
7
-8
5
-5
1
2
-1
6
-4
0
-1
1
-2
2
3
1
-2
3
-8
11
-14
15
-9
2
4
-9
14
-13
10
-8
6
-8
9
-5
6
-2
3
-12
10
-9
7
4
-12
18
-22
20
-16
13
-8
7
-9
5
1
3
-2
7
-12
3
1
0
8
-9
8
-17
14
-14
17
-5
-2
3
-9
-5
22
-24
26
-9
-13
17
-29
22
2
-10
25
-28
13
-1
-11
13
-9
0
6
3
-2
2
-4
-4
3
-3
-1
11
-11
8
-4
1
9
-13
-2
5
-17
27
-12
24
-19
2
-14
-3
11
-5
19
-6
-8
5
-22
37
-31
18
-3
-15
20
-26
34
-21
16
-16
-4
14
-18
27
-26
28
-34
19
-4
-3
20
-22
13
-23
27
-34
54
-43
21
-12
-13
15
-10
21
-16
25
-30
24
-31
14
-17
17
-12
22
-10
12
-3
-23
27
-53
52
-41
44
-16
12
-21
8
-12
-6
26
-27
51
-56
54
-68
60
-58
46
-6
-16
41
-68
69
-62
53
-38
35
-41
26
-1
0
9
-9
-7
3
-12
19
6
-28
55
-72
67
-73
68
-48
36
-19
9
0
-19
29
-35
41
-42
40
-26
7
-3
3
-3
10
-12
27
-36
22
-3
-15
34
-32
15
7
-40
54
-40
30
13
-40
32
-51
23
9
-7
30
-19
9
-10
-10
7
-9
11
3
-6
9
-5
-17
41
-38
30
-23
14
-12
-8
25
-18
21
-24
22
-27
23
-8
10
-11
-7
12
-25
44
-28
18
-2
-32
31
-26
23
0
-6
7
-18
14
-7
9
-7
-12
24
-33
40
-30
32
-13
-14
20
-42
34
-30
30
3
3
3
-8
-14
-9
15
-9
30
-29
17
-5
-9
18
-9
3
-17
21
-22
25
-18
13
2
-14
6
2
4
-11
27
-29
25
-42
33
-21
23
-2
-8
31
-55
37
-24
18
-11
15
-6
-9
16
-23
31
-25
20
-24
18
-21
19
5
-13
21
-32
24
-20
21
-1
-6
14
-22
11
-13
11
-5
-5
39
-34
13
-7
-4
3
-11
26
-34
31
-12
-10
35
-37
38
-29
-1
14
-35
37
-17
16
-22
39
-34
21
-16
-2
2
-19
25
4
5
0
11
-43
15
-5
-1
22
-2
-14
25
-26
5
20
-35
23
-19
-2
32
-31
37
-20
4
-5
-6
-6
4
15
-28
51
-47
33
-11
-18
13
-17
25
-25
45
-43
30
-13
-27
55
-71
65
-36
18
0
-8
10
-16
18
-34
37
-26
5
27
-18
6
-10
-2
-11
17
-11
14
-3
7
5
-30
32
-46
47
-38
31
-6
-5
17
-44
52
-64
71
-69
72
-60
49
-19
-21
52
-104
108
-85
80
-39
7
10
-35
43
-59
79
-68
43
-14
-15
24
-50
65
-57
66
-48
34
-14
-34
37
-39
46
-43
53
-35
7
25
-73
100
-105
100
-78
33
7
-49
85
-93
104
-92
65
-45
1
27
-29
38
-37
27
-42
50
-38
27
-12
-6
9
9
-18
25
-25
0
19
-45
58
-53
65
-49
38
-20
-17
21
-37
35
-23
35
-29
44
-56
33
-20
-13
49
-49
71
-73
38
-30
8
-3
23
0
-22
35
-52
50
-48
40
-3
-33
40
-41
34
-8
-7
38
-62
38
-32
15
10
-15
44
-63
79
-88
57
-37
1
39
-63
104
-114
109
-107
71
-50
22
20
-45
81
-94
89
-84
65
-66
69
-44
10
22
-50
64
-74
89
-95
92
-61
31
-1
-54
50
-51
55
2
-21
49
-57
4
6
-12
15
0
30
-58
61
-72
71
-42
-6
42
-51
62
-42
24
-26
-3
11
-19
54
-56
54
-28
-8
40
-80
83
-59
-10
79
-67
20
15
-24
30
-7
-23
23
-34
-13
57
-62
85
-47
22
-11
-22
19
-36
21
-7
-1
25
-8
21
-5
-31
25
-61
53
-34
60
-44
17
2
-21
41
-58
63
-94
93
-54
42
23
-78
87
-111
87
-54
38
-1
-18
22
-27
3
22
-29
58
-65
70
-76
20
21
-42
73
-94
106
-92
56
1
-36
58
-82
64
-48
7
37
-50
79
-64
31
-6
-46
49
-63
91
-66
69
-45
17
-22
14
-23
4
14
-12
13
-12
27
-35
60
-81
81
-73
34
0
-22
50
-78
86
-70
44
-15
7
-4
4
-15
20
-9
-23
54
-71
80
-71
41
-24
10
14
-18
29
-27
14
-13
-4
-4
3
-10
41
-43
59
-48
32
-15
-19
5
-4
-20
41
-11
4
6
-16
1
2
16
-24
36
-62
62
-60
46
-6
-18
27
-25
8
16
-27
16
-6
-9
6
14
-19
25
-5
-25
32
-58
67
-52
44
-17
5
-26
48
-56
60
-23
-20
24
-49
42
-11
19
-31
44
-58
66
-38
18
10
-65
72
-74
57
-24
35
-18
26
-42
17
-32
5
56
-77
104
-112
93
-76
51
8
-55
103
-120
89
-62
10
9
-53
86
-71
64
5
-42
52
-40
1
27
-77
54
-33
-8
76
-58
65
-55
32
-36
-8
35
-50
81
-70
33
5
-54
95
-114
114
-89
44
-2
-21
55
-94
124
-142
126
-107
63
4
-57
112
-112
111
-99
75
-83
30
19
-69
106
-80
53
-37
30
-8
8
13
-33
12
-19
-34
60
-46
55
-18
20
-5
-19
-4
-29
40
-65
103
-66
75
-71
38
-33
-20
47
-36
59
-72
78
-86
83
-104
97
-68
54
-8
14
-4
-51
40
-83
105
-114
158
-118
85
-31
-24
35
-51
54
-69
56
-35
27
-31
31
6
-35
73
-86
85
-107
71
-30
22
-5
7
-10
-17
22
-40
60
-38
12
14
19
-55
63
-88
62
-36
0
33
-48
73
-64
53
-3
-47
31
-5
-11
6
-8
17
-2
-19
8
9
-38
69
-108
150
-134
80
21
-99
126
-154
125
-92
43
11
-12
-1
2
-1
13
1
1
-8
-20
-2
-13
51
-47
65
-76
65
-53
10
36
-56
65
-77
78
-50
-8
77
-100
99
-81
33
-12
-27
69
-91
92
-30
4
-28
75
-123
117
-79
29
1
-54
109
-126
139
-81
26
-3
-46
49
-40
37
-12
47
-77
63
-44
-9
49
-73
80
-48
11
56
-111
125
-144
108
-64
51
-3
-12
34
-93
87
-75
39
32
-86
125
-97
36
36
-84
96
-108
71
-11
-51
99
-85
74
-62
13
31
-59
61
-23
-19
64
-97
101
-94
24
78
-163
237
-254
201
-106
-2
114
-183
203
-196
143
-89
6
57
-69
89
-72
54
-48
3
64
-112
134
-110
43
11
-66
91
-86
88
-69
33
34
-78
111
-120
81
-67
11
62
-111
142
-109
75
-31
-25
41
-24
17
-6
-11
4
-9
-9
57
-97
128
-128
100
-31
-48
103
-128
120
-101
55
-1
-25
17
23
-45
57
-65
62
-47
5
14
-32
58
-70
107
-114
106
-121
120
-107
64
21
-109
139
-159
162
-120
101
-65
36
-50
24
28
-74
88
-107
170
-204
191
-108
-16
93
-134
112
-32
-57
113
-110
116
-108
72
-45
-32
109
-147
183
-182
138
-101
91
-66
22
22
-75
100
-129
150
-120
88
-51
10
2
7
-23
66
-82
39
7
-93
177
-216
253
-226
174
-109
-1
94
-172
191
-153
123
-72
29
-26
6
15
-24
56
-59
20
9
-35
33
-24
50
-63
39
17
-92
135
-139
96
-21
-33
60
-99
150
-198
210
-141
24
64
-97
80
-29
-8
47
-96
76
-49
40
-14
-18
133
-242
253
-222
157
-119
101
-17
-119
244
-282
237
-150
68
-8
-12
-31
67
-82
100
-97
79
-25
-39
74
-120
157
-181
199
-157
108
-76
17
8
-30
71
-87
92
-57
-5
46
-54
30
-17
13
8
-33
28
5
-21
29
-61
58
-26
2
57
-93
105
-115
89
-75
51
-6
-13
38
-99
126
-120
167
-167
124
-107
46
0
-21
68
-83
35
12
13
-99
187
-225
205
-158
76
53
-152
171
-123
61
-51
41
-21
13
30
-25
9
-52
36
-7
28
-27
-1
13
-48
69
-46
25
62
-172
210
-193
88
58
-184
228
-179
89
4
-19
0
58
-181
231
-187
85
25
-117
199
-227
188
-72
-50
88
-94
107
-95
50
60
-206
258
-255
225
-160
85
26
-94
128
-144
134
-132
85
-53
27
25
-69
151
-181
140
-68
-12
36
-33
62
-110
102
-78
59
-12
-13
33
-46
51
-41
33
-52
30
-27
21
77
-150
134
-99
89
-90
38
51
-134
224
-257
201
-139
28
100
-169
211
-209
169
-103
26
38
-124
185
-154
72
-5
-40
52
-24
11
5
-30
46
-63
38
7
-42
73
-75
34
4
-29
43
-40
64
-63
18
17
-87
145
-156
136
-70
36
-38
51
-41
-40
107
-121
117
-98
31
47
-103
107
-33
-8
19
-47
98
-151
147
-99
24
50
-79
73
-93
128
-97
31
67
-166
173
-97
-49
144
-121
58
-6
-4
7
1
-18
-42
94
-129
201
-210
140
-43
-14
7
14
-19
-41
79
-70
79
-85
112
-87
10
21
-7
7
-43
64
-95
96
-51
19
74
-154
149
-98
-20
114
-143
166
-143
92
-24
-62
102
-134
159
-127
114
-134
124
-68
-23
84
-94
95
-109
97
-33
-25
81
-106
82
-57
-10
71
-75
46
-14
16
14
-46
26
4
-61
114
-95
6
94
-156
167
-115
17
46
-67
101
-112
84
-42
-1
-5
31
-43
53
-46
50
-24
-59
127
-175
184
-170
156
-72
-53
135
-145
106
-49
14
-23
-30
62
-4
-40
76
-77
62
-75
81
-48
4
42
-122
185
-243
213
-118
93
-6
-75
84
-90
62
-41
53
-83
53
-35
36
10
-49
120
-149
140
-113
24
60
-127
99
-22
-26
-1
80
-120
171
-174
132
-48
-71
136
-155
115
-66
38
-23
-28
63
14
-84
155
-173
133
-137
72
48
-145
169
-105
21
91
-183
184
-73
-93
177
-179
164
-154
175
-155
93
-47
4
42
-129
204
-258
275
-239
203
-112
15
57
-89
79
-92
74
-98
113
-108
181
-212
216
-179
78
23
-163
296
-389
404
-306
179
-94
38
-5
6
11
-38
49
-63
91
-89
108
-135
107
-59
-37
80
-78
97
-78
68
-28
2
-3
-9
28
-80
112
-145
171
-207
226
-180
87
35
-145
246
-256
198
-77
-61
99
-91
12
54
-96
144
-167
202
-177
151
-119
79
-44
-8
8
-58
150
-268
347
-316
251
-157
96
-34
-75
189
-291
330
-275
159
-32
-128
239
-284
295
-233
136
4
-177
343
-398
336
-251
109
66
-237
336
-337
287
-188
138
-108
59
-23
-39
144
-244
263
-245
179
-81
27
20
-27
62
-129
166
-200
194
-215
232
-220
188
-65
-41
151
-235
264
-294
286
-265
154
20
-186
280
-276
263
-225
235
-248
172
-72
-65
171
-214
184
-154
187
-222
235
-180
115
-77
70
-73
22
45
-84
72
-20
-63
103
-100
55
46
-74
54
14
-31
-37
73
-121
104
-88
76
-9
-65
139
-161
201
-159
52
54
-173
164
-117
13
62
-87
103
-29
-10
112
-191
192
-248
221
-178
73
96
-224
336
-381
370
-242
86
52
-164
207
-291
304
-260
178
-61
-20
53
-17
53
-64
92
-111
19
-26
43
-107
124
-37
-11
84
-104
185
-238
189
-139
14
20
-4
10
2
17
-35
80
-93
47
7
-96
214
-273
293
-261
93
48
-153
187
-127
116
-5
-126
197
-215
76
0
-69
146
-197
267
-210
143
-30
-96
166
-289
301
-228
150
-53
1
52
-54
122
-156
110
-145
56
34
-90
152
-115
39
28
-45
95
-173
265
-338
252
-82
-96
269
-336
341
-257
100
37
-159
203
-230
215
-83
-57
189
-253
210
-196
211
-203
106
5
-90
192
-168
129
-98
1
65
-132
173
-249
303
-212
70
91
-179
245
-302
277
-216
27
130
-183
148
-73
61
-29
81
-114
75
-71
47
-14
-20
33
-79
126
-97
30
30
-41
-27
97
-188
277
-316
344
-289
240
-133
-26
149
-225
179
-116
149
-243
338
-435
412
-362
320
-269
272
-147
18
12
-36
66
-102
149
-299
433
-479
470
-344
253
-183
78
23
-128
181
-218
250
-263
249
-249
256
-258
241
-207
242
-276
241
-90
-98
281
-488
579
-568
478
-342
211
-107
-47
206
-217
230
-135
34
-57
100
-208
235
-216
158
-138
215
-226
153
20
-162
235
-212
124
-121
154
-201
220
-249
210
-184
211
-102
10
110
-228
224
-216
208
-198
247
-342
330
-251
59
204
-314
322
-192
57
-65
99
-189
242
-153
142
-169
174
-236
161
-6
-136
303
-310
188
-32
-148
192
-119
23
111
-203
266
-305
245
-217
229
-219
163
-131
114
-95
32
174
-252
220
-173
93
-56
65
-82
70
-102
72
-67
108
-78
127
-41
-156
189
-245
245
-228
250
-160
87
-16
-18
39
-104
137
-221
291
-317
264
-113
-53
162
-213
261
-218
208
-156
-10
103
-230
289
-308
303
-116
-36
116
-160
189
-293
364
-297
79
122
-237
254
-215
225
-220
205
-141
127
-80
-20
47
-118
126
-161
182
-172
165
-57
-19
130
-176
109
-14
-145
229
-195
153
-59
-63
72
-57
78
-81
102
-89
75
-79
94
-180
202
-151
54
65
-144
230
-320
316
-256
214
-111
17
65
-160
186
-173
171
-126
70
1
-55
81
-74
-35
80
-125
118
-26
2
-5
16
53
-155
228
-234
148
-39
-82
185
-255
227
-131
37
112
-224
277
-349
362
-275
143
-10
-69
125
-135
44
73
-195
269
-229
186
-115
-19
148
-211
208
-221
181
-116
-6
80
-47
27
58
-6
-37
89
-146
6
56
-167
184
-135
128
-7
-45
107
-147
191
-213
73
71
-207
253
-201
152
-102
49
34
-85
92
-129
108
-30
-10
128
-187
99
-21
-117
195
-212
232
-143
3
129
-126
33
31
-95
113
-112
89
-10
-37
40
-39
-22
-22
123
-131
130
-40
17
-100
175
-275
314
-256
164
-41
-155
239
-236
235
-144
107
-106
139
-148
73
-5
-88
137
-176
164
-73
-81
171
-113
48
29
-26
-27
-32
38
-41
106
-67
82
-38
-105
215
-355
369
-292
178
7
-155
261
-227
139
-52
-34
-38
77
-162
245
-208
219
-183
182
-202
146
-44
-96
197
-253
173
-79
62
-21
108
-238
353
-483
495
-438
208
151
-371
543
-565
417
-273
59
85
-145
106
30
-94
100
-34
-54
70
-63
71
8
-66
51
-38
-43
72
-152
261
-349
361
-193
58
58
-85
160
-266
240
-248
200
-182
211
-163
153
-203
256
-207
112
-4
-142
130
-150
247
-235
230
-170
70
-61
182
-356
407
-337
148
79
-150
207
-187
110
-84
60
-91
21
38
-67
54
-2
-28
172
-271
260
-153
4
-3
114
-129
38
39
-124
179
-263
340
-300
173
20
-135
182
-199
169
27
-215
168
-30
-170
257
-258
101
105
-95
101
-18
-111
82
-95
48
-88
183
-55
-5
197
-297
263
-305
143
44
-257
404
-397
244
-57
-153
336
-303
233
-80
11
-2
-81
91
-102
-15
203
-322
296
-174
71
76
-187
342
-479
498
-470
353
-169
-32
199
-310
346
-307
164
31
-120
75
27
41
-192
225
-224
85
-10
6
16
20
-36
83
-21
-89
146
-110
-45
80
-22
0
-16
208
-329
291
-157
-76
139
-182
128
-48
74
-89
68
21
-238
471
-462
402
-226
-34
268
-395
475
-515
455
-408
256
-130
-19
31
-51
111
-81
227
-195
152
-160
112
-253
350
-323
241
-74
-2
78
-218
272
-452
524
-475
488
-332
175
14
-244
428
-543
506
-334
155
-22
-153
274
-367
389
-320
184
-6
-206
433
-494
410
-280
1
107
-135
101
12
-102
230
-124
81
102
-210
125
-89
-78
87
14
-33
119
44
-244
245
-263
38
160
-284
441
-469
339
-181
-23
116
-176
325
-368
435
-261
-34
273
-403
322
-54
-250
448
-504
278
33
-186
242
-39
-202
287
-336
276
-258
97
-42
-109
286
-363
669
-710
704
-536
125
203
-579
686
-558
251
133
-284
229
58
-330
543
-531
373
-304
126
-31
-107
193
-336
461
-355
343
-252
207
-321
337
-274
181
23
-140
217
-203
45
48
-140
105
-17
-21
171
-219
325
-394
402
-400
302
-169
-114
336
-425
405
-395
327
-346
289
-118
55
31
-110
92
-158
213
-231
191
-250
282
-185
138
-163
290
-259
271
-238
95
192
-517
744
-670
416
-100
-53
76
-64
29
-53
168
-223
343
-273
85
86
-268
282
-341
243
-215
178
-103
27
52
-49
-13
101
-122
-63
166
-268
535
-609
522
-416
73
102
-189
253
-147
98
-83
190
-422
485
-529
486
-428
300
-57
-156
260
-285
234
-134
155
-248
322
-400
537
-443
381
-191
-107
225
-299
163
-20
-125
246
-1
-217
593
-768
698
-590
189
194
-597
720
-670
673
-356
323
-181
-83
281
-521
567
-502
304
-213
193
-120
71
87
-311
269
-289
236
-105
214
-274
337
-375
267
-196
1
146
-270
323
-225
76
230
-241
191
-125
-68
109
-122
113
-9
-5
-30
91
-91
-107
231
-301
288
-210
189
-67
-260
440
-550
347
-61
-148
188
-175
225
-326
497
-429
138
268
-701
698
-547
371
-199
117
138
-351
410
-267
-38
309
-241
59
301
-537
348
-71
-220
231
-159
186
-70
232
33
-327
553
-496
77
95
-276
171
44
23
-56
238
-217
-173
484
-701
313
112
-315
413
-363
317
-546
481
-287
-133
630
-788
584
-152
-290
392
-379
171
-277
149
9
-335
610
-900
677
-268
-391
678
-649
339
-104
-217
240
-144
134
224
-213
512
-336
383
85
-13
338
-102
357
36
-2
495
-280
425
-89
66
315
-448
545
-422
85
153
-348
342
-37
-210
390
-536
289
-358
-199
248
-500
340
-472
194
-457
46
-298
-143
-6
-506
364
-565
232
-259
18
-29
-245
197
-229
209
150
-65
229
-177
-2
243
-352
563
-271
340
25
-123
432
-584
464
-244
294
-191
435
-345
400
-120
86
7
-78
399
-129
565
-165
431
-253
88
323
-297
545
-187
308
-244
454
-118
-328
400
-838
345
-517
-56
-189
-327
-100
-467
120
-612
114
-383
-16
-100
132
-62
-110
45
-178
252
-387
609
-22
67
144
-26
138
-241
371
59
382
417
374
384
410
51
583
-517
374
-423
302
-430
-6
194
-1025
630
-666
169
-116
-109
-153
35
-257
-154
-2
-564
132
-429
414
-281
156
182
-106
175
-47
48
-263
117
9
-277
145
-314
-50
-22
-437
287
-430
94
175
-69
424
-57
439
-9
119
63
-57
163
141
128
268
402
124
422
147
47
235
-13
167
-145
270
-199
-27
135
-294
230
-325
177
-104
63
142
-410
183
-599
-160
-305
-212
-237
54
-2
-253
180
-110
-1
-252
84
-272
125
-368
-58
-515
-337
-141
-551
221
-754
79
-423
-54
-269
-188
-131
-186
260
-49
690
-27
637
138
618
288
495
406
552
813
631
986
246
808
-111
491
419
56
361
259
-153
6
-65
-388
50
-495
-91
-313
-349
-517
-480
-217
-541
-81
-244
-559
-310
-596
-488
-392
-510
-351
-744
-384
-897
-582
-535
-711
-210
-591
-108
-51
-42
140
78
157
370
342
604
548
684
910
783
1421
869
1382
1141
1109
1268
1007
1206
760
1110
473
904
394
429
263
83
472
142
376
-31
156
-120
70
35
-18
-88
-186
-29
-216
-187
-389
-509
-491
-591
-902
-643
-1076
-1005
-952
-1255
-1134
-1591
-1418
-1941
-1693
-2000
-2080
-2093
-2175
-1831
-2125
-1680
-1910
-1917
-1847
-2200
-2088
-2230
-2400
-2278
-2019
-996
83
863
1224
1173
1102
1591
1964
2402
2959
3082
3687
3910
4041
3800
3410
3207
3497
4261
4544
4920
3974
3672
3154
2710
2447
1946
1468
1193
1212
813
638
60
-473
-776
-856
-540
-381
-638
-614
-755
-669
-530
-673
-844
-1135
-1098
-1319
-1251
-1532
-2055
-2093
-2411
-2453
-2582
-3138
-3386
-4190
-4431
-5221
-5760
-6547
-7340
-7610
-8382
-8929
-9831
-8575
-6278
-2159
168
410
-413
-1129
486
2288
3892
4452
5466
7077
9069
10016
9158
7564
6133
5561
6056
6802
7335
6976
5725
3793
1151
-131
-1165
-1883
-2341
-3161
-3040
-2115
-1314
-1283
-1938
-2604
-2604
-1475
-585
303
932
1490
2360
3313
4197
4069
3599
3253
3557
4205
4754
4692
4215
4038
3473
2520
1151
-413
-1576
-2491
-3199
-3547
-3825
-3891
-4754
-5399
-6411
-7188
-7444
-7979
-7943
-8495
-8523
-9316
-9680
-11019
-11787
-14064
-12471
-9065
-3122
2191
1868
1766
-1285
1307
3384
6439
8118
8895
11429
13370
15254
13742
11232
8742
7289
8665
9867
10750
10166
6967
3782
-359
-2471
-3643
-4630
-5453
-7240
-7532
-7348
-6526
-6277
-7540
-7872
-7878
-5531
-3303
-1788
-616
-198
1726
3705
6079
7423
7219
7161
7006
8220
8672
8811
8282
7685
7236
5748
3958
1388
-551
-2109
-3394
-4059
-4624
-4793
-5660
-7224
-8521
-9865
-9819
-10092
-9791
-10000
-10004
-10243
-10653
-11604
-12918
-14122
-14717
-9984
-5197
3290
4548
3550
1513
332
5368
7624
11397
11286
12906
15219
16420
16679
12612
9952
7452
8116
10186
10207
9874
5844
1745
-2002
-5134
-5477
-6810
-7010
-8535
-9235
-9270
-9233
-8970
-9765
-9371
-8363
-5677
-2394
-815
380
611
1927
4796
7460
10013
10345
10241
9942
9907
9921
9147
8270
7455
7318
6344
4173
1221
-1819
-3606
-5007
-5960
-6473
-6967
-7177
-8523
-9948
-11830
-12434
-12096
-11121
-10555
-10723
-11174
-11756
-12728
-13369
-15400
-12692
-7566
838
8241
6650
5488
503
4098
8162
12565
14753
14460
16870
17930
18824
15773
11174
8521
7278
10325
11072
10526
7029
791
-3212
-7473
-7599
-7536
-7804
-8980
-11188
-11740
-11296
-10363
-9691
-9898
-8304
-6345
-2440
-32
849
1395
1627
4618
8018
11642
12893
11443
9959
8761
9591
9515
8910
7764
6836
6230
3899
661
-3224
-5717
-6900
-7304
-7328
-8007
-8669
-10141
-11715
-12854
-13717
-12784
-12428
-11528
-11961
-12114
-13230
-13891
-15866
-12961
-7717
713
7385
6203
5549
1155
5074
8788
13153
15297
15640
17842
18806
19136
16085
12355
10340
9187
11426
11575
11264
7994
1512
-3048
-7780
-7402
-7009
-6839
-8347
-10979
-11949
-12425
-11319
-10980
-10132
-8514
-6785
-3500
-2026
-442
284
1423
4664
7860
11380
12327
11545
10122
9003
9068
8719
9280
8760
8377
6359
2930
-124
-3636
-5311
-7165
-7702
-7879
-8392
-9183
-11342
-12741
-14243
-13988
-13420
-12636
-12314
-12699
-13479
-13978
-14821
-14103
-9530
-3528
5009
6324
6308
2972
3160
7455
11161
15220
15540
16999
17940
18369
17287
13783
11842
10286
11412
12261
11170
9409
4080
-10
-4451
-6450
-6196
-6675
-6947
-9096
-10548
-11891
-11832
-11170
-10007
-7879
-6816
-4953
-3854
-2803
-1205
140
3288
6775
9954
11634
10692
9604
8424
8587
8730
8734
8917
8292
7248
3938
340
-3270
-5305
-6298
-7020
-7583
-8799
-9955
-11528
-13352
-14718
-15613
-15015
-14211
-13024
-13144
-14275
-15661
-16421
-11619
-5494
3081
5813
4272
3071
2531
8264
11658
14651
15235
16115
18683
19239
18579
14728
12165
11525
12256
13888
11777
9252
4127
-195
-2928
-5540
-5019
-6141
-7277
-9923
-12459
-13043
-12607
-10527
-9316
-7859
-7031
-6323
-4793
-4388
-2502
-825
2326
6476
9592
11729
10586
8853
7705
8328
10227
11035
11021
9611
7512
4687
1424
-996
-2918
-4152
-5599
-7232
-8248
-9669
-11328
-13828
-15997
-16734
-16260
-15206
-15380
-16744
-18765
-19084
-14960
-8177
-334
2510
785
-1086
-831
5501
10907
14683
15480
15512
17365
18314
18420
16261
14552
14239
14927
16020
14559
11819
7062
2316
-799
-2538
-2131
-2967
-5135
-8519
-11499
-12243
-11773
-10940
-10325
-9480
-8300
-7132
-6508
-6720
-5949
-4023
-494
3721
7053
8907
8365
6966
6695
8040
9998
10971
10736
10090
8883
6352
2927
-5
-933
-904
-1523
-3807
-6801
-9171
-10841
-12213
-13920
-15264
-16070
-16292
-16988
-18756
-18781
-15613
-9444
-3493
-2859
-4429
-5995
-2892
3449
8480
10994
11061
12238
14305
16150
16252
15057
14902
15383
16885
16747
15100
12507
8643
5857
3378
2286
1616
-58
-2859
-6571
-9190
-10099
-9363
-8583
-8332
-8710
-9507
-9390
-9385
-8415
-6812
-4812
-1827
614
2785
3695
3390
3285
4021
6129
8392
9729
9600
8370
6739
4506
2826
1502
1275
886
-377
-1990
-4398
-6164
-8479
-10322
-11880
-13306
-13940
-15499
-15950
-14068
-10698
-5569
-4927
-6468
-8772
-8437
-3101
1760
5938
6850
7262
8132
9299
10525
10513
11522
12474
14199
15178
14080
13014
10511
8928
7313
6001
6108
5287
3584
-663
-4849
-6710
-5581
-3077
-2666
-3819
-6889
-8589
-9033
-8737
-7179
-6445
-4490
-2627
-931
35
-1131
-1813
-1501
1150
4347
6433
6888
5914
4828
3307
2809
2491
2903
3227
2032
739
-1324
-2656
-3971
-6116
-7641
-8618
-9009
-9713
-12664
-14325
-12869
-8573
-2839
-3396
-5659
-9489
-8354
-3060
1641
4866
4208
4259
4793
6354
7659
7829
9184
9895
12066
12422
11697
10635
8486
8128
7105
7040
7177
6237
4619
846
-1833
-2926
-1496
71
-361
-2176
-5461
-6852
-7203
-6062
-4504
-3952
-3200
-3216
-2728
-2281
-2629
-2378
-2147
-411
1379
2743
3199
2748
2253
1247
984
1033
1836
2185
1196
-130
-1554
-1995
-2415
-3546
-5138
-6590
-7828
-8564
-10237
-11587
-9659
-6809
-1563
-1981
-4824
-8284
-8916
-3463
1553
5462
4702
2693
1811
2516
4946
6146
7974
8384
9286
9495
8573
8721
7539
7618
6835
6320
7011
6726
5857
2437
-506
-1343
351
2388
2236
286
-3079
-4455
-5236
-4165
-2791
-2525
-2177
-2981
-2792
-2160
-2065
-1889
-2115
-1390
-125
911
1312
986
227
-965
-1178
-825
545
1134
-37
-1483
-2964
-2863
-2613
-2931
-4185
-5462
-6990
-7788
-9791
-9973
-7629
-3926
353
-1773
-4386
-8064
-6550
-1756
2619
5207
4056
2539
1472
1986
3709
5011
7297
7573
8335
6987
6100
6346
6196
7233
6003
5838
5551
5538
4909
2604
977
485
2335
3570
3641
1745
-1088
-2300
-3337
-1951
-1186
-924
-1256
-2627
-2465
-2250
-1888
-1997
-2358
-2023
-1364
-312
220
557
-559
-1958
-2773
-2315
-504
-172
-877
-2507
-3360
-2931
-2313
-2429
-3463
-5057
-6045
-6504
-6571
-7727
-6687
-5233
-1069
632
-1673
-4357
-7425
-3654
440
4620
4801
2447
963
401
1821
2898
4798
6183
6827
6282
3560
3573
3811
6208
6917
5089
4126
2787
3791
3672
3055
2416
2576
3591
3463
2655
762
-13
9
195
597
-152
-657
-1370
-1533
-767
-643
-901
-1968
-2716
-2225
-1293
-346
-104
-641
-1652
-2444
-2452
-1540
-751
-1268
-2289
-3426
-3225
-2489
-2228
-2715
-3632
-4605
-4579
-5467
-5941
-7452
-7153
-4540
-1569
1399
-1280
-3539
-6510
-3889
381
3493
4227
1896
1113
497
1370
1981
3323
5178
5995
6055
3739
2812
2860
4510
6323
5813
4874
2896
2391
2670
3167
3427
3053
3034
2733
2787
2056
1352
740
92
151
-453
-390
-470
-346
-167
-680
-1581
-2624
-3032
-2494
-1282
-286
-14
-481
-1347
-2035
-2385
-1963
-1060
-142
12
-637
-1457
-1952
-1763
-1494
-990
-1005
-1333
-2180
-3229
-3579
-3883
-3695
-4307
-4159
-3417
-2171
-766
-1885
-2671
-4553
-3714
-2336
-307
748
381
-120
-1007
-459
-65
1686
2853
3939
4040
2907
2521
2184
3604
4629
5202
4793
3738
3330
3067
3694
3623
3678
3254
2983
3045
2401
2004
659
126
-375
-336
32
-110
-66
-989
-1736
-2630
-2557
-1987
-1263
-786
-864
-773
-1035
-1098
-1139
-597
512
1268
1095
148
-629
-390
485
1272
1500
1019
333
-450
-1023
-1436
-1576
-1566
-1607
-1999
-2611
-3402
-3946
-4538
-4901
-4621
-4080
-2784
-2676
-2863
-4000
-4406
-3630
-2276
-434
142
459
-355
-409
48
1529
3162
3660
3593
2657
2722
3142
3796
3980
3496
3206
2937
3103
2992
2839
2647
2331
2218
1863
1627
1155
665
302
56
-27
-514
-1123
-1456
-1088
-201
272
23
-514
-717
-138
667
1263
1454
1205
939
558
447
615
973
1401
1338
817
10
-388
-528
-256
-286
-481
-1142
-1915
-2424
-2660
-2296
-2047
-1932
-2535
-3351
-3856
-3779
-2896
-2190
-1952
-2605
-3387
-3450
-2700
-1192
-344
153
-30
-38
148
485
1150
1529
2034
1816
1588
1360
1546
1967
1862
1396
599
310
486
973
1105
692
79
-424
-308
8
358
577
637
499
310
81
113
421
847
1282
1517
1592
1419
1536
1858
2378
2590
2333
2141
1909
2024
1787
1502
1157
785
586
189
-165
-695
-1102
-1528
-1839
-2187
-2383
-2306
-2253
-2249
-2580
-2725
-2476
-1948
-1445
-1485
-1654
-1583
-1086
-335
363
698
883
824
735
791
887
1039
1076
1015
923
786
558
262
-124
-453
-705
-816
-822
-883
-1214
-1506
-1758
-1675
-1459
-1476
-1503
-1674
-1598
-1485
-1402
-1197
-979
-515
-179
291
591
771
914
993
1489
1907
2426
2626
2707
2734
2498
2429
2290
2425
2366
2179
1930
1606
1351
894
469
-74
-488
-740
-792
-812
-1153
-1573
-1967
-1959
-1846
-1860
-1912
-2080
-1917
-1650
-1192
-661
-316
-194
-225
-77
356
1058
1627
1957
1972
1781
1752
1744
1899
1984
1912
1649
1281
962
731
511
121
-286
-761
-1161
-1509
-1814
-2088
-2346
-2555
-2689
-2666
-2627
-2443
-2297
-2150
-1958
-1726
-1338
-988
-594
-251
148
605
970
1223
1332
1439
1598
1760
1819
1644
1585
1575
1668
1667
1304
919
475
163
-119
-438
-540
-506
-375
-485
-914
-1460
-1754
-1604
-1159
-609
-462
-563
-833
-924
-573
-9
594
876
774
607
548
739
1098
1389
1574
1552
1423
1301
1258
1177
1197
1050
962
856
867
840
483
-81
-761
-1087
-1054
-788
-598
-622
-766
-970
-1121
-1286
-1337
-1235
-993
-609
-318
-142
-107
-208
-207
-83
166
393
564
590
598
598
546
484
377
347
312
281
118
-149
-432
-604
-622
-592
-646
-747
-886
-1009
-1150
-1173
-1159
-1046
-912
-851
-681
-472
-166
-5
33
-76
-62
149
463
692
823
911
936
892
707
651
801
1133
1281
1131
867
751
742
733
514
142
-116
-224
-174
-196
-253
-279
-277
-274
-365
-535
-663
-586
-216
145
252
5
-229
-149
196
436
374
144
94
332
673
842
767
584
446
436
439
356
276
196
203
86
-53
-108
-51
33
18
-126
-343
-460
-631
-709
-750
-619
-389
-313
-398
-688
-921
-982
-857
-642
-475
-397
-518
-793
-1045
-980
-573
-220
-141
-345
-459
-314
-84
-59
-222
-334
-223
42
342
478
429
277
170
188
385
645
816
771
499
381
458
792
1067
1098
839
501
368
438
621
728
669
510
381
299
298
376
419
287
2
-273
-319
-186
-18
-28
-197
-401
-557
-604
-567
-369
-133
36
-30
-222
-325
-313
-140
-86
-120
-93
-38
99
95
44
-57
-150
-201
-253
-133
11
75
-59
-300
-391
-309
-163
-181
-394
-549
-527
-321
-234
-381
-609
-632
-367
-56
101
-22
-261
-367
-262
-28
171
324
416
413
327
169
128
227
447
603
682
613
411
256
222
417
633
714
585
328
95
-28
55
207
293
145
-75
-209
-193
-125
-180
-270
-275
-130
-25
-120
-330
-433
-317
-146
-63
-130
-245
-267
-187
-4
88
27
-132
-282
-255
-74
144
244
171
32
-90
-109
-88
-40
-12
-18
18
25
23
41
71
69
-17
-132
-102
56
200
202
133
135
171
85
-125
-238
-153
72
163
119
5
-52
-73
-110
-110
-53
-16
-67
-132
-137
-20
8
-84
-281
-439
-285
15
243
189
-103
-249
-110
149
301
199
105
107
214
271
129
-3
-101
21
93
109
75
-57
-135
-242
-329
-371
-332
-207
-146
-149
-235
-313
-283
-173
33
163
219
166
129
215
296
395
407
408
447
487
579
630
661
610
457
334
330
477
525
432
198
-64
-200
-259
-227
-202
-244
-366
-527
-611
-603
-530
-556
-679
-828
-834
-652
-402
-264
-324
-472
-515
-379
-171
-31
12
39
164
332
393
346
238
204
292
368
377
272
154
128
200
245
152
-47
-158
-161
-101
-134
-286
-417
-440
-298
-107
35
57
16
-22
-53
21
142
326
458
495
514
533
635
673
649
546
520
598
712
730
628
478
347
237
134
3
-153
-270
-351
-330
-327
-431
-650
-929
-1063
-1035
-868
-688
-637
-684
-818
-839
-731
-523
-364
-301
-285
-283
-193
-69
46
111
185
278
371
382
351
314
333
402
520
634
625
517
322
165
108
108
75
-5
-84
-100
-97
-134
-183
-231
-198
-122
-90
-42
26
113
210
215
254
329
444
552
591
623
588
518
438
442
527
632
633
460
212
-17
-125
-130
-96
-89
-196
-373
-633
-833
-883
-770
-627
-641
-780
-919
-909
-758
-606
-522
-474
-378
-276
-239
-256
-265
-120
124
326
347
230
106
131
273
430
473
395
327
347
457
509
436
222
45
-1
72
131
109
39
-44
-81
-79
-114
-222
-348
-362
-198
61
271
276
71
-169
-207
28
345
547
531
429
372
398
430
422
394
434
498
483
378
229
133
47
-63
-182
-267
-259
-260
-344
-549
-745
-843
-809
-741
-693
-674
-687
-706
-711
-680
-582
-454
-304
-171
-59
37
115
208
269
336
411
542
646
700
681
633
608
611
628
581
493
384
302
258
239
226
157
36
-82
-174
-194
-179
-168
-169
-217
-250
-258
-232
-197
-198
-208
-162
-67
55
130
152
140
72
19
-23
13
94
184
171
31
-172
-301
-244
-69
26
-46
-274
-489
-525
-430
-315
-333
-462
-541
-539
-469
-428
-483
-454
-326
-114
23
-26
-127
-154
27
276
432
470
409
389
432
542
674
753
783
710
618
537
544
605
619
554
380
228
159
209
294
274
109
-117
-291
-317
-295
-222
-188
-194
-286
-392
-395
-300
-108
-45
-66
-174
-227
-183
-126
-41
-47
-94
-160
-235
-256
-222
-146
-94
-132
-242
-371
-439
-427
-397
-398
-452
-459
-425
-383
-415
-522
-611
-591
-485
-327
-183
-131
-129
-157
-132
-33
162
340
460
518
532
570
632
698
761
849
945
1030
1000
880
753
707
745
782
749
646
521
443
409
328
155
-5
-144
-170
-164
-214
-320
-425
-464
-446
-417
-393
-383
-431
-465
-467
-390
-283
-254
-291
-361
-374
-311
-208
-153
-167
-196
-243
-261
-281
-330
-360
-383
-393
-395
-396
-427
-465
-520
-547
-527
-496
-457
-435
-409
-363
-322
-294
-297
-276
-168
-8
169
323
373
396
423
506
662
802
900
895
870
872
955
1074
1096
1041
940
893
873
882
836
737
598
454
343
213
106
-4
-85
-162
-253
-352
-487
-611
-671
-623
-503
-441
-477
-589
-658
-607
-450
-311
-258
-284
-336
-313
-260
-187
-157
-147
-174
-216
-255
-270
-272
-272
-309
-380
-453
-515
-522
-493
-459
-441
-473
-493
-482
-431
-345
-279
-249
-242
-225
-158
-44
85
234
348
425
462
525
587
666
711
737
781
860
961
980
929
849
822
839
877
826
705
555
407
336
273
216
121
-33
-180
-302
-359
-391
-396
-422
-453
-480
-540
-557
-530
-403
-262
-206
-213
-263
-234
-130
-19
49
8
-49
-90
-81
-56
-64
-112
-216
-326
-409
-442
-441
-476
-519
-574
-582
-565
-549
-530
-523
-495
-465
-386
-296
-186
-84
31
123
179
219
261
368
489
568
585
548
544
601
714
817
830
751
651
589
574
572
542
457
360
278
222
161
69
-14
-107
-194
-274
-315
-289
-270
-282
-380
-498
-514
-411
-231
-115
-103
-171
-230
-211
-104
35
148
148
98
36
50
110
133
50
-33
-73
-68
-107
-228
-306
-330
-283
-262
-326
-425
-486
-454
-363
-289
-253
-248
-272
-249
-173
-23
102
188
226
215
224
282
372
424
395
335
342
428
530
542
480
367
305
311
349
341
262
153
72
42
-6
-49
-116
-177
-221
-278
-312
-327
-342
-367
-374
-361
-323
-268
-239
-226
-190
-150
-103
-65
-36
20
59
135
147
140
107
95
155
191
224
159
79
17
16
49
54
13
-63
-114
-133
-116
-131
-135
-119
-83
-61
-76
-67
-23
70
125
167
174
182
244
267
275
237
214
184
186
168
147
149
116
80
26
9
-2
-15
-55
-113
-155
-155
-160
-183
-216
-233
-241
-211
-215
-260
-298
-289
-230
-166
-139
-205
-225
-205
-127
-82
-39
-25
10
41
41
67
60
100
97
118
119
116
153
119
94
42
47
51
55
50
27
21
-5
7
-23
-21
-11
35
84
76
61
36
63
137
179
203
212
211
213
234
244
239
219
183
193
188
212
174
106
41
-6
6
28
25
-30
-89
-158
-173
-160
-168
-172
-212
-226
-225
-240
-242
-281
-288
-296
-250
-199
-200
-215
-237
-215
-164
-123
-74
-77
-52
-39
-14
-2
-6
2
-7
43
25
0
-29
-38
-29
-13
-15
-59
-90
-84
-34
-3
8
-10
-26
-17
35
101
136
147
167
188
220
258
263
299
323
336
382
363
312
273
279
305
334
270
192
130
90
117
114
104
28
-38
-85
-71
-66
-88
-129
-180
-217
-267
-263
-274
-238
-227
-228
-235
-259
-221
-186
-125
-135
-137
-127
-105
-76
-58
-15
-50
-18
-48
-38
-48
-60
-72
-93
-103
-124
-113
-147
-153
-172
-175
-166
-129
-123
-100
-110
-97
-36
2
60
56
78
82
167
233
266
300
301
371
368
365
330
295
297
300
329
284
210
117
52
18
-20
-11
-46
-56
-56
-44
-41
-80
-87
-156
-184
-205
-192
-178
-164
-135
-132
-121
-123
-88
-31
22
36
71
60
91
87
39
-2
-31
-70
-51
-19
-6
28
-4
-58
-125
-129
-144
-125
-137
-148
-121
-173
-197
-243
-218
-170
-109
-33
35
50
45
49
50
121
171
215
182
176
164
157
219
170
273
268
526
707
708
633
127
-148
-570
-644
-579
-320
-19
197
315
295
157
-158
-369
-592
-512
-400
-174
-67
-8
-20
-37
-116
-159
-300
-292
-353
-6
485
686
1056
532
248
-433
-683
-813
-635
-289
103
499
653
744
470
166
-278
-468
-551
-438
-253
-125
10
45
74
59
83
59
23
55
13
10
138
126
131
51
-89
-171
-239
-171
-60
179
424
622
716
599
441
166
-39
-157
-208
-121
-69
56
24
48
-55
-106
-87
-60
-24
-64
-126
-260
-267
-348
-337
-312
-252
-239
-177
-130
-150
-110
-158
-127
-43
99
265
430
399
248
-3
-319
-537
-918
-542
-802
569
1014
1627
2060
780
559
-1090
-1290
-1978
-1606
-1280
-518
605
1309
1956
1754
1299
376
-187
-774
-1013
-898
-628
-277
-224
-490
-726
-723
158
957
1891
1923
1315
587
-473
-792
-906
-506
73
523
743
638
386
-176
-432
-566
-474
-216
-112
-87
-257
-472
-642
-542
-369
25
253
296
-1
-400
-496
-430
-153
266
579
521
360
41
-178
-215
-170
112
233
386
246
34
-280
-603
-556
-304
78
359
387
194
-208
-393
-633
-371
-192
262
525
686
587
222
34
-251
-114
-27
80
94
87
-62
-177
-210
-146
50
314
466
611
575
361
180
-147
-206
-278
-99
43
184
208
127
29
-152
-270
-385
-278
-233
-58
19
48
38
-39
-10
-107
-63
-135
-124
-152
-149
-151
-168
-116
-88
-89
52
25
213
242
249
156
14
-114
-271
-209
-354
-141
-131
89
-24
-9
-96
-150
-174
-141
-128
-95
177
-33
230
-32
-72
-35
-164
65
52
354
308
649
466
519
429
143
229
29
138
93
240
-69
358
-284
-5
-254
-422
-13
-309
421
200
610
298
254
-104
-382
-432
-698
-214
-472
45
-74
80
31
-98
-69
-266
-42
-172
38
-168
-68
-67
-168
143
-29
79
-22
-66
-183
-183
-188
-209
5
-169
-77
-289
-328
-309
-330
24
-79
232
59
22
-65
-305
-164
-316
180
256
785
878
879
919
478
452
39
-36
-168
-64
166
225
437
306
117
83
-87
-51
-35
-24
-61
-141
-116
-332
-221
-389
-210
-179
-168
-20
-214
-26
-176
9
11
100
201
50
90
-115
-41
-198
-58
-104
-28
75
-103
-39
-214
-162
-128
-20
43
10
-38
-113
-333
-196
-218
-169
123
-103
169
-151
-168
-289
-385
-264
-249
101
182
310
330
240
117
92
-14
92
219
317
407
382
315
230
159
74
76
185
231
362
338
226
-6
-56
-153
-173
42
-141
167
10
144
91
-155
-264
-665
-403
-619
-158
-200
87
221
113
253
-134
-6
-229
-43
14
127
253
176
123
-55
-298
-427
-937
-744
-1067
-1038
-216
-95
1272
1686
2065
2080
1209
628
-541
-1114
-1590
-1559
-1010
-618
193
258
374
64
-220
-342
-392
-123
153
549
564
492
186
-133
-392
-518
-318
-168
148
553
687
824
632
156
-305
-765
-1133
-1052
-767
-256
429
720
1071
754
696
112
-116
-85
-340
349
276
915
738
621
533
-230
-196
-542
-310
-250
-75
320
-25
195
-343
-465
-565
-702
-574
-541
-19
-202
122
23
-202
-17
-288
-119
-280
51
-35
-45
203
-64
-82
-27
-295
-153
-12
-223
245
-91
253
187
199
271
108
633
2
568
479
210
583
161
59
-182
-303
-494
-457
-436
-390
-220
-142
-70
-220
-46
-264
-131
45
-112
101
254
-104
125
68
-372
196
-85
170
643
570
851
630
637
232
169
124
26
77
7
-87
-128
67
-467
-91
-456
-387
-26
-502
65
-302
-193
-149
-433
-221
-534
65
-44
124
166
111
62
159
191
26
64
110
-27
158
-80
291
138
153
145
-67
244
-310
104
-3
178
134
21
211
-407
-19
-372
-289
-301
-420
10
-328
-65
-121
-220
-174
-229
-183
148
75
256
144
15
58
-168
30
45
39
445
208
664
145
546
56
-159
218
-401
86
-51
242
-67
139
280
-380
185
-208
-583
-40
-498
-122
247
167
242
113
-84
-175
-247
-79
-144
15
463
67
677
254
-25
442
-279
90
217
18
248
380
344
-42
189
-328
-338
-206
-366
24
-106
-79
-34
-136
-293
-286
-259
-448
-235
-316
-345
-318
-122
-79
-77
109
3
-80
-122
-99
-44
196
414
135
421
480
-61
708
-81
327
59
1
80
-134
-46
-113
-222
-319
18
-495
269
-210
-56
-27
-21
-211
128
-149
-115
359
-103
221
27
-51
63
167
9
437
90
143
328
0
177
58
35
168
108
134
276
36
164
-20
-46
113
30
20
166
90
-89
169
-383
-202
-284
-144
-44
-323
174
-538
-47
-232
-372
0
-457
103
-198
8
94
-3
96
-85
80
34
166
-145
186
-252
183
-5
-287
130
11
-283
388
-159
265
-74
-118
-190
-345
205
-255
226
262
-89
-70
202
-448
-173
-36
-306
321
179
119
368
104
-184
7
-156
-163
208
194
76
312
242
138
220
255
-66
191
137
-69
193
105
-106
55
45
-6
203
-27
6
-89
23
-276
24
71
-24
3
154
-142
-110
408
-545
347
-139
-177
172
-126
-327
26
-326
-196
20
6
-53
81
-169
-226
-213
-274
-184
-115
-91
-92
34
24
-497
186
-448
-71
168
145
-13
512
-92
269
79
291
-155
265
-144
47
268
2
68
171
308
72
451
-8
-50
138
-193
236
-52
-20
-149
-155
-258
-313
193
-530
362
-5
-27
150
-136
28
-60
279
-265
201
48
-204
437
-231
169
173
36
229
-237
289
-150
-95
256
-327
242
-13
165
48
215
-121
-41
-32
-94
56
117
-128
-9
-138
-369
-89
-229
-169
-236
-87
-66
133
42
172
-194
-141
-96
-229
-158
6
-42
17
-67
146
-186
108
-109
-93
284
-145
502
25
100
300
-12
196
0
-112
27
-223
121
-50
201
76
-7
140
-89
-93
-77
-48
-63
-113
98
-215
92
252
-236
327
-90
-61
55
130
85
56
248
51
198
96
-148
35
-238
133
-200
201
179
-96
406
-302
26
-107
-152
-73
-124
103
-232
142
-328
96
-67
-283
163
-263
247
-66
79
-147
-42
-141
131
-60
141
123
-35
189
-223
120
-114
39
-89
137
-135
309
-297
-70
-24
-338
48
-41
-302
100
-35
-359
258
-340
280
-90
263
128
-104
490
-164
293
-83
-23
87
-127
64
1
83
113
-61
340
-114
415
-182
172
134
-208
375
-197
384
-215
377
-341
-113
207
-678
309
-240
23
247
54
287
-108
160
-242
-119
-169
-291
206
-166
274
-85
59
-180
-77
-82
-389
254
-397
249
-109
154
96
-150
139
-396
-70
-186
-239
70
16
-86
54
44
-79
158
-39
-212
214
-73
-12
153
215
-174
349
-127
-31
267
-130
136
96
152
-35
174
-52
174
-60
257
-86
73
179
-6
-1
172
-136
-16
-53
-132
-71
38
-154
100
21
-234
277
-422
53
28
-365
203
-210
213
-70
89
215
-221
219
9
-51
233
-212
92
-66
113
-109
-29
58
-331
258
-253
340
-152
255
-37
84
-88
-205
-60
-339
-24
-326
104
-118
143
126
-100
5
-12
-64
-117
430
-57
251
333
-336
318
-150
-55
182
-122
207
-53
281
-116
-54
-70
-306
-131
-246
-71
-56
145
31
205
120
-299
242
-440
170
-118
23
155
-98
238
-89
213
5
-102
225
-109
152
126
80
165
-172
108
-236
265
-345
318
-211
34
231
-176
250
-166
2
-97
45
63
19
-94
48
-364
-24
-69
-193
-63
27
-241
13
151
-273
282
-176
-59
47
-192
-24
40
82
58
205
-58
229
-13
114
43
239
-91
114
-69
-85
-57
24
-112
-41
-3
-69
190
-94
267
-82
51
-50
-237
-43
-292
156
-190
354
-56
220
237
-409
467
-195
231
155
160
103
56
201
-125
-151
47
-228
-7
103
-195
303
-482
140
-445
60
-192
-60
12
-173
70
-451
313
-622
322
-139
-144
512
-239
498
28
-30
207
-137
83
11
9
50
-177
234
-331
275
-156
124
217
-255
461
-334
211
33
-164
101
-254
68
110
-32
112
116
-138
64
-96
-217
112
90
-126
467
-210
-7
142
-457
136
-78
19
12
96
-81
130
39
-6
12
42
-85
155
-149
59
-112
-74
19
-145
-35
34
-62
-8
62
-269
213
-195
79
169
-125
-16
90
-366
92
-105
-51
4
86
-75
-82
401
-277
379
-126
59
294
-105
319
-242
187
-38
-230
56
-120
-33
166
137
-150
322
-190
63
113
-97
21
-70
-126
-24
-89
70
-14
125
-1
94
68
3
114
-280
349
-229
111
-88
-172
88
-173
43
33
-55
166
-198
185
-150
-23
-148
-172
74
-428
396
-416
274
47
-336
452
-467
374
-131
100
67
-79
237
-104
248
-164
209
-17
-64
233
-249
92
-35
99
-30
166
25
9
104
-270
173
-327
160
-99
56
67
-280
241
-198
-23
175
-97
24
25
15
-11
46
17
-56
31
3
-172
71
88
-277
436
-150
62
462
-445
291
-128
-150
98
54
-114
-19
-1
-198
4
-117
-33
-213
63
-116
-157
382
-228
216
-24
150
-203
147
130
-312
241
-85
-185
164
-103
-64
153
-140
146
60
-73
257
-156
216
27
-39
135
-126
27
-88
32
109
-169
275
-260
99
41
-143
242
-133
21
-124
152
-141
-25
123
-306
93
-69
-122
148
-135
190
-34
47
32
66
-176
209
-200
273
-138
112
-67
-16
89
-103
322
-379
438
-387
126
-49
-96
94
91
-73
216
-65
-136
145
-234
188
-302
274
-257
99
-12
-36
34
-197
118
-188
124
63
-69
247
-186
16
87
-246
232
-200
94
-92
1
-12
69
-23
-6
129
-203
47
-113
-18
101
31
123
-18
85
-74
26
-84
34
0
-63
133
-107
111
43
-89
43
-61
25
-38
34
105
-62
214
-31
58
55
-43
-20
98
-54
42
-55
-70
16
-95
17
-22
-6
-178
42
-170
68
-188
170
-70
-77
311
-295
103
39
-36
66
41
124
-26
-36
298
-316
258
-61
-91
125
-399
362
-303
160
3
-164
320
-427
390
-254
4
160
-300
326
-216
105
-33
4
41
-175
270
-205
161
104
-135
118
-128
156
-298
309
-129
-148
410
-589
464
-357
66
257
-323
335
-204
243
-151
146
-57
44
-57
10
167
-218
169
-65
-9
80
-59
-58
117
-231
21
-4
-131
-15
8
-95
17
1
-234
309
-173
53
205
-313
318
-248
93
-45
105
15
86
72
-221
269
-243
-74
75
-74
7
61
80
63
164
-112
83
-79
-22
-6
-13
122
-172
435
-343
319
-75
-209
529
-765
521
-381
-37
278
-479
644
-450
393
-167
59
-20
-212
189
-301
48
-181
-6
-34
-77
67
-27
121
-106
310
-315
316
-117
-143
434
-439
476
-81
-129
420
-212
16
79
-5
-361
314
-381
141
15
-143
232
-177
267
-365
174
-202
-72
210
-206
243
-129
122
-49
63
46
-237
302
-249
184
59
-107
253
-84
-109
-83
-14
-359
29
49
-111
239
98
-119
148
-33
-185
257
-168
164
69
152
163
-274
431
-526
261
-134
-86
23
-115
14
-124
136
-334
247
-277
-12
223
-255
205
-35
-85
239
-204
335
-130
244
-81
106
164
-32
145
54
144
-165
240
-225
34
-102
59
-353
160
-133
-136
130
-285
164
-264
62
-126
-35
-67
-113
141
-68
179
1
41
177
-20
108
106
-80
210
-193
315
-350
241
-38
-158
247
-288
202
-267
185
-89
-111
305
-472
308
-79
-282
369
-367
178
19
-125
199
13
-60
-4
180
-415
346
-235
-171
314
-357
276
-104
-2
194
-163
417
-384
364
-99
-117
243
-172
139
-151
13
10
-219
313
-303
90
7
-252
194
-200
202
-243
362
-399
353
-86
-107
222
-289
138
-25
147
12
302
-181
116
104
-180
50
9
-177
91
-47
-93
219
-221
255
-213
86
-26
-244
209
-195
172
-123
255
-162
95
56
-360
399
-497
257
10
-281
342
-293
192
-107
-57
42
-298
331
-493
328
-43
82
268
-130
430
-310
309
-84
-46
194
-89
206
23
-104
208
-234
8
-205
-68
-102
-164
21
-267
225
-250
-1
84
-286
166
-93
165
-140
229
18
40
309
-179
507
-221
212
-47
-62
95
-72
231
-109
322
-274
84
-325
145
-348
89
-4
-265
139
-167
-3
-105
129
-190
15
24
-132
107
-66
267
-262
361
84
-273
561
-625
532
-430
89
307
-495
748
-556
368
-67
-249
405
-464
220
-125
-75
78
-21
-20
-58
42
56
-78
260
-312
97
40
-108
109
-15
55
14
82
113
-18
25
-28
-108
96
-31
60
-150
28
-181
47
-71
32
-45
133
-114
143
-75
-19
-14
-75
71
-150
137
-205
289
-376
506
-456
202
175
-317
278
-116
88
-127
124
-117
62
171
-81
-64
242
-188
50
146
-233
67
-55
36
-127
73
-117
-54
118
-84
120
40
6
-20
-104
52
-70
52
-39
14
215
-174
147
-40
-74
-43
112
-143
4
311
-268
39
137
-309
167
-15
-19
156
-114
176
-135
138
72
-170
98
64
-200
463
-355
200
-188
-159
196
-382
371
-430
239
60
-243
313
-205
-46
88
-126
173
-67
43
26
-136
224
-236
80
77
-317
419
-303
216
12
116
-72
-73
312
-544
495
-471
137
-65
-81
286
-211
433
-188
85
212
-412
226
-182
-156
-16
-59
63
-174
281
-255
206
3
-173
336
-257
56
147
-71
-14
140
-167
-91
137
-85
72
158
-28
76
-63
61
-99
-89
149
-268
389
-232
191
76
-177
156
-351
220
-318
102
-96
-152
301
-368
288
-78
-10
11
7
5
-92
260
48
-65
364
-355
318
-177
-38
191
-335
400
-493
369
-341
149
-74
1
149
-153
207
-240
8
14
-144
46
101
-114
286
-155
248
-165
126
-40
-145
251
-334
287
-182
87
25
-192
252
-359
238
-231
-130
184
-322
322
-100
22
99
-12
170
-229
382
-173
-126
283
-169
155
88
21
-154
202
-254
109
-149
-84
52
-58
149
-82
152
-118
100
-105
-81
-26
-104
150
-151
242
-99
13
23
-98
63
-97
17
-59
-51
197
-192
273
-164
245
-122
26
-24
-108
145
-98
259
-116
85
151
-16
-309
299
-457
74
-72
-244
267
-176
244
-127
36
-24
26
116
-164
277
-190
158
-19
19
109
-271
301
-301
140
238
-238
283
-141
-74
-13
-218
60
-283
180
-157
-27
332
-376
317
-176
42
-21
-10
148
-231
221
-77
16
179
31
50
59
29
-148
268
-236
126
82
-392
472
-430
175
42
-235
273
-191
167
22
-2
3
-184
103
-345
191
-94
9
200
-250
372
-268
81
215
-282
318
-165
-47
-27
-109
-24
127
10
-29
318
-378
264
-184
-52
-6
-59
88
-6
128
-138
59
66
-201
216
-152
-160
356
-373
273
-51
-37
167
-253
237
-179
91
17
-122
145
-209
202
-212
151
-5
-99
292
-317
182
34
-234
91
30
-102
47
97
-3
23
171
-117
240
-153
109
-76
-142
41
-99
100
-74
46
-32
-27
-96
93
-235
128
-77
-40
80
-24
-65
146
-4
-116
160
-117
-28
96
14
75
94
29
36
-119
185
-215
-11
250
-295
205
-38
-93
49
8
-162
-34
99
-266
123
24
-155
229
-105
176
95
52
-95
104
-71
-137
120
-332
285
-231
273
-211
124
155
-344
552
-535
343
-43
-196
233
-134
-167
162
-208
123
-45
-12
169
-306
516
-343
111
160
-274
222
-130
77
-63
35
-67
10
-10
-24
-18
-40
108
-73
91
-44
28
23
52
-150
214
-209
37
108
-200
176
-50
-52
120
3
37
-3
97
-171
-130
80
-219
74
-21
-74
152
-204
418
-347
231
36
-215
293
-133
-19
57
22
-145
305
-177
90
7
4
-112
111
-256
221
-332
187
49
-145
389
-360
258
-106
-189
207
-61
-120
193
17
-30
182
-127
26
56
-49
-48
-8
-3
-139
100
-178
19
16
-26
106
20
-13
151
-145
37
30
-273
267
-235
177
192
-169
355
-260
94
61
-390
243
-426
218
-222
108
-26
-130
352
-403
355
-12
-166
292
-202
196
-97
118
-92
1
110
-154
144
43
-112
77
70
-173
153
-124
-36
59
-88
-64
151
-271
274
-78
12
53
-207
225
-212
145
134
-244
226
-46
-54
-20
171
-161
87
145
-217
143
-74
-24
-76
140
-131
-50
95
-147
67
-96
55
0
9
63
-50
72
-132
150
-99
197
-105
73
29
-76
170
-226
82
45
-40
22
151
-202
213
-199
-21
124
-263
189
-198
37
0
-98
51
-17
-45
109
-17
57
-48
40
-76
99
-66
20
25
32
119
-127
182
-74
12
24
-75
38
19
-84
-41
18
44
-140
125
-65
53
76
16
-18
138
-35
-82
-32
-40
-95
37
55
-262
302
-200
-29
193
-104
3
190
-339
238
-104
99
-15
102
-32
16
10
57
-68
-47
82
-168
154
-114
-121
166
-110
12
171
-279
282
-154
-19
101
-174
99
-98
14
-32
-47
172
-172
297
-139
6
108
-124
39
-39
-1
-114
157
-78
14
66
-5
-95
117
-109
75
39
27
-28
56
-54
41
123
-176
200
-149
-28
114
-205
86
-74
16
-6
26
47
-140
45
19
-85
-24
123
-93
61
83
-115
127
-58
79
0
84
-65
108
-29
14
43
-132
14
-22
-5
-155
200
-233
57
124
-166
111
-162
-6
-21
-72
187
-155
128
154
-85
225
-25
-184
269
-372
194
47
-225
294
-159
184
-243
322
-250
-180
315
-464
224
-62
-121
271
-276
314
-115
98
121
-344
533
-420
213
45
-169
212
-276
354
-300
146
-55
-182
140
-56
-44
114
-92
-100
181
-166
56
-46
-92
45
-165
236
-310
202
-64
41
88
71
43
13
214
-322
303
-189
-10
91
-95
93
21
-132
117
-92
51
51
-29
-56
-13
-1
13
-62
-8
62
-160
63
84
-149
102
70
-197
298
-198
107
-43
-22
-76
63
-18
-72
190
-237
253
-200
173
-45
-4
134
-154
220
-279
147
-18
-240
226
-303
232
-157
154
119
-149
249
-268
151
-30
-57
76
-85
205
-332
320
-159
-76
204
-347
251
-202
64
-48
56
17
66
47
-63
149
-14
-16
-6
-38
20
-81
60
-111
-30
162
-304
237
-135
-20
48
33
-5
-63
173
-180
121
30
-145
182
-164
173
-57
117
-69
47
117
-185
163
4
-178
183
-204
68
-32
-47
62
-141
103
-302
218
-89
27
80
-25
55
-98
180
-226
132
-15
19
30
157
-96
79
76
-124
203
-182
67
-46
64
-174
62
-68
-69
-5
-23
-10
100
-113
134
-27
17
24
-30
-21
28
-81
69
-81
5
85
-137
199
-211
155
-27
-87
251
-273
270
-172
21
126
-157
87
-43
71
-124
99
-128
186
-125
21
-19
-190
103
-123
32
33
-51
13
135
-39
133
79
-112
111
-117
20
-77
45
-90
123
-49
-56
189
-152
112
13
43
53
-59
39
-96
14
16
-77
65
-128
48
28
-169
148
-223
186
-56
-10
188
-281
385
-343
237
-130
22
39
-75
94
-82
131
-143
100
19
-140
197
-99
-65
110
-214
271
-239
206
-98
-132
207
-249
262
-89
109
6
-63
156
-79
102
-197
89
-21
-106
61
-109
109
-252
171
-49
-23
60
-178
188
-197
84
4
41
-146
128
43
-48
256
-132
158
-94
-5
99
-180
118
-201
86
-7
-92
225
-72
1
56
49
-58
5
-15
-11
-63
-26
81
-207
203
-173
46
20
-82
91
11
0
76
-21
-4
-2
21
-42
-10
22
-68
98
-188
211
-149
35
106
-54
65
-24
-1
-45
107
-170
219
-154
-11
78
-126
27
15
-96
51
-28
31
100
-112
198
-151
52
-28
-31
43
57
-145
79
8
-25
62
41
-102
11
37
-94
131
-135
168
-165
172
-162
168
-69
-65
128
-173
172
-181
120
-81
-106
224
-297
303
-154
46
29
-94
155
-208
258
-185
92
70
-180
215
-105
39
-70
109
-69
-59
144
-232
106
48
-93
172
-146
-44
238
-361
368
-363
119
10
-48
215
-201
176
-110
29
-11
16
-152
59
-41
108
-86
294
-260
220
-61
-100
162
-199
138
-149
35
0
-130
179
-227
153
119
-171
192
-52
-68
41
-13
-55
70
-32
109
-150
220
-210
197
-43
-67
80
-125
22
-76
122
-117
36
-11
-27
-80
166
-121
31
51
-94
84
1
-79
136
11
-65
88
-17
-94
95
-66
41
-5
-117
121
-197
176
-84
176
-48
-17
126
-181
238
-282
208
-155
-98
240
-256
270
-145
2
108
-90
43
19
-141
75
-62
13
49
-91
63
-135
150
-32
-39
136
-188
96
-4
-33
69
38
-8
-82
148
-151
41
-25
-31
79
-93
180
-226
220
-124
-52
123
-132
39
111
-103
130
-99
9
63
-178
224
-297
269
-145
22
90
-104
130
-182
263
-230
70
-24
-53
65
-68
51
-85
177
-167
158
15
-80
137
-113
26
-62
51
-88
16
58
-72
67
31
-110
64
-36
-75
115
-40
16
-28
138
-182
197
-119
24
13
-40
17
-86
167
-121
115
-86
26
-87
172
-148
30
99
-131
46
71
-144
137
-97
-13
72
-60
89
-93
88
-88
16
7
-55
96
-122
106
43
-99
214
-178
113
-18
-23
0
-11
-54
21
5
-22
124
-128
91
-25
-72
53
-109
72
-38
71
-32
59
-60
6
40
-113
19
55
-166
210
-32
-58
155
-172
89
-3
50
-123
76
-70
-49
98
-90
185
-113
74
15
-42
87
-70
-61
62
-133
65
-20
35
27
-57
75
-115
119
-129
67
33
-163
169
-68
-33
68
-76
103
-73
123
-122
61
6
-63
145
-100
4
55
-114
91
-76
153
-153
98
-22
-79
122
-168
119
-98
32
66
-145
219
-210
133
-2
-100
198
-182
168
-50
-37
-4
35
-20
-31
48
-25
-37
85
-23
-56
61
-48
-96
199
-211
103
85
-188
208
-131
32
19
-53
66
-102
95
-73
-29
127
-96
67
-25
40
-26
-43
129
-194
148
-53
-74
80
-125
47
-1
11
35
-11
42
38
-96
144
-155
136
-62
-12
51
-67
36
21
-23
99
-45
34
-60
-31
-38
-46
32
-88
92
4
-16
76
-3
-15
66
-94
70
-85
-9
-18
-7
-23
113
-124
174
-110
77
-3
-6
54
-140
128
-142
191
-177
121
-88
11
10
13
2
-2
26
-97
155
-116
82
-38
26
-70
49
-40
18
45
-70
18
1
-3
9
56
-102
23
0
6
-23
27
5
-102
193
-145
61
-4
15
-39
9
51
-121
122
-97
87
-53
52
36
-113
125
-82
-1
64
-93
50
3
1
-25
5
-8
-14
61
-79
145
-154
128
-113
70
6
-150
192
-166
98
86
-170
212
-145
68
16
-177
260
-319
244
-181
19
90
-149
207
-132
103
-14
-49
88
-138
109
-88
-21
90
-103
148
-145
165
-84
19
56
-79
97
-72
46
-26
-70
22
-56
38
-34
13
76
-108
136
-86
13
-32
86
-42
-19
89
-114
119
-129
14
-24
20
-104
203
-192
153
-2
-110
262
-202
120
-22
-110
112
-121
80
-17
-8
47
-117
200
-234
206
-105
-28
130
-179
163
-125
56
-40
-12
42
-118
189
-194
172
-62
2
94
-199
187
-153
70
130
-178
226
-224
62
72
-159
138
-115
126
-173
127
-63
22
8
-111
195
-194
118
1
-48
123
-107
73
-50
6
14
-45
64
-103
121
-72
-14
111
-139
89
-30
-13
56
-118
108
-71
57
-48
32
-5
-10
51
-57
88
-125
138
-35
-36
26
11
-13
-24
66
-123
129
-120
-22
58
-59
59
-2
65
-116
117
-99
14
-57
25
15
-44
115
-55
24
92
-79
70
-76
33
-34
-43
65
-164
191
-175
155
19
-90
234
-253
215
-73
-159
222
-301
175
-90
39
64
-72
29
6
-9
45
-28
-9
-67
15
-31
-6
60
-17
64
-15
23
29
-45
28
-24
-56
12
99
-163
182
-38
-68
153
-148
23
26
-39
-28
58
-86
58
-49
75
-96
93
-27
-42
76
-50
0
132
-106
33
-33
-8
15
-71
89
-49
37
12
-36
32
27
-31
56
-62
10
8
-71
55
-9
-48
93
-113
146
-115
28
35
-113
155
-35
-46
94
-66
7
18
-43
4
-41
34
-12
30
-97
130
-78
30
38
-31
-42
36
14
-90
105
-90
25
-22
33
-29
70
-26
-13
68
-9
-20
26
-24
-37
50
-66
24
-9
3
-9
20
40
-35
37
25
-70
45
-5
-61
11
-1
-29
-14
57
-69
129
-54
18
39
-14
-69
83
-45
-101
124
-114
-8
127
-161
121
-2
-55
80
-48
42
-85
135
-118
45
67
-110
137
-150
167
-174
78
101
-209
212
-159
36
17
-18
2
12
19
-64
66
-6
-52
110
-144
77
-17
19
61
-139
163
-164
111
-61
8
53
-87
120
-117
54
5
-5
31
-93
136
-106
44
-14
-26
-12
23
2
-32
1
48
-31
27
6
-21
19
-91
121
-120
86
-26
66
-51
3
7
-9
19
-46
38
-58
81
-70
46
1
-6
40
-57
38
-48
6
66
-76
46
-17
-5
3
-30
17
-16
70
-44
18
33
-87
79
-64
4
26
-76
47
-26
14
41
-25
40
-19
-5
32
-32
-51
53
13
-58
48
-7
-40
74
-50
-11
84
-92
85
-29
64
-108
5
60
-152
136
-63
45
-2
17
-9
-23
38
-99
79
13
-81
57
32
-37
39
-21
44
-51
19
-1
0
-12
-40
81
-48
25
-23
28
13
-49
43
-78
78
13
-99
97
-36
10
9
-44
21
20
-16
-45
29
6
-62
56
-60
69
-16
-27
63
-84
115
-105
45
31
-44
28
-17
62
-54
12
46
-90
60
-29
26
26
-112
164
-136
53
5
-50
47
-59
52
-56
24
-2
-30
46
-10
22
35
-77
77
-69
17
23
-47
61
-62
65
-23
-12
29
-48
6
-24
47
-8
-49
90
-100
60
-27
-26
105
-121
103
15
-83
104
-50
-5
-24
3
-19
21
35
-36
67
-59
2
46
-49
44
14
-9
-25
-49
70
-70
52
-18
-34
62
-57
23
40
-63
45
-52
53
-54
62
22
-89
77
-32
-8
7
20
-25
-1
30
-26
17
14
-83
73
-32
-33
52
-17
23
-26
65
-77
28
31
-82
119
-84
24
10
-41
34
-23
22
-51
25
-18
19
21
-24
34
5
-36
63
-62
42
-37
10
-9
-48
86
-94
86
-37
43
-36
12
9
-50
44
-22
-18
25
3
-20
15
30
-29
6
-11
-11
27
-26
33
-44
62
-31
6
-3
-22
35
-18
9
-40
24
23
-7
15
-4
-15
3
22
1
-47
68
-90
76
5
-60
75
-75
19
34
-31
22
-36
49
-55
51
-28
-55
123
-168
150
-70
13
54
-77
60
-64
55
-36
3
29
-24
28
-49
74
-59
-3
69
-111
103
-67
18
0
-7
10
-30
75
-97
87
-34
-20
76
-84
100
-79
-14
37
-51
21
-35
82
-53
0
46
-72
85
-78
51
-11
-56
44
-14
36
-48
19
31
-32
30
-37
65
-62
4
45
-69
66
-21
-32
45
-52
30
7
-47
50
3
-5
-20
11
-33
3
10
24
-35
29
22
-33
-7
63
-40
-3
29
-29
9
9
-38
62
-42
14
44
-57
34
-18
-2
-19
47
-40
0
41
-52
35
-37
19
-7
-4
-29
56
-39
16
8
-28
36
-48
61
-53
68
-58
18
5
-34
33
-11
15
2
-7
7
14
-18
8
-42
50
-25
-10
35
-32
-2
3
11
-32
18
32
-52
48
-24
-24
57
-39
18
-6
11
-30
30
-12
-17
10
9
-18
27
-23
5
9
-28
68
-78
54
-39
-10
64
-91
90
-53
35
-16
21
5
-47
51
-12
-58
74
-65
24
42
-96
127
-129
92
-34
1
22
-43
79
-86
69
-46
-9
66
-99
100
-75
23
40
-65
63
-38
7
22
-44
45
-29
9
-16
9
-1
-43
85
-107
97
-46
-2
46
-50
49
-26
7
-6
8
-12
5
1
1
12
1
-24
53
-52
-17
60
-80
53
-17
17
-6
16
-31
-2
32
-45
54
-50
55
-87
66
-11
12
-6
0
13
-25
34
-49
14
23
-58
72
-29
-34
100
-139
120
-55
-27
49
-66
64
-34
33
18
-63
60
-39
20
-14
-5
42
-73
87
-65
29
6
-31
16
-5
-24
48
-19
-9
30
-63
55
-55
32
-6
22
-42
68
-25
-6
40
-75
69
-59
21
24
-41
53
-40
13
2
-17
43
-28
18
-51
38
-25
26
-26
22
-7
-15
28
-21
19
-33
20
3
-15
6
0
-29
30
-23
44
-18
8
14
-21
14
4
-17
17
-28
38
-36
15
10
-43
61
-37
9
-1
-6
-8
38
-56
49
-27
9
-13
18
-9
-7
42
-53
46
-34
13
-2
-10
1
-8
-5
37
-27
31
-14
-23
25
-20
20
-1
-16
22
-33
37
-21
-13
33
-37
23
7
-9
7
-12
13
-14
17
-29
9
-13
-5
32
-33
31
-8
-5
17
-13
19
-22
22
-26
6
20
-49
64
-36
9
16
-40
37
-37
26
-8
-5
32
-39
24
-16
6
-15
13
9
-15
6
-16
9
6
0
-10
25
-40
59
-53
60
-62
29
-9
-2
16
-34
69
-76
68
-59
36
-26
11
7
-14
12
-31
22
-11
25
-20
26
-24
28
-39
21
1
-36
54
-49
41
-35
39
-24
-17
63
-88
77
-63
46
-15
-5
39
-50
48
-40
17
-3
0
-4
-14
18
-11
6
-7
-1
-17
34
-58
78
-55
11
43
-69
59
-28
7
1
-9
12
-12
15
7
-17
29
-47
45
-14
-16
33
-34
19
-20
15
9
-21
2
-3
-4
0
17
-13
7
0
7
12
3
-8
-4
-11
2
11
-21
13
-7
-1
12
-2
0
1
-16
16
-14
5
11
-26
35
-32
25
-13
-6
7
-15
41
-38
19
4
-15
19
-34
34
-13
15
-1
-8
9
-28
31
-23
13
3
-15
14
-4
5
-2
6
1
-34
32
-29
27
-6
-5
5
6
-19
10
10
-15
6
12
-32
29
-13
-25
46
-37
11
14
-12
6
3
0
-12
9
8
-41
62
-56
28
9
-32
39
-22
12
-12
15
-22
28
-7
-4
12
-20
22
-22
11
-8
10
-5
11
-10
4
6
-18
16
-25
24
-15
-10
22
-33
28
-15
4
3
-8
16
-3
-8
15
-18
8
6
0
-5
7
3
-8
24
-21
10
-8
0
8
-4
2
-10
-4
7
-18
25
-21
-5
13
-17
25
-3
-6
15
-24
24
-5
-10
23
-19
8
-5
9
-31
19
3
-17
33
-22
-9
22
-30
28
-17
2
0
5
0
-1
3
-6
8
-5
2
-3
3
-8
9
-12
-4
10
-9
2
3
5
3
5
2
-9
-2
5
-8
4
6
-10
7
-8
3
1
9
0
-10
9
-10
3
12
-8
8
-5
-2
11
-12
5
2
-12
6
-9
8
-5
7
9
-8
-9
15
-18
17
-11
5
11
