0
0
0
0
0
0
0
0
0
-1
0
0
0
1
0
0
0
0
-1
0
-1
0
1
0
0
1
0
0
0
0
0
0
0
0
0
0
1
-1
0
-1
0
0
-1
0
0
0
0
-1
0
0
0
0
0
1
0
0
0
0
0
0
0
-1
0
0
0
0
0
0
-1
0
0
0
0
0
0
-1
0
-1
0
-1
0
0
1
0
0
0
0
0
0
0
0
0
0
0
0
1
0
0
0
0
1
0
-1
0
1
0
0
0
0
0
0
0
-1
-1
0
0
0
1
0
-1
0
0
-1
0
0
0
-1
0
0
1
0
0
0
0
0
0
1
0
0
0
0
1
0
0
0
1
1
0
0
0
0
0
0
1
0
1
0
0
0
1
0
0
0
-1
1
1
0
-1
0
0
0
0
0
0
0
0
0
0
0
1
0
1
0
0
0
0
0
-1
0
1
0
0
-1
0
-1
0
0
-1
0
0
0
0
0
0
0
0
0
0
0
0
0
0
0
0
0
0
0
0
0
0
0
0
0
0
0
0
0
0
0
0
0
-1
0
0
0
0
0
0
0
-1
0
0
0
0
0
0
0
0
0
0
0
0
0
0
0
0
0
0
0
0
0
0
1
-1
0
0
0
0
0
0
0
1
0
0
0
0
0
-1
0
0
0
0
0
0
0
0
0
0
-1
-1
-1
-1
0
-1
0
0
0
0
0
0
-1
-1
0
-1
0
0
0
-1
0
0
0
0
0
0
0
1
0
0
0
0
0
0
0
0
0
0
1
1
0
0
0
0
0
0
0
0
0
0
0
1
0
0
0
0
0
1
1
0
0
0
0
0
-1
0
0
0
0
0
0
1
0
0
1
0
0
0
1
0
0
1
0
1
1
0
0
0
0
0
0
0
0
0
0
1
0
1
1
-1
0
0
0
0
0
0
0
0
0
0
0
1
0
0
1
0
0
0
1
0
0
0
-1
0
0
0
0
0
0
0
0
0
0
1
0
0
0
-1
-1
0
0
0
0
0
0
0
0
0
0
-1
0
1
0
0
0
0
0
0
0
-1
0
1
0
0
0
0
-1
0
-1
-1
0
0
0
0
1
0
0
0
0
0
0
0
0
1
1
0
1
-1
0
0
0
0
0
0
0
0
0
0
0
0
0
0
0
0
0
0
0
0
0
0
0
0
0
0
0
0
-1
1
0
1
0
0
1
0
0
0
0
0
1
-1
0
0
0
0
0
1
0
0
-1
0
0
0
0
1
0
0
1
-1
-1
0
0
0
0
0
0
0
0
0
0
0
-1
0
0
0
1
0
0
0
0
1
0
-1
-1
0
0
0
-1
0
0
0
0
0
-1
0
0
0
0
-1
0
0
0
0
0
0
0
0
0
0
0
0
0
0
-1
0
0
0
0
0
0
0
0
0
1
0
-1
0
0
0
0
0
0
0
0
0
0
0
0
0
0
0
0
0
0
0
-1
0
0
0
0
0
0
0
0
0
0
0
0
0
1
0
0
0
0
0
0
0
1
0
0
0
1
1
0
0
0
-1
1
1
0
0
0
0
0
0
0
1
0
0
0
1
0
0
0
0
0
-1
0
0
0
0
1
0
0
0
0
0
-1
-1
-1
0
0
0
0
-1
0
0
0
0
0
0
0
0
0
1
0
1
0
0
0
0
0
0
1
-1
0
1
-1
0
0
0
0
0
0
0
-1
0
0
0
-1
0
-1
0
0
0
0
0
-1
0
0
0
0
0
0
-1
0
0
0
0
0
0
0
0
-1
-1
0
0
0
0
0
1
0
0
0
0
0
-1
0
0
0
0
0
0
0
0
0
1
0
1
0
0
1
-1
1
0
0
0
-1
-1
0
0
0
-1
0
-1
0
0
0
-1
0
0
0
0
1
0
0
0
0
0
0
1
0
1
0
0
0
0
0
0
1
0
0
0
1
1
0
0
0
0
0
0
0
0
-1
1
0
0
0
0
0
0
0
1
0
0
-1
0
0
0
-1
-1
0
0
1
0
-1
0
0
0
0
0
0
-1
-1
0
0
-1
1
0
1
0
0
0
0
0
0
1
0
0
0
-1
0
0
0
0
0
1
-1
0
0
0
0
0
0
0
0
0
1
0
0
0
0
0
0
-1
0
0
-1
0
0
-1
0
0
0
0
0
0
0
0
1
0
0
-1
1
0
0
-1
-1
0
0
0
1
-1
0
0
0
-1
1
0
0
0
1
-1
0
0
0
0
0
0
0
0
0
0
0
-1
0
0
0
0
0
0
0
0
0
0
1
-1
0
0
-1
1
0
0
-1
0
0
0
0
0
0
0
0
0
0
0
-1
0
0
0
0
0
0
0
-1
0
0
0
-1
0
0
-1
-1
0
0
0
0
0
1
1
-1
0
-1
0
0
0
0
0
0
0
0
1
0
0
0
0
-1
1
0
0
1
0
0
0
0
0
1
1
0
0
0
0
0
-1
0
-1
1
0
1
0
0
1
0
0
1
0
0
0
1
-1
-1
1
0
0
0
-1
0
0
1
0
0
0
0
0
0
-1
0
0
0
-1
0
0
1
1
-1
0
0
0
0
0
0
0
0
0
-1
1
0
0
1
0
0
0
0
1
-1
0
0
0
0
-1
1
0
0
-1
0
0
0
0
0
-1
0
-1
1
0
0
1
0
0
0
0
0
0
0
0
-1
0
0
0
1
0
1
0
0
0
0
-1
0
0
1
1
0
0
0
-1
-1
0
0
0
-1
0
0
1
0
1
0
0
1
0
0
1
0
0
0
0
0
0
0
0
0
0
0
-1
1
0
0
0
0
0
0
0
0
0
0
-1
0
-1
0
0
0
0
0
-1
0
0
0
1
0
0
0
0
0
0
0
0
0
-1
1
1
-1
0
0
0
0
0
0
0
0
0
0
0
0
0
-1
0
0
0
0
0
0
0
0
-1
0
0
0
0
-1
0
-1
0
0
0
0
0
-1
0
0
-1
0
0
0
1
0
0
0
0
0
0
1
0
0
0
0
0
1
0
0
0
1
1
0
0
0
0
0
0
0
0
1
1
1
0
0
-1
0
0
0
-1
-1
0
0
0
0
0
0
0
0
0
0
0
0
0
0
0
0
0
0
0
0
0
1
1
1
0
-1
0
0
0
0
0
0
1
-1
-1
0
0
0
0
0
1
0
-1
0
0
0
0
0
0
0
0
-1
0
0
0
0
1
0
0
0
0
0
-1
1
1
0
0
0
0
1
0
0
0
0
0
0
0
0
0
0
0
0
1
0
0
0
0
0
0
1
0
0
0
0
0
0
0
0
0
0
0
0
-1
0
0
0
0
-1
0
0
0
0
0
0
0
0
0
0
-1
0
0
-1
1
0
0
0
0
-1
0
0
-1
0
0
0
1
0
-1
0
-1
0
0
0
0
1
0
0
0
0
0
0
0
0
0
-1
0
0
0
0
0
0
1
0
0
0
0
0
0
0
-1
0
0
0
0
1
0
0
0
-1
0
0
0
1
0
0
0
0
0
0
-1
0
1
0
0
1
0
0
0
0
0
-1
0
0
0
0
0
0
0
0
1
0
-1
0
1
0
0
-2
0
0
0
0
0
0
-1
0
0
1
0
-1
1
0
0
0
0
-1
-1
0
0
0
1
0
1
0
-1
0
1
0
0
0
0
0
1
0
0
0
-1
1
-1
0
0
1
0
0
-1
0
0
-1
0
0
0
0
0
0
0
0
0
0
0
0
0
0
0
-1
0
0
0
1
0
0
-1
-1
0
0
0
0
0
0
1
0
0
0
0
-1
0
0
0
0
1
1
0
-1
0
0
-1
0
1
0
1
0
0
0
0
-1
0
0
-1
0
1
-1
1
0
-1
1
1
-1
1
1
0
-1
1
0
-1
-1
0
1
-1
0
0
0
-2
1
0
-1
0
0
0
1
-2
1
1
-2
0
1
0
-1
1
-1
0
0
1
1
0
-3
3
1
-4
1
2
0
-2
0
1
3
-4
0
3
-5
1
3
-2
-2
1
3
-2
1
0
-1
3
-3
0
1
3
-3
2
1
-3
2
-2
0
1
2
-6
6
0
-3
-2
7
0
-7
1
3
-2
4
-1
-4
2
-3
-1
2
3
-8
9
-5
-4
7
0
-12
11
6
-13
4
6
-4
-6
5
0
4
-6
6
1
-9
5
5
-6
0
6
-7
7
-6
-1
3
1
-1
-4
4
-5
7
0
-8
2
3
-3
0
3
1
-1
-2
-1
0
2
1
-7
4
1
2
-1
-1
1
-2
-1
0
1
-8
5
13
-10
0
4
1
2
-10
4
-1
-1
6
-5
-1
4
0
-9
4
5
-8
4
5
-3
-11
10
-7
1
6
-9
-2
18
-13
-9
17
-10
4
1
0
-7
-2
10
-7
4
4
-9
1
5
0
-5
14
-16
1
16
-9
-9
1
7
4
-5
-6
9
9
-9
-7
19
-15
-4
7
3
-2
-9
10
-6
2
2
8
-5
2
-6
-6
8
1
-2
-7
13
-2
-14
11
6
-7
-9
11
11
-19
1
10
-3
-13
20
-9
-11
23
-11
-10
6
9
-11
2
11
-22
12
5
1
-12
0
23
-16
-12
12
10
-14
-1
8
-4
2
-1
-4
-6
17
-2
-7
3
-4
2
1
-6
-3
14
0
-3
-10
4
15
-2
-25
13
13
-16
1
-1
1
15
-8
-11
4
16
-11
-9
2
9
-2
-5
-6
9
4
-1
-6
1
10
-16
4
4
7
-25
12
8
6
3
-14
-3
2
11
-23
17
12
-2
-25
11
13
-15
-1
12
-7
-11
16
-2
14
-24
11
-9
2
6
-5
7
1
-8
0
12
-3
-2
-4
18
-21
11
-15
24
-26
1
18
-17
28
-29
25
-12
-6
2
17
-29
-2
18
6
-14
0
2
18
11
-46
10
14
-6
-14
32
-13
-3
-8
10
-9
28
-2
-28
1
6
-25
22
21
-3
4
-3
-14
-14
24
0
-33
22
29
-22
-12
-7
36
-13
-11
2
16
-3
-15
-17
7
49
-40
-29
51
3
-50
28
27
-27
-18
42
-47
31
4
-23
6
26
-30
8
12
-18
14
-9
12
-12
11
-34
35
-8
-24
37
-16
-28
49
4
-42
24
-8
10
-31
9
21
-3
-18
-3
66
-56
-12
35
-17
-30
18
46
-30
13
-28
10
7
-17
10
-10
41
-34
2
9
22
-49
28
-4
11
-37
11
25
5
-22
0
22
-37
26
-1
-5
-5
23
-49
46
-2
-1
-26
22
-5
-4
1
1
3
-7
9
1
-3
-12
6
1
-1
27
-45
22
-8
27
-32
7
18
-31
33
-25
17
-26
45
-32
3
6
-13
22
-14
-12
10
31
-21
-31
17
30
-6
-35
18
24
-40
4
23
-34
32
3
-14
15
-1
-22
-19
47
14
-45
-3
32
-22
-22
44
-18
0
-9
24
-16
1
-11
38
-18
-35
25
-16
25
-25
13
14
-5
-27
28
3
1
-41
34
3
-2
-6
26
-41
-5
44
-46
11
28
-4
-17
29
-35
-9
52
-45
-14
44
-32
17
9
-8
-41
61
-19
-30
39
10
-36
2
6
-2
13
-5
-33
37
-1
1
8
-29
0
9
17
-22
17
-27
37
-33
19
7
2
-16
7
-25
41
-17
-22
47
-53
7
35
-30
5
12
15
-15
-10
-10
3
39
-28
-10
10
20
-45
25
9
-31
19
0
11
2
11
2
4
-59
31
29
-50
-2
33
5
-13
-16
36
-11
17
-17
-29
18
-14
9
1
-8
53
-16
-53
48
-6
-41
-7
66
-17
-36
62
-43
-22
21
-13
21
-21
44
-47
21
-3
-9
35
-40
16
-9
-1
29
-22
-4
9
-11
-34
71
-5
-62
55
-24
24
-22
-38
67
-27
17
-43
-3
90
-64
3
-20
37
-19
-7
-16
28
43
-50
-12
5
40
-29
-7
37
-46
3
20
-26
57
-63
42
-16
18
-19
-24
63
-46
5
4
-7
25
-40
13
21
-13
-3
-27
81
-44
-32
53
-36
44
-54
19
31
-51
25
-20
5
47
-51
18
-2
17
-48
13
59
-87
77
-59
23
0
-2
16
-55
37
29
-18
9
-14
36
-23
-11
5
-62
104
-77
38
-1
9
-53
17
71
-102
68
-12
-4
-40
54
-14
-52
76
-26
-8
-12
9
2
-27
44
-42
24
62
-28
9
4
-46
20
-29
-28
16
-2
-49
64
-7
10
16
30
3
-40
3
36
-47
8
39
-19
-36
36
-20
-14
-20
54
-38
-33
13
28
-7
-16
78
-88
67
-26
28
-8
27
-52
-32
41
-14
-30
-2
21
34
-41
34
53
-6
-18
-20
58
-50
-88
18
11
-11
-9
74
36
-21
-70
-17
15
3
-3
35
31
-7
-27
-15
73
-107
102
-45
82
-83
-1
12
-52
75
-110
127
-100
99
-96
20
33
-16
-11
-32
120
-52
33
-81
64
-76
12
11
38
-1
-14
40
-111
93
-9
-75
59
47
9
-53
-45
11
-2
-17
62
7
-23
-1
-27
100
-89
4
56
-68
75
-88
78
-53
23
27
-79
58
8
20
-31
140
-157
2
23
-31
-37
-28
60
-28
26
16
8
25
-34
-45
58
-24
14
-57
70
-60
82
-1
-7
80
-146
73
-41
18
-12
-10
17
-17
57
-106
107
-17
-47
-14
53
21
-12
3
-11
-25
9
19
-19
-71
-56
40
24
-49
86
41
-25
-36
55
46
-28
16
50
-36
-3
-34
9
126
-159
72
-59
35
-95
35
1
-73
66
-72
106
-113
66
-33
-73
110
-27
2
105
30
26
-104
90
-88
63
21
-70
103
-137
105
-164
39
23
-84
92
-85
84
-52
81
-86
33
34
-97
4
7
35
-63
52
64
22
-49
133
-86
6
13
40
67
-87
41
-92
-53
54
-125
55
33
43
-65
112
-24
-49
-9
-95
102
-65
31
91
-27
-29
-56
-82
23
-52
120
-23
123
74
-73
-25
-25
-5
-71
129
-29
-65
191
-198
77
-108
66
-97
124
110
-223
292
-217
144
-43
107
56
-246
91
-38
-45
-9
-51
-37
-115
52
-21
33
102
-10
22
-12
-39
92
-29
76
86
-21
-7
7
17
-149
99
-69
-53
-38
2
15
-130
149
-108
153
-108
45
205
-120
89
-150
31
26
-6
71
-120
32
-50
5
-30
108
17
-119
49
10
-100
11
46
96
-69
-11
-10
57
12
-15
145
-152
125
-125
29
-25
-107
12
-92
49
107
42
15
46
-17
-19
32
19
-96
71
-12
-32
-58
-15
23
-133
69
61
39
-78
92
-48
2
-14
-69
2
13
96
14
81
47
-197
149
-157
61
-88
133
54
-112
94
-155
40
-69
-1
28
54
-13
-14
21
0
47
45
-56
112
-111
49
14
-20
22
-181
4
-51
81
-15
168
76
-182
-44
-50
-52
23
131
104
-9
-6
-19
-37
-108
10
109
-3
12
42
-87
-109
-14
131
-35
76
-48
-48
40
-25
34
-41
79
-92
46
-81
147
-115
51
48
-49
-27
-64
117
-86
100
-179
151
-104
121
-37
125
-20
-52
-9
25
20
-128
174
-125
55
73
-96
-71
90
8
-46
63
-120
-33
-118
167
-187
-27
176
-137
70
-48
101
-27
168
91
-28
-25
118
-45
67
-76
-9
10
-64
-85
-67
-68
-128
54
-133
76
1
69
93
53
43
-60
204
-52
138
7
-24
0
-16
-134
-89
113
-131
31
-51
21
-92
-70
87
-34
-48
165
-43
19
-16
-26
-41
48
89
-68
205
-16
1
-37
-2
-9
-98
125
-83
0
107
-164
-6
39
-33
54
-17
38
-161
-10
18
3
87
-9
58
-38
161
-156
64
-89
-40
103
-69
97
-56
31
-85
126
-120
0
-5
121
-38
-59
128
-217
136
-113
44
-10
4
12
-35
99
-83
79
-32
49
-19
-1
117
-10
32
-14
-60
-34
-16
-17
-29
-4
52
-124
36
-43
-58
19
44
45
4
81
-60
47
20
3
-141
155
-127
224
-62
29
-14
-105
57
-62
108
-106
43
-62
28
-108
-37
-5
33
161
-183
247
-58
-58
108
-37
14
-157
139
-43
-82
2
78
-228
152
-52
7
-93
22
16
74
144
-117
256
-106
99
-43
58
4
-111
5
-82
-43
-142
81
-105
106
-67
5
82
-117
214
-167
214
-184
219
-135
46
96
-178
142
-197
145
-123
36
42
-88
-30
167
-79
-7
196
-151
81
-48
37
-18
-54
101
-45
-71
-41
16
-102
81
-62
-33
-36
68
-28
118
58
-115
165
-80
65
-68
92
-6
-26
136
-148
195
-74
-69
-31
88
35
-168
263
-195
-35
-47
-5
-102
-172
135
-174
-38
115
-168
81
118
-3
20
83
121
-163
149
261
-7
0
71
57
-110
106
-17
-216
48
-138
-80
-101
82
-195
150
-47
16
-43
51
48
-134
199
-171
169
-31
-151
-12
94
-125
212
-60
247
-187
272
0
-54
2
-207
155
-326
205
-287
97
-31
77
33
160
86
-80
237
-206
14
-110
-101
-81
31
24
-46
22
-11
104
1
160
-39
3
-80
157
-107
-73
17
-166
-29
-78
60
-168
248
-138
120
192
-84
127
173
11
79
-94
-76
-123
36
-90
-68
135
-79
31
59
-23
-24
18
85
-31
-20
-49
-70
-79
88
-17
-60
143
-265
85
-65
76
-69
71
30
69
175
13
-24
2
-82
-37
80
-90
77
-138
113
-114
68
-66
68
-79
101
-31
30
-33
-149
53
-99
135
-13
67
-48
63
19
33
32
30
-86
-43
79
-137
89
-64
-20
177
-129
209
-185
138
-137
-124
215
-211
81
-82
14
-59
78
88
-45
66
-111
-101
165
-150
109
-109
142
-108
50
155
-121
153
1
88
-70
-4
28
-153
163
-112
106
-15
-160
37
-104
18
-154
104
-186
109
17
-27
150
-14
76
110
19
50
47
-26
-41
10
-19
-111
-33
25
-207
204
-39
-13
5
-39
-44
-55
126
-18
-7
78
-75
29
-63
-14
-5
-81
99
-10
75
-11
58
68
-9
74
102
-46
-124
102
-161
-32
-26
-52
60
-66
56
-158
142
-173
151
-68
161
-21
-16
204
-110
126
-41
-15
-20
101
-189
38
-65
-14
-76
52
68
-200
116
-125
8
-85
31
129
-182
258
-153
176
37
12
-29
103
6
-66
49
-94
113
-133
60
-95
248
-213
42
-13
-42
8
-70
1
-43
39
-85
85
47
13
-18
-91
90
-103
93
-139
179
29
-55
119
-57
64
-233
196
-70
36
-51
54
-43
-108
156
-12
-163
210
-43
-76
196
-197
95
-27
75
-146
96
-6
-74
43
-25
69
-95
-8
101
-93
-17
40
32
-113
74
16
-79
121
3
-105
178
-82
22
-28
67
-88
-52
131
-191
207
-140
115
-76
64
-153
78
-9
-181
232
-110
-45
132
-114
98
-145
46
16
-6
173
-204
165
-77
-137
177
-185
108
-11
-100
182
-110
158
-146
97
50
-74
132
-116
53
-14
-66
121
-134
104
-138
56
45
-223
291
-174
119
-47
50
-40
4
38
-16
147
-173
212
-123
-15
7
-19
89
-12
-76
-75
-87
-16
-11
32
33
3
-28
54
3
61
-68
24
46
37
-121
105
20
-164
152
-135
185
-136
125
17
-16
-12
-49
20
-64
174
-158
166
-25
-132
-17
73
-89
57
64
-80
2
-16
-89
-24
78
-95
145
-18
-47
81
5
-77
57
-28
-69
108
-19
-74
105
-43
-22
72
41
-199
253
-232
91
-87
-63
45
-40
42
-33
75
-22
120
-117
184
-278
150
-19
174
-290
258
-115
-158
233
-177
40
-66
233
-121
118
38
-139
53
-79
20
-66
-55
95
-13
61
-24
1
-66
55
-50
60
5
-22
-1
71
-42
-64
4
-127
228
-92
112
2
-136
140
-123
59
11
64
-199
238
-114
-68
199
-245
180
-192
109
-76
66
6
-117
98
34
-46
3
-8
25
-14
-65
184
-76
-27
47
-45
104
-36
61
-2
70
-81
-90
112
-34
-63
14
91
-25
-31
35
-1
-106
41
-94
75
-40
-41
45
9
90
-148
63
25
0
-160
176
-72
47
-2
-39
250
-249
196
-147
82
-170
-52
114
-183
95
-19
133
-26
144
-162
144
-81
27
-114
78
-42
-144
134
-60
100
-26
40
44
-83
39
-9
-150
146
-118
157
-175
131
-24
-38
92
-168
69
-58
58
-37
47
106
-168
156
-48
51
19
-180
288
-273
185
-85
-75
244
-419
344
-111
75
22
-152
142
-205
174
-64
50
-28
-11
13
-159
168
-138
1
98
-17
60
-77
165
-79
-56
184
-264
222
-102
34
152
-48
19
-92
9
-143
27
94
-163
79
33
-198
153
-195
121
39
-172
252
-69
204
-175
-27
72
-180
241
-253
446
-243
175
-86
-36
-6
-211
202
-173
243
-205
127
-92
-100
25
-18
264
-79
34
-24
-54
92
-194
145
-167
36
123
-172
246
-10
-197
273
-171
107
-202
225
-221
-22
58
-260
433
-209
38
16
59
28
-181
291
-335
226
2
50
99
-181
-45
-220
153
87
-86
239
-106
150
-88
-53
-45
-172
176
-191
230
-72
-195
276
-276
259
113
-76
117
-111
55
-170
51
-100
-101
133
88
-73
174
-197
102
-297
156
15
66
167
-138
79
-168
58
-209
119
-80
-46
117
107
101
-59
23
-11
-7
-12
-27
9
-52
82
-17
-25
-127
1
-35
22
-19
1
98
-101
85
75
-153
31
-38
55
11
65
-144
193
-1
-197
305
-227
253
-92
183
4
-7
45
-207
102
-33
-181
124
-151
-14
-40
-58
178
-277
359
-153
7
79
-163
69
-74
21
-72
55
-1
-104
17
231
-266
278
-169
272
-90
60
-108
83
120
-172
309
-464
299
-417
154
-106
68
-69
-11
143
-21
73
4
34
-227
337
-342
405
-366
279
-17
-235
275
-416
453
-462
329
-134
186
-105
45
53
-173
33
-105
236
-215
364
-437
384
-221
-7
-6
-125
85
-138
282
-101
227
-229
36
-134
101
-89
186
-40
60
50
-84
103
-333
295
-210
337
-17
-107
167
-419
219
-309
369
-283
196
61
66
57
-31
162
-285
141
-182
246
-111
216
-305
172
-138
-59
-34
71
-60
-225
14
-292
175
-263
68
2
-52
209
45
-92
-238
233
-367
184
108
169
182
210
-37
94
-51
-89
69
-62
86
-113
18
-176
205
-191
200
49
130
19
139
156
-142
-123
-217
0
-134
190
-85
168
174
-19
0
-175
92
-313
215
174
22
-92
-180
-69
82
-66
22
-4
5
59
-76
17
-263
182
-128
54
-10
-15
-35
-352
-26
45
153
-112
244
178
55
146
-113
-64
-365
-58
109
29
75
-275
160
14
77
-75
40
35
-59
95
83
-63
31
-38
11
278
-79
140
86
81
-147
91
244
87
-87
97
40
-21
-24
-90
7
-68
-6
-92
59
-171
-377
-199
14
-84
-251
240
-206
222
28
191
252
-32
-41
-187
286
-191
-124
114
276
-82
169
12
-77
-131
-175
-4
-21
-32
-434
50
-18
-356
-224
39
-257
-113
-139
83
134
91
279
19
326
196
-69
25
25
33
35
100
133
-59
92
-63
170
83
80
-100
-66
69
-37
152
-146
81
127
191
80
188
65
-83
-73
58
277
-232
-57
-108
-123
-142
-70
49
-169
213
62
378
-69
-157
-93
-217
64
-97
115
-63
-28
-119
-37
92
-79
-172
-49
179
93
-102
36
-216
-204
-153
0
226
45
-85
-79
70
322
289
232
289
449
527
418
519
272
198
380
379
331
154
-97
-148
-386
-118
-288
-344
-318
-649
-489
-491
-547
-711
-713
-637
-696
-419
-416
-769
-689
-636
-441
-398
-318
-349
-276
-89
-130
-115
-219
-172
-121
146
562
439
418
231
316
167
322
509
344
383
725
952
914
1333
1103
1104
1124
1214
1171
852
838
562
715
615
498
459
417
461
371
557
556
510
282
209
492
374
350
-61
-199
-283
-562
-493
-779
-754
-877
-775
-869
-960
-1208
-1529
-1671
-1663
-1719
-1899
-1734
-1964
-2014
-2118
-1953
-1896
-2167
-1966
-1952
-1628
-1554
-1464
-1358
-1448
-1239
-1032
-777
-608
-624
-584
-357
-264
204
712
1360
1871
2284
2747
3024
3438
3491
3745
4129
4330
4433
4417
4292
4010
3655
3320
3168
2819
2539
2470
2198
1727
1170
736
304
-105
-334
-351
-322
-469
-742
-1094
-1612
-1993
-2195
-2329
-1972
-1593
-1477
-1707
-1910
-2217
-2552
-2669
-2863
-2960
-3092
-3336
-3870
-4515
-5386
-6454
-7267
-7739
-8405
-9170
-9078
-6911
-2901
849
2046
657
-869
-495
2126
4800
6441
6482
6659
7711
9130
9306
7813
5929
4696
4987
5821
6644
6453
5316
2945
136
-1690
-2327
-1856
-1857
-2465
-3089
-3206
-2861
-2649
-2894
-2717
-1859
175
2048
2723
2038
750
779
1775
3447
4460
4957
5042
4507
3909
2737
1419
289
-246
221
860
864
-605
-2783
-4879
-6258
-6608
-6607
-6331
-6241
-6191
-6372
-7344
-8702
-9978
-10800
-10720
-10659
-11377
-10355
-6793
-142
3961
3453
2
-2219
496
5191
9962
10640
10038
9844
11461
13202
12240
9596
6888
6294
7318
8338
8652
7841
5170
1337
-2639
-4209
-3949
-2760
-3356
-5221
-7158
-7738
-6976
-7069
-7192
-6598
-3540
304
2194
1801
-12
-755
398
3232
6529
8310
8407
7258
6404
5384
3720
2260
1678
2746
3684
3758
2226
-777
-4234
-6823
-7285
-6792
-6386
-6798
-7430
-7892
-8732
-10077
-11809
-12946
-12603
-11774
-11002
-12103
-11753
-8339
-1167
4858
4707
1651
-1537
1976
7468
12811
13679
11929
11298
12851
15676
15326
12157
8596
7363
8394
9369
9175
8140
4985
568
-4241
-6070
-5368
-3966
-4691
-7504
-9661
-10167
-8766
-8005
-8114
-7632
-5357
-1029
1330
1595
-484
-1185
1074
5024
8963
10363
10063
8534
7285
6392
5091
3926
3273
3586
4034
3175
887
-2744
-5755
-7666
-8022
-7611
-7618
-8125
-9077
-9866
-11070
-12290
-13800
-14175
-13767
-12624
-12937
-12974
-9836
-3237
4367
5630
2788
-1401
383
6302
13003
15831
14285
12397
12609
15134
16015
13851
10306
8467
9079
10244
10217
9209
6198
1723
-3420
-6074
-5211
-3467
-3482
-6466
-9683
-10643
-9445
-7902
-7764
-7633
-6419
-3060
103
1006
-265
-1713
-243
3619
7977
10300
9669
7949
6249
5819
5320
4670
3944
3395
3010
1948
192
-3006
-5898
-7849
-7909
-7254
-7367
-8784
-10719
-11903
-12747
-13375
-14508
-15235
-15133
-15052
-12312
-7159
547
4294
2613
-1191
-2098
2877
8918
14087
14907
14450
14039
14695
15259
13480
10988
9745
10653
11902
11446
9677
7291
3865
-518
-4471
-5089
-3656
-2245
-3943
-7281
-10053
-10775
-9764
-8899
-7824
-6389
-3757
-1548
-697
-1207
-1944
-1031
1610
5168
8280
9557
9403
7658
6061
4827
4415
4860
4878
4654
2648
572
-1686
-3953
-5949
-7454
-7368
-7072
-7175
-9090
-11262
-13223
-14256
-14852
-15507
-15780
-16272
-13431
-7706
302
3420
518
-4060
-4423
1904
9048
13996
14327
13113
12685
13824
14825
13602
11477
10191
11040
12294
12351
10810
8391
4526
-208
-3933
-4106
-1457
5
-2338
-7097
-10526
-10738
-8979
-7899
-7357
-6419
-3878
-1524
-1070
-2261
-3420
-2187
1292
5601
8610
9274
8263
6725
5590
4651
4256
4593
5187
5208
3447
823
-1932
-4033
-5509
-6475
-6439
-6493
-7149
-9357
-11307
-13086
-14015
-15161
-15975
-16456
-15476
-10913
-4230
1941
1056
-3607
-7293
-3447
4590
11328
13182
11289
10115
10929
12830
12947
10886
9443
10284
12383
12950
11088
8592
6032
3168
-188
-1999
-827
1632
1543
-1948
-6288
-8425
-7795
-6646
-5861
-5004
-3330
-1182
-474
-1146
-2840
-3468
-1955
1491
5153
7172
7119
5835
4502
3552
2494
1884
1935
2445
2413
842
-1167
-3293
-4811
-6083
-6676
-6737
-6858
-7690
-8723
-9839
-10823
-12580
-14150
-15129
-14620
-10652
-4131
2975
3733
-822
-6378
-5744
1184
8844
12988
12270
10789
10020
10470
10199
8598
7623
8415
10649
11781
10501
8010
5604
2824
-624
-3086
-2431
732
2738
811
-3503
-6786
-7074
-5908
-5103
-3908
-2101
344
977
-90
-1543
-2166
-1159
854
3784
5827
6253
5406
4271
3435
1857
420
22
868
1364
40
-2163
-4419
-5743
-6755
-6941
-6552
-6487
-7442
-9104
-10351
-10829
-11459
-12511
-13898
-13455
-8703
-1074
5811
4870
-1085
-6614
-4199
3911
11751
14288
12060
9777
9475
10698
10328
8139
6559
7382
9716
10393
8839
6271
3821
1099
-2570
-4341
-2888
667
1663
-1371
-5910
-7887
-6548
-4084
-2690
-2047
-1326
-166
830
909
319
-232
386
2333
4786
6316
6164
5197
4020
2965
1707
720
419
299
-303
-1792
-3273
-4820
-6351
-7838
-8509
-8167
-7923
-8329
-9447
-10581
-11520
-12501
-13177
-13769
-11303
-5490
2538
6443
3283
-2845
-5399
-108
7660
13570
13741
11550
9917
10035
10663
9357
7876
7202
8385
9341
8424
6598
5003
3398
273
-3518
-4654
-2125
1423
984
-2995
-7068
-7544
-5239
-3185
-1965
-1242
-105
711
987
952
554
344
1262
3535
6059
6482
5406
3852
3004
2053
947
666
518
263
-1667
-3335
-4519
-5568
-7000
-8444
-8234
-7732
-7840
-9143
-10648
-11563
-12450
-12897
-13398
-12323
-8025
-1685
4043
3659
-544
-4364
-2297
4357
11028
14306
12932
10737
9440
9660
9702
8912
8851
9422
9982
8569
6272
4842
4254
2801
-514
-3331
-3183
-511
688
-1458
-5076
-6761
-5918
-4343
-3363
-2255
-850
426
527
270
202
575
1325
2708
4720
6014
5898
4675
3533
2422
1025
585
1061
1390
-76
-2614
-4317
-5334
-6470
-8181
-8668
-8015
-7361
-8234
-10207
-11936
-12802
-13011
-13050
-12495
-9634
-4381
1306
3277
812
-2894
-3165
1615
8035
12925
13427
11777
9723
9168
9317
9479
9974
10863
11375
9638
6714
4357
4066
3879
1998
-1001
-2592
-1662
-457
-1281
-3679
-5704
-6003
-5425
-4313
-3032
-1512
-475
-387
-579
-851
-481
414
2169
4032
4955
4888
4554
4444
3700
2083
1003
1132
1989
1444
-656
-2884
-4575
-5632
-6914
-7307
-7042
-6901
-7765
-9215
-10394
-11433
-12363
-12999
-12436
-10757
-7362
-2965
1027
1574
-838
-3251
-1837
3251
8614
11798
11810
10716
9403
8709
8639
9029
10275
11186
10920
8669
6138
4611
4296
3786
2078
162
-987
-866
-994
-2033
-3640
-4837
-4940
-4590
-3779
-2848
-2033
-1583
-1549
-1355
-1289
-1061
-134
1591
3352
4361
4517
4366
3782
2579
1505
1646
2664
3095
1829
-797
-3048
-4594
-5153
-5290
-5100
-5033
-6024
-7739
-9354
-10028
-10459
-10822
-11224
-11081
-10343
-8547
-5180
-1474
546
-537
-2028
-1690
1764
5583
8418
9613
10036
9768
8851
7922
7589
8422
9551
10122
9001
6744
4504
3596
3418
3152
2217
1140
313
-447
-1435
-2327
-3013
-3143
-3095
-3016
-2719
-2252
-1700
-1282
-1295
-1553
-1714
-1181
344
2190
3346
3459
3071
2728
2426
1980
1701
1917
1965
1517
33
-1736
-3375
-4354
-4206
-3566
-3179
-4223
-6010
-7693
-7994
-7415
-7000
-7316
-8569
-9173
-9145
-7871
-5346
-2675
-130
75
-281
-992
-71
2158
4819
7518
8539
8489
6849
5518
5157
5796
7399
8354
8374
6442
3840
2051
2277
3463
3746
2629
459
-972
-1470
-998
-380
-224
-967
-2118
-2790
-2373
-937
354
505
-469
-1578
-1715
-773
815
1942
2495
2453
2510
2532
2205
1353
576
570
735
650
-556
-1887
-2888
-3115
-3022
-2953
-3161
-3783
-4116
-4072
-3902
-4240
-5226
-5564
-5219
-4299
-4287
-5201
-6412
-6212
-3824
-703
1537
831
-718
-1945
-714
1605
3998
5050
4614
3399
2385
2668
3467
4493
4786
4757
4160
3343
2613
2507
2894
3018
2694
2268
2158
2195
2044
1897
1534
1011
445
197
258
166
-52
-146
-547
-1405
-2348
-2320
-844
1047
2404
2493
1570
417
-368
-211
313
638
481
246
-36
-765
-1873
-2952
-2739
-1688
-678
-860
-2108
-3179
-3260
-2362
-1483
-1245
-1861
-2748
-3375
-3334
-2804
-2521
-2760
-3310
-3620
-3559
-2764
-1400
13
237
-777
-1828
-1799
-666
368
952
1212
1478
1501
1128
1013
1058
1400
1820
2531
3195
3318
3134
2974
3078
3249
3676
4528
5185
5132
4150
3144
2354
1769
1330
674
441
281
556
426
-154
-875
-1277
-893
-209
460
665
514
-18
-708
-1449
-1833
-1546
-793
-339
-708
-1739
-2491
-2483
-1741
-963
-658
-769
-1125
-1193
-1035
-608
-454
-720
-1116
-1222
-673
-195
-125
-752
-1384
-1728
-1701
-1395
-1333
-1659
-2464
-3181
-3316
-2739
-1848
-1244
-1398
-2153
-2833
-2591
-1658
-391
407
667
460
225
523
1484
2787
3587
3535
2997
2925
3310
3901
4274
4530
4727
4554
3834
2808
1989
1449
1141
723
290
-18
-120
84
187
-146
-981
-1542
-1393
-738
-493
-888
-1266
-1260
-728
-525
-743
-1255
-1592
-1293
-538
295
522
199
-401
-651
-458
-35
229
88
-255
-501
-579
-380
-51
59
-231
-807
-1087
-883
-378
-127
-397
-928
-1290
-1145
-853
-615
-560
-668
-1023
-1377
-1237
-641
-54
-41
-458
-786
-663
-255
229
427
477
461
440
700
1064
1309
1232
898
509
301
390
784
1200
1227
813
265
-79
8
189
357
414
222
7
-118
76
336
201
-158
-376
-156
290
650
802
736
622
435
210
-32
-193
-108
270
651
693
264
-444
-972
-1071
-711
-312
-177
-576
-1140
-1427
-1325
-834
-490
-275
-300
-482
-689
-661
-91
638
1008
793
269
-10
162
748
1388
1654
1456
928
658
674
978
1203
1174
841
235
-297
-672
-540
-230
55
-116
-641
-1110
-1473
-1397
-1218
-1014
-992
-1071
-1012
-962
-826
-939
-1087
-1054
-744
-212
136
242
127
138
386
754
1000
864
618
471
607
935
1209
1105
720
309
63
68
112
146
24
-162
-436
-645
-784
-688
-442
-323
-403
-552
-467
-222
20
-39
-267
-363
-210
150
496
809
896
741
560
475
727
1067
1291
1158
891
610
393
426
524
593
385
27
-254
-224
-193
-441
-871
-1242
-1276
-1047
-692
-607
-833
-1132
-1317
-1311
-1124
-783
-475
-196
-88
-51
-58
8
236
514
761
820
823
871
945
950
807
788
784
793
761
704
475
46
-373
-429
-164
53
-48
-464
-832
-926
-872
-734
-649
-727
-824
-870
-777
-629
-392
-126
120
185
169
215
370
485
512
432
449
691
1029
1355
1243
777
254
68
248
483
439
123
-230
-479
-539
-562
-556
-648
-864
-1085
-1204
-1081
-794
-524
-364
-321
-343
-269
-67
144
305
423
585
761
973
1126
1153
1130
1108
1145
1129
1088
920
695
451
355
435
550
560
323
-50
-450
-633
-599
-480
-502
-761
-1049
-1221
-1223
-1206
-1128
-1002
-895
-901
-927
-887
-616
-316
-207
-408
-715
-683
-241
402
725
519
60
-178
-72
156
262
203
82
-55
-69
64
143
72
-162
-379
-481
-364
-48
173
215
56
-41
38
284
582
724
677
467
406
551
808
1009
1047
1019
953
800
609
381
220
246
449
631
556
264
-13
-66
83
190
80
-131
-363
-363
-228
-94
-152
-409
-556
-532
-295
-208
-269
-389
-318
-94
16
-80
-355
-457
-352
-67
127
36
-215
-416
-489
-496
-479
-540
-689
-814
-821
-693
-584
-655
-820
-899
-727
-369
-42
67
-96
-339
-420
-255
112
501
728
765
692
623
653
696
763
932
1115
1282
1274
1068
735
460
391
570
899
1094
903
372
-193
-393
-253
48
145
-43
-349
-630
-706
-693
-564
-438
-279
-224
-350
-536
-638
-460
-209
-31
-74
-209
-301
-244
62
400
497
312
37
-96
-46
52
-5
-156
-263
-265
-190
-228
-429
-734
-884
-784
-467
-141
-76
-230
-409
-436
-287
-70
84
142
152
191
289
395
508
599
730
849
836
765
736
751
703
599
501
526
633
648
411
38
-195
-206
-21
84
-65
-328
-525
-549
-576
-623
-621
-579
-522
-557
-590
-565
-463
-446
-513
-555
-489
-331
-230
-225
-277
-305
-264
-164
-48
27
75
61
81
104
143
150
92
43
58
183
322
481
468
342
184
191
329
489
554
479
359
245
220
219
273
343
461
581
595
423
172
27
116
283
377
356
235
166
149
113
-26
-190
-265
-171
-47
-56
-156
-346
-505
-593
-596
-485
-410
-462
-544
-540
-438
-325
-316
-401
-492
-448
-254
-44
-25
-199
-366
-449
-364
-214
-98
-68
-180
-312
-367
-274
-143
-84
-162
-269
-238
-81
191
357
306
126
53
145
329
467
512
492
408
373
434
638
868
1022
988
790
576
446
497
658
723
637
411
207
150
257
361
290
87
-147
-264
-280
-215
-228
-286
-403
-457
-431
-401
-460
-532
-539
-489
-401
-365
-349
-385
-427
-432
-344
-225
-171
-292
-449
-518
-404
-247
-197
-275
-442
-575
-608
-485
-334
-285
-358
-408
-341
-252
-182
-203
-224
-171
-13
177
344
430
411
367
350
397
551
766
993
1121
1054
871
703
665
739
867
918
885
798
660
602
562
495
386
254
151
70
-10
-109
-185
-216
-239
-304
-384
-449
-500
-571
-630
-595
-497
-400
-389
-484
-631
-679
-579
-415
-359
-414
-561
-626
-500
-325
-187
-168
-275
-365
-369
-300
-243
-252
-267
-192
-74
-33
-129
-266
-295
-211
-80
71
168
191
135
46
53
132
251
406
544
662
699
631
564
558
630
691
748
753
744
795
831
820
653
413
244
294
424
437
298
73
-97
-205
-216
-235
-325
-438
-540
-557
-542
-538
-543
-565
-617
-696
-707
-630
-557
-569
-628
-638
-544
-424
-336
-278
-243
-167
-110
-72
-123
-178
-148
10
193
238
141
-60
-120
-52
97
156
130
70
16
38
17
21
10
23
88
187
301
411
484
506
486
418
386
439
533
647
706
744
732
640
531
434
387
352
332
274
191
84
5
-77
-238
-452
-601
-568
-419
-307
-336
-439
-580
-640
-624
-457
-295
-193
-198
-261
-315
-271
-129
-19
39
-24
-63
-83
-39
-79
-175
-280
-250
-119
-22
-51
-203
-308
-302
-205
-128
-143
-191
-212
-169
-116
-68
-39
-18
20
115
217
288
355
423
462
397
305
304
455
631
707
695
653
647
591
498
383
353
368
359
282
133
25
-16
-73
-211
-391
-468
-462
-426
-370
-389
-502
-647
-728
-712
-592
-436
-293
-238
-313
-349
-265
-76
76
110
101
114
159
177
124
51
7
24
84
97
26
-62
-134
-155
-129
-139
-89
-41
-39
-74
-143
-160
-179
-133
-84
-28
39
118
214
259
228
198
231
341
474
562
650
695
698
646
527
419
371
438
494
488
395
254
121
0
-99
-152
-198
-258
-349
-432
-454
-491
-562
-686
-764
-754
-643
-562
-590
-695
-722
-613
-428
-248
-206
-224
-217
-149
-37
82
113
119
149
196
278
304
254
183
157
191
256
274
223
150
54
-1
0
50
94
101
81
124
169
135
101
71
149
240
349
379
349
323
383
470
522
528
480
450
376
295
187
142
125
81
27
-53
-95
-124
-161
-263
-393
-483
-481
-502
-537
-547
-512
-465
-446
-487
-585
-598
-497
-380
-290
-238
-233
-227
-200
-134
-68
11
47
77
79
86
115
119
134
93
27
-18
-6
35
77
116
112
102
95
98
127
173
205
206
154
73
59
151
297
463
583
580
509
403
356
396
483
539
500
402
238
132
72
57
23
-33
-72
-62
1
15
-79
-232
-342
-360
-333
-298
-295
-295
-332
-407
-468
-538
-527
-436
-394
-413
-417
-373
-290
-221
-213
-181
-122
-79
-72
-140
-144
-104
-28
50
87
83
41
30
17
53
136
202
186
48
-66
-83
45
188
257
231
99
-33
-30
66
257
328
320
209
264
573
916
1082
906
525
-65
-496
-708
-513
-201
193
460
614
613
469
258
50
-60
-164
-82
73
212
219
58
-177
-398
-533
-564
-423
-213
-61
-46
-161
-309
-453
-479
-441
-371
-276
-212
-211
-345
-472
-483
-364
-170
-40
44
53
-14
-134
-179
-119
-53
29
90
149
187
214
204
195
146
91
67
90
164
258
270
210
120
53
84
141
195
186
108
53
46
68
92
90
96
99
160
206
251
263
206
137
53
77
128
171
187
136
37
-70
-146
-154
-88
-41
-34
-22
-50
-99
-249
-425
-575
-592
-475
-163
193
437
473
322
72
-259
-511
-665
-676
-587
-417
-213
14
162
207
163
135
106
78
76
66
14
-82
-191
-145
88
323
475
499
442
288
140
5
-83
-112
-102
-5
76
168
180
149
30
-56
-113
-71
31
114
116
7
-103
-182
-138
-52
96
212
272
266
225
171
108
44
-5
-15
-14
-41
-116
-194
-253
-274
-233
-147
-76
-64
-79
-139
-234
-301
-336
-305
-219
-102
-45
-5
-32
-25
-30
21
72
125
159
168
172
141
121
70
38
13
26
27
46
97
139
164
164
160
85
-4
-125
-230
-304
-304
-250
-81
232
508
685
701
548
145
-302
-686
-851
-829
-623
-287
109
678
1175
1418
1353
1106
584
-21
-506
-829
-961
-965
-773
-525
-272
-155
-112
-134
-181
-256
-310
-260
-162
-45
-12
-75
-171
-286
-368
-416
-334
-129
146
422
585
664
641
544
359
193
40
-36
-28
-2
69
121
187
194
221
195
124
77
25
32
26
52
33
51
52
51
20
0
-13
-57
-89
-108
-109
-56
66
132
206
186
93
-61
-187
-292
-311
-221
-27
143
231
220
62
-95
-233
-349
-422
-402
-317
-200
-105
-19
-34
-105
-215
-293
-331
-302
-238
-175
-113
-64
-40
-31
-71
-65
33
112
179
219
233
229
194
138
82
23
97
185
242
362
459
520
541
525
424
293
62
-143
-217
-245
-199
-39
105
210
206
146
-17
-126
-186
-185
-80
46
174
130
60
-50
-119
-125
-123
-88
-67
-52
-76
-75
-78
-105
-174
-203
-253
-280
-280
-213
-159
-146
-80
-101
-88
-106
-137
-218
-292
-244
-246
-108
25
118
117
83
22
-74
-71
-90
31
96
177
207
186
172
71
93
76
128
161
330
468
470
481
372
235
94
46
-28
0
58
116
180
177
180
79
70
48
-7
-61
-106
-208
-297
-305
-370
-365
-368
-290
-233
-135
-43
-19
-33
-28
-29
-50
-25
-62
-71
-35
3
53
167
207
207
182
156
22
-84
-155
-195
-178
-114
-84
-110
-160
-199
-153
-121
-38
-78
-179
-188
-104
-25
-3
57
128
126
117
167
148
111
166
138
128
100
115
155
197
240
251
281
244
244
238
201
126
60
46
-67
-55
-28
-79
-30
-13
-7
-58
-63
-145
-215
-245
-237
-247
-260
-150
-136
-112
-19
-1
63
172
145
75
73
61
3
24
30
-14
-62
-39
10
11
-39
-105
-193
-217
-190
-236
-195
-147
-198
-162
-121
-90
-45
-48
-48
-77
-60
67
223
336
424
402
250
150
77
0
47
128
145
139
135
52
27
-64
-55
-72
-118
-113
-93
-134
-105
-14
21
79
78
-13
-65
-50
11
63
133
241
258
149
170
77
-78
-21
-42
-102
-64
-28
-31
117
100
11
-101
-251
-307
-336
-317
-246
-208
-58
97
99
75
34
-65
-186
-136
-109
-195
-36
54
160
194
177
72
-48
-38
-85
-8
101
162
275
367
234
170
51
-108
-180
-191
-96
38
84
107
160
127
114
202
171
-83
-319
-364
-233
-147
99
368
380
129
85
-239
-470
-345
-207
-12
147
281
259
189
16
-171
-293
-263
-108
138
168
171
92
26
24
-52
-50
36
-2
-43
-14
-172
-183
-113
-12
-4
55
65
-106
-133
-227
-173
-235
-194
53
333
360
295
196
-89
-292
-317
-141
35
109
358
263
301
349
131
-41
10
-43
-204
-105
-30
133
228
247
109
-50
-215
-299
-212
-291
-52
-28
-39
-39
-70
-53
-187
-29
-90
-82
-50
157
72
157
237
118
102
115
218
66
211
38
55
-47
-203
-176
-185
-54
11
-100
-157
-61
-88
-135
36
-64
-74
-14
-33
45
198
174
73
105
38
-20
-132
60
-78
-16
56
75
99
133
121
57
34
7
-22
-190
0
-83
55
197
-15
20
-84
63
-102
81
62
-59
-56
41
-116
-87
-46
-29
19
-80
154
-93
-65
-46
-259
-129
116
-56
112
42
107
-49
-12
238
-63
91
41
9
-62
108
-84
-3
-21
-1
-231
34
11
-133
154
43
-62
-75
-32
-23
-137
-59
74
-49
69
111
-130
-39
-29
-26
119
62
4
-45
33
-26
-72
225
163
-8
135
-61
-20
-55
-13
-133
-90
-75
109
-20
-63
135
42
110
58
110
-103
43
144
83
28
133
-4
34
33
-121
-45
4
144
-152
39
160
-138
-20
-112
-169
-51
14
145
-50
-133
-33
-36
-6
-34
-42
-38
19
37
-38
-29
-22
45
26
-40
-87
-21
47
26
-193
-93
96
-62
288
105
125
-33
101
-68
-231
-148
20
12
97
290
-89
91
-47
166
3
-204
-66
-156
-165
17
25
29
129
127
121
2
-210
70
24
121
17
-140
-59
-192
111
73
-76
-128
53
-5
54
159
152
109
75
129
-208
-337
-71
-152
41
147
318
65
150
5
-157
-287
-344
38
103
53
38
226
11
-48
-62
-76
-217
-147
90
44
63
172
54
62
31
-30
-31
-16
-20
86
103
84
-112
-96
-177
127
220
17
74
-9
-233
-125
-26
-68
68
167
36
54
-7
-106
-241
-105
77
66
92
-62
52
18
164
-40
-140
-4
38
-137
132
82
-72
-24
-40
88
107
46
84
77
-21
-32
49
-61
-45
15
-171
-17
8
-56
-149
262
-77
60
-45
-70
24
-121
-74
67
78
42
172
-76
-163
19
-98
184
169
20
-17
-55
101
-60
-70
-74
-154
0
133
68
88
-102
-108
-136
76
-67
38
-41
57
-1
-45
87
-222
124
-52
14
21
90
-107
49
-50
82
-51
51
187
-35
16
-110
-55
-98
134
39
17
19
73
171
45
157
117
-113
37
19
-125
45
-226
111
123
63
-24
-4
-212
-203
21
-276
-109
78
134
-179
175
-56
-182
-6
-61
0
99
91
11
-19
-11
21
154
-37
104
-44
-102
208
-80
133
-102
-39
96
82
45
47
-44
-15
-8
-123
218
-187
-47
63
-83
14
-85
-29
1
39
-39
52
-93
-22
-38
24
-152
-55
50
57
144
43
19
65
-23
-86
174
-7
-57
-1
76
78
-81
68
-22
-57
81
-79
8
67
-139
86
47
-208
66
-61
4
-178
154
-201
21
118
-30
28
64
108
-12
313
-72
-23
134
37
-73
64
38
-170
0
66
-93
-47
85
-45
-112
-30
81
-152
-28
-21
-102
103
-101
19
15
-64
123
31
11
-82
47
-36
-46
54
54
-24
46
113
74
-41
-192
122
-70
-33
-70
31
-88
53
-61
27
-92
23
139
-3
104
95
-68
-95
-50
-118
-92
-213
50
8
244
-97
138
-32
42
12
31
15
80
149
-51
160
-54
137
34
-62
-16
-129
-28
-5
149
21
-17
31
-92
-21
-34
-21
-80
-73
-113
66
-67
-72
-71
152
-60
-115
181
-41
3
-41
-22
17
-37
139
-85
128
45
-33
-15
133
-16
52
30
-7
39
-97
-41
-92
-1
-53
-49
105
-128
41
2
-15
-32
-38
-42
7
53
5
27
36
152
-6
208
114
-1
-37
-98
-58
-7
77
11
105
71
-48
0
-33
19
-91
54
-115
106
-116
16
-50
-192
43
87
-62
-45
240
-297
-50
-92
77
-42
-25
134
-111
21
24
41
-94
124
-21
22
214
-105
125
-1
-20
-139
-45
13
-92
35
6
106
-85
127
-83
20
-165
-43
71
-115
99
78
59
76
1
76
-12
20
-83
103
-36
-29
62
-58
99
-143
138
-63
-17
45
47
-130
6
-15
-51
-48
-164
36
-38
141
-116
157
132
-98
-9
-21
46
-23
-15
-72
41
-48
99
32
-40
43
-90
20
-76
47
17
23
33
21
74
-111
55
3
-44
-23
134
-87
18
48
52
-189
15
18
-134
100
-170
146
31
16
-75
11
-142
67
15
-75
-42
11
69
11
95
-60
104
-132
-47
47
-46
101
91
64
-52
2
104
-204
79
168
-127
40
28
-70
-39
-20
17
125
19
-16
15
-26
-117
-63
-36
93
-63
48
39
-12
96
-92
44
33
-41
98
-37
29
-30
-9
5
-90
-13
139
-153
86
82
17
21
-97
-12
-69
49
-21
22
-2
54
-56
64
8
-43
-87
-52
78
-127
62
-24
-41
11
79
-78
-16
19
-9
122
10
8
-34
31
-188
131
-92
-7
161
-30
50
78
-53
-100
97
-98
95
59
53
15
-90
-12
-85
-12
-58
-37
42
-19
55
-61
-44
127
-65
-28
-116
81
-38
-90
56
-52
3
113
172
-48
85
7
-64
-20
-34
-20
58
-76
96
51
-64
7
29
-152
-29
189
-25
-54
54
-119
-35
38
-147
-13
52
-6
42
27
65
-84
104
140
-62
45
30
-63
-90
-31
49
-40
63
120
59
68
9
-33
-66
-95
-71
21
-66
92
61
-51
-42
-5
-66
48
8
-13
15
50
-31
-43
101
-108
79
46
67
-3
91
-159
79
-63
-68
79
52
-145
131
77
-242
150
-41
-74
-27
76
-42
-46
142
-83
11
-114
135
-162
8
9
90
-74
-23
87
-260
-14
137
-131
58
165
-75
32
66
-38
-48
37
-47
-47
167
-117
105
84
-155
101
-96
150
-108
100
101
-104
-9
-51
-45
-24
18
48
168
-155
106
-41
-12
-73
109
-48
-53
245
-178
-54
40
-95
-56
219
-112
-14
185
-206
-18
32
-84
-36
182
-70
-30
131
-85
-50
-62
46
-104
-50
166
-97
-62
135
-18
-72
119
-54
-26
152
-142
-7
206
-156
19
140
-173
29
119
-101
24
55
-36
2
55
-21
21
57
-76
96
26
-173
105
-71
-45
-21
63
-58
-24
129
-8
-57
93
-80
-9
-70
80
8
41
-32
37
54
-119
49
-15
-94
43
96
-122
77
-27
-4
-86
77
117
-158
144
-24
-121
16
-18
-15
0
-6
0
168
-69
28
-15
-81
20
51
-59
-42
44
-115
106
32
-5
-52
-14
103
-83
-28
4
15
0
9
-6
93
-4
75
-81
79
-6
13
7
-41
10
-2
4
61
-89
-96
88
-79
57
20
-41
-38
-53
30
82
-114
10
75
-54
89
-42
-31
-55
4
-35
-35
10
50
132
-113
139
-122
35
26
-43
-40
140
-45
65
4
-88
131
-72
-23
-44
132
-155
110
-7
-24
-30
0
76
-72
46
-139
23
21
-60
42
41
-37
-50
37
-5
64
16
70
-114
66
41
-11
-9
-94
84
-122
-9
16
5
-116
44
12
-37
67
13
1
-107
37
51
-19
-99
179
-60
53
99
-11
-41
-60
66
-43
-40
152
24
-67
63
-7
-82
107
-7
-17
52
-51
-29
-46
62
-119
7
14
-77
11
-5
18
-60
38
-13
150
-143
29
103
-114
22
53
10
-38
110
-39
70
-17
25
70
-109
27
127
-138
48
60
-132
75
44
-131
65
75
-14
-29
82
-195
33
5
-130
-23
86
-30
-124
142
-169
86
-39
-19
123
-85
68
111
-126
-42
148
-60
-55
112
128
-52
-37
51
-106
-44
17
11
-51
59
-36
-14
39
-38
-141
68
-27
-162
205
-21
-57
42
104
-90
-26
73
31
23
-26
103
-66
-121
29
19
9
-39
11
69
37
-41
37
45
-200
113
-66
50
37
-1
-60
37
-98
10
54
5
78
-34
31
-6
-64
64
-131
10
92
-85
77
-19
-18
27
-78
-50
138
-30
11
103
17
-123
81
-11
-42
110
-146
98
60
-54
-27
49
-17
-100
-37
48
42
-157
74
-81
-35
149
-57
69
5
-129
78
61
-58
-24
25
-44
127
86
-98
98
45
-153
135
1
-8
27
-73
185
-163
-14
179
-154
-1
126
-136
19
147
-296
21
150
-219
59
72
-57
35
-9
-20
43
-119
166
-127
-19
92
19
-49
7
34
-19
117
-229
238
-233
-41
198
-188
111
-40
-88
1
63
-151
109
31
-67
12
110
6
-101
96
19
-16
-90
189
-100
-31
78
-36
-80
147
47
-81
65
-4
5
-45
45
-85
65
-100
26
27
-117
26
40
-79
6
122
-131
20
161
-142
-54
75
78
-181
185
-129
88
-36
-65
64
-3
26
5
70
-34
23
-36
-22
17
-35
52
-90
-40
99
-19
-6
29
4
30
-128
4
118
-129
54
-25
-19
38
29
37
-61
66
-68
28
24
-54
54
34
-13
1
19
25
-52
-25
50
-10
-88
101
85
-113
121
7
-218
153
7
-155
148
28
-116
155
-63
-130
99
-18
-126
96
51
-189
99
-64
74
-51
73
13
-80
85
-74
38
5
-7
15
17
43
-84
83
9
-115
128
29
-146
135
-12
-115
202
-127
25
121
-218
96
24
-183
140
-54
-17
82
-41
-17
48
-17
-63
-40
81
64
-112
77
102
-201
107
4
-56
21
38
-175
221
-13
-212
153
-65
-70
-26
44
-43
64
-50
33
-40
39
-24
40
42
-119
147
6
-55
-50
86
-6
-17
-28
7
-81
150
-23
-58
60
-68
59
-87
46
20
83
-27
4
87
39
-3
-116
21
26
-16
-54
47
22
-13
8
-102
50
-70
-89
82
82
-70
-18
144
-91
-47
33
-11
31
77
-61
30
-40
11
112
-160
109
19
-50
62
-9
27
-18
-53
10
70
-116
-14
113
-66
-88
-50
123
-82
17
58
69
-176
54
86
-63
8
-66
39
-23
89
-26
3
14
-39
-69
81
41
-24
83
-187
40
179
-98
-53
70
-127
-5
133
0
-158
92
-52
-76
100
3
-57
68
7
-109
108
-7
-132
13
93
-32
23
80
-43
86
-65
7
138
-177
5
83
-56
-55
80
-30
41
-36
77
3
-18
39
-41
-55
53
-127
12
111
-145
73
53
-121
68
140
-221
70
-33
-6
37
-4
-42
49
9
-115
168
-91
12
-16
90
-103
17
160
-214
47
55
-113
47
90
-40
-38
127
-63
-2
97
-125
58
-28
-23
28
83
-213
102
81
-20
38
-97
65
-22
-64
138
-1
-119
60
-44
32
-48
-60
77
-8
-98
140
11
-90
95
-35
-40
143
-150
35
36
-111
91
-72
67
58
-65
33
11
-130
121
-119
35
83
-19
-29
33
-13
-74
23
-10
74
-112
78
28
1
-6
-4
-84
84
39
-56
81
-32
0
31
-13
-44
48
-67
-42
68
22
-52
17
-24
20
-75
55
75
-160
106
27
-109
41
13
-48
-4
63
-44
22
118
-119
61
-44
-10
-49
105
67
-122
53
1
-6
-42
92
-28
-77
104
-54
5
-41
40
43
-71
104
-25
66
-112
47
15
-49
33
-7
-14
-48
111
-97
-48
75
-57
-25
91
-40
-88
93
17
-114
31
59
-103
7
71
-44
3
53
-50
14
-41
38
-9
16
-15
56
5
-30
-13
34
62
-181
164
-19
-141
22
51
-22
-97
209
-147
-15
89
53
-156
86
72
-132
62
37
-40
-32
85
0
-82
104
10
-120
60
28
-110
131
44
-141
48
43
-105
-35
119
-25
-84
120
38
-61
60
-5
-16
-82
126
-65
-36
59
29
19
-120
121
-55
-99
107
14
-125
143
34
-192
44
108
-91
-33
95
-47
-28
31
39
-55
-37
96
-45
31
27
13
-38
98
-171
-17
77
-43
-92
13
101
21
17
5
65
-102
169
-130
-44
109
-102
43
-20
119
-106
78
-106
25
20
-128
131
-68
-72
-9
168
-88
-58
150
-58
-51
71
-35
-27
93
4
-127
134
-42
-9
5
45
-60
-14
-29
-39
-20
26
-47
8
184
-193
29
74
-63
-21
88
0
-39
12
-55
40
39
8
-64
47
56
-90
69
-31
14
25
13
-12
-84
10
-36
-26
-52
118
-28
2
158
-126
-53
48
-103
33
-2
58
33
26
-15
44
0
-58
86
-106
72
-20
-140
156
-53
-4
98
-52
-78
93
9
-39
22
-4
-13
-20
14
42
-32
80
-19
-79
61
-45
-90
95
-15
17
9
-8
-16
-27
54
-9
-28
-76
210
-154
54
53
-106
26
-27
73
27
-85
85
17
-119
63
84
-138
70
38
-149
117
3
-95
110
-9
-139
122
13
2
-72
-32
82
-122
31
88
-101
-1
78
-61
23
21
-21
26
32
12
-20
-43
5
-9
16
45
-4
-12
-12
-17
-38
125
-158
-2
44
22
-1
-72
64
-19
-29
59
-20
4
53
-120
78
24
-60
12
-10
8
-28
94
0
-50
66
33
-6
9
86
-148
-12
88
-130
83
-22
-43
31
35
-43
-33
86
16
-63
11
-18
-63
-35
11
-1
-13
47
3
5
-72
80
-15
-85
166
-37
-102
119
11
-33
6
-1
78
-69
31
23
-64
39
-5
-66
55
-12
1
89
-73
56
-25
-59
24
-11
43
-65
52
61
-60
-32
74
-189
10
72
-11
6
66
-13
79
-55
-73
86
-53
-34
-2
66
-58
53
77
-62
8
-40
-74
1
-21
48
31
-35
43
-56
17
11
-33
13
64
-84
67
-9
-75
97
-4
-141
213
15
-130
37
0
-21
91
22
-63
168
-213
72
96
-110
41
-54
-52
136
-114
-32
-43
67
-86
46
-19
-55
118
-66
-38
122
-40
-61
-65
93
66
-45
32
-17
6
-6
144
14
-143
87
1
-153
81
52
-120
53
112
-148
56
46
-174
130
35
-92
-6
50
17
67
60
-81
-67
12
22
-110
74
5
-109
79
57
-83
92
-72
40
13
-44
79
-55
-6
38
-88
39
67
-117
16
115
-67
-15
54
17
-34
-74
26
16
18
-9
-25
-48
-14
62
-65
-37
93
-77
3
49
98
-94
-15
62
-93
84
23
-69
-6
78
6
-74
109
-79
35
-44
140
-75
-72
119
-95
-33
102
23
-56
-5
19
-118
-50
143
-33
34
30
23
-36
-47
96
-208
91
103
-120
71
113
-163
4
142
2
-98
58
46
-235
140
21
-163
150
4
-152
120
43
-23
9
51
-6
-99
43
-79
-8
86
-57
-16
157
-57
-39
41
18
-76
60
-3
-30
-20
27
-11
-18
73
-104
47
-17
4
-38
109
37
-132
95
-51
-50
15
-74
61
27
-35
98
-28
-35
16
-82
-4
42
-17
28
14
21
-12
8
-4
-15
46
-45
63
-36
2
-4
-87
66
0
-95
23
74
-35
-5
61
-41
-14
2
18
1
-41
4
-8
17
46
-68
43
63
-95
5
8
-7
43
-9
-10
-32
89
-47
148
-85
-81
76
-95
6
119
2
-95
76
10
-25
30
-6
-113
-40
62
-7
17
-42
79
20
-129
41
-3
-56
35
56
5
3
-13
-25
14
-12
18
18
-21
65
-15
-141
93
30
-97
48
60
-51
86
-87
28
91
-100
-24
88
19
18
13
-76
-1
50
-108
-40
124
-39
-63
132
-27
-32
64
-52
-58
32
30
-70
51
-41
0
-11
16
-24
26
27
-15
23
-18
-60
47
-47
30
61
-35
-60
57
-29
10
70
-94
54
-48
-82
97
-2
-112
137
28
-21
6
-40
13
21
-33
45
134
-130
-6
62
-37
47
-40
-59
80
-55
27
-40
-62
78
-49
22
84
-24
-22
2
-69
43
-46
-134
210
27
-145
145
-81
9
94
-77
72
78
-101
41
-20
-53
58
-43
60
46
-172
-3
134
-123
-28
84
-4
-32
46
-33
-37
93
-90
-32
97
-69
-35
65
-34
38
56
-100
-30
142
-147
66
45
-63
96
-71
-65
98
-80
-33
86
-40
34
28
-51
16
19
-51
87
-82
-18
71
-92
108
-10
-59
26
59
-82
-10
20
-2
23
-30
93
-67
-2
70
-102
-4
57
-110
28
66
-63
38
25
-30
57
-6
-63
62
-65
10
43
-42
57
-20
-29
48
32
-64
24
53
-32
-6
-60
15
81
-114
55
42
-79
19
70
-97
11
48
-86
14
44
-36
-31
74
-33
4
-14
20
13
3
73
14
14
-3
-55
-33
55
-80
50
65
-103
66
-6
19
-9
7
23
-94
37
-33
-54
-26
46
19
-34
37
22
-53
-18
50
32
-25
21
-55
43
15
-46
77
-59
14
25
-6
-46
-9
35
-11
55
-5
-13
-44
36
1
-67
68
9
-18
42
-36
-20
6
-2
-13
-18
102
-19
-95
39
28
-90
18
96
-63
-58
108
7
-61
17
-51
-7
69
-27
21
-43
40
8
5
22
-45
-20
-33
23
16
-26
-10
34
0
-3
-38
28
68
-136
15
37
-51
45
31
-4
36
56
-96
27
11
-23
49
-40
24
24
-56
1
53
-24
1
20
-70
69
27
-57
20
-47
21
36
-75
110
1
-118
25
42
-39
-13
33
4
-83
86
-4
16
-19
-12
41
-92
127
-67
25
29
-61
11
2
-30
-29
85
-27
-14
59
2
-37
27
-32
31
-62
97
37
-115
56
3
-70
45
-13
-39
2
-16
39
35
-75
-68
134
-119
48
62
-59
20
-29
60
-49
-61
77
-1
-31
47
113
-135
-5
109
-98
-72
85
4
-49
91
10
-44
-35
32
-24
-16
40
0
-51
55
25
-73
83
-32
-81
87
10
-62
11
86
-104
39
43
-73
28
11
-47
-35
96
-67
42
-41
-10
27
7
-29
44
14
-83
46
17
1
0
-9
-11
28
-90
126
-18
-55
67
-5
-22
24
14
-1
1
-26
-37
58
-4
-46
23
-28
43
-55
55
-22
18
-26
-8
65
-66
-4
20
15
-24
54
-51
-45
39
16
-16
7
36
-24
-24
3
4
-6
-17
82
-9
-101
56
-1
11
-51
61
65
-19
-30
-31
3
11
-11
-17
33
-52
-29
46
19
-127
119
31
-113
72
-8
12
32
-22
48
-27
5
-2
-29
-30
36
29
-50
46
-17
-12
-8
8
-3
7
-24
-14
27
9
-49
11
73
-39
-63
75
-19
-62
84
-52
12
24
-6
-31
27
-19
-21
-3
43
-40
14
91
-25
-3
32
-9
-35
13
-23
5
-12
12
23
20
-34
44
-6
-39
47
-50
-89
43
42
-93
57
98
-78
-38
153
-111
-11
104
-120
-17
94
-38
-49
77
7
-26
30
3
-20
7
34
-102
-8
19
-48
23
8
35
-51
-29
19
30
-10
-10
11
29
30
-22
-37
117
-76
-61
112
-44
-37
89
-56
-13
61
-69
-34
104
-25
-83
59
-9
-73
47
2
11
42
-46
-14
11
22
-60
38
43
-44
35
0
-17
39
-47
-30
100
-21
-44
34
-3
-82
63
-15
-37
102
-29
-37
110
-112
-96
160
-39
-83
93
-19
-35
55
-33
2
-16
12
26
-15
-34
40
29
11
16
-40
18
-56
-5
39
-30
-47
43
2
-22
-8
94
-16
-57
41
15
6
-33
-4
25
49
-129
37
62
-86
63
34
-31
32
-82
21
43
-67
34
-28
11
27
-31
-33
57
18
-12
-22
-32
20
21
-29
46
56
-76
-13
66
-7
-67
35
42
-63
17
23
-38
-35
80
34
-93
8
45
-21
-44
17
37
-100
54
60
-102
44
63
-88
29
100
-116
60
35
-117
9
100
-90
-9
59
-25
-28
61
55
-10
-57
50
-49
-62
59
-13
-33
40
-9
29
19
11
-79
23
24
-36
22
-8
7
-11
-4
-1
-30
-25
33
1
9
-24
49
52
8
-77
7
41
-7
-11
33
7
-3
28
-31
-47
57
8
-40
-44
32
0
-85
68
10
-63
61
55
-73
24
36
-25
54
-38
-79
113
-10
-81
101
-25
-49
11
-33
16
50
-38
-43
43
-32
4
4
12
-4
-13
35
20
20
-57
-32
41
-20
-40
89
-2
-70
56
7
-46
36
18
-44
40
16
-64
35
51
-30
1
-17
64
-85
-69
145
-37
-97
104
8
-88
109
-13
-69
69
-28
-36
28
-12
-14
-58
68
16
-67
17
25
-24
-7
46
-41
23
20
-33
52
3
-55
59
-9
-63
56
57
-68
9
5
7
8
-34
30
9
-40
-26
40
-19
1
40
-14
-31
21
30
-50
10
69
-86
0
39
-27
19
-16
12
29
-10
-20
2
16
-10
27
-24
-26
55
-25
-24
33
10
-50
-27
29
8
27
-12
-18
18
30
-78
1
34
-4
-13
-24
29
2
-23
-8
32
3
-14
28
-12
-21
-10
39
-23
26
34
-96
2
84
-3
-36
46
26
-60
-6
19
-21
-15
15
46
-68
-21
24
-33
19
59
-66
-5
42
-49
9
2
-8
22
17
3
15
27
-30
10
22
-41
12
-12
4
-6
41
-20
-6
30
-46
26
10
-29
-21
-6
4
5
13
-17
46
-24
8
12
-43
19
4
-22
-3
59
7
-41
2
9
-34
-32
32
23
-26
21
47
-47
-22
24
8
-62
19
54
-53
14
21
-16
37
-23
-14
50
13
-33
-10
22
-20
-17
35
26
-24
0
19
-29
-5
40
8
-40
22
21
-38
-25
29
-3
-30
-27
42
16
-65
-4
39
2
-35
7
32
12
-38
19
56
-33
-40
27
18
-18
-44
23
19
17
-20
4
21
-31
4
26
-8
12
-2
-38
25
19
-29
-11
18
10
-2
-38
-1
39
-21
-14
34
4
-33
-26
29
24
-26
-17
6
21
-4
-26
23
32
-17
-31
-1
31
-1
-39
30
40
-12
-36
24
49
-54
-15
26
5
-18
-11
2
-6
9
-18
-7
31
-6
-30
20
26
-3
-32
-15
30
-2
-9
16
-9
17
2
-28
31
5
-26
2
21
-6
-5
3
7
12
-10
-35
5
33
-3
-16
-1
16
16
-5
-34
25
3
-35
-10
15
18
2
-2
-5
15
-6
-8
24
-2
-3
5
-13
-5
-2
-9
0
-4
5
-1
-6
5
5
-19
-2
11
-8
-8
-9
7
-8
-5
18
-4
-7
3
8
5
15
-12
-25
29
9
-16
19
24
-15
-5
6
-21
2
19
-17
2
9
4
9
-20
-12
21
-2
-7
5
-3
2
-11
-10
17
10
-45
15
31
-14
5
-9
11
7
2
-4
-13
-1
-3
6
0
-4
-7
4
10
-12
-11
-5
0
11
-4
-3
18
-11
4
25
11
-15
9
16
-26
-12
13
5
-1
-8
19
8
-8
3
-25
8
9
-14
-8
5
10
-6
-5
8
8
-15
-6
23
-14
12
10
-9
3
-13
-4
-4
-10
-3
16
-17
-2
6
1
3
-15
-1
10
-8
-6
4
-3
-1
-3
14
7
5
10
-9
9
12
-6
-1
-1
-16
9
-2
-17
-13
12
24
-5
-11
-3
8
-10
-6
18
11
-8
-12
-3
-2
3
-3
11
6
-11
-5
19
28
6
-28
-22
13
-3
-18
22
9
-1
0
-8
3
-4
-11
-8
13
20
-1
-4
-6
-1
2
-13
10
7
-6
-6
10
-5
-5
8
1
-1
-7
2
-3
7
-4
-3
5
-4
-2
-13
2
17
-9
-7
5
0
-3
10
7
-4
-8
-14
-5
17
7
13
5
-25
-22
2
20
-1
8
-3
0
-7
-11
13
14
6
-11
-23
-2
9
-1
9
6
0
0
-6
-3
18
-9
-13
4
22
-3
-14
0
13
9
5
-2
-10
-26
-13
15
1
-1
-6
1
6
-5
-3
-7
11
-5
10
6
-4
-13
-5
13
3
14
-3
1
9
-11
-7
4
13
14
-6
5
-1
-18
-4
-3
10
16
-6
-7
-9
-6
-3
2
0
-5
1
-14
7
-7
3
12
-7
7
2
-5
-12
14
8
-9
0
0
11
-3
-9
5
-5
4
6
-4
-1
1
-7
2
15
1
-9
2
7
-1
-6
0
5
-13
-2
8
11
6
-11
-3
-4
-4
5
-1
6
10
-2
-9
3
-2
-10
0
1
10
9
6
5
-4
-16
-12
4
6
8
-3
-11
-4
-1
-1
9
10
-6
0
-5
7
3
-5
-8
-6
10
0
-1
-4
-5
3
1
12
5
0
-10
-6
0
13
8
-6
-4
-14
0
1
0
8
4
-12
-6
6
-1
6
10
-1
-3
0
5
-6
-2
5
-2
0
6
-1
-13
-4
10
13
7
-5
-6
-2
0
1
-7
-4
2
-8
-6
-1
9
3
-4
1
4
-6
-4
-2
3
5
5
-2
2
4
-9
-3
-2
0
-5
4
3
0
1
0
9
9
-1
-5
-2
-7
-7
6
7
-1
3
-1
-2
4
0
-2
-4
1
-1
2
-8
-3
9
0
-4
-3
5
5
-4
-3
6
3
-10
-2
4
-2
0
-1
2
7
-1
-8
6
6
-5
2
-1
5
-2
-2
-3
-6
2
3
0
-4
-8
0
4
-2
6
-4
0
4
-4
4
2
1
-1
5
-2
5
4
-7
6
3
-1
-4
-2
2
-1
-3
8
5
-7
0
-6
-5
-1
-1
-2
13
1
-1
-8
0
-1
-5
2
2
7
2
-1
1
-3
-5
-4
5
13
-2
-5
-7
6
-2
-9
9
10
-2
-7
-2
6
-3
5
-6
2
1
-1
3
-5
-1
-3
3
5
8
-4
-4
2
-2
-3
5
8
-1
0
-1
-1
-10
-6
10
11
6
-6
-15
0
1
1
7
4
-5
-10
-3
1
14
4
-7
-1
-8
-6
5
9
10
0
-11
-11
4
4
4
3
-2
2
-3
1
-2
-4
-1
1
-2
-2
2
-1
3
2
0
-3
-4
1
6
5
-2
-4
-1
0
1
6
0
1
-2
-7
3
7
2
-3
-4
-3
2
1
5
4
-9
-3
1
2
5
1
-1
-2
-1
-5
3
4
4
-3
-3
-1
-5
2
4
4
1
3
-8
-1
0
-6
3
9
4
-1
-6
-6
3
-1
7
5
-3
-2
-5
-5
5
6
-1
-1
-2
1
2
-1
0
-3
-3
3
2
1
6
-4
-6
-3
-1
7
5
-2
0
-2
-7
2
6
0
0
-2
2
2
-3
-5
-3
-1
11
7
0
-10
-12
-3
8
11
4
0
-7
-7
-6
2
7
5
-2
-1
-3
0
-3
0
6
-7
0
7
1
-6
-2
2
0
-3
-1
5
4
-5
-3
1
1
4
-3
-3
0
0
0
4
5
-1
-8
-4
