-1
-1
0
0
0
0
0
0
0
0
0
0
0
0
0
0
0
0
0
0
0
0
0
1
1
1
0
-1
0
0
0
0
0
0
1
-1
-1
0
0
0
0
0
1
0
-1
0
0
0
0
0
0
0
0
-1
0
0
0
0
1
0
0
0
0
0
-1
1
1
0
0
0
0
1
0
0
0
0
0
0
0
0
0
0
0
0
1
0
0
0
0
0
0
1
0
0
0
0
0
0
0
0
0
0
1
0
-1
0
0
0
0
-1
0
0
0
0
0
0
-1
0
0
-1
0
0
0
-1
1
0
0
0
0
0
0
0
0
0
0
0
0
0
-1
0
-1
0
0
0
0
0
0
0
0
0
1
0
0
0
0
0
0
0
0
0
0
0
1
0
0
0
0
0
0
0
0
0
-1
0
0
1
0
0
0
0
0
0
0
1
0
0
0
0
0
0
-1
0
1
0
0
0
0
0
0
0
0
-1
0
0
-1
0
0
0
0
0
1
0
-1
0
1
0
0
-1
0
0
0
0
0
0
0
0
0
1
0
0
0
0
0
0
0
0
-1
0
0
0
0
0
0
0
0
0
1
0
-1
0
0
0
1
0
0
0
0
1
-1
0
0
1
0
0
0
0
0
0
0
-1
0
0
0
0
0
0
0
0
0
0
0
-1
0
-1
0
0
0
0
0
0
-1
-1
0
0
0
0
0
0
1
0
0
0
1
0
0
1
0
0
1
1
0
0
0
0
0
0
0
0
0
0
0
0
0
0
0
0
0
0
0
-1
0
0
0
0
1
0
0
0
0
0
0
0
-1
-1
0
0
0
0
0
-1
-1
-1
0
0
-1
1
0
0
-1
0
0
0
0
0
0
0
0
1
0
0
0
1
0
0
0
1
0
0
-1
0
0
0
0
0
1
1
0
1
0
0
0
1
1
1
0
1
1
1
1
1
1
1
1
1
1
1
1
1
0
0
0
0
-1
1
0
0
0
0
0
0
-1
0
0
0
-1
-1
-1
-1
0
-2
-1
-1
-1
-1
-1
-2
-1
-1
-1
-2
-2
-1
-2
-1
-2
-1
-1
-1
-1
-1
-1
-1
0
-1
0
-1
0
0
0
0
-1
1
0
0
1
1
1
2
2
2
1
3
2
3
2
2
2
2
1
1
1
1
1
1
0
0
0
0
0
-1
-1
-1
-1
-1
0
-1
-1
0
0
0
0
1
0
1
1
2
2
2
2
3
3
3
3
3
3
2
2
0
0
0
-2
-3
-4
-5
-5
-7
-8
-7
-9
-9
-8
-8
-8
-8
-6
-6
-4
-2
-1
0
2
4
4
6
7
8
9
9
9
10
9
8
9
8
7
6
3
2
1
1
-1
-2
-4
-3
-5
-5
-5
-6
-7
-6
-6
-5
-6
-5
-5
-4
-2
-3
-2
-1
-1
0
2
1
2
1
2
3
3
3
3
4
3
3
4
4
3
4
4
4
4
4
3
3
2
2
1
0
0
-1
-3
-3
-4
-4
-5
-6
-6
-7
-7
-7
-8
-6
-6
-5
-3
-3
-1
0
1
3
4
4
6
5
7
7
8
7
6
7
6
7
5
5
3
2
3
2
1
-1
-2
-2
-3
-3
-3
-3
-3
-5
-5
-4
-5
-4
-5
-5
-4
-4
-3
-2
-1
-1
-1
-1
0
1
0
2
2
2
2
1
3
3
3
2
1
2
3
3
3
1
1
0
0
1
0
-1
-2
-3
-3
-3
-4
-5
-5
-5
-4
-5
-3
-4
-4
-2
-3
0
0
2
2
2
4
4
5
5
5
6
5
4
6
5
6
5
4
3
3
3
1
0
-3
-2
-4
-3
-3
-4
-3
-4
-1
-3
-2
-3
-2
2
2
3
3
4
5
6
6
5
4
4
2
3
3
0
0
-5
-2
-4
-3
-5
-8
-8
-9
-7
-8
-7
-8
-9
-8
-7
-4
-2
-4
-3
-4
-2
0
1
2
-1
1
2
5
9
7
9
8
7
12
10
13
8
7
6
6
8
4
4
-4
-2
-3
-3
-2
-6
-8
-8
-8
-9
-9
-9
-8
-10
-7
-8
-4
-2
-2
4
1
6
4
8
10
11
13
10
13
10
11
10
9
5
4
-1
0
-1
-3
-4
-11
-10
-14
-8
-12
-11
-16
-16
-11
-12
-7
-14
-9
-9
-3
0
-2
1
-1
4
10
6
8
8
7
14
11
12
11
10
14
12
15
8
10
9
7
8
1
1
-3
-1
-2
-6
-8
-13
-11
-9
-9
-13
-13
-15
-10
-9
-6
-6
-6
-3
-2
4
-1
9
4
8
9
3
12
6
11
8
7
6
3
6
4
2
-1
2
-7
1
-4
-1
-3
-5
-4
-11
2
-10
-4
-7
-15
-5
-11
-6
-7
-12
-4
-8
-1
1
-2
7
1
9
6
10
6
11
13
8
14
11
8
12
9
4
5
2
2
-4
1
-8
-8
-3
-10
-9
-4
-12
-11
0
-16
-1
-5
-5
-2
-3
-2
0
2
3
1
0
4
0
11
2
5
4
3
6
9
1
12
-4
5
1
-2
6
-1
2
2
-1
4
7
-4
13
-9
8
-4
-2
3
-9
-2
-9
-3
-12
-2
-10
-14
1
-19
1
-11
-7
0
-13
4
-4
-2
9
2
-7
22
-12
15
10
-5
11
1
8
-2
19
-9
12
0
-5
6
-14
7
-13
-6
0
-21
9
-8
-10
14
-17
8
4
-3
8
8
-1
10
10
-2
15
2
-4
15
-14
9
4
-13
15
-5
1
12
-5
11
-1
6
-5
6
-3
2
-2
-2
-5
-7
7
-9
6
-8
-6
-4
-4
-6
1
-15
0
-12
-5
0
-8
-2
-10
4
-13
11
-3
0
7
-1
5
6
9
0
9
-2
8
-2
6
-2
-2
-1
-4
0
-12
6
-18
4
-7
-14
6
-21
12
-8
2
11
-4
13
10
3
16
8
8
10
6
8
4
6
7
-7
10
-2
-5
12
-12
0
6
-15
0
0
-18
14
-7
-11
4
-9
-6
9
-11
-4
2
-8
-3
4
-4
-10
12
-12
6
1
4
1
2
11
-17
14
1
-12
19
-11
-5
5
-4
-3
5
-7
-3
-2
7
-6
6
-4
1
3
1
8
-8
10
-10
11
-5
1
2
-8
4
-3
-4
3
-9
2
0
-12
21
-22
17
0
-5
18
-8
12
-8
11
-7
6
0
-5
7
0
4
5
-1
-7
8
-10
0
0
-7
-5
8
-7
-1
1
-8
3
-1
-2
3
-9
4
-5
2
0
-2
-7
8
-7
8
-1
-3
8
-10
18
-17
15
-7
-2
16
-20
18
-10
-9
17
-18
8
11
-22
26
-18
7
1
-4
2
2
2
-4
7
-8
6
-5
4
-8
-1
-4
1
1
0
9
-16
21
-20
15
-4
-7
19
-25
25
-9
3
19
-13
12
-12
9
-20
25
-21
11
-3
-10
14
-14
9
-8
5
-14
19
-20
11
-2
3
0
1
1
-17
18
-15
8
3
-7
8
-10
12
-13
15
-12
12
-7
-4
15
-27
34
-26
15
-2
-8
14
-14
12
-5
-1
5
-4
2
-1
3
-8
9
-6
-1
8
-9
7
0
1
-4
12
-12
10
-6
-5
8
-11
17
-23
23
-15
0
19
-20
14
-3
-8
10
-4
-5
15
-20
14
-9
-10
17
-21
15
-3
-14
31
-34
25
-5
-10
13
-13
3
-1
-6
3
1
-4
5
1
0
-4
8
-10
18
-20
26
-21
15
2
-19
31
-38
38
-31
17
-12
4
6
-16
30
-29
19
-7
-4
3
-2
-8
11
-3
1
7
-11
9
-6
7
-5
2
0
3
-5
5
-4
10
-4
2
1
-4
1
-6
18
-26
23
-15
2
5
-18
16
-12
-3
15
-18
10
3
-9
8
-1
-5
2
5
-11
17
-13
5
6
-16
10
-1
-12
17
-7
-11
17
-14
-1
24
-41
38
-15
-8
28
-26
15
-6
-4
8
-4
-1
14
-24
28
-14
-10
19
-18
5
17
-27
27
-14
-10
27
-24
3
13
-21
19
-12
1
13
-22
28
-23
7
15
-29
39
-27
3
20
-43
51
-45
22
9
-30
34
-15
-4
10
-9
2
-6
5
1
-11
17
-10
11
-19
16
-4
-13
29
-33
26
-12
-2
20
-23
10
14
-35
27
-1
-35
54
-62
59
-39
14
8
-24
34
-32
12
-5
8
-23
33
-27
19
-2
-15
28
-28
26
-23
13
-10
-8
32
-46
47
-32
20
-10
11
-10
-10
33
-46
37
-19
10
-9
14
-10
5
0
-6
6
-4
-2
-1
18
-39
35
-8
-22
41
-47
45
-26
3
12
-28
37
-38
26
-10
-11
21
-12
7
-4
-5
16
-12
-1
19
-17
-8
27
-25
0
39
-65
62
-32
-5
25
-29
18
-13
7
7
-5
-12
28
-30
18
-5
-2
5
-9
15
-28
32
-19
2
4
-4
4
2
-2
-8
22
-31
31
-30
27
-23
22
-27
19
-4
-14
37
-50
44
-38
30
-11
-20
35
-21
8
-10
14
-9
9
0
-16
16
0
-10
24
-24
-3
29
-33
22
-2
-13
11
-5
5
-4
6
-9
15
-18
15
-8
-5
13
-11
11
-18
29
-36
28
-16
16
-22
15
-4
-8
23
-30
29
-27
25
-21
10
1
-14
34
-40
18
15
-43
42
-4
-26
23
-1
-18
33
-29
13
-2
0
-9
19
-8
-15
30
-28
17
-4
3
-10
9
3
-15
12
13
-46
53
-29
0
9
2
-13
10
2
-18
28
-35
35
-24
17
-15
23
-39
42
-16
-24
57
-57
20
26
-63
87
-83
59
-22
-41
108
-152
150
-84
-15
94
-125
95
-32
-9
21
-27
28
-18
1
13
-24
30
-20
-9
44
-48
23
-2
-4
8
-20
38
-59
60
-21
-33
77
-79
47
-26
26
-26
23
-7
-23
45
-49
39
-22
11
-6
-9
32
-47
42
-26
-1
31
-52
53
-43
37
-36
31
-6
-21
30
-13
-20
41
-24
-9
34
-47
40
-12
-6
0
15
-25
7
34
-59
39
10
-54
69
-54
33
-10
-21
42
-37
21
-10
15
-24
24
-23
17
1
-22
21
0
-16
13
15
-50
65
-63
65
-62
50
-30
-9
51
-62
48
-24
12
-23
39
-36
12
14
-8
-35
80
-93
78
-52
20
21
-56
68
-62
47
-24
11
-24
51
-72
68
-35
7
0
6
-6
-12
32
-46
54
-41
5
23
-33
14
26
-52
43
-7
-16
17
-17
27
-50
58
-23
-14
8
31
-60
50
-18
-14
46
-69
73
-38
-9
16
7
-17
-14
55
-51
10
23
-28
1
11
14
-47
57
-33
-7
42
-63
67
-50
18
1
16
-50
63
-35
-11
26
-2
-17
16
-15
18
-4
-18
18
3
-11
-21
59
-47
-28
96
-86
21
26
-46
59
-71
86
-84
38
22
-54
54
-24
-12
22
-15
6
15
-45
45
-4
-56
99
-110
90
-38
-40
102
-106
50
27
-52
-12
98
-123
89
-37
-2
34
-73
82
-32
-22
27
-11
-1
22
-47
58
-49
22
-16
29
-18
-4
18
-11
-23
28
23
-76
76
-14
-58
94
-85
57
-25
-23
72
-93
81
-68
77
-61
4
32
-30
17
8
-7
-42
72
-17
-63
79
-9
-78
101
-64
9
39
-78
99
-73
27
-11
21
-24
0
59
-130
175
-175
127
-35
-45
76
-82
93
-96
60
18
-70
42
27
-69
61
-38
33
-31
14
11
-24
18
-10
1
30
-80
100
-41
-66
130
-113
57
-20
14
-2
-22
43
-50
65
-105
121
-44
-83
159
-127
28
29
-11
-39
88
-114
108
-63
-16
90
-135
147
-129
106
-77
12
91
-146
92
27
-104
82
5
-65
54
9
-49
11
57
-75
54
-32
16
14
-55
52
13
-79
94
-63
21
2
-26
65
-103
124
-112
51
29
-41
-25
74
-40
-35
99
-128
98
-23
-39
53
-29
13
-28
50
-56
43
-25
10
12
-38
44
-33
45
-94
142
-147
94
-11
-64
110
-113
81
-33
-27
76
-65
-28
147
-172
71
56
-104
68
-35
47
-39
-41
113
-76
-13
11
70
-93
5
84
-48
-70
99
45
-224
250
-104
-65
114
-57
6
-3
-13
57
-38
-62
151
-170
139
-90
19
57
-85
39
24
-25
-47
118
-123
72
-36
47
-61
43
-11
-23
75
-137
171
-175
172
-153
100
-12
-69
96
-67
51
-98
175
-200
134
-27
-48
61
-42
35
-44
40
-28
36
-61
60
-13
-40
49
-10
-13
-17
49
-33
-11
27
3
-28
-11
84
-120
102
-66
44
-31
-16
80
-100
74
-57
71
-84
45
59
-167
182
-90
-17
51
-16
-38
76
-62
-21
149
-238
218
-93
-72
180
-174
96
-8
-31
23
11
-57
105
-103
41
24
-48
41
-56
92
-79
2
70
-55
-15
41
20
-88
69
-15
-12
-11
46
-42
0
80
-218
340
-317
137
85
-201
142
-17
-23
-17
52
-19
-31
30
42
-93
95
-95
71
-11
-2
-93
234
-243
72
67
-12
-129
159
1
-264
445
-425
199
29
-92
49
1
-12
-4
-21
78
-142
177
-105
-43
167
-141
-28
104
-1
-171
244
-146
-33
183
-185
35
136
-180
58
47
-29
-93
183
-124
-5
104
-131
49
69
-71
4
75
-83
7
54
-71
43
40
-127
149
-91
21
28
-71
142
-205
130
-12
-66
96
-104
130
-121
115
-97
59
-43
40
-82
67
41
-107
36
61
-4
-143
198
-129
58
-27
29
-17
0
6
-19
24
12
-87
141
-79
-85
201
-136
-26
66
37
-68
-64
203
-196
27
123
-147
74
16
-96
59
148
-330
303
-30
-266
301
-100
-124
181
-66
-17
16
-38
85
-103
137
-123
55
55
-141
95
40
-155
128
48
-227
317
-306
233
-151
45
47
-77
94
-141
133
-44
-30
24
24
-99
173
-150
-12
170
-152
-40
258
-333
266
-102
-115
300
-400
375
-270
89
115
-174
73
22
15
-106
181
-163
47
107
-180
115
-64
122
-178
93
17
-52
134
-240
200
7
-202
169
87
-306
270
-32
-238
326
-248
111
-12
-93
284
-365
231
31
-193
130
44
-94
25
-10
82
-70
-66
229
-312
219
-47
-82
196
-322
360
-239
-47
245
-191
76
-89
221
-311
243
-94
-106
273
-313
221
-75
-32
108
-78
-25
96
-53
-32
14
67
-50
-67
163
-146
28
39
-35
48
-114
176
-164
30
195
-324
224
-49
-79
114
-95
54
55
-133
116
-13
-146
229
-161
118
-161
162
-39
-210
425
-445
278
-63
-100
206
-251
203
-46
-71
45
25
26
-124
188
-159
-51
210
-167
36
27
6
-51
57
-46
46
-66
100
-82
70
-84
34
26
-92
84
-28
20
-23
8
-4
46
-120
171
-96
-20
107
-129
90
-61
49
-59
-10
113
-149
88
5
-7
3
-78
233
-277
108
70
-111
29
46
-25
-88
181
-245
293
-237
44
225
-375
254
37
-195
143
-59
56
-82
61
-4
-101
229
-278
253
-206
120
24
-104
103
-5
-128
52
178
-426
509
-402
162
131
-367
533
-537
310
28
-306
397
-321
227
-211
238
-177
-2
237
-419
455
-329
162
-18
-133
295
-349
160
49
-127
54
108
-201
170
-3
-159
199
-135
74
-50
68
-86
42
105
-245
239
-159
137
-191
195
-120
-52
228
-297
252
-177
143
-120
73
-28
-40
196
-362
378
-238
58
15
74
-121
0
234
-348
235
-51
-31
-15
122
-150
48
128
-344
460
-313
-8
299
-389
239
-48
-60
35
5
3
15
-58
76
-84
102
-20
-119
184
-111
1
11
72
-95
37
45
-143
175
-131
56
-71
122
-44
-129
194
-29
-107
34
93
-112
21
45
16
-73
-15
155
-175
49
18
18
-35
-58
126
-120
93
-65
137
-210
170
-57
-98
215
-176
141
-140
79
30
-134
153
-69
-5
15
-18
-3
-11
77
-134
150
-122
28
56
-55
-2
57
-44
-28
80
-87
77
-137
233
-242
123
66
-181
182
-138
95
-51
-68
176
-90
-46
76
-8
-10
-97
230
-329
273
-145
91
-34
-152
405
-478
272
37
-240
251
-183
132
-51
-44
35
25
-45
-12
179
-268
218
-37
-106
36
90
-125
25
52
47
-195
203
-28
-196
327
-273
60
109
-140
38
104
-109
-3
70
-42
-56
143
-46
-153
194
-44
-158
241
-230
165
-91
18
16
-46
136
-282
467
-400
58
205
-183
-15
115
-23
-148
250
-153
-47
58
122
-272
251
-40
-178
274
-310
219
-24
-59
44
-32
63
-163
231
-108
-133
217
-103
19
-71
123
-135
170
-226
193
-58
-93
275
-340
174
53
-151
145
-70
-88
227
-221
72
121
-223
281
-304
273
-136
-89
285
-456
524
-461
324
-156
-35
107
-117
264
-489
587
-421
126
107
-201
256
-340
341
-137
-14
-12
38
15
-208
339
-256
54
83
-49
21
-127
279
-246
-18
229
-222
5
188
-173
62
3
2
-12
-11
68
-112
139
-143
170
-166
63
82
-218
257
-245
207
-139
10
215
-332
199
90
-334
315
-56
-188
300
-357
286
-57
-244
411
-275
-51
264
-257
219
-159
16
138
-198
133
95
-281
278
-158
-96
324
-311
120
133
-304
390
-375
202
34
-315
485
-391
60
282
-406
222
47
-183
117
53
-145
197
-93
-59
122
-181
209
-143
55
-5
-5
-60
125
-175
239
-56
-275
468
-419
213
-186
303
-357
164
236
-535
520
-287
102
-91
108
-120
146
-102
26
179
-447
539
-319
-66
330
-340
146
-6
4
-49
45
-135
353
-358
87
204
-298
214
-130
168
-352
361
-31
-278
291
-75
-67
10
125
-188
106
9
-49
32
-45
125
-104
96
-221
316
-319
155
194
-553
543
-284
-3
155
-140
84
54
-153
144
-102
35
101
-273
393
-395
260
-26
-171
297
-375
383
-210
-81
162
16
-166
169
48
-378
617
-664
436
-39
-401
628
-622
564
-366
143
69
-254
292
-233
198
-241
247
-196
100
77
-350
485
-463
334
-62
-147
189
-51
-83
42
153
-336
369
-292
201
-145
48
137
-200
161
-154
134
-145
232
-262
124
76
-282
271
-174
144
-106
53
30
-41
21
28
-62
-62
161
-94
-65
175
-23
-94
23
83
-91
-5
83
-134
35
53
-22
-9
-12
-29
132
-144
50
13
56
-186
214
-61
-212
345
-299
121
53
-132
123
-62
2
37
0
9
-55
161
-192
47
126
-140
50
102
-201
145
0
-151
159
-38
-136
179
-43
-201
335
-234
-20
197
-21
-223
259
-92
-166
316
-224
86
-64
4
31
-2
-96
171
14
-280
320
-78
-251
310
-103
-143
204
-84
40
-12
-116
169
-131
72
46
-132
197
-283
309
-161
-140
367
-286
-122
369
-230
-2
234
-363
268
15
-225
175
65
-288
237
-19
-118
66
-43
113
-211
167
-45
10
-64
193
-167
-61
327
-339
274
-375
423
-247
-81
341
-418
316
-320
511
-398
103
68
-38
-106
87
79
-347
475
-376
159
-76
96
-144
204
-73
-130
332
-495
530
-421
222
-2
-223
365
-394
317
-175
130
-70
-5
136
-230
195
-94
-74
215
-118
-209
477
-461
188
40
-54
-151
201
55
-459
725
-617
303
-12
-253
387
-225
41
101
-117
0
76
-113
-1
63
69
-223
225
-94
-87
234
-279
148
-6
-92
193
-17
-248
329
-116
-192
399
-301
92
-37
47
7
-240
339
-218
-33
222
-179
-113
349
-244
-116
381
-329
127
-23
0
118
-196
155
15
-190
133
111
-296
253
-70
-154
429
-489
207
322
-801
772
-358
-161
383
-348
237
-108
50
29
-147
114
60
-255
393
-384
266
-21
-191
368
-409
329
-152
13
77
-175
171
-131
18
5
111
-203
196
-72
-88
271
-367
313
-242
69
154
-170
-27
60
95
-150
16
177
-205
69
82
-39
-53
16
179
-318
369
-308
123
-37
13
49
-159
225
-94
-77
69
-13
74
-176
156
-15
-100
63
-11
96
-184
129
-26
79
-326
341
-58
-188
264
-198
19
-17
112
-8
-196
283
-186
11
113
-170
-30
139
-57
-33
185
-236
216
-71
120
-211
260
-169
-89
332
-381
210
73
-211
97
49
-265
240
-140
-66
267
-380
374
-119
-106
191
-120
61
-45
-19
1
97
-235
395
-343
63
223
-347
246
-22
-38
-58
170
-157
193
-159
-42
262
-435
332
-108
-83
81
46
-83
-10
157
-210
175
-175
83
71
-144
202
-125
-17
107
-90
-97
276
-173
-41
259
-291
207
-146
-7
-33
4
11
118
2
-51
72
-45
-30
-9
95
-91
124
-142
130
-165
35
-31
-111
269
-216
200
-107
-31
94
-54
-9
40
-109
97
36
-187
282
-382
192
-29
-263
463
-379
176
21
-78
179
-39
-118
-7
101
-43
-145
215
-126
-125
321
-344
217
-70
-46
130
-77
65
-134
160
-263
129
0
-82
16
169
-83
-74
343
-352
243
-136
10
117
-115
150
-135
33
61
52
-272
474
-517
310
185
-384
451
-367
287
-205
46
-7
241
-333
214
11
-233
351
-408
327
-351
219
-16
-170
231
-208
176
-193
123
-109
88
11
22
14
-170
226
-84
-50
24
147
-290
270
-107
25
132
-184
216
-185
251
-364
392
-193
-230
470
-528
329
-193
-129
271
-241
191
28
-138
79
133
-74
147
-117
160
18
-41
149
-63
-43
53
-54
-74
95
-130
20
-65
-95
24
-65
-35
-80
-60
-16
80
-42
-172
79
-9
-123
141
-58
-81
207
-221
166
-25
-2
-94
113
3
-110
291
-80
-28
137
-53
4
283
-240
272
100
-123
282
-84
6
-150
165
-107
-5
83
-180
139
-260
154
-203
115
-129
-12
-3
-226
113
-210
97
-277
285
-208
-48
316
-298
269
4
44
94
316
22
79
282
-152
329
89
-138
173
24
-156
141
-97
-378
213
-181
-308
251
-272
-194
86
-162
-2
-11
-176
80
39
-97
44
-143
-134
94
-178
18
-26
-175
102
-98
-23
38
-11
177
145
14
200
-116
364
-152
-42
286
-363
267
-107
-43
-122
72
-152
73
24
-252
396
-391
360
-174
72
186
-271
525
-159
156
179
53
38
436
-126
89
254
-360
456
-144
-10
175
-157
86
88
35
308
24
327
375
39
485
-74
281
139
92
262
-80
100
-346
79
-274
-267
-34
-528
-41
-550
-274
-451
-509
-360
-563
-382
-461
-192
-439
-158
-270
-288
-85
-247
-139
30
-146
-66
68
-245
-82
53
-53
-27
118
39
41
235
-97
205
37
28
178
107
184
163
314
-92
210
93
45
192
43
188
26
162
74
11
-31
1
-29
-11
-14
-114
28
-171
-119
-90
-88
-90
-33
119
35
146
93
148
212
141
253
209
169
222
207
235
259
188
250
378
282
340
348
275
451
354
322
392
215
398
320
371
418
254
371
372
300
261
229
228
124
140
140
181
24
-11
22
-57
-27
-85
-88
-279
-185
-283
-353
-481
-581
-651
-735
-780
-832
-945
-1048
-1064
-1127
-1145
-1208
-1142
-1149
-1169
-1145
-1062
-1040
-998
-755
-723
-581
-465
-239
-114
-21
214
277
359
393
394
367
296
257
140
-29
10
-167
-219
-291
-381
-328
-402
-156
12
77
196
519
741
876
1195
1207
1315
1425
1584
1704
1702
1753
1624
1722
1654
1652
1498
1447
1505
1271
1199
1045
905
717
531
351
251
101
-40
-222
-329
-394
-519
-452
-529
-452
-370
-305
-253
-77
27
85
119
156
255
183
274
198
-57
-229
-145
-224
-554
-725
-914
-1089
-1432
-1665
-2039
-2509
-2480
-2857
-3120
-3228
-3557
-3765
-3976
-4220
-4863
-4989
-4422
-2799
-1445
-1091
-876
-537
688
1888
2641
2873
3444
4589
5429
5800
5500
5162
4756
4291
3812
3442
3499
3361
2608
1207
17
-561
-998
-1783
-2668
-2986
-2682
-2319
-2639
-3381
-4024
-4050
-3637
-3204
-2656
-1728
-752
-245
-126
-142
466
1466
2098
2503
3177
4477
5703
5759
5004
4106
3782
3662
3570
3195
2885
2395
1675
1079
222
-559
-1546
-1894
-1749
-1273
-677
-627
-927
-1397
-1381
-1048
-948
-822
-775
-540
-224
-91
-461
-1132
-1717
-1923
-1776
-1665
-2039
-2498
-3027
-3472
-4031
-4692
-5147
-6015
-6236
-6606
-6729
-7163
-7257
-5834
-4023
-2097
-1892
-1244
-234
1824
3496
4249
4967
5710
7519
8249
8509
7850
7412
6949
6273
5588
4894
4937
4155
2764
735
-680
-1465
-2143
-3132
-4272
-4321
-3879
-3341
-4055
-5022
-5423
-4769
-3701
-2867
-1907
-765
501
1104
1300
1221
1775
2374
2712
3016
3658
5035
6113
5948
4734
3727
3801
3983
3743
3379
3138
2880
2444
1679
647
-420
-1195
-1314
-738
-24
291
230
-211
-546
-571
-330
-223
-316
-346
-179
-62
-424
-1470
-2638
-3437
-3776
-3728
-3995
-4465
-4877
-5162
-5493
-5869
-6259
-6740
-7100
-7267
-7268
-7032
-7137
-7387
-7747
-7284
-4899
-1927
789
1277
1633
2979
5358
7597
8015
8418
8887
10385
11008
10719
9223
7607
6573
5270
4263
3009
2509
1343
-615
-3212
-5038
-5608
-5909
-6414
-7043
-6434
-5141
-3894
-3968
-4695
-4725
-3495
-1322
492
2155
3629
5078
5491
4962
4480
4597
5053
4983
4859
4983
5534
5696
4397
2116
261
39
618
824
707
493
529
295
-242
-876
-1391
-1366
-806
450
1657
2239
1884
1111
465
247
538
519
311
-138
-299
-379
-1134
-2486
-4057
-5059
-5383
-5190
-5254
-5763
-6212
-6433
-6528
-6641
-6828
-7074
-7318
-7068
-6633
-6113
-6012
-6275
-6517
-6047
-2798
1010
3800
3616
3338
4874
7610
9915
9634
9139
9209
10904
11269
10108
7626
5374
4107
2588
1580
276
-118
-1274
-3449
-6113
-7789
-7429
-6862
-6581
-6833
-5536
-3177
-1301
-1199
-2280
-2126
-417
2607
4866
6337
7228
7903
7552
6017
4862
4460
4610
3916
3249
2821
2964
2476
190
-2362
-3762
-2850
-1650
-863
-467
125
703
695
663
340
585
1221
2456
3632
4312
4051
2807
1498
446
-91
-431
-995
-1768
-2364
-2778
-3354
-4665
-6128
-7198
-7298
-6765
-6377
-6311
-6335
-6267
-5870
-5343
-4930
-4732
-4570
-4144
-3658
-3165
-3159
-3025
-3335
-3491
-3644
-1972
1802
4942
5467
3343
3359
5483
8465
8708
7246
6514
7479
9022
7848
5146
1984
1074
730
324
-597
-1245
-1228
-2638
-5062
-7346
-6966
-4964
-3482
-3272
-2892
-641
1758
2320
283
-1158
249
3721
6716
7542
7198
6654
6234
4363
2379
1309
1612
1774
1010
538
486
456
-1226
-3596
-4544
-2759
105
1716
1981
2187
3072
3568
3330
2626
2303
3016
3900
4569
4299
3137
1375
-384
-1496
-2220
-2560
-2934
-3479
-3991
-4350
-4643
-5220
-6069
-6774
-6724
-5959
-5130
-4919
-5176
-4964
-4382
-3766
-3707
-3972
-4244
-4033
-3645
-3862
-4027
-4558
-4664
-5161
-4572
-1242
2461
4363
2573
1763
3477
7013
9033
7888
6653
7141
9294
9163
6813
3369
1695
1710
1604
977
-240
-421
-1369
-3457
-6081
-6950
-5303
-3424
-2634
-2737
-1178
1328
2630
1199
-1093
-654
2518
6103
7273
6820
6153
5835
4543
2152
529
235
748
314
-388
-611
-497
-1380
-3490
-4510
-3255
-490
1290
1847
2340
3360
4262
4176
3512
2839
3160
4117
4736
4429
3342
2095
891
-298
-1356
-2166
-2657
-2981
-3356
-3715
-3998
-4518
-5270
-5886
-5933
-5627
-5415
-5419
-5386
-5015
-4609
-4143
-4072
-4253
-4510
-4329
-4220
-4478
-4653
-4801
-4923
-5377
-5033
-2116
1995
4458
3334
1765
3116
6805
9569
8937
7171
6950
8744
9383
7232
3448
997
867
1199
859
-419
-1196
-2104
-3837
-6206
-7226
-5729
-3510
-2373
-2446
-1221
1460
3294
2337
-47
-218
2666
6561
8130
7283
5995
5316
4405
2304
256
-664
-351
-540
-1016
-1096
-933
-1561
-3219
-4111
-3208
-605
1646
2581
2758
3285
4074
4288
3690
2771
2711
3507
4318
4242
3057
1612
292
-730
-1759
-2587
-3062
-3383
-3704
-4101
-4456
-5069
-5708
-6168
-6108
-5640
-5248
-4894
-4752
-4473
-3995
-3574
-3341
-3450
-3591
-3771
-3943
-4094
-4375
-4841
-5499
-5377
-2609
1720
4507
3434
1265
1690
5115
8144
8177
6731
6568
8072
8293
6036
2557
337
-46
143
166
-105
-237
-1017
-3137
-5603
-6363
-4517
-2037
-851
-681
550
3091
4862
3869
1323
794
3256
6686
8140
7464
6213
5244
3753
1123
-1174
-1920
-1467
-1569
-1937
-1924
-1649
-2008
-3496
-4411
-3551
-802
1663
2771
3049
3484
4057
4061
3598
2908
3056
3651
4084
3550
2347
1065
-244
-1307
-2299
-2922
-3359
-3673
-4172
-4846
-5412
-5740
-5903
-5963
-5907
-5401
-4749
-4255
-4290
-4169
-3528
-2855
-2528
-2934
-3092
-3342
-3326
-3730
-4487
-5230
-5331
-3066
729
3854
3584
1479
1143
3696
6682
7026
5891
5721
7425
8330
6426
2731
-92
-415
-81
-41
-543
-687
-919
-2291
-4352
-5720
-4603
-2346
-729
-349
471
2749
4816
4720
2424
1159
2656
5824
7647
7165
5914
5079
4380
2457
-134
-1996
-2064
-1302
-1009
-1493
-1944
-2085
-2665
-3326
-2974
-869
1412
2704
2938
3266
3841
4061
3717
3113
3117
3407
3602
2990
1852
569
-445
-1022
-1663
-2569
-3640
-4219
-4493
-4749
-5181
-5630
-5849
-5955
-5689
-5395
-4832
-4461
-4350
-4293
-3665
-2654
-2269
-2643
-3372
-3569
-3407
-3328
-3985
-5011
-5238
-3027
847
3756
3396
1471
1112
3429
6174
6935
6110
5704
6808
7302
5901
2917
689
-56
-81
-77
-259
-285
-1177
-3114
-5183
-5477
-3563
-1336
-375
-560
152
2300
4331
4317
2582
1827
3244
5903
7467
7242
6066
4748
3412
1726
508
132
100
-249
-946
-1198
-1106
-1500
-2476
-3186
-2128
201
2259
2847
2337
1978
2157
2758
3157
3324
3258
2999
2393
1591
980
321
-440
-1330
-2083
-2563
-2998
-3751
-4754
-5542
-5599
-5340
-5374
-5730
-6143
-5839
-5490
-5189
-5096
-4897
-4402
-3986
-3623
-3777
-3796
-4014
-4435
-5055
-4862
-2135
1779
4640
3999
2110
1767
3759
5962
6090
5407
5473
6896
7006
4869
1359
-1105
-1532
-1101
-621
-785
-989
-1694
-3063
-4678
-5039
-3438
-1347
-22
430
1649
3857
5444
4834
2630
1807
3436
6338
7725
7122
5742
4497
3224
1173
-469
-1058
-600
-357
-619
-890
-1048
-1593
-2729
-3296
-1975
664
2782
3324
3012
2974
3348
3767
3640
3239
2926
2930
2936
2478
1413
32
-1134
-1871
-2280
-2711
-3336
-4023
-4704
-5193
-5399
-5570
-5728
-5924
-6043
-5953
-5637
-5255
-5169
-4979
-4498
-3844
-3589
-3556
-3536
-3431
-3581
-3961
-3671
-1266
2694
5412
5035
3035
2417
3729
5387
5530
4886
5134
6189
6070
3710
473
-1505
-1676
-1267
-1204
-1495
-1325
-1231
-2147
-3762
-4399
-2931
-612
797
1143
1969
3832
5122
4274
2042
1003
2455
4919
6208
5637
4236
3106
1671
-191
-1717
-1384
-41
529
122
-510
-321
-353
-674
-941
189
2381
4083
4439
3857
3488
3205
3013
2595
2430
2529
2485
1706
272
-974
-1878
-2361
-2996
-3596
-3854
-3684
-3682
-4489
-5541
-6137
-5927
-5576
-5363
-5353
-5190
-5145
-5247
-5576
-5818
-5591
-5056
-4416
-4256
-4334
-4907
-5017
-3464
228
3945
5281
4385
3704
4989
7077
7683
6289
5245
5889
6792
5801
3053
511
-642
-957
-1545
-2273
-2477
-2030
-2021
-3022
-3755
-3274
-1629
-296
575
1643
3577
5463
5420
3605
1777
2082
3917
5492
5393
4143
2905
1550
-37
-1651
-2352
-2100
-1606
-1114
-794
-467
-592
-1080
-1189
-112
1926
3735
4662
5158
5885
6395
5995
4704
3486
3106
3333
3223
2290
596
-1131
-2404
-3269
-3893
-4545
-5032
-5343
-5526
-5519
-5581
-5914
-6591
-6893
-6486
-5767
-5285
-5486
-5736
-5692
-5273
-4996
-5104
-5312
-5252
-4811
-4608
-4132
-2297
1259
4467
5108
3949
3414
5215
7329
8001
7024
6427
6966
7056
5293
2080
-101
-786
-538
-847
-1676
-2135
-2096
-2040
-2932
-3587
-3143
-1413
402
1515
2694
3982
5139
4451
2570
1274
1973
4051
5008
4299
2354
1033
-145
-1447
-2726
-3136
-2473
-1820
-1039
-500
84
165
124
534
1834
3800
5373
6214
6352
6626
6911
6674
5679
4378
3646
3257
2721
1268
-685
-2464
-3670
-4334
-4896
-5411
-6088
-6516
-6846
-6943
-6924
-6931
-7047
-6987
-6479
-6007
-5829
-6080
-6136
-5719
-5250
-5043
-5367
-5737
-5880
-5016
-2186
1686
4408
4072
2715
2782
5322
7798
8108
6592
5622
6465
6824
5373
2463
704
301
12
-1113
-2401
-2491
-2068
-2160
-3177
-3555
-2535
-753
651
1268
2570
4530
6006
5267
3066
1960
2954
4986
5374
3977
1932
837
84
-1390
-3558
-5246
-5270
-4174
-2650
-1573
-1022
-884
-512
373
1911
3676
5227
6390
7343
8316
8755
8181
6818
5465
4833
4591
4073
2844
1219
-556
-2259
-3743
-5025
-5958
-6601
-6726
-6645
-6331
-6490
-7007
-7644
-7640
-7148
-6513
-5972
-5656
-5298
-5122
-4982
-5259
-5428
-5630
-5892
-5771
-4023
169
4147
5081
2954
1279
2721
5616
7263
6124
5020
5487
6508
5417
2424
201
-300
56
-869
-1858
-1867
-538
43
-1138
-2678
-2792
-813
1346
2902
3734
4798
5801
5496
3825
2084
2156
3317
4092
3320
1769
817
18
-1400
-3964
-5616
-5480
-4129
-3081
-2760
-2226
-1410
-274
461
1361
2521
4099
5670
7106
8617
9367
8821
7038
5346
4632
4688
4573
3457
1838
142
-1329
-3007
-4772
-6198
-6995
-7093
-6788
-6460
-6521
-6909
-7411
-7671
-7755
-7342
-6664
-5903
-5346
-4896
-4795
-4852
-5484
-6183
-6516
-4547
-139
4247
5694
3804
2132
2680
5178
6357
5683
4505
4844
5528
4506
1677
-884
-1660
-1602
-1831
-2476
-2277
-1137
-328
-900
-1979
-1959
-282
1876
3641
5024
6786
8196
8109
5944
3583
3012
4083
5010
4136
2338
786
-19
-1722
-4403
-6680
-6636
-5122
-3934
-3554
-3243
-2221
-1233
-423
368
1963
3912
5438
6533
7697
8867
8947
7669
5896
4767
4533
4164
3181
1606
218
-1032
-2424
-4049
-5606
-6533
-6831
-6578
-6580
-6681
-6855
-6751
-6751
-6885
-6959
-6546
-5707
-4874
-4563
-4695
-4476
-4364
-4480
-5367
-4839
-1891
2689
5269
4437
2253
1949
3988
5542
5276
3784
3472
3842
3573
1657
-620
-1909
-2431
-3042
-3694
-3441
-2030
-623
-464
-1213
-1404
-257
1740
3307
4447
5882
7641
8735
7765
5613
3771
3519
3816
3744
2856
1962
1053
-688
-3239
-5470
-5675
-4785
-4061
-4125
-3506
-1760
95
909
939
1555
3121
4916
6313
7501
8622
8994
8114
6465
5014
4183
3456
2433
1158
96
-799
-1912
-3558
-5311
-6686
-7405
-7533
-7211
-6803
-6767
-6906
-6884
-6683
-6669
-6858
-6647
-5984
-5172
-4732
-4372
-4246
-4136
-4146
-2758
607
4173
5559
4176
3081
3820
5872
6315
4908
3280
3024
3099
1806
-369
-2239
-2809
-3340
-4141
-4758
-4366
-3067
-2205
-1979
-1830
-657
1255
3002
4159
5064
6637
8097
8542
7282
5512
4501
4366
4373
3485
2303
1058
-46
-1677
-3595
-4965
-5258
-4919
-4828
-4301
-3074
-998
571
1205
1569
2439
3956
5338
6625
7826
9021
9369
8525
6946
5306
4054
2794
1449
300
-360
-921
-2087
-3821
-5633
-6820
-7688
-8076
-8091
-7594
-6898
-6471
-6387
-6654
-6785
-6891
-6624
-6183
-5373
-4596
-3926
-3453
-3448
-2860
-791
2568
5020
5055
3954
3866
5408
6533
5768
3793
2684
2622
1969
62
-2101
-2855
-3015
-3650
-5004
-5830
-5170
-3691
-2614
-2127
-1166
509
2245
3319
4246
5811
7773
9016
8472
6865
5486
5048
4918
4000
2382
799
-158
-1162
-2667
-4361
-5155
-4966
-4750
-4630
-3930
-1942
290
1807
2287
2762
3729
4829
5708
6583
7823
8854
8883
7664
5932
4461
3345
2063
580
-711
-1507
-2160
-3069
-4245
-5336
-6157
-6779
-7357
-7599
-7397
-6904
-6690
-6786
-6865
-6850
-6651
-6376
-6107
-5648
-5170
-4743
-4575
-3471
-571
3285
5842
5811
5006
4927
6380
7134
6404
4750
3981
3891
2815
649
-1683
-2740
-3528
-4664
-6398
-7140
-6244
-4630
-3610
-3342
-2633
-1206
551
1939
3316
5301
7575
8999
8661
7402
6457
6181
5987
4932
3448
1975
958
-295
-2085
-3840
-5048
-5524
-5631
-5143
-4149
-2483
-677
890
1964
2869
3744
4567
5408
6504
7662
8428
8488
7655
6384
5011
3799
2488
1132
-192
-1334
-2359
-3231
-4080
-4919
-5664
-6390
-7117
-7611
-7584
-7275
-6954
-6881
-6792
-6696
-6287
-6044
-6003
-5951
-5499
-4806
-4255
-3064
-698
2619
5093
5713
5218
5448
6739
7530
6722
4978
3842
3287
2397
739
-856
-1817
-2459
-3678
-5471
-6737
-6598
-5538
-4575
-4063
-3378
-1968
-140
1688
3224
4780
6207
7073
6864
6071
5481
5606
5773
5239
3983
2610
1539
481
-731
-2119
-3156
-3932
-4288
-4256
-3570
-2380
-1020
218
1147
2046
2960
4021
5018
5955
6678
7079
7144
7005
6628
5795
4548
3113
1691
218
-1156
-2359
-3300
-4028
-4677
-5251
-5801
-6336
-6865
-7286
-7466
-7312
-7111
-6997
-6807
-6492
-6154
-5999
-5913
-5704
-5176
-4227
-2413
392
3334
5127
5503
5678
6610
7871
8215
7240
5682
4369
3231
1892
503
-575
-1431
-2555
-3933
-5198
-5923
-6141
-6232
-6254
-5921
-4951
-3388
-1424
772
2879
4534
5468
5619
5280
4978
5091
5498
5726
5331
4395
3254
2265
1277
189
-978
-2148
-3069
-3652
-3618
-3019
-1886
-684
436
1419
2280
3012
3592
4343
5100
5730
6007
6183
6299
6230
5751
4857
3731
2399
810
-863
-2236
-3199
-4003
-4737
-5337
-5845
-6266
-6733
-7115
-7412
-7519
-7574
-7663
-7640
-7215
-6483
-5879
-5612
-5510
-5109
-3930
-1755
899
3145
4452
5268
6279
7829
9227
9538
8611
7024
5463
3973
2645
1440
409
-762
-2131
-3420
-4244
-4436
-4634
-5222
-6061
-6538
-6434
-5728
-4292
-2080
617
2906
4128
4190
3870
3789
3930
3934
3650
3325
3196
3210
3118
2893
2465
1751
498
-997
-2026
-2126
-1653
-1310
-1276
-1004
-100
1201
2307
3024
3698
4390
4928
5113
5181
5302
5405
5297
4961
4529
3893
2833
1209
-618
-2154
-3323
-4310
-5332
-6206
-6881
-7238
-7374
-7334
-7317
-7404
-7520
-7549
-7320
-7047
-6850
-6748
-6431
-5680
-4322
-2341
-118
1798
3096
4031
5117
6511
7677
8123
7831
7165
6337
5250
4030
3007
2267
1457
315
-897
-1681
-1871
-1919
-2389
-3232
-4073
-4646
-4847
-4447
-3324
-1607
84
1155
1522
1547
1687
1851
1738
1219
665
500
869
1387
1743
1826
1742
1516
1163
824
746
981
1277
1298
1096
946
1164
1798
2643
3399
3789
3859
3783
3817
3843
3731
3513
3286
3100
2903
2569
1999
1132
-74
-1420
-2679
-3633
-4290
-4774
-5223
-5658
-5941
-5953
-5725
-5517
-5399
-5478
-5434
-5176
-4801
-4489
-4234
-4007
-3836
-3612
-3142
-2104
-711
561
1359
1930
2662
3616
4343
4464
4111
3610
3174
2674
2043
1428
1057
962
1140
1357
1445
1329
1116
830
497
12
-500
-765
-605
-119
267
338
115
-184
-463
-771
-1169
-1538
-1688
-1556
-1388
-1391
-1553
-1467
-863
153
1199
1900
2336
2712
3028
3209
3370
3697
4181
4490
4423
4159
4020
3976
3693
3078
2475
2232
2107
1822
1255
704
234
-261
-900
-1533
-1952
-2248
-2528
-2859
-3181
-3555
-3849
-3927
-3659
-3189
-2887
-2838
-2903
-2731
-2333
-1954
-1877
-2078
-2269
-2346
-2235
-2190
-2393
-2857
-3323
-3386
-2978
-2307
-1771
-1449
-1203
-851
-418
12
439
863
1258
1526
1697
1815
1898
1965
2052
2193
2374
2553
2760
2973
3124
3075
2733
2052
1182
355
-260
-693
-1111
-1473
-1664
-1591
-1434
-1344
-1344
-1210
-867
-409
-10
280
558
871
1221
1609
2092
2617
3065
3301
3402
3494
3630
3710
3592
3252
2841
2523
2201
1795
1282
830
418
-26
-528
-1001
-1286
-1452
-1590
-1791
-1876
-1795
-1619
-1466
-1310
-1098
-914
-794
-780
-746
-722
-747
-871
-977
-1003
-974
-1017
-1168
-1405
-1716
-2051
-2377
-2688
-2995
-3276
-3540
-3827
-4054
-4064
-3752
-3203
-2628
-2164
-1729
-1155
-443
218
658
881
1010
1175
1373
1591
1831
2111
2322
2348
2194
1892
1568
1282
1039
811
661
658
719
756
682
538
407
396
466
583
720
848
1018
1248
1553
1816
1942
1915
1824
1774
1817
1892
1969
1998
2005
1951
1831
1609
1330
1079
789
442
26
-336
-538
-651
-809
-1028
-1230
-1235
-1039
-862
-765
-640
-427
-182
9
152
331
535
674
674
646
643
614
488
235
-70
-437
-822
-1191
-1506
-1717
-1897
-2150
-2544
-2981
-3345
-3541
-3602
-3619
-3660
-3726
-3676
-3441
-3041
-2632
-2344
-2186
-1989
-1611
-1026
-365
224
651
900
1024
1035
947
813
695
656
765
1010
1376
1774
2115
2331
2419
2465
2496
2518
2455
2340
2236
2177
2111
2013
1844
1657
1515
1447
1468
1559
1668
1674
1546
1347
1155
974
770
477
99
-329
-683
-902
-935
-857
-761
-699
-605
-415
-214
-96
-94
-84
61
268
417
544
765
1071
1362
1517
1516
1467
1459
1384
1186
867
452
21
-374
-676
-944
-1176
-1424
-1659
-1940
-2229
-2455
-2564
-2583
-2699
-2942
-3278
-3506
-3571
-3591
-3680
-3848
-3952
-3856
-3546
-3163
-2851
-2567
-2207
-1750
-1281
-865
-480
-103
266
579
849
1120
1386
1627
1851
2087
2320
2540
2738
2895
3018
3084
3133
3119
3051
2911
2685
2387
2114
1890
1711
1522
1319
1165
1082
1034
952
817
599
300
-85
-461
-779
-949
-997
-945
-814
-583
-257
105
436
694
889
995
1062
1141
1285
1507
1714
1820
1821
1792
1817
1868
1862
1677
1358
971
635
336
47
-272
-582
-853
-1102
-1294
-1509
-1683
-1805
-1916
-2097
-2387
-2680
-2932
-3118
-3296
-3514
-3781
-4062
-4266
-4394
-4493
-4546
-4545
-4434
-4237
-3951
-3614
-3217
-2695
-2059
-1347
-628
76
749
1379
1886
2256
2489
2720
2977
3206
3333
3341
3312
3293
3303
3292
3252
3187
3105
2999
2769
2397
1918
1442
1051
655
234
-171
-451
-589
-622
-652
-670
-655
-560
-346
-41
288
531
660
747
944
1224
1505
1678
1817
2001
2248
2507
2640
2613
2444
2278
2126
2001
1781
1477
1162
957
860
668
365
-64
-397
-640
-781
-932
-1109
-1317
-1581
-1841
-2044
-2188
-2442
-2816
-3250
-3522
-3621
-3722
-3962
-4311
-4547
-4645
-4684
-4830
-4999
-5065
-4950
-4699
-4324
-3809
-3139
-2340
-1530
-743
2
710
1356
1925
2319
2548
2676
2835
3016
3154
3171
3141
3171
3280
3391
3420
3341
3133
2833
2396
1891
1336
791
278
-229
-678
-1065
-1365
-1465
-1355
-1101
-774
-363
125
633
1134
1553
1863
2052
2121
2135
2177
2330
2495
2579
2546
2488
2511
2608
2637
2506
2245
1982
1803
1635
1395
1083
832
659
556
433
296
121
-63
-305
-611
-860
-1061
-1250
-1586
-1999
-2372
-2707
-3051
-3498
-3948
-4341
-4597
-4866
-5221
-5581
-5928
-6239
-6477
-6440
-6142
-5567
-4924
-4195
-3349
-2277
-1103
-107
637
1245
1915
2565
3010
3158
3148
3200
3371
3475
3466
3403
3490
3655
3752
3622
3298
2876
2426
1930
1291
590
-91
-660
-1174
-1598
-1911
-2019
-1902
-1587
-1115
-542
77
706
1343
1935
2370
2577
2634
2642
2691
2803
2883
2854
2687
2534
2467
2458
2395
2228
1957
1699
1563
1544
1536
1462
1288
1049
888
826
861
777
578
242
-130
-401
-584
-818
-1236
-1727
-2245
-2755
-3346
-4089
-4895
-5582
-6092
-6579
-7131
-7608
-7849
-7756
-7374
-6770
-6044
-5248
-4285
-3078
-1609
-191
974
1792
2491
3136
3607
3731
3536
3269
3157
3208
3245
3160
3067
3034
3059
3018
2824
2473
2014
1512
959
393
-171
-657
-1091
-1468
-1742
-1801
-1553
-1065
-502
20
493
970
1544
2165
2676
2881
2769
2541
2354
2319
2339
2279
2040
1786
1681
1683
1772
1813
1684
1439
1269
1272
1390
1519
1589
1521
1479
1457
1435
1320
1127
905
592
212
-257
-735
-1299
-1860
-2418
-2914
-3529
-4243
-5101
-5961
-6692
-7273
-7757
-8191
-8102
-7441
-6266
-5124
-4085
-3130
-1888
-293
1189
2156
2682
3186
3566
3621
3116
2342
1732
1626
1683
1523
1160
1031
1238
1555
1639
1397
1092
883
797
518
117
-255
-407
-439
-533
-560
-387
137
847
1502
1935
2324
2652
2836
2860
2881
2829
2546
2100
1539
1099
851
720
428
6
-271
-341
-70
421
939
1351
1689
2071
2391
2569
2559
2385
2137
1867
1516
1132
777
414
-60
-570
-1011
-1399
-1904
-2626
-3468
-4212
-4873
-5727
-6764
-7762
-8384
-8524
-7943
-6702
-5098
-3568
-2068
-425
1516
3443
4711
4960
4592
4311
3947
3144
1733
228
-865
-1350
-1493
-1538
-1485
-1164
-733
-499
-587
-762
-870
-918
-1071
-1361
-1435
-989
-41
851
1503
2048
2849
3844
4675
4999
4796
4344
3845
3394
2954
2389
1573
616
-233
-750
-992
-1128
-1438
-1766
-1916
-1732
-1334
-770
-128
455
1066
1807
2648
3325
3659
3533
3174
2861
2595
2119
1421
765
270
-85
-493
-1025
-1802
-2679
-3641
-4543
-5414
-6334
-7292
-8299
-8963
-9140
-8203
-6441
-4159
-2138
-115
2148
4767
7102
8206
7941
6933
6185
5314
4024
2027
51
-1583
-2307
-2516
-2543
-2561
-2441
-2268
-2372
-2687
-3159
-3468
-3673
-3695
-3570
-2918
-1489
477
2238
3454
4352
5350
6301
6756
6366
5462
4558
3682
2855
2010
1354
660
-22
-773
-1303
-1622
-1830
-2287
-2889
-3251
-3153
-2672
-1956
-1014
-49
1055
2282
3540
4312
4445
3976
3382
2847
2287
1615
889
324
-117
-590
-1148
-1742
-2462
-3461
-4631
-5706
-6591
-7385
-8430
-9435
-9825
-8573
-6152
-3349
-1071
1110
3707
6635
9108
9892
9229
7808
6782
5627
4043
1878
-90
-1430
-1906
-1974
-2096
-2238
-2262
-2189
-2579
-3272
-4094
-4593
-4826
-4768
-4377
-3203
-1091
1431
3463
4614
5383
6140
6808
6821
6076
4877
3610
2623
2026
1711
1391
828
71
-691
-1140
-1401
-1992
-2983
-3825
-4094
-3774
-3142
-2328
-1386
-262
995
2202
3158
3632
3492
2922
2292
1952
1703
1273
639
16
-377
-783
-1351
-2240
-3316
-4594
-5808
-6772
-7441
-8207
-9038
-9452
-8354
-5580
-2255
365
2167
4321
6926
9376
10138
9191
7318
5920
4823
3485
1673
-121
-1257
-1707
-1550
-1500
-1630
-1873
-2039
-2440
-3244
-4078
-4574
-4529
-4282
-3804
-2688
-514
2169
4213
5095
5308
5566
6049
6029
5221
3924
2821
2141
1890
1816
1579
1051
287
-373
-873
-1080
-1494
-2181
-2872
-2876
-2279
-1529
-815
-248
395
1009
1621
1968
1931
1443
752
252
176
258
62
-395
-872
-1254
-1735
-2480
-3465
-4551
-5744
-6866
-7773
-8136
-8318
-8480
-8494
-7011
-3721
-17
2556
4039
5803
7976
10140
10463
9016
6865
5595
4649
3281
1503
-211
-1260
-1609
-1333
-1337
-1584
-2040
-2336
-2717
-3353
-3986
-4332
-4032
-3367
-2467
-1181
734
2928
4464
4807
4458
4230
4373
4244
3874
3542
3261
2962
2871
3033
2842
1827
160
-1496
-2419
-2597
-2758
-3302
-3519
-2686
-1138
402
1650
2384
2701
2816
2920
2791
2121
1025
-108
-716
-775
-518
-477
-791
-1318
-1992
-2891
-3958
-5226
-6701
-8111
-9239
-9614
-9534
-9207
-9041
-7315
-3797
151
2748
4175
5809
7722
9661
9734
8181
6150
5040
4225
3065
1660
359
-444
-658
-420
-442
-839
-1614
-2223
-2816
-3370
-3737
-3613
-2930
-2295
-1435
-113
1754
3401
3990
3521
2767
2732
3186
3166
2826
2646
3096
3544
3879
3783
3087
1824
191
-1319
-2552
-3039
-3165
-3079
-2767
-1787
-351
1102
2301
2916
3000
2726
2510
2285
1869
1124
266
-211
-141
86
-67
-635
-1410
-2152
-3084
-4243
-5576
-6760
-7696
-8584
-9046
-9243
-8974
-8682
-6935
-3696
-147
2178
3423
5091
6949
8850
8652
6890
4710
3648
2874
1663
380
-700
-1188
-1333
-971
-839
-815
-1237
-1671
-2190
-2437
-2209
-1850
-1211
-738
211
1284
2697
3629
3713
2872
1937
1809
2278
2592
2567
2661
2982
3447
3696
3493
2513
978
-753
-2078
-2722
-2786
-2586
-2173
-1298
22
1488
2622
3347
3639
3509
3015
2305
1673
1146
669
195
-130
-247
-227
-521
-1180
-2077
-3075
-4089
-5290
-6394
-7281
-7980
-8379
-8721
-8603
-8344
-6506
-3233
226
2530
3703
5297
6965
8713
8476
6707
4332
2980
2108
868
-397
-1439
-1813
-1883
-1490
-1385
-1442
-1962
-2549
-3125
-3492
-2994
-2201
-1077
-390
647
2113
3741
4688
4408
3414
2379
1944
1975
1980
2054
2220
2438
2408
2289
2155
1339
-310
-2326
-3788
-4373
-4129
-3419
-2449
-1186
427
2001
3105
3757
4047
3974
3481
2768
2062
1610
1293
1045
848
756
635
196
-544
-1419
-2301
-3386
-4666
-5867
-6790
-7390
-7755
-8252
-8596
-8643
-6714
-3253
416
2698
4025
5903
7942
9823
9414
7422
4971
3498
2354
921
-470
-1617
-2106
-2110
-1700
-1532
-1712
-2381
-3120
-3962
-4499
-4122
-3126
-1841
-930
402
2151
4024
5080
4616
3582
2651
2260
2078
1956
2302
2544
2873
2583
2311
2118
1280
-692
-3230
-4730
-5128
-4816
-4316
-3506
-2133
-164
1746
2944
3409
3608
3618
3205
2618
1914
1369
828
409
224
112
98
-234
-806
-1743
-2683
-3456
-4329
-4983
-5854
-6434
-7164
-7711
-8181
-7018
-3866
-465
1904
3178
5321
7688
9859
9819
8034
5962
4727
3572
1737
89
-930
-1400
-1815
-1713
-1344
-1045
-1379
-2244
-3222
-3920
-3617
-2892
-1940
-1330
-245
1333
3083
4247
4243
3515
2539
2187
1899
1441
1098
1278
1609
1223
538
159
-182
-1133
-2741
-4193
-4650
-4076
-3020
-2213
-1254
109
1556
2590
2883
2973
2864
2530
1866
1241
930
657
190
-493
-1175
-1485
-1677
-2155
-2986
-3718
-4189
-4549
-4642
-4891
-5013
-5555
-6138
-6955
-6038
-3203
13
2001
2931
4906
7253
9581
9616
8054
6120
5044
4044
2370
729
-374
-1083
-1589
-1601
-1141
-444
-436
-1034
-2075
-2556
-1977
-962
-313
-396
205
1846
3815
4790
4637
3850
3277
3145
3131
2465
1626
1180
685
-143
-1217
-1851
-2598
-3526
-4698
-5410
-5369
-4488
-3335
-2268
-1085
265
1515
2058
2262
2478
2641
2444
1740
1296
1243
1352
1043
138
-946
-1693
-2199
-2842
-3757
-4425
-4752
-4894
-5013
-5110
-5030
-5476
-6327
-7297
-6187
-3337
-204
1512
2574
4587
6874
8719
8404
7025
5622
4940
4009
2582
1281
410
-403
-1142
-1543
-1507
-1073
-1037
-1214
-1776
-1694
-738
500
1163
919
1377
2659
4369
4877
4455
4153
4281
4761
4704
4400
3819
3222
2087
395
-1087
-2043
-2991
-4440
-5855
-6363
-5925
-4851
-3643
-2782
-1778
-548
727
1194
999
930
1078
1312
921
619
643
778
565
-427
-1456
-2251
-2967
-3799
-4648
-4788
-4576
-4336
-4488
-4430
-4448
-4770
-5758
-5630
-3313
-467
1281
1623
3230
5179
7130
6937
5544
4317
4246
4259
3044
1774
1025
604
-563
-1757
-2609
-2646
-2827
-3082
-3296
-2823
-1243
506
1784
1980
2444
3618
4922
5468
5216
4815
4865
5498
6177
6060
5670
5456
4876
3354
1113
-783
-2489
-3997
-5553
-6593
-6751
-5837
-4420
-3170
-1921
-415
916
1304
958
642
785
894
673
367
421
725
615
-191
-1395
-2270
-3090
-4198
-5389
-6003
-5905
-5738
-5898
-5956
-5847
-5847
-6342
-5849
-3149
233
2643
3267
4402
5918
7452
7248
5557
4060
3765
4087
3430
2359
1539
1079
31
-1281
-2648
-3390
-3850
-4176
-4502
-4634
-3543
-1783
-69
545
1110
2326
3950
5097
5057
4674
4793
5839
6515
6352
5841
6014
6271
5622
3719
1638
-74
-1590
-3410
-5163
-6207
-6189
-5117
-3846
-2443
-1002
441
1192
1148
1001
1086
1177
864
532
558
909
910
240
-982
-2042
-2854
-3629
-4576
-5257
-5498
-5643
-6071
-6518
-6905
-7225
-7813
-7395
-4716
-1075
1807
2949
4350
5810
7264
7214
5738
4109
3805
4262
3797
2842
2094
1729
633
-764
-2156
-2774
-3153
-3554
-4130
-4467
-3598
-2164
-1114
-1085
-659
877
2813
4239
4543
4511
4791
5755
6487
5977
5029
4560
4984
4884
3736
1986
443
-722
-2172
-3650
-4940
-5275
-4758
-3755
-2663
-1306
-56
649
836
1030
1376
1386
1223
1179
1580
1839
1539
589
-602
-1545
-2357
-3311
-4188
-4764
-4884
-5044
-5493
-6149
-6702
-7161
-7519
-6423
-3821
-718
1349
2783
4185
5642
6734
6522
5275
4113
4069
4274
3805
2784
1807
912
-262
-1503
-2528
-3197
-3577
-3744
-3869
-3663
-2866
-1895
-1443
-1516
-985
268
2051
3358
4024
4530
5174
6173
6414
6009
4990
4387
4336
3987
3035
1529
217
-983
-2269
-3617
-4654
-4861
-4280
-3431
-2406
-1471
-636
-351
-383
-136
335
741
761
928
1508
2008
1810
835
-323
-1162
-2066
-2797
-3567
-3935
-3983
-4199
-4655
-5696
-6380
-7103
-6706
-5141
-2684
-250
1377
2954
4170
5555
6176
6060
5297
4915
5239
5426
4817
3383
2015
847
-172
-1613
-2860
-3640
-3640
-3549
-3605
-3391
-2752
-2046
-2117
-2295
-1813
-208
1272
2178
2447
3221
4673
6001
6189
5041
4323
4311
4730
4189
2812
1296
138
-663
-1837
-3248
-4186
-3976
-3129
-2244
-1608
-1015
-669
-680
-840
-925
-619
-245
171
600
1082
1572
1482
758
-435
-1452
-2198
-2900
-3490
-3898
-4065
-4179
-4729
-5568
-6640
-7022
-5963
-3937
-1551
72
1650
2820
4100
4972
5228
4988
4608
5022
5588
5821
5078
3830
2601
1547
447
-937
-2230
-2939
-3027
-2965
-2929
-2544
-1841
-1339
-1355
-1226
-379
939
2031
2317
2529
3060
4262
4906
4599
3777
3404
3741
3849
3351
2187
998
-182
-1409
-2899
-4115
-4489
-3971
-3031
-2202
-1511
-996
-700
-800
-1067
-1055
-658
-172
78
368
866
1219
996
31
-889
-1582
-2078
-2802
-3456
-3823
-4019
-4279
-5029
-5904
-6724
-6503
-5440
-3424
-1414
396
1778
2933
4063
4617
4902
4719
5026
5480
5927
5715
4819
3740
2645
1692
526
-695
-1795
-2386
-2752
-3007
-3211
-2944
-2456
-2050
-1749
-1176
89
1404
2389
2603
2888
3495
4318
4492
3909
3196
3088
3484
3629
3183
2235
1321
292
-851
-2387
-3586
-3989
-3537
-2665
-2013
-1508
-1278
-1139
-1212
-1299
-1116
-653
-30
423
904
1427
1669
1285
366
-468
-965
-1393
-1874
-2434
-2744
-2931
-3264
-3887
-4819
-5375
-5446
-4821
-3722
-2471
-1078
-177
746
1395
2115
2668
3050
3603
4007
4541
4545
4219
3425
2472
1749
1092
611
-50
-698
-1303
-1728
-1973
-2101
-2068
-1878
-1536
-987
-126
916
1731
2081
2145
2313
2604
2696
2380
1986
1974
2284
2597
2421
1952
1289
515
-542
-1653
-2376
-2613
-2333
-1777
-1233
-820
-651
-664
-808
-661
-224
182
529
914
1641
2221
2444
2146
1617
1110
689
179
-483
-998
-1291
-1474
-1826
-2199
-2594
-2945
-3435
-3928
-4182
-4175
-3876
-3546
-3104
-2659
-2233
-1724
-1108
-367
234
703
1022
1138
1044
799
579
600
876
1097
1009
765
659
696
690
543
323
285
604
1324
2113
2761
3213
3551
3724
3634
3295
2746
2308
2214
2491
2768
2769
2389
1745
924
93
-711
-1426
-1961
-2168
-1962
-1559
-1212
-1068
-1139
-1243
-1183
-853
-531
-331
-205
76
456
684
706
580
442
177
-253
-752
-1093
-1353
-1619
-2017
-2420
-2650
-2795
-2985
-3396
-3638
-3524
-3080
-2659
-2524
-2396
-2043
-1268
-419
255
664
981
1313
1480
1409
1187
1030
1018
1032
1025
933
807
663
473
266
80
24
89
312
774
1506
2316
2861
3059
3030
2957
2855
2694
2543
2488
2640
2824
2842
2512
1996
1388
651
-196
-1013
-1512
-1622
-1429
-1245
-1248
-1323
-1340
-1284
-1170
-1012
-802
-719
-747
-748
-620
-424
-364
-382
-436
-527
-731
-1042
-1333
-1516
-1640
-1878
-2248
-2566
-2714
-2809
-2989
-3012
-2645
-2036
-1609
-1526
-1443
-1047
-313
435
951
1284
1597
1905
1998
1885
1754
1701
1705
1610
1446
1306
1177
1002
695
307
5
-108
-119
-87
102
610
1260
1778
1962
1994
1983
2002
2034
1967
1902
1876
1893
1765
1481
1153
730
163
-527
-1095
-1309
-1213
-983
-927
-1051
-1201
-1155
-980
-772
-574
-427
-366
-398
-410
-399
-399
-433
-449
-461
-514
-620
-793
-999
-1180
-1366
-1604
-1901
-2204
-2479
-2743
-2956
-2923
-2552
-1973
-1498
-1293
-1180
-908
-402
206
735
1116
1339
1473
1492
1490
1536
1606
1672
1604
1548
1451
1393
1219
961
629
391
334
386
471
552
801
1209
1631
1864
1927
1903
1933
2027
2141
2179
2159
2040
1749
1298
812
354
-194
-795
-1258
-1367
-1166
-907
-855
-992
-1108
-1083
-1006
-945
-847
-721
-740
-931
-1114
-1134
-1089
-1134
-1235
-1283
-1199
-1095
-1071
-1159
-1222
-1264
-1452
-1769
-2063
-2165
-2235
-2379
-2448
-2194
-1571
-931
-565
-430
-258
110
578
995
1291
1423
1352
1158
1030
1148
1359
1435
1305
1169
1144
1153
1035
755
461
337
406
580
806
1030
1302
1586
1889
2066
2101
2060
2067
2192
2415
2598
2604
2420
2125
1757
1300
739
95
-515
-885
-949
-833
-754
-809
-870
-895
-891
-924
-942
-924
-891
-985
-1255
-1576
-1793
-1855
-1922
-2028
-2104
-2017
-1883
-1831
-1820
-1758
-1667
-1740
-1974
-2225
-2310
-2294
-2319
-2350
-2124
-1499
-785
-361
-198
65
586
1175
1578
1771
1812
1724
1554
1390
1351
1404
1406
1258
1051
951
908
712
355
63
-19
111
347
590
825
1101
1474
1844
2082
2145
2134
2181
2330
2529
2648
2598
2402
2123
1828
1497
1048
467
-126
-517
-640
-601
-639
-785
-953
-1005
-983
-950
-915
-892
-891
-984
-1210
-1507
-1732
-1849
-1968
-2175
-2365
-2382
-2239
-2066
-1968
-1920
-1884
-1896
-1983
-2106
-2178
-2232
-2346
-2389
-2145
-1565
-986
-696
-543
-214
441
1146
1683
2007
2187
2248
2165
2054
1992
1968
1845
1593
1379
1272
1154
853
446
165
131
244
355
423
547
783
1119
1445
1658
1742
1773
1875
2060
2204
2197
2038
1837
1631
1411
1130
745
288
-140
-382
-413
-391
-500
-769
-1033
-1135
-1094
-1036
-1021
-965
-893
-884
-1030
-1213
-1314
-1351
-1478
-1738
-1939
-1957
-1817
-1719
-1690
-1710
-1733
-1789
-1873
-1931
-1947
-1969
-2052
-2059
-1815
-1322
-885
-682
-606
-361
156
780
1326
1723
1987
2094
2093
2048
2021
1914
1682
1395
1203
1094
934
637
286
65
73
199
313
357
430
633
947
1276
1454
1507
1525
1652
1855
1953
1888
1683
1474
1294
1122
910
639
340
75
-74
-116
-151
-270
-486
-687
-791
-810
-808
-824
-797
-797
-868
-1021
-1198
-1332
-1444
-1561
-1693
-1762
-1754
-1688
-1668
-1666
-1668
-1706
-1826
-2014
-2109
-2095
-2067
-2091
-2046
-1771
-1304
-869
-635
-484
-190
328
897
1376
1745
2009
2212
2311
2360
2341
2250
2032
1752
1530
1368
1156
828
477
249
238
344
394
348
358
523
793
1008
1088
1049
1045
1152
1286
1295
1169
984
812
682
561
450
321
202
92
30
-14
-77
-183
-315
-433
-507
-577
-646
-682
-645
-635
-752
-994
-1245
-1418
-1512
-1585
-1647
-1649
-1583
-1477
-1408
-1383
-1417
-1498
-1620
-1756
-1843
-1897
-1973
-2040
-1966
-1676
-1295
-1027
-890
-707
-283
331
939
1394
1681
1899
2093
2241
2311
2332
2288
2150
1956
1795
1655
1439
1155
899
773
791
823
769
662
649
784
954
1037
1045
1040
1082
1151
1139
1006
771
554
358
176
16
-98
-155
-189
-193
-171
-165
-215
-335
-464
-565
-654
-771
-912
-985
-941
-889
-1002
-1273
-1549
-1688
-1729
-1736
-1743
-1721
-1657
-1588
-1524
-1498
-1485
-1535
-1648
-1768
-1816
-1807
-1814
-1790
-1616
-1307
-1010
-829
-728
-496
-38
591
1181
1598
1858
2042
2186
2277
2308
2286
2192
2046
1907
1812
1737
1625
1477
1348
1316
1361
1350
1243
1132
1112
1167
1182
1126
1052
1046
1106
1158
1109
945
708
455
222
-11
-203
-329
-392
-435
-453
-410
-333
-305
-374
-481
-596
-722
-883
-1045
-1138
-1160
-1218
-1396
-1638
-1822
-1891
-1896
-1875
-1816
-1711
-1622
-1601
-1606
-1585
-1532
-1525
-1602
-1682
-1718
-1704
-1701
-1647
-1449
-1170
-960
-864
-757
-455
50
626
1132
1514
1801
2014
2170
2259
2294
2257
2138
1992
1898
1851
1766
1642
1553
1570
1643
1731
1757
1694
1631
1593
1542
1393
1183
999
905
883
856
746
548
331
113
-69
-249
-416
-568
-669
-710
-686
-636
-587
-564
-561
-553
-576
-647
-769
-880
-967
-1026
-1139
-1318
-1537
-1694
-1756
-1737
-1697
-1648
-1575
-1501
-1432
-1404
-1386
-1370
-1345
-1364
-1421
-1492
-1550
-1574
-1532
-1387
-1179
-1017
-912
-763
-457
4
484
865
1148
1389
1608
1773
1839
1836
1793
1713
1631
1559
1469
1353
1244
1244
1376
1586
1792
1910
1978
2061
2150
2141
1983
1718
1469
1317
1235
1128
917
649
369
123
-58
-193
-333
-524
-717
-823
-815
-737
-687
-696
-733
-728
-686
-675
-703
-765
-828
-933
-1086
-1262
-1412
-1483
-1495
-1468
-1440
-1406
-1380
-1373
-1384
-1400
-1414
-1409
-1400
-1416
-1461
-1525
-1572
-1575
-1474
-1263
-1014
-802
-648
-458
-177
200
575
872
1102
1305
1497
1611
1650
1643
1633
1600
1562
1467
1312
1120
944
862
906
1071
1264
1417
1551
1703
1865
1938
1879
1700
1504
1359
1240
1089
851
575
305
73
-105
-250
-381
-529
-658
-727
-709
-654
-623
-643
-703
-758
-789
-805
-818
-816
-835
-888
-990
-1101
-1197
-1248
-1246
-1200
-1136
-1092
-1083
-1103
-1120
-1139
-1165
-1206
-1265
-1312
-1362
-1425
-1505
-1553
-1493
-1292
-996
-692
-452
-247
8
325
669
941
1133
1275
1419
1544
1613
1619
1580
1536
1481
1411
1288
1124
937
799
762
860
1003
1131
1230
1337
1478
1590
1606
1501
1339
1176
1032
863
647
403
180
1
-157
-293
-411
-492
-549
-567
-567
-548
-523
-513
-520
-550
-598
-661
-711
-731
-721
-709
-751
-827
-894
-928
-930
-906
-871
-850
-852
-884
-941
-1002
-1061
-1121
-1196
-1270
-1339
-1432
-1544
-1650
-1673
-1583
-1361
-1058
-751
-475
-221
67
384
708
994
1191
1343
1470
1587
1652
1660
1612
1529
1436
1319
1195
1059
949
876
879
936
1014
1097
1174
1264
1346
1391
1351
1230
1066
882
701
533
349
170
8
-140
-274
-381
-450
-478
-498
-515
-541
-564
-572
-578
-597
-639
-679
-717
-730
-728
-716
-706
-695
-673
-646
-628
-614
-607
-598
-602
-631
-681
-760
-843
-937
-1034
-1125
-1213
-1297
-1394
-1483
-1547
-1551
-1460
-1282
-1035
-769
-492
-224
60
360
663
933
1152
1316
1431
1526
1567
1559
1516
1453
1378
1291
1196
1115
1064
1048
1066
1097
1116
1126
1141
1172
1197
1204
1166
1073
945
817
677
521
358
192
44
-79
-172
-254
-321
-366
-399
-431
-466
-509
-569
-630
-687
-723
-744
-755
-777
-811
-856
-880
-860
-821
-771
-749
-741
-731
-686
-639
-622
-647
-712
-812
-918
-1005
-1083
-1159
-1225
-1285
-1326
-1324
-1282
-1215
-1120
-978
-783
-544
-274
-18
206
435
673
909
1102
1243
1321
1365
1373
1352
1307
1243
1190
1145
1112
1090
1088
1088
1075
1058
1035
1012
993
980
954
910
877
832
779
713
626
501
360
246
146
78
21
-22
-74
-128
-181
-245
-313
-381
-436
-468
-474
-472
-480
-502
-555
-625
-690
-726
-737
-746
-752
-751
-748
-738
-742
-765
-822
-902
-997
-1081
-1142
-1179
-1186
-1173
-1148
-1108
-1051
-992
-927
-841
-729
-593
-435
-274
-117
42
207
379
550
723
874
992
1068
1111
1124
1131
1136
1149
1164
1170
1180
1183
1154
1094
1018
925
837
762
691
629
582
534
498
477
452
406
334
240
151
99
66
39
-5
-60
-118
-164
-207
-240
-259
-261
-256
-246
-217
-192
-184
-206
-254
-312
-358
-407
-452
-490
-527
-553
-596
-653
-727
-815
-911
-991
-1060
-1101
-1101
-1076
-1016
-925
-821
-708
-608
-532
-466
-389
-308
-232
-180
-141
-108
-59
16
110
205
293
364
423
489
559
648
737
826
912
982
1032
1058
1055
1011
942
856
768
684
612
556
505
468
439
418
398
370
327
287
254
237
221
198
147
78
6
-62
-106
-141
-159
-177
-183
-184
-172
-170
-178
-201
-235
-264
-286
-307
-340
-374
-409
-440
-474
-517
-571
-644
-715
-775
-816
-833
-818
-782
-722
-639
-538
-429
-329
-247
-183
-131
-80
-34
-10
-13
-32
-37
-33
-23
-25
-31
-38
-35
-21
5
53
120
202
287
369
445
504
544
551
530
500
480
463
450
439
433
430
431
441
446
447
442
442
444
450
447
418
366
299
226
155
90
36
2
-18
-27
-32
-27
-27
-24
-32
-40
-49
-55
-61
-78
-100
-140
-175
-223
-265
-308
-345
-387
-419
-434
-420
-379
-326
-270
-222
-170
-114
-61
-18
15
35
41
40
28
7
-20
-46
-72
-115
-168
-237
-309
-378
-431
-460
-470
-457
-431
-387
-342
-295
-264
-238
-224
-213
-190
-155
-113
-69
-19
22
66
111
160
203
242
282
333
389
441
469
472
455
428
394
355
311
272
249
250
260
269
277
277
279
283
284
276
267
251
231
194
132
50
-32
-101
-150
-186
-219
-247
-243
-202
-134
-56
10
58
88
114
138
164
176
183
180
176
180
188
186
172
145
98
37
-40
-124
-211
-287
-341
-384
-411
-427
-433
-443
-456
-473
-490
-501
-508
-503
-487
-456
-414
-367
-323
-274
-222
-160
-90
-14
59
125
172
202
216
223
224
208
182
151
127
111
107
112
122
136
160
189
216
242
265
284
294
292
269
224
158
84
12
-43
-82
-103
-113
-110
-85
-40
21
85
140
174
195
208
223
244
262
277
292
312
334
360
368
356
320
274
217
155
89
18
-49
-106
-145
-173
-191
-219
-261
-311
-359
-397
-429
-460
-490
-508
-510
-495
-474
-449
-426
-397
-354
-292
-217
-143
-85
-50
-34
-29
-29
-34
-45
-61
-73
-74
-67
-52
-32
-8
16
46
81
122
164
208
245
268
273
260
232
195
157
118
86
64
59
63
77
93
113
134
166
196
214
217
217
223
242
270
300
321
343
368
393
404
397
360
308
252
199
147
91
32
-21
-65
-90
-111
-141
-187
-241
-291
-329
-352
-366
-381
-393
-395
-387
-371
-354
-338
-322
-296
-256
-213
-180
-159
-153
-156
-158
-162
-172
-183
-187
-183
-172
-154
-136
-120
-103
-77
-53
-31
-6
19
43
65
77
75
64
53
41
28
21
23
35
60
94
126
149
168
184
192
192
183
165
151
153
170
195
226
261
300
344
387
415
428
420
402
374
346
311
274
230
188
145
104
63
22
-26
-71
-108
-136
-152
-164
-175
-191
-202
-209
-212
-215
-217
-222
-219
-207
-191
-180
-177
-182
-190
-194
-198
-198
-203
-206
-209
-208
-205
-199
-196
-193
-190
-183
-173
-162
-149
-137
-128
-121
-115
-114
-111
-106
-99
-92
-82
-64
-41
-15
8
26
35
42
44
41
34
27
24
29
47
74
107
146
187
231
276
317
353
375
390
397
400
397
384
363
335
301
267
229
189
153
118
89
65
47
32
15
1
-15
-30
-41
-50
-57
-63
-69
-73
-78
-84
-88
-92
-95
-96
-94
-94
-98
-104
-115
-129
-145
-162
-179
-189
-198
-203
-206
-206
-204
-201
-199
-201
-207
-209
-205
-194
-181
-167
-151
-128
-102
-73
-48
-31
-24
-22
-25
-28
-33
-37
-37
-35
-27
-12
13
43
75
106
136
164
192
217
237
250
256
260
258
249
232
207
179
153
131
112
97
83
72
63
55
45
34
24
15
8
1
-3
-6
-7
-5
-3
2
12
24
39
49
55
56
54
46
31
9
-18
-45
-67
-81
-92
-102
-111
-117
-122
-127
-136
-148
-157
-162
-157
-146
-133
-116
-98
-74
-50
-29
-18
-16
-21
-30
-43
-56
-71
-86
-94
-97
-93
-87
-78
-64
-44
-23
1
22
41
57
73
90
106
119
125
127
122
114
101
88
75
65
61
62
61
57
51
44
37
30
21
11
1
-4
-4
-1
3
9
18
31
46
59
71
77
81
79
75
66
50
32
14
0
-13
-20
-26
-33
-39
-46
-55
-66
-76
-84
-89
-91
-85
-75
-62
-47
-28
-10
5
14
15
10
2
-9
-22
-37
-51
-62
-67
-68
-68
-64
-59
-51
-40
-27
-18
-9
-3
2
9
16
19
20
20
19
18
15
13
13
16
21
27
34
39
41
42
39
38
37
40
42
44
45
45
46
47
51
51
54
56
59
63
62
58
50
38
24
7
-10
-27
-42
-53
-60
-66
-70
-75
-82
-89
-94
-98
-100
-97
-90
-76
-57
-34
-9
16
38
56
68
73
72
65
55
42
29
17
11
6
4
3
4
4
3
1
-3
-8
-15
-21
-27
-33
-37
-40
-42
-42
-41
-38
-36
-32
-28
-21
-16
-10
-6
-2
1
5
9
13
17
22
25
29
32
35
39
42
47
52
55
57
59
56
52
43
33
20
6
-6
-17
-26
-35
-41
-44
-48
-49
-53
-58
-62
-65
-64
-62
-55
-44
-30
-15
2
17
32
45
55
62
65
65
61
55
49
43
38
34
30
27
24
23
20
18
13
8
2
-4
-10
-17
-24
-29
-34
-37
-39
-38
-38
-39
-39
-39
-39
-41
-44
-46
-48
-45
-41
-36
-31
-23
-17
-11
-4
2
6
11
16
20
25
28
28
27
23
17
11
3
-6
-12
-17
-20
-21
-23
-24
-26
-26
-27
-27
-27
-26
-21
-12
0
17
30
43
55
66
74
79
82
86
89
93
95
96
93
88
82
75
68
59
51
43
36
29
22
16
9
2
-6
-12
-17
-25
-30
-36
-43
-51
-60
-68
-76
-83
-93
-100
-108
-113
-116
-117
-116
-113
-107
-98
-88
-76
-66
-53
-43
-34
-29
-23
-19
-16
-11
-9
-7
-6
-4
-2
0
2
2
1
0
-3
-7
-11
-13
-15
-12
-7
2
13
29
46
63
79
94
105
115
123
130
136
142
150
154
158
160
157
152
143
131
116
101
87
74
62
51
41
33
22
13
1
-9
-18
-25
-33
-42
-51
-60
-72
-84
-98
-112
-127
-141
-155
-168
-176
-184
-187
-184
-179
-170
-160
-147
-134
-121
-107
-95
-84
-73
-63
-50
-40
-30
-22
-14
-7
-1
4
9
14
19
22
24
22
18
13
8
6
6
12
22
35
50
64
76
88
97
104
113
122
134
147
162
177
189
197
202
202
197
188
176
165
153
141
131
122
113
102
90
77
63
48
33
19
3
-12
-28
-47
-67
-85
-106
-126
-145
-163
-180
-198
-214
-230
-241
-247
-247
-241
-229
-216
-201
-184
-168
-150
-135
-121
-106
-91
-75
-60
-44
-31
-17
-4
7
18
29
38
46
49
49
45
38
30
23
18
16
19
26
35
44
50
56
59
61
67
75
86
101
117
134
149
160
169
173
175
174
173
170
168
167
164
160
155
148
138
127
114
102
89
76
61
45
28
7
-14
-35
-55
-73
-92
-111
-129
-149
-172
-195
-216
-236
-250
-259
-261
-260
-255
-247
-238
-226
-214
-201
-187
-171
-154
-135
-117
-98
-80
-60
-43
-25
-7
10
24
35
41
46
47
48
48
49
50
52
56
62
67
74
81
90
103
117
132
148
162
173
183
189
192
193
194
193
191
190
189
187
185
182
178
171
164
156
147
138
129
118
107
96
81
64
45
22
0
-24
-45
-65
-85
-105
-126
-150
-176
-203
-230
-253
-272
-287
-295
-299
-299
-297
-291
-283
-272
-261
-247
-231
-214
-197
-178
-159
-138
-115
-93
-69
-48
-29
-13
-1
7
13
16
20
23
29
35
41
49
57
67
78
91
106
124
142
160
178
192
204
211
218
220
221
222
222
222
221
218
215
211
205
200
193
185
179
173
167
161
153
145
133
119
102
83
62
39
17
-6
-28
-51
-75
-101
-128
-154
-182
-207
-229
-247
-263
-272
-279
-283
-283
-280
-276
-269
-259
-248
-235
-220
-202
-185
-166
-145
-125
-104
-84
-66
-50
-37
-27
-19
-13
-8
-4
0
3
7
10
13
16
21
26
34
45
57
70
83
95
106
118
127
136
145
156
164
173
181
185
189
191
191
191
188
186
184
182
182
180
176
173
167
158
147
133
116
98
78
58
37
15
-6
-28
-50
-73
-94
-115
-134
-152
-166
-179
-190
-198
-204
-211
-215
-219
-220
-219
-216
-211
-205
-197
-188
-177
-166
-154
-142
-130
-116
-103
-88
-75
-62
-51
-42
-32
-25
-17
-8
0
10
19
29
39
50
58
66
74
83
93
106
118
132
147
160
174
183
191
195
197
196
194
191
188
184
180
177
172
166
160
151
142
130
117
101
85
67
49
29
10
-9
-27
-43
-58
-72
-85
-98
-110
-121
-130
-138
-146
-152
-157
-162
-165
-169
-172
-174
-175
-176
-176
-176
-174
-174
-172
-169
-167
-164
-160
-153
-145
-135
-123
-110
-96
-82
-67
-51
-36
-20
-3
13
29
44
59
73
85
98
110
123
136
149
161
173
184
193
198
201
202
200
197
195
191
187
183
179
174
167
160
150
139
125
114
99
84
69
54
37
20
2
-14
-30
-44
-56
-66
-74
-82
-88
-93
-98
-102
-105
-107
-109
-111
-114
-115
-118
-121
-124
-127
-128
-130
-133
-134
-137
-140
-141
-142
-142
-140
-138
-131
-125
-117
-109
-101
-90
-80
-68
-54
-41
-26
-11
3
16
29
41
53
63
74
83
92
100
107
113
118
120
122
122
121
119
117
115
113
111
108
106
102
98
93
88
81
74
67
60
53
46
40
33
27
20
14
9
4
0
-2
-6
-7
-8
-10
-10
-11
-11
-13
-14
-17
-22
-24
-30
-34
-39
-43
-49
-54
-61
-68
-76
-82
-89
-94
-99
-102
-102
-102
-102
-100
-98
-94
-90
-85
-78
-71
-61
-52
-42
-33
-22
-11
-2
8
17
26
34
41
47
52
55
58
58
59
59
59
58
58
57
57
56
56
55
54
53
51
50
48
47
47
45
44
43
41
40
37
36
35
31
29
28
25
22
19
17
13
11
8
4
-1
-4
-7
-13
-16
-21
-25
-29
-35
-39
-42
-47
-52
-55
-58
-61
-63
-66
-67
-67
-66
-65
-64
-63
-59
-57
-54
-49
-45
-39
-33
-26
-18
-11
-3
5
13
21
26
31
36
39
43
46
46
47
46
47
47
47
45
44
43
41
39
37
35
33
31
29
28
26
25
23
21
19
18
17
15
14
12
9
8
6
4
2
-1
-3
-5
-7
-8
-11
-12
-15
-16
-18
-19
-21
-23
-24
-25
-25
-27
-26
-28
-28
-29
-28
-29
-28
-27
-26
-25
-24
-23
-22
-21
-19
-17
-16
-14
-12
-9
-6
-3
0
3
6
8
10
12
14
14
15
15
14
14
13
14
14
13
12
12
12
11
10
11
11
10
11
11
11
11
11
11
10
11
10
9
9
8
8
6
6
5
4
3
2
0
0
-1
-2
-3
-3
-3
-4
-4
-5
-5
-6
-5
-6
-5
-5
-5
-5
-5
-4
-4
-4
-4
-4
-3
-3
-3
-2
-2
-2
-2
-2
-1
-2
-1
-1
-1
0
0
0
0
-1
-1
-1
-2
-2
-2
-3
-4
-5
-4
-5
-6
-6
-6
-6
-6
-6
-6
-4
-4
-3
-3
-1
0
0
2
3
4
5
4
5
5
6
5
5
5
5
5
5
4
4
4
2
2
1
1
0
1
0
-1
0
0
1
1
1
2
3
3
3
3
4
4
5
5
5
5
5
6
5
6
5
5
5
4
3
4
3
2
1
2
1
0
-1
-1
-1
-1
-2
-2
-2
-2
-3
-3
-4
-3
-4
-5
-5
-5
-6
-6
-7
-7
-7
-6
-6
-5
-6
-5
-3
-3
-2
-2
0
0
0
1
1
0
-1
-1
-1
-2
-3
-4
-5
-6
-6
-7
-7
-8
-7
-6
-5
-5
-4
-3
-1
0
2
3
5
6
7
7
10
9
11
11
11
11
11
12
11
10
9
9
9
7
6
5
4
4
3
2
1
1
1
0
0
-1
0
0
-2
-1
-1
-2
-2
-3
-3
-3
-5
-4
-6
-6
-6
-7
-7
-7
-8
-7
-6
-6
-6
-5
-4
-4
-4
-3
-3
-3
-4
-3
-4
-4
-4
-4
-5
-5
-5
-4
-5
-4
-5
-5
-4
-3
-1
-1
1
2
2
3
4
4
6
6
7
6
7
8
8
8
8
8
8
7
8
7
7
7
6
6
5
5
5
3
3
2
2
1
1
0
0
-1
-1
-2
-2
-3
-3
-3
-3
-3
-3
-5
-5
-5
-5
-5
-5
-6
-4
-5
-5
-4
-4
-4
-3
-2
-2
-2
-2
-1
-1
0
0
1
-1
0
0
0
0
-1
0
-2
-1
-1
-1
0
0
0
-1
0
0
0
0
0
1
-1
0
1
0
1
2
1
1
1
2
3
3
2
3
3
3
2
3
3
3
3
2
1
1
1
2
2
1
0
1
0
0
0
0
-1
-1
-1
0
-1
0
-1
-1
-1
-1
-1
0
-1
0
-1
-1
-2
0
-1
-1
-1
-1
0
-1
-1
-1
-2
-1
0
-1
-1
-1
-1
-1
-1
-2
-2
-1
-1
-2
-1
-2
-2
-1
-1
-2
-2
-1
-1
-1
0
-1
0
0
1
1
2
1
2
3
3
2
3
3
3
4
3
2
3
2
2
2
3
1
2
2
1
1
0
1
0
0
-1
0
0
1
1
0
0
0
-1
-1
-1
0
-1
-2
-1
-1
-1
-1
-2
-1
-1
-1
-1
-1
-2
-2
-2
-1
-1
-2
-1
-1
-1
-1
-2
-2
-1
-1
-2
-1
-2
-2
-1
-1
-1
-1
-2
-1
-1
-2
0
0
0
0
0
1
1
1
1
2
2
2
2
2
2
2
1
1
2
1
1
1
1
1
2
1
1
1
1
1
0
1
0
0
0
0
0
0
0
0
-1
0
-1
-1
0
-1
-1
-1
-2
-1
-2
-2
-1
-2
-2
-1
-1
-2
-1
-2
-1
0
-1
-1
0
0
0
0
0
0
0
1
0
1
0
1
0
1
0
1
0
0
0
1
1
1
0
1
0
0
0
1
0
0
0
0
0
0
0
-1
-1
0
0
0
0
-1
0
0
0
1
0
0
1
1
1
1
2
1
1
1
1
1
1
2
1
1
1
1
0
1
1
0
1
0
0
0
0
0
-1
0
-1
-1
-2
-1
-1
-2
-2
-1
-2
-1
-2
-2
-1
-1
-1
-1
-1
-2
0
-1
0
0
-1
0
0
1
0
0
1
1
1
1
1
1
1
0
1
1
1
1
1
1
2
2
1
1
1
2
1
2
1
0
0
0
0
0
0
0
0
-1
-1
0
-1
-1
0
0
0
-1
-2
-1
-1
0
-1
-1
-2
0
-1
-1
-1
0
-1
0
-1
0
0
0
0
0
0
0
0
0
1
0
0
0
-1
1
1
1
0
1
-1
0
-1
-1
0
0
0
0
0
0
0
0
-1
0
-1
1
0
1
1
0
0
0
0
0
1
0
0
1
0
0
1
0
1
1
0
-1
0
0
0
0
0
0
-1
1
0
-1
0
0
0
0
0
0
0
0
0
0
-1
-1
0
0
0
0
-1
0
0
0
0
0
0
-1
-1
0
1
0
0
0
1
0
2
-1
0
0
0
0
0
0
1
0
0
0
0
0
0
0
1
0
0
0
0
-1
-1
-1
0
0
0
0
1
0
-1
0
0
0
0
1
0
-1
0
0
0
0
0
1
0
0
0
0
0
0
0
0
0
0
1
0
0
0
0
0
0
0
0
1
0
0
0
0
0
-1
0
0
0
0
0
0
-1
0
0
-1
0
0
0
0
0
0
0
0
0
0
0
0
0
0
0
0
0
-1
0
0
1
0
0
-1
1
0
0
0
0
0
0
0
0
0
0
-1
1
0
0
-1
0
0
0
1
0
-1
0
0
0
0
0
0
0
1
-1
0
0
0
-1
-1
0
0
0
1
0
0
0
0
0
1
0
-1
-1
0
0
0
0
0
0
0
-1
0
-1
0
1
0
0
0
0
1
0
0
0
0
0
-1
-1
0
0
0
0
-1
0
1
0
1
0
0
0
0
-1
0
0
0
-1
0
0
0
0
0
0
0
0
-1
0
0
0
1
0
1
0
-1
0
1
0
0
-1
0
0
0
0
0
0
1
0
1
0
0
0
0
0
1
0
1
0
0
0
1
0
0
0
0
0
-1
0
0
0
0
0
0
0
0
0
-1
0
0
0
0
0
0
0
0
0
0
1
0
1
0
0
1
0
0
1
0
0
1
0
0
1
0
0
0
0
0
0
0
0
0
0
0
1
0
0
-1
0
0
-1
0
-1
0
0
1
1
0
0
0
-1
0
0
0
0
0
0
1
0
0
-1
0
0
0
0
-1
0
1
0
0
0
0
0
-1
0
0
0
0
0
0
0
1
0
0
0
0
0
-1
0
0
0
0
0
1
0
0
0
0
0
0
0
1
0
-1
0
-1
1
0
0
0
0
-1
0
-1
0
0
0
0
-1
1
0
0
0
1
0
-1
0
1
1
0
-1
0
0
0
0
0
0
0
0
-1
0
0
0
0
1
-1
0
0
-1
0
0
0
0
0
1
1
0
0
0
-1
-1
0
0
0
1
0
0
0
0
0
0
1
0
0
-1
0
0
1
0
0
0
0
0
1
0
0
-1
0
0
0
0
0
0
0
0
1
0
0
0
0
0
0
0
0
1
0
0
0
0
0
0
-1
0
0
0
0
1
0
0
1
0
0
0
1
-1
0
-1
0
0
0
1
0
0
0
0
0
0
1
0
0
0
0
0
0
0
0
0
-1
0
0
0
1
0
0
0
1
0
0
0
0
0
0
0
0
0
0
1
0
1
0
-1
0
0
-1
0
0
0
-1
0
0
0
-1
0
-1
1
-1
1
0
0
0
0
0
1
0
1
0
0
0
0
0
0
0
0
0
0
0
1
0
0
-1
0
0
0
0
0
0
0
0
0
0
-1
0
0
1
0
0
-1
0
0
0
0
0
0
0
0
-1
0
1
0
0
0
0
1
0
0
0
0
0
-1
0
0
-1
0
0
0
0
0
0
0
0
0
0
0
1
1
1
1
0
0
-1
1
0
0
0
0
0
0
