5
6
4
3
1
0
0
-1
0
1
3
6
7
8
7
4
0
-5
-10
-12
-11
-6
1
8
12
10
5
-2
-10
-14
-12
-7
2
10
14
13
8
2
-5
-11
-11
-9
-6
-1
2
5
6
7
7
7
4
2
-3
-6
-7
-7
-4
0
4
7
8
5
2
-2
-4
-6
-5
-4
-2
-2
-2
0
1
2
4
6
6
4
1
-3
-5
-4
-3
1
5
6
6
4
-1
-6
-8
-9
-5
-2
3
6
8
7
5
1
-3
-6
-9
-9
-7
-2
3
8
10
10
6
1
-5
-8
-9
-7
-2
2
6
5
2
0
-4
-5
-5
-2
2
5
5
4
0
-3
-6
-6
-5
-1
3
7
8
6
3
-2
-5
-8
-7
-6
-2
1
2
4
3
3
2
0
0
0
-1
-1
-1
0
0
0
1
1
1
1
-1
-2
-2
-2
0
0
1
1
1
0
-2
-1
-1
-1
0
2
2
2
2
0
-1
-1
-2
0
-1
1
1
1
1
1
0
0
-1
-1
-1
-1
0
1
0
2
1
0
-1
0
-1
-2
0
0
1
1
1
1
1
1
0
0
-1
-1
-1
-1
0
0
0
1
1
1
1
0
0
-1
-1
-1
-1
0
1
1
1
1
1
0
0
-1
-1
0
0
-1
0
1
0
1
0
0
0
0
0
0
0
-1
0
0
0
0
1
1
0
0
0
0
-1
0
0
0
-1
1
1
1
2
1
0
-1
-1
-1
-2
-1
0
1
1
3
2
0
0
-1
-1
-2
-2
-1
1
1
2
2
1
1
-1
0
-2
-1
-1
0
-1
0
1
1
2
0
0
0
0
-1
-1
-1
-1
-1
0
1
1
1
2
1
0
-1
-2
-2
-2
0
-1
1
1
2
1
1
0
-1
-2
-2
-1
0
0
1
1
2
0
0
0
-1
-1
-1
0
1
1
1
1
0
1
0
-1
-1
-1
-1
0
-1
1
1
1
1
1
0
0
-1
-1
-1
-1
0
1
1
0
1
1
1
0
0
-1
0
-2
0
-1
0
0
1
1
0
0
1
0
-1
0
-1
0
-1
0
1
0
0
0
1
0
0
0
0
0
0
0
0
0
0
0
0
0
0
1
0
0
0
-1
-1
0
-1
1
1
0
0
1
0
0
-1
0
0
0
0
0
0
0
1
-1
0
-1
0
0
0
0
0
0
0
-1
0
0
0
0
0
1
0
0
0
0
0
0
0
-1
0
0
0
0
0
0
-1
0
0
0
0
0
0
-1
0
-1
0
0
0
0
1
0
0
0
0
0
0
0
0
0
0
0
0
1
0
0
0
0
1
0
0
0
1
0
0
0
0
0
0
0
-1
-1
0
0
0
1
0
-1
0
0
-1
0
0
0
-1
0
0
1
0
0
0
0
0
0
1
-1
0
0
0
1
0
0
0
1
1
0
0
0
0
0
0
1
0
1
0
0
0
1
0
0
0
-1
1
1
0
-1
0
0
0
0
0
0
0
0
0
0
0
1
0
1
0
0
0
0
0
-1
0
1
0
0
-1
0
-1
0
0
-1
0
0
0
0
0
0
0
0
0
0
0
0
0
0
0
0
0
0
0
0
0
0
0
0
0
0
0
0
0
0
0
0
0
-1
0
0
0
0
0
0
0
-1
0
0
0
0
0
0
0
0
0
0
0
0
0
0
0
0
0
0
0
0
0
0
1
-1
0
0
0
0
0
0
0
1
0
0
0
0
0
-1
0
0
0
0
0
0
0
0
0
0
-1
-1
-1
-1
0
-1
0
0
0
0
0
0
-1
-1
0
-1
0
0
0
-1
0
0
0
0
0
0
0
1
0
0
0
0
0
0
0
0
0
0
1
1
0
0
0
0
0
0
0
0
0
0
0
1
0
0
0
0
0
1
1
0
0
0
0
0
-1
0
0
0
0
0
0
1
0
0
1
0
0
0
1
0
0
1
0
1
1
0
0
0
0
0
0
0
0
0
0
1
0
1
1
-1
0
0
0
0
0
0
0
0
0
0
0
1
0
0
1
0
0
0
1
0
0
0
-1
0
0
0
0
0
0
0
0
0
0
1
0
0
0
-1
-1
0
0
0
0
0
0
0
0
0
0
-1
0
1
0
0
0
0
0
0
0
-1
0
1
0
0
0
0
-1
0
-1
-1
0
0
0
0
1
0
0
0
0
0
0
0
0
1
1
0
1
-1
0
0
0
0
0
0
0
0
0
0
0
0
0
0
0
0
0
0
0
0
0
0
0
0
0
0
0
0
-1
1
0
1
0
0
1
0
0
0
0
0
1
-1
0
0
0
0
0
1
0
0
-1
0
0
0
0
1
0
0
1
-1
-1
0
0
0
0
0
0
0
0
0
0
0
-1
0
0
0
1
0
0
0
0
1
0
-1
-1
0
0
0
-1
0
0
0
0
0
-1
0
0
0
0
-1
0
0
0
0
0
0
0
0
0
0
0
0
0
0
-1
0
0
0
0
0
0
0
0
0
0
0
-1
-1
0
0
0
0
0
1
0
1
0
0
-1
-1
-1
0
0
1
0
1
0
1
0
-1
-1
-1
-1
-1
0
0
0
1
1
1
1
0
0
0
-1
-1
-1
-2
0
0
0
1
2
2
0
-1
-2
-3
-2
-1
-1
1
2
4
3
2
1
0
-2
-3
-2
0
1
2
4
3
3
0
-1
-3
-3
-4
-2
-1
0
1
2
1
0
-1
-2
-2
-2
-2
-2
-1
0
0
1
1
1
1
1
1
1
1
0
0
-2
-1
-1
0
1
2
3
2
2
1
-2
-2
-3
-3
-1
1
4
5
5
4
2
-1
-4
-5
-6
-3
0
3
5
7
6
4
1
-3
-6
-7
-7
-6
-2
2
5
6
6
3
1
-3
-7
-8
-7
-5
-2
2
5
7
6
5
2
-1
-4
-6
-5
-3
-1
3
5
6
5
3
0
-2
-4
-5
-4
-3
1
2
4
3
2
1
-2
-3
-3
-2
-1
-1
2
2
3
2
1
-1
-1
-1
-1
-1
0
0
0
0
0
1
2
3
2
2
0
-1
-2
-3
-3
-3
0
2
4
6
7
7
3
0
-3
-6
-7
-7
-4
0
2
6
7
5
3
-1
-6
-8
-9
-8
-6
-2
2
6
8
8
5
2
-1
-3
-4
-5
-4
-1
2
5
7
7
6
3
1
-1
-4
-5
-3
-2
2
4
6
6
3
-1
-6
-10
-13
-11
-6
-1
6
9
8
5
-1
-7
-14
-16
-14
-8
1
9
14
16
14
7
0
-8
-12
-12
-8
0
9
17
22
20
13
3
-8
-18
-22
-21
-14
-3
8
17
19
16
8
-3
-12
-18
-15
-9
1
11
18
21
19
15
9
2
-1
-2
-2
-1
3
6
9
11
10
5
0
-7
-14
-19
-19
-18
-16
-14
-16
-17
-20
-22
-21
-18
-14
-9
-2
6
14
21
24
24
21
13
5
-5
-15
-20
-25
-22
-12
1
12
16
11
1
-12
-22
-28
-28
-25
-17
-4
14
32
45
48
40
21
0
-20
-29
-25
-9
13
38
56
62
58
45
28
13
2
-2
1
7
11
13
8
-3
-21
-42
-61
-75
-79
-73
-61
-45
-31
-17
-6
3
6
7
4
-1
-3
-7
-12
-20
-27
-28
-14
14
48
77
94
91
71
35
-9
-52
-73
-54
18
130
252
339
354
283
143
-31
-190
-297
-330
-289
-191
-70
31
84
72
-1
-104
-201
-255
-247
-176
-63
57
153
200
192
140
61
-20
-81
-104
-88
-40
25
90
142
166
152
99
15
-83
-174
-233
-246
-210
-131
-32
60
122
135
99
30
-47
-104
-122
-89
-14
85
179
237
245
201
122
33
-41
-82
-85
-55
-4
52
97
115
103
61
6
-46
-78
-80
-57
-17
23
50
60
50
24
-9
-43
-70
-83
-82
-65
-42
-19
-3
1
-8
-24
-42
-57
-61
-52
-30
-1
26
46
55
48
27
-6
-41
-69
-79
-67
-33
12
57
89
95
71
25
-35
-90
-124
-132
-112
-67
-9
49
92
107
96
64
26
-10
-32
-33
-16
18
55
86
102
99
80
45
7
-28
-46
-46
-30
-7
13
20
16
-1
-21
-37
-45
-42
-30
-14
0
9
11
8
2
-2
0
2
1
-4
-15
-29
-41
-48
-48
-44
-34
-21
-7
5
12
14
9
-2
-15
-29
-37
-34
-22
-1
24
48
66
75
74
66
55
48
45
51
62
71
74
68
52
31
10
-10
-23
-32
-40
-46
-55
-62
-71
-79
-87
-95
-97
-92
-75
-54
-32
-19
-18
-29
-41
-47
-35
-7
35
83
123
142
132
92
33
-31
-78
-96
-80
-40
9
50
74
71
50
16
-18
-41
-48
-37
-11
22
50
65
59
34
-1
-31
-48
-46
-25
6
38
61
69
59
31
-6
-40
-59
-56
-29
11
54
83
86
64
22
-27
-70
-96
-96
-71
-31
15
52
69
63
34
-6
-44
-70
-74
-54
-17
27
62
81
77
56
25
-5
-25
-32
-31
-24
-18
-17
-22
-33
-44
-54
-59
-56
-47
-35
-22
-15
-12
-10
-7
-2
3
11
16
20
20
18
13
10
10
14
23
31
36
33
25
11
-2
-9
-10
-5
1
6
7
4
0
-4
-8
-12
-12
-11
-9
-4
0
7
14
23
33
43
53
57
59
54
47
39
32
24
16
11
4
0
-2
-4
-9
-15
-24
-32
-34
-31
-24
-15
-9
-7
-10
-20
-32
-45
-56
-61
-58
-47
-31
-16
-6
-6
-15
-26
-36
-36
-26
-9
9
23
28
24
14
3
-6
-9
-7
1
9
16
18
16
12
7
6
9
17
23
27
27
22
16
11
6
3
-2
-4
-6
-5
-2
3
8
15
21
25
27
25
19
12
4
-2
-2
0
7
14
19
21
20
18
14
8
4
-3
-10
-15
-18
-20
-22
-23
-22
-23
-24
-27
-29
-29
-30
-29
-26
-22
-18
-14
-10
-8
-6
-4
0
6
12
18
20
19
16
13
13
12
10
7
5
0
-2
-3
-2
-2
-2
-4
-4
-3
-1
1
1
1
0
-2
-2
-3
-2
0
2
3
6
8
11
15
17
19
19
15
9
2
-5
-9
-10
-8
-4
-2
1
0
-2
-5
-9
-11
-13
-12
-9
-3
3
7
7
5
0
-5
-7
-5
0
4
7
6
2
-3
-5
-5
-2
3
9
14
16
14
11
6
1
-4
-7
-8
-5
-2
2
5
6
4
0
-6
-9
-12
-11
-8
-3
0
2
2
-1
-5
-8
-7
-7
-4
1
2
2
1
0
-1
1
3
2
3
-2
-1
-4
-4
-3
-2
-1
-1
-2
-5
-5
-5
-7
-8
-8
-5
-4
4
8
13
14
15
13
11
7
7
6
5
7
10
14
18
16
14
7
-1
-5
-11
-12
-9
-8
-4
-1
-1
-1
-3
-7
-11
-14
-13
-12
-7
-3
3
2
2
0
-4
-11
-14
-12
-11
-3
4
11
14
8
9
3
-5
-9
-11
-9
-5
0
7
11
8
7
0
-2
-7
-7
-2
1
5
7
13
6
5
-2
-9
-6
-15
-6
-7
-4
-5
-7
-7
-9
-7
-12
-2
-4
1
1
6
3
3
9
10
10
8
17
11
12
16
13
15
14
11
5
7
5
-1
-2
-5
3
0
3
-4
-2
-5
-3
-5
-4
-4
-1
0
-5
-2
-5
0
-1
0
-2
-5
-2
-8
-4
-11
0
-5
-7
-5
-10
2
-2
-2
-3
1
3
2
3
2
-2
-2
-4
-1
-2
1
-1
0
-6
0
-1
-4
-2
0
0
-4
1
6
6
1
9
6
-8
-2
1
9
0
12
10
9
0
-1
2
-5
-3
-1
10
-1
2
10
2
-6
-13
1
-6
-9
2
3
5
-1
0
4
-3
-3
-6
-2
-6
-5
-3
6
6
-8
4
-3
0
-3
-4
5
-10
-1
-4
-2
2
2
5
-4
-1
-4
-5
3
7
6
0
4
5
-5
4
4
9
-2
4
4
-2
-5
-10
3
-10
3
6
1
-2
3
8
-6
-4
12
-6
0
1
9
2
-4
2
11
-12
-1
8
0
-2
-11
10
0
-11
1
-4
-3
-8
-1
-10
-3
-1
-2
9
-7
10
1
-7
6
-7
6
-3
0
4
6
11
6
10
-7
1
-1
-6
-1
-7
11
-2
3
-13
7
1
-1
-8
-6
-4
-5
6
-4
12
-4
7
0
-1
0
-12
-4
15
-9
8
3
2
6
-7
-7
-1
4
25
-14
-7
12
-3
9
-16
2
0
-15
0
20
3
-1
-8
2
7
-15
9
-2
-9
9
0
17
-17
-1
18
1
1
3
17
-32
-8
7
4
-8
-17
30
-14
20
-3
6
-10
-25
32
-29
-14
-14
26
14
-26
7
23
6
-21
-18
33
5
-20
3
15
5
-6
-3
22
-12
-12
30
-16
3
-23
16
-10
-10
18
-35
19
-10
4
4
0
11
-20
6
-5
16
-8
-14
32
-21
10
-17
30
0
-27
14
-29
38
4
-16
10
20
-38
19
10
-16
13
-35
55
-47
-19
23
7
24
-38
55
-36
-19
3
-23
55
-24
17
-6
-4
-5
-15
24
-7
-19
12
0
17
-13
4
3
4
-16
-24
43
-6
-5
3
-1
5
-23
14
1
7
-15
9
24
-29
19
-20
21
-4
-40
14
13
0
-11
11
2
-9
-6
35
-32
-1
9
5
8
-32
50
-30
21
-17
-2
-2
4
-6
4
11
-3
10
-7
4
-41
54
-44
25
-23
-4
53
-70
45
-10
-18
41
-38
15
3
-5
14
-7
18
-14
13
-39
54
-61
60
-31
-26
52
-70
79
-43
35
-24
-35
71
-65
22
-33
67
-58
-14
43
-42
79
-75
61
-51
20
15
-46
29
2
23
-50
43
3
-15
-6
-7
50
-64
13
24
-26
19
-21
15
-4
-1
21
-19
6
-10
2
1
-4
-21
49
-28
27
-11
9
-26
-15
57
-87
45
19
-31
23
16
21
-46
14
9
-2
-32
17
42
-61
12
19
5
-13
-1
5
-2
14
-21
7
-18
16
0
-21
26
-21
1
2
-21
22
28
-29
11
5
-2
-23
22
-12
21
-6
-31
34
14
-45
15
46
-58
33
-17
6
8
-48
50
-11
-7
25
-51
44
-13
-9
-12
37
-15
-11
24
-28
63
-66
24
6
-18
-1
-13
71
-132
120
-67
43
31
-93
70
-58
44
-48
31
20
-30
34
-8
3
18
-33
-8
11
-17
-2
53
-79
89
-69
41
-48
23
67
-76
15
14
-18
-2
-8
-13
28
-10
0
5
50
-50
-17
57
-39
-13
5
8
49
-84
35
13
-21
41
-39
39
-75
78
-83
12
91
-86
81
-74
37
21
-74
23
47
-23
-17
7
53
-57
-7
12
-26
92
-125
74
7
-6
-7
-67
144
-155
81
-33
6
34
-108
193
-154
80
-66
50
-39
30
-36
38
52
-96
52
-26
50
-69
-11
52
14
-14
-42
91
-52
-48
43
5
7
-76
56
-7
68
-111
55
30
-43
13
-52
64
-31
-30
39
28
-30
-11
35
8
-36
-14
21
-3
21
-36
34
22
-57
55
-30
49
-123
112
-109
44
45
-53
60
-43
40
15
-108
105
-51
-42
69
-21
25
-45
68
-38
-37
49
-37
38
-73
86
-38
22
21
-95
123
-107
88
-128
94
63
-152
121
-96
137
-128
15
3
30
33
-133
145
-61
-9
-8
3
84
-94
41
13
-37
2
17
-24
41
-21
18
-37
-21
75
-92
94
-73
84
-67
-28
119
-125
35
37
-53
27
-11
56
-84
106
-85
16
45
-64
19
6
13
-17
-24
67
-68
47
-50
3
114
-102
-4
25
4
-2
-18
-27
124
-157
97
-29
18
25
-72
70
-79
50
2
-44
41
44
-97
128
-141
142
-208
206
-112
3
24
-19
119
-161
130
-50
-15
-3
-2
-40
93
-47
-32
37
40
-63
2
60
-43
-40
91
-129
169
-140
43
72
-117
76
-39
37
-45
-7
74
-61
8
68
-130
156
-155
112
-52
20
-16
-78
178
-134
25
24
6
15
-30
-16
50
-58
41
-45
79
-108
111
-103
24
140
-184
98
-8
10
-87
54
54
-70
29
-8
-30
139
-289
330
-251
196
-105
-88
225
-220
146
-159
217
-146
-37
159
-97
38
-18
-69
164
-171
60
16
-10
-9
-6
44
-39
36
-59
41
24
-37
-54
133
-135
129
-123
85
-68
20
89
-153
143
-77
6
15
-20
93
-145
139
-149
91
42
-148
165
-101
69
-44
-1
-24
37
68
-223
246
-171
112
-61
-70
248
-288
218
-165
145
-23
-140
97
18
-37
38
-24
4
32
-84
40
75
-62
-99
164
-70
-29
9
76
-66
2
50
-132
144
-91
26
51
-123
191
-191
69
139
-209
143
-143
178
-150
70
11
-119
244
-278
242
-227
204
-100
-47
124
-91
12
-45
183
-259
203
-111
120
-135
30
62
-70
71
-110
174
-241
256
-148
28
73
-154
142
-123
137
-66
-105
185
-103
7
56
-84
42
-38
78
-55
2
21
-8
-20
24
27
-91
74
-12
-8
-12
18
16
-106
184
-141
16
172
-307
269
-209
149
-64
2
51
-27
-13
-56
207
-282
156
-3
-2
-42
-12
144
-203
150
-68
29
-44
22
72
-204
337
-391
372
-281
135
-27
-78
177
-258
338
-351
244
-59
-81
99
-46
3
51
-143
152
-57
22
-11
-112
219
-221
133
38
-165
192
-124
-1
106
-148
141
-172
240
-211
11
173
-157
81
-90
94
-54
-36
94
-12
-103
148
-119
52
-33
118
-192
159
-76
20
-41
149
-190
74
77
-182
296
-389
318
-134
43
-15
-73
161
-146
45
-57
149
-174
108
-28
10
-29
11
40
6
-93
89
30
-113
89
-10
-88
150
-98
-59
158
-69
-156
234
-103
-44
47
-76
209
-252
139
-1
-49
46
1
33
-146
269
-335
190
-34
-19
-60
238
-251
146
-23
-142
288
-431
486
-317
53
134
-232
217
-170
170
-189
283
-204
-9
188
-316
425
-468
256
43
-192
60
171
-204
68
24
-3
41
-89
53
-105
136
-58
-27
10
-2
79
-127
96
51
-147
112
-66
71
-119
95
-100
215
-196
131
-163
240
-249
159
-91
36
48
-203
354
-337
330
-316
242
-144
6
60
-134
211
-210
123
-72
108
-111
71
-46
10
32
-139
280
-360
316
-168
90
-42
-33
36
-23
-11
-25
126
-105
59
-1
-58
54
33
-139
144
-120
169
-146
80
60
-198
73
112
-166
78
92
-226
351
-350
150
100
-286
283
-210
158
-71
27
-11
1
71
-114
38
19
66
-221
246
-197
30
213
-291
219
-92
8
-42
106
-95
42
-38
33
-51
-13
202
-372
388
-224
-33
273
-326
189
-33
-12
-48
158
-179
50
42
-65
58
-20
2
-126
239
-182
73
106
-179
94
-82
104
-31
-80
158
-170
108
15
-147
230
-214
119
-17
-34
131
-258
304
-262
170
-84
23
118
-207
211
-292
321
-269
108
33
-122
235
-342
344
-159
4
55
-29
-23
81
-78
-102
317
-387
320
-234
139
-67
-12
108
-126
141
-254
209
-40
2
-72
143
-195
145
26
-187
346
-404
259
-139
101
4
-67
145
-243
200
-81
17
35
-77
128
-218
213
-19
-156
313
-332
138
-38
-180
187
12
-103
210
-217
81
-6
-107
235
-193
133
-106
83
-77
134
-122
101
-91
47
45
-93
86
-136
195
-147
36
80
-176
134
-25
-155
316
-344
184
-32
-162
232
-80
75
26
-76
70
-81
-23
55
-30
24
-127
149
-135
217
-98
72
-59
-17
175
-455
526
-421
138
29
37
-32
-78
234
-334
332
-237
-18
52
-25
144
-176
293
-373
260
-168
112
76
-278
386
-464
401
-135
-80
247
-289
131
90
-173
148
-99
-68
142
-41
44
-167
188
-180
106
-39
4
50
-109
152
-130
60
2
-56
-39
194
-168
111
-34
16
-85
199
-172
34
189
-384
245
-31
-16
-23
81
-250
249
-62
8
205
-302
176
-235
229
-33
-144
316
-475
543
-432
278
-75
-182
186
-213
310
-211
46
75
-83
-163
256
-139
54
250
-456
347
-214
-45
283
-199
65
-109
127
-170
253
-116
-168
298
-280
234
-152
241
-261
83
43
-265
425
-344
216
-137
163
-252
207
-21
-125
121
-134
239
-224
148
-186
145
33
-73
72
-130
128
-99
23
44
-53
-13
10
1
-63
217
-250
174
-51
-88
43
110
-49
60
-8
-238
427
-499
524
-376
229
-32
-122
196
-303
405
-357
127
-133
13
98
-147
179
-173
54
109
-342
474
-292
-48
267
-276
150
73
-256
342
-155
110
-88
86
63
-257
500
-486
295
-94
-150
292
-348
230
-246
400
-456
380
-264
10
90
-195
231
-32
-83
175
-224
172
-34
-257
343
-260
312
-209
141
-112
73
-11
56
-23
-71
4
-185
148
-40
18
52
-101
124
-17
-54
92
-222
272
-116
-7
192
-317
400
-478
342
-49
-202
362
-416
-12
247
-95
-234
495
-404
125
9
53
-72
-19
136
-196
276
-9
-293
383
-319
45
2
73
-109
130
21
-102
266
-349
259
-123
35
6
38
-199
289
-332
353
-319
134
100
-501
781
-762
564
-386
293
-125
-145
337
-661
663
-455
219
10
-126
-44
174
4
-213
469
-648
774
-446
164
214
-453
503
-418
397
-181
110
1
-269
274
-347
341
-470
295
-90
-47
269
-365
283
-299
242
-256
171
-80
57
102
-52
135
-95
106
-47
-14
-25
-67
198
-172
313
-343
134
59
-496
351
-382
292
146
-56
89
2
-193
42
-208
-19
102
-145
295
34
-38
9
141
-227
65
73
-152
232
-58
22
-16
32
11
-10
166
-238
430
-345
-68
-51
-536
445
-377
484
-195
143
47
-156
312
-349
463
-499
495
-318
157
-75
-242
368
-570
543
-243
77
92
-222
123
-218
235
-75
-311
604
-746
853
-301
-161
673
-930
792
-541
451
-176
306
-275
25
170
-430
313
-479
191
35
1
330
-242
63
93
-602
741
-527
378
-187
-113
301
-372
483
-259
-39
-3
129
-242
314
-195
80
-134
-126
7
8
-66
-74
205
-273
397
-346
329
-410
317
-106
-79
274
-213
267
-233
243
-457
541
-512
523
-342
276
-320
244
-59
-28
569
-957
928
-794
307
-221
308
-70
-1
359
-638
616
-620
93
168
-7
136
237
-84
-17
281
-523
415
-309
136
-53
-111
270
-267
53
311
-743
567
40
-580
985
-771
286
169
-834
605
-396
140
162
-342
156
-187
269
-217
340
-230
-29
-400
-163
-88
94
228
298
427
-677
630
-1042
571
-313
-89
712
-765
713
-436
154
-42
-40
-208
-387
174
132
691
318
303
9
-22
-251
102
-29
118
748
-469
615
-571
89
-130
-549
542
-358
293
56
-237
-197
-76
-659
245
-596
177
-62
-388
351
-875
652
-679
490
-183
175
65
-153
536
-457
624
-423
213
152
405
298
327
196
-314
232
-453
552
183
-191
514
-297
435
-185
267
-263
144
286
-275
798
-430
608
-395
160
-319
32
251
-373
570
-623
422
-428
141
-435
-255
50
-427
216
-638
349
-458
51
-255
-140
-320
-220
-12
-323
146
-229
-219
-22
-33
-267
238
-111
136
-76
-141
12
-280
309
-231
214
130
113
498
-333
683
-71
442
111
-117
693
-133
586
134
238
274
-127
446
-105
460
-81
108
181
119
135
20
-140
-191
48
-295
31
37
-199
-285
0
-318
-254
-191
-324
-157
-149
-280
-109
153
-335
-29
-69
-409
-31
-282
-212
-86
-293
-17
-50
177
-26
173
-84
47
172
197
348
87
85
527
43
110
125
-99
327
104
247
368
253
347
-56
54
-50
-108
264
-23
70
-138
61
-371
-261
-42
-383
0
-120
-198
-78
-303
-206
3
-170
-247
-60
-169
8
-178
-138
-15
-246
-32
-87
194
149
-210
71
-466
54
-99
-30
409
-199
423
-194
111
-146
-328
191
-206
470
328
473
329
386
449
240
813
477
605
457
534
268
127
134
-273
380
-214
242
165
-243
51
-436
-206
-685
-169
-384
-349
-298
-746
-563
-932
-605
-510
-602
-401
-215
-234
-151
-144
-238
-330
-98
28
-90
227
188
-35
174
-46
-38
141
155
147
301
121
-20
159
-76
273
228
358
566
352
325
269
259
58
236
284
531
469
626
684
381
623
402
638
537
580
571
429
348
111
-61
-201
-47
-284
-138
-295
-399
-495
-713
-668
-878
-762
-775
-633
-709
-947
-977
-1113
-1233
-1188
-1178
-1134
-1041
-1219
-1141
-896
-836
-562
-398
-191
207
463
766
833
989
890
756
1125
1091
1469
1608
1650
1648
1470
1498
1422
1409
1171
1225
1136
937
751
599
479
328
90
45
60
-165
57
-147
-137
-164
-105
63
206
209
62
6
-137
-261
-441
-605
-541
-578
-721
-505
-999
-1309
-1848
-2058
-2290
-2523
-2550
-2818
-2768
-2820
-2762
-2559
-2402
-2370
-2448
-2245
-2200
-1856
-1808
-2386
-2721
-3349
-1979
-74
2709
3841
2922
2115
977
2367
3340
4943
5363
5465
5820
6177
6618
6137
5313
4509
4237
4707
5633
5590
4898
2631
1120
15
144
318
-250
-851
-1862
-2110
-2484
-2440
-2780
-2990
-3031
-2670
-2242
-2150
-2489
-3312
-3517
-3521
-2977
-2384
-2105
-2572
-3254
-4115
-5173
-5753
-6908
-7334
-7836
-8937
-9549
-11710
-9977
-7943
-2251
1060
576
93
-3010
-50
1636
5751
7427
7644
8885
9519
11405
11292
9993
8469
7092
7229
8136
9151
9786
7936
4833
1137
-1268
-1581
-811
-242
-636
-1576
-2433
-2572
-2940
-2608
-2459
-1737
-886
-118
985
1294
1222
370
224
1052
2998
4834
5539
4370
2353
120
-1011
-1382
-1248
-1230
-1785
-2400
-3973
-5396
-7617
-9299
-10574
-10778
-10352
-10077
-10353
-11736
-13679
-15470
-16381
-14567
-10196
-4101
1240
2975
2657
1271
2046
4592
8057
11057
13439
15228
16726
17411
16359
14046
11522
9723
9412
10002
10656
10392
7923
3816
-823
-4276
-5639
-5850
-5767
-6326
-7183
-7726
-7962
-7578
-7023
-6138
-4579
-3048
-1162
491
1657
2452
2550
3171
4252
6246
8081
8625
7973
5859
3916
2331
1409
1032
451
-249
-1648
-3450
-5883
-8191
-10328
-11969
-12615
-12962
-12671
-12936
-13503
-14893
-16423
-17637
-16319
-11885
-5443
1241
3600
3865
1938
2418
5301
9187
13018
15014
16476
17396
18004
17526
15411
13046
10856
9967
10346
10722
10749
8424
4400
-614
-4806
-6404
-6592
-6196
-6863
-8106
-9358
-9910
-9549
-8634
-6731
-5017
-3006
-1414
199
1762
2534
3091
3569
4710
6797
8597
9389
8389
6047
4065
2514
2128
1921
1357
191
-1661
-3794
-6104
-8156
-10119
-11526
-12512
-12969
-13277
-13561
-14738
-16067
-17587
-18623
-17031
-12523
-5784
1080
3616
3214
1008
1028
4561
9119
13777
15713
16970
17396
17520
17059
14869
12909
11207
10741
11163
11305
11003
8659
4319
-816
-5129
-6680
-6387
-5570
-6101
-7791
-9737
-11060
-10850
-9690
-7249
-4529
-1625
274
1677
2111
2467
3126
4155
6288
8648
10815
11264
9630
6726
3777
2296
1943
2386
2504
1298
-986
-4161
-7371
-9896
-11641
-12142
-12431
-12427
-12868
-13798
-15295
-17125
-18726
-19578
-18401
-14242
-7366
59
4362
4200
1763
113
2806
7863
13591
17269
18598
18712
18000
16719
14729
12720
11874
11711
12221
12275
11609
9430
4970
-426
-5386
-7484
-7035
-5530
-5215
-6819
-9365
-11689
-12326
-11468
-8793
-5637
-2687
-639
-5
514
720
1642
3092
5033
7943
10431
11758
10896
7969
4911
2680
2139
2915
3443
2848
383
-2854
-6458
-8911
-10327
-10883
-10876
-11212
-11549
-12477
-13878
-15436
-17363
-18330
-18636
-16658
-11626
-4962
2562
5358
4134
996
-451
3760
9686
15861
18549
18190
17155
15645
15052
13832
12652
11838
11155
11184
10619
9809
7292
2995
-2046
-6492
-7722
-6652
-4969
-5020
-7273
-10142
-11809
-11393
-9293
-6251
-3517
-1548
-870
-614
-103
825
2405
4164
6149
8408
10357
10866
9466
6311
3411
2095
2431
3587
3606
2084
-1145
-4648
-7400
-8846
-9207
-9343
-9568
-10309
-11218
-12521
-13827
-15337
-16847
-17709
-17744
-14226
-8154
191
6146
5840
2634
-1600
437
6481
13787
18417
18553
17210
15154
14136
13137
11869
11257
10362
10071
9297
8471
6996
3542
-1137
-6481
-9115
-8578
-6151
-4486
-5850
-8927
-11707
-12130
-10199
-6561
-2885
-359
783
448
727
1564
3466
5413
7018
8853
10525
11780
11066
8452
5081
2618
1943
2840
3289
2132
-981
-5226
-8549
-10454
-10577
-10049
-10164
-10917
-12537
-13829
-14850
-15743
-16551
-17571
-17727
-16126
-10771
-3349
4615
7330
5154
974
-487
4730
11726
18363
20140
18788
16352
14224
13253
12488
12128
11633
10773
9592
8140
6790
4582
599
-4335
-8378
-9130
-7162
-4906
-5015
-7656
-10902
-12282
-10979
-7347
-2975
335
1563
957
258
713
2897
5312
7470
8695
10047
10903
10737
8857
5727
3117
1963
2348
2919
2243
-581
-4497
-8486
-10556
-10978
-10197
-9713
-10449
-12060
-14175
-14956
-15337
-15169
-15680
-16273
-16027
-12735
-6595
1285
6702
6154
3275
-125
2795
8785
15496
19402
18949
17155
14284
12840
12033
12041
12327
11561
10200
7984
6385
4989
2298
-1544
-6056
-8339
-7826
-5738
-4576
-5993
-9029
-11492
-11616
-9043
-4804
-726
1378
1268
56
-179
1436
3910
6374
7791
8796
9461
9437
8526
6266
4082
2469
2067
2186
1857
155
-2880
-6270
-9264
-10179
-9872
-8546
-8647
-10064
-12152
-13694
-13799
-13326
-12896
-13318
-13832
-14258
-11777
-6752
185
5471
5646
3589
1182
3158
8109
13370
17138
17133
15870
13566
12170
11765
11700
11930
11258
9846
7933
6113
4689
2393
-1043
-4755
-7232
-6840
-5376
-4389
-5471
-8112
-10067
-10226
-8014
-4313
-700
1335
1539
432
215
1408
3659
6131
7766
8825
9285
9101
8132
6361
4406
2951
2166
1820
1333
-6
-2359
-5484
-8200
-9746
-9755
-9044
-9266
-10255
-11993
-13020
-13228
-13155
-13004
-13404
-13703
-13871
-12618
-8343
-2470
3627
5556
4171
2181
1946
5823
10302
14790
16449
15633
13887
11857
11168
10766
10900
11015
10270
9018
7019
5265
3247
435
-2448
-4834
-5115
-4263
-3459
-4083
-6067
-7837
-8380
-6886
-3982
-649
1521
1802
825
-18
622
2318
4558
6504
7533
8063
7546
6650
5138
3242
2032
1229
1182
1054
74
-1801
-4802
-7508
-9171
-9453
-8846
-9054
-9570
-10702
-11493
-11958
-12631
-12907
-13313
-13357
-12989
-12284
-9555
-5224
-92
3699
3579
2611
1488
3362
7321
11269
14605
15074
14447
12672
11113
10350
9910
10702
11162
10745
9172
6805
4890
2587
302
-1809
-2770
-2569
-2427
-2939
-4527
-5861
-6528
-5947
-4425
-2251
-166
708
482
-511
-729
168
1985
4115
5810
6475
6149
4896
3272
2009
1258
1460
1704
1674
705
-1220
-3567
-5964
-7387
-7765
-7391
-7211
-7597
-8528
-9501
-10419
-11227
-11719
-11780
-11281
-11195
-11000
-10678
-8229
-4178
242
2891
2613
1797
1367
3586
6840
10197
12710
13356
13089
11508
10022
9344
9651
10749
11122
10327
8647
6772
5285
3516
1563
-244
-1132
-1320
-1592
-2128
-2986
-3685
-4289
-4427
-3810
-2372
-962
-386
-770
-1396
-1423
-600
956
2663
3874
4130
3342
2177
1155
817
1154
1798
1909
1129
-329
-2033
-3272
-4371
-4919
-5330
-5611
-5991
-6765
-7438
-8402
-9237
-9948
-10428
-9840
-9774
-9864
-10457
-10615
-8212
-5001
-459
1429
1386
397
-313
1771
4459
8174
10555
11449
11001
9394
8313
7736
8685
10157
10973
10508
8699
6999
5654
4452
3167
1784
1189
836
657
-1
-1017
-2043
-3155
-3457
-3124
-1810
-593
-188
-666
-1643
-2000
-1540
-278
1199
2337
2557
2032
1059
298
283
737
1364
1245
336
-797
-1712
-2330
-3113
-4008
-4528
-4604
-4635
-5043
-5793
-6582
-7314
-7798
-7931
-7907
-7918
-8303
-8880
-9093
-8892
-7260
-4742
-1761
438
459
-163
-927
550
3203
6370
8686
9384
9138
7948
7105
6850
7630
9067
10253
10322
9079
7282
5729
4894
4338
4140
4069
3731
2973
1516
122
-1019
-1808
-1942
-1707
-895
-547
-919
-1855
-2996
-3295
-2847
-1505
-266
401
407
32
-330
-664
-760
-500
136
680
568
-104
-1071
-1877
-2510
-2816
-2946
-3146
-3244
-3696
-3754
-4254
-4698
-5331
-5632
-5628
-5570
-5587
-6104
-6756
-7720
-8424
-8187
-6442
-4134
-1451
-741
-1041
-1828
-2217
-364
1859
5038
6763
7209
6848
5594
5611
6044
7752
9348
9707
8971
7356
6574
6436
6947
7063
6490
5380
3862
2632
1653
1354
1090
615
-333
-1668
-2459
-2985
-3031
-3285
-3621
-3675
-3449
-2680
-2082
-1559
-1317
-1247
-1153
-1116
-788
-396
109
416
543
437
70
-225
-581
-631
-785
-788
-1029
-1236
-1502
-1707
-1748
-2114
-2268
-2872
-3291
-3904
-4351
-4816
-5187
-5558
-6006
-6246
-6517
-5719
-4879
-3234
-2418
-2200
-2240
-2532
-1370
-96
1798
3081
3661
4065
3827
4280
4846
6187
7452
8088
8087
7287
6724
6197
6285
6421
6555
6441
5617
4493
2935
1689
768
31
-354
-966
-1503
-2231
-3168
-3819
-4180
-3718
-2930
-2212
-1923
-1871
-1788
-1439
-804
-379
97
288
619
1017
1252
1321
996
689
404
469
761
830
685
131
-444
-1016
-1498
-1757
-1918
-1903
-2222
-2678
-3486
-4247
-4742
-5090
-4896
-4863
-4582
-4707
-4899
-5130
-5190
-4644
-3821
-2662
-1916
-1250
-929
-464
40
766
1840
3040
4085
4624
4683
4574
4794
5181
5675
5692
5297
4669
4016
3850
3762
3897
3604
2976
2043
990
230
-272
-371
-654
-1228
-2113
-2876
-3129
-2999
-2465
-1944
-1308
-630
-2
529
845
1184
1564
2030
2460
2746
2804
2653
2345
1929
1532
1250
1017
973
820
536
-133
-1010
-1750
-2256
-2360
-2453
-2405
-2700
-2839
-3160
-3202
-3132
-3145
-2926
-2885
-2320
-1699
-1039
-729
-791
-976
-1186
-1199
-1052
-897
-548
-395
-252
-256
-460
-315
-363
89
196
248
168
-98
-50
-171
-129
-153
-160
-42
-24
44
-21
-55
50
383
805
1190
1486
1601
1665
1515
1343
1145
1206
1576
2004
2432
2580
2686
2616
2435
2341
2245
2401
2454
2564
2496
2201
1622
798
153
-376
-535
-664
-814
-1111
-1466
-1644
-1813
-1902
-2140
-2165
-2183
-2006
-1858
-1677
-1347
-1090
-719
-471
-71
420
970
1388
1637
1606
1507
1458
1445
1531
1388
1115
723
295
-21
-340
-613
-1018
-1536
-2030
-2443
-2748
-3010
-3180
-3368
-3461
-3642
-3677
-3634
-3360
-2883
-2428
-1917
-1625
-1270
-934
-536
-139
351
945
1640
2349
2850
3058
2970
2788
2717
2930
3204
3424
3205
2753
2122
1552
1274
1109
1097
908
605
112
-424
-903
-1241
-1342
-1361
-1211
-1083
-1005
-994
-1034
-959
-790
-507
-153
238
611
915
987
964
834
859
1060
1211
1381
1304
1199
889
667
420
326
224
82
-144
-536
-768
-964
-845
-772
-703
-835
-1083
-1352
-1534
-1464
-1217
-791
-474
-290
-349
-546
-683
-756
-528
-192
237
511
621
617
465
383
289
277
336
396
460
447
410
361
314
159
-52
-319
-501
-577
-595
-579
-610
-615
-695
-792
-911
-985
-985
-907
-773
-590
-299
-35
185
307
357
399
449
634
929
1196
1368
1360
1304
1175
1074
956
887
847
770
677
516
336
164
-29
-181
-345
-496
-645
-757
-798
-833
-852
-856
-773
-604
-441
-346
-329
-327
-178
125
559
927
1122
1135
1010
870
757
810
975
1245
1342
1254
1002
666
466
325
323
248
122
-81
-378
-567
-721
-782
-851
-1034
-1227
-1471
-1588
-1617
-1605
-1551
-1563
-1574
-1616
-1631
-1600
-1534
-1349
-1126
-907
-801
-756
-766
-750
-726
-622
-415
-170
119
274
377
349
367
396
505
675
849
1042
1081
1095
1012
978
1037
1187
1377
1454
1377
1153
924
778
811
1009
1206
1258
1113
817
543
383
443
594
801
892
868
713
502
351
195
151
66
53
66
51
17
-149
-344
-561
-675
-715
-648
-555
-502
-523
-637
-743
-795
-717
-574
-409
-328
-320
-352
-370
-339
-321
-347
-434
-580
-685
-732
-662
-596
-572
-688
-879
-1048
-1155
-1122
-1032
-893
-811
-781
-781
-768
-712
-564
-341
-63
192
390
498
551
611
692
838
997
1171
1285
1301
1192
1051
928
921
993
1083
1108
1011
879
719
592
472
356
289
205
125
-10
-152
-293
-421
-505
-573
-594
-589
-558
-493
-449
-428
-422
-406
-345
-274
-193
-133
-52
34
142
229
268
222
139
62
57
147
245
306
280
183
40
-100
-193
-213
-199
-194
-243
-338
-464
-575
-625
-591
-515
-460
-441
-450
-474
-434
-310
-132
57
198
260
276
225
190
238
369
549
651
692
679
653
621
585
551
485
399
284
161
78
32
-24
-124
-266
-401
-463
-455
-397
-377
-379
-415
-465
-473
-467
-384
-265
-151
-74
-80
-114
-144
-134
-102
-72
-29
11
28
24
9
29
59
107
142
168
187
210
252
270
310
314
334
347
374
412
441
462
457
436
397
387
424
494
584
613
557
443
312
258
235
238
208
112
-28
-179
-293
-380
-411
-468
-513
-584
-632
-646
-712
-772
-884
-957
-949
-856
-676
-544
-467
-500
-584
-609
-566
-386
-175
20
109
93
27
-23
12
83
167
203
185
138
75
22
-41
-88
-115
-133
-117
-79
-31
7
-5
-44
-97
-89
21
160
331
456
531
579
611
666
736
832
900
956
977
947
865
774
694
617
598
604
589
537
428
290
133
-1
-106
-207
-286
-394
-495
-592
-686
-738
-781
-799
-792
-756
-726
-711
-713
-709
-689
-618
-524
-402
-301
-226
-181
-166
-137
-97
-20
60
120
152
150
145
115
69
4
-48
-96
-114
-113
-123
-150
-197
-261
-307
-319
-289
-209
-125
-20
55
113
169
246
373
495
607
698
774
836
879
908
941
960
958
926
856
751
628
520
431
341
248
118
-37
-207
-369
-502
-575
-616
-623
-652
-703
-741
-770
-740
-688
-615
-544
-481
-407
-335
-244
-154
-74
-28
-18
-46
-85
-135
-172
-178
-176
-180
-196
-253
-338
-420
-484
-509
-522
-506
-498
-483
-449
-407
-368
-304
-222
-106
33
172
321
445
534
586
622
658
729
837
958
1065
1122
1132
1092
1016
947
887
817
770
717
664
594
469
325
159
13
-96
-159
-180
-203
-246
-326
-450
-572
-643
-649
-604
-557
-524
-547
-593
-648
-673
-650
-577
-489
-429
-411
-437
-477
-517
-516
-492
-456
-415
-367
-338
-331
-327
-313
-314
-297
-275
-209
-122
-38
32
67
80
92
126
210
313
425
521
570
598
609
648
699
746
796
823
821
811
789
752
712
636
561
482
400
327
247
167
55
-70
-210
-324
-403
-445
-446
-447
-443
-460
-491
-509
-506
-444
-361
-263
-179
-129
-96
-81
-65
-42
-10
47
89
107
78
15
-76
-156
-202
-215
-216
-244
-278
-337
-373
-397
-398
-382
-367
-339
-330
-310
-276
-221
-159
-87
3
79
143
186
230
283
332
382
425
473
515
537
533
524
515
499
485
454
414
342
269
183
115
63
9
-44
-113
-186
-252
-292
-309
-309
-297
-272
-269
-271
-278
-273
-251
-207
-158
-123
-99
-86
-72
-67
-46
-32
-3
6
10
8
-6
-18
-16
-14
-16
-21
-34
-56
-79
-108
-130
-141
-148
-137
-120
-99
-83
-72
-53
-26
25
72
100
134
181
217
255
287
318
326
326
341
347
372
384
387
375
345
318
291
267
253
248
235
194
126
45
-31
-99
-147
-176
-210
-251
-298
-351
-386
-413
-430
-445
-462
-455
-456
-434
-421
-408
-390
-372
-356
-327
-285
-237
-192
-160
-133
-109
-86
-62
-32
-8
24
65
87
112
122
130
137
141
150
151
183
212
257
292
323
334
327
334
335
356
378
412
432
445
458
443
429
412
393
375
353
316
280
240
195
150
102
47
-2
-56
-109
-183
-235
-282
-324
-356
-394
-425
-467
-498
-525
-536
-531
-547
-553
-550
-567
-550
-528
-503
-470
-440
-393
-350
-291
-225
-163
-101
-28
25
60
105
140
158
182
177
192
214
237
252
236
209
192
172
151
141
131
115
106
88
80
92
131
164
203
258
306
369
403
450
474
507
550
591
632
631
634
616
576
539
472
393
327
235
155
62
-31
-125
-237
-365
-446
-531
-593
-630
-669
-686
-741
-761
-771
-770
-717
-701
-644
-622
-592
-536
-488
-414
-324
-218
-149
-69
-43
11
56
91
129
147
168
175
203
204
182
177
172
156
138
130
93
71
47
12
-12
-34
-3
39
89
133
166
182
202
226
280
361
428
456
457
404
379
361
361
398
463
501
488
496
473
424
404
328
235
180
58
13
-78
-115
-201
-250
-296
-376
-390
-432
-421
-489
-503
-566
-583
-624
-582
-551
-522
-467
-447
-354
-327
-228
-212
-184
-179
-129
-48
-53
63
22
59
48
79
59
38
88
33
36
3
18
9
104
93
128
100
48
81
55
95
100
148
220
318
419
503
546
468
371
170
4
-131
-303
-217
-210
-123
70
173
327
305
328
180
69
-54
-88
-141
-149
-26
-66
22
94
51
106
50
27
-35
-118
-98
-146
-91
-102
-78
-35
-52
-73
-70
-187
-153
-127
-63
42
112
163
124
87
-50
-1
-131
-71
-88
-79
-79
-114
-54
-150
-74
-103
-59
-67
-57
23
-28
75
40
38
47
43
9
40
67
101
188
228
278
334
307
294
220
145
51
-1
-46
-181
-143
-280
-325
-321
-407
-325
-379
-344
-342
-344
-284
-308
-201
-230
-150
-171
-87
-63
-5
88
106
176
113
214
134
156
122
136
152
114
142
96
123
44
87
15
95
160
193
307
283
240
249
129
87
79
22
97
109
167
255
231
261
296
195
310
223
223
178
75
-1
-115
-86
-223
-63
-210
-111
-205
-243
-234
-389
-311
-409
-291
-334
-163
-225
-81
-168
-112
-126
-185
-104
-197
-17
-215
23
-117
-67
-67
-117
-63
-101
-39
-152
-60
-151
-114
-107
-58
20
47
160
137
180
159
97
77
-18
8
-44
7
67
68
163
111
156
147
94
181
123
258
232
216
309
211
256
210
236
192
232
224
158
207
128
217
86
182
87
101
97
-79
63
-191
15
-159
-153
-129
-262
-173
-272
-180
-222
-189
-143
-211
-111
-177
-143
-175
-206
-223
-233
-132
-279
-56
-199
-123
-97
-160
-19
-201
17
-226
-114
-159
-254
-92
-198
-138
-187
-134
-242
-72
-185
-33
15
-30
164
70
246
394
506
738
943
891
1002
721
535
154
-190
-402
-610
-487
-397
-94
123
361
414
416
272
97
-147
-280
-449
-363
-303
-59
170
256
426
178
312
-95
-67
-224
-332
-172
-288
-20
-159
-11
-60
-52
-92
-104
-48
-171
-71
-175
-182
-260
-238
-224
-289
-196
-234
-127
-81
-43
89
78
50
96
-78
-218
-249
-363
-393
-318
-218
-187
1
101
140
177
227
157
229
231
259
354
431
571
597
657
580
615
431
490
419
367
491
273
407
186
101
79
-277
-177
-334
-384
-268
-298
-188
-98
-89
-138
-214
-347
-382
-496
-443
-449
-353
-298
-123
54
-18
193
-97
3
-188
-173
-57
-121
170
-121
183
-100
-89
13
-98
-32
17
-9
-192
-68
-390
-326
-402
-301
-186
-242
4
-38
-38
39
-41
-140
1
-87
-28
58
155
240
328
509
412
441
454
359
329
415
247
346
297
238
249
133
292
76
342
29
205
67
-112
89
-232
-8
-134
-165
-131
-275
-357
-194
-262
18
143
199
187
156
-26
-211
-85
-397
-114
-188
-54
-79
-141
-29
-250
-84
-217
-34
7
-34
54
-6
-72
-60
110
-374
-28
-232
-641
-87
-455
-154
-3
-246
193
112
-152
412
-228
-98
130
-394
454
-83
412
509
78
586
53
100
93
76
-95
367
116
491
524
80
470
-138
-38
-20
-324
-96
-67
-195
84
16
47
130
-90
-125
-238
-367
-216
-307
-256
-19
-8
115
273
160
98
156
31
-298
68
-359
136
-9
55
204
-208
311
-341
-191
-216
-496
-230
-185
-362
131
-57
-7
287
-275
5
-98
-96
22
97
67
99
179
194
123
185
212
-230
277
-85
135
699
-284
853
16
117
440
-315
98
79
50
203
292
60
-31
133
-268
-36
102
-322
158
-200
33
103
-344
359
-267
35
196
-402
310
-340
103
10
-208
439
-399
233
-206
-452
245
-649
183
-251
-222
93
-446
-99
-462
-420
-166
-484
11
-36
-386
196
-462
-72
-203
-242
104
-35
224
295
264
237
267
-36
163
-101
342
248
408
542
37
591
-119
318
419
-272
823
-90
178
672
-319
628
-195
-188
66
-638
247
-111
-43
366
-122
171
-67
-17
-121
-417
17
-565
-45
-95
-6
30
-36
-196
-152
-317
-146
-169
-227
29
-56
49
-66
181
-155
74
102
-121
99
34
-263
293
-417
145
-158
-7
135
-328
86
-479
-43
-209
140
232
-125
315
-369
-119
46
-589
612
-242
401
530
84
513
136
104
-10
377
-113
415
272
102
296
183
6
-142
288
-141
233
210
75
-372
-8
-529
-347
38
-276
-29
407
-432
162
-418
-653
186
-829
308
105
-187
618
-373
36
76
-226
280
-65
235
-118
123
-37
-55
-193
162
-51
-196
254
-393
49
-215
116
-231
136
159
-461
548
-468
-122
379
-731
-120
279
-520
317
68
-201
473
-193
547
117
-234
643
-279
74
446
-226
716
59
223
543
-397
530
29
126
471
-196
310
-228
-207
225
-422
312
-47
-260
-13
-119
-190
-86
-432
283
-383
-62
102
-524
55
-267
126
-249
312
2
171
-54
181
-24
-335
776
-754
519
-206
-129
181
-84
-3
-114
-79
-486
77
-276
-362
278
-223
-339
379
-646
-128
-71
-444
332
-498
636
-78
-333
691
-772
433
-11
4
639
-197
231
812
-630
727
106
-442
853
-482
412
286
-235
521
48
-230
271
84
-307
162
263
-342
635
-169
199
172
-307
255
-358
25
185
-313
88
1
-55
583
-513
431
-139
-505
527
-702
390
-181
-52
324
-639
146
-156
-251
-26
-473
-169
-257
-396
-79
-271
-266
36
-106
-242
-128
-206
-138
-138
170
62
207
-99
147
242
-329
918
-208
428
344
-159
357
-5
28
345
3
-101
461
-551
371
85
-322
314
-449
66
-18
-174
275
-164
282
-46
-157
140
-44
266
275
159
231
41
254
-27
449
-235
396
80
-288
390
-132
132
80
-61
14
-55
-190
234
-322
-337
246
-670
-186
29
-998
466
-720
-111
340
-942
498
-266
-500
66
-226
-315
522
-253
335
-100
-248
406
-448
285
-456
455
-554
420
585
-493
868
-528
282
-245
92
-4
17
138
258
-82
89
259
-218
173
-204
-26
-42
144
-48
388
188
-110
295
37
-54
242
175
31
163
308
-137
633
-88
401
138
-171
240
-204
306
-426
405
87
-458
377
-339
-120
141
-543
75
-296
-366
288
-152
22
4
-182
-296
-298
-157
107
-402
706
-420
-118
117
-616
428
-422
260
190
-323
493
-412
-61
-102
-225
193
-44
124
44
-352
-144
33
-480
343
-122
-232
316
-543
-48
-86
-161
-29
344
-162
98
163
-136
118
49
236
-97
367
40
-105
271
-62
271
61
46
518
-119
247
270
-61
227
232
-2
81
220
-75
92
351
-59
140
131
-210
14
110
-107
6
510
-260
110
143
-675
487
-428
-56
297
-552
404
-194
-312
509
-432
101
130
-309
218
-509
-12
27
-465
510
-156
-400
208
-540
-175
-107
-274
131
-409
-26
46
-644
295
-510
-116
47
-318
267
-353
389
-308
343
-159
-236
464
-469
630
-103
161
217
-13
303
226
-72
310
71
-55
206
215
9
115
290
23
-25
314
84
-146
424
-291
430
-39
-15
352
-477
413
57
44
52
12
-159
-217
394
-327
178
49
-127
18
-75
64
-111
-65
60
-158
239
-470
215
-275
-197
356
-351
250
-201
-94
33
-421
281
-183
-295
386
-497
105
-300
-142
-158
-107
-69
25
-23
-42
58
-143
33
-166
57
-63
215
-141
274
-22
-404
638
-639
274
216
-290
219
32
-19
-152
308
-105
30
273
37
11
246
-60
51
267
-84
191
210
118
263
63
29
-185
17
269
-280
460
-140
19
279
-611
506
-578
83
355
-393
439
-153
-143
170
-353
184
-48
-123
292
-338
237
-42
-258
485
-422
296
-109
-155
-17
-120
226
-203
-107
188
-303
108
-30
-280
139
-372
162
-218
2
-57
-104
159
-421
133
-132
-328
420
-451
232
-119
-247
431
-368
424
-203
40
162
-386
552
-577
360
136
-316
447
-160
195
113
-157
205
25
-91
235
-50
38
75
168
127
-36
50
112
-209
150
20
-50
138
31
289
-293
122
69
-107
20
69
-5
6
18
-12
-57
-60
68
-1
-97
-21
51
-238
-36
124
-422
256
-58
-103
107
-197
-102
-29
-256
29
134
-211
190
-32
-66
-125
2
148
-228
173
69
-30
41
98
-25
-250
309
-135
65
211
-84
284
-229
176
29
-257
385
-268
197
98
-184
361
-302
131
-34
17
-161
122
-54
-88
303
-66
127
-100
139
-46
-275
623
-509
178
496
-611
491
-253
-32
-22
-224
293
-305
134
132
-311
33
109
-435
333
-400
12
137
-404
355
-563
403
-255
-188
438
-450
143
83
-267
133
24
-23
104
-19
182
-335
569
-512
177
44
-306
434
-299
365
-144
45
216
-480
477
-202
-128
490
-325
218
124
-42
172
69
79
-4
46
-79
142
-166
423
-290
156
221
-323
335
-342
274
-294
0
203
-443
258
-257
31
-34
-167
186
-326
176
-135
-38
39
60
-101
208
-217
47
6
-279
125
-25
8
57
-9
-1
120
-434
382
-247
-174
456
-474
255
-36
-320
368
-230
91
185
-277
242
-84
64
-81
-14
166
-243
352
-113
-4
137
-219
245
-92
227
-152
172
-73
28
359
-316
407
-85
-156
233
-160
63
-86
134
-174
42
-19
-153
-125
144
-225
186
-150
-85
235
-585
311
-159
-85
-41
160
-1
-153
314
-134
-42
148
1
-55
195
-185
97
49
-71
147
-159
197
-41
-42
80
19
-3
109
-80
138
-111
-49
177
-295
116
135
-214
135
104
-194
190
-212
84
85
-220
261
-83
-62
122
-105
90
-264
420
-279
54
39
-196
193
-178
8
-140
-23
-67
258
-366
244
-214
41
141
-275
343
-341
21
164
-305
231
31
-73
141
-168
128
98
-180
152
14
-189
156
26
112
-117
168
-22
-185
137
-168
104
-171
206
68
-217
277
-39
-144
173
-265
169
-96
32
117
-155
172
13
-108
205
-138
66
278
-417
382
-107
-170
354
-187
105
29
-89
209
-319
211
-68
-6
158
-142
202
-230
26
17
-72
-139
266
-137
-139
219
-286
112
-123
38
-57
-54
65
-99
145
-301
336
-86
-135
200
-194
-1
-3
37
-29
-11
25
26
-40
71
-13
68
-108
121
-116
-2
-84
112
-113
-31
304
-313
236
37
-160
30
3
-121
59
8
66
3
-39
132
-168
84
90
-135
194
-119
5
65
-117
183
-93
78
130
-73
178
-50
-56
54
-19
-40
-31
149
-232
151
-35
21
-176
124
-60
-229
286
-275
67
-70
3
-6
-18
100
-10
-107
322
-247
27
168
-321
229
-43
-123
216
-86
-155
257
-308
152
108
-141
94
-61
-17
10
-186
242
-161
10
199
-296
299
-325
165
36
-168
141
42
-108
192
-33
-152
323
-227
183
-70
82
-44
64
29
-235
276
-262
195
-86
-22
228
-238
243
-63
-1
57
-114
197
-265
146
26
-145
127
35
-140
130
-96
-85
64
-173
151
-156
60
4
-190
229
-247
51
80
-176
138
-118
191
-179
121
-76
-79
164
-220
391
-278
104
98
-111
10
41
-95
14
65
-109
52
-46
-69
175
-256
176
-37
-26
224
-165
140
32
-62
-73
227
-212
344
-295
292
-4
-274
434
-364
66
179
-122
192
-245
184
-89
-280
271
-145
118
-242
298
-224
-125
406
-397
121
-20
-73
10
53
-14
27
21
-86
255
-355
236
-69
-86
186
-102
83
-146
177
-50
-29
148
-266
144
-67
-84
98
-223
245
-359
361
-166
-52
157
-470
534
-401
112
100
-57
75
-187
331
-253
9
223
-298
338
-123
33
131
-226
273
-295
217
-66
-72
218
-146
140
-121
71
-98
-17
128
-293
350
-201
56
64
-126
71
-57
-79
141
-97
-106
264
-207
131
60
-55
95
-33
66
-198
78
137
-319
409
-283
201
-45
-47
273
-428
347
-318
150
11
-183
318
-337
195
-73
97
-155
127
-11
-171
366
-389
331
-132
-88
206
-263
188
-195
66
63
-149
300
-262
231
-85
-70
168
-8
-32
-77
227
-322
122
-2
-150
222
-174
40
116
-223
15
53
-174
48
-71
74
-11
-100
191
-298
107
68
-206
260
-187
55
67
-89
214
-131
84
10
-97
203
-160
73
100
-153
234
-65
56
12
-82
183
-217
72
60
-154
76
158
-258
301
-207
-43
231
-348
337
-219
165
-55
-118
257
-271
171
-99
-19
-28
-8
41
-41
-102
136
20
-161
249
-113
-2
70
-79
53
-109
90
-50
-47
107
-207
205
-147
-67
222
-273
144
49
-262
212
-91
-145
265
-211
-11
251
-354
299
-131
28
5
-32
193
-211
301
-188
148
-29
-78
213
-87
-45
138
-177
57
-41
96
-113
63
57
-43
-37
143
-160
-23
220
-268
202
-153
83
-62
-27
-62
99
-35
-143
312
-344
99
70
-325
435
-160
-78
391
-432
361
-220
151
51
-289
424
-384
230
55
-116
178
-75
-47
66
-85
-105
212
-261
112
-45
-1
81
-154
134
-21
-181
258
-161
40
-32
-30
-9
-29
64
-31
73
-91
118
-65
-46
96
-184
207
-162
86
31
-74
101
-137
138
-150
84
131
-201
178
-119
43
29
-36
93
-290
406
-320
191
-30
-50
135
-298
288
-291
151
-129
73
-49
20
62
-57
96
-97
95
-77
106
-68
-31
111
-166
146
37
-130
224
-269
298
-160
-17
191
-343
296
-260
34
78
-85
-18
55
-40
29
-13
26
66
-110
0
128
-251
257
-98
-39
161
-123
200
-177
161
-42
-20
28
1
-82
-2
-23
54
-136
130
-95
-71
116
-165
143
-17
-67
145
-90
70
28
-67
167
-182
125
-56
82
10
-25
139
-157
102
-112
90
-50
-132
207
-217
69
-23
24
-13
-18
-3
-8
19
-83
83
-40
-76
72
7
-103
167
-268
261
-172
-19
219
-226
152
11
-75
82
-33
-2
67
-47
56
13
-119
81
43
-134
273
-280
195
-141
-7
67
-133
159
-116
68
-9
-113
167
-163
84
-17
71
-24
-22
63
-179
278
-350
273
-73
-81
210
-178
173
-63
-80
165
-142
-7
201
-299
237
-140
-13
27
-93
58
-23
37
-78
139
-165
123
-162
70
-103
117
-143
99
80
-214
368
-271
133
75
-131
111
-74
-8
2
-34
126
-43
37
62
-113
141
-190
171
-181
82
39
-104
154
-135
105
-112
73
-25
-57
60
-22
6
39
-49
24
66
-37
71
-19
34
-34
93
-87
51
5
-123
178
-168
37
176
-187
146
-66
-47
95
-105
31
-60
21
-54
75
-102
48
-68
-5
61
-180
222
-143
33
-9
-63
62
-60
26
-21
-69
41
-21
31
-24
86
-111
79
43
-75
145
-142
166
-152
75
67
-150
170
-153
105
0
-62
136
-114
63
-4
-74
182
-194
209
-83
-22
85
-130
90
-63
42
-60
22
21
-13
-5
-51
34
-50
17
12
-39
98
-132
99
20
-123
114
-44
29
-12
9
-31
-33
110
-121
96
-26
-29
35
-9
-52
159
-127
40
58
-179
188
-146
109
-109
40
8
-108
121
-137
86
-12
-5
32
-3
2
2
-41
-7
39
-14
-62
126
-112
95
-59
23
-47
-18
92
-134
158
-121
61
-79
49
57
-143
162
-100
-3
64
-63
133
-101
92
37
-93
63
-7
4
-47
125
-146
113
-36
-45
129
-188
177
-169
47
24
-97
95
-88
41
12
-69
111
-44
-52
123
-74
69
-20
56
-46
84
-45
82
-64
53
-11
-62
133
-109
69
-79
49
-18
-98
97
2
-57
64
-35
-31
-34
76
-109
37
-31
-36
4
-9
-6
-5
62
-87
48
16
-60
33
-2
-39
44
-37
43
-22
42
0
14
-18
46
-54
-4
83
-119
77
-37
39
23
-115
116
-66
-32
144
-156
203
-251
168
-52
-124
142
-136
123
-68
57
8
6
86
-81
79
-61
23
14
-77
72
-97
126
-159
118
-126
86
-35
-24
89
-67
-25
31
-5
-84
115
-173
225
-159
96
31
-20
12
-88
102
-77
49
-8
26
47
-83
123
-62
5
68
-99
132
-144
107
-36
-3
30
-7
71
-146
151
-152
93
-43
-42
135
-258
236
-134
0
-19
-7
18
-89
96
-38
-38
46
15
-77
45
-12
63
-147
94
-43
-16
0
23
-11
-61
133
-130
174
-196
184
-122
60
52
-69
132
-167
222
-271
216
-179
74
25
-46
111
-120
168
-101
2
26
-39
-15
62
-86
66
-16
-18
61
-56
159
-175
115
-71
17
-23
-58
91
-69
81
-84
116
-71
22
-17
-5
16
-17
47
-10
-21
50
-6
-40
28
8
-37
19
30
-19
-10
9
-78
64
-15
40
-51
61
-105
111
-112
27
1
-25
1
3
65
-105
78
-70
91
-119
78
-51
9
-56
49
-49
16
18
-119
157
-118
45
-34
23
50
-34
29
15
-21
-25
16
-3
1
-10
71
-38
69
-71
117
-87
47
8
-16
99
-66
49
-76
62
-38
16
-13
-9
-43
33
-61
88
-86
69
-35
-25
49
-38
79
-85
139
-81
27
-9
1
51
-6
-22
80
-94
57
-59
75
-58
13
22
-65
29
-73
56
-88
58
-87
82
-30
-62
24
64
-149
116
-62
62
-21
-53
174
-157
78
12
-47
66
-38
90
-68
86
-4
-42
10
15
17
-64
104
-94
66
-23
-14
8
-22
-20
-2
-17
35
-64
45
9
-103
114
-101
38
-42
29
-61
45
-54
-11
-9
-6
8
-19
76
-84
101
14
4
-6
-31
54
19
-73
94
-90
8
9
-11
42
-49
48
-21
19
-41
58
-75
33
-52
0
-16
-17
44
8
-53
46
48
-66
42
-29
64
-150
148
-98
69
-20
5
15
-41
83
-79
59
-64
5
-27
70
-52
29
-22
15
-11
8
56
-51
115
-109
106
-24
-34
93
-76
58
-53
113
-140
98
26
-96
124
-88
53
-39
30
-67
101
-113
99
-35
-14
70
-83
49
-31
3
-13
10
16
1
2
-10
-5
41
-76
60
-82
39
-35
-26
103
-118
118
-88
84
-65
2
50
-43
-14
75
-37
-81
172
-249
221
-150
64
-3
-80
147
-208
170
-106
60
-52
21
-24
-26
-16
31
-20
2
83
-91
51
2
9
-51
50
-45
3
21
-28
24
5
-32
67
-58
21
63
-81
97
-88
54
5
-79
83
-78
32
2
-26
52
-35
18
22
-16
-73
40
36
-76
79
-33
-26
59
-46
-3
37
-23
-20
24
21
-24
-34
33
30
-23
6
76
-17
6
35
-45
29
-28
-36
25
-25
10
-18
1
27
-58
91
-55
-8
29
-35
-32
38
-15
7
11
-21
51
-83
98
-128
86
-23
-3
63
-59
84
-84
66
-39
46
7
-19
82
-57
27
41
-15
-14
45
-35
-8
0
14
-29
-54
5
0
-68
13
25
-67
53
-65
-8
30
-39
33
-29
38
19
-58
50
-36
53
-10
13
10
-11
35
-39
49
0
-25
12
-19
23
-17
-27
51
-20
-36
38
-4
-9
-9
21
-29
15
-45
59
-37
18
39
-64
52
-17
21
-18
11
17
-20
8
3
13
0
-25
83
-80
43
19
-64
63
-91
102
-66
3
49
-74
33
-13
-15
39
-35
45
-67
52
-17
-18
10
-12
101
-147
158
-99
8
47
-42
46
-58
59
-49
2
17
-70
51
-43
14
-24
-4
60
-43
46
-24
-19
32
-93
84
-20
-20
19
-42
60
-39
-30
104
-115
58
-5
-62
82
-93
61
-24
1
46
-48
16
-16
10
-44
12
25
-39
50
-9
38
-48
61
8
-67
106
-86
62
-14
-54
129
-98
76
-43
-14
62
-95
87
-30
0
45
-54
18
-34
22
-61
39
-21
-6
6
6
7
-36
24
-5
-3
27
3
-23
62
-42
61
-40
43
2
-44
66
-64
29
8
-52
57
-38
19
-14
-11
53
-30
23
-25
35
-35
9
8
-60
69
-58
15
33
-27
10
-32
26
-11
-80
83
-60
-37
25
-48
40
-46
24
20
-13
2
28
-24
23
-14
6
7
-38
72
-26
0
31
-36
27
-12
-13
19
38
-47
28
10
18
-40
4
45
-51
7
2
16
-26
26
-18
26
-22
34
-1
-11
27
3
-35
33
-24
-34
50
-32
-1
22
-29
-1
4
-28
20
-25
23
-32
13
14
-36
38
-1
-17
34
-47
46
-55
49
-41
13
35
-81
112
-108
62
-1
-38
57
-55
65
-14
-32
49
-51
35
-1
-36
56
-42
25
-11
-6
4
-29
25
-30
14
19
-23
51
-40
23
17
-28
39
-41
0
4
-3
32
-57
76
-67
33
-8
-4
44
-50
48
-10
-4
-20
26
-13
-12
-31
43
-32
9
10
-10
13
-29
45
-49
-12
20
0
-13
5
10
3
-56
72
-42
27
26
-34
24
-12
4
-32
24
-2
-20
59
-59
22
29
-48
64
-75
54
-47
-30
24
-12
22
-51
54
-9
-34
57
-42
37
-34
24
3
-76
70
-21
-48
44
11
-10
-22
62
-24
-29
62
-30
-1
-1
42
-1
-62
120
-51
-48
112
-87
2
17
-15
12
-10
23
27
-66
48
-4
-58
37
-27
-4
53
-58
41
-3
-45
54
-13
14
-12
4
20
-11
-13
30
-23
-13
57
-62
18
39
-81
55
-31
-29
79
-106
67
3
-79
70
-42
1
5
-15
41
-41
41
6
-37
62
-36
17
14
6
6
-10
53
-28
18
-33
1
38
-50
19
29
-3
-2
-1
1
-16
-12
0
21
-37
12
32
-58
23
-23
-24
41
-47
46
-28
-9
15
-38
54
-50
23
-5
9
-6
-12
10
-2
1
-6
29
-29
25
13
-44
21
5
-26
6
0
18
-15
14
-8
3
49
-56
56
-14
-32
57
-64
50
3
-64
56
-28
37
-63
25
-11
-16
23
-34
48
-29
-1
6
-23
30
-25
-7
58
-54
3
19
1
12
-1
9
-5
7
-5
-20
19
-39
47
-25
-16
56
-52
34
-14
-29
44
-35
-7
7
25
-9
4
-7
-1
19
-39
45
-5
-21
52
-59
34
-2
-45
46
-6
-37
32
-24
1
20
-34
50
-53
20
30
-35
26
0
-33
12
11
31
-11
-20
72
-76
33
-7
20
1
-32
38
-33
17
26
-36
46
-42
-17
28
-49
56
-47
5
15
-14
20
-23
35
8
-48
27
-21
-19
33
-35
27
-25
27
-7
-19
39
-46
18
-14
7
18
-31
36
9
-47
53
-18
-13
-17
23
-10
-32
56
-11
-27
57
-38
-6
-9
28
-1
-37
86
-64
15
24
-29
5
-3
29
-19
12
19
-46
35
-45
5
35
-73
99
-58
16
43
-76
65
-32
9
-19
30
-32
-15
25
-43
35
1
-19
33
-24
4
33
-50
36
-4
-16
10
-6
8
-23
-12
11
17
-30
48
-28
-7
23
-43
42
-4
-7
4
-11
2
48
-38
10
39
-40
13
-25
4
9
17
-37
8
15
-35
29
-23
21
-3
-16
22
-39
17
-5
-16
34
0
24
-31
34
-20
13
4
-16
12
-15
22
-7
-7
14
9
-19
9
-11
-9
29
-43
24
-11
-3
-9
-39
54
-55
29
3
-30
12
-10
10
12
3
0
-8
9
-20
36
-20
11
6
-9
42
-50
39
-15
-1
12
-5
-3
18
-17
-4
34
-32
13
-14
11
-23
-22
45
-51
21
1
-27
35
-11
2
19
-26
8
-7
17
-30
12
4
-26
18
-6
6
-11
30
-4
-22
24
8
-33
29
-3
-14
0
-5
40
-46
25
28
-47
30
5
-18
12
-10
15
-29
18
29
-37
9
20
-7
-19
21
7
-28
23
-8
-9
5
-4
15
-31
33
-14
-8
18
8
-27
22
4
-38
18
-20
11
-15
30
7
-16
15
-1
-3
-11
8
-10
5
32
-27
5
5
-26
16
-12
15
-5
-19
22
-2
-32
45
-40
29
5
-41
31
-7
17
-17
24
2
-13
-15
31
-1
-5
-13
0
0
5
5
-49
47
-6
-11
-7
4
11
-21
5
3
-4
21
-9
-4
19
-7
0
-15
15
6
1
0
7
-29
37
-31
-13
41
-50
10
8
-6
4
-23
47
-23
-8
39
-28
-4
13
-5
0
31
-28
-3
22
-28
19
9
-14
3
-14
17
-17
-3
13
-6
-14
37
-32
16
16
-28
26
-20
-4
21
-17
23
-8
-14
32
-40
18
-7
3
10
-17
13
-11
-12
11
-11
2
8
2
16
-24
15
-22
2
-7
3
11
-8
8
15
-11
-16
32
-33
12
8
-16
19
-15
-3
37
-41
22
2
-40
33
-33
6
16
-6
-3
6
10
3
-8
-1
0
9
-11
20
-26
9
24
-37
26
-4
-16
20
-19
35
-19
1
-5
0
0
-17
38
-46
30
7
-28
32
-26
18
-14
-6
20
-23
29
-5
-15
5
-1
-8
-4
16
-3
-2
6
3
5
0
-8
-3
-6
9
-11
-1
17
-10
-4
19
-20
13
-16
4
18
-22
13
-5
-7
20
-23
4
23
-33
23
-14
13
-5
-9
17
-5
-1
5
5
-16
8
-4
-9
17
-8
2
19
-15
-4
8
-15
14
-21
25
-12
10
0
-13
17
-11
-11
19
-5
-4
10
-22
15
-13
-8
16
-7
-2
8
-7
-2
8
-16
-3
20
-17
6
1
2
3
3
-4
11
2
-2
0
-12
6
10
-15
12
15
-22
16
-10
-3
12
-4
-7
2
0
-14
10
1
6
1
-2
10
-13
5
-12
2
3
-15
21
-21
10
-8
7
9
-9
1
0
4
-11
3
-3
8
-14
24
-16
12
-11
3
13
-10
10
-11
1
1
-2
16
-14
9
7
-4
0
-3
3
2
-10
1
22
-25
22
3
-24
31
-27
6
11
-23
17
-3
-11
2
19
-31
25
-3
-8
-2
2
-3
6
2
3
1
-7
6
-3
-11
20
-8
-5
8
2
-9
3
7
-9
4
-5
-6
10
-10
-3
12
-17
18
-23
20
-4
-8
19
-10
3
14
-16
15
1
-12
18
-14
7
-8
11
-8
1
2
-4
7
-11
11
-19
0
12
-24
12
7
-21
23
-17
4
10
-11
-1
6
6
-3
2
6
-2
5
-6
3
2
-9
9
-8
15
-11
5
1
-9
15
-19
13
-17
10
-4
-4
9
-9
7
-5
-1
12
-19
17
-11
2
8
-14
11
-4
-10
16
-7
-1
10
-10
11
-4
-5
18
-16
6
14
-15
10
-1
-1
6
-10
16
-10
6
-6
6
-4
-5
5
-10
14
-13
5
-1
2
-5
-3
1
-2
-4
1
3
-8
11
-12
2
5
-4
-7
13
-4
-1
6
0
-1
-1
6
-5
0
4
-5
0
10
-14
3
8
-9
-3
13
-11
4
-6
3
3
-15
14
-4
-5
8
0
0
-3
5
-8
8
-5
3
1
-4
1
3
-3
-5
11
-13
6
1
-2
3
-7
4
-3
-1
-5
5
-7
1
3
-3
-2
4
-1
-1
6
-3
4
-4
1
2
-5
2
3
-3
9
-4
11
-8
7
-1
-5
5
2
-8
11
-7
6
-3
4
-4
7
-5
6
-5
7
-10
4
-1
2
-4
1
10
-15
14
-15
7
0
-10
4
6
-13
12
-3
-5
9
-12
8
-8
6
-6
-1
4
-7
7
-12
13
-3
-4
8
-5
1
3
-6
4
2
-4
0
10
-10
7
0
-3
2
3
-7
6
-1
-5
8
-10
14
-14
8
-2
-3
0
0
1
-5
5
-3
-3
8
-12
7
-1
-3
4
-7
6
-4
-2
4
-4
0
1
3
-6
6
-5
1
0
3
-3
3
1
-3
4
-4
4
-5
4
-2
0
1
3
-4
3
1
-1
1
1
1
-2
1
-2
2
-4
4
-3
2
-1
1
-2
3
-1
-3
6
-4
0
4
0
-2
5
-1
0
0
2
-1
1
1
1
-3
1
0
1
-6
8
-6
1
1
-1
-2
2
-1
-2
3
-5
4
-2
-1
2
-3
0
4
-4
2
3
-6
6
-2
-2
3
-3
4
-3
4
-1
-2
4
-3
1
1
-2
3
0
-5
7
-4
0
2
1
-4
4
0
-4
4
-1
0
0
4
-2
2
2
-1
0
0
2
-3
2
1
-2
3
-3
2
-1
-1
1
-1
0
-3
4
-5
2
0
-3
3
-4
3
-2
-1
0
1
-3
3
-5
2
0
-1
1
2
-3
2
0
-2
3
-3
5
-4
3
1
-1
0
3
-3
1
1
0
1
-2
4
-4
3
-1
0
0
1
0
-1
1
-1
2
-3
4
-3
1
0
0
-1
1
-2
0
1
-6
7
-6
0
2
-3
-2
3
-3
-2
4
-4
3
-2
3
-2
3
-3
2
0
-3
5
-4
2
0
1
-1
2
-1
2
1
-3
5
-1
-2
4
-2
0
2
1
-2
2
-1
-1
1
-1
1
-1
0
-1
0
-3
3
-2
0
1
-1
-1
1
0
-1
0
0
0
1
-2
3
-2
2
-2
1
0
-2
3
-3
2
0
-1
1
-1
0
0
-1
1
0
0
1
0
0
-1
0
0
-1
1
0
1
-1
3
-3
2
0
-1
2
