0
1
0
0
0
0
-1
0
0
0
0
0
0
0
0
0
-1
0
0
0
1
0
0
0
0
-1
0
-1
0
1
0
0
1
0
0
0
0
0
0
0
0
0
0
1
-1
0
-1
0
0
-1
0
0
0
0
-1
0
0
0
0
0
1
0
0
0
0
0
0
0
-1
0
0
0
0
0
0
-1
0
0
0
0
0
0
-1
0
-1
0
0
0
0
1
0
0
1
0
0
0
0
0
1
0
0
0
1
0
0
0
1
1
1
0
1
1
0
1
0
0
0
0
0
-1
-1
0
0
1
1
0
0
0
0
-1
1
0
0
-1
0
0
1
0
0
0
0
0
0
1
0
0
0
0
1
0
0
0
1
1
1
0
0
0
0
0
1
0
1
0
0
0
1
0
0
0
-1
1
1
0
-1
0
0
0
0
0
0
0
0
0
0
0
1
0
1
0
0
0
0
0
0
0
1
0
0
-1
0
-1
0
0
-1
0
0
0
0
0
0
0
0
0
-1
0
0
0
0
0
0
0
0
0
0
0
0
0
0
0
0
0
0
0
0
0
0
0
-1
0
0
0
0
0
0
0
-1
0
0
0
0
-1
0
0
0
0
0
0
0
0
0
0
0
0
0
0
0
0
0
1
-1
0
0
0
0
0
0
-1
1
0
0
0
0
0
-1
0
0
0
0
0
0
0
0
0
0
-1
-1
-1
-1
0
-1
0
0
0
0
0
0
-1
-1
0
-1
0
0
0
-1
0
0
0
0
0
0
0
1
0
0
0
0
0
0
0
0
-1
0
1
1
0
0
0
0
0
0
0
0
0
0
0
1
0
0
0
0
0
1
1
0
0
0
-1
0
-1
0
0
0
0
-1
0
0
0
0
1
-1
0
0
1
0
0
0
0
1
1
0
0
0
-1
0
0
0
0
0
0
1
0
1
1
-1
0
0
0
0
0
0
0
0
0
0
0
1
0
0
1
0
0
0
1
0
1
0
-1
0
1
1
0
0
0
0
0
0
0
1
0
0
0
0
-1
0
0
0
0
0
0
0
0
0
0
-1
0
1
0
0
0
0
0
0
0
-1
0
1
0
0
1
0
-1
0
0
-1
1
0
0
0
1
0
0
0
0
0
1
1
0
1
1
0
1
-1
0
0
0
0
0
0
0
0
0
0
0
0
1
0
0
0
0
0
0
0
0
0
0
0
0
0
0
0
-1
1
0
1
0
0
1
0
0
0
0
0
1
-1
0
0
0
0
0
1
0
0
-1
0
0
0
-1
1
0
0
1
-1
-1
0
0
0
0
0
0
0
0
0
0
0
-1
0
-1
0
0
0
0
0
0
1
0
-1
-1
0
0
0
-1
0
0
0
0
0
-1
0
0
0
0
-1
0
0
0
0
0
0
0
0
0
0
0
0
0
0
-1
0
0
0
0
0
0
0
0
0
1
0
-1
0
0
0
0
0
0
0
0
0
0
0
0
0
0
0
0
0
0
0
-1
0
0
0
0
0
0
0
0
0
0
0
0
0
1
0
0
0
0
0
0
0
1
0
0
0
1
1
0
0
0
-1
1
1
0
0
0
0
0
0
0
1
0
0
0
0
0
0
0
0
0
-1
0
0
0
0
0
0
0
0
0
0
-1
-1
-1
0
0
0
0
-1
0
0
0
0
0
0
0
0
0
1
0
1
0
0
0
0
0
0
1
-1
0
1
-1
0
0
0
0
0
0
0
-1
0
0
0
-1
0
-1
0
0
0
0
0
-1
0
0
1
0
0
0
-1
0
0
0
0
0
0
0
0
-1
-1
0
0
0
0
0
1
0
0
1
0
0
-1
0
0
0
0
0
0
0
0
0
1
0
1
0
0
1
0
1
0
0
0
0
-1
0
0
0
-1
0
-1
0
0
0
-1
0
0
0
0
1
0
0
0
0
0
0
1
0
1
0
0
0
0
0
0
1
0
0
0
1
1
0
0
0
0
0
0
0
0
-1
1
0
0
0
0
0
0
0
1
0
0
-1
0
0
0
-1
-1
0
0
1
0
-1
0
0
0
0
0
0
-1
-1
0
0
-1
1
0
1
0
0
0
0
0
0
1
0
0
0
-1
0
0
0
0
0
1
-1
0
0
0
0
0
0
0
0
0
1
0
0
0
0
0
0
-1
0
0
0
0
0
-1
0
0
0
0
0
0
0
0
1
0
0
-1
1
0
0
-1
-1
0
0
0
1
-1
0
0
0
-1
1
0
0
0
1
-1
0
0
0
0
0
0
0
0
0
0
0
-1
0
0
0
0
0
0
0
0
0
0
1
-1
0
0
-1
1
0
0
-1
0
0
0
0
0
0
0
0
0
0
0
-1
0
0
0
0
0
0
0
-1
0
0
0
-1
0
0
-1
-1
0
0
0
0
0
0
1
-1
0
-1
0
0
0
0
0
0
0
0
0
0
0
0
0
-1
0
0
0
1
0
0
-1
0
0
0
1
0
0
0
0
0
-1
0
-1
0
0
1
0
0
1
0
0
1
0
0
0
0
-1
-1
1
0
0
0
-1
0
0
1
0
0
0
0
0
0
-1
1
0
0
0
0
0
1
1
0
0
0
0
0
0
1
0
0
0
-1
1
0
0
1
0
0
0
1
1
0
1
0
0
0
0
1
0
0
0
0
0
0
0
0
-1
0
0
1
0
0
1
0
0
0
0
1
0
1
0
-1
0
0
0
1
0
1
0
0
0
0
0
0
0
1
1
0
0
0
-1
-1
0
0
0
-1
0
0
1
0
1
0
-1
1
0
0
1
0
0
0
0
0
0
0
0
0
0
0
-1
1
0
0
0
0
0
0
0
0
-1
0
-1
0
-1
0
0
0
0
0
-1
0
-1
0
0
0
0
0
0
0
-1
0
0
0
0
1
1
-1
0
0
0
0
0
0
0
0
0
0
0
-1
0
-1
0
0
0
0
0
0
-1
0
-1
0
0
0
0
-1
0
-1
0
0
0
0
0
-1
0
0
-1
0
0
0
1
0
0
0
0
0
0
1
0
0
-1
0
0
1
0
0
0
1
1
0
0
0
-1
0
-1
1
0
1
0
1
0
0
0
0
0
-1
0
-1
0
0
0
0
0
0
0
0
0
-1
1
0
0
-1
0
-1
0
0
0
0
0
1
0
1
0
-1
0
0
0
0
0
0
1
-1
-1
0
0
0
0
0
1
0
-1
0
0
0
0
0
0
0
0
-1
0
0
0
0
1
0
0
0
0
0
-1
1
1
0
0
0
0
1
0
0
0
0
1
0
0
0
0
0
1
0
1
0
0
0
1
0
0
1
0
1
-1
1
0
0
0
1
0
0
1
-1
1
-2
2
-1
1
0
-1
2
-1
2
-2
2
-2
2
-1
0
0
-1
2
-3
4
-3
2
-1
1
0
-1
2
-4
4
-3
2
0
-1
2
-3
3
-2
2
0
0
1
-1
1
-1
1
1
-1
2
-3
2
-1
0
2
-3
3
-2
0
2
-2
1
-1
-1
2
-2
3
-2
-1
3
-6
7
-5
4
-1
-1
1
-2
1
-1
3
-4
5
-4
2
0
-2
2
-3
3
-2
1
0
-1
3
-5
7
-7
5
-3
-1
3
-6
5
-3
0
3
-6
9
-10
8
-4
1
2
-6
6
-6
6
-5
5
-6
4
-3
0
3
-5
6
-6
5
-4
3
-3
1
1
-3
5
-5
4
-2
2
-5
10
-15
17
-13
6
1
-7
8
-5
1
2
-3
2
0
0
-2
5
-3
-1
9
-16
19
-17
9
0
-8
11
-11
7
-4
2
-1
2
-4
7
-10
12
-11
5
3
-14
23
-27
25
-17
6
3
-11
14
-15
14
-11
8
-5
3
-2
3
-3
2
3
-10
19
-25
28
-26
21
-11
1
8
-17
23
-28
31
-33
33
-29
22
-11
-3
17
-29
33
-29
18
-4
-10
20
-23
22
-16
8
3
-13
22
-27
30
-29
25
-21
13
-6
-2
10
-16
19
-18
10
-3
-3
5
-2
-5
13
-18
16
-9
-2
13
-20
18
-10
-3
13
-17
12
2
-19
32
-35
26
-9
-11
29
-36
31
-16
-3
19
-27
24
-14
2
11
-18
19
-15
2
10
-19
22
-17
5
8
-17
23
-22
17
-7
-4
13
-16
14
-6
-2
11
-19
23
-24
22
-17
10
-4
-2
6
-6
7
-6
4
-2
4
-7
12
-16
16
-13
7
-3
-1
2
-2
3
-3
2
1
-6
12
-14
9
3
-17
25
-25
17
-6
-2
5
-5
8
-9
8
1
-14
26
-28
18
1
-20
30
-27
14
3
-16
23
-22
16
-7
-2
11
-16
18
-10
-5
25
-39
44
-35
15
9
-29
39
-35
22
-8
0
2
0
1
-5
8
-2
-12
31
-39
32
-9
-15
35
-42
37
-25
9
4
-10
7
-3
-5
8
-15
22
-31
36
-35
25
-14
1
7
-12
11
-9
6
-9
16
-26
29
-22
7
4
-8
4
-1
2
-9
15
-13
3
11
-24
25
-10
-16
44
-61
60
-41
10
20
-40
46
-43
33
-18
8
1
-6
7
-6
5
-3
1
-1
4
-8
10
-10
7
-5
2
0
-2
5
-10
18
-24
29
-29
21
-10
-4
16
-23
27
-27
21
-13
4
4
-4
-5
19
-32
35
-29
16
-2
-11
21
-30
36
-36
28
-17
6
-4
10
-17
23
-22
12
2
-15
26
-30
29
-25
19
-11
1
9
-22
32
-40
40
-29
8
17
-39
52
-50
38
-19
2
10
-17
21
-27
31
-34
36
-35
33
-29
19
-5
-15
36
-52
55
-49
41
-37
35
-28
16
1
-15
20
-18
11
1
-17
30
-34
26
-17
13
-11
6
10
-30
44
-41
27
-14
14
-25
40
-49
51
-48
45
-45
43
-35
18
4
-26
43
-50
51
-50
54
-54
48
-29
2
21
-36
43
-45
42
-25
3
21
-33
30
-19
1
14
-20
10
15
-45
66
-67
49
-15
-26
62
-80
73
-46
12
15
-28
29
-30
29
-26
16
2
-17
24
-19
7
10
-30
47
-47
24
22
-63
83
-72
46
-21
6
8
-24
36
-33
18
-1
-4
4
-8
27
-54
74
-75
54
-21
-17
56
-85
95
-78
34
25
-78
110
-115
92
-47
-16
84
-137
158
-134
83
-26
-14
33
-36
33
-28
20
-11
9
-17
31
-43
45
-31
4
24
-46
53
-47
31
-9
-15
36
-42
27
0
-21
17
6
-31
34
-12
-18
34
-30
17
-4
-5
13
-25
39
-43
29
0
-33
61
-75
78
-72
57
-34
5
23
-37
39
-31
20
-14
12
-12
14
-12
4
5
-8
0
14
-22
23
-18
16
-13
1
24
-52
60
-38
-9
61
-100
110
-88
37
24
-75
102
-106
91
-63
22
21
-57
70
-61
38
-15
3
-3
10
-19
20
-11
-4
15
-19
20
-20
25
-22
8
12
-30
42
-50
49
-34
-4
55
-99
117
-108
80
-40
-8
56
-95
113
-105
78
-45
15
5
-15
14
-10
1
6
-9
-4
31
-67
90
-90
68
-38
11
15
-45
80
-115
137
-134
107
-59
-2
67
-117
133
-110
61
-10
-26
46
-51
37
3
-49
77
-66
22
24
-55
65
-58
43
-22
3
8
-11
10
-13
22
-24
15
-4
8
-28
44
-33
-10
63
-91
80
-44
6
17
-24
22
-17
12
-5
-6
20
-34
38
-31
16
1
-19
37
-51
53
-44
35
-37
46
-45
24
12
-41
42
-15
-20
40
-24
-28
93
-135
128
-81
22
13
-11
-13
35
-35
11
28
-71
113
-144
151
-118
51
16
-50
50
-38
43
-67
85
-78
44
-5
-19
16
4
-31
53
-59
49
-32
22
-30
48
-57
45
-15
-21
54
-82
98
-95
74
-41
7
18
-35
37
-30
10
15
-32
33
-11
-34
82
-116
127
-118
98
-68
25
33
-89
124
-126
98
-55
15
9
-10
-7
43
-90
129
-139
102
-31
-45
107
-147
161
-146
99
-24
-58
126
-159
151
-102
38
9
-22
7
18
-34
29
12
-85
167
-214
201
-141
73
-32
22
-20
-2
60
-142
217
-242
204
-130
66
-38
40
-51
55
-51
38
-13
-22
62
-98
132
-160
173
-158
104
-19
-70
136
-170
176
-160
117
-45
-46
135
-200
227
-210
146
-50
-53
130
-168
158
-118
59
8
-67
115
-147
161
-154
111
-38
-50
120
-155
148
-119
87
-55
16
30
-71
95
-97
82
-65
48
-41
45
-59
69
-60
25
36
-99
140
-142
114
-79
59
-51
38
-5
-43
88
-109
100
-66
13
43
-88
102
-85
46
-7
-21
32
-29
16
-2
-1
-19
63
-104
114
-83
34
-4
1
-17
31
-40
39
-27
0
30
-49
55
-68
109
-161
187
-157
79
5
-65
87
-81
55
-22
-9
31
-49
68
-90
100
-87
47
9
-65
95
-87
45
8
-44
49
-29
-4
41
-76
97
-105
105
-98
77
-39
-9
53
-81
89
-83
69
-53
39
-25
8
13
-37
60
-81
87
-64
8
53
-88
88
-65
37
-2
-38
72
-80
66
-52
64
-96
122
-113
66
3
-71
124
-163
188
-187
153
-91
9
80
-162
213
-198
104
33
-142
172
-121
47
-2
16
-67
123
-146
124
-57
-33
113
-151
128
-55
-28
75
-57
-10
78
-104
83
-48
33
-38
41
-27
0
15
-8
-24
62
-88
78
-29
-37
83
-89
67
-44
44
-56
51
-8
-58
112
-116
67
11
-77
104
-83
38
-2
3
-32
68
-71
33
34
-97
123
-105
61
-20
-8
30
-64
112
-152
158
-115
35
49
-99
105
-81
58
-56
71
-89
88
-60
10
38
-61
50
-19
-11
23
-12
-7
25
-33
34
-37
49
-62
74
-83
85
-76
53
-16
-29
74
-113
135
-132
102
-55
9
25
-40
38
-26
7
9
-13
0
23
-42
42
-28
17
-15
17
-3
-29
61
-78
67
-37
-10
63
-102
105
-68
7
57
-115
161
-184
167
-106
21
63
-123
151
-145
105
-43
-15
44
-37
4
37
-68
86
-93
92
-75
34
23
-81
120
-142
152
-153
131
-87
30
23
-63
83
-81
58
-21
-13
28
-16
-14
47
-68
72
-66
58
-48
37
-26
14
2
-31
65
-90
87
-57
11
26
-41
31
4
-50
88
-101
84
-39
-20
75
-128
170
-203
219
-216
185
-116
10
117
-239
337
-400
418
-374
266
-111
-56
199
-291
316
-287
224
-154
91
-43
9
20
-47
59
-41
-7
58
-71
26
65
-172
250
-261
195
-71
-64
168
-214
203
-161
114
-74
30
21
-66
91
-90
74
-52
34
-31
46
-67
74
-56
20
24
-66
97
-114
119
-124
119
-89
24
63
-153
221
-254
235
-160
42
79
-162
182
-143
84
-47
51
-77
102
-113
116
-111
85
-25
-68
172
-262
312
-309
244
-124
-25
161
-245
256
-198
106
-20
-32
45
-33
14
3
-10
10
-6
-4
28
-69
113
-141
134
-87
8
84
-161
200
-193
149
-85
19
40
-79
90
-71
31
8
-31
22
11
-55
86
-93
84
-64
40
-15
-6
23
-36
46
-49
37
-19
8
-17
42
-73
94
-100
87
-66
38
-10
-20
56
-93
128
-152
160
-146
109
-57
5
29
-38
29
-26
44
-75
96
-92
66
-29
-3
23
-25
10
20
-52
69
-62
36
-11
-1
0
-6
29
-63
93
-105
101
-85
56
-21
-16
55
-84
99
-91
71
-51
34
-18
8
1
-19
52
-96
126
-126
106
-89
88
-79
33
55
-152
212
-215
170
-96
18
50
-91
95
-74
46
-18
-4
21
-28
20
-5
-19
41
-42
12
35
-64
52
-11
-32
56
-61
44
-12
-28
63
-86
92
-74
30
36
-110
175
-201
176
-106
21
53
-103
124
-114
85
-57
49
-48
40
-29
36
-72
113
-121
74
20
-123
197
-230
236
-230
213
-173
109
-36
-42
132
-232
313
-352
346
-304
232
-125
-2
122
-215
273
-298
295
-273
237
-182
103
-5
-92
165
-208
213
-177
116
-65
46
-49
51
-40
22
-8
-4
22
-54
96
-135
156
-150
118
-72
22
28
-66
84
-83
72
-65
56
-43
31
-34
54
-73
72
-47
4
45
-89
120
-129
114
-77
25
29
-72
92
-85
56
-11
-44
95
-135
145
-116
49
35
-108
152
-166
160
-139
104
-59
13
28
-66
99
-110
86
-30
-30
52
-18
-41
81
-85
65
-43
17
15
-43
51
-40
24
-8
-17
52
-80
78
-42
-13
68
-106
117
-98
68
-51
56
-73
72
-35
-40
135
-206
219
-164
58
57
-137
155
-112
47
5
-31
46
-64
88
-99
80
-33
-21
59
-69
63
-51
38
-28
33
-53
71
-65
31
15
-52
73
-69
40
1
-32
35
-10
-29
67
-82
67
-27
-20
54
-65
55
-39
25
-16
-2
35
-72
93
-84
52
-8
-37
71
-91
97
-90
71
-39
-4
47
-78
95
-94
80
-54
17
31
-79
115
-120
90
-35
-23
65
-88
95
-87
62
-22
-27
72
-95
90
-59
15
29
-62
80
-78
56
-19
-20
53
-68
63
-40
12
13
-28
36
-39
38
-30
13
6
-22
31
-33
32
-34
36
-35
20
7
-41
69
-76
61
-30
-6
40
-64
80
-78
61
-31
-6
44
-74
87
-80
54
-22
-5
17
-17
19
-26
35
-39
30
-10
-8
17
-16
12
-11
14
-14
5
12
-33
45
-39
21
-2
-9
9
-5
5
-21
53
-90
110
-97
44
33
-104
146
-151
127
-85
37
13
-59
92
-105
103
-90
67
-34
-8
48
-72
73
-55
27
3
-29
44
-38
4
52
-102
123
-92
23
63
-135
169
-157
104
-29
-46
101
-122
111
-74
25
23
-58
73
-64
38
-2
-33
59
-68
55
-24
-14
45
-54
39
-9
-19
36
-38
25
-3
-24
51
-68
72
-57
26
12
-45
59
-56
39
-20
9
-5
10
-17
20
-16
6
11
-25
31
-22
7
6
-9
2
7
-14
22
-35
51
-64
61
-41
7
37
-78
108
-121
105
-66
11
48
-90
109
-98
60
-5
-46
80
-90
82
-55
11
44
-99
131
-126
88
-29
-30
76
-100
95
-60
7
42
-65
51
-8
-47
88
-102
83
-40
-11
53
-74
76
-67
55
-36
8
23
-48
60
-54
38
-16
-12
41
-64
71
-60
36
-13
3
0
-6
20
-38
50
-50
42
-33
27
-23
16
-5
-9
18
-17
4
15
-34
41
-27
-5
48
-88
113
-116
92
-50
-5
53
-82
87
-72
49
-33
28
-29
30
-21
2
23
-43
54
-55
45
-25
-3
30
-44
44
-25
-3
30
-52
68
-77
74
-58
32
-2
-31
69
-113
147
-154
122
-59
-13
76
-123
150
-153
129
-78
15
39
-73
91
-100
98
-78
38
12
-49
61
-46
16
13
-35
40
-27
-3
40
-68
79
-73
61
-48
31
-2
-38
80
-103
97
-63
17
22
-54
77
-96
108
-98
52
25
-111
174
-187
148
-78
4
51
-85
105
-112
102
-65
6
50
-81
74
-38
-3
28
-30
13
7
-14
3
23
-49
60
-48
17
18
-45
55
-45
25
-1
-16
26
-32
40
-46
35
0
-55
107
-125
101
-46
-13
54
-67
57
-30
-3
29
-38
23
15
-65
109
-132
122
-76
5
65
-114
130
-117
87
-46
-4
59
-101
118
-101
57
-4
-43
76
-88
76
-45
8
17
-20
1
27
-51
58
-41
-5
67
-119
127
-81
-1
77
-111
93
-40
-24
80
-113
110
-62
-27
121
-181
181
-130
57
10
-57
88
-109
124
-136
149
-163
171
-156
100
-2
-120
232
-305
317
-264
154
-17
-107
181
-181
116
-21
-64
109
-102
51
22
-99
159
-184
166
-108
31
39
-81
87
-67
45
-40
56
-86
108
-107
80
-40
5
17
-27
40
-63
101
-141
166
-161
117
-36
-58
132
-160
138
-90
49
-29
23
-10
-21
51
-56
27
21
-54
54
-25
-12
41
-67
105
-151
180
-153
57
73
-177
206
-164
97
-56
53
-59
37
22
-84
112
-95
55
-24
11
2
-34
77
-101
71
13
-114
185
-195
149
-72
-10
78
-125
142
-122
72
-10
-35
43
-15
-31
67
-82
81
-72
65
-59
48
-22
-19
72
-128
180
-219
234
-219
171
-101
22
49
-99
130
-145
155
-162
168
-173
169
-148
99
-26
-50
97
-97
62
-18
1
-20
66
-115
151
-169
169
-148
105
-43
-30
104
-163
198
-196
154
-85
21
6
5
-41
75
-81
48
19
-103
180
-227
236
-220
198
-168
114
-22
-94
189
-220
171
-73
-27
83
-78
26
37
-84
107
-125
158
-207
242
-224
136
-3
-123
189
-183
140
-108
122
-173
220
-210
133
-29
-42
44
3
-41
14
83
-211
311
-345
307
-216
100
18
-129
221
-274
283
-255
211
-162
105
-27
-78
185
-263
285
-253
194
-138
96
-57
8
53
-109
135
-116
75
-46
52
-85
110
-87
10
89
-163
195
-199
174
-104
-15
147
-236
229
-131
-3
87
-83
22
34
-50
38
-45
99
-176
212
-165
37
120
-249
328
-361
360
-308
188
-22
-130
215
-218
169
-125
130
-177
229
-256
243
-191
106
-3
-99
180
-227
239
-228
207
-200
225
-271
299
-260
143
18
-154
214
-200
165
-157
185
-219
221
-179
118
-77
78
-114
146
-144
103
-56
21
7
-42
96
-168
236
-276
268
-215
132
-43
-20
33
7
-82
150
-179
155
-81
-53
248
-450
577
-569
428
-213
-6
183
-305
387
-443
473
-474
427
-313
115
140
-387
553
-595
521
-368
180
4
-143
194
-147
36
79
-148
143
-59
-88
256
-372
387
-310
192
-69
-41
138
-225
300
-340
313
-210
70
42
-90
84
-59
34
-6
-25
42
-13
-60
119
-108
39
26
-55
57
-52
38
-4
-56
130
-177
173
-134
84
-30
-36
123
-214
264
-241
171
-97
38
14
-62
86
-37
-80
186
-210
158
-83
22
22
-74
152
-229
262
-244
202
-134
31
86
-204
315
-391
402
-331
169
52
-246
332
-293
184
-74
-10
76
-129
156
-145
122
-114
128
-148
151
-105
6
115
-228
327
-393
398
-331
194
-27
-133
255
-313
309
-279
259
-246
212
-134
16
98
-180
243
-302
355
-376
325
-191
22
118
-192
203
-198
228
-272
253
-159
87
-116
197
-201
27
294
-599
733
-672
475
-233
33
95
-175
236
-286
325
-362
377
-346
283
-210
151
-155
224
-295
314
-266
159
-39
-37
53
-42
40
-92
214
-364
484
-545
519
-359
90
176
-352
423
-418
397
-411
432
-395
271
-59
-222
479
-592
524
-360
207
-87
-55
214
-276
158
78
-269
330
-311
258
-152
-31
232
-365
377
-308
256
-258
308
-393
444
-402
302
-219
153
-66
-73
238
-370
454
-519
551
-489
317
-85
-130
276
-333
273
-88
-113
122
129
-437
536
-390
198
-143
219
-242
48
306
-581
619
-476
304
-226
270
-325
250
-35
-204
351
-353
251
-137
80
-90
120
-126
118
-137
178
-200
152
-16
-168
312
-340
254
-142
99
-128
153
-97
16
-30
141
-227
216
-128
64
-104
210
-280
238
-63
-201
442
-561
526
-388
238
-118
34
15
-11
-47
121
-147
97
20
-192
401
-600
730
-725
554
-274
-1
172
-221
207
-193
225
-278
267
-145
-42
185
-183
51
66
-63
2
16
61
-227
402
-450
288
24
-294
342
-134
-201
439
-425
183
117
-261
209
-136
211
-412
580
-582
387
-94
-177
372
-460
433
-341
236
-138
76
-43
-12
77
-103
124
-213
349
-441
426
-333
262
-242
187
-22
-176
279
-248
157
-165
280
-302
98
265
-571
602
-306
-101
369
-440
379
-274
187
-129
115
-158
226
-206
23
231
-389
399
-355
355
-325
108
239
-463
442
-267
86
42
-139
227
-326
425
-446
342
-135
-104
288
-330
263
-215
243
-282
252
-117
-85
218
-175
-5
216
-300
151
128
-352
460
-501
486
-430
386
-403
443
-383
165
173
-493
659
-705
750
-780
692
-474
163
145
-322
361
-284
85
159
-291
278
-222
195
-182
37
309
-670
811
-632
280
5
-125
132
-132
160
-170
116
-38
15
-90
244
-420
582
-685
691
-598
355
24
-407
642
-661
530
-358
249
-293
411
-429
268
21
-257
302
-230
209
-298
403
-386
204
45
-236
320
-322
335
-387
350
-100
-313
650
-656
304
168
-492
544
-395
220
-101
-11
140
-250
329
-344
218
-6
-179
347
-516
656
-751
746
-553
199
153
-376
458
-484
505
-492
384
-121
-238
501
-481
165
270
-600
681
-583
424
-213
-70
420
-738
923
-896
582
-89
-373
636
-640
461
-241
114
-121
187
-227
157
-24
-24
-67
207
-235
164
-54
-178
506
-752
796
-680
561
-545
562
-467
232
88
-416
691
-885
892
-668
329
-20
-73
-140
447
-536
338
-51
-67
-45
114
124
-608
1006
-1003
619
-193
31
-106
188
-90
-150
302
-227
-7
109
145
-617
931
-825
391
105
-454
642
-694
652
-535
347
-257
276
-225
79
111
-334
537
-673
738
-716
550
-256
-70
329
-450
417
-266
71
177
-463
633
-469
-42
566
-806
745
-511
261
-56
-246
556
-661
551
-388
316
-327
356
-171
-207
505
-560
380
-165
77
-175
270
-171
-67
282
-408
431
-339
229
-152
112
-72
-43
260
-415
365
-158
-103
238
-214
170
-241
389
-402
192
163
-475
519
-314
44
182
-329
451
-642
843
-808
479
-53
-337
588
-687
811
-1000
1043
-809
310
326
-729
657
-411
336
-453
564
-394
10
222
-109
-98
107
58
-234
287
-176
44
-11
88
-255
382
-369
263
-180
118
-41
-5
-77
245
-314
249
-66
-150
252
-236
182
-113
32
-48
171
-303
419
-349
85
132
-278
415
-520
425
-99
-257
494
-497
307
-68
-75
73
-48
139
-358
594
-726
573
-164
-113
106
-11
117
-532
956
-986
570
-17
-337
312
-148
140
-246
389
-522
513
-306
133
-174
254
-267
197
-89
80
-172
205
-48
-313
750
-989
880
-503
106
172
-338
504
-795
1064
-1089
899
-644
359
-49
-226
571
-943
1144
-1228
1153
-825
334
93
-376
437
-351
355
-392
353
-265
152
-122
217
-383
546
-564
489
-374
346
-257
-40
484
-829
773
-380
-72
312
-276
-2
251
-336
345
-370
294
-82
-106
181
-220
142
-82
132
-130
51
90
-118
86
43
-248
457
-568
488
-183
-249
494
-468
300
-260
369
-503
472
-321
119
62
-139
84
50
-125
-40
384
-753
1042
-1078
928
-651
421
-166
-126
349
-463
516
-593
772
-893
741
-443
122
21
165
-357
174
262
-583
635
-363
82
-84
249
-423
340
-188
78
14
-29
-71
178
-156
-87
511
-617
243
320
-608
425
-16
-314
201
148
-168
-257
728
-822
515
-58
-124
-41
177
-157
19
109
-260
434
-525
676
-820
874
-710
309
46
-216
159
-36
165
-492
842
-909
630
-243
44
-13
30
-8
-153
394
-406
128
166
-367
400
-286
198
-263
236
-22
-204
266
-387
528
-700
899
-969
688
-86
-374
689
-799
712
-723
832
-893
916
-673
106
416
-643
698
-614
564
-683
735
-630
470
-315
126
-64
-88
471
-601
255
96
-137
-226
590
-656
418
64
-294
203
37
-262
365
-264
-144
612
-688
526
-277
159
-263
408
-324
-2
359
-500
532
-598
726
-865
839
-360
-218
459
-380
289
-324
305
-342
387
-369
299
-241
41
71
-53
-43
-182
516
-652
558
-330
295
-430
432
-183
-185
450
-300
65
26
128
-277
343
-232
121
49
-44
-173
371
-313
44
304
-528
460
-268
45
22
2
-118
124
-3
-385
735
-769
377
117
-438
261
114
-301
161
108
-253
322
-450
465
-479
482
-238
-59
375
-466
329
-193
169
-268
369
-253
18
370
-549
493
-318
129
-203
395
-521
448
-49
-437
689
-627
428
-136
132
-252
216
-54
-267
324
-363
391
-314
424
-380
380
-237
-2
175
-315
271
-162
151
-135
71
86
-147
35
-8
76
-107
137
-140
-14
311
-503
627
-595
220
289
-747
933
-876
683
-541
326
-38
-180
292
-441
418
-476
468
-457
293
-110
-31
-43
233
-403
373
-228
-55
262
-625
747
-601
384
-111
44
-95
27
190
-521
700
-561
433
-219
227
83
-187
98
182
-403
575
-122
-315
508
-411
253
-100
101
-251
523
-446
208
231
-620
566
-509
218
-115
288
-254
-21
232
-367
39
86
-197
8
217
-137
-118
271
-412
1
131
-564
425
-148
-297
521
-605
-55
201
-641
245
-319
364
-649
910
-666
57
556
-981
1102
-884
620
-91
181
320
46
176
-26
394
-106
317
-171
421
-406
487
-271
-35
556
-776
553
106
-523
552
-64
-479
638
-264
-67
422
-50
-92
417
-103
116
345
87
101
-78
190
-247
171
31
-43
88
272
-138
-51
183
-390
202
-34
-21
58
-77
-75
-127
119
-546
293
-376
-164
143
-305
57
-319
110
-510
46
-357
-372
-295
115
-636
-65
104
-657
33
-202
-164
-340
430
-590
179
127
-154
230
179
-93
183
275
-376
738
-622
698
-276
177
128
58
300
-189
507
-399
541
-226
538
-77
352
333
-72
483
-61
426
-127
680
-221
577
47
197
207
-42
282
-157
260
61
112
231
-36
45
52
-140
110
-181
-205
-5
-132
-263
-130
-322
-38
-363
158
-187
-104
179
-160
439
-293
553
-304
71
77
-321
129
-486
59
-493
36
-357
-202
-409
-235
-424
-361
-233
-473
-119
-524
80
-631
-192
-149
-388
-437
-88
-317
-485
73
-489
0
-123
157
-194
80
-125
-226
247
-302
315
182
-6
235
450
82
413
457
143
737
607
641
720
492
582
643
780
732
721
815
412
609
319
480
244
328
304
182
466
-132
431
-97
175
431
193
598
394
537
535
427
592
423
304
261
188
-190
156
-528
-192
-349
-722
-276
-909
-721
-1090
-1117
-1564
-1249
-1535
-1632
-1223
-1933
-1664
-1810
-1863
-1827
-1801
-1845
-1678
-1416
-1355
-739
-833
-649
-411
-370
-313
-200
2
-90
514
496
665
1071
784
1017
1035
1038
1279
1588
1682
1799
2069
1808
1843
1976
1766
1854
1918
1846
1943
1882
1856
1553
1558
1360
1312
1336
1164
1092
804
890
555
670
630
575
528
337
283
177
-68
-174
-327
-445
-323
-544
-397
-755
-1061
-1054
-1567
-1264
-1286
-1724
-1106
-1892
-1924
-2244
-2929
-2950
-3432
-3183
-3578
-3611
-4139
-4557
-4895
-5060
-5477
-5536
-4815
-3997
-1678
-648
-308
-654
-1078
-500
622
1893
2562
3354
3873
4724
5121
4981
4426
3914
3687
3951
4594
5036
4995
4325
3223
2169
1461
1398
1127
977
913
826
1116
961
758
230
-375
-266
-118
267
626
679
449
663
1120
1467
1675
1499
1093
1341
1347
1326
1298
951
997
873
762
187
-408
-901
-1522
-1655
-1658
-1553
-1511
-1945
-2403
-3244
-3654
-3742
-4092
-3890
-3972
-4127
-4459
-5122
-6278
-7172
-7940
-8519
-9101
-8912
-6803
-4501
-1145
-1037
-1660
-2575
-2655
-108
1289
3194
3989
5221
6848
7774
7992
6774
6251
5829
6384
7678
8141
8536
7589
5387
3479
1571
1007
963
157
-161
-1374
-1343
-1460
-1946
-2080
-3492
-3373
-3341
-2321
-1590
-1589
-1155
-1364
374
1648
2718
3237
2774
3094
3546
4256
4803
4936
5222
5168
4852
4123
2995
1867
626
-100
-594
-498
-436
-1110
-2194
-3821
-4938
-5526
-5632
-5374
-5518
-5787
-5977
-6551
-7392
-8666
-9856
-10528
-10913
-10775
-11208
-8871
-6356
-2221
15
-1330
-1729
-3229
10
2677
5235
6670
7142
9050
9740
10236
9178
7830
7816
7781
9182
9593
9803
8844
5999
3327
215
-839
-230
-484
-1004
-3476
-5019
-5408
-5531
-5057
-5977
-5974
-5755
-4272
-2725
-2347
-2224
-2526
-1143
1487
3998
5788
5516
5143
4874
5738
7084
7478
7932
7552
7166
6464
4836
3271
1286
-140
-839
-752
-370
-1069
-2516
-5215
-6794
-7438
-7181
-6389
-6342
-6831
-7389
-8158
-8871
-9905
-10849
-11545
-11659
-11404
-11411
-7644
-4700
319
1105
-869
-1317
-2107
2985
5732
8398
8817
8975
11052
11654
11953
9893
8488
8468
8961
10445
9930
9165
7084
3604
1052
-2031
-2318
-1927
-2413
-3609
-6638
-8049
-8471
-8106
-7587
-7972
-6755
-5981
-3678
-3131
-3021
-2443
-1939
1464
4332
7130
8033
6943
6504
6135
7494
8588
9080
9422
8621
8049
5636
3342
1417
41
-659
-1496
-1526
-2166
-3449
-5821
-8526
-9723
-9567
-8596
-7442
-7479
-8106
-9755
-11009
-11725
-12184
-12625
-12805
-13626
-10223
-5350
862
4466
770
-674
-3011
2122
7525
10855
12606
11399
12498
12792
13818
12857
10945
10215
9550
11571
11602
10644
7918
3093
-341
-3256
-3142
-1890
-2419
-4690
-8902
-11313
-11381
-10211
-8808
-9354
-8694
-7820
-5282
-2749
-2949
-2717
-2781
355
5048
8606
10475
8188
6291
5344
6971
9815
10472
10579
8962
7640
5582
2985
1358
-340
-812
-1833
-2419
-2908
-4703
-6737
-9843
-10845
-10204
-8570
-7313
-7628
-9129
-10745
-11884
-11863
-12413
-12599
-13965
-13548
-7986
-2702
5036
3573
648
-2245
-1810
6103
10250
14193
13022
12464
13259
13296
14394
12369
11975
10591
10841
11871
11004
10229
5454
819
-2623
-4157
-1649
-1391
-3028
-7256
-11083
-11551
-10360
-8434
-7954
-7938
-8010
-6995
-5250
-4355
-3804
-3542
-1884
2107
6082
8240
7186
5060
4210
5692
8198
9874
10275
9225
7721
5317
2881
1180
325
32
-630
-1920
-3308
-4765
-6160
-7728
-8712
-8958
-7958
-7127
-6885
-8298
-10178
-11443
-11491
-10545
-10520
-11330
-12695
-8680
-3791
3278
3908
454
-1321
-1658
5596
9579
12473
11952
10853
12237
12630
13451
11957
11308
10984
10941
11515
9900
8378
5274
1486
-954
-2920
-1573
-1234
-2881
-6562
-10570
-10373
-8843
-6237
-5910
-6588
-6120
-6564
-4451
-3960
-2530
-1221
-569
2791
5131
7414
6405
4061
3433
4622
7955
8708
8275
6402
4444
2893
188
-727
-1552
-1696
-2474
-4131
-5047
-6283
-7213
-8603
-9089
-9234
-8568
-8017
-8342
-9386
-10887
-12433
-12277
-12337
-9802
-5464
-916
3226
1039
17
-1717
1299
5968
8920
11528
11324
12129
11806
11507
10890
10246
11147
11379
12014
10967
9418
7631
4146
1273
-1381
-1409
67
-253
-2443
-6581
-9029
-8851
-7363
-4770
-4205
-3949
-5431
-6320
-5630
-4380
-1622
-159
1947
3691
4860
5334
4274
4268
4455
5581
6709
7253
7606
5667
3092
26
-1012
-771
-1465
-2750
-5301
-6519
-7595
-8082
-8696
-9819
-10138
-10803
-10357
-10533
-11594
-12911
-14635
-14445
-10326
-4898
1499
2745
-42
-2247
-2608
3066
7576
11090
11934
11640
11986
11240
11406
10957
11583
11788
11615
11910
10727
9537
6591
3347
1351
-145
974
848
-616
-4254
-7900
-8936
-7894
-5100
-4095
-3862
-5433
-6682
-6899
-6219
-3704
-1984
-180
1558
3425
4903
4669
3765
3153
4463
6662
8507
8969
7430
5383
2962
1612
1076
541
-207
-2417
-4641
-6304
-7229
-7798
-8763
-10512
-12000
-12976
-13284
-13443
-14080
-15271
-15669
-12425
-7497
-1350
-80
-1843
-3937
-3753
1652
6632
11060
12225
11903
11437
10657
11270
12106
13855
14465
13769
12382
10566
9992
8417
6375
3603
1105
1388
1282
509
-2670
-6359
-7992
-8080
-6255
-4987
-4382
-5376
-7132
-7690
-7214
-4802
-2885
-1273
294
1469
2863
2904
3092
3285
4241
5670
6763
8023
7744
6487
4054
2042
1518
1649
1621
359
-1905
-4115
-5845
-6542
-7546
-8803
-10926
-12627
-13812
-14634
-15260
-16606
-14631
-11832
-6121
-4152
-5138
-6616
-7453
-2320
2024
6739
8476
8867
9640
9255
10186
10560
12730
14515
15193
14800
12425
11563
10243
9340
8120
5609
4802
3371
2265
121
-3052
-4970
-6149
-5370
-4627
-4352
-5573
-7554
-8625
-8471
-6415
-4609
-3203
-2275
-1599
-174
529
1172
1687
2438
3862
5040
6061
6501
6251
4756
3102
2173
2576
3038
2497
714
-1169
-2797
-3770
-4820
-6080
-7337
-8939
-10075
-11564
-12870
-14728
-13533
-10782
-6110
-4133
-5999
-7625
-9090
-5073
-1037
2891
4881
5144
5971
5741
6448
7329
9706
11802
12485
12203
10782
10784
10684
10221
9344
7252
6563
5602
4788
3189
755
-567
-1650
-1445
-1576
-2227
-3575
-5844
-6980
-7377
-5879
-4646
-4122
-3870
-4129
-2981
-2171
-1259
-804
-802
212
1362
3228
4308
4252
3370
1790
1185
1399
2212
2473
1323
-50
-1662
-2250
-2867
-3465
-4841
-6527
-8130
-9694
-10887
-11947
-10190
-7607
-3239
-2562
-4202
-6782
-7947
-4610
-1054
2786
4030
4390
4552
3894
4022
4658
7113
9202
9624
8604
7084
7616
8269
8849
7774
5772
5173
4642
4635
3444
1898
1234
703
568
-15
-965
-1625
-2876
-3527
-3921
-3727
-3315
-3441
-3306
-2938
-2009
-1626
-1559
-2045
-2177
-1280
-196
1620
2586
2374
1148
-571
-959
-374
718
1291
903
213
-1028
-1910
-2536
-3010
-3339
-4440
-5196
-6750
-7617
-8955
-9176
-7353
-5309
-1963
-2702
-3726
-5781
-5699
-2799
-317
2541
3434
3696
3434
2613
3185
4383
6793
7902
7792
7037
6347
7208
7409
7692
6606
5316
4775
3981
4159
3656
3207
2702
1145
344
-635
-529
-440
-982
-1814
-3146
-3529
-3790
-3152
-2451
-1721
-1369
-2081
-2569
-3039
-2425
-1210
-275
884
950
899
70
-706
-570
120
1120
1102
688
-92
-406
-671
-824
-1073
-1398
-1564
-2149
-2971
-3872
-4537
-4759
-5166
-5567
-5023
-4346
-2713
-2696
-3086
-3669
-4140
-3160
-2433
-969
120
911
1634
1627
1495
1543
2482
4240
5315
5400
4634
4817
5434
6260
6003
5021
4546
4016
4283
3945
3308
2639
1909
1660
1460
1116
328
-709
-1693
-2240
-2340
-2301
-1942
-1757
-1832
-2129
-2617
-2644
-2372
-1687
-1010
-466
180
586
809
702
758
1096
1578
1772
1698
1524
1657
1659
1667
1420
948
518
-265
-676
-1180
-1350
-1694
-2070
-2679
-3522
-4351
-5013
-5124
-5166
-5219
-5788
-6086
-5828
-4531
-3173
-2490
-2799
-3461
-3179
-2054
-307
947
1735
2201
2680
3004
3273
3547
4059
4580
4820
4630
4385
4261
4273
4107
3400
2732
1954
1756
1685
1661
1349
821
326
-103
-366
-693
-785
-890
-938
-1188
-1362
-1112
-395
499
1038
860
377
119
593
1418
2167
2374
2055
1515
1252
1421
1779
1828
1440
912
277
-113
-512
-599
-644
-973
-1604
-2382
-2922
-3007
-2902
-2860
-3054
-3294
-3191
-2728
-2272
-2308
-2730
-3153
-3120
-2807
-2448
-2013
-1422
-689
-297
-136
-354
-450
-231
245
923
1387
1549
1475
1303
1179
1128
1112
1305
1399
1548
1337
904
398
-58
-142
-17
260
299
182
62
44
270
478
603
682
744
971
1147
1354
1527
1732
2034
2106
2107
2021
2198
2370
2257
2040
1704
1563
1374
1106
766
387
170
-151
-583
-1312
-1906
-2093
-2044
-1976
-2195
-2317
-2192
-2002
-1906
-1991
-2119
-2073
-1761
-1128
-412
74
172
180
227
389
667
894
1009
967
820
624
363
72
-124
-148
-165
-291
-574
-944
-1181
-1398
-1405
-1255
-1168
-1259
-1468
-1549
-1456
-1284
-1223
-1199
-1095
-838
-489
-243
-106
-114
-67
70
355
861
1248
1374
1323
1380
1596
1818
1923
1903
2038
2218
2237
1982
1546
1335
1296
1347
1198
786
390
126
140
150
121
9
-161
-321
-436
-534
-676
-821
-957
-874
-623
-331
-264
-364
-643
-916
-976
-746
-209
170
351
169
-107
-110
136
415
466
342
161
83
251
525
694
570
138
-336
-509
-302
55
207
39
-241
-420
-392
-299
-319
-582
-866
-942
-703
-326
-56
48
-221
-675
-1038
-1000
-604
-219
-69
-179
-407
-587
-682
-642
-474
-244
-75
-131
-322
-566
-713
-605
-202
385
767
834
549
238
128
288
757
1160
1345
1238
1044
933
800
644
441
334
290
188
199
266
275
-43
-581
-961
-895
-371
40
17
-457
-871
-862
-570
-304
-352
-322
-120
130
195
74
65
200
445
564
611
703
827
903
777
572
456
506
712
780
657
453
304
207
-31
-304
-450
-374
-244
-233
-292
-452
-684
-902
-996
-847
-648
-495
-446
-467
-365
-247
-75
-12
-82
-94
45
444
718
776
646
470
519
581
633
590
459
201
-134
-373
-493
-503
-525
-630
-783
-892
-903
-917
-981
-1120
-1197
-1052
-814
-559
-417
-338
-266
-285
-217
-124
97
352
566
736
698
696
748
872
946
949
1041
1072
1111
1056
889
766
657
611
547
433
282
51
-82
-116
-90
-202
-439
-624
-738
-641
-435
-274
-193
-329
-431
-349
-42
288
481
519
361
330
345
470
665
774
858
851
805
607
331
144
29
93
56
-137
-437
-758
-950
-1135
-1227
-1296
-1319
-1372
-1546
-1665
-1720
-1578
-1357
-1188
-1110
-1107
-939
-730
-484
-272
-124
152
396
695
849
907
889
821
920
1060
1235
1329
1376
1382
1251
1083
954
872
777
604
534
486
412
205
-94
-379
-673
-789
-747
-561
-452
-442
-515
-665
-763
-774
-615
-372
-91
96
95
40
144
393
694
863
828
691
530
559
693
875
952
840
698
533
402
261
180
119
40
-143
-500
-786
-969
-970
-895
-941
-1116
-1393
-1483
-1303
-1044
-864
-839
-882
-830
-656
-414
-224
-111
-24
43
138
244
376
501
544
545
551
623
752
806
738
657
591
539
451
326
245
176
121
82
88
65
-9
-181
-362
-351
-184
-28
0
-71
-157
-208
-202
-187
-203
-180
-74
83
177
197
146
110
148
217
343
486
563
551
435
373
372
327
246
179
182
207
256
229
131
12
-207
-350
-361
-223
-95
-180
-389
-577
-557
-474
-412
-427
-483
-457
-383
-258
-145
-94
-107
-198
-234
-157
12
196
188
33
-157
-167
33
208
214
70
-76
-145
-164
-142
-158
-206
-207
-161
-65
-52
-112
-205
-276
-198
-83
62
157
157
86
-52
-104
-97
31
218
352
361
273
138
21
15
70
214
263
216
188
194
268
271
243
204
153
159
169
221
299
294
247
261
343
422
404
248
95
94
154
247
321
292
270
191
112
27
-45
-33
-29
-11
-77
-186
-301
-405
-417
-464
-471
-474
-496
-487
-583
-665
-732
-698
-580
-495
-432
-448
-439
-423
-316
-168
-40
66
63
95
113
85
13
-7
119
305
419
355
211
88
9
29
53
53
81
194
292
222
102
-11
-16
25
62
142
231
312
299
170
54
102
315
459
438
290
195
260
317
315
280
331
394
428
390
207
72
0
-9
24
100
131
64
-96
-289
-354
-298
-218
-225
-330
-430
-498
-514
-475
-471
-491
-538
-569
-563
-488
-394
-309
-205
-139
-137
-150
-113
-58
61
189
267
293
247
211
229
262
315
314
181
56
46
125
235
251
131
-23
-127
-110
-4
46
11
-59
-143
-192
-175
-109
-24
-8
-79
-122
-61
63
134
116
66
88
221
348
425
418
346
297
294
342
351
314
278
244
176
124
70
17
2
7
-14
-86
-140
-192
-238
-259
-257
-303
-407
-486
-488
-405
-299
-256
-291
-418
-511
-483
-394
-265
-141
-84
-85
-79
-40
-6
66
158
137
107
139
234
356
405
360
267
209
187
276
354
335
240
110
13
-24
-7
-33
-92
-160
-201
-183
-131
-118
-148
-157
-118
-41
23
93
152
149
103
85
97
148
234
294
317
319
281
274
276
252
228
237
263
251
180
43
-95
-108
-48
-50
-113
-203
-268
-303
-313
-360
-393
-454
-540
-562
-550
-476
-435
-375
-312
-268
-249
-250
-195
-145
-64
24
124
248
277
245
194
244
365
458
482
420
306
182
197
284
298
243
124
-4
-17
-10
-55
-133
-241
-294
-285
-206
-137
-175
-284
-389
-408
-353
-294
-246
-167
-61
11
17
-37
-21
50
127
203
240
272
330
425
465
411
323
321
417
499
489
408
325
225
151
120
97
43
-33
-143
-223
-284
-317
-300
-311
-320
-415
-478
-458
-373
-238
-141
-133
-208
-186
-82
85
230
275
269
260
240
244
335
447
484
392
240
157
168
168
102
-24
-102
-157
-196
-220
-320
-451
-556
-536
-491
-475
-469
-474
-461
-497
-561
-577
-507
-364
-223
-116
-59
-28
0
35
115
235
367
456
477
454
429
438
517
564
533
498
505
451
390
353
275
205
144
150
147
134
94
6
-109
-193
-166
-88
-23
-53
-125
-173
-162
-107
-61
-42
-54
-12
50
88
90
59
24
22
51
113
164
115
8
-118
-176
-84
34
11
-146
-344
-461
-491
-462
-448
-453
-453
-501
-561
-609
-567
-473
-409
-362
-298
-185
-75
-7
-13
-26
78
232
362
426
407
399
432
447
487
496
481
467
443
411
376
318
236
211
192
185
193
143
81
22
18
41
90
111
101
60
9
12
56
153
169
143
99
56
34
25
32
37
72
80
9
-126
-263
-333
-305
-193
-104
-144
-269
-398
-449
-406
-357
-364
-435
-499
-489
-465
-459
-468
-487
-499
-470
-396
-301
-194
-118
-91
-107
-117
-51
56
176
302
392
436
456
454
419
443
560
661
698
632
459
328
311
342
347
285
207
161
158
108
20
-71
-86
-53
66
137
60
-44
-142
-96
-7
86
107
82
36
-31
-6
76
171
207
111
-61
-136
-86
30
88
17
-134
-252
-275
-247
-211
-256
-357
-450
-471
-466
-458
-458
-510
-567
-620
-600
-513
-386
-323
-352
-386
-356
-287
-182
-86
5
83
160
226
220
249
365
517
620
693
708
684
661
642
610
584
553
532
515
448
342
217
148
79
22
-54
-110
-106
-137
-209
-354
-444
-397
-292
-220
-193
-214
-251
-235
-170
-71
63
144
122
44
5
61
144
177
148
106
63
31
18
-35
-140
-203
-230
-239
-252
-293
-328
-359
-383
-395
-379
-346
-318
-313
-326
-318
-280
-217
-146
-97
-44
7
63
86
105
169
258
393
500
527
490
467
465
486
523
539
521
454
364
305
293
260
214
151
73
5
-39
-103
-160
-205
-241
-254
-276
-281
-276
-306
-348
-317
-229
-158
-124
-132
-130
-67
-26
36
86
92
82
67
79
91
93
41
11
-3
-4
-15
-45
-70
-112
-176
-216
-225
-231
-259
-312
-358
-386
-381
-360
-330
-302
-302
-274
-227
-170
-101
-34
23
97
187
274
344
402
466
508
544
572
619
665
647
614
570
510
451
377
321
283
234
142
35
-76
-173
-208
-220
-253
-302
-382
-451
-464
-456
-413
-368
-359
-358
-347
-316
-238
-175
-128
-99
-62
8
37
68
51
81
123
180
179
137
107
72
67
42
10
-7
-48
-83
-125
-177
-211
-239
-238
-244
-252
-269
-266
-241
-201
-166
-156
-138
-92
-3
81
158
219
251
264
281
337
418
498
520
522
473
432
413
403
418
399
350
258
179
111
82
52
-6
-68
-144
-187
-236
-254
-267
-296
-323
-348
-339
-333
-323
-327
-321
-292
-249
-206
-169
-158
-140
-111
-74
-33
-6
15
28
37
25
22
31
47
45
20
7
-13
-27
-35
-41
-40
-63
-90
-106
-90
-38
-23
-48
-83
-89
-38
36
83
118
112
88
96
129
195
256
289
282
260
232
247
266
263
270
238
221
178
133
108
97
86
53
22
-32
-66
-80
-83
-91
-116
-151
-186
-181
-180
-176
-179
-164
-164
-170
-165
-166
-127
-98
-61
-53
-81
-105
-104
-67
-23
-18
-39
-68
-88
-74
-63
-28
-37
-49
-84
-100
-71
-65
-50
-69
-85
-89
-59
-41
-16
-9
-16
-3
35
76
86
103
81
119
149
177
197
186
176
190
206
209
226
200
191
174
179
163
147
139
96
98
58
59
36
22
4
-22
-22
-56
-48
-61
-51
-87
-94
-107
-137
-87
-127
-79
-94
-106
-109
-154
-76
-183
-68
-135
-113
-111
-196
-152
-206
-106
-150
-64
-142
-127
-126
-98
-50
-74
-3
-147
18
-88
13
34
9
62
-29
65
-8
134
54
118
86
101
158
128
193
106
171
133
187
203
187
187
133
161
159
194
178
146
120
56
79
88
76
89
50
7
-53
-81
-77
-65
-13
-86
-33
-137
-135
-78
-133
-31
-126
-82
-156
-106
-132
-126
-93
-124
-72
-122
-87
-139
-117
-89
-95
-83
-91
-93
-97
-96
-111
-110
-110
-112
-89
-82
-53
-74
-56
-30
-32
1
-7
23
4
62
41
48
80
78
124
149
181
168
184
138
157
178
203
211
227
199
176
180
138
166
101
103
71
73
56
62
53
6
10
-42
-38
-48
-53
-75
-61
-66
-86
-81
-73
-101
-54
-75
-67
-69
-102
-54
-99
-33
-107
-49
-78
-24
4
-24
46
-42
-39
-114
-136
-147
-131
-103
-100
-89
-89
-85
-51
-90
-110
-114
-138
-118
-143
-94
-55
-5
31
91
128
146
147
160
130
104
68
8
69
65
170
191
207
234
190
186
136
115
22
-4
-38
-64
-22
-50
-25
-20
-47
-69
-78
-79
-29
-32
-13
42
15
51
39
77
31
75
71
-11
52
-32
12
-15
-34
45
0
109
55
47
7
-154
-207
-303
-200
-228
-115
-30
-19
124
86
90
-9
-66
-186
-239
-297
-404
-388
-433
-421
-76
84
578
941
1008
1193
824
659
96
-262
-652
-881
-928
-986
-664
-489
-203
195
488
711
861
792
678
274
-245
-788
-1023
-1421
-1203
-872
-408
480
1037
1825
1831
1819
1246
397
-351
-1138
-1384
-1511
-1116
-628
50
608
893
981
689
314
-124
-413
-557
-536
-395
-166
3
132
174
102
-4
-61
-143
-25
40
161
228
116
154
-129
-199
-328
-369
-250
-164
62
121
210
190
48
7
-115
-144
-6
-33
130
228
228
306
237
170
33
-66
-138
-139
-108
28
50
112
114
39
66
-184
-202
-268
-345
-302
-164
-98
37
124
118
175
74
-14
-39
-170
-151
-65
7
159
242
237
329
157
78
15
-176
-103
-201
-53
11
184
207
266
202
55
-48
-197
-219
-337
-193
-220
-78
-45
98
71
86
139
37
163
14
67
50
14
-49
-22
-127
-127
-56
-85
6
69
138
113
226
92
94
14
-72
-133
-69
-59
-72
85
-73
7
10
-61
-60
-91
-116
-55
7
-117
107
-115
-13
10
-180
57
-128
73
81
-8
192
-67
157
64
3
184
-37
65
19
-16
-4
-25
-72
5
-79
110
104
78
159
-43
-17
9
-173
-15
-135
-125
7
-46
58
106
69
-4
129
-243
87
-68
-249
84
-210
156
74
182
181
101
116
4
-24
-24
-38
-179
88
-184
-16
5
-139
20
-68
22
-36
145
59
-2
-30
-143
-97
-266
-112
-135
-19
86
238
246
241
145
75
-145
-102
-102
-218
3
32
-18
295
181
-18
126
-68
-118
-45
-69
-95
110
-50
8
60
33
-80
82
-199
-171
26
-84
34
10
271
-144
364
-163
-86
155
-288
49
-65
72
110
56
202
-34
207
-144
-160
12
-343
64
-170
226
-20
140
427
-315
445
-246
-173
64
-382
250
-60
253
96
171
64
-200
-54
-316
-159
-44
-51
178
158
45
240
-266
-72
-105
-187
-2
139
123
128
175
-7
60
-204
-123
-152
-162
36
109
73
121
44
-157
-28
-391
-21
-172
-134
234
-188
225
51
-29
149
107
-180
397
137
185
400
-91
41
-304
-311
-302
-290
-92
6
254
261
291
368
-265
133
-520
-226
-48
-366
326
-153
263
-9
-33
125
-304
215
-136
355
274
396
442
-29
287
-499
-267
-366
-506
8
-184
464
126
157
569
-455
170
-304
-342
-117
-107
298
-81
489
-52
94
30
-68
-246
255
-223
-63
55
-72
-52
105
51
-141
165
-362
252
-358
240
-203
62
6
-213
277
-303
248
-49
-6
326
-126
-18
291
-468
347
-239
225
-42
-7
353
-302
212
-292
-69
-146
94
-314
280
-130
-154
117
-275
224
-82
128
19
-158
157
97
54
339
-17
159
-48
-11
141
-305
127
-127
-201
326
-203
122
107
-133
60
-199
30
-162
-80
180
-140
91
162
25
-216
227
-591
220
-237
86
131
338
136
187
202
-300
116
-300
-186
8
-149
319
53
-3
551
-789
446
-453
-267
195
-237
-7
411
-253
422
56
-347
209
-248
-76
184
-30
239
117
8
1
-142
-266
-221
-37
-299
525
-258
523
98
-234
279
-330
-10
-214
181
-278
466
79
330
28
284
-413
57
-243
-727
544
-922
741
-208
225
466
-275
431
-215
-170
10
-285
-168
265
-174
416
131
-54
252
-339
53
-72
-88
-62
83
-130
28
126
56
-43
122
-157
-72
14
-300
214
-169
188
42
-68
359
-93
-152
375
-488
-82
211
-376
350
-39
35
111
-286
202
-175
-228
327
-127
16
501
-284
260
-194
-119
-44
-99
-118
185
-196
192
177
-251
385
-306
-61
172
-421
65
-36
16
324
-63
259
62
-212
87
-221
-14
-67
176
146
-112
404
-401
193
-222
96
-8
32
149
-7
210
-148
-29
-157
-263
-16
-254
47
158
-83
541
-357
207
-124
-177
159
-229
104
146
-90
311
-47
-67
40
-163
25
-246
170
-101
-103
418
-263
336
37
-186
301
-584
524
-587
260
2
-80
253
43
-104
259
-335
20
66
-363
367
-194
267
-70
104
-328
152
-175
-142
256
-183
63
-54
240
-403
241
237
-564
795
-540
-7
210
-242
46
350
-405
408
-116
95
150
-337
597
-733
351
28
-507
363
-269
18
219
-401
257
45
-168
320
-414
320
-441
236
157
-408
713
-491
307
307
-685
822
-733
476
-138
-21
300
-404
225
-25
-164
154
-162
-59
40
-128
275
-324
324
-222
91
-33
-219
108
-222
365
-439
358
259
-386
507
-117
-327
285
-23
-211
249
-69
-230
105
-35
-112
369
-248
93
50
-167
139
-29
93
-62
-43
35
-103
-49
337
-527
504
-308
-75
430
-476
290
-186
177
-459
592
-531
193
296
-525
421
-177
-118
59
44
66
-8
187
-19
106
47
38
-198
154
-4
-545
758
-686
125
389
-682
646
-415
64
265
-391
239
-352
310
-413
369
135
-315
618
-444
191
-78
-271
172
-49
176
-22
-110
450
-551
359
107
-477
492
-409
228
-206
99
-156
218
-286
228
0
-70
314
-392
498
-535
499
-532
237
3
-316
424
-594
344
-111
213
-210
422
-204
140
47
-182
76
-118
15
-47
-56
314
-458
396
-18
-330
537
-542
216
-134
14
118
0
-157
333
-316
24
168
-256
213
-166
213
-14
63
-29
215
-218
209
-8
-351
333
-274
-60
293
-317
-7
98
37
-240
212
47
-336
128
-16
-149
84
166
-133
392
-209
252
-128
-14
-36
-52
335
-390
340
-33
20
-150
393
-863
612
-425
-182
230
-138
-2
114
83
-127
53
146
-145
142
49
-105
-13
156
-27
-164
545
-498
270
76
-185
110
147
-175
210
-235
-56
-365
136
-373
29
68
-3
-13
177
249
-478
526
-325
136
-23
156
-251
259
-23
-201
487
-524
510
-52
68
161
-173
188
-416
154
-167
-223
151
-71
54
72
233
-451
626
-692
347
-144
-180
97
-64
65
-148
519
-386
448
-133
-52
35
-242
360
-476
171
349
-441
182
418
-726
409
162
-618
632
-94
-269
366
-118
-125
103
-26
-118
-378
400
-499
139
169
-60
-44
279
24
-58
342
-461
464
-399
7
199
-160
-13
-30
277
-645
600
-192
-287
422
-89
-280
594
-85
-277
398
-236
-263
60
173
-582
510
219
-682
916
-545
-87
350
-484
386
-571
497
-504
432
-172
-191
465
-252
-8
404
-268
-113
494
-513
377
113
-277
397
-395
13
-45
41
-216
-29
257
-380
251
39
-256
451
-145
255
-212
211
-319
-92
291
-734
683
-223
-85
537
-435
297
-253
392
-490
238
36
-604
650
-345
55
320
-181
45
332
-236
-186
172
-404
214
17
96
-154
354
-113
-105
337
-556
492
-319
102
-140
18
39
-347
215
-72
-392
575
-243
-115
791
-758
583
-22
-251
130
154
-346
174
43
-185
263
-38
-76
73
-64
-151
346
-660
777
-590
319
199
-456
406
-474
2
137
-345
341
43
-302
754
-928
679
-144
-500
727
-805
517
-66
-128
297
-201
262
-191
125
-118
-10
-39
152
-323
403
-93
-118
316
-181
11
219
-301
175
-179
26
123
-315
320
-382
175
-70
-50
73
79
-313
635
-617
483
-43
-183
563
-493
456
-359
-60
105
-187
-78
122
-55
84
-69
153
-109
-60
18
-118
10
-93
313
-157
220
117
-271
313
-363
36
19
-138
223
17
18
263
-354
212
-295
-49
-1
-285
374
-332
434
-291
268
-169
-83
218
-249
96
93
-63
225
6
-126
263
-221
95
129
-378
263
-133
17
69
-7
-2
-11
-204
-9
-164
-147
216
-342
553
-239
147
199
-115
-31
24
183
-297
502
-161
-236
638
-689
428
-98
-292
395
-534
383
-206
-139
204
-96
-164
363
-313
-21
409
-809
731
-680
287
55
-149
294
-46
291
-453
562
-625
413
-172
200
154
-107
376
-232
43
-104
-221
-72
74
-337
400
-15
-355
621
-429
27
-95
78
-486
333
-95
82
138
5
322
-351
458
-253
-10
105
-97
47
53
-275
366
-594
426
-278
5
133
-24
24
30
91
-43
141
-207
274
-516
367
-203
-345
481
-192
-15
263
-191
276
-194
80
108
-259
-9
346
-543
334
-58
103
-233
323
-329
107
172
-465
417
-143
-191
306
-98
-190
483
-470
455
-502
464
-209
-22
346
-629
584
-202
-295
598
-406
46
258
-444
379
-351
218
-313
-62
-5
-104
171
124
-327
775
-560
373
192
-445
408
-308
219
-325
264
-190
74
186
-312
376
-57
0
-157
323
-514
130
157
-620
487
-231
-144
270
-69
-51
160
-78
-12
172
-118
30
60
-71
-61
226
-52
-207
637
-666
483
-188
-251
307
-361
194
9
-248
309
-268
354
-105
-162
407
-527
160
236
-433
509
-242
26
195
-374
258
-259
177
-188
126
-51
-186
259
-218
93
57
129
-193
348
-162
-19
250
-306
284
-471
366
-275
118
-248
416
-323
229
-91
87
13
-96
177
-249
-105
235
-363
332
110
-485
840
-725
421
-49
-287
340
-156
157
-150
50
-201
95
-94
-12
307
-332
320
-41
-169
209
-467
306
-115
-93
193
-62
80
-1
162
-186
135
-22
-11
-92
68
-26
-80
-22
22
-109
-2
322
-521
706
-490
324
-106
-50
-61
93
-229
-85
491
-711
850
-678
436
-236
153
-36
-97
166
-18
3
148
-156
107
-181
15
-109
-208
521
-718
784
-346
156
242
-469
538
-537
109
268
-878
822
-488
105
468
-557
558
-337
234
-241
223
-358
272
28
-372
746
-813
462
-44
-422
601
-372
165
271
-382
400
-351
-51
213
-392
47
121
-217
37
412
-617
710
-351
304
-170
72
-189
50
208
-490
579
-454
382
-202
179
-38
-43
-11
-3
-57
-165
239
-304
310
-39
29
74
79
-218
38
-53
-188
373
-679
660
-396
93
188
-141
159
-171
241
-538
737
-862
702
-277
26
211
-132
143
-90
85
-264
359
-447
521
-432
169
-26
-79
34
123
-208
160
165
-443
357
-300
180
-167
90
146
-104
6
253
-299
-66
367
-488
336
-301
321
-223
137
-72
253
-363
464
-291
-75
439
-695
623
-622
349
-261
192
-29
-124
412
-374
371
-383
238
12
-282
346
-296
311
-202
213
-65
-192
277
-453
469
-505
432
-195
105
174
-513
726
-752
430
-65
-98
-129
202
-288
320
-170
48
350
-559
722
-627
282
-44
-136
126
13
1
-52
11
-29
27
-173
263
-298
120
187
-402
543
-407
107
293
-621
512
-82
-296
504
-367
212
-22
-177
352
-387
255
-6
-271
320
-382
195
-42
73
-95
299
-334
16
179
-380
387
-143
80
64
-38
-175
369
-586
589
-392
40
341
-560
797
-611
155
283
-640
622
-535
310
-9
-158
288
-226
45
83
-235
-39
29
-13
-37
258
-26
48
212
-208
-2
35
-298
281
-192
-125
493
-463
328
90
-398
396
-238
76
-198
287
-283
143
-57
93
-190
34
322
-573
442
-73
-132
143
119
-166
255
-198
31
122
-335
339
-293
181
-17
-141
316
-521
620
-614
428
-285
-43
403
-523
477
-218
32
-174
414
-443
183
69
-219
383
-364
260
-57
-81
147
-32
-31
6
-194
397
-437
225
-54
-111
239
-261
356
-461
253
73
-281
395
-384
396
-80
-291
590
-516
198
208
-570
691
-728
447
-169
-292
640
-886
923
-648
313
208
-599
773
-951
969
-850
400
46
-405
640
-381
243
-160
109
57
-330
365
-452
473
-290
201
104
-285
465
-521
425
-451
168
-52
-94
118
-72
79
207
-407
465
-201
13
1
-170
208
-354
339
-322
252
17
-155
271
-257
27
23
107
-97
2
164
-253
136
29
44
-66
72
-75
217
-118
-100
331
-349
48
75
-290
153
-232
251
-127
76
99
-133
274
-495
653
-730
718
-524
91
434
-708
695
-348
-46
261
-396
631
-556
365
-211
9
107
-327
564
-682
404
-258
34
113
-39
139
-49
-31
235
-437
411
-453
103
230
-347
378
-185
287
-480
512
-385
38
189
-149
193
-197
222
-145
-105
277
-352
203
-72
-176
447
-507
509
-433
303
-95
-76
332
-529
480
-463
373
-212
29
166
-169
134
-163
304
-520
428
-134
20
186
-372
349
-400
363
-340
95
301
-488
525
-204
-209
434
-487
408
-286
411
-502
524
-557
389
-201
-233
502
-587
579
-300
111
86
-341
419
-235
-24
267
-371
443
-607
837
-779
377
170
-865
1365
-1689
1447
-802
-95
743
-877
781
-607
599
-154
-321
707
-807
527
-268
74
6
-186
590
-885
874
-474
-110
546
-650
485
-284
60
-54
65
-85
-9
153
-357
603
-712
754
-583
277
62
-525
842
-923
647
6
-260
252
42
-176
-87
274
-368
229
-127
123
-75
167
-152
-14
113
-149
19
51
-5
-275
489
-458
265
-24
-225
287
-219
80
211
-298
207
5
-54
145
-346
443
-387
138
193
-437
325
-156
201
-195
305
-275
167
66
-483
544
-571
395
-152
25
27
-6
-48
178
-149
-5
135
-138
264
-422
339
-146
-112
145
31
-101
237
-259
128
-13
-254
296
-196
171
-72
152
-163
209
-432
497
-358
58
107
-104
-49
-6
158
-208
150
-60
202
-295
220
30
-207
256
-258
316
-303
116
81
-199
123
51
-36
24
-14
-111
219
-232
174
-45
-239
436
-392
205
33
-424
526
-479
276
-127
138
-126
271
-343
481
-477
275
92
-383
458
-530
334
-232
95
-6
185
-220
243
-93
24
-77
74
-150
136
-253
283
126
-346
517
-299
-62
195
-108
-68
197
-235
-108
444
-599
312
-47
-83
77
-49
20
108
-163
120
120
-423
612
-576
188
173
-372
596
-557
229
312
-755
726
-273
-57
194
-72
-80
97
-19
-192
377
-645
661
-625
539
-430
148
399
-703
807
-666
467
-176
-235
521
-461
271
-88
-183
241
-295
253
-96
-86
325
-282
230
-304
118
-20
-197
230
-158
120
123
-254
509
-546
460
-201
-86
336
-418
235
-141
281
-476
540
-336
-232
730
-1037
931
-411
-226
591
-558
232
118
-303
216
-173
-8
299
-323
364
-144
49
36
-56
31
-145
31
-42
152
-302
372
-34
-285
455
-405
177
-39
-104
211
-379
390
-458
433
-114
-256
496
-253
14
7
121
-207
69
34
-105
-13
26
-43
128
-230
242
54
-150
191
-30
172
-251
71
106
-343
285
-204
74
-82
92
65
-170
55
-58
119
-154
-66
275
-239
111
201
-111
-237
384
-121
-193
253
-253
242
-83
-44
43
187
-520
427
20
-324
419
-375
314
-339
115
76
-373
452
-317
245
-148
-24
172
-102
108
-93
251
-433
348
-56
-270
435
-529
538
-343
139
103
-13
-27
-143
273
-410
214
11
-309
568
-700
709
-423
-66
482
-752
719
-465
227
-26
21
-42
73
-56
-90
251
-362
418
-225
-52
378
-604
431
-313
63
189
-317
428
-415
524
-520
348
-16
-332
571
-706
564
-254
-93
250
-237
24
280
-421
478
-304
72
168
-390
428
-375
340
-267
266
-234
39
98
-225
193
-115
20
109
-144
207
-99
-95
273
-248
159
-120
17
-90
-9
-53
137
35
-100
296
-331
145
68
-355
400
-349
128
140
-454
607
-301
-24
410
-455
292
-114
-86
61
143
-299
278
-93
-126
256
-386
410
-338
92
213
-225
205
-56
5
-156
128
-59
-94
167
-157
119
-17
-135
379
-483
442
-244
-56
399
-615
331
-44
-238
265
-105
65
-83
180
-172
31
164
-303
420
-308
9
340
-405
340
-375
391
-116
-160
417
-508
377
-329
9
187
-250
168
48
-45
47
57
-148
216
-405
233
-65
-33
30
-95
394
-536
348
-3
-106
-16
127
1
-257
468
-454
280
-80
-141
270
-261
67
213
-142
-108
305
-146
-152
337
-394
202
-98
-174
383
-474
550
-442
295
-135
-96
327
-282
68
22
13
-140
135
-5
-110
69
30
-53
86
-34
183
-182
193
-198
173
-166
-125
472
-706
650
-542
204
76
-279
411
-352
303
-141
95
-60
12
7
-35
-8
89
-106
249
-281
169
-20
-209
375
-552
519
-573
551
-405
41
299
-495
620
-566
486
-269
118
113
-212
215
-314
331
-120
-240
607
-743
520
-57
-124
133
-164
128
-131
157
-220
135
-73
-94
112
-138
148
-106
143
-199
203
89
-187
231
-82
-114
129
-72
22
-104
178
-242
249
-185
140
61
-195
169
-64
-74
-105
192
-145
-178
362
-187
-207
499
-577
520
-321
85
99
-143
216
-254
349
-279
154
-72
160
-210
135
60
-180
167
-81
64
-13
-221
377
-267
-122
305
-309
154
1
-165
218
-238
129
3
32
-176
264
-283
226
-168
118
95
-168
282
-114
43
-5
-42
-53
40
-96
50
-6
3
-65
164
-105
-61
111
-17
34
-143
91
146
-389
388
-159
-250
442
-358
326
-143
-41
238
-430
312
-137
-95
151
-97
68
-13
97
-101
22
67
32
-123
33
60
-142
148
-120
48
48
-80
70
-94
29
118
-273
418
-413
224
76
-290
283
-238
236
-226
298
-212
80
44
-222
258
-252
177
-133
95
149
-367
472
-286
49
103
-179
124
-52
-193
229
-67
-83
119
72
-176
50
149
-196
145
-177
18
25
65
-89
153
-82
3
-28
35
60
-191
369
-365
186
15
-80
82
-203
274
-206
74
53
-91
94
-125
149
-85
-157
335
-219
-104
391
-508
362
-8
-366
509
-297
-79
335
-382
273
-32
-234
351
-362
157
153
-224
166
-140
128
-160
126
88
-155
144
-111
60
-105
220
-114
-171
272
-140
-278
556
-396
75
128
-295
346
-138
-69
141
-157
207
-250
94
-104
169
-125
16
148
-89
-16
73
-81
40
33
-17
69
-84
145
-209
191
-76
-197
463
-469
234
-50
-26
22
-139
226
-179
39
25
69
-211
227
-208
121
50
-196
292
-194
51
72
-264
263
-236
162
16
-144
342
-306
130
-35
71
-92
36
66
-213
450
-506
319
-13
-283
326
-283
119
-13
66
-101
147
-106
-79
200
-188
32
10
33
-114
80
40
7
-113
107
-70
-17
169
-177
120
49
-184
276
-215
26
169
-272
188
-8
-171
215
-69
-80
124
5
-87
41
85
-207
162
-137
130
-148
120
-90
26
54
-108
255
-325
278
-350
323
-165
-160
424
-638
708
-467
168
167
-263
207
-98
129
-106
-26
119
-251
293
-279
181
-60
-55
201
-373
482
-346
133
-36
-94
138
-154
261
-305
213
0
-107
134
-140
135
-103
-49
322
-553
529
-283
50
131
-211
162
-112
36
6
57
-216
225
-73
-138
239
-115
-39
142
-265
271
-141
41
26
20
3
-131
204
-149
-2
51
26
-44
54
19
-148
209
-149
-82
271
-278
180
-167
102
-102
63
110
-281
299
-27
-136
30
130
-188
190
-145
56
127
-235
154
3
-66
-33
169
-174
3
92
-113
81
-23
62
-71
81
-104
32
47
-87
31
141
-317
307
-65
-143
167
-97
47
-59
10
35
77
-139
49
84
-144
127
-149
180
-64
-131
327
-419
328
-135
-80
202
-221
144
19
-77
-58
239
-325
190
81
-350
346
-89
-147
272
-232
183
-86
-55
223
-256
110
-14
6
-66
166
-296
337
-212
0
282
-510
486
-325
148
-47
-8
80
-190
200
-67
-61
72
-121
272
-266
145
62
-204
215
-212
221
-264
164
25
-41
-19
37
68
-146
192
-185
20
149
-266
322
-328
218
-44
-97
163
-180
257
-244
108
90
-291
305
-197
63
5
-40
45
-54
73
-156
210
-157
85
-17
-5
10
-1
15
24
-105
149
-69
-165
415
-560
492
-182
-186
381
-366
248
-90
-56
120
-166
240
-195
25
212
-356
410
-394
270
-157
91
-91
-59
386
-617
621
-422
202
-44
-93
211
-323
334
-226
77
93
-297
480
-421
135
96
-143
131
-222
272
-229
111
111
-239
253
-269
274
-246
93
50
-121
223
-289
203
-91
136
-273
330
-174
12
142
-257
265
-196
130
-53
16
-115
242
-204
67
87
-108
41
38
-194
293
-298
135
12
-169
239
-90
-81
65
31
-201
333
-389
328
-101
-77
164
-109
99
-140
127
-53
15
38
-104
180
-251
258
-140
-92
297
-386
403
-293
88
51
-148
80
-57
103
-139
143
-59
-33
159
-202
104
18
-125
179
-165
152
-73
-87
211
-281
304
-211
39
112
-106
12
59
-171
217
-103
-53
158
-179
154
-161
142
-53
-19
-27
85
-65
36
48
-77
127
-230
212
-114
-31
124
-167
155
-168
191
-139
118
-27
-153
258
-237
78
159
-285
276
-236
154
-28
-90
74
43
-35
-102
256
-290
251
-248
254
-137
-78
249
-324
347
-344
186
122
-269
181
-91
83
-100
8
94
-149
160
-143
94
42
-144
197
-180
104
-28
-97
216
-258
241
-180
112
-10
-39
-13
4
56
-105
198
-266
198
-3
-202
227
-115
79
-126
128
20
-138
116
-101
103
-67
27
19
-43
6
-44
92
-28
-85
150
-97
-46
155
-150
-30
190
-251
249
-159
-19
215
-258
260
-257
240
-197
74
100
-273
322
-275
139
99
-261
302
-270
239
-217
62
165
-320
408
-380
230
30
-196
165
-190
300
-381
316
-103
-103
245
-302
247
-172
50
47
-93
163
-202
164
-85
16
59
-127
203
-283
323
-271
119
145
-382
430
-325
193
-60
-79
123
-15
-5
-133
268
-262
134
-33
-9
8
-28
-6
54
6
-124
98
23
-64
47
-68
143
-148
82
46
-158
239
-280
178
-65
6
51
-90
63
37
-82
38
-4
28
-47
-16
59
-47
61
-81
71
-38
0
72
-118
100
-50
19
-22
43
-13
-32
26
-49
81
-80
33
-20
-32
95
-81
68
-92
124
-88
61
-55
16
-19
50
-48
60
4
-168
273
-208
68
8
-42
57
-32
2
0
32
-54
-3
88
-84
22
-6
-1
13
-40
45
-90
166
-134
-1
105
-77
30
24
-54
36
8
-51
48
60
-194
203
-138
46
90
-189
155
-121
155
-155
127
-109
16
87
-100
59
-1
-41
6
63
-108
100
-54
-58
88
26
-100
131
-106
64
9
-139
214
-148
68
-26
42
-22
-22
7
6
-35
68
-40
-45
47
29
-108
73
15
2
-75
54
41
-81
35
-30
111
-69
-61
117
-78
18
-7
-27
98
-107
47
15
-52
90
-127
67
37
-70
58
-37
55
-72
76
-54
15
-6
1
0
17
-11
27
-8
-55
64
-36
7
-21
51
-64
53
15
-106
126
-80
-27
73
-65
50
2
-21
-8
49
-6
-46
12
18
-39
50
-13
-23
-7
116
-214
254
-166
1
123
-149
129
-110
74
-76
84
-73
-42
192
-208
130
-31
-70
102
-27
-49
-26
154
-186
121
-35
-49
134
-160
134
-96
108
-97
47
35
-123
147
-142
102
-58
73
-89
51
55
-126
156
-144
46
14
-83
122
-165
223
-241
152
38
-213
331
-345
250
-110
20
5
-30
114
-187
208
-116
-30
153
-246
205
-40
-88
99
-21
-40
5
86
-110
46
7
-79
178
-246
171
-61
30
5
-55
93
-120
96
-21
-3
-45
110
-97
16
93
-186
201
-170
99
2
-78
95
-91
156
-224
164
-1
-152
234
-217
148
-92
50
-37
-6
105
-158
113
-75
36
7
-7
3
-32
136
-218
159
-44
-44
67
-110
140
-124
78
-16
-29
94
-109
125
-155
148
-72
-1
33
-44
42
-52
46
-5
-51
89
-83
5
46
-4
-30
-33
102
-150
161
-103
31
-23
33
-27
-13
96
-160
174
-98
29
49
-119
142
-133
139
-126
30
72
-120
117
-158
183
-112
-13
133
-192
191
-192
119
41
-191
262
-214
151
-98
30
53
-143
193
-160
75
42
-148
169
-114
48
-23
-34
100
-51
-28
43
-31
-13
86
-122
121
-62
-55
173
-195
82
56
-165
174
-139
97
13
-116
162
-176
169
-136
56
49
-106
146
-135
112
-133
144
-78
-33
110
-190
204
-164
110
-66
30
53
-137
129
-59
34
-35
3
-20
75
-79
44
-17
56
-30
-30
56
-17
-14
-33
75
-127
138
-111
35
58
-82
38
-13
35
-46
28
-19
7
32
-44
25
-35
30
40
-114
166
-161
107
-38
-46
109
-110
50
19
-41
39
-12
-33
38
-7
-63
66
15
-59
81
-103
115
-75
21
-29
26
-6
11
20
-66
92
-93
61
-42
-3
46
-18
-56
90
-63
14
47
-74
51
-8
-78
146
-122
94
-62
39
-22
-28
62
-86
113
-147
86
31
-86
87
-56
7
37
-51
73
-83
60
-3
-20
10
2
12
-67
79
-51
-21
69
-97
121
-102
64
-27
-16
41
-82
138
-147
97
-19
-67
152
-192
222
-214
127
15
-130
184
-220
224
-124
8
41
-116
207
-209
125
-50
-20
93
-135
121
-51
13
-7
-34
68
-63
23
-14
12
77
-148
149
-94
51
-33
-33
113
-139
84
0
-72
87
-55
43
-54
73
-47
-19
91
-127
114
-124
145
-80
8
-7
-8
57
-67
42
-7
-5
9
-52
69
-24
-18
15
-55
121
-121
81
-40
-10
58
-93
83
-31
14
-13
-39
122
-129
50
16
-9
15
-47
68
-48
27
-32
14
41
-62
-6
65
-26
-17
-13
37
-30
38
-69
47
13
-41
-5
49
-16
9
-32
20
44
-63
22
-3
-6
48
-85
70
-17
-22
48
-90
136
-143
116
-73
38
-14
-6
0
14
36
-116
139
-107
33
31
-56
39
-45
71
-33
-13
14
2
-7
18
-20
4
-2
-1
0
7
-11
2
25
-32
44
-77
67
-29
-10
44
-74
50
39
-76
38
-13
27
-15
-68
90
-41
36
-43
-2
67
-52
13
-25
47
-13
-36
28
-20
49
-71
63
-39
28
-20
2
-8
27
-12
-42
45
-31
51
-38
-1
26
13
-58
2
40
-6
-17
-16
50
1
-35
51
-100
111
-52
-33
51
-31
20
-4
-43
64
-14
-16
-13
4
37
-40
34
-31
0
48
-75
60
-22
3
29
-74
83
-66
35
-3
-3
22
-45
43
-22
7
14
-36
20
4
-14
12
-31
50
-57
55
-52
-1
58
-71
65
-65
45
9
-46
64
-49
39
-19
-25
60
-48
37
-24
-16
42
-13
-13
-18
19
-14
14
-8
8
-6
10
-11
1
4
4
-3
4
-17
19
-17
3
9
-1
-12
12
-10
9
24
-49
48
-32
20
2
-20
6
-4
22
-15
1
-17
13
8
-22
19
1
-24
33
-45
49
-22
16
-22
7
11
-3
-3
-15
30
-31
29
-24
3
15
-9
-9
27
-34
28
-6
-12
23
-20
23
-38
49
-50
56
-35
-26
69
-59
41
-34
18
-4
5
-26
-9
30
-17
-10
23
-20
21
-16
8
16
-20
19
-7
-10
13
3
-32
50
-33
1
5
9
2
-30
40
-34
29
-30
11
-4
14
-19
4
17
-33
47
-48
44
-38
14
6
-32
51
-55
36
-13
7
11
-31
28
1
1
-23
15
-3
0
-1
2
3
-3
10
-31
39
-22
-5
25
-25
22
-15
7
9
-20
19
-16
13
-8
-3
9
-10
18
-15
2
2
-6
14
-15
10
-15
19
-9
-10
23
-19
6
-3
10
-11
11
-18
-1
33
-39
20
-11
12
7
-34
38
-15
-9
19
-19
9
5
-5
-4
18
-7
-9
6
-10
11
-9
8
-12
5
3
-11
19
-13
2
0
1
-7
21
-20
3
16
-14
8
3
-13
6
13
-26
22
-12
0
5
-2
-4
3
0
-6
15
-9
-2
4
-1
2
3
-6
-4
13
-12
2
3
2
-3
-4
2
-3
5
-6
3
-3
2
2
-1
-4
1
8
-13
9
-1
-9
11
-8
1
0
-1
-2
3
1
-2
-3
2
0
-1
5
-7
4
-1
4
-5
5
0
-7
9
-9
4
-1
-2
1
4
-5
1
5
-7
7
-5
0
3
0
-3
2
0
0
2
-4
3
2
-3
0
1
-3
4
-1
-1
1
1
0
-1
-1
0
4
-2
1
-2
1
0
4
-4
-2
2
0
0
-2
3
-4
2
1
-1
-3
4
0
-5
4
0
-2
-1
6
-5
0
2
2
-4
3
3
-5
3
3
-4
-2
6
-6
3
-1
-2
2
1
-3
2
0
-3
9
-7
-1
2
1
-4
5
-3
-2
6
-5
4
-6
3
1
1
-4
5
-3
-2
7
-7
4
-1
1
-3
5
-5
3
0
-3
7
-7
2
0
3
-5
5
-4
0
5
-5
3
-2
4
-4
2
0
1
-2
1
2
-3
6
-7
1
2
1
-4
4
-1
-2
8
-7
-1
3
0
-5
5
-2
-2
5
-1
1
-1
2
-2
0
-1
3
-2
-2
3
-2
0
1
1
-4
3
1
-1
1
0
0
-1
2
-1
-1
-2
4
-2
-1
2
-1
0
1
0
-3
3
0
0
1
0
-1
1
0
-1
1
-1
1
1
0
0
1
0
1
0
-1
0
0
0
0
0
0
1
-1
-1
1
-1
0
-1
0
0
0
0
1
0
0
1
-2
1
1
-1
0
0
-1
0
1
-1
-1
1
0
0
-1
0
0
-1
0
0
0
0
1
0
-1
1
-1
0
0
-1
-1
0
0
0
0
1
0
0
0
0
0
0
0
0
0
1
0
0
0
0
0
0
0
0
0
1
0
-1
0
0
0
0
0
0
0
0
0
0
1
0
1
0
1
0
0
0
0
0
0
0
0
0
0
0
0
-1
0
0
0
-1
0
-1
0
0
0
0
0
0
0
-1
1
0
1
0
0
0
0
1
1
0
-1
0
1
-1
0
0
0
0
0
0
0
0
0
0
0
0
0
0
-1
0
0
0
-1
0
0
0
-1
0
-1
0
0
0
0
0
-1
0
1
0
0
0
1
0
0
0
0
0
0
0
-1
0
0
0
0
0
0
1
0
1
0
-1
-1
-1
0
0
1
0
0
0
0
-1
0
0
1
0
-1
1
0
0
0
1
0
0
0
-1
0
0
0
0
0
0
0
0
0
0
0
0
0
0
0
-1
0
0
0
0
0
0
1
0
1
0
0
0
1
0
0
-1
1
0
-1
0
0
-1
0
0
0
0
-1
0
0
0
0
1
0
0
0
1
0
0
1
-1
0
0
0
0
0
0
-1
0
1
0
0
0
1
-1
0
0
0
0
0
0
0
-1
0
1
0
-1
0
0
-1
-1
0
0
0
0
-1
-1
-1
0
0
0
0
0
0
0
0
0
1
0
-1
0
1
0
1
0
0
0
-1
0
0
0
0
0
0
-1
1
0
0
0
0
1
0
0
0
-1
0
1
0
0
0
0
0
0
0
0
0
0
-1
1
-1
0
1
0
0
0
0
0
0
0
0
0
0
0
0
0
0
0
1
0
0
0
0
-1
1
0
-1
0
0
0
0
0
0
0
0
0
0
-1
0
0
0
-1
0
0
1
1
0
0
0
0
-1
0
1
0
-1
0
0
0
0
-1
0
0
0
0
0
-1
-1
0
0
0
0
1
0
0
0
0
-1
0
0
0
0
0
0
0
0
1
0
-1
0
0
-1
0
0
0
0
0
0
0
0
0
0
0
1
0
0
0
0
-1
-1
0
-1
0
0
0
-1
0
0
0
0
1
1
-1
0
0
-1
-1
0
0
-1
0
0
-1
0
0
-1
1
-1
0
0
-1
0
0
0
0
0
0
0
1
0
0
-1
1
1
0
0
0
0
0
0
0
0
0
1
0
0
0
0
0
0
-1
0
0
-1
0
0
1
0
0
1
0
0
0
1
0
0
0
0
0
0
1
-1
0
0
0
1
0
-1
0
0
0
0
0
-1
0
0
0
0
1
0
0
1
0
0
0
1
0
0
0
0
0
1
0
0
0
0
0
0
0
1
0
0
0
0
-1
0
0
-1
-1
0
-1
0
0
0
1
1
0
0
0
-1
1
0
0
0
0
1
0
1
0
0
1
1
0
0
0
0
0
-1
0
0
0
-1
0
0
1
0
0
0
0
1
0
1
0
0
0
0
-1
0
0
0
0
0
-1
0
0
0
1
1
0
0
-1
0
0
1
0
0
-1
1
0
0
0
0
-1
0
0
0
0
0
0
0
0
0
0
0
1
0
0
0
-1
0
1
0
0
1
-1
0
-1
-1
0
0
0
0
0
0
0
0
-1
0
-1
1
0
1
0
0
0
0
0
0
0
0
0
0
0
0
0
0
0
1
0
-1
0
0
0
0
0
0
-1
0
0
-1
0
0
0
0
0
0
0
1
1
0
0
0
0
0
0
0
-1
0
0
0
0
0
0
-1
-1
0
0
0
0
0
1
0
1
-1
0
0
-1
0
0
0
1
0
0
0
0
0
0
0
1
0
1
0
0
0
-1
-1
0
0
0
0
1
0
-1
0
0
0
0
1
0
-1
0
0
0
0
0
1
0
0
0
0
0
0
0
0
0
0
1
0
0
0
0
0
0
0
0
0
0
0
0
0
-1
-1
0
0
0
0
0
0
-1
0
0
-1
0
0
0
0
0
0
0
0
0
0
0
0
0
0
0
0
0
-1
0
0
1
0
0
-1
1
0
0
0
0
0
0
0
0
0
0
-1
1
0
0
-1
0
0
0
1
0
-1
0
0
0
0
0
0
0
1
-1
0
-1
0
-1
-1
0
0
0
1
0
0
0
0
0
1
0
-1
-1
0
0
0
0
0
0
0
-1
0
-1
0
1
0
0
0
0
1
0
0
0
0
0
-1
-1
0
0
0
0
-1
0
1
0
1
0
0
0
0
-1
0
0
0
-1
0
0
0
0
0
0
0
0
-1
0
0
0
1
0
1
0
-1
0
1
0
0
-1
0
0
0
0
0
0
1
0
1
0
0
0
0
0
1
0
1
0
0
0
1
0
0
0
0
0
-1
0
0
0
0
0
0
0
0
0
-1
0
0
0
0
0
0
0
0
0
0
1
0
1
0
0
1
0
0
1
0
0
1
0
0
1
0
0
0
0
0
0
0
0
0
0
0
1
0
0
-1
0
0
-1
0
-1
0
0
1
1
0
0
0
-1
0
0
0
0
0
0
1
0
0
-1
0
0
0
0
-1
0
1
0
0
0
0
0
-1
0
0
0
0
0
0
0
1
0
0
0
0
0
-1
0
0
0
0
0
1
0
0
0
0
0
0
0
1
0
-1
0
-1
1
0
0
0
0
-1
0
-1
0
0
0
0
