0
0
0
1
0
0
0
0
0
0
-1
0
0
0
0
1
0
0
1
0
0
0
1
-1
0
-1
0
0
0
1
0
0
0
0
0
0
1
0
0
0
0
0
0
0
0
0
-1
0
0
0
1
0
0
0
1
0
0
0
0
0
0
0
0
0
0
1
0
1
0
-1
0
0
-1
0
0
0
-1
0
0
0
-1
0
-1
1
-1
1
0
0
0
0
0
1
0
1
0
0
0
0
0
0
0
0
0
0
0
1
0
0
-1
0
0
0
0
0
0
0
0
0
0
-1
0
0
1
0
0
-1
0
0
0
0
0
0
0
0
-1
0
1
0
0
0
0
1
0
0
0
0
0
-1
0
0
-1
0
0
0
0
0
0
0
0
0
0
0
1
1
1
1
0
0
-1
1
0
0
0
0
0
0
0
0
0
0
0
0
1
0
0
1
0
1
0
0
1
0
0
0
0
1
0
0
-1
0
0
1
1
0
0
-1
0
-1
-1
0
0
0
1
1
0
-1
0
1
0
0
0
0
1
0
1
-1
0
1
0
0
0
-1
0
0
0
1
0
-1
0
-1
-1
0
0
1
0
0
0
1
1
0
0
1
1
-1
0
-1
0
0
0
1
0
0
0
0
-1
0
0
-1
0
0
-1
-1
1
0
0
0
0
-1
0
1
0
0
0
-1
1
0
1
0
1
-1
0
0
0
-1
0
0
0
0
0
0
0
0
0
0
0
0
0
0
0
0
0
1
0
0
0
0
1
0
0
0
0
0
0
0
0
0
0
0
0
0
0
0
0
0
0
0
0
1
0
0
0
0
-1
0
0
1
0
0
0
0
0
-1
0
0
0
0
0
0
-1
0
0
-1
0
0
0
-1
0
0
0
0
-1
0
0
0
0
0
0
0
0
0
0
0
0
0
0
0
-1
0
0
0
-1
0
-1
0
-1
1
0
0
0
1
0
0
0
-1
0
0
0
0
-1
0
0
0
0
0
0
0
-1
0
0
-1
0
0
0
-1
1
-2
1
0
1
0
-1
1
0
0
0
0
0
0
0
0
-1
1
0
1
0
2
0
0
1
-1
1
-1
1
-1
1
0
1
0
0
0
0
1
-1
0
0
0
1
-1
0
0
-1
0
1
-2
0
0
0
0
1
-1
1
0
0
0
-2
1
-1
1
1
-1
1
-1
-2
1
-2
2
0
-1
2
-2
1
-1
0
0
0
1
0
1
-1
0
-1
0
0
0
-1
2
-2
1
-1
0
0
-1
1
-2
2
-2
1
0
0
0
-2
2
-3
2
-2
1
-1
-1
0
-1
1
-1
0
0
0
0
0
1
-2
1
-2
1
0
1
1
0
0
-1
1
-1
1
-1
1
0
0
0
-1
0
1
0
1
0
2
-2
3
-4
3
-2
-1
4
-5
5
-3
2
-1
1
-2
1
-1
0
1
-1
2
-2
2
-3
2
-2
2
-1
1
3
-5
6
-6
3
-1
-2
5
-4
4
-2
0
1
0
-1
3
-4
3
-2
-1
2
-5
4
-4
3
-2
1
1
-2
3
-5
4
-4
4
0
-1
3
-3
1
-2
0
-1
2
-1
2
-2
2
-1
-1
1
-1
1
1
0
0
0
-1
-1
0
1
-1
3
-1
1
0
-2
3
-5
5
-2
1
1
-1
3
-2
1
-2
1
-2
2
-1
1
2
-4
5
-5
2
1
-3
4
-5
4
-3
0
0
-1
2
0
1
1
0
-2
2
-3
2
-1
-1
4
-4
3
1
-4
7
-7
4
0
-2
4
-5
2
-3
0
0
-2
4
-4
5
-1
-5
8
-10
8
-2
-3
7
-10
11
-11
5
-1
-7
11
-11
10
-2
-1
4
-8
7
-8
4
-2
1
2
-4
8
-8
7
-4
1
0
-2
4
-4
4
-2
2
-3
1
-4
3
-1
-2
7
-5
6
-1
-1
2
-1
-1
0
2
-5
4
-2
0
3
-1
-3
7
-8
4
1
-4
4
0
-7
8
-9
3
3
-6
7
-6
9
-8
7
0
-8
12
-14
8
3
-12
18
-14
4
4
-9
6
-1
1
-2
9
-9
9
-7
2
-3
-1
0
-2
4
-1
6
-6
11
-12
10
-6
1
4
-8
10
-13
8
-5
-2
4
-1
2
2
-3
9
-18
25
-29
17
1
-23
33
-33
20
-2
-11
17
-8
-7
22
-29
21
-7
-8
15
-14
11
-7
7
-12
11
-9
-2
12
-12
13
-4
0
0
-2
-6
5
-7
0
9
-18
19
-9
-6
19
-19
15
-5
-1
6
-15
20
-27
24
-16
5
8
-15
19
-14
10
-6
6
-3
6
-5
2
-1
-11
21
-27
27
-17
5
6
-10
9
-5
-2
6
-10
11
-9
2
6
-12
10
-7
5
-1
6
-1
1
1
-4
-1
-1
-4
0
4
-11
25
-29
27
-16
0
14
-20
21
-9
1
11
-13
4
7
-22
24
-19
11
3
-12
26
-31
31
-18
5
4
-18
23
-33
30
-34
24
-17
10
3
-5
17
-19
29
-38
40
-40
28
-17
10
1
-8
26
-33
42
-43
31
-29
15
-10
6
4
-14
18
-21
8
1
-8
3
8
-8
9
6
-14
18
-22
10
2
-16
24
-13
7
10
-9
5
-4
-3
-3
-2
5
-4
1
2
4
-16
21
-14
13
-1
3
0
-10
11
-17
-2
21
-41
42
-21
-5
33
-46
42
-27
13
-5
6
-10
14
-13
17
-10
2
17
-32
36
-30
3
13
-34
35
-28
14
-6
-2
5
-6
8
-11
15
-23
27
-26
24
-14
9
5
-3
14
-13
22
-24
22
-30
30
-31
17
8
-29
40
-44
37
-27
19
-3
4
-2
7
-15
4
-3
-13
15
-8
2
9
-18
23
-22
19
-5
-13
26
-40
43
-40
29
-23
-4
23
-42
54
-44
22
0
-14
25
-17
8
-10
10
-24
32
-17
7
18
-27
43
-42
35
-10
-15
36
-39
36
-24
7
11
-34
35
-37
15
-2
-11
12
-2
-6
24
-29
37
-34
19
-4
-19
39
-44
55
-46
33
-24
-6
1
-23
16
-19
28
-16
15
7
-14
27
-31
31
-21
11
17
-22
44
-45
36
-28
17
-15
-2
14
-32
31
-12
-9
12
-17
1
4
-24
31
-28
11
13
-28
33
-17
9
15
-22
32
-38
29
-21
12
6
-11
36
-30
33
-17
-14
33
-52
28
-1
-35
55
-69
53
-38
12
4
0
3
-16
25
-26
39
-11
-4
26
-42
14
-11
-9
-4
1
-14
27
13
-15
58
-43
31
-21
-7
-7
-28
15
-26
20
1
14
-3
1
25
-37
38
-36
34
-17
2
30
-39
40
-27
16
-14
-10
0
1
1
-13
24
-64
71
-86
52
8
-44
75
-42
27
1
-11
8
-7
-7
16
3
11
11
9
-26
4
-12
-19
2
-10
-11
37
-2
6
27
-44
47
-52
-3
0
-54
33
-17
3
53
-27
48
-10
6
-15
2
-5
-20
31
-30
39
-2
2
30
-15
4
4
-37
21
-69
42
-41
22
8
-12
12
-5
-13
-8
32
-41
67
-66
65
-53
22
11
-47
69
-52
26
45
-61
74
-48
-2
15
-52
56
-58
41
-3
-35
51
-54
58
-38
26
16
-54
67
-76
60
-43
17
6
-25
34
-39
27
-17
-7
37
-50
39
-12
-33
66
-84
70
-28
-6
54
-50
38
-3
-33
61
-82
46
-16
-33
44
-18
-2
32
-12
-17
51
-90
67
-45
19
20
-11
7
2
-25
-2
22
-61
112
-84
90
-14
-19
33
-77
51
-90
61
-67
51
13
-18
60
-81
45
-40
5
34
2
8
56
-45
6
11
-67
48
-68
22
0
-32
40
-36
6
17
-29
54
-15
24
16
-5
-3
1
-28
32
-19
0
38
-61
92
-92
80
-91
72
-88
69
-24
-4
24
-42
14
-2
-22
19
-15
-12
40
-36
64
-49
70
-48
43
-52
5
-13
-1
23
31
20
8
30
-50
28
-98
10
-57
14
-17
56
-25
30
21
-27
57
-26
38
-19
-12
-14
-7
-46
44
-13
7
24
20
-10
15
-15
-41
-14
-1
-15
25
12
6
30
-8
-23
-6
-28
-18
22
-1
35
45
41
-9
49
-57
-4
-16
-93
27
-105
13
-20
3
56
36
79
13
73
-36
-4
21
-107
67
-112
10
-1
-59
63
-14
13
67
-52
84
-78
21
-55
-48
16
-51
81
11
40
26
22
11
-1
-14
-14
-4
-38
32
-34
-10
14
-24
21
-22
51
-19
30
8
-13
-3
-14
-61
7
-38
21
10
-8
124
-97
129
-79
-21
33
-54
64
-26
68
-69
46
-69
17
-40
-12
19
-29
52
-1
19
-48
55
-116
39
-49
9
-2
62
18
14
99
-79
93
-85
12
16
-83
54
-13
-88
107
-95
66
58
-70
127
-84
43
20
-17
-44
-8
-8
-162
155
-163
114
14
-31
115
-82
48
-61
-1
-65
-21
-35
34
52
0
180
-82
124
-41
-40
-43
-29
-33
-25
78
-26
94
-2
1
-14
-13
-103
16
-51
5
27
-23
61
-7
-25
69
-43
22
-3
-10
-23
60
-56
46
-35
-60
32
-66
29
-2
12
28
-3
66
23
9
56
-27
1
7
-92
50
-41
1
84
-56
81
-56
-52
-8
-123
-14
-29
-61
121
-105
186
-53
79
33
-79
105
-58
69
30
43
-46
-3
-77
14
-60
77
-36
23
-35
-7
-32
-63
78
-123
125
-91
49
-40
-23
-12
60
-79
148
-52
22
69
-53
60
39
-21
43
-46
-29
-21
-68
118
-128
122
40
-39
110
-116
-25
-37
-59
25
-12
79
-38
11
32
-21
-15
74
-51
22
15
-126
75
-116
29
21
20
2
42
-12
23
16
-108
101
-66
40
53
-46
5
13
-160
142
-101
86
46
29
95
-57
33
-21
-55
-26
-31
-46
45
10
-49
101
-102
-16
34
-134
183
-139
163
-59
8
56
-88
64
-63
20
-10
83
-41
113
-72
17
-56
7
-12
40
20
5
-19
-112
-47
-81
-54
101
-87
138
48
-10
161
-121
140
-147
43
4
-29
92
-24
86
-84
3
-45
-148
91
-96
84
140
-74
80
-6
-124
17
-154
37
-82
31
115
-78
200
-86
136
-6
-10
-15
-64
-37
5
13
71
-36
135
-81
138
-96
-34
-18
-228
144
-227
132
-79
40
22
83
20
131
-67
82
-108
94
-86
-3
37
-159
225
-168
216
-99
22
-79
-64
-101
-94
7
-90
134
-31
223
-29
66
-5
-53
54
3
-4
18
-76
31
-20
6
-21
5
-63
91
-92
96
-45
-47
116
-124
100
-80
56
-95
64
-42
-1
57
-11
86
-24
70
-22
29
15
-31
69
-80
86
-161
25
-72
-23
29
31
56
-19
71
-171
94
-103
14
33
-28
38
-32
-22
52
-77
62
-60
20
-11
-41
-24
-81
51
-38
112
-32
74
69
55
137
5
153
-114
42
-95
-6
76
-48
112
-228
45
-163
31
-50
-10
3
-75
-73
-48
-76
0
50
31
160
-98
170
-103
38
81
-5
29
67
-70
116
-12
101
69
-34
91
-213
47
-171
-33
27
-95
40
38
17
10
-27
-81
-21
-109
-81
16
-42
63
-2
117
-16
194
67
119
151
73
121
-160
-25
-249
-106
-111
-69
-34
-3
-3
-26
24
-14
-14
3
0
-67
8
118
67
218
123
117
83
-44
25
-49
-68
-93
-63
-210
32
-136
-16
91
-145
138
-4
-14
58
3
-41
33
-49
26
53
37
89
-34
-4
-78
-39
-22
12
28
-80
61
-118
12
126
-101
190
22
-19
51
-136
70
-102
-32
26
-102
20
45
-16
157
-25
20
-66
46
-14
4
57
-117
104
-19
148
25
41
61
-57
39
4
-77
37
-92
-121
-88
-131
-136
-115
17
-75
68
74
2
68
56
39
169
70
110
106
10
83
-29
53
-13
-52
51
-4
-95
23
-126
-70
-68
-173
24
-24
43
38
-2
-22
-55
-73
10
-21
79
156
-6
189
-65
11
-36
-128
48
-139
-31
64
-85
119
-74
19
76
51
-11
108
-141
92
6
-5
129
-57
136
-42
117
-44
51
-105
-26
-146
26
-59
68
-43
28
-59
-112
-153
-152
-190
-17
-145
136
-7
87
39
-85
112
13
291
160
263
140
38
179
-208
67
-82
39
126
-36
62
-142
-212
-195
-46
-192
62
-274
-15
-129
-130
58
-89
-28
10
42
111
192
166
174
54
29
-27
102
73
124
202
-102
85
-155
-69
-27
-148
-67
-62
-190
26
-227
11
-20
-38
298
68
432
118
234
-91
-57
-219
-104
-104
-58
93
-81
144
-12
40
-130
19
-335
38
-306
103
71
9
275
-39
155
-45
45
-25
44
-88
72
-146
36
-91
34
-39
-56
50
-52
51
-152
44
-133
-38
22
-106
134
179
41
350
-61
230
-133
-10
-27
-159
112
-34
65
55
-10
48
93
5
179
-117
-14
-202
-177
-114
-216
67
-153
85
92
21
90
-31
-31
-11
-203
-64
-229
-3
-40
16
135
68
99
91
228
140
204
62
182
-98
118
-209
102
-196
5
70
-124
381
-163
323
-243
-89
-284
-206
-131
-124
71
-61
-98
-78
-164
-141
134
-38
313
23
163
152
-117
111
-122
-29
265
96
337
0
138
-196
-97
-220
-183
-99
-120
-18
32
-61
-36
63
-160
170
-157
64
46
-120
261
-42
102
-19
-10
-2
33
25
102
211
-9
281
-161
102
-276
-29
-170
18
51
76
123
-17
56
-36
34
-211
189
-355
285
-165
153
2
62
-83
34
-117
7
51
-42
162
-131
43
-138
38
-99
70
-39
9
-120
45
-144
130
-94
102
23
52
71
12
42
-56
184
-217
206
-162
36
64
-52
136
-49
-94
-16
-83
-52
-21
-4
-8
25
57
21
81
-15
-7
24
-3
42
41
-44
35
-91
-39
-4
-118
35
-89
90
-9
24
91
-39
66
-61
29
-33
-82
4
-37
-43
-73
-88
-116
-92
-22
63
28
123
8
29
32
-195
107
1
39
186
-56
131
-88
111
-7
157
-8
77
33
19
-23
-98
0
-51
78
-59
134
-146
18
-22
-120
-18
-196
-108
-83
-1
29
130
5
91
68
114
124
69
78
-26
-99
-54
-58
-128
11
-27
89
138
158
107
133
-119
35
-79
-1
-112
-21
-138
-141
0
-112
78
-61
145
-19
100
-58
-43
-82
-74
-77
-11
-39
12
123
22
231
-85
106
-138
10
-34
61
-47
69
43
-10
159
-69
130
-95
62
-28
88
10
-25
48
-74
-98
-12
-189
-109
27
-111
64
-245
-120
-106
-124
63
81
57
245
-89
230
-18
83
140
27
254
-33
245
-124
137
-116
-11
-42
-62
-19
-99
-30
-121
-136
-80
-199
-50
-7
77
126
82
31
-22
-86
-40
155
-1
322
29
184
-33
-48
-64
-155
-1
-5
-18
27
-14
-122
-28
-94
-48
-19
-119
22
-1
63
189
70
207
61
68
-87
-179
-82
-123
-99
124
-17
67
136
1
225
-82
167
-88
-59
-64
-210
-67
-226
-82
-23
-17
94
78
101
62
-53
-48
-201
-72
-171
57
-98
157
130
217
214
131
108
38
-49
-142
-74
-195
36
-48
8
-16
3
-57
48
12
126
89
140
133
159
4
34
-83
-134
37
-214
-32
-164
-103
118
-17
84
61
-4
-1
2
-139
4
-129
-51
78
-150
64
-117
-4
85
4
150
180
24
171
-42
30
42
-40
138
34
-10
4
-137
-11
-10
-39
70
-76
-51
23
-13
44
-49
-109
64
-201
-25
-46
-167
83
-91
70
57
-87
138
-62
240
81
83
127
-151
100
-187
-106
-144
-197
-35
26
-53
204
-63
130
-8
-33
151
-54
158
-7
43
-2
-89
-17
43
101
98
103
32
40
32
-39
-76
27
-237
118
-165
1
-37
-195
36
-129
-16
-49
18
-18
46
-4
114
-56
153
30
138
132
41
115
-26
-67
-64
-154
-90
-63
-107
31
-19
19
-11
-4
40
89
15
23
-45
-42
41
-103
37
-48
1
-13
33
-2
-4
-43
-102
15
-23
136
7
65
-47
-94
6
-8
-4
38
83
34
117
-14
12
-13
5
-44
29
-93
12
48
144
200
178
95
126
-59
-38
13
-119
14
-96
-36
-91
-87
-41
-2
-17
19
-115
-17
-122
-49
27
9
31
106
-31
-1
-46
-107
32
-130
42
-100
-79
-23
-23
108
93
5
137
109
11
190
-45
65
-123
-70
-65
-67
-27
32
67
17
2
-35
-18
-118
15
-53
109
-12
110
72
-20
115
51
146
68
100
86
6
41
-38
-60
22
-211
-133
-196
-230
-67
-148
-16
27
64
33
119
122
67
55
-84
41
-45
28
-3
47
-65
33
-59
-96
7
-185
29
-132
-37
10
-68
6
-66
40
-13
79
7
86
-9
67
55
51
21
79
8
-22
70
-153
85
-71
30
72
4
86
-4
-16
30
-89
-24
-53
-81
41
-21
51
78
-20
60
29
16
112
21
113
50
60
7
17
-10
-27
5
-37
16
-23
43
20
14
46
-67
-11
-52
-53
-46
-43
-19
11
-7
83
80
99
145
44
91
-21
52
16
63
36
32
102
57
169
104
118
102
42
73
-3
-13
-37
-96
-48
-72
-8
3
4
47
-48
-32
35
-39
9
9
-46
126
15
111
43
-24
38
-18
-57
17
-109
-77
-89
-54
-51
-58
-36
-27
-40
40
36
11
-12
-63
-120
-112
-155
-186
-53
-121
-37
-39
-21
-33
-6
-66
1
-18
-24
-35
-66
-45
-103
-62
-67
-39
-109
-77
-131
-113
-59
-95
-124
-135
-52
-96
-19
-90
-57
-124
-121
-39
-136
-56
-125
-92
-43
-64
-46
-76
-65
-85
-57
-109
27
-25
76
106
46
151
103
178
235
303
326
446
425
487
427
393
376
302
315
317
260
266
232
187
172
84
45
-45
-45
0
-60
-25
-85
-104
-53
-79
-27
44
40
126
132
162
203
225
202
180
201
159
181
164
99
85
34
-1
-12
-144
-94
-158
-142
-109
-197
-181
-184
-245
-269
-271
-377
-411
-510
-527
-507
-444
-466
-436
-471
-446
-412
-463
-370
-381
-340
-347
-344
-310
-339
-350
-379
-392
-333
-317
-278
-235
-177
-113
-75
-65
-64
4
29
45
45
15
64
36
83
141
147
187
172
205
220
240
268
215
200
193
207
266
291
367
386
486
570
617
689
770
858
926
993
1077
1136
1159
1142
1151
1106
1120
1163
1095
1055
998
977
923
916
906
801
713
604
488
358
204
52
-178
-371
-609
-827
-1015
-1173
-1344
-1422
-1480
-1537
-1453
-1507
-1431
-1410
-1381
-1349
-1379
-1326
-1394
-1394
-1509
-1613
-1781
-1943
-2134
-2337
-2490
-2759
-2869
-3004
-3011
-2965
-2913
-2780
-2737
-2426
-2126
-1537
-1134
-670
-205
271
1087
1705
2413
2835
3301
3742
4167
4451
4662
4582
4571
4449
4295
4165
3799
3475
3129
2817
2563
2296
1982
1782
1563
1549
1476
1387
1272
1087
927
697
460
249
-23
-307
-511
-653
-759
-768
-790
-813
-822
-785
-739
-652
-596
-578
-549
-599
-601
-689
-811
-969
-1159
-1349
-1424
-1575
-1698
-1869
-2034
-2210
-2356
-2522
-2743
-2900
-3190
-3415
-3690
-4025
-4317
-4537
-4807
-5011
-5328
-5302
-5200
-4695
-4193
-3704
-3028
-2212
-881
444
1745
2736
3736
4672
5742
6468
6980
6993
6871
6769
6523
6249
5474
4685
3784
3108
2416
1668
906
321
-105
-268
-448
-608
-691
-730
-595
-485
-388
-355
-284
-203
-29
93
162
237
298
459
637
842
1024
1308
1646
1970
2218
2377
2557
2688
2723
2619
2325
1948
1575
1147
587
-49
-715
-1341
-1786
-2155
-2480
-2752
-3018
-3129
-3165
-3179
-3240
-3474
-3633
-3834
-4095
-4411
-4955
-5432
-5967
-6354
-6803
-7221
-7671
-7881
-7748
-7254
-6461
-5755
-4720
-3534
-1728
265
2184
3844
5303
6711
8133
9252
9862
9978
9625
9372
8867
8254
7208
5827
4452
3255
2206
1172
28
-976
-1650
-1913
-1921
-2067
-2137
-2208
-1998
-1712
-1510
-1373
-1316
-1160
-951
-823
-658
-526
-214
133
529
948
1425
2062
2805
3536
4112
4553
4911
5260
5442
5409
5086
4528
3886
3185
2417
1550
544
-419
-1274
-2009
-2586
-3176
-3717
-4068
-4274
-4288
-4283
-4292
-4396
-4594
-4811
-5065
-5406
-6012
-6659
-7377
-7899
-8560
-9152
-9902
-10278
-10263
-9701
-8546
-7673
-6072
-4552
-2040
695
3252
5455
7439
9258
11229
12678
13354
13533
12800
12384
11459
10447
8718
6536
4384
2567
1067
-384
-2021
-3359
-4129
-4262
-4035
-4068
-3988
-3881
-3240
-2582
-2016
-1904
-1828
-1892
-1611
-1350
-1195
-991
-1117
-619
-141
931
1785
2730
3641
4755
5816
6897
7701
8208
8528
8353
8126
7504
6710
5594
4304
2827
1419
-1
-1202
-2287
-3321
-4193
-4869
-5251
-5430
-5442
-5463
-5388
-5364
-5245
-5244
-5442
-5833
-6591
-7346
-8299
-9113
-10112
-10965
-11939
-12554
-12520
-12069
-10507
-9412
-7405
-5380
-2423
1101
4299
7265
9731
11985
14137
15976
16772
17044
15953
14903
13437
11718
9477
6510
3504
951
-1133
-3004
-4842
-6470
-7323
-7436
-6962
-6588
-6027
-5512
-4488
-3530
-2602
-2149
-1787
-1694
-1434
-1369
-1374
-1211
-1260
-609
-258
835
1859
3218
4805
6219
7734
8949
10046
10959
11475
11419
10816
9688
8612
7271
5656
3660
1526
-256
-1742
-2948
-4092
-5191
-5956
-6426
-6287
-6026
-5712
-5436
-5391
-4953
-4789
-4568
-4959
-5689
-6754
-7810
-8895
-9965
-11247
-12501
-13712
-14352
-14077
-13341
-11461
-10202
-7766
-5216
-1569
2482
5992
9101
11653
13977
16183
17843
18211
17848
16209
14699
12818
10698
7907
4590
1333
-1239
-3173
-4849
-6525
-7835
-8306
-7870
-7012
-6295
-5363
-4399
-3031
-1899
-1069
-631
-344
-294
-246
-483
-924
-1290
-1463
-1115
-442
274
1159
2508
4204
6211
7824
9056
10185
11142
11971
12069
11389
10228
8834
7425
5895
3911
1690
-374
-1963
-3013
-3958
-4922
-5742
-6070
-5879
-5318
-4744
-4399
-4167
-3979
-3779
-3701
-4108
-5055
-6434
-7922
-9232
-10571
-12060
-13717
-15084
-16128
-15978
-15417
-13820
-12007
-9924
-6807
-3564
932
4761
8431
11371
13989
16230
18242
19044
19022
17793
15912
14153
11828
9358
6074
2748
-252
-2477
-4285
-5799
-7238
-7968
-7957
-7034
-6250
-5267
-4347
-3233
-1991
-1165
-582
-389
-407
-667
-998
-1529
-1935
-2566
-2533
-2358
-1430
-467
744
2429
4219
6552
8224
9851
11066
12089
12620
12583
11855
10881
9412
7735
5933
3821
1862
-50
-1578
-2707
-3722
-4499
-5014
-5097
-4866
-4413
-3967
-3692
-3438
-3456
-3496
-3800
-4609
-5887
-7530
-9209
-10916
-12522
-14389
-15910
-17245
-17958
-17480
-16655
-14261
-12334
-9251
-5979
-1826
2753
6786
10366
13214
15748
17815
19570
19776
19358
17417
15483
13375
10971
8165
4635
1262
-1371
-3247
-4760
-6235
-7368
-7733
-7179
-6055
-5124
-4088
-3323
-2178
-1259
-539
-390
-553
-1058
-1609
-2124
-2752
-3291
-4022
-4058
-3598
-2368
-971
448
2407
4611
7185
9274
10967
12313
13295
13752
13657
12908
11742
10138
8181
6243
4141
2041
118
-1516
-2633
-3493
-4185
-4562
-4614
-4294
-3896
-3464
-3294
-3254
-3386
-3833
-4457
-5719
-7284
-9298
-11227
-13248
-15122
-16978
-18439
-19554
-19775
-19067
-17464
-14694
-12182
-8411
-4830
14
4699
8891
12429
15247
17691
19725
20984
20941
19896
17644
15526
13151
10576
7292
3661
372
-1973
-3552
-4908
-6183
-7040
-7046
-6010
-4756
-3704
-2869
-2252
-1300
-562
-250
-579
-1445
-2439
-3235
-4002
-4783
-5670
-6404
-6475
-5386
-3959
-1989
-97
2170
5201
7961
10838
12715
14292
15308
15684
15382
14576
13033
11005
8511
5951
3672
1341
-764
-2545
-3921
-4705
-5211
-5251
-4961
-4428
-3857
-3351
-2816
-2671
-2681
-3322
-4382
-5871
-7742
-9832
-12054
-14450
-16640
-18671
-19970
-20979
-20771
-19993
-17676
-14687
-11445
-7200
-2990
2464
7312
11720
15135
18060
20192
22122
22639
22102
20334
17672
15243
12441
9327
5585
1731
-1471
-3511
-5030
-6184
-7412
-7833
-7321
-5802
-4431
-3288
-2584
-1799
-915
-397
-392
-1124
-2341
-3613
-4511
-5424
-6200
-7188
-7634
-7162
-5731
-3682
-1371
1109
3969
7308
10569
13541
15693
17086
17808
17867
17220
15890
13714
10879
7745
4669
1962
-523
-2891
-4902
-6304
-7001
-7043
-6713
-6126
-5381
-4587
-3650
-2812
-2307
-2460
-3230
-4512
-6099
-8108
-10362
-13024
-15538
-18108
-19927
-21399
-21913
-21451
-20041
-16954
-13946
-9487
-5197
301
5827
10830
14919
18183
20661
22776
23931
23478
22061
19122
16359
13298
10120
6309
2201
-1533
-4126
-5679
-6880
-7940
-8533
-8205
-6689
-4859
-3410
-2301
-1558
-542
221
446
-85
-1235
-2736
-3961
-5027
-5997
-6939
-7761
-7747
-6559
-4616
-2115
396
3235
6657
10148
13457
15975
17682
18622
18808
18225
16967
14762
11817
8426
5097
2071
-736
-3353
-5618
-7199
-7958
-8097
-7690
-6981
-5962
-4860
-3646
-2502
-1682
-1473
-1987
-3072
-4570
-6556
-8859
-11505
-14294
-16994
-19357
-20960
-22112
-21750
-20969
-18126
-15231
-11263
-6593
-1531
4504
9477
13973
17398
20308
22355
23839
23476
22266
19540
16467
13533
10223
6681
2496
-1303
-4026
-5602
-6677
-7598
-8248
-7961
-6648
-4601
-3047
-1771
-1076
-193
558
898
440
-697
-2318
-3736
-4828
-5856
-6676
-7607
-7839
-6938
-5034
-2461
216
2840
6095
9458
12749
15349
16956
17794
17844
17147
15825
13645
10772
7450
4010
909
-1780
-4270
-6216
-7686
-8336
-8279
-7748
-6757
-5553
-4169
-2912
-1701
-832
-444
-793
-1885
-3419
-5593
-7916
-10721
-13404
-16352
-18685
-20742
-21656
-21488
-20318
-17483
-14919
-10617
-6269
-496
5212
10107
14165
17575
20314
22504
23508
22871
21220
18203
15301
12260
8844
4933
688
-2948
-5242
-6570
-7374
-8258
-8444
-7757
-5634
-3553
-1907
-685
126
1367
2009
2168
1285
-66
-1834
-3158
-4448
-5532
-6648
-7632
-7463
-6324
-4135
-1706
1007
3882
7234
10609
13506
15706
16867
17284
16877
15639
13810
11222
8005
4503
1078
-1949
-4390
-6495
-7972
-8793
-8949
-8290
-7167
-5552
-3863
-2249
-804
423
1123
1257
443
-1016
-3270
-5883
-8653
-11699
-14680
-17724
-20114
-21996
-22134
-21558
-18998
-16438
-12932
-8430
-3255
3118
8312
12831
16190
19212
21448
23074
22828
21370
18482
15255
12289
9126
5549
1408
-2488
-5035
-6267
-6857
-7449
-7843
-7154
-5375
-2819
-1049
337
944
1995
2719
2904
2099
516
-1278
-3015
-4281
-5665
-6691
-7775
-7878
-6853
-4881
-2272
246
3257
6521
9964
12882
15008
16331
16872
16388
15056
13067
10556
7490
4069
595
-2456
-4927
-6797
-7953
-8586
-8665
-8111
-6896
-5059
-3096
-1372
31
1125
1760
1949
1126
-325
-2885
-5702
-8807
-11725
-14818
-17768
-20452
-22252
-22177
-21254
-18351
-15984
-12175
-7947
-2179
4060
9344
13435
16524
19238
21389
22696
21958
20033
16704
13539
10471
7373
3724
-268
-3792
-5831
-6632
-6862
-7237
-7190
-6191
-3946
-1371
377
1536
1988
2967
3402
3339
2072
344
-1544
-3188
-4416
-5541
-6408
-7096
-6761
-5458
-3226
-826
1845
4647
7743
10558
12797
14392
15193
15199
14209
12478
10269
7743
4832
1902
-1035
-3563
-5573
-6820
-7244
-7278
-7027
-6321
-5085
-3264
-1447
-126
789
1187
1432
1079
-5
-1995
-4677
-7592
-10475
-13222
-16038
-18503
-20825
-21371
-21022
-18721
-16076
-13208
-9283
-4877
1194
6506
10977
14010
16626
18719
20573
20614
19286
16551
13509
10769
7928
4860
1271
-2088
-4432
-5486
-5808
-6006
-6225
-5630
-4214
-1648
204
1495
1934
2465
3124
3308
2595
1019
-728
-2436
-3539
-4570
-5280
-6075
-6089
-5075
-3142
-719
1354
3846
6394
9176
11251
12547
13113
13023
12244
10823
8765
6377
3771
1274
-1033
-3032
-4725
-5856
-6273
-6009
-5444
-4690
-3683
-2479
-936
260
1237
1539
1271
574
-562
-2307
-4494
-7377
-10188
-13005
-15458
-17784
-19656
-20059
-19605
-17235
-15191
-11961
-8425
-3626
1756
6527
10414
13328
15862
17931
19471
19176
17639
14797
12149
9678
7145
3892
326
-2792
-4572
-5225
-5366
-5713
-5826
-5182
-3239
-775
939
1998
2285
3061
3600
3845
3005
1674
-6
-1308
-2350
-3214
-3858
-4474
-4159
-3271
-1327
480
2548
4611
6749
8660
9902
10564
10749
10185
8958
7237
5162
3055
898
-1114
-2788
-4263
-5163
-5500
-5188
-4537
-3813
-2877
-1946
-463
667
1570
1756
1509
886
-166
-1791
-3873
-6337
-8792
-11304
-13653
-15897
-17597
-17930
-17562
-15518
-13894
-11349
-8285
-3977
833
5129
8336
10815
13037
14987
16636
16603
15235
12604
10320
8272
6355
3300
-134
-3067
-4601
-5071
-5268
-5912
-6021
-5376
-3592
-1313
70
1166
1712
2632
3282
3732
3235
2600
1584
881
467
-96
-589
-731
-322
690
2095
2960
4396
5728
7194
8125
8203
7910
7516
6577
5148
3220
1062
-779
-2352
-3610
-4544
-5318
-5646
-5324
-4344
-3210
-2090
-1249
-251
976
1903
2430
2222
1473
376
-1017
-2792
-4867
-7145
-9410
-11363
-13060
-14795
-15110
-14951
-13054
-11117
-9246
-6722
-3670
513
4339
7304
8844
10462
11454
12966
13252
12280
9953
7491
5634
4339
2598
-207
-2879
-4919
-5365
-5242
-5428
-5883
-5787
-5049
-3087
-1636
-575
-170
363
1077
1829
2110
2095
2047
2005
2486
2809
3219
3754
4719
5828
7150
7804
8587
9349
9767
9740
8817
7387
5942
4256
2163
-177
-2634
-4733
-6107
-7128
-7610
-7698
-7493
-6527
-5101
-3470
-1823
-477
661
1785
2591
2948
2676
1664
188
-1562
-3479
-5470
-7665
-9865
-11651
-13019
-13984
-13734
-13013
-10789
-8471
-6112
-3343
-140
3679
6994
9427
10517
11514
11716
12309
11859
10246
7748
5007
2910
1583
-157
-2444
-4593
-6250
-6342
-6170
-6199
-6349
-6228
-5403
-3783
-2804
-2101
-1816
-1422
-842
-177
35
321
672
1178
2280
3353
4598
5993
7661
9324
11034
12045
12981
13668
13694
13041
11421
9350
7255
4791
1952
-1148
-4314
-6807
-8392
-9521
-10184
-10610
-10330
-8978
-7074
-5183
-3408
-1915
-338
1387
2621
3225
2843
1783
416
-1027
-2745
-4956
-7337
-9731
-11267
-12742
-13134
-12936
-11717
-9328
-7116
-4178
-1242
2543
6114
9507
11238
12793
13275
13689
13794
12440
10392
7316
4549
2399
485
-2064
-4540
-7033
-8105
-8240
-8499
-8767
-8979
-8461
-6933
-5505
-4578
-4086
-3461
-2626
-1651
-1055
-705
-256
240
1156
2322
3668
5285
6960
8713
10644
12301
13807
14914
15377
15352
14549
13028
11085
8678
6016
2838
-525
-3713
-6076
-7877
-9362
-10732
-11466
-11114
-9972
-8458
-7014
-5546
-4038
-2199
-449
1079
1744
1547
877
-112
-1033
-2411
-4271
-6577
-8536
-10376
-11245
-11277
-10734
-9131
-7732
-5539
-2717
799
4310
7609
9538
11509
12661
13465
14018
13124
11751
9313
6773
4680
2754
361
-2226
-5095
-6912
-7808
-8416
-9142
-9874
-10187
-9465
-8308
-7464
-6678
-6088
-5229
-4238
-3352
-2603
-1472
-763
220
1203
2444
4359
6215
8020
9656
11301
12811
14409
15202
15472
14917
13765
12163
10369
8187
5527
2653
-504
-2868
-4726
-6156
-7338
-8531
-9102
-8945
-8313
-7352
-6403
-5590
-4590
-3481
-2254
-1333
-1093
-1319
-1900
-2391
-3026
-3793
-5096
-6406
-8050
-8821
-8690
-7872
-6452
-5559
-4263
-2135
768
3827
6557
7658
9279
9976
10993
11600
10954
9943
8163
6296
5004
3636
1835
-109
-2529
-3970
-5042
-5915
-7152
-8135
-8822
-8732
-8446
-8474
-8258
-7661
-6978
-5996
-5382
-4517
-3032
-1795
-431
820
2342
4284
6325
7774
9256
10551
11743
12637
13038
12746
12286
10974
9434
8102
6286
4469
2182
12
-1232
-2149
-3013
-3825
-4740
-5188
-5218
-5073
-4803
-4515
-4602
-4531
-4248
-3734
-3375
-3339
-3892
-4232
-4426
-4452
-4485
-5070
-5935
-6797
-6424
-5585
-3842
-2990
-2434
-1314
606
3026
5492
6107
6680
7078
7377
8502
7965
7341
5891
4393
3424
2696
1659
665
-941
-2182
-2958
-3486
-4112
-5040
-5618
-6098
-5834
-6238
-6600
-6480
-6200
-5397
-5055
-4918
-3818
-2466
-1011
481
1474
3092
4977
6506
7873
8813
9346
9852
10010
9634
9112
7729
6254
4937
3663
2310
913
-663
-1384
-1772
-1946
-2020
-2330
-2516
-2577
-2490
-2376
-2193
-2506
-2732
-2974
-3008
-3040
-3173
-3623
-4088
-4580
-4743
-4784
-4860
-5326
-5773
-5282
-4261
-2134
-826
64
1372
2939
5263
7241
7344
7607
6988
6959
7207
6096
4797
2778
1154
210
-423
-1457
-2492
-3777
-4410
-4556
-4484
-5004
-5394
-5523
-5183
-4234
-4399
-4452
-4295
-3710
-2574
-2115
-1984
-1294
-397
1262
2660
3665
4640
5502
6749
7728
8442
8344
7733
7256
6504
5651
4343
2450
1145
-184
-1035
-1770
-2675
-3001
-3171
-2883
-2559
-2497
-2454
-2588
-2480
-2358
-2404
-2300
-2614
-2632
-2738
-2937
-2811
-2902
-2953
-2982
-3351
-3361
-3626
-4018
-3507
-2880
-1299
11
767
2235
3892
6059
8236
8613
8945
8575
8378
8588
7632
6065
3470
1263
-280
-1072
-2346
-3976
-5785
-6814
-7097
-6820
-7178
-7724
-7905
-7635
-6320
-5819
-5505
-5109
-4289
-2746
-1476
-663
323
1810
3871
5808
7428
8229
9057
9919
10338
10607
9608
8113
6890
5207
4009
2119
27
-1577
-2769
-3417
-3756
-4308
-4646
-4566
-4057
-3563
-3361
-3700
-4060
-3777
-3691
-3393
-3677
-4097
-4103
-3932
-3801
-3615
-3812
-3789
-3493
-3366
-2957
-3180
-2880
-1977
-446
1834
3096
4296
5659
7389
10091
11563
11899
11454
10203
10134
9431
8449
6097
3206
779
-727
-1687
-2895
-4598
-6286
-7375
-7927
-8108
-8931
-9308
-10085
-9823
-9594
-9387
-8878
-8377
-7121
-5463
-3954
-2245
-145
2509
5690
8312
10255
11530
12874
13699
14056
13232
11453
9710
7686
5808
3767
1354
-735
-2171
-3308
-3615
-4328
-4876
-5278
-5480
-5301
-5197
-5466
-5955
-6341
-6422
-5861
-5423
-5213
-5444
-5418
-5176
-4555
-4399
-4603
-4914
-5083
-4979
-4939
-4175
-3031
-589
1728
3562
5898
7982
11003
13662
14655
15344
14585
14037
13245
11805
9843
7165
4330
1913
260
-1211
-2586
-4037
-5368
-6388
-6786
-7864
-8344
-9212
-9690
-9756
-10278
-10564
-10358
-9903
-8551
-7287
-6114
-3885
-1553
1827
4538
6767
8643
10266
11789
12396
12316
11501
10267
9262
7722
6468
4789
2932
1759
551
94
-757
-1858
-2910
-4012
-4798
-5562
-6519
-7232
-8028
-8427
-8328
-7942
-7163
-6847
-6397
-6096
-5665
-5033
-4979
-5083
-5502
-6131
-6543
-5938
-4748
-2139
0
1639
4021
6162
9772
12550
13925
14361
13784
13439
13137
12204
10450
8187
5712
4119
3016
2118
867
-393
-1719
-2474
-3265
-4634
-5903
-7260
-8108
-8600
-9499
-10070
-10009
-9509
-8131
-7007
-5105
-3087
-326
1955
3874
5586
6359
7544
7869
7698
7184
5838
4820
4454
4057
4016
3105
2303
2020
2141
2246
1742
628
-841
-2091
-3306
-4177
-5008
-5770
-6762
-7112
-7209
-6404
-5749
-5760
-5898
-6178
-5979
-5746
-5828
-6393
-7037
-7951
-7200
-5902
-3094
-528
1148
3525
5541
8928
11406
12675
12626
11619
10579
9771
8587
7088
5019
3050
1952
1437
1774
1647
1698
1248
1021
526
-467
-1614
-2845
-4079
-5027
-6326
-7143
-7030
-6407
-5038
-3722
-2104
-48
2058
3544
4943
5400
5548
5030
4050
3053
2364
1195
286
-200
-282
554
826
898
952
855
654
135
-1103
-2193
-3353
-4257
-4827
-5088
-4898
-4335
-3713
-3181
-2713
-2426
-2290
-2524
-3230
-4373
-5445
-6672
-7436
-8498
-8674
-7721
-5654
-2068
368
3307
5416
8123
10879
12231
12347
10969
9005
7334
5891
4163
2683
717
-193
-545
-13
408
788
807
734
343
-756
-2287
-3424
-4079
-3837
-3758
-4107
-3354
-2105
1006
3771
5784
6956
7329
7739
7605
6975
5378
3049
637
-1314
-2123
-2159
-2162
-1956
-1995
-1388
-725
-406
-470
-1408
-2497
-3933
-5240
-6108
-6484
-6272
-5602
-4779
-3420
-2171
-762
176
460
236
-732
-1793
-3033
-4280
-5425
-6827
-7756
-8608
-7730
-5641
-2465
1121
2939
5069
6352
8451
10086
10167
8778
6612
4474
3725
3295
2828
2196
1151
1248
1669
2491
2188
1390
-239
-1669
-3359
-5379
-7241
-7767
-7293
-5419
-3958
-2335
206
3511
7556
10136
11431
10974
10635
9648
8631
6890
4547
2340
730
-394
-462
-471
-523
-497
-1173
-1653
-2646
-3823
-5185
-6457
-7725
-8621
-9139
-8842
-7579
-5700
-3973
-2281
-989
95
846
775
167
-703
-1806
-2831
-3831
-4577
-5005
-5241
-5647
-5289
-3562
-1162
2350
3621
4728
4941
5469
6645
6625
5931
4257
2578
1816
2112
2555
3071
2707
2498
2181
2315
1759
853
-783
-2775
-4794
-7008
-8425
-8229
-6920
-4850
-3019
-1706
667
3607
6947
9360
9952
9406
8833
8427
8466
8091
7079
5730
4634
4017
3894
3603
2512
1107
-474
-1983
-3261
-5048
-6713
-8020
-8886
-9232
-9370
-9097
-8074
-6772
-5360
-4292
-3426
-2608
-2040
-1771
-1887
-1978
-2088
-2094
-2177
-2185
-2406
-2490
-2970
-2582
-1093
935
3737
4750
5527
5746
6151
7029
6875
5887
4132
2181
893
525
254
318
-288
-559
-772
-597
-748
-1240
-1962
-3052
-4193
-5693
-6858
-6576
-5305
-3219
-1482
-143
1726
3875
6457
8066
8839
8480
7851
7373
7102
7022
6581
5630
4909
4447
4448
4396
3503
2462
1141
-167
-1593
-3355
-4888
-6191
-7132
-7945
-8347
-8208
-7610
-6649
-5855
-5175
-4577
-4276
-3883
-3456
-3136
-2907
-3219
-3516
-3345
-2947
-2717
-2828
-3133
-1850
265
3319
5548
6592
7374
7533
8153
8073
7497
6100
4298
2287
1092
430
247
-172
-907
-1554
-1891
-2096
-2719
-3315
-4329
-5186
-6334
-7442
-7531
-6258
-4064
-1449
287
1862
3377
4889
6390
7070
7077
6280
5475
4963
5160
5575
5583
5158
4554
4148
4186
3856
2961
1725
29
-1261
-2475
-3359
-3972
-4637
-5303
-5733
-5907
-5553
-5134
-4819
-4691
-4650
-4401
-4147
-3457
-3035
-2550
-2519
-2659
-2664
-2630
-2691
-3069
-3599
-2842
-1150
1648
4018
5122
6195
6612
7791
8280
8018
6787
5198
3457
2566
1851
1355
742
-190
-893
-1409
-1824
-2544
-3257
-4507
-5401
-6611
-7257
-7071
-5588
-3525
-1088
602
2041
3329
4246
4997
5093
4717
4036
3428
3019
3336
3703
3901
3602
3194
2834
2789
2321
1374
281
-1033
-1776
-2490
-2980
-3353
-3660
-3836
-3883
-3902
-3920
-4080
-4234
-4358
-4277
-3935
-3651
-3073
-2617
-1926
-1263
-926
-625
-973
-1226
-1722
-1381
-30
1621
4082
4752
5691
5689
6093
6737
6419
5556
3945
2525
1724
1666
1293
1204
384
-51
-702
-1122
-1992
-2602
-3527
-4565
-5482
-6414
-6062
-4562
-2478
-264
1289
2277
3413
3990
4488
4368
3796
3024
2425
2119
2341
2936
3182
3110
2583
1754
1173
449
-526
-1337
-2470
-3258
-3836
-4266
-4039
-3845
-3606
-3602
-3636
-3616
-3413
-3484
-3798
-4100
-4272
-3980
-3570
-2960
-2458
-1790
-1409
-1046
-1096
-1134
-1256
-717
964
2851
5745
6809
7914
7966
8030
8331
7755
6751
5085
3439
2066
1560
857
671
-144
-781
-1753
-2493
-3518
-4135
-4759
-5398
-5756
-6133
-5520
-3780
-1384
1171
3153
4009
4708
4787
4970
4775
4341
3533
2924
2531
2547
3038
3220
3087
2353
1098
-197
-1379
-2554
-3238
-4059
-4648
-4979
-5260
-4950
-4534
-4089
-3832
-4008
-4432
-4803
-4986
-4869
-4662
-4395
-4073
-3543
-2805
-2034
-1190
-667
-388
-722
-1195
-1868
-1191
145
2462
5223
6300
7747
7491
7911
8416
8496
8113
6827
4930
3840
3411
3264
3100
1704
415
-1067
-1926
-3096
-3994
-5226
-5901
-6093
-5993
-5167
-3824
-2018
294
2024
3157
3573
3253
3207
3337
3834
4306
4553
4552
4737
5105
5368
5154
4006
2161
150
-1775
-3286
-4248
-4839
-4959
-5070
-5153
-5070
-4773
-4319
-4232
-4636
-5590
-6367
-6914
-6869
-6427
-5783
-5000
-4264
-3668
-2851
-2056
-1214
-808
-1000
-1579
-1807
-859
663
3901
5740
7505
7739
7055
7291
7161
7519
7247
6119
4868
4346
3805
4196
3654
2855
1577
150
-1409
-2833
-4199
-5230
-5250
-5053
-4273
-3307
-2423
-844
816
1962
2635
1895
1057
440
458
1262
2343
3434
4264
4937
5445
5802
5758
4754
3101
1073
-825
-2074
-3012
-3542
-3686
-3636
-3229
-2993
-2968
-3301
-3824
-4507
-5151
-5982
-6636
-6980
-6858
-6228
-5531
-4972
-4461
-3931
-3274
-2709
-2476
-2693
-2623
-2016
-657
2158
4166
6538
7021
6539
6106
5294
5471
5662
5264
4956
4642
4403
5003
4689
4392
3324
1992
483
-1019
-2525
-3829
-4479
-4595
-3816
-2420
-1131
307
1330
1987
2493
2015
1221
150
-531
-307
451
1500
2508
3386
4153
4585
4619
3898
2684
1148
-511
-1668
-2569
-2931
-2977
-3019
-2701
-2481
-2127
-2127
-2379
-2951
-3503
-4053
-4374
-4304
-3919
-3199
-2546
-2053
-1728
-1486
-1312
-1178
-1303
-1427
-1451
-1185
-493
720
2097
3376
3967
3630
2778
1465
411
-418
-927
-989
-808
-275
318
729
752
342
-331
-909
-1390
-1766
-1960
-1993
-1458
-653
279
1126
1786
2561
3205
3672
3717
3326
2821
2472
2254
2568
2833
3120
3199
2863
2700
2429
2212
1782
1119
408
-167
-561
-834
-1122
-1506
-1929
-2189
-2265
-2066
-1915
-1954
-2097
-2294
-2283
-2105
-1775
-1282
-770
-350
-94
-139
-216
-380
-545
-556
-464
-34
595
1204
1695
1911
1797
1487
924
280
-410
-1043
-1480
-1725
-1767
-1734
-1751
-1849
-2038
-2218
-2345
-2483
-2670
-3051
-3428
-3632
-3623
-3228
-2687
-1976
-1080
-115
961
1977
2726
3179
3410
3415
3561
3645
3767
3907
4002
4141
4238
4205
3952
3536
2967
2382
1870
1407
1095
832
571
208
-205
-743
-1234
-1681
-2105
-2397
-2782
-2982
-2989
-2777
-2488
-2277
-2243
-2107
-1911
-1588
-1266
-1026
-710
-281
262
827
1373
1792
2241
2525
2631
2449
1941
1228
419
-295
-773
-971
-1038
-964
-939
-867
-888
-1051
-1205
-1549
-1860
-2221
-2644
-2874
-2960
-2753
-2348
-1989
-1517
-1077
-509
84
531
819
902
997
1130
1430
1770
2063
2272
2403
2571
2788
2957
3022
2885
2604
2261
1935
1669
1364
1005
575
222
-51
-184
-344
-472
-755
-996
-1305
-1559
-1692
-1764
-1680
-1681
-1623
-1648
-1532
-1384
-1167
-1029
-939
-844
-519
-9
738
1466
1936
2143
1983
1731
1417
1112
844
664
575
612
628
580
425
116
-314
-793
-1252
-1501
-1642
-1727
-1839
-1959
-1974
-1838
-1612
-1354
-1107
-869
-568
-290
-26
111
104
37
-8
40
206
397
609
766
877
895
890
993
1116
1336
1337
1224
1036
816
618
301
-49
-310
-402
-306
-139
-76
-18
-69
-25
-23
-98
-351
-868
-1445
-1943
-2027
-1675
-999
-322
142
231
182
113
233
495
747
912
948
916
871
797
662
534
371
377
496
732
923
978
814
516
234
68
81
177
181
26
-284
-658
-886
-982
-900
-736
-555
-379
-267
-260
-369
-569
-779
-865
-802
-551
-243
142
453
711
942
1151
1462
1726
1966
2014
1853
1444
833
147
-413
-633
-537
-203
81
158
-26
-447
-902
-1236
-1447
-1479
-1485
-1424
-1317
-1156
-1024
-992
-1019
-1055
-981
-814
-584
-374
-266
-213
-228
-270
-191
-127
0
44
-52
-129
-251
-189
-44
201
533
796
1163
1352
1561
1503
1220
815
462
327
316
369
251
147
-58
-131
-256
-384
-593
-793
-944
-1031
-1033
-1049
-900
-648
-84
446
960
1249
1396
1618
1703
1837
1731
1542
1331
1170
1161
1260
1347
1351
1171
917
689
539
515
448
425
320
221
128
-6
-85
-248
-526
-867
-1247
-1389
-1337
-1199
-1099
-1166
-1299
-1484
-1645
-1773
-1850
-1915
-1965
-2039
-2052
-1979
-1785
-1572
-1371
-1172
-985
-675
-396
-110
62
90
48
-54
-117
-113
-138
-115
-154
-157
-149
-199
-217
-318
-316
-364
-308
-314
-309
-258
-124
252
764
1378
1960
2444
2777
3044
3212
3317
3320
3236
3047
2913
2796
2762
2658
2455
2161
1866
1598
1350
1158
904
703
428
167
-120
-382
-572
-808
-1058
-1420
-1749
-1990
-2016
-1919
-1799
-1778
-1864
-1943
-1984
-1922
-1871
-1834
-1916
-2010
-2059
-1987
-1843
-1741
-1755
-1827
-1804
-1665
-1435
-1264
-1302
-1423
-1645
-1795
-1879
-1969
-1958
-1972
-1889
-1724
-1667
-1507
-1396
-1023
-355
439
1443
2028
2575
2634
2691
2804
2966
3482
3821
4198
4317
4270
4146
3917
3600
3276
2788
2479
2105
1837
1535
1086
744
341
175
88
28
-22
-145
-274
-385
-586
-817
-1085
-1200
-1132
-901
-603
-399
-253
-209
-233
-272
-458
-582
-731
-788
-750
-714
-600
-533
-521
-555
-677
-801
-901
-1003
-1083
-1213
-1361
-1533
-1758
-2043
-2339
-2702
-2957
-3163
-3202
-3227
-3242
-3292
-3352
-3361
-3233
-2974
-2542
-1901
-1218
-290
386
1132
1526
1891
2274
2645
3281
3780
4369
4675
4833
4803
4670
4425
4121
3593
3044
2426
1887
1523
1182
1044
836
716
484
195
-147
-504
-827
-1141
-1447
-1672
-1822
-1775
-1545
-1227
-790
-452
-123
110
313
526
632
721
678
605
554
499
509
517
538
620
611
605
504
317
111
-201
-464
-751
-1012
-1310
-1666
-2003
-2299
-2461
-2537
-2578
-2628
-2667
-2716
-2728
-2743
-2766
-2788
-2835
-2793
-2569
-2145
-1478
-747
-117
406
753
1090
1389
1657
1875
2009
2127
2223
2352
2457
2484
2420
2242
2063
1925
1843
1802
1698
1564
1404
1216
1033
797
522
223
-106
-382
-635
-824
-967
-1041
-1003
-857
-621
-335
-51
195
401
519
564
550
515
487
504
589
741
917
1058
1133
1110
1031
904
752
568
359
98
-156
-396
-600
-703
-803
-880
-968
-1063
-1112
-1163
-1264
-1407
-1566
-1664
-1650
-1530
-1382
-1251
-1196
-1160
-1136
-1065
-971
-873
-746
-657
-558
-475
-385
-277
-190
-126
-96
-77
-41
6
30
32
55
114
254
432
583
670
661
581
457
322
189
114
93
151
271
419
604
788
962
1086
1133
1139
1120
1119
1172
1255
1351
1417
1474
1517
1515
1482
1366
1186
979
764
589
445
297
148
-5
-160
-290
-435
-579
-719
-865
-956
-1028
-1080
-1104
-1146
-1150
-1147
-1122
-1046
-968
-891
-838
-785
-724
-645
-549
-469
-397
-325
-232
-115
-14
83
125
120
84
9
-58
-119
-164
-206
-233
-250
-226
-192
-163
-182
-292
-434
-563
-643
-634
-577
-533
-495
-451
-348
-174
28
191
263
259
254
290
384
486
540
528
479
447
461
511
541
526
461
393
382
425
488
547
566
590
640
712
809
869
857
793
689
589
528
455
382
292
174
78
-23
-104
-171
-280
-380
-478
-519
-505
-483
-466
-492
-498
-492
-447
-392
-343
-282
-226
-164
-85
-9
76
138
193
245
262
237
156
22
-123
-250
-364
-428
-488
-544
-592
-632
-618
-563
-473
-407
-386
-404
-439
-434
-407
-382
-358
-353
-328
-294
-237
-148
-97
-85
-137
-212
-246
-205
-123
-30
38
86
173
301
473
633
755
850
922
1002
1091
1172
1226
1213
1141
1038
918
796
657
509
362
245
186
169
167
120
36
-94
-221
-321
-387
-427
-469
-492
-517
-514
-479
-425
-369
-330
-303
-287
-284
-305
-350
-407
-448
-465
-457
-418
-359
-300
-239
-177
-112
-57
-32
-50
-102
-150
-177
-147
-68
23
115
178
202
188
134
29
-131
-295
-415
-438
-391
-332
-314
-361
-456
-531
-556
-527
-445
-355
-250
-174
-93
-46
8
70
175
325
470
608
690
742
777
821
863
892
923
949
972
973
943
870
767
656
551
468
382
288
199
107
24
-62
-163
-272
-400
-501
-570
-589
-582
-580
-586
-601
-611
-585
-529
-446
-357
-284
-247
-236
-221
-200
-149
-83
1
73
133
164
161
141
109
81
35
1
-32
-57
-82
-116
-179
-254
-309
-329
-309
-272
-239
-232
-242
-264
-301
-337
-380
-404
-391
-363
-302
-257
-229
-209
-181
-110
-5
140
287
397
482
541
610
700
806
906
973
1002
987
937
887
822
753
661
542
407
254
115
-23
-130
-222
-311
-387
-454
-493
-511
-509
-494
-491
-495
-507
-516
-506
-468
-400
-323
-245
-169
-97
-27
28
72
98
112
128
161
213
266
283
245
174
86
19
-28
-60
-84
-115
-143
-173
-205
-240
-287
-342
-393
-437
-462
-476
-472
-455
-422
-373
-319
-262
-206
-148
-95
-39
23
90
159
228
298
374
454
533
590
619
628
615
601
573
543
496
442
389
335
294
251
207
152
84
27
-28
-69
-99
-128
-162
-199
-241
-273
-295
-301
-290
-260
-215
-168
-126
-103
-79
-52
-23
6
28
45
71
94
110
111
94
72
49
32
26
23
15
-3
-39
-82
-138
-196
-258
-313
-348
-375
-384
-386
-377
-360
-343
-328
-315
-291
-242
-179
-89
0
83
148
186
220
239
258
259
246
229
214
209
212
212
201
179
147
116
86
61
42
29
28
37
53
63
66
49
17
-27
-73
-112
-136
-149
-147
-132
-102
-61
-20
17
57
97
138
172
188
188
183
174
173
180
197
230
262
299
316
318
297
260
210
145
70
-16
-95
-155
-191
-207
-215
-218
-217
-211
-205
-212
-228
-247
-254
-247
-224
-192
-158
-125
-101
-79
-70
-64
-67
-75
-86
-99
-114
-139
-168
-203
-235
-260
-270
-267
-252
-233
-213
-182
-144
-95
-49
-11
14
26
36
41
42
38
30
28
31
48
72
113
156
202
237
262
273
270
264
255
250
248
254
267
294
331
371
395
404
395
375
348
315
269
211
155
112
92
86
95
98
106
104
101
82
50
11
-30
-60
-89
-109
-124
-136
-154
-182
-220
-259
-288
-306
-318
-335
-361
-396
-424
-451
-471
-494
-512
-525
-519
-495
-453
-406
-359
-311
-272
-229
-196
-164
-133
-97
-55
-18
14
27
32
34
43
64
91
120
148
170
194
215
234
255
273
292
304
322
341
369
399
426
446
449
442
422
398
366
334
300
269
243
227
229
245
268
286
291
280
265
249
233
212
185
162
146
130
108
70
18
-37
-84
-127
-169
-220
-284
-353
-422
-483
-538
-585
-625
-655
-672
-676
-664
-647
-627
-614
-599
-582
-554
-515
-465
-409
-353
-297
-246
-193
-142
-89
-39
10
53
90
124
154
191
231
271
304
326
339
348
364
385
406
424
432
429
415
391
353
304
251
203
168
145
136
133
136
145
158
173
186
199
210
221
232
240
248
256
269
281
291
294
291
287
280
265
235
191
136
76
14
-52
-122
-197
-269
-335
-394
-447
-498
-544
-585
-615
-631
-638
-629
-613
-587
-555
-518
-484
-450
-409
-363
-302
-233
-166
-107
-68
-38
-13
18
57
100
141
175
206
229
251
268
279
285
283
277
264
247
223
195
168
141
119
96
74
51
31
19
17
21
25
28
30
36
50
72
99
127
156
183
211
235
258
279
298
314
326
331
328
317
298
268
226
178
126
75
32
-10
-52
-96
-142
-183
-217
-247
-277
-305
-331
-351
-364
-372
-377
-376
-369
-355
-332
-309
-286
-265
-244
-220
-193
-165
-137
-108
-78
-46
-16
13
36
54
62
69
71
69
66
59
54
47
44
40
38
34
27
17
5
-6
-11
-11
-6
1
10
15
23
29
38
47
59
72
85
106
128
155
180
202
214
219
217
211
205
199
194
186
177
168
158
148
136
120
100
81
62
48
36
28
18
7
-6
-19
-33
-48
-63
-80
-96
-111
-122
-129
-129
-132
-132
-132
-125
-115
-98
-83
-71
-65
-64
-61
-60
-56
-55
-50
-48
-45
-44
-45
-49
-58
-64
-74
-83
-97
-108
-120
-126
-132
-135
-141
-146
-145
-142
-134
-127
-119
-110
-98
-78
-56
-34
-17
-1
11
23
36
51
66
83
99
114
127
134
137
140
139
138
131
125
120
123
131
142
150
154
155
157
162
166
170
170
166
159
151
140
126
109
92
78
67
56
44
27
8
-5
-13
-15
-20
-24
-35
-41
-48
-52
-61
-71
-82
-90
-95
-98
-101
-108
-115
-123
-128
-135
-144
-155
-167
-180
-191
-199
-203
-201
-194
-181
-166
-152
-140
-134
-132
-127
-121
-109
-94
-78
-59
-43
-26
-10
10
27
41
46
48
48
50
56
68
81
95
110
126
142
157
170
181
192
199
208
212
215
216
215
211
204
194
180
163
144
125
105
83
62
44
29
17
6
-6
-17
-30
-41
-48
-50
-49
-44
-40
-36
-33
-29
-27
-25
-28
-35
-47
-63
-79
-92
-102
-110
-115
-123
-130
-142
-156
-171
-184
-196
-204
-208
-207
-204
-196
-183
-169
-154
-141
-127
-114
-97
-81
-61
-44
-29
-13
5
26
49
70
91
109
124
138
151
162
170
177
184
191
196
199
199
196
191
182
171
158
142
124
104
85
65
45
25
6
-10
-25
-33
-38
-39
-38
-36
-34
-29
-26
-19
-10
-1
8
17
24
30
34
34
33
33
32
30
26
18
6
-9
-26
-43
-58
-77
-98
-119
-139
-154
-164
-170
-176
-183
-188
-188
-183
-173
-161
-148
-135
-120
-105
-86
-66
-48
-32
-18
-4
8
23
35
48
61
72
81
89
97
103
110
116
121
125
128
129
129
125
119
109
98
86
75
64
51
41
31
25
20
17
15
14
12
13
14
13
14
14
13
13
17
19
22
24
27
32
37
41
42
40
37
33
25
17
5
-6
-15
-22
-30
-40
-52
-66
-79
-90
-99
-105
-110
-114
-115
-113
-109
-103
-100
-98
-95
-91
-84
-76
-68
-60
-51
-42
-32
-23
-16
-11
-7
-3
1
8
14
23
30
38
46
51
56
59
62
63
67
70
74
75
77
77
78
78
77
75
73
69
66
62
57
51
45
40
34
28
22
15
9
3
0
-4
-7
-10
-14
-17
-19
-19
-17
-16
-15
-18
-21
-25
-28
-32
-36
-41
-46
-49
-54
-57
-58
-59
-58
-57
-55
-52
-50
-45
-41
-36
-34
-32
-30
-29
-28
-26
-25
-24
-22
-22
-18
-16
-13
-12
-10
-9
-8
-5
-2
1
4
10
14
18
24
31
39
47
57
66
73
78
81
82
83
81
77
72
67
62
57
53
48
41
34
29
25
20
15
8
2
-6
-11
-14
-18
-20
-24
-25
-26
-27
-29
-30
-32
-34
-35
-35
-37
-37
-38
-37
-35
-34
-32
-32
-27
-23
-18
-15
-13
-16
-17
-19
-19
-20
-21
-22
-24
-22
-20
-19
-19
-21
-24
-23
-22
-21
-19
-17
-14
-10
-4
4
11
17
25
33
41
49
54
57
57
56
54
52
50
45
39
32
27
20
13
7
2
-3
-6
-9
-12
-14
-15
-16
-18
-18
-18
-18
-18
-18
-18
-18
-18
-18
-16
-14
-10
-6
-2
1
3
5
6
6
4
4
4
5
7
9
8
7
5
2
-2
-7
-11
-16
-18
-18
-20
-21
-21
-23
-24
-23
-24
-25
-22
-21
-19
-15
-11
-6
0
7
15
21
27
32
37
41
44
45
46
46
46
46
44
40
35
29
24
18
13
7
2
-3
-6
-7
-9
-11
-14
-17
-19
-20
-22
-24
-25
-28
-26
-24
-20
-15
-12
-6
-3
1
3
3
2
-1
-4
-5
-6
-6
-5
-7
-5
-6
-7
-9
-11
-15
-19
-22
-25
-26
-26
-27
-28
-26
-27
-26
-26
-27
-26
-25
-25
-24
-21
-17
-12
-5
3
11
19
26
31
36
37
40
42
45
47
50
52
52
50
47
44
40
34
29
24
22
18
15
12
8
4
2
0
-3
-6
-8
-8
-10
-10
-12
-12
-13
-13
-12
-11
-11
-11
-11
-10
-8
-8
-7
-8
-9
-9
-9
-11
-12
-14
-15
-15
-15
-16
-17
-18
-19
-20
-20
-21
-22
-24
-23
-23
-23
-23
-23
-23
-23
-21
-17
-14
-10
-7
-2
3
7
12
16
19
22
26
31
35
37
39
40
42
41
42
41
40
38
36
33
31
27
23
19
16
13
9
6
4
1
0
-2
-6
-9
-13
-16
-20
-24
-27
-28
-31
-31
-32
-32
-33
-34
-34
-34
-33
-33
-30
-28
-25
-23
-21
-20
-20
-19
-17
-16
-14
-13
-12
-11
-10
-9
-9
-9
-9
-8
-5
-3
0
3
7
11
16
22
26
31
33
37
41
45
49
52
55
57
60
63
62
63
61
59
55
51
47
41
34
29
23
17
10
4
-3
-8
-15
-21
-27
-33
-38
-43
-48
-52
-56
-59
-62
-65
-66
-67
-67
-65
-63
-61
-57
-53
-51
-46
-40
-35
-31
-26
-22
-17
-13
-10
-7
-6
-6
-6
-4
-3
-2
1
3
5
7
9
10
13
15
19
23
27
32
35
40
42
44
47
48
50
54
57
60
62
65
66
67
66
64
62
60
57
54
50
48
44
40
35
30
24
17
11
3
-4
-12
-19
-25
-32
-38
-45
-50
-57
-64
-70
-74
-77
-80
-81
-81
-81
-79
-78
-76
-73
-71
-67
-63
-60
-55
-50
-46
-41
-37
-33
-30
-26
-22
-17
-12
-7
-3
2
6
11
15
18
22
27
31
36
40
44
47
49
52
55
57
59
62
63
64
64
64
63
62
61
60
59
57
56
55
53
51
48
45
43
40
38
33
29
25
20
14
9
1
-5
-11
-18
-24
-30
-36
-42
-47
-50
-53
-55
-57
-59
-61
-62
-63
-65
-66
-66
-66
-65
-63
-61
-59
-57
-55
-54
-52
-51
-48
-47
-44
-41
-36
-30
-25
-19
-13
-8
-1
5
11
16
23
28
33
39
44
48
54
59
63
67
71
72
72
71
68
66
62
58
55
52
49
45
40
35
31
27
22
19
17
13
11
8
4
4
0
-3
-6
-9
-11
-15
-18
-20
-23
-26
-27
-29
-30
-32
-34
-35
-37
-39
-41
-42
-43
-43
-43
-41
-40
-39
-39
-38
-36
-36
-34
-33
-31
-28
-26
-23
-20
-17
-15
-10
-7
-2
3
7
10
13
16
18
21
24
25
29
31
33
33
35
35
35
35
34
32
29
27
24
22
19
16
13
12
9
7
5
4
1
0
-1
-1
-1
0
2
3
4
6
5
5
5
6
5
5
7
6
6
6
3
2
0
-1
-4
-5
-6
-7
-7
-8
-10
-10
-12
-13
-15
-16
-16
-17
-18
-20
-21
-22
-22
-22
-22
-20
-20
-18
-17
-16
-13
-12
-11
-7
-5
-2
1
4
7
8
11
12
13
14
14
15
15
14
13
12
12
11
10
8
7
6
4
4
2
1
1
0
1
1
2
3
3
4
4
3
4
4
4
5
5
5
4
4
4
5
4
5
6
7
7
6
6
6
4
3
3
1
0
-2
-3
-3
-4
-7
-7
-9
-10
-10
-11
-12
-11
-13
-13
-13
-12
-11
-10
-9
-8
-7
-7
-6
-6
-4
-4
-4
-2
-2
0
1
1
2
3
4
3
4
3
4
4
4
4
5
5
7
7
8
9
8
7
6
5
4
3
2
2
1
0
1
0
-2
-2
-2
-2
-1
-1
0
0
0
1
2
3
3
5
5
5
6
6
5
5
5
4
3
2
2
1
0
-2
-3
-3
-5
-5
-5
-5
-5
-5
-6
-6
-5
-6
-5
-3
-3
-2
-2
-1
-2
-1
-1
-2
-1
-2
-2
-3
-3
-3
-3
-4
-3
-4
-2
-2
-2
-1
-1
-1
0
0
1
2
3
3
4
4
3
2
3
3
3
2
2
2
2
2
1
2
1
1
1
1
1
2
2
2
3
3
3
4
4
5
4
4
4
3
3
2
0
0
0
0
-1
-1
-2
-2
-4
-4
-4
-4
-4
-4
-4
-3
-4
-4
-3
-3
-3
-2
-2
-1
-2
-2
-2
-1
-1
-1
-1
0
0
0
-1
-1
0
-1
0
0
0
-1
-1
-1
0
-1
-1
-2
-1
-1
-1
-1
-1
-1
-1
0
0
0
0
0
1
2
2
2
4
4
4
5
5
5
5
5
6
6
5
5
5
4
4
4
4
3
2
2
2
1
1
0
0
-2
-1
-2
-3
-3
-2
-3
-4
-2
-4
-4
-4
-4
-4
-3
-4
-4
-3
-3
-3
-2
-2
-2
-2
-2
0
0
0
0
0
0
0
0
1
1
0
0
0
0
0
0
0
0
0
0
0
0
-1
-1
-1
0
0
0
0
0
1
0
0
0
1
0
1
1
0
0
1
1
2
1
1
1
1
2
1
0
1
2
1
1
1
1
1
1
1
1
-1
-1
0
-1
-1
-1
-1
-1
-2
-1
-1
-2
-1
0
-1
-1
-1
0
0
1
0
0
1
1
2
2
2
2
1
2
2
2
1
1
1
0
1
0
0
0
-1
-1
-1
-1
-2
-1
-1
-2
-2
-2
-2
-1
-1
-2
-1
-2
0
-2
0
0
0
0
0
0
1
1
0
1
0
0
1
1
1
1
1
1
1
1
1
1
0
1
0
1
1
1
1
0
0
0
0
0
0
0
0
0
0
0
0
0
0
0
0
0
0
-1
0
0
0
0
-1
0
-1
0
-1
0
0
0
0
0
0
0
0
-1
0
0
-1
0
-1
0
0
0
-1
0
0
0
-1
0
-1
-1
-1
-1
-1
0
0
0
0
0
-1
-1
0
0
0
-1
1
1
0
0
1
1
0
1
1
1
0
1
1
1
1
1
1
1
1
1
1
1
1
0
1
1
0
0
0
1
1
0
0
-1
-1
0
0
0
0
-1
0
0
0
0
0
1
0
0
0
0
0
0
0
0
-1
0
0
-1
0
-1
-1
0
0
0
0
-1
-1
0
0
-1
-1
-1
-1
0
-1
0
-1
0
0
0
0
0
1
1
0
0
1
0
0
0
0
0
0
0
1
0
1
1
0
1
0
0
0
0
0
-1
1
0
0
0
0
0
0
0
0
0
1
0
1
0
0
0
1
-1
0
0
0
0
0
0
-1
0
0
0
-1
0
0
0
0
0
0
0
0
0
0
0
0
-1
0
0
0
-1
-1
-1
-1
-1
-1
0
0
0
0
0
-1
0
0
0
0
0
0
0
-1
0
1
0
0
1
0
0
-1
0
-1
0
0
0
-1
0
1
-1
0
0
0
0
-1
0
1
0
-1
1
1
0
1
-1
0
0
1
0
0
-1
1
0
0
1
0
0
0
0
1
0
0
0
0
1
0
-1
0
-1
0
1
0
1
-1
0
1
0
0
0
0
0
-1
0
0
0
0
0
0
0
0
0
0
-1
0
1
0
1
0
-1
0
0
1
0
0
0
0
0
0
-1
0
-1
0
0
0
0
0
0
0
1
0
1
0
0
0
0
0
-1
0
0
0
0
0
-1
0
0
0
0
0
0
1
0
0
0
0
1
0
0
0
0
0
0
0
0
0
-1
0
1
0
0
0
0
0
0
0
0
0
0
0
0
0
0
0
-1
1
0
0
0
-1
0
0
0
1
0
0
0
-1
0
0
0
0
1
1
0
1
0
0
-1
0
-1
0
0
0
0
0
0
0
0
0
0
0
0
0
1
0
0
0
0
0
0
0
0
0
0
0
0
0
0
0
0
0
0
1
0
0
0
1
0
0
0
0
0
0
0
0
1
1
0
0
1
0
0
0
0
0
1
0
0
-1
1
0
-1
-1
0
0
0
0
0
1
0
1
0
0
0
1
0
-1
0
-1
0
0
-1
0
0
0
-1
0
0
0
0
0
0
0
0
1
-1
0
0
0
0
-1
0
0
0
0
0
1
0
0
0
0
0
0
0
0
1
1
0
0
0
0
0
0
0
0
0
1
0
-1
0
0
0
0
0
0
0
0
0
0
1
0
1
0
1
0
0
0
0
0
0
0
0
0
0
0
0
-1
0
0
0
-1
0
-1
0
0
0
0
0
0
0
-1
1
0
1
0
0
0
0
1
1
0
-1
0
1
-1
0
0
0
0
0
0
0
0
0
0
0
0
0
1
-1
0
0
0
0
0
0
0
-1
0
-1
0
0
0
0
0
-1
0
1
0
0
0
1
0
0
0
0
0
0
0
0
0
0
0
0
0
0
1
0
1
0
-1
-1
-1
0
0
0
0
0
0
0
-1
0
0
1
-1
0
1
0
0
0
0
0
0
0
-1
0
0
0
0
0
0
0
0
0
0
0
0
0
0
0
0
0
0
0
0
0
0
1
0
1
0
0
0
1
0
0
-1
1
0
-1
0
0
-1
0
0
0
0
-1
0
0
0
0
1
0
0
0
1
0
0
1
-1
0
0
0
0
0
0
-1
0
1
0
0
0
1
-1
0
0
0
-1
0
0
0
-1
0
1
0
-1
0
0
-1
-1
0
0
0
0
-1
-1
-1
0
0
0
0
0
0
0
0
0
1
0
-1
0
1
0
1
0
0
0
-1
0
0
0
0
0
0
-1
1
0
0
0
0
1
0
0
0
-1
0
1
0
0
0
0
0
0
0
0
0
0
-1
1
-1
0
1
0
0
0
0
0
0
0
0
0
0
0
0
0
0
0
1
0
0
0
0
-1
1
0
0
0
0
0
0
0
0
0
0
0
0
-1
0
0
0
-1
0
0
1
1
0
0
0
0
-1
0
1
0
-1
0
0
0
0
-1
0
0
0
0
0
-1
-1
0
0
0
0
1
0
0
0
0
-1
0
0
0
0
0
0
0
0
1
0
-1
0
0
-1
0
0
0
0
0
0
0
0
0
0
0
1
0
0
0
0
-1
-1
0
-1
0
0
0
-1
0
0
0
0
1
1
-1
0
0
-1
-1
0
0
-1
0
0
-1
0
0
-1
1
-1
0
0
-1
0
0
0
0
0
0
0
1
0
0
-1
1
1
0
0
0
0
0
0
0
0
0
1
0
0
0
0
0
0
-1
0
0
-1
0
0
1
0
0
1
0
0
0
1
0
0
0
0
0
0
1
-1
0
0
0
1
0
-1
0
0
0
0
0
-1
0
0
0
0
1
0
0
1
0
0
0
1
0
0
0
0
0
1
0
0
0
0
0
0
0
1
0
0
0
0
-1
0
0
-1
-1
0
-1
0
0
0
1
1
0
0
0
-1
1
0
0
0
0
1
0
1
0
0
1
1
0
0
0
0
0
-1
0
0
0
-1
0
0
1
0
0
0
0
1
0
1
0
0
0
0
-1
0
0
0
0
0
-1
0
0
0
1
1
0
0
-1
0
0
1
0
0
-1
1
0
0
0
0
-1
0
0
0
0
0
0
0
0
0
0
0
1
0
0
0
-1
0
1
0
0
1
-1
0
-1
-1
0
0
0
0
0
0
0
0
-1
0
-1
1
0
1
1
0
0
0
0
0
0
0
0
0
0
0
0
0
0
1
0
-1
0
0
0
0
0
0
-1
0
0
-1
0
0
0
0
0
0
0
1
1
0
0
0
0
0
0
0
-1
0
0
0
0
0
0
-1
-1
0
0
0
0
0
1
0
1
-1
0
0
-1
0
0
0
1
0
0
0
0
0
0
0
1
0
1
0
0
0
-1
-1
0
0
0
0
1
0
-1
0
0
0
0
1
0
-1
0
0
0
0
0
1
0
0
0
0
0
0
0
0
0
0
1
0
0
0
0
0
0
0
0
0
0
0
0
0
-1
-1
0
0
0
0
0
0
-1
0
0
-1
0
0
0
0
0
0
0
0
0
0
0
0
0
0
0
0
0
-1
0
0
1
0
0
-1
1
0
0
0
0
0
0
0
0
0
0
-1
1
0
0
-1
0
0
0
1
0
-1
0
0
0
0
0
0
0
1
-1
0
-1
0
-1
-1
0
0
0
1
0
0
0
0
0
1
0
-1
-1
0
0
0
0
0
0
0
-1
0
-1
0
1
0
0
0
0
1
0
0
0
0
0
-1
-1
0
0
0
0
-1
0
1
0
1
0
0
0
0
-1
0
0
0
-1
0
0
0
0
0
0
0
0
-1
0
0
0
1
0
1
0
-1
0
1
0
0
-1
0
0
0
0
0
0
1
0
1
0
0
0
0
0
1
0
1
0
0
0
1
0
0
0
0
0
-1
0
0
0
0
0
0
0
0
0
-1
0
0
0
0
0
0
0
0
0
0
1
0
1
0
0
1
0
0
1
0
0
1
0
0
1
0
0
0
0
0
0
0
0
0
0
0
1
0
0
-1
0
0
-1
0
-1
0
0
1
1
0
0
0
-1
0
0
0
0
0
0
1
0
0
-1
0
0
0
0
-1
0
1
0
0
0
0
0
-1
0
0
0
0
0
0
0
1
0
0
0
0
0
-1
0
0
0
0
0
1
0
0
0
0
0
0
0
1
0
-1
0
-1
1
0
0
0
0
-1
0
-1
0
0
0
0
-1
1
0
0
0
1
0
-1
0
1
1
0
-1
0
0
0
0
0
0
0
0
-1
0
0
0
0
1
-1
0
0
-1
0
0
0
0
0
1
1
0
0
0
-1
-1
0
0
0
1
0
0
0
0
0
0
1
0
0
-1
0
0
1
0
0
0
0
0
1
0
0
-1
0
0
0
0
0
0
0
0
1
0
0
0
0
0
0
0
0
1
0
0
0
0
0
0
-1
0
0
0
0
1
0
0
1
0
0
0
1
-1
0
-1
0
0
0
1
0
0
0
0
0
0
1
0
0
0
0
0
0
0
0
0
-1
0
0
0
1
0
0
0
1
0
0
0
0
0
0
0
0
0
0
1
0
1
0
-1
0
0
-1
0
0
0
-1
0
0
0
-1
0
-1
1
-1
1
0
0
0
0
0
1
0
1
0
0
0
0
0
0
0
0
0
0
0
1
0
0
-1
0
0
0
0
0
0
0
0
0
0
-1
0
0
1
0
0
-1
0
0
0
0
0
0
0
0
-1
0
1
0
0
0
0
1
0
0
0
0
0
-1
0
0
-1
0
0
0
0
0
0
0
0
0
0
0
1
1
1
1
0
0
-1
1
0
0
0
0
0
0
0
0
0
0
0
0
1
0
0
1
0
1
0
0
1
0
0
0
0
1
0
0
-1
0
0
1
1
0
0
-1
0
-1
-1
0
0
0
1
1
0
-1
0
1
0
0
0
0
1
0
1
-1
0
1
0
0
0
-1
0
0
0
1
0
-1
0
-1
-1
0
0
1
0
0
0
1
1
0
0
1
1
-1
0
-1
0
0
0
1
0
0
0
0
-1
0
0
-1
0
0
-1
-1
1
0
0
0
0
-1
0
1
0
0
0
-1
1
0
1
0
1
-1
0
0
0
-1
0
0
0
0
0
0
0
0
0
0
0
0
0
0
0
0
0
1
0
0
0
0
1
0
0
0
0
0
0
0
0
0
0
0
0
0
0
0
0
0
0
0
0
1
0
0
0
0
-1
0
0
1
0
0
0
0
0
-1
0
0
0
0
0
0
-1
0
0
-1
0
0
0
-1
0
0
0
0
-1
0
0
0
0
0
0
0
0
0
0
0
0
0
0
0
-1
0
0
0
-1
0
-1
0
-1
0
0
0
0
1
0
0
0
0
-1
1
0
0
0
0
0
1
0
0
0
0
0
0
1
0
0
0
0
-1
0
-1
0
0
0
0
0
0
0
0
0
0
0
0
0
0
0
0
0
1
0
1
1
0
1
0
0
0
0
0
1
0
1
0
0
0
1
0
0
-1
0
0
1
0
-1
0
0
0
0
-1
-1
1
0
0
1
0
0
1
0
0
0
-1
1
0
0
0
0
0
0
-1
0
0
0
0
0
0
0
0
0
0
0
0
0
0
0
0
0
0
0
0
-1
0
-1
0
-1
0
0
0
0
0
-1
0
-1
1
0
0
0
0
0
-1
0
-1
0
-1
0
0
0
0
-1
0
-1
0
1
0
0
0
0
0
0
1
0
0
0
0
0
0
-1
0
0
0
0
0
0
0
0
1
0
1
1
0
0
0
0
0
0
0
0
0
0
1
0
1
0
0
0
0
0
0
0
1
0
0
0
1
0
1
1
0
0
0
0
-1
0
0
1
0
0
0
0
0
0
0
0
0
0
0
0
0
-1
0
0
0
0
0
0
0
0
0
-1
0
1
0
0
0
0
0
0
0
-1
1
0
0
0
1
0
1
0
0
0
0
0
0
0
-1
0
1
0
0
0
1
0
0
0
0
-1
1
1
0
0
1
0
0
0
0
0
0
0
0
-1
0
0
0
0
1
0
0
0
0
0
0
-1
-1
1
0
0
1
0
0
-1
0
-1
1
0
1
0
0
0
0
1
-1
0
0
