0
0
0
0
0
0
0
0
0
0
0
0
0
0
0
0
0
0
-1
0
0
0
0
0
0
0
-1
0
0
0
0
0
0
0
0
0
0
0
0
0
0
0
0
0
0
0
0
0
0
1
-1
0
0
0
0
0
0
0
1
0
0
0
0
0
-1
0
0
0
0
0
0
0
0
0
0
-1
-1
-1
-1
0
-1
0
0
0
0
0
0
-1
-1
0
-1
0
0
0
-1
0
0
0
0
0
0
0
1
0
0
0
0
0
0
0
0
0
0
1
1
0
0
0
0
0
0
0
0
0
0
0
1
0
0
0
0
0
1
1
0
0
0
0
0
-1
0
0
0
0
0
0
1
0
0
1
0
0
0
1
0
0
1
0
1
1
0
0
0
0
0
0
0
0
0
0
1
0
1
1
-1
0
0
0
0
0
0
0
0
0
0
0
1
0
0
1
0
0
0
1
0
0
0
-1
0
0
0
0
0
0
0
0
0
0
1
0
0
0
-1
-1
0
0
0
0
0
0
0
0
0
0
-1
0
1
0
0
0
0
0
0
0
-1
0
1
0
0
0
0
-1
0
-1
-1
0
0
0
0
1
0
0
0
0
0
0
0
0
1
1
0
1
-1
0
0
0
0
0
0
0
0
0
0
0
0
0
0
0
0
0
0
0
0
0
0
0
0
0
0
0
0
-1
1
0
1
0
0
1
0
0
0
0
0
1
-1
0
0
0
0
0
1
0
0
-1
0
0
0
0
1
0
0
1
-1
-1
0
0
0
0
0
0
0
0
0
0
0
-1
0
0
0
1
0
0
0
0
1
0
-1
-1
0
0
0
-1
0
0
0
0
0
-1
0
0
0
0
-1
0
0
0
0
0
0
0
0
0
0
0
0
0
0
-1
0
0
0
0
0
0
0
0
0
1
0
-1
0
0
0
0
0
0
0
0
0
0
0
0
0
0
0
0
0
0
0
-1
0
0
0
0
0
0
0
0
0
0
0
0
0
1
0
0
0
0
0
0
0
1
0
0
0
1
1
0
0
0
-1
1
1
0
0
0
0
0
0
0
1
0
0
0
1
0
0
0
0
0
-1
0
0
0
0
0
0
0
0
0
0
-1
-1
-1
0
0
0
0
-1
0
0
0
0
0
0
0
0
0
1
0
1
0
0
0
0
0
0
1
-1
0
1
-1
0
0
0
0
0
0
0
-1
0
0
0
-1
0
-1
0
0
0
0
0
-1
0
0
0
0
0
0
-1
0
0
0
0
0
0
0
0
-1
-1
0
0
0
0
0
1
0
0
0
0
0
-1
0
0
0
0
0
0
0
0
0
1
0
1
0
0
1
-1
1
0
0
0
-1
-1
0
0
0
-1
0
-1
0
0
0
-1
0
0
0
0
1
0
0
0
0
0
0
1
0
1
0
0
0
0
0
0
1
0
0
0
1
1
0
0
0
0
0
0
0
0
-1
1
0
0
0
0
0
0
0
1
0
0
-1
0
0
0
-1
-1
0
0
1
0
-1
0
0
0
0
0
0
-1
-1
0
0
-1
1
0
1
0
0
0
0
0
0
1
0
0
0
-1
0
0
0
0
0
1
-1
0
0
0
0
0
0
0
0
0
1
0
0
0
0
0
0
-1
0
0
-1
0
0
-1
0
0
0
0
0
0
0
0
1
0
0
-1
1
0
0
-1
-1
0
0
0
1
-1
0
0
0
-1
1
0
0
0
1
-1
0
0
0
0
0
0
0
0
0
0
0
-1
0
0
0
0
0
0
0
0
0
0
1
-1
0
0
-1
1
0
0
0
0
0
0
0
0
0
0
0
0
0
0
-1
0
0
0
0
0
0
0
-1
0
0
0
-1
0
0
-1
-1
0
0
0
0
0
1
1
-1
0
-1
0
0
0
0
0
0
0
0
1
0
0
0
0
-1
1
0
0
1
0
0
0
0
0
1
1
0
0
0
0
0
-1
0
-1
1
0
1
0
0
1
0
0
1
0
0
0
1
-1
-1
1
0
0
0
-1
0
0
1
0
0
0
0
0
0
-1
0
0
0
-1
0
0
1
1
-1
0
0
0
0
0
0
0
0
0
-1
1
0
0
1
0
0
0
0
1
-1
0
0
0
0
-1
1
0
0
-1
0
0
0
0
0
-1
0
-1
1
0
0
1
0
0
0
0
0
0
0
0
-1
0
0
0
1
0
1
0
0
0
0
-1
0
0
1
1
0
0
0
-1
-1
0
0
0
-1
0
0
1
0
1
0
0
1
0
0
1
0
0
0
0
0
0
0
0
0
0
0
-1
1
0
0
0
0
0
0
0
0
0
0
-1
0
-1
0
0
0
0
0
-1
0
0
0
1
0
0
0
0
0
0
0
0
0
-1
1
1
-1
0
0
0
0
0
0
0
0
0
0
0
0
0
-1
0
0
0
0
0
0
0
0
-1
0
0
0
0
-1
0
-1
0
0
0
0
0
-1
0
0
-1
0
0
0
1
0
0
0
0
0
0
1
0
0
0
0
0
1
0
0
0
1
1
0
0
0
0
0
0
0
0
1
1
1
0
0
-1
0
0
0
-1
-1
0
0
0
0
0
0
0
0
0
0
0
0
0
0
0
0
0
0
0
0
0
1
1
1
0
-1
0
0
0
0
0
0
1
-1
-1
0
0
0
0
0
1
0
-1
0
0
0
0
0
0
0
0
-1
0
0
0
0
1
0
0
0
0
0
-1
1
1
0
0
0
0
1
0
0
0
0
0
0
0
0
0
0
0
0
1
0
0
0
0
0
0
1
0
0
0
0
0
0
0
0
0
0
1
0
-1
0
0
0
0
-1
0
0
0
0
0
0
-1
0
0
-1
0
0
0
-1
1
0
0
0
0
0
0
0
0
0
0
0
0
0
-1
0
-1
0
0
0
0
0
0
0
0
0
1
0
0
0
0
0
0
0
0
0
0
0
1
0
0
0
0
0
0
0
0
0
-1
0
0
1
0
0
0
0
0
0
0
1
0
0
0
0
0
0
-1
0
1
0
0
0
0
0
0
0
0
-1
0
0
0
0
0
0
0
0
1
0
-1
0
1
0
0
-1
0
0
0
0
-1
0
0
0
0
1
0
0
0
0
0
0
0
0
-1
0
0
0
0
0
0
0
0
0
1
0
0
0
0
0
1
0
0
1
0
1
-1
0
0
0
0
0
0
0
0
-1
0
-1
-1
0
0
0
0
0
0
0
0
0
0
-1
0
-1
0
0
0
0
0
0
-1
0
0
0
0
0
0
0
0
0
0
0
0
0
0
0
0
0
1
1
0
-1
0
0
0
0
0
0
0
0
0
0
0
0
0
0
0
0
1
0
0
0
0
0
1
0
0
0
0
0
0
0
-1
-1
0
0
0
0
0
-1
-1
0
0
0
-1
1
0
0
-1
0
0
0
0
0
0
0
0
0
0
0
0
0
0
0
0
1
0
0
-1
0
0
0
0
0
0
1
0
0
-1
-1
0
0
0
0
-1
0
0
0
0
0
1
0
0
1
0
1
0
0
0
0
0
0
-1
0
0
0
0
0
0
1
0
0
0
0
0
0
-1
-1
0
-1
0
0
0
0
0
0
0
0
0
0
0
0
0
0
-1
0
0
0
0
1
0
0
0
0
0
0
0
0
0
0
-1
1
-1
0
0
0
0
0
0
0
0
1
0
1
0
0
0
1
-1
0
0
0
0
0
0
0
0
0
0
-1
0
0
0
0
1
1
0
1
0
0
0
0
0
0
0
0
0
0
-1
-1
-1
-1
0
0
0
0
0
-1
0
0
0
0
0
-1
0
-1
0
1
0
0
1
0
0
-1
0
-1
0
0
0
-1
0
1
-1
0
0
0
0
-1
0
1
0
-1
1
1
0
1
-1
0
0
1
0
0
-1
1
0
0
1
0
0
0
0
1
0
0
0
0
1
0
-1
0
-1
0
1
0
1
-1
0
1
0
0
0
0
0
-1
0
0
0
0
0
0
0
0
0
0
-1
0
1
0
1
0
-1
0
0
1
0
0
0
0
0
0
-1
0
-1
0
0
0
0
0
0
0
1
0
1
0
0
0
0
0
-1
0
0
0
0
0
-1
0
0
0
0
0
0
1
0
0
0
0
1
0
0
0
0
0
0
0
0
0
-1
0
1
0
0
0
0
0
0
0
0
0
0
0
0
0
0
0
-1
1
0
0
0
-1
0
0
0
1
0
0
0
-1
0
0
0
0
1
1
0
1
0
0
-1
0
-1
0
0
0
0
0
0
0
0
0
0
0
0
0
1
0
0
0
0
0
0
0
0
0
0
0
0
0
0
0
0
0
0
1
0
0
0
1
0
0
0
0
0
0
0
0
1
1
0
0
1
0
0
0
0
0
1
0
0
-1
1
0
-1
-1
0
0
0
0
0
1
0
1
0
0
0
1
0
-1
0
-1
0
0
-1
0
0
0
-1
0
0
0
0
0
0
0
0
1
-1
0
0
0
0
-1
0
0
0
0
0
1
0
0
0
0
0
0
0
0
1
1
0
0
0
0
0
0
0
1
0
1
0
-1
0
0
0
0
0
0
0
-1
1
0
0
1
0
1
-1
1
0
-1
1
-1
1
0
-1
0
1
0
-1
0
-1
2
-1
0
0
-2
1
-2
3
-2
-1
0
2
-3
0
1
-1
3
-1
-2
3
0
0
1
-2
1
2
-2
0
-1
1
0
-1
1
-4
4
0
-4
3
-1
-2
5
-3
-3
2
4
-6
-2
5
-1
-3
0
0
0
1
-3
1
0
1
-3
1
3
-3
-3
7
-2
-2
-2
3
5
-10
5
-1
3
-3
0
1
0
-1
1
3
-5
3
3
-8
3
0
-6
14
-10
-3
8
-2
-1
-1
0
-1
7
-7
3
1
-7
17
-16
3
5
-2
0
-4
5
-3
4
-8
9
1
-16
15
3
-15
11
-2
-6
12
-8
-4
11
-9
4
-1
-1
5
-5
4
4
-11
3
13
-11
-5
9
3
-8
4
-7
15
-18
11
-1
-10
15
-5
-10
10
5
-20
22
-7
-5
1
3
10
-23
15
2
-4
-5
3
4
-12
22
-21
-2
22
-11
-8
4
16
-19
3
2
12
-19
0
24
-28
15
-7
4
6
-13
6
7
-13
-1
14
-14
6
-7
10
5
-28
28
-13
0
8
-10
8
-9
8
-3
8
-24
24
6
-40
42
-15
-8
6
8
-10
-4
6
9
-10
-2
4
2
3
-16
22
-14
-7
28
-17
-19
28
0
-20
10
2
7
-11
-10
36
-30
0
14
-12
16
-21
6
10
-2
-10
0
17
-11
-15
24
1
-30
25
-2
-16
21
-20
10
12
-31
24
18
-54
27
36
-52
15
4
15
-16
-24
52
-32
-2
5
-12
47
-53
8
27
-29
36
-53
26
28
-49
23
-10
30
-18
-40
70
-29
-18
23
-41
73
-62
7
42
-59
42
-12
2
-6
-15
51
-33
-35
60
-30
1
7
-3
6
-12
3
2
13
-21
2
32
-47
34
3
-45
45
-4
-23
23
-21
10
14
-27
16
-6
1
-3
16
-27
33
-26
-6
43
-44
18
-6
-2
31
-53
36
-7
-27
67
-90
73
-32
-11
37
-53
68
-78
70
-12
-69
105
-89
73
-84
62
17
-91
103
-79
66
-41
-3
9
9
0
-34
64
-78
62
-11
-35
38
-46
93
-122
73
15
-61
49
-25
15
-11
17
-39
51
-26
-15
41
-32
-8
45
-58
49
-7
-40
50
-43
42
-32
-7
41
-61
90
-80
3
72
-79
35
2
-13
8
22
-56
70
-55
15
29
-67
89
-83
48
6
-45
43
-19
9
-19
2
49
-64
42
-30
14
28
-47
26
10
-51
72
-21
-73
129
-111
59
-1
-55
78
-59
27
0
-13
20
-17
5
-8
53
-100
102
-61
-30
131
-150
95
-43
-5
68
-102
56
38
-96
64
18
-91
147
-152
99
-16
-86
157
-144
71
5
-57
105
-113
22
107
-153
83
32
-89
82
-41
-32
109
-117
35
57
-80
17
60
-61
-31
107
-71
-10
35
-8
-9
0
26
-50
40
-31
44
-7
-100
151
-58
-61
43
31
-16
-74
133
-103
30
39
-45
2
-15
63
-70
58
-46
6
59
-96
79
-28
-31
52
-12
-48
34
67
-144
126
-34
-48
45
-2
4
-50
52
5
-2
-77
140
-114
-10
140
-193
178
-128
53
41
-116
144
-152
133
-54
-49
112
-105
58
-20
-20
55
-25
-36
27
41
-60
10
37
-50
25
18
-23
-6
29
-18
-34
81
-54
-24
34
56
-114
33
117
-167
67
45
-65
9
38
-8
-36
24
11
-39
61
-46
43
-89
98
-33
-39
60
-59
76
-35
-65
109
-95
59
-10
-39
61
-79
110
-83
20
-9
25
-40
39
7
-69
73
5
-74
73
-65
83
-79
24
47
-67
27
33
-42
-9
68
-115
140
-99
10
24
39
-119
121
-36
-68
106
-60
-10
30
18
-76
77
-22
-25
15
47
-115
113
-49
10
13
-66
95
-42
-53
119
-133
92
-21
-20
-2
34
-22
-39
116
-148
90
28
-114
125
-91
40
8
-72
135
-131
66
7
-40
16
35
-94
116
-59
-63
168
-173
89
-38
33
15
-79
117
-146
152
-102
6
90
-165
185
-84
-55
33
70
-44
-54
79
-58
58
-70
97
-138
117
-13
-77
107
-130
148
-101
7
58
-88
59
18
-70
87
-55
-21
82
-98
73
-61
78
-57
9
15
-66
129
-67
-62
83
-12
-43
92
-123
20
112
-112
81
-113
102
-47
46
-50
-47
157
-132
26
24
8
-29
17
-44
81
-79
22
76
-149
111
-25
-1
45
-138
156
-121
148
-147
43
65
-90
81
-105
121
-107
95
-74
26
5
3
-32
15
3
15
-28
50
-54
16
46
-73
14
100
-168
122
-20
-98
181
-123
-24
88
-22
-61
78
-53
9
25
-38
17
36
-72
42
-3
-19
8
20
13
-63
15
82
-95
98
-127
139
-128
50
121
-265
217
-35
-38
-23
61
-25
-29
72
-92
45
39
-69
-3
98
-102
24
64
-100
70
-62
38
24
-30
-36
77
-16
-33
59
-111
140
-106
19
30
-30
41
-43
41
-89
102
-44
6
30
-92
115
-71
-20
97
-75
45
-20
-13
34
-48
15
37
-42
10
24
-63
96
-57
-60
164
-150
14
141
-188
79
55
-97
6
87
-103
81
-42
-15
117
-120
29
51
-86
45
48
-103
82
-41
47
-37
-114
223
-145
-14
141
-172
67
97
-156
81
1
-54
120
-181
153
-61
-21
133
-195
149
-112
157
-154
39
56
-79
84
-127
159
-142
86
-9
-57
100
-96
46
58
-124
68
68
-171
140
-35
2
-8
-25
76
-100
81
-78
65
7
-103
119
-47
-43
58
14
-18
-52
56
43
-144
136
-20
-93
118
-59
-18
35
37
-153
204
-118
-31
125
-131
68
-28
52
-94
78
35
-163
215
-147
9
64
-3
-89
68
36
-127
229
-278
139
75
-110
-21
86
-41
-67
137
-103
34
-52
160
-202
83
151
-269
167
-37
-19
75
-112
60
41
-40
-46
84
-62
7
-8
80
-49
-126
294
-312
176
39
-185
158
-74
0
27
36
-139
182
-156
77
36
-142
194
-153
77
8
-49
58
-155
250
-207
35
164
-220
65
101
-106
13
108
-205
239
-194
100
-31
-82
204
-200
66
80
-134
93
-4
-79
113
-54
-12
5
-16
42
-28
16
-13
-26
85
-51
54
-163
248
-254
139
82
-315
384
-263
70
73
-93
32
22
-4
-88
106
24
-133
114
-34
-3
-15
41
-79
61
89
-214
217
-163
70
111
-254
222
-67
-62
107
-139
106
-7
-57
-21
161
-179
37
163
-263
146
46
-141
94
63
-166
176
-80
-57
176
-254
254
-178
47
108
-236
234
-83
-154
300
-251
53
216
-388
297
-26
-234
293
-130
-130
310
-199
-44
211
-233
124
93
-264
183
-8
-84
78
-10
-11
-81
156
-59
-87
83
-15
0
-10
-2
24
-21
27
-81
78
32
-84
49
-5
7
-43
90
-75
-37
142
-171
107
92
-241
134
126
-253
111
55
-133
94
11
-106
163
-47
-143
229
-210
118
33
-134
82
-31
87
-116
161
-174
207
-154
-75
269
-264
178
-153
101
42
-193
232
-171
25
53
-9
-55
16
80
-112
99
-146
238
-284
192
42
-256
308
-152
-82
278
-341
151
154
-269
240
-125
-82
223
-175
75
57
-232
331
-263
95
25
-78
77
-14
-99
189
-176
-43
256
-215
53
67
-163
175
-93
-64
235
-385
401
-153
-146
234
-175
148
-100
-3
114
-83
-83
203
-132
-49
143
-70
-38
-13
245
-439
317
22
-297
372
-278
54
156
-180
4
294
-437
220
201
-362
183
7
-74
4
171
-209
49
128
-259
219
-13
-270
470
-350
6
295
-459
371
-49
-194
253
-164
81
-55
57
-56
-8
194
-381
325
-85
-216
503
-504
177
178
-353
281
-122
-45
70
38
-149
222
-183
32
197
-321
331
-297
204
-42
-162
361
-379
224
16
-201
254
-236
78
135
-199
-35
290
-286
43
248
-394
306
-107
-35
47
-11
-75
102
-33
-52
103
-46
38
-161
219
-87
-111
258
-211
7
157
-191
140
-50
-38
97
-80
47
-49
42
-63
16
90
-121
47
71
-87
30
74
-118
16
188
-294
139
122
-309
271
-24
-127
149
-152
75
67
-175
106
84
-215
130
44
-137
63
44
-15
-84
65
38
-63
31
13
-31
50
-65
48
17
-114
201
-165
49
6
-85
249
-387
429
-235
-115
374
-395
234
-26
-123
118
22
-226
316
-280
132
48
-255
446
-386
65
395
-589
305
140
-275
78
66
72
-326
439
-268
-50
254
-393
442
-259
-74
305
-333
160
1
-74
160
-224
179
113
-373
412
-177
-144
237
-90
-119
134
0
-160
162
-55
16
-2
-48
138
-205
139
-39
-30
73
-95
48
133
-279
199
149
-496
576
-372
22
215
-197
85
-1
-48
21
72
-142
187
-174
85
53
-182
225
-157
-57
190
-171
128
-68
-20
85
-63
42
-90
48
105
-265
307
-69
-362
537
-274
-247
584
-483
11
527
-695
418
-5
-336
468
-348
122
101
-178
157
-51
-37
1
11
34
16
-66
23
60
-144
126
-55
31
-18
-29
169
-261
195
27
-148
93
73
-220
118
130
-379
400
-129
-177
211
-190
166
-17
-146
157
-69
-52
194
-144
-10
76
-149
178
-70
-8
21
-166
366
-249
51
180
-487
494
-263
85
74
-218
234
-205
171
-35
-166
236
-162
72
4
-75
8
11
128
-210
321
-361
164
134
-332
430
-291
-79
240
-159
98
-58
19
-42
-22
30
18
36
31
-113
78
-48
-48
269
-327
183
48
-122
181
-142
-11
54
-30
3
-41
146
-97
-177
312
-245
-26
243
-238
33
119
-289
376
-173
-265
599
-474
-19
510
-524
202
109
-97
26
35
21
-121
154
-130
64
11
-15
-96
55
-110
133
33
-260
201
14
-148
197
-164
14
118
-228
236
-82
-49
61
28
-30
2
121
-213
29
298
-305
62
185
-370
487
-392
133
72
-250
321
-196
1
19
94
-135
70
79
-246
185
4
-137
89
22
-154
115
8
-44
54
-25
-58
106
83
-263
274
17
-248
167
98
-258
344
-119
-64
3
12
47
-191
231
-164
27
213
-336
224
12
-306
352
-353
349
-240
32
57
-150
183
-169
5
87
-95
33
207
-329
237
-75
-100
235
-171
-6
156
-157
193
5
-121
19
1
30
-17
81
35
-89
141
-166
-51
144
-230
93
175
-173
38
81
-77
-123
117
54
-80
53
12
-33
25
152
-306
138
149
-305
185
135
-345
227
124
-406
438
-196
-215
405
-216
154
-122
162
-170
-57
227
-325
293
-207
-27
136
-174
108
-2
-48
-112
102
-144
340
-369
-69
427
-502
391
-97
-25
9
89
167
-197
139
-72
-59
272
-250
112
253
-448
249
65
-214
280
-155
-88
9
-10
-21
45
-181
-216
352
-211
-30
123
-206
87
-8
29
-88
33
-94
58
36
142
169
-152
205
-194
83
59
20
152
-210
148
92
-378
308
-303
9
278
-618
311
90
-345
134
60
-275
282
79
38
92
-17
297
-113
171
32
-29
392
-295
42
475
-688
162
215
-254
247
-305
12
140
-110
-112
214
-153
-170
439
-156
152
-57
109
114
-127
442
-221
199
130
-268
405
-288
-185
423
-403
9
58
-362
263
-465
87
0
-279
375
-285
160
105
-351
410
-31
-344
529
-293
-65
125
-51
-87
112
-73
-318
455
-300
-183
283
-186
-110
140
-78
-92
143
-314
37
130
-388
234
-139
-80
-18
140
-131
238
-293
43
532
-499
378
-71
77
-111
291
-63
-173
153
-406
314
-155
-114
-157
38
-95
29
172
-422
371
-52
48
176
118
-90
26
135
-240
469
-390
194
127
-2
2
-105
27
-186
144
-168
274
-384
333
-164
-132
328
-492
360
-153
125
35
177
-110
-158
225
-209
193
120
218
-83
240
97
-109
307
-196
134
99
225
-143
86
150
-352
131
-49
17
38
152
-154
110
-10
-51
73
-100
135
-184
321
-118
-56
144
-333
-13
-82
-123
-144
-172
-39
28
-168
-165
-196
110
-32
-174
239
-20
-9
166
-13
-154
0
14
47
66
-91
14
-60
-94
-1
-134
-102
-6
7
-175
3
-198
-152
120
-530
100
-109
-109
69
-250
126
-110
62
44
-56
110
162
46
124
93
10
226
67
225
218
179
278
0
154
88
40
51
-44
157
141
275
63
118
167
36
256
173
132
130
120
95
30
59
-67
14
-39
-167
55
-113
-130
-127
-93
-185
-144
-56
-210
-96
-108
-97
115
-116
-140
41
-19
-4
-70
-54
-217
-110
-217
-199
-174
-408
-320
-316
-370
-486
-436
-465
-527
-490
-518
-423
-563
-510
-446
-607
-425
-380
-384
-239
-290
-142
-25
20
72
112
140
183
371
315
322
328
370
235
183
219
6
214
152
94
292
64
124
250
55
252
298
250
518
529
586
808
881
994
1100
1180
1384
1438
1475
1584
1534
1480
1450
1399
1301
1189
1091
1008
921
775
626
594
356
122
139
-31
-137
-246
-352
-442
-475
-647
-908
-932
-1025
-1035
-1044
-1005
-1022
-1119
-1224
-1255
-1284
-1482
-1583
-1668
-1786
-1838
-1970
-2206
-2557
-2607
-2625
-2755
-2728
-2860
-2938
-2972
-3079
-3201
-3284
-3404
-3536
-3613
-2996
-1479
-361
349
239
696
1792
2488
3285
3399
3713
4440
5140
5460
5299
5013
4642
4268
3626
3453
3375
2883
2113
1242
480
220
-226
-975
-1280
-1603
-1209
-815
-1014
-1320
-1610
-1356
-921
-404
280
936
1349
1671
1920
2061
2054
1925
2044
2145
2388
2604
2486
2199
1806
1495
1336
1072
658
461
434
367
198
-229
-798
-1136
-1246
-1269
-1345
-1473
-1565
-1703
-1826
-1840
-1823
-1946
-2252
-2437
-2367
-2454
-2674
-2980
-3524
-3856
-4150
-4426
-4790
-5232
-5637
-5857
-6089
-6462
-7198
-7207
-4609
-1810
-114
-1003
-856
1002
3152
4975
4705
4975
5823
7955
8496
7992
6966
6338
6181
4726
4212
3700
4058
2939
747
-965
-1913
-1727
-2341
-3503
-4530
-3888
-2564
-2143
-2852
-4148
-4052
-3208
-2411
-1628
-264
1261
2283
2993
3091
3427
3804
4232
4305
4510
5273
5727
5199
3928
2769
1967
1537
877
393
411
646
798
426
-213
-781
-1034
-746
-121
195
660
1170
1279
1064
835
538
8
-393
-557
-290
-231
-490
-1183
-2102
-2925
-3731
-4133
-4669
-5252
-5828
-6254
-6431
-6722
-7187
-7743
-8327
-8571
-8437
-8028
-7961
-7973
-8181
-7761
-4038
-502
2057
1472
1644
4084
7058
9580
9099
9282
9580
11805
12268
11276
9513
7665
7181
5304
4406
3171
2714
1365
-1567
-3784
-5011
-4822
-5245
-6226
-7231
-6300
-4150
-3141
-3409
-4628
-4316
-2855
-1180
328
1879
3859
5101
5120
4321
4175
5013
5700
5150
5083
5916
6498
5497
3478
2009
1096
533
115
-150
-307
-94
101
-9
-532
-1136
-967
-224
600
1258
1803
2194
2190
1855
1488
1172
323
-247
-648
-883
-988
-1580
-2598
-3976
-4831
-5323
-5636
-6129
-6588
-6774
-6794
-6653
-6863
-7020
-7261
-7623
-7438
-7024
-6361
-6289
-6187
-6179
-6114
-6214
-6099
-2440
1745
4654
3771
3494
5680
8895
11181
9673
8919
9045
11366
11606
9908
7507
5498
4779
2559
1102
-361
-421
-1657
-4344
-6538
-7393
-6286
-5879
-6323
-6883
-5550
-2511
-515
-459
-1514
-1087
1002
3186
4888
6028
7386
8243
7723
6145
5248
5256
4887
3324
2095
2338
2797
2099
27
-1879
-2679
-2254
-1868
-1726
-1203
-315
752
1288
1340
1018
1030
1682
2676
3584
3910
3702
3075
2212
1246
387
-548
-1497
-2165
-2428
-2273
-2707
-4176
-5877
-6843
-7083
-6836
-6619
-6469
-6113
-5983
-5544
-5190
-4894
-4946
-4898
-4602
-3938
-3125
-2998
-2873
-3378
-3369
-3619
-3978
-4969
-3625
878
4653
5479
3206
3672
5806
8612
8580
6932
6455
7635
9544
8584
6310
3550
2556
1371
-5
-1177
-1706
-1631
-3026
-5108
-6565
-5936
-4381
-3880
-4398
-3977
-1312
1706
2703
1677
738
1944
4145
5902
6589
6908
7532
7281
5787
3799
2787
2514
1445
-314
-1213
-612
-294
-1400
-3151
-3627
-2784
-1780
-947
-365
501
1243
2008
2196
2020
1645
1738
2425
2740
2762
2174
1572
578
-353
-969
-1470
-1873
-2302
-2438
-2428
-2504
-3097
-4294
-5155
-5127
-4609
-4152
-3955
-3970
-3721
-3323
-3042
-3037
-3107
-3140
-3378
-3121
-2945
-2689
-3068
-3609
-4202
-4529
-4794
-5504
-6380
-5992
-1873
2438
4207
2445
1834
4037
7244
8739
7667
6984
7850
9787
9650
7671
4759
2990
2056
579
-665
-1290
-1174
-2198
-4383
-6272
-6277
-4849
-3822
-3832
-3721
-1335
2191
4043
3212
1574
2115
4403
6444
7174
7213
7537
7369
5811
3311
1523
688
-202
-1814
-2926
-2869
-2492
-2855
-3869
-4202
-3330
-1898
-582
318
1119
2213
3226
3941
3798
3193
2914
3211
3561
3337
2665
1770
760
-86
-760
-1259
-1815
-2353
-2664
-2843
-2840
-3182
-4035
-5001
-5187
-4542
-4009
-4012
-4425
-4361
-3829
-3177
-2754
-2797
-2748
-2987
-2777
-2549
-2395
-2858
-3621
-3856
-4135
-3993
-4903
-5868
-7055
-4477
458
3929
3674
1426
2771
5628
9144
8743
7146
6546
8067
9507
8209
5629
2720
1756
352
-807
-1931
-1863
-2003
-3648
-5779
-6680
-5130
-3110
-2433
-2923
-1905
1369
4542
4712
2686
1663
3147
5294
6326
6049
5988
5865
4756
2425
145
-726
-1243
-2186
-3630
-3600
-2438
-1715
-2239
-3268
-2649
-900
1064
1962
2256
2912
4031
4988
4734
3664
2605
2647
3044
3125
2208
746
-494
-1222
-1529
-1877
-2375
-2894
-3208
-3266
-3033
-2891
-3198
-4096
-4530
-4039
-2912
-2373
-2632
-3110
-3007
-2377
-1964
-1862
-2147
-2475
-2712
-2769
-2796
-3400
-4081
-4685
-5103
-5524
-6139
-7198
-7775
-4224
1027
4208
2785
1493
3447
7342
9922
8701
7374
7714
9815
10117
8276
5211
2860
1732
398
-1018
-1982
-1682
-2021
-3796
-6118
-6643
-5016
-2918
-2511
-2909
-1589
2116
5030
4660
2583
1747
3524
5439
6031
5200
5145
5256
4070
1393
-1157
-1912
-2215
-3011
-4365
-4163
-2685
-1735
-2322
-3085
-2220
-335
1472
2244
2726
3466
4724
5504
5036
3699
2551
2791
3334
3243
1893
453
-422
-873
-1208
-1748
-2317
-3029
-3257
-3263
-3068
-2899
-3420
-4299
-4662
-3945
-2851
-2416
-2840
-3427
-3312
-2837
-2402
-2177
-2383
-2911
-3187
-3180
-3075
-3409
-4512
-5380
-5485
-5157
-5479
-6539
-7772
-6376
-1232
3969
5406
3483
3261
6121
10041
11220
9591
8244
9022
10564
10011
7489
4208
2125
696
-771
-2294
-2844
-2781
-3988
-6331
-7952
-7100
-4695
-3071
-3392
-3198
-670
3276
5123
3869
2004
2423
4803
6306
6107
5314
5226
4736
3050
532
-1189
-1778
-2374
-3341
-3673
-2506
-1258
-1249
-2313
-2502
-946
1268
2583
2682
2746
3721
5105
5318
4096
2608
2329
3111
3544
2704
1139
-116
-716
-976
-1367
-1935
-2527
-3032
-3466
-3678
-3745
-3936
-4500
-5244
-5184
-4177
-3429
-3551
-4291
-4618
-4207
-3332
-2713
-2665
-2900
-3162
-2967
-2741
-2977
-3732
-4161
-4130
-4043
-4126
-4911
-5641
-3394
1608
5447
5227
3719
4727
7943
10404
9702
7892
7552
8870
9347
7741
4864
2291
811
-532
-2227
-3459
-3546
-3596
-4834
-6658
-7181
-5705
-3436
-2480
-2671
-1871
1166
4414
4983
3406
2405
3593
5267
5629
4615
3914
4057
3511
1442
-892
-2004
-2222
-2631
-2984
-2595
-1522
-725
-761
-1078
-665
895
2463
3223
3258
3781
4816
5572
5113
3612
2337
2216
2617
2391
1161
-329
-1307
-1623
-1820
-2316
-2913
-3638
-4257
-4594
-4224
-3941
-4057
-4745
-5166
-4685
-3914
-3540
-3880
-4246
-4110
-3443
-2737
-2393
-2522
-2877
-3065
-2932
-3010
-3155
-3594
-3917
-4169
-4145
-4630
-4295
-1155
3202
5600
4544
3983
5843
9275
10548
8944
7197
7708
9374
9040
6262
2688
682
-52
-996
-2871
-4209
-4541
-4888
-6165
-7303
-6942
-4974
-3073
-2537
-2275
-505
2948
5242
5166
3830
3767
5039
6342
6122
4747
3948
3501
2602
526
-1420
-2461
-2737
-2970
-2973
-2149
-1002
-244
-237
-105
690
1832
2689
3147
3814
4700
5372
5087
4130
2942
2109
1554
1134
671
105
-383
-1060
-1557
-2144
-2957
-3862
-4288
-4192
-3869
-3546
-3537
-3850
-4193
-4253
-4007
-3837
-3823
-3576
-2851
-2180
-2011
-2268
-2625
-2900
-2970
-3221
-3496
-3544
-3503
-3641
-4163
-4459
-4741
-5273
-4758
-1392
3111
5178
3951
3404
5553
8864
9867
8061
6499
7009
8565
8382
5919
2544
373
-722
-1676
-2910
-3853
-4258
-5083
-6292
-7008
-6183
-4232
-2559
-2128
-1845
180
3662
5913
5427
3867
3594
5078
6455
6177
4982
4143
3539
2192
23
-1683
-2210
-2028
-1996
-2015
-1585
-579
66
-166
-329
418
1757
2640
2948
3200
3953
4598
4328
3069
1891
1493
1333
882
110
-412
-396
-419
-944
-1863
-2900
-3565
-3690
-3421
-2890
-2435
-2463
-3113
-3987
-4342
-4055
-3590
-3570
-3378
-2939
-2458
-2328
-2621
-3331
-4223
-4496
-4850
-4781
-4606
-4276
-4725
-5438
-6102
-5332
-1227
3060
4575
2780
2686
5095
8746
9992
8202
6473
6934
8784
8638
6409
2998
906
-94
-813
-2301
-3357
-3430
-3936
-5210
-6356
-5718
-4031
-2426
-2242
-1940
102
3756
6210
5802
4220
3796
5086
5918
5439
4100
3811
3789
2563
-37
-2347
-3424
-3694
-3626
-3717
-3181
-1840
-525
-222
-227
253
1263
2267
2968
3641
4624
5695
5725
4817
3627
2789
2272
1770
1095
150
-243
-186
-305
-1079
-2325
-3530
-4315
-4157
-3479
-2907
-2763
-2976
-3407
-3985
-4398
-4542
-4390
-4010
-3506
-2901
-2567
-2760
-3231
-3793
-4306
-4765
-5243
-5140
-4956
-4981
-5366
-5600
-5707
-5402
-2331
1964
4905
4343
3576
4816
7756
9717
8811
7285
7012
8632
9064
7570
4385
1649
138
-793
-1899
-2930
-2905
-3307
-4422
-5801
-5756
-4476
-2847
-2078
-1821
-231
2842
5637
5890
4449
3294
3971
5183
5473
4441
3738
3701
2821
408
-2376
-3451
-3249
-2755
-2767
-2415
-1144
1
268
151
573
1420
2587
3715
4748
5484
5817
5548
4550
3358
2383
2127
2022
1502
577
-428
-1134
-1882
-2621
-3591
-4402
-4825
-4709
-4202
-3738
-3597
-4341
-5215
-5710
-5321
-4731
-4269
-4093
-3851
-3708
-3874
-3996
-4152
-4476
-5153
-5561
-5679
-5565
-5671
-6000
-6063
-3220
1319
4636
4275
3193
4443
7495
9803
8914
7092
6561
8136
8825
7422
4282
1628
541
30
-960
-2350
-2754
-2824
-3263
-4319
-4513
-3478
-2021
-1599
-1773
-524
2686
5883
6071
4231
2650
3447
5054
5473
4216
2926
2759
2397
891
-1546
-3034
-3354
-3147
-3010
-2466
-1402
-661
-506
-413
416
1725
2799
3281
3745
4763
5918
6480
5811
4404
3041
2400
2098
1574
710
-263
-925
-1418
-2058
-3466
-5007
-6029
-6000
-5318
-4677
-4406
-4377
-4309
-4260
-4140
-4055
-4012
-3921
-3390
-2607
-2089
-2201
-2587
-2969
-3550
-4338
-4927
-5133
-5127
-5329
-5747
-6108
-5752
-2843
1125
3639
3160
2575
4099
6908
8905
8270
7008
6659
7852
8285
7020
4332
1897
818
289
-437
-1465
-1851
-2223
-3154
-4401
-4735
-3850
-2530
-1948
-1763
-337
2652
5356
5512
3854
2478
2980
4247
4838
4385
3972
3904
3194
1345
-829
-1871
-1970
-2002
-1965
-1127
334
1163
712
33
319
1392
2222
2715
3245
4076
4906
5166
4369
2982
1796
1373
1280
786
-96
-833
-1152
-1715
-2791
-4179
-5041
-5303
-5302
-5269
-5099
-4629
-4397
-4498
-4661
-4300
-3750
-3557
-3795
-3894
-3421
-2931
-2898
-3609
-4317
-4872
-5134
-5672
-6093
-6701
-5917
-2353
1824
4012
3103
2922
4050
6534
7504
7075
6560
7393
8465
7664
5463
2352
460
-590
-1006
-1989
-2513
-2300
-2219
-2825
-3674
-3438
-2429
-1300
-1227
-861
1179
4482
6527
5910
4340
3760
4585
5128
4571
3386
3139
3429
2705
514
-1928
-3083
-3403
-3455
-3295
-2199
-859
-210
-176
-58
718
1632
2417
2760
3340
4356
5386
5570
4738
3408
2324
1762
1230
592
-18
-352
-653
-1225
-2305
-3713
-4844
-5193
-5045
-4874
-4836
-4714
-4593
-4612
-4637
-4433
-4045
-3746
-3435
-2776
-1998
-1671
-1882
-2367
-3034
-3556
-3576
-3674
-4258
-5408
-6274
-6637
-4423
-408
2701
2651
1344
2231
4698
7043
6702
5709
5567
7141
7829
6840
4544
2030
569
-253
-806
-1885
-2180
-1994
-1811
-2302
-2797
-2601
-1660
-670
-467
470
2906
5945
6810
5438
3745
3672
4819
5061
3879
2666
3047
3433
2169
-455
-2289
-2772
-2674
-2514
-2267
-1389
-327
279
266
288
713
1137
1580
1915
2762
3920
4775
4386
2956
1882
1506
1431
756
-173
-927
-932
-960
-1725
-3134
-4535
-5154
-5166
-5091
-5319
-5295
-5008
-4770
-4700
-4588
-4386
-4439
-4412
-4163
-3547
-2831
-2668
-2926
-3421
-3581
-3853
-4296
-5131
-5934
-4295
-356
3476
4100
2998
2603
3765
5571
6032
5676
5301
6167
6592
5975
3972
1765
265
-773
-1892
-3142
-3069
-2148
-1658
-2508
-3473
-3323
-1803
-259
134
750
3020
6336
7927
7237
5643
5143
5671
5810
4967
3819
3699
3411
2241
-8
-1889
-2968
-3392
-3775
-4177
-3723
-2495
-862
32
480
654
1052
1661
2175
2802
3586
4533
4814
4492
3654
2555
1272
308
-80
-138
-137
-534
-1275
-2339
-3239
-4220
-5075
-5701
-5741
-5346
-5004
-4965
-5035
-5050
-5103
-5081
-4826
-4212
-3455
-2811
-2449
-2000
-1962
-2155
-3042
-3928
-4668
-4847
-4928
-4260
-1438
2107
4228
3192
1977
2141
4257
5780
5778
5067
5112
5931
5764
4626
2370
676
-503
-980
-1786
-2498
-2410
-1975
-1742
-2276
-2537
-2405
-1310
-323
429
1731
4021
6286
6729
5970
5151
5571
6169
5876
4437
3408
3502
3469
2211
158
-1320
-1998
-2205
-2549
-2687
-2077
-811
270
810
1053
1118
1111
1201
1413
2067
3008
3794
3531
2501
1490
946
672
85
-750
-1323
-1190
-1043
-1572
-2746
-3851
-4518
-4952
-5394
-5673
-5705
-5601
-5593
-5667
-5485
-5273
-5151
-5245
-5168
-4623
-3946
-3408
-3340
-3206
-3391
-3785
-4644
-4099
-941
2985
5007
4094
3578
4329
6261
6536
5432
4268
4521
5282
5020
3870
2026
816
-515
-1738
-3461
-4292
-3909
-2844
-2028
-2008
-2023
-1804
-1056
-649
-266
906
3148
5363
6103
5711
5177
5539
5963
5549
4356
3729
3913
3868
2992
1443
260
-758
-1475
-2069
-2135
-1720
-1067
-333
268
935
1235
1331
1281
1416
1855
2570
3226
3335
2969
2280
1647
888
178
-550
-1115
-1318
-1261
-1386
-2066
-2951
-3709
-4289
-4870
-5342
-5374
-5128
-5022
-5096
-5096
-5035
-5107
-5051
-4720
-4152
-3751
-3439
-3192
-2944
-2944
-3164
-3489
-3521
-3388
-2217
435
3367
4811
4386
3902
4028
4955
5232
4968
4437
4524
4376
3629
2540
1512
851
-196
-1431
-2856
-3338
-2903
-2110
-1872
-2045
-2112
-1807
-1094
-452
208
1174
2643
3813
4139
3949
3987
4650
5268
5099
4100
3446
3439
3346
2390
1396
979
861
388
-346
-564
-328
235
502
928
1459
2038
2104
1763
1385
1211
1378
1537
1685
1618
1471
922
204
-498
-1286
-2197
-2831
-2798
-2750
-3084
-3675
-4108
-4491
-5098
-5881
-6415
-6359
-6105
-5867
-5715
-5342
-5170
-5228
-5385
-5169
-4674
-4294
-4068
-4053
-4003
-3532
-1208
2187
5179
5900
5847
6290
7701
8414
7478
5781
4691
4737
4388
3652
2224
1245
192
-1043
-2930
-4518
-4843
-4200
-3421
-3376
-3379
-2761
-1098
357
882
1040
1953
3454
4213
4008
3725
4306
5059
4898
3929
3400
3826
3881
2813
1172
413
488
533
-131
-928
-1043
-484
200
471
743
1289
2144
2754
2895
2801
2863
3082
3023
2701
2362
2086
1587
818
-65
-879
-1649
-2424
-3068
-3444
-3584
-3783
-4204
-4983
-5968
-6719
-6931
-6669
-6485
-6539
-6529
-6050
-5375
-5129
-5350
-5618
-5137
-4406
-3697
-3344
-3018
-2804
-2351
-517
2282
4942
5812
6056
6522
7745
8360
7712
6176
4612
3681
2742
2196
1637
1314
314
-881
-2239
-3079
-3350
-3406
-3350
-3425
-3148
-2617
-1311
124
1161
1496
1749
2495
3240
3550
3178
2999
3111
3425
3400
3225
3262
3177
2729
1766
1322
1165
1039
404
-102
-121
384
1009
1401
1888
2297
2773
2881
2933
2840
2783
2670
2464
2342
2207
1983
1341
647
-42
-694
-1564
-2525
-3299
-3811
-3922
-3962
-4163
-4798
-5597
-6188
-6380
-6467
-6754
-7016
-7025
-6691
-6409
-6310
-6252
-6132
-5768
-5341
-5000
-4768
-4321
-2874
-455
2350
4262
5403
6306
7604
8906
9402
8985
7844
6818
5630
4651
3495
2652
1865
1135
154
-1206
-2490
-3495
-3851
-4230
-4635
-5087
-4766
-3572
-1923
-515
401
1188
1875
2392
2563
2641
2823
2985
2940
2751
3019
3725
4265
3968
3102
2325
1937
1691
1205
762
395
405
536
840
1202
1622
1873
1947
2065
2198
2323
2272
2207
2103
2077
1959
1765
1555
1191
597
-302
-1108
-1867
-2610
-3259
-3750
-4052
-4478
-4916
-5304
-5593
-5920
-6401
-6869
-7097
-6995
-6848
-6766
-6765
-6673
-6372
-5837
-5242
-4929
-4837
-4319
-2782
-461
1784
3315
4527
5997
7676
8686
8769
8242
7738
7232
6430
5320
4260
3526
2965
2331
1399
455
-344
-805
-1377
-2315
-3522
-4328
-4395
-3945
-3299
-2556
-1600
-602
229
739
1089
1403
1602
1493
1186
1104
1583
2339
2901
3074
3084
3195
3388
3411
3159
2784
2397
2015
1764
1741
1867
1764
1545
1472
1735
2130
2291
2168
1831
1458
856
252
-69
-51
-53
-335
-708
-977
-1261
-1825
-2556
-3197
-3702
-4233
-4800
-5177
-5179
-4965
-4788
-4728
-4663
-4576
-4538
-4654
-4893
-5168
-5271
-5001
-4510
-4182
-4292
-4564
-4218
-2971
-1449
-465
149
991
2251
3512
4454
5129
5641
5971
5812
5329
4795
4540
4448
4281
3868
3351
3052
3041
3112
2755
1835
578
-558
-1307
-1774
-2164
-2458
-2449
-2292
-2097
-1878
-1523
-1049
-707
-629
-774
-810
-589
-141
339
815
1351
2029
2927
3852
4636
4934
4827
4480
4137
3756
3279
2770
2293
1963
1629
1421
1147
865
448
-100
-705
-1155
-1278
-1222
-1164
-1160
-1138
-1072
-1024
-1106
-1321
-1642
-1926
-2180
-2418
-2690
-2917
-3061
-3091
-3028
-3052
-3291
-3710
-4068
-4221
-4122
-3904
-3751
-3684
-3600
-3524
-3497
-3473
-3399
-3358
-3348
-3117
-2351
-1218
-111
655
1209
1840
2475
2933
3005
3023
3186
3411
3408
3283
3316
3518
3630
3430
3161
3157
3345
3263
2740
2015
1382
886
411
-81
-470
-643
-685
-663
-557
-373
-227
-178
-281
-451
-453
-158
359
795
1054
1260
1575
2025
2360
2462
2442
2485
2591
2567
2428
2223
2072
1820
1395
745
102
-321
-560
-730
-847
-825
-758
-614
-530
-501
-514
-529
-657
-898
-1080
-1041
-868
-807
-1000
-1332
-1502
-1526
-1775
-2328
-2835
-3026
-2938
-2886
-2958
-3043
-2952
-2739
-2592
-2518
-2456
-2397
-2410
-2509
-2582
-2509
-2295
-2059
-1932
-1834
-1742
-1627
-1350
-908
-441
-10
411
928
1515
2031
2272
2325
2375
2491
2576
2526
2375
2297
2368
2545
2695
2652
2494
2336
2200
2024
1697
1283
1003
992
1173
1304
1270
1120
989
933
995
1095
1100
1077
1018
1020
1075
1185
1235
1227
1220
1275
1416
1515
1394
944
377
-119
-416
-641
-842
-1039
-1109
-928
-562
-167
92
156
19
-149
-271
-317
-394
-543
-719
-791
-759
-732
-776
-1072
-1560
-2090
-2378
-2436
-2393
-2415
-2512
-2490
-2280
-1977
-1756
-1716
-1805
-1823
-1706
-1455
-1178
-992
-1126
-1515
-1901
-2160
-2308
-2396
-2414
-2375
-2139
-1731
-1208
-673
-166
295
622
847
1006
1181
1357
1457
1487
1589
1843
2129
2300
2421
2641
2916
3030
2899
2669
2605
2745
2792
2520
2104
1817
1729
1664
1425
1159
1014
1019
977
853
716
567
407
266
266
422
620
702
662
515
365
216
62
-138
-378
-584
-576
-421
-237
-67
24
124
107
58
-47
-57
-59
-46
-70
-137
-281
-473
-644
-836
-922
-1051
-1293
-1461
-1505
-1456
-1426
-1485
-1568
-1546
-1486
-1460
-1372
-1278
-1122
-1032
-1013
-1073
-1225
-1493
-1813
-2065
-2243
-2393
-2606
-2781
-2787
-2511
-2183
-1995
-1908
-1686
-1239
-734
-342
-61
202
522
821
1007
1152
1281
1388
1505
1699
2023
2392
2770
3075
3285
3445
3509
3429
3171
2831
2527
2314
2181
2100
1963
1728
1514
1329
1072
682
299
74
94
188
123
21
-8
57
35
-156
-404
-550
-569
-488
-406
-325
-177
-57
10
-4
-35
-9
8
24
9
18
129
264
236
98
-17
-132
-187
-367
-638
-808
-875
-964
-1070
-1149
-1163
-1134
-1139
-1192
-1205
-1168
-1156
-1218
-1328
-1459
-1668
-1841
-1926
-2022
-2084
-2241
-2408
-2489
-2499
-2590
-2768
-2878
-2825
-2639
-2365
-2053
-1700
-1307
-899
-499
-99
269
532
721
908
1132
1399
1737
2134
2485
2732
2947
3162
3477
3759
3863
3850
3793
3777
3673
3445
3167
2794
2335
1884
1443
1129
855
657
546
492
480
416
268
155
49
-164
-413
-633
-731
-701
-578
-450
-350
-264
-231
-270
-329
-395
-452
-509
-499
-472
-392
-262
-100
83
108
70
4
-26
-84
-193
-321
-377
-408
-447
-440
-466
-429
-423
-417
-403
-431
-606
-851
-1170
-1441
-1651
-1911
-2190
-2448
-2658
-2797
-2944
-3129
-3337
-3558
-3712
-3814
-3790
-3570
-3293
-2900
-2444
-1959
-1394
-793
-241
268
784
1279
1733
2073
2337
2590
2857
3064
3149
3185
3244
3379
3572
3713
3819
3788
3655
3423
3098
2717
2288
1859
1483
1172
988
850
777
766
781
786
707
675
544
346
82
-168
-359
-504
-598
-685
-687
-649
-575
-639
-790
-873
-891
-821
-763
-715
-595
-426
-317
-197
-76
98
303
397
425
479
465
448
327
203
84
-85
-234
-357
-407
-590
-731
-902
-1074
-1341
-1674
-1979
-2236
-2373
-2550
-2755
-2987
-3272
-3579
-3772
-3924
-4075
-4192
-4262
-4048
-3577
-3039
-2572
-2053
-1348
-491
329
970
1516
1926
2404
2810
3062
3208
3242
3243
3283
3316
3324
3345
3330
3325
3213
3021
2790
2527
2173
1752
1312
1018
840
686
582
561
689
924
1057
1077
1050
1113
1202
1206
1138
949
824
696
500
222
-5
-155
-326
-452
-424
-410
-456
-344
-231
16
265
346
369
124
-18
-142
-116
-128
-168
-315
-353
-346
-171
130
-155
-312
-747
-1080
-1386
-1664
-1952
-2362
-2772
-3222
-3504
-3827
-4070
-4519
-4819
-5058
-5292
-5469
-5753
-5861
-5617
-4818
-3888
-2862
-1790
-425
1083
2450
3629
4298
4799
4970
4919
4650
4383
4108
3735
3313
2972
2800
2650
2550
2350
2004
1543
965
380
-171
-666
-1199
-1584
-1535
-1176
-690
-185
338
950
1614
2331
2878
3357
3720
3782
3574
3208
2936
2586
2140
1451
733
171
-106
-196
-362
-619
-939
-1058
-980
-737
-470
-218
-60
90
297
456
589
558
350
41
-284
-535
-696
-834
-1031
-1282
-1631
-1943
-2144
-2365
-2770
-3337
-4016
-4711
-5322
-5978
-6677
-7311
-7792
-8146
-8005
-7128
-5604
-3996
-2372
-587
1331
3202
4599
5445
5708
5751
5489
4986
4417
3825
3180
2592
2213
2066
2076
2181
2223
2034
1675
1057
315
-409
-979
-1487
-1890
-1971
-1528
-688
359
1281
2059
2845
3481
3945
4280
4597
4665
4372
3886
3442
3152
2905
2418
1567
640
-164
-816
-1441
-1972
-2263
-2409
-2334
-1947
-1217
-225
618
1151
1432
1667
1853
1770
1331
697
-55
-727
-1097
-1217
-1225
-1350
-1613
-2015
-2315
-2734
-3480
-4522
-5573
-6504
-7399
-8223
-8926
-9563
-9706
-8914
-7271
-5276
-3348
-1409
676
3000
5108
6521
6920
6788
6357
5560
4706
3826
2974
2094
1427
1059
935
1070
1048
730
117
-640
-1631
-2556
-2965
-3169
-3165
-2820
-1684
25
1906
3385
4350
5291
6024
6278
6069
5900
5715
5225
4469
3781
3319
3023
2525
1565
282
-756
-1591
-2325
-2902
-3371
-3667
-3635
-3018
-1928
-600
609
1418
1853
2178
2345
2172
1666
904
49
-521
-658
-471
-342
-487
-906
-1363
-1854
-2779
-3980
-5417
-6846
-8365
-9695
-10863
-11314
-10178
-7946
-5353
-3185
-713
2015
4918
7230
8210
7922
6969
5872
4410
3103
1779
602
-412
-951
-943
-711
-289
-310
-691
-1353
-2198
-3357
-4321
-4610
-4679
-4287
-3382
-1270
1390
4010
5813
6877
7767
8260
8338
7745
7098
6151
5161
4131
3238
2706
2308
1720
534
-649
-1589
-2057
-2446
-2814
-3055
-2999
-2359
-1491
-399
613
1397
1648
1605
1411
1028
555
-247
-962
-1439
-1385
-1019
-804
-763
-1008
-1261
-1885
-2721
-4019
-5493
-7160
-8889
-10304
-10940
-9718
-7386
-4396
-2004
608
3313
6260
8523
9360
9084
7704
6195
4198
2803
1492
429
-593
-1239
-1134
-856
-367
-503
-821
-1747
-3063
-4571
-5681
-5843
-5861
-5521
-4904
-2978
-133
2691
4731
5860
6832
7116
7171
6640
6114
5204
4095
2953
1835
1462
1202
1068
159
-811
-1654
-1703
-1400
-1316
-1199
-1130
-459
237
1167
1846
2176
2037
1431
931
539
469
5
-443
-649
-257
347
495
239
-484
-1374
-2815
-4509
-6311
-7874
-9428
-10937
-11824
-10866
-8123
-4541
-1538
1035
3835
6638
8955
9674
9326
7903
6212
3942
2159
1100
575
59
-743
-947
-761
-277
-382
-948
-1921
-3325
-4725
-5709
-5496
-4872
-3997
-3038
-1198
1626
4207
5839
6283
6562
6447
6154
5376
4695
3929
2974
1854
643
-52
-634
-1183
-2324
-3444
-4327
-4331
-3560
-2438
-1364
-515
635
1803
3019
3744
3777
3067
1810
670
-165
-426
-663
-921
-1047
-556
380
1015
1051
260
-945
-2586
-4403
-6173
-7904
-9387
-10900
-10770
-8445
-4476
-594
2088
4752
7192
9719
10484
9949
8142
6033
3461
949
-349
-1057
-1208
-2046
-2416
-2320
-1799
-1517
-1993
-2554
-3550
-4503
-5372
-4882
-3425
-1697
-210
1199
3491
5689
7099
6854
5975
5000
4135
3280
2473
2121
1775
1217
229
-407
-684
-1021
-2008
-3573
-4665
-4733
-3767
-2501
-1256
-29
1237
2347
3110
3575
3541
2829
1365
-258
-1273
-1577
-1553
-1702
-1662
-1131
-441
-239
-680
-1515
-2673
-4194
-5967
-7335
-8370
-9005
-9557
-8429
-5469
-1403
1963
4258
6697
9031
11073
11169
10196
8397
6557
4189
2054
831
41
-612
-1979
-2666
-2774
-2440
-2569
-3305
-3904
-4623
-4885
-4859
-3488
-1662
97
1391
2714
4787
6253
6822
5845
4758
3629
2994
2412
1992
1817
1422
851
-406
-1303
-2071
-2505
-3520
-4763
-5392
-4747
-3005
-1303
235
1484
2856
3690
3985
3795
3141
2088
383
-989
-1599
-1375
-1207
-1385
-1398
-1005
-510
-800
-1831
-3389
-4972
-6612
-7987
-8931
-9344
-9563
-8541
-5759
-1932
1657
3819
5874
7664
9454
9746
8903
7493
6130
4641
2950
1923
1243
710
-661
-1919
-2754
-3130
-3340
-3933
-4161
-4235
-3928
-3365
-1848
220
2052
3294
4154
5573
6605
6917
5987
5005
4309
3904
3427
2781
2354
1650
660
-1083
-2564
-3819
-4683
-5667
-6497
-6478
-5497
-3670
-2029
-441
969
2375
3157
3230
2937
2440
1821
694
-233
-661
-406
-110
-183
-255
-314
-417
-1084
-2156
-3533
-4978
-6390
-7516
-8206
-8708
-8731
-7015
-3822
-68
2264
3706
5179
6886
8184
7920
6941
5603
4510
2916
1899
1358
1101
102
-1689
-3023
-3761
-3659
-3925
-4268
-4423
-4268
-3484
-2009
526
2716
4204
4735
5501
6641
7055
6569
4956
4094
3505
3435
3175
3141
3093
2414
1006
-1063
-2418
-3704
-4541
-5819
-6481
-6195
-4812
-2765
-1108
322
1256
2151
2442
2302
1822
1170
451
-468
-901
-908
-396
-125
-344
-805
-1384
-1981
-3048
-4217
-5586
-6698
-7536
-7995
-8064
-7723
-5532
-2406
1272
3633
5264
6768
7989
8878
8276
7553
6215
5058
3266
2137
1635
1193
232
-1799
-3296
-4599
-5113
-5778
-6177
-6124
-5867
-5025
-3659
-902
1743
3942
5043
6067
7277
7791
7556
6245
5640
5123
4909
4095
3465
2973
2281
1123
-872
-2406
-3702
-4294
-5245
-5805
-5738
-4665
-3087
-1937
-1024
-324
597
1005
987
646
510
403
73
-129
-69
545
781
406
-576
-1567
-2449
-3584
-4852
-6163
-6855
-7558
-8028
-8645
-7727
-4830
-1297
1830
3164
4958
6613
8353
8755
8215
7492
6435
5198
3633
3193
2864
2284
207
-2138
-3667
-4644
-5215
-6244
-6543
-6435
-5799
-4869
-3132
-439
1817
3444
4113
5569
6744
7562
7149
6457
6264
5989
5871
4959
4333
2962
1457
-688
-2408
-3456
-4009
-4447
-5278
-5462
-4960
-3366
-2150
-1676
-1635
-1341
-644
-460
-677
-922
-563
-87
11
53
613
1628
1923
1316
54
-956
-2073
-3401
-5034
-6207
-6882
-7505
-8185
-8212
-5918
-2689
604
2168
3602
5246
6842
7616
7112
6657
5862
5244
4097
3808
3919
3753
2345
13
-1793
-3211
-4000
-5047
-5718
-5967
-5696
-4848
-3447
-1242
597
1982
2785
3980
5324
6096
6188
5904
6059
6253
6401
5998
5195
3917
2271
329
-1665
-2998
-3634
-3640
-3813
-4096
-3961
-2796
-1315
-766
-1132
-1574
-1575
-1802
-2449
-3084
-3001
-2435
-2073
-1929
-1220
21
863
478
-562
-1476
-2267
-3197
-4499
-5340
-5918
-6258
-7007
-6262
-3709
-422
1964
2840
4223
5532
6970
6795
6206
5559
4989
3971
2912
3366
4152
4421
2692
501
-1364
-2544
-3543
-4759
-5393
-5796
-5475
-4783
-3009
-943
572
1385
1970
3345
4528
5242
5201
5327
5543
5743
5839
5590
5069
3887
2414
559
-1080
-2311
-2809
-2777
-2981
-3227
-3070
-1822
-545
-33
-372
-642
-660
-1100
-1905
-2747
-2808
-2703
-2699
-2623
-1800
-664
-198
-643
-1409
-2034
-2709
-3685
-4771
-5511
-6139
-6847
-7344
-5919
-3057
-49
1509
2399
3710
4975
5781
5438
5100
4707
4096
2937
2462
3246
4205
4112
2633
1105
-191
-1158
-2125
-2919
-3255
-3523
-3471
-2871
-1487
-98
559
912
1327
2334
3001
3616
4037
4605
5174
5360
5594
5189
4612
3364
2005
112
-1608
-2639
-2799
-2588
-3074
-3324
-2878
-1391
-398
-273
-345
-133
-3
-872
-1863
-2274
-2002
-2028
-2446
-2290
-1366
-268
-227
-725
-1313
-1752
-2550
-3614
-4317
-4985
-5695
-6638
-6058
-3644
-575
1461
2258
3360
4402
4962
4330
3518
3061
2561
1651
786
1321
2515
3273
2597
1364
259
-698
-1564
-2563
-3015
-3251
-3136
-2666
-1580
-250
550
1074
1608
2504
3172
3495
3679
3933
4444
4795
4962
4546
3894
3179
2344
1232
-242
-1183
-1487
-1523
-2226
-3072
-3277
-2524
-1747
-1498
-1245
-682
-142
-473
-1306
-1861
-1876
-2014
-2494
-2628
-2006
-1138
-940
-1252
-1414
-1304
-1448
-2162
-2891
-3416
-4043
-4995
-5295
-3749
-1137
1103
2116
3133
4439
5393
5255
4212
3470
2798
1870
567
167
936
1704
1528
541
-240
-683
-1124
-1755
-2235
-2271
-2124
-1758
-1219
-350
201
302
555
1394
2575
3221
3348
3139
3429
3945
4321
3816
2880
2150
1539
994
52
-504
-626
-456
-838
-1695
-2097
-1906
-1513
-1486
-1302
-786
-232
-280
-949
-1413
-1572
-1598
-2106
-2496
-2311
-1805
-1565
-1999
-2331
-2458
-2458
-2718
-2997
-3091
-3340
-3917
-4362
-3328
-1025
1328
2586
3280
4322
5394
5807
5138
4206
3506
2773
1594
523
363
813
869
87
-904
-1422
-1546
-1689
-1930
-1902
-1551
-1067
-679
-270
138
170
278
700
1839
3032
3667
3669
3465
3856
4173
4018
2918
1719
839
182
-511
-1251
-1345
-1125
-1102
-1742
-2288
-2143
-1530
-1037
-1047
-878
-481
-135
-532
-1355
-1870
-2001
-2002
-2287
-2278
-1937
-1472
-1647
-2272
-2857
-3051
-3111
-3373
-3671
-3942
-4207
-4373
-3730
-1950
462
2264
3324
4032
5070
5923
6059
5379
4535
3972
3373
2620
1903
1591
1341
731
-390
-1477
-2037
-2226
-2280
-2327
-1986
-1309
-535
-25
114
40
129
683
1722
2922
3721
3995
3881
4189
4554
4682
3779
2357
1086
248
-304
-1070
-1569
-1801
-1900
-2521
-3278
-3539
-2995
-2171
-1762
-1473
-884
-71
141
-494
-1270
-1586
-1445
-1521
-1748
-1776
-1521
-1451
-1911
-2523
-2864
-2942
-3142
-3583
-4013
-4306
-4405
-4158
-3139
-1366
439
1846
2738
3727
4564
5127
5121
4710
4429
4075
3716
3186
2801
2443
1819
936
-227
-1104
-1721
-2044
-2212
-2037
-1418
-726
-94
-5
67
27
502
1283
2352
3250
3539
3611
3578
4244
4623
4493
3381
2211
1402
772
179
-724
-1273
-1681
-2153
-2990
-3839
-3974
-3581
-2876
-2425
-1799
-1131
-648
-795
-1408
-1652
-1682
-1455
-1621
-1742
-1692
-1464
-1422
-1829
-2216
-2449
-2393
-2587
-2904
-3410
-3816
-3941
-3615
-2538
-1184
303
1441
2331
3075
3591
3994
3996
3935
3728
3442
3179
2830
2727
2506
2160
1419
561
-131
-625
-892
-1191
-1220
-1099
-743
-543
-407
-409
-273
362
1365
2525
3107
3258
3078
3348
3787
3938
3413
2487
1841
1434
1194
666
109
-279
-615
-1268
-2250
-3033
-3234
-2932
-2558
-2282
-1926
-1495
-1259
-1554
-1969
-2137
-1861
-1614
-1586
-1715
-1718
-1579
-1613
-1795
-2051
-2042
-2002
-2009
-2164
-2361
-2532
-2684
-2624
-2112
-1170
-23
806
1441
1939
2424
2847
2974
2940
2693
2441
2055
1656
1437
1416
1464
1275
910
524
239
171
99
66
-73
-224
-352
-352
-141
207
848
1623
2368
2674
2626
2541
2711
3025
3058
2581
1864
1307
1084
810
267
-309
-746
-1024
-1570
-2272
-2805
-2730
-2263
-1839
-1629
-1347
-882
-491
-481
-718
-850
-693
-393
-264
-324
-471
-524
-558
-492
-485
-529
-703
-965
-1128
-1163
-1190
-1549
-2125
-2648
-2784
-2536
-2089
-1591
-1129
-611
-101
399
757
850
642
211
-147
-271
-120
158
462
757
1083
1357
1592
1769
1809
1651
1301
948
708
701
886
1256
1554
1645
1563
1466
1642
1880
1968
1674
1281
1039
1035
1048
846
504
204
31
-241
-649
-1053
-1143
-969
-671
-465
-290
-26
320
561
516
268
2
-93
-107
-232
-525
-838
-952
-745
-372
-22
46
-104
-304
-398
-475
-698
-1155
-1698
-2105
-2285
-2326
-2329
-2262
-2193
-2023
-1806
-1483
-1235
-1258
-1566
-1933
-2032
-1811
-1395
-1034
-726
-423
-30
487
1046
1469
1646
1653
1643
1746
1860
1998
2156
2390
2548
2487
2315
2235
2411
2618
2584
2386
2296
2394
2398
2128
1647
1267
1066
806
271
-360
-780
-862
-736
-610
-579
-594
-465
-264
-96
-156
-372
-606
-718
-794
-973
-1297
-1605
-1580
-1315
-890
-624
-525
-575
-701
-785
-929
-1129
-1466
-1788
-1988
-2045
-2098
-2187
-2261
-2221
-2048
-1825
-1540
-1295
-1146
-1166
-1207
-1103
-735
-322
-27
145
263
486
733
1010
1165
1279
1378
1512
1627
1691
1733
1844
1981
1952
1705
1427
1414
1596
1735
1659
1546
1658
1972
2186
2051
1681
1406
1290
1138
711
149
-170
-126
67
95
-50
-129
-4
156
119
-107
-325
-406
-454
-561
-762
-932
-1003
-933
-702
-376
-105
-41
-173
-349
-527
-798
-1177
-1589
-1830
-1941
-2051
-2266
-2486
-2563
-2497
-2395
-2390
-2439
-2517
-2508
-2361
-2093
-1730
-1362
-978
-551
-72
449
931
1291
1464
1476
1475
1629
1887
2055
2076
2054
2143
2267
2282
2083
1832
1648
1466
1173
807
617
741
1072
1261
1248
1222
1293
1397
1348
1046
674
523
642
747
682
507
466
565
562
338
2
-167
-165
-216
-458
-732
-841
-785
-674
-554
-389
-217
-152
-213
-355
-536
-748
-1034
-1281
-1444
-1572
-1781
-2046
-2226
-2219
-2107
-2063
-2137
-2312
-2468
-2613
-2655
-2440
-2103
-1785
-1597
-1418
-1088
-589
12
472
697
775
893
1152
1486
1803
1978
2058
2130
2188
2209
2150
2055
1893
1619
1254
920
792
872
994
991
945
990
1117
1186
1095
905
798
907
1090
1224
1223
1227
1284
1278
1081
698
389
242
196
40
-216
-435
-496
-427
-391
-430
-527
-628
-716
-777
-852
-972
-1118
-1227
-1284
-1359
-1517
-1801
-2090
-2230
-2149
-1966
-1838
-1788
-1842
-1939
-2026
-2055
-1973
-1804
-1617
-1512
-1439
-1258
-865
-356
60
294
393
541
848
1167
1429
1607
1764
1889
1938
1948
1949
1919
1730
1355
958
697
657
667
599
518
545
723
875
880
774
689
756
940
1121
1191
1271
1441
1616
1634
1438
1156
970
877
712
452
197
100
83
48
-69
-185
-263
-337
-460
-645
-828
-993
-1141
-1290
-1429
-1591
-1794
-2012
-2187
-2259
-2189
-2047
-1941
-1919
-1935
-1927
-1890
-1849
-1806
-1722
-1565
-1329
-1103
-899
-680
-429
-242
-138
18
332
773
1135
1368
1530
1712
1898
1960
1885
1764
1660
1507
1251
964
789
746
735
672
555
517
562
584
549
490
519
673
831
930
1028
1198
1476
1678
1627
1393
1140
989
880
688
399
127
-44
-118
-134
-128
-119
-142
-228
-341
-437
-500
-591
-783
-1040
-1334
-1623
-1869
-2090
-2238
-2259
-2141
-1979
-1881
-1842
-1811
-1769
-1765
-1852
-1930
-1960
-1896
-1761
-1522
-1145
-748
-440
-316
-241
-75
298
795
1267
1637
1896
2089
2242
2354
2406
2285
2043
1739
1464
1236
1055
908
809
739
646
534
386
263
168
116
172
276
380
435
524
754
1052
1240
1202
1078
1009
1021
957
744
460
245
94
-70
-196
-229
-129
-32
19
35
68
104
45
-157
-492
-914
-1369
-1782
-2095
-2228
-2216
-2113
-1989
-1863
-1736
-1644
-1608
-1683
-1834
-1989
-2116
-2236
-2299
-2205
-1892
-1390
-931
-626
-456
-243
73
437
822
1219
1561
1788
1915
2037
2225
2371
2348
2132
1877
1698
1591
1513
1401
1234
1009
746
494
291
201
205
290
401
468
537
630
782
906
928
859
778
801
868
869
772
605
445
268
69
-103
-202
-225
-193
-104
24
199
326
318
148
-129
-456
-829
-1260
-1671
-1942
-2062
-2064
-2053
-2023
-1956
-1842
-1764
-1762
-1822
-1873
-1918
-2008
-2098
-2176
-2117
-1935
-1646
-1312
-946
-555
-205
132
492
926
1330
1588
1676
1672
1707
1782
1899
1931
1849
1724
1715
1762
1737
1592
1313
978
630
334
136
122
248
400
525
699
954
1184
1277
1194
1057
1003
995
948
844
714
590
461
315
152
11
-110
-214
-260
-178
-5
172
228
155
23
-114
-279
-529
-838
-1131
-1323
-1454
-1535
-1607
-1650
-1693
-1737
-1816
-1881
-1952
-2006
-2078
-2162
-2228
-2248
-2247
-2255
-2211
-2020
-1607
-1136
-715
-425
-145
201
596
959
1186
1323
1417
1544
1711
1889
2017
2052
2048
2040
2015
1894
1627
1226
804
400
130
32
68
181
354
610
969
1339
1517
1501
1409
1376
1378
1291
1090
875
717
590
452
316
232
199
151
64
46
137
248
260
108
-114
-342
-540
-739
-924
-1081
-1198
-1270
-1334
-1330
-1303
-1292
-1363
-1494
-1626
-1715
-1771
-1834
-1910
-1982
-1996
-2015
-2041
-2100
-2092
-1924
-1557
-1110
-736
-468
-266
-47
208
466
710
930
1099
1229
1367
1554
1797
2008
2078
2014
1879
1700
1488
1159
761
393
142
21
-4
88
313
614
939
1169
1264
1289
1314
1343
1333
1230
1066
907
783
656
509
394
336
331
317
285
279
331
386
361
236
22
-230
-511
-770
-964
-1084
-1171
-1274
-1345
-1378
-1371
-1364
-1375
-1418
-1488
-1569
-1632
-1655
-1652
-1655
-1694
-1763
-1812
-1813
-1757
-1621
-1396
-1085
-797
-588
-442
-262
-38
224
498
718
890
1014
1155
1360
1611
1838
1916
1807
1653
1521
1358
1120
792
473
231
90
68
174
405
677
892
1042
1146
1218
1251
1224
1148
1054
945
828
704
588
507
434
382
338
255
164
99
84
92
115
74
-48
-209
-349
-458
-593
-746
-908
-1046
-1171
-1242
-1305
-1353
-1364
-1377
-1376
-1388
-1377
-1331
-1293
-1299
-1298
-1267
-1221
-1179
-1188
-1204
-1153
-987
-785
-624
-511
-366
-164
88
341
560
765
916
1010
1112
1246
1376
1418
1352
1233
1112
983
824
651
472
314
213
206
318
490
657
786
900
1034
1115
1101
1017
938
866
799
694
590
533
506
482
441
388
308
198
101
58
25
-32
-121
-227
-317
-385
-485
-603
-720
-832
-946
-1056
-1158
-1234
-1284
-1344
-1402
-1423
-1401
-1353
-1310
-1275
-1219
-1107
-916
-768
-696
-730
-798
-815
-775
-659
-531
-392
-284
-151
24
277
550
789
959
1060
1127
1175
1233
1262
1226
1130
976
844
747
644
522
396
333
309
323
351
419
555
677
771
807
840
850
794
704
615
565
529
472
404
361
344
308
269
235
225
219
164
86
1
-70
-160
-291
-424
-537
-620
-704
-806
-918
-1014
-1082
-1152
-1241
-1337
-1410
-1440
-1451
-1432
-1386
-1280
-1122
-946
-782
-702
-683
-712
-771
-809
-802
-690
-514
-374
-257
-117
113
412
733
998
1184
1314
1363
1399
1399
1382
1335
1213
1062
932
816
725
645
577
511
434
410
423
488
540
590
635
668
652
595
527
467
434
386
328
272
224
183
139
92
70
65
28
-32
-87
-144
-193
-279
-371
-486
-565
-631
-698
-727
-764
-792
-834
-875
-931
-1009
-1071
-1141
-1181
-1173
-1112
-1035
-942
-829
-711
-636
-598
-636
-734
-847
-936
-907
-817
-703
-592
-469
-286
-44
228
514
780
998
1166
1271
1346
1400
1448
1442
1374
1267
1156
1062
967
850
738
663
637
623
615
635
688
725
700
651
599
566
519
417
323
262
215
153
113
110
97
72
15
-29
-52
-89
-165
-257
-323
-385
-453
-515
-575
-629
-690
-734
-781
-834
-901
-988
-1068
-1117
-1113
-1088
-1031
-964
-855
-755
-684
-633
-578
-567
-649
-754
-877
-992
-1066
-1071
-1011
-898
-756
-594
-435
-199
61
329
574
771
937
1085
1229
1327
1383
1384
1323
1237
1145
1067
999
905
814
764
714
693
683
683
714
747
770
774
782
777
727
637
541
445
350
283
252
245
240
210
175
128
87
51
-26
-107
-181
-250
-333
-392
-420
-476
-558
-680
-792
-901
-1003
-1099
-1153
-1135
-1079
-1019
-950
-861
-758
-679
-653
-684
-723
-758
-834
-930
-1040
-1123
-1165
-1172
-1152
-1088
-975
-816
-638
-427
-171
92
320
530
732
924
1078
1177
1238
1241
1222
1186
1152
1106
1060
982
907
841
801
783
759
765
793
836
867
889
913
906
827
700
546
423
329
272
220
173
143
109
67
22
-6
-44
-71
-106
-131
-152
-158
-185
-224
-292
-380
-480
-591
-672
-740
-772
-797
-785
-754
-729
-701
-700
-712
-739
-761
-803
-853
-917
-1003
-1105
-1199
-1271
-1322
-1336
-1329
-1274
-1172
-1009
-795
-539
-280
-31
203
416
621
808
960
1054
1099
1106
1115
1119
1119
1104
1037
977
931
906
853
851
868
872
867
869
921
970
992
972
899
793
677
542
441
327
250
170
84
1
-55
-79
-115
-122
-108
-70
-53
-73
-92
-133
-206
-277
-348
-416
-474
-531
-559
-573
-553
-531
-518
-514
-551
-609
-705
-761
-819
-868
-931
-1015
-1068
-1147
-1214
-1272
-1304
-1327
-1350
-1319
-1246
-1087
-886
-658
-417
-186
47
255
445
602
746
860
925
985
1009
999
976
948
934
915
906
893
878
880
901
909
923
945
969
1006
1029
1037
1004
953
850
708
550
412
299
204
125
44
-7
-41
-43
-30
-24
-24
-27
-72
-139
-217
-285
-338
-371
-395
-435
-479
-516
-532
-534
-528
-526
-554
-602
-648
-712
-747
-775
-796
-837
-895
-937
-1000
-1049
-1089
-1124
-1157
-1162
-1147
-1107
-1016
-877
-713
-520
-322
-122
54
235
393
531
660
750
811
834
849
840
822
811
814
826
820
819
818
835
839
851
871
898
934
962
980
942
885
777
648
503
376
262
170
117
79
73
71
87
100
108
98
73
47
-9
-73
-122
-158
-173
-202
-234
-280
-321
-377
-415
-435
-464
-498
-553
-609
-670
-710
-752
-782
-831
-870
-922
-958
-977
-1001
-1011
-1043
-1049
-1045
-998
-930
-835
-733
-621
-470
-305
-137
10
144
263
383
481
573
641
693
716
712
722
725
751
751
761
780
800
824
831
861
899
930
931
922
883
807
701
590
474
372
290
220
174
136
130
125
127
131
143
153
143
126
101
72
31
-8
-54
-102
-151
-210
-275
-333
-383
-441
-473
-507
-545
-599
-654
-707
-742
-764
-790
-821
-847
-861
-858
-849
-843
-832
-826
-808
-792
-747
-710
-647
-587
-515
-430
-333
-226
-124
-4
107
224
316
395
453
507
542
576
597
622
652
689
725
763
798
823
844
858
864
854
831
786
732
664
603
528
481
422
365
308
263
229
196
189
184
191
202
207
194
165
119
75
21
-25
-66
-113
-168
-227
-265
-308
-344
-385
-430
-480
-527
-564
-594
-627
-659
-691
-720
-751
-758
-759
-755
-745
-731
-718
-706
-673
-641
-607
-586
-548
-502
-446
-388
-316
-238
-147
-47
52
134
203
273
327
389
442
496
541
592
647
684
711
724
715
703
674
645
611
580
554
515
492
468
460
439
418
391
372
356
335
311
283
263
238
221
190
163
128
92
49
7
-25
-65
-105
-145
-180
-211
-239
-269
-305
-338
-364
-384
-402
-410
-427
-453
-488
-531
-562
-591
-608
-633
-648
-645
-637
-621
-613
-597
-593
-585
-568
-544
-504
-457
-402
-344
-291
-232
-160
-85
-3
67
146
217
311
406
504
595
667
726
745
751
729
714
686
658
625
589
562
537
522
498
474
451
437
422
412
399
392
381
370
345
307
259
202
149
89
43
-1
-43
-96
-145
-198
-247
-296
-330
-356
-374
-387
-402
-399
-392
-366
-353
-349
-363
-385
-409
-444
-481
-517
-542
-565
-569
-565
-543
-532
-522
-514
-494
-469
-445
-415
-390
-363
-331
-303
-268
-237
-186
-120
-39
52
142
239
344
457
566
657
726
770
789
790
770
742
709
672
634
590
553
521
491
475
463
461
446
435
420
405
389
359
320
271
217
162
99
40
-16
-65
-116
-184
-253
-321
-377
-420
-449
-467
-474
-472
-451
-426
-387
-355
-325
-306
-304
-320
-360
-393
-429
-457
-491
-515
-526
-527
-517
-503
-489
-471
-447
-412
-379
-348
-327
-303
-284
-263
-241
-217
-184
-139
-66
16
111
201
294
381
469
554
632
691
721
735
738
737
722
694
648
600
554
512
482
460
444
432
415
400
380
361
332
300
261
220
180
134
84
30
-24
-78
-132
-187
-238
-288
-324
-352
-360
-360
-350
-344
-337
-320
-295
-272
-259
-252
-257
-270
-294
-320
-355
-392
-432
-466
-495
-514
-526
-528
-519
-501
-471
-442
-405
-374
-336
-300
-260
-225
-192
-150
-105
-47
10
72
129
189
248
309
369
419
470
511
557
593
626
639
641
634
620
595
558
518
479
447
414
383
356
335
317
297
276
256
233
215
194
162
121
80
39
-4
-49
-95
-133
-162
-186
-204
-221
-229
-233
-234
-239
-243
-247
-247
-243
-246
-255
-273
-285
-308
-339
-379
-419
-458
-496
-529
-553
-562
-561
-551
-535
-514
-481
-445
-404
-366
-326
-286
-240
-192
-145
-96
-52
-7
35
80
115
153
190
230
275
318
368
420
476
526
568
598
617
627
623
608
580
548
515
485
452
419
390
362
339
314
286
257
232
207
179
148
117
85
58
31
6
-21
-43
-66
-85
-102
-118
-136
-154
-164
-176
-183
-200
-210
-226
-242
-268
-303
-330
-364
-391
-430
-458
-492
-508
-522
-527
-526
-518
-495
-469
-435
-400
-352
-304
-256
-211
-177
-143
-116
-88
-67
-47
-28
-8
11
31
52
78
105
132
159
194
233
278
325
368
407
435
454
462
463
454
444
431
416
398
379
361
344
323
299
277
253
236
218
207
193
186
170
155
138
118
98
74
55
31
12
-15
-39
-67
-89
-114
-144
-177
-208
-238
-265
-294
-322
-348
-375
-390
-406
-416
-427
-433
-428
-416
-399
-380
-353
-315
-273
-228
-189
-143
-109
-77
-52
-33
-12
-4
5
4
7
5
-1
-1
-7
2
3
9
13
25
49
72
102
130
167
202
232
253
272
284
285
284
276
267
254
240
223
207
197
194
195
198
210
229
243
252
250
245
231
215
193
167
139
107
76
38
4
-31
-63
-95
-130
-165
-196
-225
-247
-274
-295
-313
-325
-332
-338
-338
-335
-323
-311
-299
-288
-266
-238
-204
-174
-139
-108
-71
-38
-7
17
35
54
64
70
67
65
59
46
29
11
-2
-11
-20
-25
-24
-18
-3
15
39
64
90
113
128
139
144
142
134
123
111
99
93
91
87
91
104
134
165
197
221
236
242
241
235
217
198
172
149
119
85
54
22
-8
-39
-66
-96
-124
-144
-162
-177
-190
-195
-198
-204
-202
-198
-193
-189
-190
-185
-183
-174
-167
-151
-130
-104
-75
-50
-18
7
33
46
63
73
82
85
88
88
80
70
53
37
13
-11
-29
-35
-40
-43
-43
-36
-22
-11
-3
-2
0
-4
-8
-18
-24
-31
-31
-28
-21
-12
2
26
49
74
94
117
133
145
150
148
145
136
126
113
97
79
57
39
18
-4
-28
-44
-55
-66
-81
-93
-100
-101
-99
-101
-99
-99
-95
-91
-88
-86
-85
-80
-74
-64
-56
-41
-22
-3
14
31
50
63
77
88
100
104
109
112
110
101
92
84
70
54
39
29
18
13
-1
-5
-13
-11
-14
-17
-19
-30
-38
-57
-63
-72
-79
-83
-86
-74
-65
-52
-43
-30
-14
0
17
27
37
38
40
40
43
41
37
32
23
13
-3
-16
-30
-36
-45
-50
-54
-53
-50
-45
-39
-34
-29
-23
-23
-17
-16
-9
-6
-1
8
14
26
33
42
47
52
55
60
70
78
86
86
89
93
96
94
89
80
68
58
50
42
34
23
5
-11
-28
-38
-50
-58
-66
-72
-76
-81
-84
-90
-94
-100
-104
-106
-105
-101
-93
-86
-75
-70
-61
-50
-37
-26
-17
-9
-6
-1
2
9
13
15
11
3
-2
-8
-12
-18
-23
-26
-30
-22
-14
5
11
21
30
38
44
38
40
41
46
50
53
63
70
78
82
84
88
87
90
90
94
92
92
96
96
98
93
91
85
79
73
67
59
45
34
22
13
1
-15
-27
-42
-52
-63
-75
-85
-100
-107
-119
-125
-132
-134
-133
-135
-128
-128
-121
-121
-116
-108
-95
-80
-71
-60
-50
-41
-33
-32
-29
-34
-36
-41
-45
-44
-45
-35
-26
-14
-9
-4
1
7
15
20
24
27
32
40
48
55
64
75
86
94
101
108
114
120
126
126
128
131
131
135
137
139
138
137
130
121
111
96
84
70
61
54
47
42
30
18
1
-16
-34
-53
-70
-86
-95
-106
-112
-117
-120
-121
-124
-124
-130
-132
-137
-138
-138
-134
-126
-117
-105
-96
-86
-82
-76
-76
-76
-77
-78
-78
-77
-75
-69
-61
-50
-38
-27
-15
-5
7
17
25
31
37
40
42
43
46
51
60
70
79
89
97
104
108
111
114
118
123
127
134
139
143
147
146
143
137
129
118
106
94
82
73
65
55
47
35
24
10
-6
-22
-37
-49
-57
-66
-72
-76
-80
-84
-92
-97
-105
-111
-115
-119
-119
-120
-115
-111
-108
-106
-106
-106
-108
-110
-110
-109
-105
-100
-93
-85
-76
-69
-62
-54
-46
-34
-22
-6
6
19
28
34
38
38
41
42
47
51
56
63
66
70
72
74
77
79
85
89
98
105
115
123
130
135
137
136
133
128
122
115
105
98
89
79
71
62
54
43
33
21
8
-6
-20
-32
-42
-49
-57
-61
-70
-74
-84
-92
-99
-105
-109
-113
-114
-115
-117
-118
-122
-128
-134
-138
-140
-141
-137
-129
-119
-109
-97
-87
-77
-70
-62
-52
-43
-30
-20
-5
3
13
19
24
29
33
41
47
54
62
66
73
76
81
85
89
95
100
107
113
120
125
130
134
134
134
133
129
124
117
109
100
88
77
65
54
44
36
29
19
12
0
-12
-25
-36
-45
-54
-60
-65
-67
-71
-74
-77
-81
-83
-87
-89
-94
-98
-104
-109
-114
-119
-123
-124
-123
-120
-113
-106
-98
-90
-83
-77
-70
-63
-57
-47
-36
-25
-16
-6
1
8
12
17
23
30
38
47
58
68
79
88
95
102
107
113
116
122
126
132
137
140
144
144
145
142
137
130
119
107
94
80
66
50
39
26
15
4
-8
-21
-33
-46
-60
-73
-83
-93
-101
-108
-112
-115
-117
-117
-119
-118
-118
-117
-116
-115
-114
-114
-113
-111
-108
-104
-97
-90
-83
-76
-70
-65
-60
-54
-47
-39
-31
-20
-11
-3
5
11
16
20
23
27
31
39
47
59
72
85
96
108
117
126
132
136
139
143
145
148
150
151
151
149
146
141
133
122
110
96
82
67
53
39
26
12
-1
-15
-30
-43
-55
-68
-79
-89
-99
-107
-115
-120
-126
-130
-132
-133
-133
-130
-127
-122
-116
-111
-106
-102
-98
-93
-88
-82
-76
-70
-63
-58
-54
-49
-45
-41
-36
-30
-23
-16
-10
-5
-3
-1
1
1
2
4
11
19
30
43
58
74
87
99
109
115
121
126
130
134
139
141
142
143
141
138
134
128
119
110
100
89
77
66
53
42
29
15
3
-10
-23
-35
-47
-56
-64
-71
-78
-82
-86
-90
-92
-96
-99
-98
-99
-98
-95
-91
-86
-81
-77
-72
-70
-69
-67
-67
-67
-67
-66
-65
-62
-60
-57
-53
-50
-46
-42
-38
-35
-34
-33
-32
-29
-28
-23
-16
-6
5
17
31
45
58
68
79
86
94
101
109
115
121
126
130
133
134
133
132
128
124
116
110
102
93
85
75
66
56
47
36
25
13
0
-13
-25
-38
-49
-59
-65
-72
-76
-79
-82
-86
-88
-90
-92
-93
-93
-92
-90
-87
-85
-84
-83
-81
-83
-84
-84
-86
-85
-83
-81
-78
-75
-71
-66
-61
-57
-53
-47
-42
-36
-32
-24
-16
-7
3
13
25
37
48
60
70
80
88
96
104
110
118
123
127
132
135
137
138
138
136
132
128
122
115
109
101
96
89
82
74
66
57
46
33
19
4
-10
-24
-36
-49
-60
-68
-77
-84
-91
-98
-104
-111
-115
-118
-121
-119
-117
-115
-111
-108
-105
-105
-103
-102
-99
-97
-94
-90
-85
-81
-77
-72
-67
-63
-57
-51
-44
-38
-32
-23
-14
-4
5
16
26
36
47
56
63
71
76
82
87
92
96
100
102
104
105
105
106
105
107
106
105
105
102
100
97
94
90
86
83
77
72
64
57
49
39
28
18
7
-1
-10
-19
-26
-35
-44
-53
-63
-73
-83
-91
-97
-101
-105
-104
-105
-106
-106
-107
-108
-109
-110
-109
-109
-107
-104
-102
-98
-95
-90
-85
-79
-71
-62
-54
-43
-33
-23
-12
-1
11
22
34
44
53
62
69
76
82
87
91
94
96
97
97
95
93
91
88
88
86
88
89
91
93
94
94
92
90
86
82
78
74
67
62
55
50
42
35
27
19
11
3
-6
-15
-25
-35
-46
-57
-68
-78
-88
-95
-103
-109
-114
-119
-122
-125
-128
-130
-131
-132
-132
-132
-131
-130
-126
-123
-118
-111
-102
-92
-80
-67
-53
-40
-27
-13
-1
10
21
31
42
54
65
75
85
93
100
104
107
110
110
110
110
108
107
105
102
102
100
99
98
96
95
93
90
87
83
78
73
69
64
58
53
47
41
35
26
19
10
0
-10
-18
-27
-34
-43
-50
-57
-64
-72
-81
-89
-97
-105
-112
-116
-120
-122
-125
-125
-124
-124
-124
-124
-122
-120
-116
-110
-103
-94
-84
-72
-59
-46
-35
-22
-12
-3
7
16
24
33
40
49
57
65
71
76
80
82
85
85
85
85
86
87
86
88
86
85
84
83
81
80
78
76
74
72
69
67
64
61
58
55
51
46
39
32
23
14
5
-4
-11
-18
-24
-29
-34
-38
-42
-47
-54
-61
-68
-76
-82
-87
-92
-95
-97
-97
-96
-95
-95
-94
-91
-90
-87
-83
-77
-71
-64
-55
-47
-38
-29
-19
-10
-3
5
11
16
21
25
27
31
35
37
40
42
44
46
48
50
52
53
54
56
56
56
57
57
57
58
61
62
64
67
69
70
70
70
69
68
65
61
56
51
44
38
31
24
16
8
1
-7
-14
-22
-29
-35
-42
-47
-52
-58
-63
-69
-74
-79
-84
-89
-92
-95
-98
-98
-97
-95
-91
-88
-84
-79
-76
-71
-68
-62
-57
-50
-42
-33
-24
-14
-5
2
9
13
17
20
23
26
29
33
37
41
45
50
53
55
57
57
58
58
58
58
57
59
60
63
66
69
72
74
75
77
78
77
75
73
71
67
63
58
53
48
42
36
28
20
12
3
-6
-15
-22
-29
-35
-41
-46
-53
-58
-64
-71
-76
-83
-88
-91
-95
-95
-95
-93
-92
-89
-87
-85
-84
-83
-82
-79
-75
-71
-64
-56
-47
-40
-32
-26
-22
-17
-13
-8
-3
2
10
16
23
29
36
42
46
50
53
56
59
62
65
68
70
73
76
78
80
82
84
84
85
85
85
84
83
82
79
77
73
68
64
58
51
45
37
29
20
10
3
-6
-13
-21
-28
-34
-41
-47
-53
-60
-66
-72
-77
-81
-85
-87
-88
-89
-88
-88
-87
-86
-85
-84
-82
-81
-79
-75
-71
-66
-61
-55
-50
-43
-40
-34
-30
-25
-20
-14
-8
0
8
15
21
26
32
35
39
42
45
48
51
55
58
60
64
66
67
68
69
70
70
71
71
70
72
71
70
69
68
67
64
62
58
53
49
43
37
30
23
17
11
3
-3
-9
-14
-21
-27
-33
-39
-44
-48
-52
-57
-59
-62
-65
-67
-68
-70
-71
-71
-71
-71
-70
-69
-68
-66
-64
-61
-58
-54
-51
-47
-43
-39
-34
-30
-25
-21
-15
-11
-5
1
5
10
15
19
24
26
30
34
35
37
40
41
43
44
46
47
49
50
51
51
52
53
52
53
52
51
51
49
48
48
46
43
42
39
35
31
26
22
18
14
10
6
2
-1
-6
-10
-13
-18
-22
-26
-29
-32
-36
-39
-41
-43
-44
-47
-49
-50
-52
-52
-52
-53
-52
-53
-51
-49
-47
-45
-42
-39
-37
-34
-30
-28
-24
-20
-16
-11
-7
-2
3
8
11
16
21
24
27
29
30
32
34
36
36
38
39
40
41
42
41
42
40
40
39
39
37
36
34
33
33
30
29
26
24
21
19
15
11
9
6
3
0
-3
-6
-8
-10
-13
-17
-21
-23
-25
-28
-31
-32
-34
-35
-37
-38
-39
-39
-40
-39
-39
-39
-37
-37
-34
-31
-29
-27
-24
-21
-18
-17
-14
-11
-9
-6
-3
1
4
7
10
13
16
18
20
22
23
25
25
26
27
27
27
27
27
28
27
27
27
27
26
25
24
22
20
19
18
16
15
14
12
10
8
7
4
2
0
-2
-4
-5
-7
-8
-10
-11
-13
-14
-15
-17
-18
-19
-20
-20
-21
-21
-21
-22
-22
-22
-22
-21
-20
-20
-20
-18
-16
-15
-14
-12
-10
-9
-7
-5
-4
-1
0
1
2
4
5
7
8
10
12
13
13
14
14
16
15
15
15
16
15
15
15
15
15
14
15
13
13
12
12
10
9
9
7
7
5
4
3
2
1
-1
-2
-3
-4
-4
-5
-6
-7
-8
-8
-10
-9
-11
-11
-11
-13
-13
-12
-12
-12
-13
-12
-12
-12
-12
-12
-11
-11
-10
-10
-9
-8
-8
-7
-6
-5
-4
-3
-2
-1
0
2
2
3
4
6
6
8
8
9
11
11
12
13
14
14
15
15
16
15
15
15
16
15
14
14
13
13
12
11
10
8
7
7
6
4
3
1
1
-1
-1
-3
-3
-5
-6
-7
-6
-8
-8
-9
-10
-10
-10
-10
-10
-11
-12
-11
-11
-12
-11
-11
-11
-11
-10
-10
-10
-9
-9
-9
-8
-8
-7
-6
-7
-6
-5
-5
-4
-4
-3
-2
-2
0
-1
1
1
2
3
4
4
6
7
6
8
8
9
9
10
10
11
11
11
11
11
11
11
12
10
10
10
10
9
9
7
6
5
4
5
4
3
2
1
0
0
-2
-1
-2
-2
-4
-5
-4
-5
-5
-6
-5
-6
-7
-6
-7
-7
-7
-7
-7
-7
-7
-6
-7
-6
-7
-6
-6
-6
-6
-5
-6
-5
-5
-4
-4
-4
-3
-3
-2
-2
-2
-2
-1
0
0
0
0
2
1
1
2
3
2
4
4
4
5
4
5
5
6
6
7
5
5
5
6
5
5
5
3
4
4
3
3
3
2
1
2
2
1
0
0
0
-1
-1
-1
-2
-2
-1
-2
-2
-3
-2
-2
-2
-3
-2
-3
-3
-4
-2
-2
-2
-2
-3
-3
-2
-2
-1
-1
-1
-2
-1
-1
-1
-1
0
-1
-1
0
1
0
1
1
1
1
1
1
2
2
2
2
1
1
3
2
2
2
2
3
2
1
2
1
2
2
1
2
1
1
1
1
0
0
0
0
-1
0
-1
-1
0
-1
-1
-1
-1
-1
-2
-1
-2
-2
-2
-1
-2
-1
-2
-2
-1
-1
-2
-2
-2
-2
-1
-2
-2
-1
-2
-2
-1
-1
-2
-1
-1
-1
-1
-1
-1
-1
-1
-1
0
0
1
1
1
1
1
0
0
1
2
1
0
2
2
2
2
1
2
2
2
2
2
1
1
2
2
2
1
2
2
2
1
1
1
1
1
1
1
0
0
0
0
1
0
-1
0
0
-2
0
-1
-1
-1
-1
-1
-1
-2
-2
-1
-1
-1
-1
-1
-2
-2
-2
-2
-1
-2
-2
-2
-1
-2
-1
-2
-1
-1
0
0
-2
0
-1
-1
-1
-1
-1
-1
0
0
-1
0
0
-1
1
0
0
0
0
1
0
1
1
1
1
1
2
1
1
0
2
2
1
1
2
1
1
1
1
1
1
2
1
1
1
1
0
1
0
1
0
-1
0
0
1
0
0
1
-1
0
0
0
0
0
0
-1
-1
-1
0
-1
-1
-1
-1
0
-1
-2
-1
-1
0
0
0
-1
0
0
0
-1
1
0
0
0
0
0
0
1
0
0
0
0
0
1
1
0
1
0
1
0
0
1
0
0
0
0
-1
0
0
0
-1
1
0
0
0
0
1
1
0
0
0
0
1
0
1
0
0
1
0
1
0
0
1
1
0
0
0
0
0
-1
0
0
-1
-1
0
0
0
0
0
0
0
0
0
1
0
0
0
0
-1
0
0
0
0
0
-1
0
0
0
1
1
0
0
-1
0
0
1
0
0
-1
1
0
0
-1
0
-1
0
0
0
0
0
0
0
0
0
0
0
0
0
0
0
-1
0
1
0
0
1
-1
0
-1
-1
0
0
0
0
0
1
0
0
0
0
-1
1
0
1
1
0
0
0
1
0
1
0
0
1
0
0
0
0
0
1
0
-1
0
0
0
0
0
0
-1
0
0
-1
0
0
0
0
0
0
0
1
0
0
-1
-1
0
0
0
0
-1
0
-1
0
0
0
-1
-1
-1
0
0
0
0
-1
0
0
1
-1
0
0
-1
0
0
0
1
0
0
0
0
0
0
1
1
0
1
0
0
0
-1
-1
0
0
0
0
1
0
0
0
0
0
0
1
0
-1
0
0
0
0
0
1
0
0
0
0
0
0
0
0
0
0
1
0
0
0
0
0
0
0
0
0
0
0
0
0
-1
-1
0
0
0
0
0
0
-1
0
0
-1
0
0
0
0
0
0
0
0
0
0
0
0
0
0
0
0
0
-1
0
0
1
0
0
-1
1
0
0
0
0
0
0
0
0
0
0
-1
1
0
0
-1
0
0
0
1
0
-1
0
0
0
0
0
0
0
1
-1
0
0
0
-1
-1
0
0
0
1
0
0
0
0
0
1
0
-1
-1
0
0
0
0
0
0
0
-1
0
-1
0
1
0
0
0
0
1
0
0
0
0
0
-1
-1
0
0
0
0
-1
0
1
0
1
0
0
0
0
-1
0
0
0
-1
0
0
0
0
0
0
0
0
-1
0
0
0
1
0
1
0
-1
0
1
0
0
-1
0
0
0
0
0
0
1
0
1
0
0
0
0
0
1
0
1
0
0
0
1
0
0
0
0
0
-1
0
0
0
0
0
0
0
0
0
-1
0
0
0
0
0
0
0
0
0
0
1
0
1
0
0
1
0
0
1
0
0
1
0
0
1
0
0
0
0
0
0
0
0
0
0
0
1
0
0
-1
0
0
-1
0
-1
0
0
1
1
0
0
0
-1
0
0
0
0
0
0
1
0
0
-1
0
0
0
0
-1
0
1
0
0
0
0
0
-1
0
0
0
0
0
0
0
1
0
0
0
0
0
-1
0
0
0
0
0
1
0
0
0
0
0
0
0
1
0
-1
0
-1
1
0
0
0
0
-1
0
-1
0
0
0
0
-1
1
0
0
0
1
0
-1
0
1
1
0
-1
0
0
0
0
0
0
0
0
-1
0
0
0
0
1
-1
0
0
-1
0
0
0
0
0
1
1
0
0
0
-1
-1
0
0
0
1
0
0
0
0
0
0
1
0
0
-1
0
