0
0
0
1
0
0
0
0
0
0
0
1
0
0
0
1
1
0
0
0
-1
1
1
0
0
0
0
0
0
0
1
0
0
0
1
0
0
0
0
0
-1
0
0
0
0
1
0
0
0
0
0
-1
-1
-1
0
0
0
0
-1
0
0
0
0
0
0
0
0
0
1
0
1
0
0
0
0
0
0
1
-1
0
1
-1
0
0
0
0
0
0
0
-1
0
0
0
-1
0
-1
0
0
0
0
0
-1
0
0
0
0
0
0
-1
0
0
0
0
0
0
0
0
-1
-1
0
0
0
0
0
1
0
0
0
0
0
-1
0
0
0
0
0
0
0
0
0
1
0
1
0
0
1
-1
1
0
0
0
-1
-1
0
0
0
-1
0
-1
0
0
0
-1
0
0
0
0
1
0
0
0
0
0
0
1
0
1
0
0
0
0
0
0
1
0
0
0
1
1
0
0
0
0
0
0
0
0
-1
1
0
0
0
0
0
0
0
1
0
0
-1
0
0
0
-1
-1
0
0
1
0
-1
0
0
0
0
0
0
-1
-1
0
0
-1
1
0
1
0
0
0
0
0
0
1
0
0
0
-1
0
0
0
0
0
1
-1
0
0
0
0
0
0
0
0
0
1
0
0
0
0
0
0
-1
0
0
-1
0
0
-1
0
0
0
0
0
0
0
0
1
0
0
-1
1
0
0
-1
-1
0
0
0
1
-1
0
0
0
-1
1
0
0
0
1
-1
0
0
0
0
0
0
0
0
0
0
0
-1
0
0
0
0
0
0
0
0
0
0
1
-1
0
0
-1
1
0
0
0
0
0
0
0
0
0
0
0
0
0
0
-1
0
0
0
0
0
0
0
-1
0
0
0
-1
0
0
-1
-1
0
0
0
0
0
1
1
-1
0
-1
0
0
0
0
0
0
0
0
1
0
0
0
0
-1
1
0
0
1
0
0
0
0
0
1
1
0
0
0
0
0
-1
0
-1
1
0
1
0
0
1
0
0
1
0
0
0
1
-1
-1
1
0
0
0
-1
0
0
1
0
0
0
0
0
0
-1
0
0
0
-1
0
0
1
1
-1
0
0
0
0
0
0
0
0
0
-1
1
0
0
1
0
0
0
0
1
-1
0
0
0
0
-1
1
0
0
-1
0
0
0
0
0
-1
0
-1
1
0
0
1
0
0
0
0
0
0
0
0
-1
0
0
0
1
0
1
0
0
0
0
-1
0
0
1
1
0
0
0
-1
-1
0
0
0
-1
0
0
1
0
1
0
0
1
0
0
1
0
0
0
0
0
0
0
0
0
0
0
-1
1
0
0
0
0
0
0
0
0
0
0
-1
0
-1
0
0
0
0
0
-1
0
0
0
1
0
0
0
0
0
0
0
0
0
-1
1
1
-1
0
0
0
0
0
0
0
0
0
0
0
0
0
-1
0
0
0
0
0
0
0
0
-1
0
0
0
0
-1
0
-1
0
0
0
0
0
-1
0
0
-1
0
0
0
1
0
0
0
0
0
0
1
0
0
0
0
0
1
0
0
0
1
1
0
0
0
0
0
0
0
0
1
1
1
0
0
-1
0
0
0
-1
-1
0
0
0
0
0
0
0
0
0
0
0
0
0
0
0
0
0
0
0
0
0
1
1
1
0
-1
0
0
0
0
0
0
1
-1
-1
0
0
0
0
0
1
0
-1
0
0
0
0
0
0
0
0
-1
0
0
0
0
1
0
0
0
0
0
-1
1
1
0
0
0
0
1
0
0
0
0
0
0
0
0
0
0
0
0
1
0
0
1
0
0
0
1
0
0
0
0
0
0
0
0
1
0
0
0
-1
0
0
0
0
-1
0
0
0
0
0
0
0
0
0
-1
0
0
0
-1
1
0
-1
0
0
0
0
0
0
0
1
-1
1
-1
0
-1
0
0
0
0
0
0
0
0
0
0
0
0
0
0
0
0
0
0
0
0
0
0
1
-1
0
-1
1
0
1
0
0
0
-1
0
-1
1
-1
1
0
0
0
0
1
0
0
0
1
-1
0
0
-2
1
0
1
-1
1
-1
0
0
0
1
-2
0
0
0
0
0
1
0
0
0
1
-1
0
0
1
-1
0
-1
0
0
0
0
0
0
-1
1
0
1
-1
1
-1
1
0
-1
0
-1
1
-1
2
-1
1
0
0
0
-1
1
-1
1
-1
1
-1
1
0
0
1
-1
1
-2
1
0
1
0
0
0
0
0
-1
0
-1
0
-1
0
-1
1
-1
1
-1
1
-1
1
-1
0
-1
0
1
0
1
-1
1
-2
1
-1
1
0
0
0
-1
1
-1
1
0
1
0
-1
1
-2
1
0
1
0
-1
1
-2
2
-3
3
-2
3
-3
3
-2
1
0
-1
1
-1
2
-2
2
-1
2
-1
1
0
0
1
-1
2
-2
2
-3
1
-2
2
-1
1
0
-1
1
-3
2
-2
2
-2
2
0
-1
0
-1
0
-1
1
-1
0
0
0
1
0
1
-2
3
-1
-1
2
-1
0
1
-1
0
1
0
-2
2
-2
2
-1
1
-2
0
0
-2
3
-2
1
-1
1
0
0
0
1
-2
3
-1
0
2
-1
0
0
1
-2
2
-1
0
0
2
-3
2
1
-2
3
-2
1
0
1
-1
-1
1
-2
0
0
-1
0
0
-1
0
-1
1
-1
1
0
-2
3
-3
1
-1
0
0
-1
3
-2
2
0
0
1
-2
3
-4
3
-2
-1
2
-2
1
-2
0
1
-3
4
-3
0
2
-3
5
-5
4
-3
4
-3
2
-1
-1
3
-2
2
-1
0
1
-1
1
-2
2
-2
3
-1
0
2
-2
2
1
-2
2
-1
-1
2
0
-1
1
-2
0
-1
0
0
0
-2
3
-3
0
0
0
-2
4
-5
2
1
-5
4
-2
1
-3
6
-7
7
-7
4
-2
-2
6
-9
9
-7
5
-3
3
-5
4
-2
-1
2
-1
2
-5
9
-8
8
-4
2
-4
5
-1
-4
9
-11
9
-5
4
-3
3
0
-5
8
-6
2
2
-4
2
3
-4
3
-1
-4
5
-3
1
2
-2
-1
4
-2
-1
5
-6
4
-3
2
-4
4
-2
-3
7
-8
7
-4
2
0
-3
6
-5
4
0
-1
-1
3
-2
1
3
-8
9
-7
5
-3
2
-3
1
2
-7
10
-8
3
0
-1
0
2
-3
4
-3
1
2
-5
4
0
-3
4
-3
-1
0
1
0
-1
1
-1
1
1
0
0
2
-4
6
-9
7
-2
-2
5
-4
2
-2
3
-3
-2
7
-11
12
-4
-1
7
-12
11
-7
3
1
-1
1
-2
5
-8
7
-4
0
2
-5
5
-3
1
5
-4
2
-1
0
-3
6
-6
2
0
1
3
-3
6
-10
9
-9
6
-3
0
4
-3
2
-2
4
-6
3
1
-6
9
-8
7
-1
-3
4
-4
1
-3
7
-8
8
-5
-1
2
1
-1
1
-3
0
3
-2
6
-4
-1
1
0
-1
3
-3
-2
4
-4
3
6
-8
5
1
-5
2
2
-3
0
6
-5
-1
6
-7
8
-7
2
-4
1
-1
1
2
-1
7
-9
6
-8
5
0
3
-1
-5
4
-3
2
3
-8
3
-2
1
-2
2
-6
4
2
-4
4
-4
0
1
5
-5
0
-1
-5
7
-2
1
2
-6
7
-6
4
1
-4
5
-4
3
-3
1
1
-1
0
4
0
-5
9
-9
3
3
-3
-1
2
-3
0
4
-5
6
-1
-2
7
-11
7
-3
-4
11
-9
2
7
-10
11
-10
13
-11
5
-2
-9
13
-10
12
-8
2
0
-5
10
-9
4
-3
-1
-2
5
-3
-1
6
-10
7
1
-2
8
-5
-3
5
-8
9
-6
4
-3
1
9
-7
3
2
-9
5
-2
-2
-1
3
-3
-1
9
-5
5
3
-10
0
3
-7
7
-5
-2
6
-2
1
3
-4
0
4
-3
-3
-2
-3
4
-5
7
-3
3
5
0
-5
7
-4
-8
16
-24
13
-4
1
5
1
2
-6
10
-10
0
5
-11
10
-9
11
-6
2
3
-3
2
-5
4
-4
1
12
-11
9
-7
-10
12
-13
10
-2
3
-1
11
-12
9
-3
-10
17
-20
10
-7
-4
12
-13
8
-1
-6
13
-13
16
-15
10
-3
-3
7
-18
18
-17
15
-8
3
3
0
7
-5
0
-1
-3
4
0
0
-8
5
0
-2
-4
8
-2
2
12
-16
10
-12
13
-17
15
-11
-3
16
-13
13
-5
5
-4
-5
-4
-11
22
-10
3
7
-8
-3
11
-6
-7
9
-18
21
-17
8
5
-6
13
-13
7
-10
7
-8
5
1
-10
5
-1
3
4
-1
7
-8
-2
3
-6
1
-6
10
-3
1
7
-4
3
-8
8
-9
1
3
-11
6
-4
4
5
3
-2
-4
5
-1
6
-8
3
-4
-3
4
-2
5
-8
12
-4
5
-6
1
1
-9
14
-14
10
-3
-2
12
-16
17
-14
4
3
0
-7
8
-2
-6
3
-2
2
1
1
-4
4
-16
19
-11
11
-8
6
-4
11
-9
-4
15
-22
13
1
-9
3
1
-5
17
-7
-8
18
-26
13
3
-18
16
-15
12
-3
0
1
-12
14
-4
12
-5
-9
20
-23
21
-19
-1
-1
-4
11
-12
17
-16
20
-2
-5
1
-12
10
-10
9
5
-23
10
9
-14
10
13
-17
5
8
-5
-8
2
-8
6
1
12
-3
1
-3
10
-19
-1
17
-21
39
-33
14
-13
-7
-1
17
-8
3
8
-15
18
-17
-4
10
-22
22
-5
-3
21
-32
23
-3
-4
14
-31
43
-48
40
-36
12
22
-38
38
-16
-1
-15
15
-8
5
16
-28
23
-1
-16
4
0
15
-35
38
-31
13
2
-11
40
-33
7
8
-31
38
-48
32
3
-31
47
-31
30
-23
7
-8
12
-5
-15
27
-15
1
4
-13
21
-16
-1
14
-32
32
-15
-9
21
-27
9
26
-32
19
6
-9
1
11
-13
20
-22
16
-5
1
-14
26
-9
-2
18
-29
13
-36
22
-9
6
-7
27
-5
-23
28
1
-27
36
-13
-10
7
1
-8
-6
0
-14
28
-17
48
-44
31
-30
8
-15
32
-52
36
-11
9
15
-15
35
-34
16
-1
-22
-1
-12
5
-3
23
-22
11
24
-51
49
-19
-12
31
-36
17
-29
63
-29
16
3
-24
19
-35
42
-42
9
6
-27
30
17
-24
23
-12
-1
-5
10
-25
15
-7
-13
68
-96
82
-52
10
14
-4
38
-40
30
-38
39
-48
41
-34
-9
23
-18
13
-8
7
-14
18
-16
14
-10
-9
41
-24
22
-29
14
10
-12
-21
25
4
-21
30
-20
-6
29
-61
57
-34
21
4
-22
-2
17
-20
0
33
-44
30
-37
34
-13
-5
26
4
-11
26
-32
3
24
-11
-42
42
-16
-19
41
-22
16
-18
0
-13
31
-23
5
16
-41
19
1
12
1
-5
6
-12
13
19
-33
15
-24
30
-12
13
-34
23
14
-41
25
-6
-6
-23
46
-21
10
31
-46
16
15
-21
-15
36
-30
12
18
-35
11
34
-66
88
-58
4
-5
-1
36
-73
68
-41
12
-11
7
28
-31
50
-40
30
-27
-21
55
-67
50
-15
6
-25
50
-18
-14
20
-26
-10
14
1
-27
38
-7
-17
43
-24
-21
25
-7
-9
5
-2
9
5
-27
48
-19
-24
30
-12
-19
32
-38
20
-7
3
-23
35
3
-15
21
-22
40
-59
48
-41
30
-22
-22
34
-18
8
-15
38
-30
15
6
-6
0
14
-19
0
17
-31
-1
22
-19
10
6
-13
33
-39
14
16
-25
14
-22
21
-13
6
-17
31
-13
7
18
-52
67
-51
31
-9
-19
-6
13
-11
12
-10
28
-16
2
-4
26
-28
-17
67
-76
69
-32
-24
44
-59
33
-14
21
-17
-4
32
-57
37
-17
25
-21
-14
71
-67
45
2
-25
49
-25
-22
37
-21
-29
27
-32
26
-33
23
-4
-12
28
-42
42
-53
30
-20
0
69
-90
80
-40
1
42
-19
6
9
2
-34
46
-37
-2
32
-52
74
-80
58
-16
-76
99
-76
30
-28
9
-9
37
-11
-13
10
2
0
15
-48
60
-37
8
33
-20
-2
-1
25
-15
38
-92
111
-71
21
38
-68
58
-54
2
16
-15
-1
2
11
-27
27
-19
-15
63
-86
83
-70
69
-39
-22
29
-12
1
6
21
-53
45
-35
32
36
-32
47
23
-72
44
-5
-27
7
-34
7
-12
3
-23
38
-53
31
-31
16
24
2
-24
55
-58
55
0
-7
-2
24
-26
21
-25
10
49
-86
72
-98
75
-27
-26
46
-37
10
36
-40
-5
25
-49
73
-49
57
-50
34
13
-25
78
-93
78
-55
26
5
-66
53
-105
93
-66
-3
38
-51
32
13
7
-15
25
-23
-8
82
-112
98
-49
-24
88
-94
56
-19
-2
19
9
-5
-16
35
-42
31
-41
-12
61
-42
20
-35
6
36
-56
38
27
-66
39
-19
3
13
21
-65
68
2
-49
93
-30
2
9
-25
18
-33
-8
-35
38
-33
13
-11
22
-14
12
46
-99
92
-97
41
5
-29
62
-60
67
-22
16
2
-26
38
-39
15
10
3
-25
25
10
-41
52
-65
35
17
-31
22
-35
17
-24
45
-13
-43
37
-13
34
-48
22
-30
2
38
-30
51
-61
70
-4
-12
3
-18
35
-52
57
-74
7
20
-37
71
-54
40
-23
45
-4
-46
60
-75
58
-45
16
-18
-31
79
-75
18
17
-3
62
-61
24
-28
23
18
-55
56
-69
14
47
-43
55
-41
38
-51
29
18
-30
44
-72
73
-61
-5
1
13
-24
21
23
-30
48
-15
-4
6
-36
-34
45
-1
-7
10
-41
95
-65
60
-28
-18
54
-7
8
-8
-4
-68
78
-49
0
-7
-48
39
-19
11
33
-12
1
-34
109
-101
13
24
-62
64
-88
119
-63
24
-11
26
29
-47
45
-29
12
-63
26
66
-43
7
3
3
-68
80
-85
69
-85
-6
69
-63
67
-87
85
-33
53
-6
-7
45
-23
32
-28
8
-27
-13
6
17
1
-25
1
-19
-37
62
-86
74
-30
38
-20
-53
112
-83
87
-73
60
-19
1
-2
-24
60
-101
123
-82
6
-40
19
57
-63
48
-36
-21
34
4
-8
-44
34
-16
54
30
-70
84
-73
7
91
-145
96
-64
59
8
-25
3
-46
84
-109
87
-75
-14
44
-74
95
-66
58
-8
-22
41
22
-40
19
-8
-52
70
-47
31
13
8
52
18
-51
36
-29
-40
41
-32
-39
6
-89
57
14
-28
21
18
19
42
-4
-50
10
-9
16
-25
8
-7
-8
-5
92
-59
-9
40
-12
33
-65
19
-13
8
19
18
-31
-30
47
4
-29
-4
-20
13
19
79
-56
-25
4
12
2
-2
29
-121
57
33
9
58
-77
9
-60
25
22
-59
74
-58
21
-9
47
30
-69
76
-54
-24
11
2
19
-3
-13
35
-8
-2
52
-43
-6
-22
0
36
-47
-27
57
-61
37
1
-61
41
13
46
-46
67
-87
32
-24
5
37
-64
75
-24
10
22
-12
44
-22
22
3
-23
17
-4
-15
55
-87
-2
11
-91
15
41
-89
7
7
-41
97
86
-56
18
17
-86
133
-83
30
-41
-33
60
7
15
-32
54
-59
55
-81
40
19
-79
90
-102
21
27
-20
62
10
2
-28
67
-80
10
-4
-103
18
15
36
60
-17
66
39
-50
36
-85
0
0
-68
-1
20
-60
79
29
-50
59
-87
-24
99
-82
69
-36
-86
102
29
128
-102
-9
-32
12
64
10
15
-141
-23
-11
20
102
-80
-5
38
-49
84
15
-44
-16
51
-56
69
-62
-4
-11
-68
127
-126
55
-15
-72
159
-56
78
1
-35
-4
-32
41
-85
45
-50
-16
92
-39
98
0
-62
51
-49
59
-65
11
-22
-45
74
-60
7
-31
111
-65
118
-63
-53
52
-8
12
-73
-3
-16
39
49
-26
39
-16
62
-8
7
-8
-150
73
-71
23
2
42
-23
36
0
11
62
-73
78
-158
0
-8
0
54
-38
53
-55
54
87
6
131
-143
96
-43
37
-51
-91
-14
-53
38
-80
-1
-16
2
52
10
8
-76
16
7
-11
-2
-14
25
23
164
-59
-58
80
-72
75
7
-67
19
-101
70
69
-29
-60
14
-64
67
-30
-79
-14
-56
67
56
10
3
-39
40
23
50
-93
48
-61
15
71
-29
98
-43
35
41
-36
19
3
-75
34
-78
-8
23
-72
57
-15
35
41
95
-20
9
-26
13
26
2
-19
-134
40
-59
8
5
-9
-20
33
69
-2
132
-129
78
-33
-36
72
-116
47
-82
5
42
-5
54
11
3
-60
26
-107
13
-21
-146
8
-98
67
55
33
-14
31
16
14
18
-8
-66
-14
39
-66
-17
24
-25
81
26
-40
-13
10
-16
47
44
-125
127
65
123
68
66
39
-29
37
59
-83
-42
-107
-49
-102
-80
-48
-92
29
-4
111
-29
189
73
26
128
-180
-97
-184
-280
-283
-265
-262
-196
-30
50
101
105
178
142
161
85
88
-151
-206
-189
-286
-190
-182
-101
-14
17
152
89
130
143
-50
-123
-160
-295
-244
-158
-152
-9
32
154
268
343
351
306
219
108
99
51
13
-121
-201
-73
-138
-37
-103
-161
-137
-139
-83
-162
-154
-303
-125
-78
-8
20
36
111
180
302
308
370
336
345
254
315
261
225
179
132
37
89
93
12
74
49
61
103
127
178
191
256
292
266
257
244
250
181
140
123
22
106
51
-25
4
-83
-126
-124
-242
-324
-346
-421
-409
-464
-494
-426
-475
-337
-290
-219
-157
-174
-54
-25
0
47
28
60
33
61
-42
-24
-57
-35
1
-141
-54
-101
-123
-95
-129
-162
-170
-68
-48
25
55
54
56
53
82
9
48
24
-26
13
-87
-128
-155
-199
-252
-313
-370
-464
-453
-491
-469
-494
-465
-442
-357
-249
-215
-139
-113
-38
76
158
262
375
471
565
653
700
683
610
496
443
302
287
225
169
219
239
406
465
563
613
625
815
853
970
985
998
1035
1025
1076
1019
962
893
820
762
723
625
512
437
320
249
161
68
-66
-145
-217
-310
-394
-488
-497
-593
-650
-677
-728
-704
-789
-776
-856
-939
-1026
-1178
-1360
-1557
-1687
-1846
-1929
-2028
-2084
-2145
-2169
-2113
-2108
-2009
-1886
-1730
-1537
-1370
-1313
-1346
-1391
-1442
-1427
-1586
-1806
-2081
-2206
-2062
-1579
-985
-376
370
1292
2440
3510
4391
4819
4975
4950
4715
4391
3785
3112
2467
2052
1962
2058
2339
2545
2833
2977
3044
2938
2567
2001
1256
548
-97
-552
-797
-831
-661
-425
-14
446
876
1106
1121
906
643
386
155
-7
-215
-302
-270
-121
112
272
352
214
-26
-451
-981
-1628
-2328
-3058
-3806
-4416
-4925
-5297
-5551
-5666
-5826
-6033
-6444
-6754
-6935
-6908
-6896
-7032
-7370
-7519
-6543
-4388
-1490
1098
3408
5572
8295
11105
13168
13853
13041
11468
9539
7620
5332
2642
-191
-2680
-4238
-5055
-4931
-4717
-4151
-3675
-3216
-2927
-2867
-2886
-3215
-3629
-3991
-3872
-3022
-1370
744
2871
5008
6954
8946
10629
11612
11509
10236
8359
6230
4118
1937
-270
-2366
-3921
-4635
-4402
-3611
-2642
-1740
-847
99
1055
1941
2661
2900
2880
2790
2996
3495
4052
4235
3862
3188
2437
1636
515
-924
-2768
-4682
-6456
-7738
-8608
-9167
-9745
-10226
-10381
-10215
-10037
-9891
-9920
-9854
-9753
-9622
-9612
-9715
-8960
-6896
-3232
884
4967
8568
12246
15937
18939
20342
19377
16786
13278
9642
5782
1581
-2728
-6635
-9155
-10307
-10016
-9193
-7820
-6346
-4748
-3381
-2592
-2340
-2747
-3343
-4046
-4220
-3691
-2001
779
4195
7686
10819
13688
16107
17672
17613
15544
11869
7337
2799
-1706
-5886
-9743
-12494
-13701
-12779
-10146
-6676
-3150
112
3200
5951
8155
9422
9677
9056
8051
7116
6667
6485
6290
5847
5146
4357
3453
2238
436
-2041
-4868
-7589
-9655
-10994
-11681
-12016
-12005
-11514
-10596
-9307
-8247
-7695
-7829
-8161
-8484
-8462
-8463
-8682
-9243
-9688
-8565
-5447
-576
4267
8412
11755
14990
18176
20300
20301
17620
13294
8458
4054
71
-3954
-7751
-10956
-12358
-12187
-10485
-8432
-6170
-4136
-2345
-969
-144
234
-100
-562
-1040
-625
759
3544
7003
10509
13274
15169
16365
16668
15641
12521
7288
945
-5220
-10330
-14365
-17260
-18983
-18834
-16328
-11292
-4801
1706
7230
11674
15189
17639
18817
18254
16192
13016
9807
7107
5253
3855
2549
1071
-459
-1602
-2485
-3451
-5119
-7357
-9770
-11673
-12530
-12375
-11766
-11089
-10223
-8892
-7085
-5163
-3680
-3007
-3282
-4044
-4804
-5170
-5304
-5776
-6819
-8292
-9023
-7704
-4050
483
4167
6755
8962
11886
14991
16862
15919
12448
7996
4100
1130
-1858
-5362
-9173
-11898
-12419
-10858
-8286
-6048
-3894
-1856
596
2739
4338
4723
4278
3567
3267
3913
5210
7126
8799
10113
10665
10771
10388
9032
6185
1716
-3489
-8464
-12317
-15120
-16877
-17326
-15921
-12386
-6825
143
7106
13102
17624
20967
22740
22754
20783
17142
12454
7608
3437
292
-1886
-3524
-4653
-5369
-5364
-4884
-4401
-4579
-5517
-6830
-7890
-8386
-8330
-7941
-7541
-7040
-6074
-4443
-2743
-1624
-1322
-1638
-2358
-3501
-4884
-6427
-7932
-9541
-11358
-13442
-15305
-15167
-12260
-7079
-1684
3013
7217
12002
17348
21566
22763
20174
15436
10405
5992
1506
-3825
-9481
-14149
-15690
-14406
-11117
-7813
-4505
-896
3251
7028
9177
9406
7687
5509
3449
2322
1708
1913
2724
3983
5206
6189
6803
6679
5345
2209
-2065
-6542
-10146
-12487
-13770
-14009
-12983
-9782
-4249
2948
9920
15484
19332
21741
22792
22087
19337
14428
8464
2685
-1552
-4331
-5938
-6837
-7059
-6489
-5081
-3243
-1885
-1526
-2191
-3286
-4384
-5118
-5531
-5714
-5775
-5521
-4686
-3377
-1972
-935
-762
-1534
-2718
-3959
-5364
-7300
-9574
-11692
-13090
-13947
-14603
-15597
-15985
-13632
-7680
186
7253
12437
16430
20847
25214
27403
24940
18081
9469
1956
-3817
-8972
-14542
-19797
-22516
-20688
-15154
-8228
-2266
2615
6994
11172
14036
14368
11769
7331
3009
-77
-1533
-1765
-646
1382
3956
6153
7684
8245
7570
5095
573
-5070
-10333
-13879
-15418
-15267
-13649
-10251
-4443
3411
11660
18353
22644
24374
23995
21883
17988
12289
5414
-1210
-6185
-8873
-9656
-8886
-7317
-5312
-2951
-416
1637
2429
1820
31
-2339
-4687
-6364
-7210
-7422
-7152
-6241
-4658
-2666
-642
613
513
-779
-2526
-4251
-5914
-7912
-10256
-12568
-13935
-14011
-13418
-13059
-13259
-12190
-7823
-214
7628
13359
16643
19288
22447
24869
23899
18031
8923
163
-5956
-10147
-14089
-18430
-21223
-20038
-14192
-6093
1087
5855
9244
12197
14564
14758
11769
6175
300
-3661
-5019
-4496
-2967
-402
2934
6450
9271
10750
10382
7964
3545
-2218
-8187
-12870
-15520
-16074
-14803
-11622
-6502
602
8884
16764
22322
24628
24172
21776
17826
12193
5020
-2420
-8411
-11802
-12426
-10978
-8266
-5089
-1624
1877
4875
6338
5721
3251
-113
-3546
-6428
-8497
-9719
-9787
-8604
-6189
-2939
533
3190
4225
3600
1924
-382
-3202
-6495
-10032
-13403
-15764
-16356
-15263
-13657
-12481
-12160
-11629
-8436
-1667
6495
12775
16188
17887
20142
22707
23461
19556
11274
1682
-5547
-9570
-11954
-14602
-17385
-17822
-14045
-6507
1349
6757
9265
10443
11425
11967
10310
5819
-214
-5030
-6772
-5506
-2750
689
4465
8130
10946
12125
11376
8698
4085
-2128
-8803
-14546
-17929
-18623
-16963
-13586
-8524
-1792
6477
14993
21615
25016
25376
23446
19700
14315
7614
151
-6883
-11810
-13601
-12749
-10303
-6852
-2841
1259
4923
7507
8130
6627
3618
147
-3273
-6251
-8445
-9524
-9325
-7705
-4954
-1820
946
2861
3699
3343
2044
-230
-3454
-7398
-11205
-14052
-15713
-16393
-16146
-14828
-12699
-10114
-8193
-6571
-3295
2810
9981
15509
18122
18760
19280
20047
19556
15379
7595
-1131
-7140
-9791
-10644
-11967
-13718
-13807
-10250
-3729
2484
5884
6369
5993
6258
6871
5888
2553
-1985
-4821
-4252
-834
3413
6943
9122
10062
10236
9507
7400
3226
-3017
-10248
-16279
-19180
-18574
-15726
-11993
-7553
-1858
5524
13826
20836
24135
23224
19817
15812
11615
6551
331
-6162
-10804
-11959
-9793
-5896
-1868
1327
3803
6111
8175
8967
7427
3641
-1237
-5597
-8430
-9642
-10005
-9812
-8558
-5759
-1805
2256
5051
5890
4973
3192
866
-2051
-5904
-10203
-13706
-15350
-14894
-13233
-11089
-8881
-6340
-3966
-2338
-2824
-4657
-4876
-1533
3928
8443
10733
11982
14593
18354
20863
18566
11561
2957
-3302
-6786
-9447
-13407
-17717
-19165
-15436
-7933
-852
3440
5349
7313
10065
12232
11078
6405
452
-3047
-2623
123
2619
4075
5559
7609
9375
9087
5921
367
-5971
-11686
-15840
-17893
-17897
-15588
-10914
-4431
3085
10694
17562
22548
24650
23400
19407
13775
7366
664
-5670
-10566
-12982
-12323
-8858
-3633
1828
6314
9446
11152
11120
8808
4215
-1585
-7255
-11545
-13910
-14313
-12988
-9836
-5029
743
6168
10079
11890
11612
9560
5778
536
-5478
-10875
-14831
-17040
-17461
-16159
-13481
-10062
-6366
-3153
-1102
-809
-2277
-5702
-9921
-11711
-8767
-2133
5093
11087
15910
21147
26558
29739
27136
18409
6756
-3590
-10969
-16359
-21334
-25670
-26815
-22512
-13273
-3161
4315
8335
10904
13394
15055
13529
8260
1475
-3293
-4090
-1832
1365
4458
7378
9850
11120
10201
6871
1590
-4776
-11076
-16070
-18667
-18177
-14624
-8652
-1626
5379
11876
17528
21304
21953
18950
13344
7021
1433
-3167
-6785
-8994
-8858
-5967
-803
5225
10001
11940
11189
8765
5232
612
-5104
-11162
-16104
-18286
-17066
-12977
-7264
-926
5264
10603
14423
16176
15253
11502
5527
-1392
-8021
-13537
-17421
-19375
-19339
-17261
-13171
-7843
-2684
1201
3262
3416
2080
-661
-5250
-11648
-16773
-16335
-9174
1070
9932
15614
20068
25230
29743
29420
21432
7628
-6530
-16346
-21436
-24140
-26607
-27511
-23758
-13814
-970
9837
15613
17381
17808
17966
16589
11770
4288
-2735
-5762
-4170
76
4392
7763
10085
10772
9297
5444
-383
-7390
-14385
-19981
-22682
-21514
-16245
-8051
942
9000
15504
20726
24198
24806
21403
14502
6233
-699
-5145
-7590
-8883
-9004
-7125
-3012
2363
6940
8827
7349
3837
68
-3149
-6146
-9081
-11343
-11809
-9734
-5295
344
5707
9790
12201
12737
11547
8947
5013
-244
-6355
-12052
-16214
-18010
-17555
-15649
-12836
-9276
-5054
-808
2399
3707
2869
279
-3311
-7450
-12621
-18037
-20027
-15070
-4123
7863
16824
22169
26272
30139
31531
26286
13665
-2368
-15849
-23476
-26193
-26580
-25975
-22761
-14809
-2553
9670
17694
20169
19134
17062
14668
10754
4873
-1383
-5033
-4412
-500
4470
8815
11710
11977
9069
3486
-3466
-10254
-15926
-20049
-21894
-20200
-14315
-5098
5000
13214
18262
20375
20488
19070
15307
8836
989
-5557
-8883
-9014
-7220
-4893
-2318
818
4602
8036
9637
8387
4761
486
-2988
-5199
-6593
-7564
-7839
-6815
-4069
-228
3644
6557
7917
7702
6326
4433
2095
-1053
-5257
-9737
-13092
-14272
-13506
-11805
-9974
-7850
-4872
-1365
1670
2920
1866
-1067
-4472
-7710
-11133
-15807
-20695
-21030
-13144
812
14449
23198
27131
29569
31608
30601
22782
7893
-9351
-22130
-27393
-26730
-23681
-19917
-14498
-5556
6027
16218
21179
20216
15996
11540
7932
4139
-290
-4202
-5234
-2446
2586
7370
10471
11049
8390
2727
-4582
-11656
-16988
-19954
-20339
-18013
-12545
-4227
5366
13542
18345
19195
17162
13911
10261
5730
314
-4610
-7074
-6298
-3376
-231
1845
3027
4096
5458
6338
5887
3599
377
-2342
-3677
-3882
-3835
-4040
-4284
-3829
-2253
272
2724
4393
4865
4233
3118
2051
601
-1937
-5662
-9675
-12368
-12995
-12026
-10619
-9161
-7235
-4285
-848
1983
3061
1958
-794
-4080
-7281
-10653
-14914
-18964
-18417
-9886
4398
17924
26099
28946
29283
28384
24606
15022
1
-15621
-25617
-27557
-23511
-17185
-10767
-4372
2969
10793
16336
17030
13072
7462
3116
837
-535
-1701
-2004
26
4314
8693
10979
10773
8282
3332
-3533
-10796
-16502
-19334
-18905
-15792
-10699
-4263
2761
9272
13715
15277
13884
10631
7177
4717
3108
1817
1035
1160
2227
3435
3751
2750
1099
-295
-922
-759
-298
-41
-26
-73
-90
-156
-505
-1331
-2411
-3115
-3053
-2079
-436
1212
2152
2131
1432
654
-192
-1745
-4165
-6747
-8449
-8668
-7824
-6690
-5523
-4084
-2349
-589
509
29
-1953
-4843
-7933
-10971
-13900
-17087
-19120
-15822
-4980
9911
22199
28151
28494
26472
23503
18259
8400
-5214
-17333
-22718
-20628
-14426
-7944
-3262
-146
2982
5996
7311
5361
1244
-2292
-2979
-1087
1603
3741
5325
7556
10314
11986
11226
8530
4457
-652
-6294
-11231
-14128
-14383
-12372
-9160
-5498
-1731
1997
5037
6986
7517
6757
5612
5264
6190
7468
7963
7346
6003
4391
2572
429
-1808
-3530
-4073
-2997
-656
1720
3176
3418
2485
949
-552
-1862
-3174
-4215
-4311
-3282
-1438
685
2496
3242
2876
2082
1353
502
-799
-2680
-4613
-5934
-6330
-6233
-6007
-5684
-4937
-3825
-2767
-2324
-2853
-4342
-6429
-8595
-10625
-12653
-15244
-16217
-11659
-727
12124
21147
23864
22144
19629
17221
12971
4907
-5512
-13674
-15783
-12243
-6924
-2973
-1735
-1868
-1494
-555
-221
-1450
-3070
-3253
-683
3328
7106
9341
10396
11317
11930
11231
8928
6040
2532
-1819
-6618
-10529
-12443
-12186
-10666
-8889
-6995
-4715
-1981
823
3289
5021
5841
6559
8077
10195
11643
11266
9098
6180
3490
1137
-976
-2709
-3695
-3553
-2064
115
1828
2348
1549
-114
-1493
-1835
-1516
-1123
-746
-23
1254
2697
3754
3937
3025
1440
-16
-931
-1622
-2499
-3889
-5436
-6489
-6846
-6797
-6632
-6339
-5722
-4919
-4391
-4657
-5583
-6990
-8548
-9894
-11022
-12481
-14265
-12982
-5965
5552
16209
21769
21668
19053
16840
14362
9706
2075
-5990
-10654
-10350
-6811
-3322
-1784
-2788
-4361
-5366
-5437
-5340
-5090
-3950
-1202
3225
7649
11041
12575
13067
12656
11162
8513
5815
3524
768
-2928
-7103
-10149
-11183
-10845
-10464
-10241
-9511
-7697
-4778
-1303
2179
5094
7316
9402
11690
13583
13961
12420
9582
6671
4540
3041
1595
59
-1114
-1779
-1779
-1361
-959
-1178
-1997
-2529
-1950
-415
1099
1972
1858
1308
1151
1521
1648
1078
15
-1099
-1874
-2288
-2680
-3619
-5008
-6104
-6365
-5850
-4960
-4112
-3694
-3897
-4586
-5842
-7526
-9423
-11069
-12216
-12743
-12885
-13301
-12075
-6480
3608
14169
20677
21787
19458
16933
14552
10893
4983
-1727
-6169
-6780
-4464
-2034
-974
-2319
-5011
-7703
-9408
-9772
-8862
-6245
-2314
2713
7340
10723
12116
12090
11194
9361
7100
5314
4758
4080
2089
-1500
-5447
-8281
-9809
-10831
-11861
-11947
-10310
-6788
-2425
1742
4879
6721
7894
9131
10441
11210
11268
10783
10208
9746
9127
7723
5135
1863
-1564
-4396
-5891
-5911
-5214
-4505
-3738
-2561
-909
599
1316
1076
439
407
1644
3512
4708
4349
2587
12
-2547
-4711
-6679
-8230
-8802
-7995
-5996
-3454
-1694
-1561
-3135
-6052
-9229
-11762
-13226
-13650
-12965
-11778
-10602
-10151
-8991
-3924
5075
14557
19976
20555
18040
15771
14016
10801
5329
-1173
-5037
-5287
-3005
-1408
-1471
-3530
-6650
-9277
-10975
-10983
-9504
-5876
-1113
4045
7874
9665
9973
9603
9489
8822
8097
7917
8798
9041
6695
1528
-4780
-9398
-11796
-12674
-12989
-12305
-9997
-6292
-2231
704
2188
2534
3125
4895
8025
11649
14678
16793
17542
16679
13703
9036
3686
-1174
-5098
-7519
-7668
-5928
-3548
-2055
-1980
-2932
-3980
-4385
-4108
-3272
-1834
679
4115
7412
8997
7717
3820
-1295
-5632
-8102
-8577
-7607
-5677
-3459
-1586
-768
-1677
-4117
-7625
-11084
-13500
-14250
-13456
-11587
-9608
-8583
-8818
-10116
-9164
-3247
6416
15300
19391
18757
15955
14201
12563
9294
3754
-1619
-3472
-1855
932
1547
-311
-4414
-8479
-11352
-12526
-11731
-9200
-4772
19
4106
6028
6206
5970
6654
8227
9404
10435
11912
13628
13432
9445
2311
-5203
-9924
-11584
-11328
-10518
-9456
-7761
-5634
-3717
-2998
-3114
-3066
-1215
3161
9168
14786
18613
20263
19717
16637
11225
5225
450
-2251
-3467
-3403
-2525
-1463
-1441
-3010
-6162
-9298
-10375
-9821
-7277
-3707
-14
3417
6087
7553
7191
4650
567
-3637
-6730
-7577
-5433
-1722
873
1151
-383
-2830
-5740
-8458
-10597
-12238
-13552
-13891
-12504
-10319
-9387
-10272
-11903
-10425
-3756
6318
15521
19652
18261
13900
10863
9274
7586
4464
1275
569
2169
4351
4367
1867
-3371
-8843
-12371
-13147
-11611
-8623
-4453
-781
1700
2149
1595
1503
3397
7108
10837
13719
15668
17138
16596
12662
5626
-1908
-6723
-8099
-7210
-6141
-5691
-6074
-6848
-7538
-8315
-8821
-8497
-5646
129
7590
14295
18441
19763
18475
15349
10867
6289
2841
1230
741
569
402
-405
-2400
-5756
-9372
-11932
-12149
-10124
-6785
-3085
152
2359
3295
3369
2721
1457
-243
-2066
-3251
-3097
-1697
-529
-786
-2321
-4382
-5922
-6909
-7719
-8804
-10252
-11347
-11836
-11678
-12013
-12695
-13626
-13430
-8892
167
10742
17359
18474
15236
11435
9183
7726
6765
5388
5306
6286
7790
7430
4636
135
-5383
-9635
-12121
-11707
-9560
-6264
-3230
-1559
-1541
-3217
-4707
-4335
-287
5868
11838
16274
18738
19064
16340
10982
4419
-946
-3680
-4152
-3304
-2631
-2803
-4499
-7169
-10091
-12365
-12793
-10762
-5484
1777
9052
14021
16199
16075
14200
11585
8818
7055
6484
6673
6578
5812
4100
1005
-3174
-7640
-10588
-11268
-9867
-7718
-5771
-4200
-3287
-2972
-3102
-2954
-2132
-752
440
1077
1283
1032
153
-1343
-3060
-4487
-5385
-5681
-5519
-5202
-5663
-7304
-9424
-11227
-12263
-12935
-13572
-14065
-11397
-4121
5373
12493
13982
11440
7915
6709
6933
7606
7653
7667
8999
10618
10887
7711
2681
-2997
-6925
-8299
-7822
-6478
-5288
-4185
-4318
-5296
-7216
-9012
-9062
-5860
442
7404
13421
16869
17546
15398
10911
5866
2527
2362
3957
5379
5017
2801
-450
-4283
-8134
-11324
-12474
-10889
-6569
-629
4627
7588
7911
6761
5385
4821
5556
7360
9749
11284
11012
8990
6173
2912
-521
-3703
-5811
-6204
-5301
-4350
-4689
-6223
-8255
-9837
-10245
-8951
-6173
-2891
-526
258
-322
-1478
-2700
-3610
-3994
-3851
-3172
-2507
-2336
-3350
-4981
-7003
-8657
-10004
-10980
-11944
-11623
-7236
-82
6951
9148
6963
2819
1230
2964
5700
8066
8515
8972
9006
8975
7213
4475
1354
-1886
-3353
-3185
-1350
-209
-264
-2159
-4996
-7624
-9694
-9736
-7251
-2102
3178
7120
9454
10313
9823
7379
4378
2673
3826
6767
8939
9035
6632
3004
-1037
-4248
-6025
-5991
-4339
-1865
1207
3457
4142
2962
1243
-51
-155
1316
3948
7153
9357
9665
7878
5492
3570
2192
1017
-114
-604
-781
-1142
-2608
-5042
-7666
-9547
-10160
-9697
-8278
-6632
-5275
-4489
-4317
-4599
-5012
-5131
-4726
-4034
-3342
-3313
-3901
-4899
-6070
-7162
-8574
-9866
-10529
-7610
-1406
5575
9149
7693
4099
1275
1964
3769
5955
6965
7821
9040
9440
8343
4661
1059
-2318
-3613
-3274
-1979
-519
-213
-701
-2930
-5498
-8107
-9407
-8086
-4305
902
4741
7014
7695
7530
6700
5070
4041
4087
5847
7611
8412
7382
4769
1493
-1523
-3017
-3189
-1959
-434
1102
2039
2128
1718
1162
1214
1702
2505
3184
3882
4675
5016
4753
4126
3883
3762
3345
2553
1701
1356
904
-325
-2670
-5121
-6676
-7113
-6911
-6969
-7353
-8139
-8923
-9373
-9108
-8175
-7071
-6086
-5545
-4903
-4483
-4164
-4468
-5061
-5707
-6434
-7118
-7627
-5190
-632
4823
7263
6120
3439
1749
3281
5474
7770
8017
7876
7495
7000
6053
3873
2041
-166
-1225
-1644
-1052
-456
-872
-1913
-4170
-6158
-7834
-8258
-7084
-4404
-967
1203
2517
3059
3689
3971
3884
4529
6317
9298
10771
9853
6774
3743
2275
1921
1958
1431
1276
1280
1441
1014
-301
-1561
-1912
-525
1421
3248
4297
4692
4762
4245
3446
2738
2916
3407
3558
3076
2185
1401
534
-699
-2607
-4325
-5314
-5376
-5072
-5318
-6449
-8289
-9687
-10263
-10004
-9533
-9205
-8848
-8552
-8290
-8291
-8112
-7641
-7381
-7492
-8084
-6626
-1866
4772
9757
9961
7202
3871
3426
5169
7683
9422
9673
9615
8553
7328
4890
2325
-153
-1694
-1584
-816
192
-344
-2040
-4709
-7484
-9523
-10249
-8545
-5069
-970
1540
2123
1929
1537
1454
901
884
2012
4872
8357
10350
10222
7758
5050
3144
2968
3623
4096
4231
3733
3298
2331
1162
-115
-785
-724
-266
679
1573
2479
2761
2606
2461
2666
3289
3477
3316
2776
2311
1955
1328
368
-1139
-2617
-4039
-5147
-5879
-6413
-6841
-7636
-8740
-9961
-10711
-10737
-10491
-10470
-10891
-11209
-10816
-9828
-8993
-8989
-9042
-6889
-1953
4016
7490
7289
5106
3896
5599
8753
11605
12388
11905
10888
9710
8183
5988
4056
2312
1621
1436
1120
-110
-2582
-5116
-7144
-8006
-8381
-8342
-7558
-5805
-3653
-2557
-2228
-2049
-1133
176
1373
2865
4840
7182
8398
7967
6167
4491
4081
4677
5566
5814
5743
5402
5010
4259
2747
1076
-14
201
1230
2350
2852
2577
1902
1068
626
668
1207
1735
1974
2090
2108
2070
1595
735
-361
-1188
-1575
-1777
-2097
-2963
-4487
-6568
-8445
-9557
-9790
-9853
-10094
-10613
-11054
-11239
-11330
-11456
-12063
-12585
-12530
-9981
-4802
1466
5887
6571
5210
3776
4643
7040
9841
11789
12501
12808
12415
11490
9192
6499
3943
2300
2001
1925
1555
-185
-2553
-5145
-7133
-8304
-8991
-8712
-7626
-5724
-4187
-3144
-2437
-1926
-1543
-1500
-799
962
3738
5924
6492
5793
4942
5138
5963
6724
6627
6052
5509
5112
4776
4076
3228
2420
2024
1918
1889
2106
2562
3019
2999
2367
1797
2018
2735
2854
1921
531
-393
-674
-944
-1583
-2399
-2777
-2649
-2453
-2659
-3415
-4517
-5813
-6991
-7962
-8522
-8795
-9071
-9532
-10480
-11499
-12417
-13044
-13218
-12801
-10340
-5960
-869
2404
2661
1422
596
2224
5227
8557
10814
11814
12162
11847
11603
10892
10119
8710
7157
6089
5418
4815
2888
29
-3279
-5808
-7154
-7794
-7645
-7320
-6850
-6917
-6836
-6116
-5021
-3956
-3677
-3054
-1328
1567
4361
5614
5567
4916
5046
5922
7115
7943
7849
7377
6577
6129
5662
5068
4184
3092
2082
1007
509
651
1366
1907
1812
1556
1597
2113
2392
2069
1386
871
760
532
-98
-1123
-2077
-2683
-3254
-3927
-4801
-5616
-6432
-7136
-7766
-8398
-8869
-9400
-9810
-10549
-11278
-12108
-12626
-12608
-11374
-8013
-3661
351
1577
855
-294
68
2578
5827
9004
10464
10889
10274
9482
8818
8125
7779
7127
7041
7019
6861
5781
3310
420
-2362
-3850
-4462
-4367
-4130
-4264
-4845
-6164
-6840
-6680
-5618
-4582
-4009
-3051
-1548
664
2125
2357
1862
1905
3550
6134
8619
9582
8984
7748
6732
6466
6165
5491
4296
3092
2295
1949
1943
1616
1029
228
-162
-85
333
756
734
638
591
812
641
-176
-1336
-2154
-2221
-1965
-1775
-2216
-3128
-4432
-5918
-7399
-8667
-9585
-10299
-10891
-11400
-11903
-12455
-13056
-12896
-10753
-6743
-2220
460
789
42
187
2340
5442
8283
9609
9966
9774
9350
8646
7417
6535
6071
6370
6757
6529
5330
3107
707
-1490
-2968
-3835
-4121
-3796
-3205
-2795
-3195
-3903
-4379
-4210
-3667
-3172
-2519
-1618
-316
786
1412
1864
2620
4093
5927
7429
7789
7132
6218
5508
5241
5186
5152
4823
4120
3115
2209
1777
1553
1311
771
34
-526
-686
-579
-650
-826
-781
-557
-397
-717
-1277
-1822
-2017
-2072
-2460
-2910
-3545
-4233
-5279
-6478
-7763
-9124
-10322
-11584
-12523
-13181
-12833
-10621
-7029
-3293
-1581
-1958
-2986
-2673
-126
3339
6364
7817
8170
8147
8290
8714
8880
8782
8219
7635
7110
6366
5291
3575
1538
-777
-2969
-4679
-5501
-5239
-4615
-4310
-4793
-5320
-5143
-4271
-3316
-2878
-2365
-1244
621
2589
4044
5051
5678
6311
6857
7213
7263
7061
6774
6169
5283
4024
2808
2069
1849
2017
1966
1743
1271
706
48
-655
-998
-885
-506
-442
-722
-1084
-1174
-1216
-1492
-1860
-2055
-2051
-2125
-2393
-2773
-3282
-4225
-5597
-6997
-7881
-8343
-8954
-10026
-11100
-10581
-8062
-4567
-2283
-2395
-3644
-4140
-2245
1251
4783
6923
7410
7153
6636
6565
6666
6983
7083
6766
6236
5412
4438
2843
890
-1163
-2859
-3849
-4264
-3839
-3108
-2511
-2766
-3709
-4382
-4322
-3640
-3103
-2554
-1450
596
2952
4229
4124
3466
3468
4463
5812
6931
7358
7238
6655
5801
4783
3703
2948
2439
2229
1934
1594
1390
1105
735
-90
-1060
-1901
-2363
-2313
-2153
-1824
-1629
-1405
-1315
-1524
-1995
-2696
-3043
-3046
-2827
-3013
-3857
-5056
-6342
-7408
-8429
-9285
-9632
-8402
-5611
-2413
-749
-1382
-2905
-3624
-2093
794
3801
5835
6886
7347
6997
6043
4668
4025
4372
5293
6108
5884
4623
2516
390
-1510
-3080
-4035
-4418
-3909
-3237
-3158
-4269
-5810
-6405
-5850
-4530
-3259
-1640
421
2701
4249
4525
4281
4190
4973
6301
7478
7896
7381
6602
5887
5255
4360
3240
2133
1224
575
-65
-480
-706
-834
-1233
-2024
-2751
-3000
-2526
-1994
-1737
-1705
-1615
-1422
-1579
-1966
-2321
-2381
-2244
-2317
-2582
-2956
-3528
-4793
-6785
-8650
-9359
-7849
-4676
-1148
818
350
-1365
-2745
-2009
453
3383
5517
6422
6778
6697
6576
6006
5396
4975
4908
5263
5142
4386
2491
30
-2310
-4122
-5096
-5588
-5362
-4731
-4235
-4591
-5894
-6980
-7185
-5956
-3912
-1546
785
2580
3655
3667
3507
3784
5005
6470
7241
7329
6982
6753
6240
5353
4264
3443
3079
2658
1912
605
-743
-1617
-2055
-2311
-2957
-3845
-4625
-4777
-4283
-3452
-2407
-1810
-1779
-2436
-3087
-3212
-2901
-2618
-2953
-3539
-4108
-4496
-5129
-6045
-6490
-5285
-2394
797
2211
1263
-573
-1508
-247
2309
4951
6647
7281
7322
6875
6257
5449
4894
4484
4303
4363
4447
4220
3099
1180
-1123
-3186
-4678
-5506
-5404
-4684
-4044
-4293
-5207
-5634
-5037
-3748
-2866
-2177
-927
1260
3546
4462
3942
2867
2562
3429
4906
6270
6992
6744
5560
3982
2786
2418
2506
2281
1452
158
-1014
-1757
-2280
-2867
-3637
-4225
-4393
-4282
-4249
-4579
-4888
-4879
-4438
-3895
-3597
-3571
-3743
-3907
-4240
-4617
-5272
-5930
-6464
-5888
-3393
141
3349
3800
2348
416
270
2339
4984
7237
7965
7959
7103
6119
5187
4749
5081
5324
5467
5124
4476
3333
1376
-668
-2651
-4074
-5148
-5773
-5320
-4233
-3001
-3066
-3883
-4663
-4635
-3842
-2980
-1520
370
2650
3971
3910
3199
2745
3286
4125
4974
5636
6098
6279
5718
4756
3643
2938
2587
2277
1707
534
-698
-2006
-3043
-3988
-4874
-5461
-5867
-5868
-5825
-5890
-6155
-6472
-6604
-6638
-6480
-6457
-6541
-6590
-6815
-6762
-6867
-5719
-3053
637
4049
4832
4132
2442
2208
3472
5629
8065
9523
10541
10066
8987
7185
5888
5408
5156
5157
4501
3718
2552
920
-884
-3099
-4948
-6289
-6286
-4925
-3273
-2456
-3504
-4852
-5628
-5088
-4199
-3350
-1812
303
2663
3438
2764
1560
1164
2037
3142
4228
4832
5206
5176
4641
4115
3649
3557
3306
2916
2271
1513
897
102
-652
-1668
-2567
-3330
-3827
-4077
-4553
-5142
-5864
-6284
-6638
-7111
-7848
-8561
-9054
-9243
-9289
-8893
-6946
-4121
-940
398
356
-163
279
2268
4543
6965
8605
10165
10734
10487
9438
8227
7622
7147
7017
6747
6201
5102
3164
1127
-680
-1944
-3092
-4160
-4369
-3756
-2704
-2649
-3243
-3873
-3766
-3262
-3173
-2991
-2360
-673
779
1272
836
218
38
-123
-102
462
1910
3519
4008
3177
1664
568
212
154
126
60
319
445
112
-721
-1716
-2290
-2581
-2469
-2248
-2070
-2487
-3649
-5160
-6414
-6763
-6755
-6645
-7006
-6592
-4740
-1765
902
1324
461
-842
-347
1553
4013
6215
7496
8574
8470
7881
6677
6082
6241
6302
6245
5600
5029
4102
2597
881
-1066
-2488
-3751
-4199
-3569
-2219
-1063
-1404
-2379
-3388
-3365
-3162
-2967
-2197
-551
1770
2966
2753
1554
647
548
874
1696
2637
3638
3752
2649
887
-828
-1569
-1885
-1963
-2197
-2457
-2657
-3212
-4048
-4990
-5380
-5159
-4656
-4372
-4458
-4838
-5273
-5757
-5932
-5969
-5860
-5893
-5861
-4166
-1211
2601
4257
3453
1478
476
2100
4573
7220
8568
9507
9759
9213
8173
6846
6454
6109
5842
5405
5241
5416
4726
3103
500
-1865
-3604
-4490
-4176
-3044
-1389
-935
-1658
-2978
-3835
-3921
-4065
-3728
-2634
-352
1787
2653
2264
1425
1259
1323
1652
2180
3153
4198
4177
2912
889
-575
-1141
-1092
-1084
-1641
-2303
-3128
-3925
-4767
-5566
-6024
-6344
-6462
-6457
-6379
-6399
-6768
-7310
-7790
-8111
-8281
-8521
-7652
-5031
-948
2708
3668
2525
557
201
1787
4661
7694
9850
11154
10989
10072
8581
7578
7076
6793
6694
6534
6638
6290
5264
3522
1313
-718
-2436
-3173
-2727
-1338
-290
-681
-1951
-3252
-3660
-3896
-3935
-3467
-1926
253
1602
1613
749
359
690
1368
1990
2675
3692
4531
4610
3706
2289
1156
502
424
372
275
-219
-1244
-2634
-4290
-5547
-6478
-6876
-7142
-7196
-7293
-7518
-7953
-8658
-9416
-10154
-10594
-10583
-8838
-5576
-1320
1617
2213
1244
112
690
2410
5100
7499
9571
10801
10929
10333
8996
7847
6521
5601
5205
5369
5761
5338
4149
2241
134
-1972
-3770
-4314
-3525
-1918
-999
-1119
-1660
-2101
-2348
-3100
-3580
-3043
-1013
1358
2710
2887
2401
2040
1665
1349
1439
2339
3787
4726
4643
3615
2301
1229
554
417
451
668
546
94
-740
-1786
-2795
-3969
-4909
-5649
-5731
-5655
-5677
-6104
-7120
-8284
-9585
-10441
-10902
-10022
-7507
-3950
-676
489
20
-1243
-1427
-201
2081
4797
7200
9246
10104
10073
9220
8254
7439
6753
6546
6618
6973
6775
5666
3704
1302
-844
-2735
-3828
-4110
-3615
-2979
-2876
-2957
-3272
-3648
-4538
-5420
-5384
-3942
-1453
713
1951
2042
1646
1119
744
946
1876
3337
4571
4915
4310
3210
2155
1475
1251
1179
1153
1179
1079
819
192
-703
-1891
-2956
-3434
-3401
-3086
-3060
-3465
-4374
-5539
-6587
-7467
-7921
-8086
-7618
-6166
-4041
-1695
-667
-746
-1530
-1742
-729
1022
3244
5007
6604
7385
7586
7178
6465
6019
5520
5380
5390
5696
5911
5418
4353
2757
1257
-348
-1813
-2628
-2531
-1591
-893
-807
-1467
-2265
-3103
-3859
-4169
-3617
-1819
105
1222
1053
250
-321
-632
-554
-194
616
1394
1663
1297
573
213
-62
-357
-982
-1491
-1252
-690
-273
-630
-1382
-2245
-2818
-2986
-2921
-2401
-1922
-1563
-1729
-2323
-2896
-3396
-3586
-3889
-3988
-3945
-3451
-2160
-622
984
1714
1803
1506
1435
2040
3011
4268
5150
5850
5947
5607
4978
4035
3324
2662
2414
2454
2615
2645
2099
1253
105
-997
-2040
-2759
-2694
-1900
-682
60
282
54
-301
-795
-1369
-1330
-547
996
2311
2906
2840
2425
1965
1317
706
308
291
577
905
1110
948
335
-897
-2238
-3220
-3468
-2955
-2402
-2228
-2589
-3080
-3485
-3819
-4263
-4599
-4532
-4031
-3177
-2497
-2103
-1954
-2100
-2553
-3041
-3246
-2996
-2384
-1994
-1575
-814
505
1962
2802
3188
3194
3440
3727
3973
4308
4711
5235
5347
5212
4804
4466
3969
3086
2157
1482
1473
1534
1357
799
121
-468
-1191
-1799
-2172
-1915
-1256
-644
-172
25
129
-106
-552
-866
-643
210
1276
2192
2557
2356
1728
995
489
318
523
772
879
797
417
-135
-995
-1910
-2661
-2952
-2984
-2829
-2711
-2703
-2718
-2829
-2925
-3110
-3100
-2982
-2613
-2055
-1524
-1089
-875
-986
-1285
-1467
-1534
-1455
-1546
-1801
-2205
-2545
-2837
-2758
-2188
-1013
544
1606
2081
1734
1353
1198
1479
1950
2380
3088
3756
4474
4586
4127
3301
2481
2199
2372
2868
3294
3456
3231
2536
1570
404
-444
-756
-405
300
979
1496
1472
970
-19
-934
-1383
-1057
-291
468
953
1086
893
405
-250
-1005
-1482
-1624
-1392
-959
-663
-704
-1106
-1706
-2342
-2692
-2609
-2103
-1371
-705
-223
-137
-292
-478
-495
-215
218
634
868
948
898
685
373
-81
-548
-930
-1197
-1371
-1511
-1843
-2332
-2937
-3446
-3713
-3711
-3572
-3351
-3047
-2673
-2138
-1534
-739
40
693
1129
1380
1573
1787
2096
2351
2661
3083
3579
4031
4250
4139
3795
3337
2880
2486
2318
2296
2107
1755
1125
412
-41
-309
-431
-484
-259
-23
168
166
-267
-631
-1051
-1276
-1412
-1144
-697
-226
40
-194
-477
-805
-1003
-1206
-1126
-892
-357
131
292
385
322
378
253
55
-96
-56
286
623
818
785
631
303
-54
-436
-829
-869
-868
-804
-599
-599
-813
-1164
-1593
-2033
-2155
-2209
-2127
-1939
-1775
-1587
-1511
-1622
-1767
-1724
-1680
-1339
-886
-498
51
509
755
900
898
821
991
1253
1554
1971
2218
2362
2313
2077
1723
1426
1132
911
799
594
442
232
-73
-275
-329
-400
-375
-303
-159
12
209
218
172
239
81
209
250
252
698
876
1083
1081
841
535
249
221
240
524
720
743
639
433
238
92
140
211
117
260
229
241
343
91
-139
-260
-286
-314
-150
-66
-76
80
-175
-389
-555
-886
-1029
-1187
-1182
-975
-609
-461
-562
-835
-1209
-1285
-1397
-1309
-933
-670
-433
-382
-569
-617
-618
-736
-777
-770
-707
-646
-553
-595
-627
-749
-957
-962
-799
-555
-327
-200
-242
-220
-198
-116
-55
201
590
817
1017
953
811
813
924
1046
1311
1531
1477
1497
1368
1295
1386
1521
1352
1194
1084
856
961
892
674
465
332
96
190
76
-50
-163
-432
-332
-153
208
433
606
452
148
114
11
29
402
489
732
892
650
452
322
192
94
193
100
185
353
217
364
77
-258
-397
-899
-960
-1041
-1108
-1290
-1515
-1868
-2148
-1935
-2171
-2054
-2092
-2227
-2076
-1921
-1789
-1705
-1442
-1489
-1216
-1116
-936
-583
-417
-163
-240
-125
-208
145
273
444
879
905
1299
1259
1227
1143
1081
1051
1007
1268
1188
1348
1280
1065
1083
907
959
821
826
542
562
610
576
773
469
488
229
280
256
384
397
376
501
429
696
740
783
663
570
601
560
917
1162
1280
1492
1117
1022
822
713
550
177
48
4
-8
-124
-403
-935
-1138
-1520
-1614
-1711
-1805
-1599
-1761
-1766
-1912
-1973
-2094
-1864
-1992
-1869
-1566
-1503
-909
-951
-697
-685
-589
-421
-319
-62
-36
163
216
333
200
247
101
-42
-62
1
28
-44
-55
-4
129
-15
135
-168
35
98
85
406
375
608
676
754
743
636
843
917
955
999
1131
1188
1337
1189
1183
1175
1138
1060
1037
976
833
791
590
656
537
771
364
424
148
-68
44
-205
-57
-193
-112
-268
-350
-442
-630
-556
-623
-433
-536
-579
-450
-811
-478
-677
-825
-503
-704
-507
-341
-402
-253
-380
-571
-535
-691
-585
-334
-429
-102
-122
-288
-120
-573
-561
-626
-609
-381
-351
-300
-298
-520
-653
-628
-722
-561
-575
-390
-220
-272
-24
-75
-36
262
152
338
661
572
1057
1045
963
1245
1040
1187
1186
1071
1164
1021
1154
1055
871
668
590
536
283
371
255
333
138
134
-113
-210
-105
-411
-236
-368
-227
-201
-218
-352
-485
-436
-452
-232
-232
-137
94
66
28
13
-96
-171
-127
-202
-213
-154
-276
-300
-390
-425
-446
-427
-495
-436
-659
-558
-655
-587
-478
-792
-428
-666
-439
-422
-641
-353
-559
-482
-351
-278
45
36
136
180
160
332
324
322
479
419
596
523
437
287
259
382
274
373
141
260
174
244
262
137
378
113
328
196
229
352
323
442
340
555
526
520
520
441
648
388
452
540
277
483
209
249
89
28
16
-168
150
-345
-174
-290
-499
-277
-544
-262
-426
-58
-220
-185
-401
-642
-612
-594
-362
-435
-179
-420
-303
-505
-573
-618
-782
-471
-493
-252
-179
-47
-154
-215
-305
-268
25
28
393
412
223
398
258
265
283
127
139
18
90
98
3
-4
-137
-110
-137
-348
-57
-148
-249
-142
-73
-11
57
52
110
414
244
499
627
345
741
438
602
425
501
554
581
717
442
561
230
317
96
162
164
179
141
52
76
-119
-129
-248
-251
-232
-299
-121
-60
-186
-145
-279
-280
-428
-316
-449
-308
-109
-190
133
-111
-90
-336
-475
-395
-395
-260
-152
-162
-73
-72
-140
-289
-356
-409
-445
-309
-403
-247
-70
16
-209
-163
-208
-231
-223
-218
-55
-12
145
145
114
9
190
241
275
171
253
378
210
376
295
181
266
249
328
61
303
201
248
325
124
236
131
141
94
123
5
133
178
164
173
66
58
-58
146
103
190
194
174
208
228
269
129
92
162
158
311
252
484
313
349
364
79
142
32
-107
-151
-119
-196
-331
-289
-568
-616
-697
-754
-662
-583
-606
-521
-559
-644
-703
-424
-705
-500
-435
-470
-275
-299
-1
-242
-24
-74
28
252
305
495
358
325
137
278
354
345
530
389
430
291
249
268
198
132
118
51
4
91
34
-51
-68
-280
-218
-235
-157
-186
-240
-126
-108
32
7
81
53
115
250
258
260
402
498
471
530
436
488
470
421
539
360
427
403
314
290
32
-14
-98
-174
-320
-184
-378
-370
-395
-507
-528
-628
-538
-659
-592
-475
-459
-356
-262
-361
-350
-346
-367
-227
-218
14
81
84
18
122
103
-66
221
81
61
169
114
25
206
55
-82
176
-184
-12
204
43
168
283
19
-87
-89
-90
-233
52
128
53
348
215
245
115
15
-25
4
151
250
328
331
389
297
161
224
237
244
242
198
280
74
218
162
92
129
107
-44
49
-22
-267
-84
-181
-152
-139
-225
-320
-166
-362
-255
-358
-231
-380
-211
-241
-243
-172
-325
-162
-299
-108
-172
138
25
132
90
-92
-21
-120
29
-94
184
20
275
383
93
380
-92
188
-184
-85
-200
-322
-61
-375
-3
-274
-43
-89
-34
-168
33
-35
-51
173
125
185
239
164
52
321
146
509
321
389
365
283
321
148
188
60
140
21
-2
60
5
-73
-141
-208
-248
-301
-247
-293
-214
-298
-184
-227
-239
-190
-228
-19
-108
53
87
194
-18
178
23
186
238
94
236
114
31
-102
30
-109
83
-28
78
38
140
76
-18
-45
-322
-63
-275
-26
106
-59
89
33
-40
-98
-20
-226
-172
-96
-305
4
-69
-30
58
-3
-84
-6
55
-157
13
-35
84
173
321
179
229
333
23
405
-58
239
136
-82
386
-106
319
-188
103
-69
-208
83
-312
56
-276
15
-227
-181
-71
-295
82
-259
28
-12
-147
124
-103
-13
71
-59
169
49
89
182
105
165
162
48
150
11
26
59
96
84
7
94
-104
34
-111
-47
-98
-39
-89
-126
-164
-127
-278
-161
-86
-243
-37
-126
-88
-111
-102
-30
-158
-93
22
-39
68
60
76
-19
24
42
16
120
46
77
-31
157
-63
89
145
-32
101
95
62
51
105
-89
60
-30
149
-22
270
-30
67
134
-89
232
-172
188
-218
131
-47
-18
148
-168
151
-94
48
-88
34
-51
-71
-30
-81
147
-93
33
-63
-41
14
4
96
9
151
-11
62
-69
-63
-93
51
-63
116
71
34
137
-52
36
-161
-22
-142
-20
56
-53
81
-105
-114
-188
-94
-274
-75
-150
-92
-101
-111
31
-267
4
-176
-95
-18
-79
-17
87
-62
106
88
31
107
172
92
159
160
247
324
49
389
105
184
137
178
80
143
187
218
172
32
20
42
-42
-68
-79
-128
-53
-244
-6
-323
-74
-228
-325
-143
-387
-22
-241
-13
-75
31
-36
13
43
-119
106
-72
230
28
146
77
173
88
40
116
42
2
-33
36
-59
52
-74
-37
-19
-184
-194
-190
-185
-168
-34
-112
-91
-174
13
-241
-16
-100
-77
77
4
46
129
32
18
124
-40
195
85
198
138
298
132
121
210
-3
140
120
224
148
275
95
183
42
-59
-5
-45
9
-148
61
-78
157
-30
-171
-63
-224
-225
-69
-48
-36
-2
39
-128
-102
-61
-324
81
-254
11
144
9
259
-27
158
-199
71
-131
-39
66
-114
244
-114
126
-77
26
-69
-230
-53
-210
-78
-141
-1
-68
8
-128
16
-131
-144
70
-154
63
-131
88
-2
32
156
40
117
99
33
29
26
-35
102
85
142
198
126
97
21
-41
-26
-87
73
119
42
134
192
-77
73
-155
-4
-59
-80
37
99
224
31
81
-135
35
-106
14
-12
91
113
40
98
40
-53
-110
4
-139
111
-12
88
58
25
-25
-5
22
-289
34
-179
-49
-92
-161
84
-376
119
-363
-43
-106
-329
200
-415
273
-228
37
39
-185
313
-270
312
-70
204
107
173
272
84
409
-140
378
-50
19
209
-138
229
-15
154
-101
31
-136
-287
-6
-364
39
-235
-18
-186
-21
-205
-24
-38
-270
135
-104
131
-31
226
-88
185
127
-170
347
-198
175
-17
173
42
50
190
-140
293
-156
155
-95
6
-86
75
-26
-85
138
-244
91
-212
-33
-147
-20
-122
6
78
-131
25
-85
-42
-95
82
-78
99
19
46
39
29
-14
72
75
43
222
57
190
50
125
-11
89
75
-56
82
7
-22
-50
28
-134
-42
-119
-175
-43
-91
-49
-120
-2
-269
-63
-80
-226
10
-245
148
-102
112
-8
144
-172
119
-29
-62
203
-132
441
-106
169
202
-19
131
71
108
-75
207
-143
86
-8
-134
163
-186
145
-69
56
57
-165
80
-164
-106
-5
-35
-30
48
126
-5
177
-76
109
19
-111
162
-98
40
54
6
38
-20
17
9
-50
10
-89
-60
-112
100
-45
47
1
-8
18
-96
110
-104
-6
24
7
-7
34
-35
16
-59
-46
114
-60
1
-50
86
-87
6
-97
-98
-116
-103
-42
-66
33
-59
-12
-113
-75
-138
-24
-65
-76
4
28
35
-42
40
98
-31
73
90
104
66
120
134
55
145
83
67
84
77
140
66
145
18
168
-44
68
100
-104
101
-5
9
-75
19
-102
-3
-152
-124
22
-44
-105
-3
-73
-160
-30
-99
-100
5
-17
-139
147
-94
24
63
-50
-13
115
9
39
99
-45
137
13
-20
30
-17
-8
-83
-12
5
-73
76
-55
-74
-76
-126
17
-129
-43
-50
-39
-12
-58
-28
-82
2
-108
11
7
-20
96
-59
10
49
-16
48
146
45
109
115
29
128
27
-8
117
-21
56
119
65
83
53
82
-15
26
-7
61
-160
38
0
-65
48
-103
69
-63
-35
16
-21
-20
6
-26
18
-95
11
-21
-27
26
65
-7
45
27
11
24
-30
37
-50
-63
6
-73
-41
-50
-66
-36
-82
-24
-90
-15
-60
-33
-24
-76
19
-84
59
-11
12
42
36
-14
64
40
3
53
25
82
6
37
61
58
-20
15
101
-79
60
-59
42
27
-38
99
-66
-7
58
14
16
-32
39
-50
-36
-27
25
-31
-89
103
-36
43
76
-29
-4
36
-31
28
-18
18
58
-3
76
-9
-11
-18
-33
-74
34
-126
108
-84
-33
54
-104
-21
-52
-20
-94
-32
-40
21
-59
-11
-17
46
22
-36
110
-94
88
-26
22
46
-50
103
-53
22
-3
45
-41
0
-29
-47
-43
-12
-43
-7
27
-35
15
-8
4
-7
-31
28
9
63
8
83
-40
109
-91
179
-88
-11
59
-29
138
-100
89
-36
17
9
-13
10
9
12
41
66
-72
25
-7
-46
78
15
43
-4
18
18
-8
76
-10
-46
9
-20
46
-94
35
-75
73
-54
61
18
-65
40
-81
27
-150
42
-45
13
46
-47
16
-14
36
-105
98
-93
0
42
-66
27
17
-27
10
-25
-77
-9
-40
0
-20
3
-38
-13
-6
-28
-49
9
-7
15
49
-43
105
-24
25
-16
58
-41
10
77
-21
41
15
61
-62
27
-8
-5
26
-43
135
-72
-51
100
-131
27
-66
10
4
19
-53
144
-97
43
42
-37
33
-7
61
-1
-33
-27
107
-57
38
85
-105
44
-62
59
-11
-21
-16
12
13
-45
67
-125
48
-45
-34
28
-43
18
-29
8
5
-19
43
-50
46
0
40
-53
49
9
-7
40
5
72
-27
-9
70
-42
-2
-17
0
-19
-41
24
-6
7
-78
59
-58
-65
82
-152
88
-52
-9
47
-1
16
-48
104
-75
47
-22
14
25
-26
-18
43
-22
7
71
40
-2
85
-19
-39
-1
-50
13
32
-30
26
-23
28
-68
35
-33
-73
69
-100
103
-45
22
-36
-13
-28
-1
61
-83
106
-88
92
59
-26
22
-23
6
-86
111
-56
48
50
-54
88
-61
60
-13
-10
-4
-9
1
3
-45
54
-1
-43
38
-49
5
-93
39
-56
-55
-4
-30
-2
-61
30
-62
-3
-2
-58
90
-27
-5
66
-36
101
-107
147
-8
-22
87
-28
96
-52
61
-52
83
-52
-23
93
-92
113
-71
27
-69
55
-18
-18
54
-111
95
-88
12
-37
65
-57
45
-20
29
28
-53
50
-90
61
-80
-2
41
-15
-17
43
-51
2
-34
-18
-12
-38
36
24
33
-5
22
-13
32
-38
19
0
16
18
27
36
3
10
13
-31
13
-17
6
9
-47
4
-41
-4
-11
1
-43
6
-11
-24
8
26
-9
-1
7
3
8
-15
22
-33
31
-6
7
20
-39
34
-25
37
-2
65
-20
13
19
5
9
-22
30
-21
41
-2
24
-22
30
-4
-13
20
-43
26
7
-20
-7
-5
-5
-22
9
-30
-11
35
-37
50
3
-7
23
-45
10
-17
18
-10
18
-20
-3
29
-72
22
-13
-42
17
-18
-58
20
-50
40
-29
-36
30
-54
51
-40
-2
19
-14
-12
-1
33
-46
25
22
-9
14
31
7
-23
31
-10
2
16
14
25
-34
26
-2
41
45
-63
89
-10
-8
-18
61
-60
-13
21
39
2
23
0
12
-26
-39
36
-29
-29
49
-24
3
12
-19
-13
11
-20
-20
65
-28
-13
38
-14
-1
-2
-5
1
-46
42
1
22
-35
25
-14
-27
3
1
-5
-34
28
-24
-5
41
-40
4
11
-1
-16
7
27
-19
48
-35
9
-12
-26
-1
6
2
-1
38
-13
2
6
-30
34
-27
16
7
-4
2
-11
15
-49
45
-21
16
2
-18
28
-17
10
-4
-2
-21
19
10
-25
5
5
-19
-4
22
-33
26
12
-38
28
-8
-11
4
3
-16
47
-29
26
30
-44
38
-24
19
-21
25
-18
11
-20
-1
-19
-13
18
-25
14
19
26
-29
42
-15
-11
-6
-35
27
8
-19
24
39
-10
1
15
-1
-25
-12
-8
3
-6
5
27
-18
-5
14
-13
-31
5
-29
-9
37
-27
11
19
-12
8
-6
8
-17
12
-4
2
23
-5
11
23
-18
14
-2
1
3
-7
-5
-7
-5
-3
11
-21
10
12
-35
12
-9
-18
29
-31
-3
16
-7
9
4
-11
0
3
4
-5
13
-14
35
-12
-1
9
-13
16
-28
21
-2
-11
0
11
0
-30
23
-19
-19
21
-15
19
-8
8
8
-10
0
13
-7
32
5
2
27
-11
13
-5
12
4
14
-1
12
16
-24
7
5
-9
-6
8
-8
-1
-4
2
-3
-4
7
-28
13
-23
12
-14
-23
19
-26
18
2
-2
4
1
-12
6
1
-9
5
2
0
6
-2
6
14
6
2
9
-5
15
-18
-1
-9
-7
-8
-14
-9
-5
-11
-11
-10
-22
-4
-11
-15
-18
-3
-14
5
8
-10
13
-8
4
15
7
6
18
-2
9
9
5
27
6
15
4
20
12
7
3
10
-1
-8
21
-5
6
9
4
4
8
9
-6
19
-24
-2
3
-15
-2
-7
-9
-17
-10
-13
-13
0
-12
-6
-3
-1
6
-2
7
-14
5
-9
2
6
4
7
4
14
-10
18
-8
7
4
3
1
3
8
-11
13
-8
-1
-5
-4
-4
-7
-8
-4
-1
-13
3
0
-3
-2
1
2
1
2
7
11
1
14
8
9
4
3
6
0
3
5
-7
4
-5
-4
3
-4
1
-2
-4
2
-4
-4
-2
-4
-7
11
-5
3
-1
-9
5
-8
-2
-1
3
-8
8
-5
0
-11
2
-7
-5
4
1
1
-1
-1
-4
-3
-3
-3
-5
-1
3
1
-1
4
-2
-4
4
-2
-3
2
-4
-2
3
-4
0
0
1
2
11
7
6
9
4
9
0
7
-2
7
2
10
7
7
7
1
5
1
-2
1
-6
-1
-2
0
0
-7
2
-12
1
-6
-7
-4
-7
-4
1
-5
-3
-1
-6
-2
-2
-3
-5
-3
-5
0
-3
1
0
-3
-2
6
-4
3
1
0
4
1
3
-1
5
-3
0
4
-6
7
-5
-1
2
-6
3
-4
-1
1
8
0
11
1
8
2
6
3
2
1
6
2
3
6
-2
1
-2
-2
-2
-4
-2
-6
-3
-1
0
-5
0
-5
-6
1
-7
1
-5
2
2
1
9
2
8
2
10
4
7
3
4
2
3
4
0
5
-3
9
-3
6
1
-3
2
-5
1
-7
-3
-9
-2
-8
-2
-3
-6
1
-7
-1
-1
-6
-3
-4
-5
-2
-3
-2
0
-3
1
1
-1
1
-1
-1
0
-1
1
1
-2
2
-1
-2
0
-1
-4
-1
1
-1
2
1
0
2
1
1
0
0
1
-1
1
2
0
3
2
1
3
3
0
2
-1
1
2
0
2
0
1
1
-2
-1
-1
-2
-1
0
-2
0
-1
0
0
2
-1
1
-1
0
3
-1
3
-1
2
-1
1
2
-1
4
0
3
0
2
2
-2
3
-1
1
1
0
-1
1
0
-1
0
-3
0
-3
-1
-1
-2
0
-3
3
-3
2
-1
-1
3
-3
4
-3
2
2
0
3
-1
4
-1
1
2
-2
4
-2
1
-2
0
-1
-1
-2
0
-1
1
-1
1
0
0
0
0
1
-2
2
-1
0
-2
1
-1
1
0
1
0
-1
1
0
0
0
0
-1
0
0
0
0
0
1
1
0
2
1
1
0
1
-1
2
-2
1
0
1
-1
1
-2
1
-2
0
-1
0
0
0
0
0
0
-1
1
-1
0
-1
1
-1
2
-2
2
0
1
1
0
1
-1
2
-2
1
-2
1
-1
1
-1
0
0
-1
1
-2
1
-2
0
-1
1
0
-1
1
-1
2
-1
0
0
-1
1
-1
1
0
1
0
1
0
0
1
-1
1
-1
1
-1
-1
0
0
1
-1
1
0
1
0
0
0
0
0
1
0
0
-1
0
0
1
0
0
1
-1
0
-1
0
0
0
0
0
0
1
0
0
0
1
-1
0
0
1
0
0
0
0
0
0
0
0
0
1
0
0
0
0
-1
0
0
0
0
0
1
0
0
-1
1
-1
0
1
0
0
0
0
0
0
1
-1
0
0
0
0
0
0
-1
0
-1
0
-1
0
0
0
0
1
-1
0
0
0
0
1
1
1
0
0
0
0
0
-1
-1
0
0
0
0
0
0
-1
0
0
0
0
0
0
-1
0
-1
0
0
0
0
1
0
0
1
0
0
0
0
0
0
0
0
0
1
0
0
0
0
1
0
-1
0
0
0
0
-1
0
0
0
0
-1
-1
0
0
0
1
0
0
1
0
-1
1
0
0
-1
0
0
1
0
0
0
0
0
0
1
-1
0
0
0
0
0
0
0
1
1
0
0
0
0
0
0
1
0
1
0
0
0
1
0
0
0
-1
1
1
0
-1
0
0
0
0
0
0
0
0
0
0
0
1
0
0
0
0
0
0
0
-1
0
1
0
0
-1
0
0
0
0
0
0
1
0
0
0
0
0
0
0
0
0
0
0
0
0
0
0
0
-1
0
-1
0
0
0
0
0
-1
0
0
0
0
0
0
0
0
0
0
0
0
0
0
-1
0
0
1
0
0
0
0
0
0
0
0
0
0
0
0
0
-1
0
0
0
0
0
1
-1
0
0
0
0
0
0
0
1
0
0
0
0
0
-1
0
0
0
0
0
0
0
0
0
0
-1
-1
-1
-1
0
-1
0
0
0
0
0
0
-1
-1
0
-1
0
0
0
-1
0
0
0
0
0
0
0
1
0
0
0
0
0
0
0
0
0
0
1
1
0
0
0
0
0
0
0
0
0
0
0
1
0
0
0
0
0
1
1
0
0
0
0
0
-1
0
0
0
0
-1
0
1
0
0
1
0
0
0
1
0
0
1
0
1
1
0
0
0
-1
0
0
0
0
0
0
1
0
1
1
-1
0
0
0
0
0
0
0
0
0
0
0
1
0
0
1
0
0
0
1
0
0
0
-1
0
0
0
0
0
0
0
0
0
-1
1
0
0
0
-1
-1
0
0
0
0
0
0
0
0
0
0
-1
0
1
0
0
0
-1
0
0
0
-1
0
1
0
0
0
0
-1
0
-1
-1
1
0
0
0
1
0
0
0
0
0
1
0
0
1
1
0
1
-1
0
0
0
0
0
0
0
0
0
0
0
0
0
0
0
0
0
0
0
0
0
0
0
0
0
0
0
0
-1
1
0
1
0
0
1
0
0
0
0
0
0
-1
0
0
0
0
1
1
0
0
0
0
0
0
0
1
0
0
1
-1
-1
0
0
0
0
0
0
0
0
0
0
0
0
0
0
0
1
0
0
0
1
1
0
-1
-1
0
0
0
-1
0
0
0
0
0
-1
0
0
0
0
-1
0
0
0
0
0
0
0
0
0
0
0
0
0
0
-1
0
0
0
0
0
0
0
0
0
1
0
-1
0
0
0
-1
0
0
0
-1
0
0
0
0
0
0
0
0
0
0
0
0
0
0
0
0
0
0
0
0
0
0
0
0
0
0
0
-1
0
0
0
0
0
1
0
0
0
1
1
0
-1
0
-1
1
1
-1
0
0
0
0
0
0
1
0
0
0
1
0
0
0
0
0
-1
0
0
0
-1
0
0
0
0
0
0
0
-1
-1
0
0
0
0
0
0
0
0
0
0
0
0
0
0
1
0
1
-1
0
0
0
0
0
1
-1
0
1
-1
1
0
0
0
0
0
0
-1
0
0
0
-1
0
-1
0
0
0
0
0
-1
0
0
1
0
0
0
-1
0
0
0
0
0
-1
0
0
-1
-1
0
0
0
0
0
1
0
0
1
0
0
-1
0
0
0
0
0
0
0
0
0
1
0
1
0
0
1
-1
1
0
0
0
0
0
0
0
0
-1
0
-1
0
0
0
-1
0
0
0
0
1
0
0
0
0
0
0
1
0
1
0
0
0
0
0
0
1
0
0
0
1
1
0
0
0
0
0
0
0
0
-1
1
0
0
0
0
0
0
0
1
0
0
-1
0
0
0
-1
-1
0
0
1
0
-1
0
0
0
0
0
0
-1
-1
0
0
-1
1
0
1
0
0
0
0
0
0
1
0
0
0
-1
0
0
0
0
0
1
-1
0
0
0
0
0
0
0
0
0
1
0
0
0
0
0
0
-1
0
0
-1
0
0
-1
0
0
0
0
0
0
0
0
1
0
0
-1
1
0
0
-1
-1
0
0
0
1
-1
0
0
0
-1
1
0
0
0
1
-1
0
0
0
0
0
0
0
0
0
0
0
-1
0
0
0
0
0
0
0
0
0
0
1
-1
0
0
-1
1
0
0
0
0
0
0
0
0
0
0
0
0
0
0
-1
0
0
0
0
0
0
0
-1
0
0
0
-1
0
0
-1
-1
0
0
0
0
0
1
1
-1
0
-1
0
0
0
0
0
0
0
0
1
0
0
0
0
-1
1
0
0
1
0
0
0
0
0
1
1
0
0
0
0
0
-1
0
-1
1
0
1
0
0
1
0
0
1
0
0
0
1
-1
-1
1
0
0
0
-1
0
0
1
0
0
0
0
0
0
-1
0
0
0
-1
0
0
1
1
-1
0
0
0
0
0
0
0
0
0
-1
1
0
0
1
0
0
0
0
1
-1
0
0
0
0
-1
1
0
0
-1
0
0
0
0
0
-1
0
-1
1
0
0
1
0
0
0
0
0
0
0
0
-1
0
0
0
1
0
1
0
0
0
0
-1
0
0
1
1
0
0
0
-1
-1
0
0
0
-1
0
0
1
0
1
0
0
1
0
0
1
0
0
0
0
0
0
0
0
0
0
0
-1
1
0
0
0
0
0
0
0
0
0
0
-1
0
-1
0
0
0
0
0
-1
0
0
0
1
0
0
0
0
0
0
0
0
0
-1
1
1
-1
0
0
0
0
0
0
0
0
0
0
0
0
0
-1
0
0
0
0
0
0
0
0
-1
0
0
0
0
-1
0
-1
0
0
0
0
0
-1
0
0
-1
0
0
0
1
0
0
0
0
0
0
1
0
0
0
0
0
1
0
0
0
1
1
0
0
0
0
0
0
0
0
1
1
1
0
0
-1
0
0
0
-1
-1
0
0
0
0
0
0
0
0
0
0
0
0
0
0
0
0
0
0
0
0
0
1
1
1
0
-1
0
0
0
0
0
0
1
-1
-1
0
0
0
0
0
1
0
-1
0
0
0
0
0
0
0
0
-1
0
0
0
0
1
0
0
0
0
0
-1
1
1
0
0
0
0
1
0
0
0
0
0
0
0
0
0
0
0
0
1
0
0
0
0
0
0
1
0
0
0
0
0
0
0
0
0
0
1
0
-1
0
0
0
0
-1
0
0
0
0
0
0
-1
0
0
-1
0
0
0
-1
1
0
0
0
0
0
0
0
0
0
0
0
0
0
-1
0
-1
0
0
0
0
0
0
0
0
0
1
0
0
0
0
0
0
0
0
0
0
0
1
0
0
0
0
0
0
0
0
0
-1
0
0
1
0
0
0
0
0
0
0
1
0
0
0
0
0
0
-1
0
1
0
0
0
0
0
0
0
0
-1
0
0
0
0
0
0
0
0
1
0
-1
0
1
0
0
-1
0
0
0
0
-1
0
0
0
0
1
0
0
0
0
0
0
0
0
-1
0
0
0
0
0
0
0
0
0
1
0
0
0
0
0
1
0
0
1
0
1
-1
0
0
0
0
0
0
0
0
-1
0
-1
-1
0
0
0
0
0
0
0
0
0
0
-1
0
-1
0
0
0
0
0
0
-1
0
0
0
0
0
0
0
0
0
0
0
0
0
0
0
0
0
1
1
0
-1
0
0
0
0
0
0
0
0
0
0
0
0
0
0
0
0
1
0
0
0
0
0
1
0
0
0
0
0
0
0
-1
-1
0
0
0
0
0
-1
-1
0
0
0
-1
1
0
0
-1
0
0
0
0
0
0
0
0
0
0
0
0
0
0
0
0
1
0
0
-1
0
0
0
0
0
0
1
0
0
-1
-1
0
0
0
0
-1
0
0
0
0
0
1
0
0
1
0
1
0
0
0
0
0
0
-1
0
0
0
0
0
0
1
0
0
0
0
0
0
-1
-1
0
-1
0
0
0
0
0
0
0
0
0
0
0
0
0
0
-1
0
0
0
0
1
0
0
0
0
0
0
0
0
0
0
-1
1
-1
0
0
0
0
0
0
0
0
1
0
1
0
0
0
1
-1
0
0
0
0
0
0
0
0
0
0
-1
0
0
0
0
1
1
0
1
0
0
0
0
0
0
0
0
0
0
-1
-1
-1
-1
0
0
0
0
0
-1
0
0
0
0
0
-1
0
-1
0
1
0
0
1
0
0
-1
0
-1
0
0
0
-1
0
1
-1
0
0
0
0
-1
0
1
0
-1
1
1
0
1
-1
0
0
1
0
0
-1
1
0
0
1
0
0
0
0
1
0
0
0
0
1
0
-1
0
-1
0
1
0
1
-1
0
1
0
0
0
0
0
-1
0
0
0
0
0
0
0
0
0
0
-1
0
1
0
1
0
-1
0
0
1
0
0
0
0
0
0
-1
0
-1
0
0
0
0
0
0
0
1
0
1
0
0
0
0
0
-1
0
0
0
0
0
-1
0
0
0
0
0
0
1
0
0
0
0
1
0
0
0
0
0
0
0
0
0
-1
0
1
0
0
0
0
0
0
0
0
0
0
0
0
0
0
0
-1
1
0
0
0
-1
0
0
0
1
0
0
0
-1
0
0
0
0
1
1
0
1
0
0
-1
0
-1
0
0
0
0
0
0
0
0
0
0
0
0
0
1
0
0
0
0
0
0
0
0
0
0
0
0
0
0
0
0
0
0
1
0
0
0
1
0
0
0
0
0
0
0
0
1
1
0
0
1
0
0
0
0
0
1
0
0
-1
1
0
-1
-1
0
0
0
0
0
1
0
1
0
0
0
1
0
-1
0
-1
0
0
-1
0
0
0
-1
0
0
0
0
0
0
0
0
1
-1
0
0
0
0
-1
0
0
0
0
0
1
0
0
0
0
0
0
0
0
1
1
0
0
0
0
0
0
0
0
0
1
0
-1
0
0
0
0
0
0
0
0
0
0
1
0
1
1
1
0
0
0
0
0
0
0
0
0
0
0
0
-1
0
0
0
-1
0
-1
0
0
0
0
0
0
0
-1
1
0
1
0
0
0
0
1
1
0
-1
0
1
-1
0
0
0
0
0
0
0
0
0
0
0
0
0
1
-1
0
0
0
0
0
0
0
-1
0
-1
0
0
0
0
0
-1
0
1
0
0
0
1
0
0
0
0
0
0
0
0
0
0
0
0
0
0
1
0
1
0
-1
-1
-1
0
0
0
0
0
0
0
-1
0
0
1
-1
0
1
0
0
0
0
0
0
0
-1
0
0
0
0
0
0
0
0
0
0
0
0
0
0
0
0
0
0
0
0
0
0
1
0
1
0
0
0
1
0
0
-1
1
0
-1
0
0
-1
0
0
0
0
-1
0
0
0
0
1
0
0
0
1
0
0
1
-1
0
0
0
0
0
0
-1
0
1
0
0
0
1
-1
0
0
0
